#Human readable time. Time (s) since start. Lakeshore temperature sensor 218 T1,3,5,6,8 and 224 C2,C3,C4,C5,D2,D3,D5,A,B
2016-11-22 10:18:32.757000 0.001 3.476 48.986 33.656 51.14 4.136 3.9035 3.5732 27.8218 26.7349 8.7407 8.9688 4.091 8.3191 8.7283 7.877 -1 9.8718
2016-11-22 10:19:33.508000 60.752 3.554 48.983 33.516 51.138 4.134 3.8884 3.5706 27.8189 26.7386 8.8298 8.9673 4.0895 8.4446 8.8739 7.876 1.16168142356 10.0501
2016-11-22 10:20:33.938000 121.182 3.75 48.982 33.136 51.135 1.0 14.4543 5.0865 24.9685 24.015 8.9347 9.0361 5.2786 8.564 9.048 8.221 1.14933138021 10.2138
2016-11-22 10:21:34.357000 181.601 3.994 48.978 33.461 51.133 6.064 18.6453 6.0749 22.2908 22.0873 9.0936 9.2879 6.1709 8.682 8.5482 8.75 1.16064767091 10.3765
2016-11-22 10:22:34.792000 242.036 4.19 48.994 33.447 51.149 6.528 21.423 6.5813 19.8533 20.3839 9.3493 9.6699 6.6696 8.7912 7.9263 9.165 1.14551059731 10.5115
2016-11-22 10:23:35.250000 302.494 4.51 49.032 34.085 51.189 6.641 24.7202 6.6847 17.744 18.8208 9.6406 10.0925 6.7802 8.8947 7.6232 9.387 1.14933138021 10.6208
2016-11-22 10:24:35.771000 363.015 4.569 49.083 34.38 51.233 6.411 29.3448 6.4106 16.0563 17.4561 9.919 10.4782 6.5303 8.9986 7.3218 9.388 1.15444515502 10.7239
2016-11-22 10:25:36.312000 423.556 4.177 49.132 34.133 51.279 6.152 33.4188 6.1308 14.9205 16.3974 10.1632 10.8172 6.2476 9.0947 6.9537 9.262 1.14742098876 10.822
2016-11-22 10:26:36.890000 484.134 4.008 49.168 33.767 51.313 5.285 36.2356 6.0404 14.3489 15.7223 10.3728 11.1119 6.1365 9.187 6.6836 9.156 1.15444515502 10.9164
2016-11-22 10:27:37.497000 544.741 3.994 49.191 34.252 51.334 5.953 38.4836 6.0728 14.2111 15.4051 10.56 11.3758 6.1461 9.2786 6.5508 9.116 1.14742098876 10.9968
2016-11-22 10:28:38.171000 605.415 4.292 49.209 34.205 51.353 6.107 40.411 6.1545 14.3381 15.3477 10.7391 11.5956 6.2116 9.3674 6.5035 9.126 1.15444515502 11.0764
2016-11-22 10:29:38.856000 666.101 4.117 49.225 33.933 51.37 5.463 42.1235 6.2597 14.599 15.4541 10.9068 11.7775 6.3049 9.4576 6.501 9.166 1.14551059731 11.1413
2016-11-22 10:30:39.611000 726.855 4.081 49.246 34.095 51.392 6.283 43.6495 6.3764 14.9139 15.6475 11.065 11.962 6.4121 9.5405 6.525 9.225 1.14933138021 11.1962
2016-11-22 10:31:40.362000 787.606 4.524 49.271 34.397 51.415 6.249 45.0395 6.501 15.2482 15.8776 11.2179 12.1773 6.5306 9.6244 6.5702 9.293 1.15961391826 11.2372
2016-11-22 10:32:41.167000 848.411 4.307 49.291 33.639 51.437 5.899 46.3415 6.6306 15.5637 16.1163 11.3577 12.3907 6.6554 9.7043 6.6396 9.369 1.15134389708 11.264
2016-11-22 10:33:42.016000 909.26 4.275 49.318 34.461 51.46 5.586 46.9715 6.6041 15.7843 16.2898 11.4177 12.5225 6.6498 9.7808 6.5917 9.412 1.15547890767 11.2688
2016-11-22 10:34:42.866000 970.11 4.314 49.344 34.25 51.487 4.468 47.0769 6.5165 15.7242 16.2692 11.3668 12.557 6.581 9.8456 6.5054 9.406 1.14742098876 11.2712
2016-11-22 10:35:43.785000 1031.029 4.147 49.367 33.896 51.512 6.259 47.3204 6.3648 15.3834 16.0443 11.2648 12.5296 6.4414 9.9044 6.3731 9.355 1.15031014443 11.2711
2016-11-22 10:36:44.751000 1091.995 4.35 49.39 34.291 51.531 6.16 47.7344 6.1788 14.8472 15.6768 11.1339 12.4615 6.2579 9.9628 6.2018 9.265 1.15237764973 11.2856
2016-11-22 10:37:45.697000 1152.941 4.015 49.407 33.737 51.549 5.15 48.2437 5.9896 14.234 15.2152 10.9846 12.3673 6.0675 10.0185 6.003 9.154 1.14551059731 11.3151
2016-11-22 10:38:46.741000 1213.985 4.142 49.421 34.365 51.563 2.902 48.7628 5.8179 13.6225 14.7075 10.8306 12.2542 5.8987 10.066 5.814 9.044 1.14551059731 11.3592
2016-11-22 10:39:47.777000 1275.022 3.925 49.429 33.602 51.57 5.695 49.2651 5.6823 13.0505 14.2047 10.6685 12.1301 5.7603 10.1089 5.6461 8.944 1.15651266032 11.4126
2016-11-22 10:40:48.886000 1336.13 3.956 49.432 34.397 51.576 1.0 49.7531 5.5872 12.5475 13.7315 10.5027 12.0004 5.6492 10.1528 5.5029 8.86 1.15237764973 11.4621
2016-11-22 10:41:50.047000 1397.291 3.758 49.432 33.558 51.576 5.505 50.2341 5.5325 12.1205 13.303 10.346 11.8761 5.5594 10.1944 5.3848 8.791 1.15237764973 11.5125
2016-11-22 10:42:51.189000 1458.433 4.067 49.429 33.806 51.575 5.108 50.709 5.5154 11.7649 12.9287 10.1942 11.7537 5.4877 10.2333 5.2862 8.734 1.15858016562 11.5685
2016-11-22 10:43:52.369000 1519.613 3.7 49.427 34.17 51.574 5.346 50.8803 5.4837 11.4269 12.5715 10.0246 11.6152 5.3925 10.2707 5.1539 8.678 1.15651266032 11.6246
2016-11-22 10:44:53.583000 1580.827 3.692 49.423 33.671 51.571 1.0 50.724 5.4716 10.9776 12.1515 9.8312 11.4542 5.2806 10.3096 5.0411 8.613 1.15341140238 11.6742
2016-11-22 10:45:54.844000 1642.088 3.872 49.416 34.123 51.565 1.0 50.5206 5.5318 10.4293 11.651 9.6368 11.2891 5.1963 10.3446 4.9396 8.55 1.16064767091 11.7177
2016-11-22 10:46:56.193000 1703.437 3.644 49.41 34.264 51.559 5.056 50.2964 5.6512 9.8245 11.105 9.448 11.1175 5.1132 10.3808 4.8419 8.495 1.14551059731 11.7548
2016-11-22 10:47:57.522000 1764.766 3.745 49.4 33.492 51.552 4.98 50.0767 5.7934 9.2047 10.531 9.2696 10.9484 5.0346 10.4129 4.7481 8.45 1.15444515502 11.7892
2016-11-22 10:48:58.918000 1826.162 3.825 49.389 33.85 51.539 4.38 49.8572 5.9248 8.6083 9.947 9.104 10.7893 4.9599 10.443 4.6574 8.407 1.15134389708 11.8219
2016-11-22 10:50:00.351000 1887.595 3.68 49.381 34.216 51.532 4.831 49.6516 6.0265 8.0441 9.3587 8.9504 10.6323 4.8906 10.4778 4.5752 8.367 1.14455540158 11.8516
2016-11-22 10:51:01.794000 1949.038 3.546 49.37 33.998 51.521 4.836 49.8532 26.5611 7.6295 8.8974 8.8225 10.4938 4.9408 9.6009 4.5942 8.36 1.15547890767 11.879
2016-11-22 10:52:03.264000 2010.508 3.642 49.357 33.39 51.509 2.46 50.5629 35.5434 7.5774 8.7033 8.7514 10.4067 5.0162 6.6378 4.6616 8.386 1.14646579304 11.8574
2016-11-22 10:53:04.770000 2072.014 3.862 49.346 33.634 51.503 4.998 51.3248 41.0037 7.798 8.7708 8.7425 10.369 5.0568 5.5235 4.7088 8.412 1.15961391826 11.7561
2016-11-22 10:54:06.315000 2133.559 3.818 49.341 33.987 51.495 1.0 51.7545 45.8739 8.0693 8.9397 8.7665 10.3606 5.0398 5.2203 4.7001 8.418 1.15547890767 11.648
2016-11-22 10:55:07.885000 2195.129 3.583 49.335 34.118 51.489 1.0 51.8006 50.3921 8.1591 9.0176 8.8054 10.3665 5.0063 5.0468 4.6685 8.408 1.15341140238 11.5322
2016-11-22 10:56:09.509000 2256.753 3.563 49.328 33.759 51.479 3.722 51.7302 52.2415 8.0966 8.9947 8.8122 10.3569 4.9344 4.8593 4.615 8.38 1.14646579304 11.4196
2016-11-22 10:57:11.143000 2318.387 3.617 49.319 33.365 51.474 1.0 51.6155 52.4169 7.8976 8.8583 8.7638 10.3106 4.8734 4.7587 4.5633 8.348 1.15858016562 11.3138
2016-11-22 10:58:12.847000 2380.091 3.546 49.312 33.517 51.465 4.695 51.5044 52.2422 7.6086 8.6314 8.6924 10.2419 4.8118 4.6928 4.5165 8.315 1.14933138021 11.2079
2016-11-22 10:59:14.599000 2441.843 3.634 49.303 33.39 51.457 1.0 51.401 52.0364 7.287 8.3508 8.6124 10.161 4.7713 4.6355 4.4727 8.288 1.15754641297 11.0997
2016-11-22 11:00:16.340000 2503.584 3.561 49.296 33.334 51.451 1.0 51.2943 51.8152 6.9701 8.048 8.5301 10.0758 4.7342 4.5877 4.4314 8.265 1.14933138021 11.0032
2016-11-22 11:01:18.142000 2565.386 3.75 49.287 33.642 51.441 3.396 51.2072 51.5982 6.6707 7.7415 8.4488 9.9886 4.6997 4.5484 4.3925 8.244 1.15031014443 10.9018
2016-11-22 11:02:19.954000 2627.198 3.699 49.276 33.423 51.434 4.129 51.1205 51.3784 6.4016 7.4455 8.3712 9.905 4.6693 4.508 4.3597 8.226 1.15754641297 10.8088
2016-11-22 11:03:21.858000 2689.102 3.536 49.268 33.306 51.423 1.0 51.0377 51.1533 6.1665 7.1692 8.297 9.8231 4.6435 4.4728 4.3286 8.209 1.15961391826 10.7124
2016-11-22 11:04:23.768000 2751.012 3.516 49.257 33.729 51.414 1.0 50.9587 50.943 5.9646 6.916 8.2284 9.7457 4.6192 4.4406 4.2998 8.195 1.15961391826 10.6314
2016-11-22 11:05:25.672000 2812.916 3.698 49.25 33.499 51.406 1.0 50.8803 50.7254 5.7809 6.6923 8.1661 9.6752 4.5975 4.4125 4.2725 8.182 1.14933138021 10.5494
2016-11-22 11:06:27.694000 2874.938 3.606 49.239 33.347 51.395 1.0 50.8161 50.5043 5.6195 6.4958 8.109 9.6096 4.5777 4.3809 4.2466 8.17 1.15961391826 10.4685
2016-11-22 11:07:29.725000 2936.969 3.523 49.232 33.273 51.39 2.222 50.7493 50.2949 5.4785 6.3227 8.0569 9.5487 4.5594 4.3559 4.2235 8.158 1.14837618449 10.3899
2016-11-22 11:08:31.758000 2999.002 3.486 49.222 33.374 51.381 3.709 50.6815 50.0827 5.3579 6.1739 8.0095 9.493 4.5426 4.3312 4.2012 8.148 1.14742098876 10.3171
