#Human readable time. Time (s) since start. Lakeshore temperature sensor 218 T1,3,5,6,8 and 224 C2,C3,C4,C5,D2,D3,D5,A,B
2016-10-18 22:00:37.496000 0.0 3.453 49.835 34.126 52.169 4.116 4.938 3.6271 3.8535 4.5394 6.8888 5.9425 3.9685 8.248 8.361 7.994 -1 10.5106
2016-10-18 22:01:38.246000 60.75 3.534 49.833 33.817 52.168 4.115 4.9534 3.6312 3.853 4.5013 6.9488 5.9431 3.9673 8.284 8.4361 7.994 6.01519051364 10.5361
2016-10-18 22:02:38.606000 121.11 3.429 49.834 33.356 52.167 4.114 4.9677 3.6345 3.852 4.4729 7.0065 5.9435 3.9667 8.3216 8.5096 7.993 5.7333422952 10.5592
2016-10-18 22:03:39.006000 181.51 3.359 49.834 33.631 52.168 4.207 16.7547 3.6618 4.0672 4.5891 7.0739 5.9737 4.083 8.3586 8.5918 8.01 5.94254947774 10.5872
2016-10-18 22:04:39.426000 241.93 3.526 49.831 33.366 52.166 4.652 22.4605 3.8884 5.1722 5.5115 7.0892 6.2241 4.5827 8.3891 6.8066 8.17 5.84767191847 10.6156
2016-10-18 22:05:39.886000 302.39 3.565 49.834 33.903 52.165 4.969 27.1984 4.3717 6.5447 6.734 7.1741 6.6892 4.9219 8.4104 5.9296 8.36 5.96626886755 10.6496
2016-10-18 22:06:40.396000 362.9 3.695 49.841 34.244 52.173 5.192 31.5227 4.998 7.953 8.0892 7.2947 7.2557 5.1708 8.4273 5.7906 8.51 5.75563456734 10.6912
2016-10-18 22:07:40.936000 423.44 3.81 49.855 34.054 52.187 5.257 34.6418 5.6963 9.2843 9.398 7.4786 7.8487 5.3609 8.4518 5.8243 8.646 5.66646547876 10.7369
2016-10-18 22:08:41.486000 483.99 3.786 49.872 33.725 52.203 5.515 37.1856 6.3714 10.4609 10.5518 7.7037 8.425 5.5199 8.4746 5.8874 8.76 5.77792683949 10.7928
2016-10-18 22:09:42.067000 544.571 3.814 49.89 34.252 52.221 5.641 39.4227 6.9937 11.4605 11.5453 7.9437 8.9604 5.6579 8.5063 5.9555 8.857 5.77792683949 10.8513
2016-10-18 22:10:42.667000 605.171 3.988 49.91 34.382 52.239 5.766 41.4247 7.019 12.3367 12.294 8.185 9.4452 5.7938 8.5403 6.024 8.947 5.96626886755 10.9078
2016-10-18 22:11:43.307000 665.811 4.221 49.931 34.163 52.258 5.888 43.202 6.0788 13.1025 13.0712 8.4146 9.8825 5.9269 8.5756 6.0922 9.034 5.77792683949 10.967
2016-10-18 22:12:44.027000 726.531 4.262 49.952 33.757 52.277 6.014 44.7977 6.092 13.7732 13.8445 8.63 10.2637 6.0638 8.6065 6.1607 9.119 5.68875775091 11.026
2016-10-18 22:13:44.777000 787.281 4.029 49.974 34.429 52.3 6.146 46.2439 6.2226 14.3586 14.4884 8.8312 10.5954 6.2074 8.6402 6.2365 9.207 5.96626886755 11.0835
2016-10-18 22:14:45.527000 848.031 4.355 50.001 34.377 52.322 6.289 47.5757 6.3905 14.8716 15.0423 9.0161 10.8878 6.3635 8.6732 6.3285 9.3 6.17290235563 11.148
2016-10-18 22:15:46.347000 908.851 4.126 50.026 33.937 52.346 6.345 48.3398 6.465 15.2764 15.4733 9.1152 11.0673 6.4174 8.7082 6.3412 9.37 5.84767191847 11.2089
2016-10-18 22:16:47.187000 969.691 4.389 50.055 34.4 52.372 6.336 48.4881 6.4648 15.3633 15.6427 9.0778 11.0769 6.4031 8.7392 6.3074 9.397 5.8951106981 11.2573
2016-10-18 22:17:48.037000 1030.541 4.453 50.082 34.018 52.399 6.258 48.7079 6.374 15.1335 15.5686 8.9837 10.9826 6.314 8.7621 6.2352 9.38 6.27804358362 11.3028
2016-10-18 22:18:48.957000 1091.461 4.014 50.106 34.461 52.42 6.13 49.099 6.2194 14.6911 15.3086 8.86 10.8285 6.1701 8.7815 6.1102 9.323 6.14661704863 11.3418
2016-10-18 22:19:49.897000 1152.401 4.269 50.129 33.906 52.442 5.981 49.5871 6.0464 14.1422 14.9323 8.7141 10.6317 6.0097 8.7964 5.9548 9.24 6.12033174163 11.3734
2016-10-18 22:20:50.878000 1213.382 3.901 50.143 34.525 52.457 5.839 50.092 5.8822 13.5756 14.5027 8.5542 10.414 5.8547 8.8113 5.7899 9.148 6.22547296963 11.416
2016-10-18 22:21:51.908000 1274.412 4.09 50.158 33.827 52.472 5.564 50.5962 5.7487 13.0345 14.0628 8.3863 10.1931 5.7235 8.8208 5.6381 9.06 5.98998825737 11.448
2016-10-18 22:22:52.958000 1335.462 3.798 50.169 34.623 52.484 5.581 50.8408 5.6052 12.5194 13.6137 8.1897 9.9436 5.5742 8.831 5.4556 8.973 5.91883008792 11.4767
2016-10-18 22:23:54.068000 1396.572 3.737 50.172 33.797 52.489 5.446 50.6905 5.4963 11.9242 13.1009 7.9526 9.6509 5.4354 8.8379 5.2787 8.884 6.22547296963 11.5099
2016-10-18 22:24:55.218000 1457.722 3.963 50.178 34.226 52.494 5.341 50.4623 5.4644 11.2553 12.5097 7.7037 9.3437 5.3169 8.8446 5.1207 8.802 6.22547296963 11.5377
2016-10-18 22:25:56.358000 1518.862 3.686 50.178 33.758 52.494 5.143 50.2192 5.5085 10.5435 11.8796 7.4619 9.0338 5.1974 8.849 5.0082 8.724 6.27804358362 11.5632
2016-10-18 22:26:57.538000 1580.042 3.824 50.176 34.483 52.498 5.148 49.9834 5.6343 9.8348 11.2331 7.234 8.7367 5.1066 8.8522 4.9043 8.661 6.22547296963 11.5825
2016-10-18 22:27:58.768000 1641.272 3.604 50.171 34.355 52.489 5.056 49.7464 5.7794 9.1484 10.583 7.0206 8.457 5.0219 8.8577 4.8075 8.606 6.01519051364 11.6043
2016-10-18 22:29:00.098000 1702.602 3.785 50.168 33.833 52.489 5.028 49.7832 5.9243 8.5593 9.9792 6.8383 8.2111 4.9792 8.8583 4.749 8.566 6.17290235563 11.6226
2016-10-18 22:30:01.388000 1763.892 3.823 50.16 34.112 52.48 4.949 50.2495 6.0645 8.2709 9.5555 6.7004 8.0271 4.9511 8.8645 4.7144 8.541 6.14661704863 11.6441
2016-10-18 22:31:02.738000 1825.242 3.675 50.155 34.407 52.476 4.979 50.7975 6.1861 8.2506 9.3692 6.5966 7.8983 4.9274 8.8686 4.6862 8.523 5.8951106981 11.6605
2016-10-18 22:32:04.088000 1886.592 3.697 50.148 33.625 52.468 4.917 51.1289 6.2726 8.3208 9.3001 6.498 7.7816 4.8688 8.8713 4.629 8.499 5.96626886755 11.6793
2016-10-18 22:33:05.509000 1948.013 3.811 50.141 34.006 52.464 4.935 51.1243 26.6256 8.227 9.1692 6.3888 7.65 4.8826 8.3005 4.6038 8.486 6.22547296963 11.6916
2016-10-18 22:34:06.959000 2009.463 3.68 50.135 34.371 52.458 4.963 51.1767 35.4225 8.0147 8.9636 6.3191 7.5481 4.9134 6.2534 4.6174 8.495 6.30432889062 11.6873
2016-10-18 22:35:08.429000 2070.933 3.557 50.128 34.227 52.452 4.962 51.2075 40.8883 7.7711 8.7378 6.3014 7.4979 4.9105 5.3817 4.6148 8.5 6.19918766263 11.6667
2016-10-18 22:36:09.929000 2132.433 3.582 50.123 33.757 52.447 4.941 51.1881 45.6883 7.5538 8.5372 6.3281 7.502 4.8877 5.0581 4.597 8.494 5.8951106981 11.6381
2016-10-18 22:37:11.469000 2193.973 3.684 50.118 33.597 52.443 4.896 51.1267 50.2156 7.3938 8.3934 6.3907 7.5549 4.8546 4.8872 4.5688 8.481 6.19918766263 11.607
2016-10-18 22:38:13.009000 2255.513 3.787 50.114 33.968 52.438 4.728 51.0266 52.3909 7.2673 8.2822 6.4188 7.5928 4.7892 4.7112 4.5214 8.455 6.33061419762 11.5824
2016-10-18 22:39:14.629000 2317.133 3.655 50.108 34.314 52.432 4.798 50.9065 52.6309 7.0872 8.1267 6.3746 7.5575 4.733 4.6162 4.4721 8.426 6.22547296963 11.5495
2016-10-18 22:40:16.279000 2378.783 3.71 50.1 34.235 52.426 4.74 50.7985 52.4773 6.8572 7.9137 6.3007 7.4747 4.6805 4.5548 4.4299 8.397 5.94254947774 11.521
2016-10-18 22:41:17.949000 2440.453 3.503 50.093 34.284 52.418 4.695 50.6849 52.2652 6.6108 7.6686 6.2178 7.3678 4.6448 4.5086 4.3901 8.375 6.30432889062 11.4917
2016-10-18 22:42:19.649000 2502.153 3.486 50.085 33.837 52.413 4.69 50.5968 52.0516 6.376 7.4141 6.1334 7.2542 4.6133 4.4672 4.3536 8.356 5.94254947774 11.4557
2016-10-18 22:43:21.389000 2563.893 3.468 50.077 34.138 52.407 4.662 50.503 51.8302 6.1625 7.1658 6.0505 7.1399 4.583 4.4304 4.3224 8.339 6.06776112764 11.4235
2016-10-18 22:44:23.159000 2625.663 3.485 50.073 33.68 52.4 4.559 50.4273 51.61 5.9699 6.9313 5.9703 7.0317 4.5562 4.3922 4.2917 8.323 6.22547296963 11.3948
2016-10-18 22:45:24.970000 2687.474 3.476 50.065 33.76 52.393 4.616 50.351 51.3917 5.7905 6.7161 5.8922 6.9312 4.5324 4.3591 4.2644 8.309 6.06776112764 11.3593
2016-10-18 22:46:26.810000 2749.314 3.569 50.058 33.496 52.386 4.597 50.2779 51.1678 5.6299 6.5234 5.821 6.8408 4.5115 4.331 4.2384 8.297 6.19918766263 11.324
2016-10-18 22:47:28.670000 2811.174 3.489 50.051 33.542 52.379 4.58 50.2086 50.9557 5.4896 6.3533 5.7563 6.76 4.4925 4.3062 4.2133 8.286 6.25175827662 11.2968
2016-10-18 22:48:30.590000 2873.094 3.512 50.045 33.472 52.373 4.564 50.1428 50.7401 5.367 6.2038 5.6976 6.6889 4.4751 4.2821 4.1909 8.275 5.8951106981 11.2585
2016-10-18 22:49:32.520000 2935.024 3.469 50.039 33.758 52.37 4.549 50.0806 50.515 5.2584 6.0718 5.6455 6.6261 4.4585 4.2615 4.1691 8.266 6.06776112764 11.2264
2016-10-18 22:50:34.480000 2996.984 3.637 50.033 33.554 52.364 4.536 50.0207 50.3117 5.1634 5.9515 5.5993 6.5713 4.4439 4.2367 4.1484 8.257 6.06776112764 11.1952
2016-10-18 22:51:36.500000 3059.004 3.514 50.03 33.455 52.358 4.523 49.9571 50.0985 5.0818 5.8437 5.558 6.5237 4.4302 4.2187 4.1302 8.249 6.19918766263 11.1625
2016-10-18 22:52:38.540000 3121.044 3.441 50.021 33.52 52.351 4.512 49.9089 49.8771 5.0112 5.7484 5.5221 6.4821 4.4179 4.2004 4.112 8.242 6.01519051364 11.1255
2016-10-18 22:53:40.580000 3183.084 3.85 50.015 33.651 52.342 6.006 49.2839 49.6796 17.1692 6.0229 5.4942 6.5035 6.2059 4.2735 4.2018 8.508 5.87139130828 11.0947
2016-10-18 22:54:42.710000 3245.214 5.298 49.998 34.201 52.328 8.353 44.5736 49.7501 21.0427 7.7684 5.5749 7.2596 8.6302 4.3089 4.1352 10.025 5.82395252865 11.0673
2016-10-18 22:55:44.830000 3307.334 5.559 50.012 34.731 52.351 8.697 41.2053 50.059 23.2869 8.6366 5.6258 7.9511 8.9667 4.2352 4.0397 10.754 6.09404643464 11.0349
2016-10-18 22:56:46.981000 3369.485 5.691 50.112 34.806 52.445 8.639 38.5818 50.3771 24.8241 8.9781 5.6268 8.4096 8.8875 4.1199 3.9199 11.012 5.8951106981 11.0048
2016-10-18 22:57:49.201000 3431.705 5.074 50.225 34.574 52.545 8.462 36.2074 50.3741 25.9908 9.0797 5.5971 8.6907 8.6856 3.9697 3.7863 11.039 5.91883008792 10.9731
2016-10-18 22:58:51.441000 3493.945 4.94 50.321 34.779 52.632 8.258 33.9413 50.1324 26.848 9.0413 5.5436 8.8515 8.4457 3.816 3.6364 10.954 6.17290235563 10.9448
2016-10-18 22:59:53.691000 3556.195 5.237 50.4 34.901 52.703 8.027 31.5886 49.8465 27.4145 8.9215 5.4719 8.9235 8.196 3.6489 3.4682 10.816 6.14661704863 10.9124
2016-10-18 23:00:56.001000 3618.505 5.202 50.465 34.895 52.761 7.786 29.0154 49.5544 27.7903 8.7458 5.3852 8.932 7.9381 3.4648 3.2906 10.648 6.06776112764 10.8781
2016-10-18 23:01:58.361000 3680.865 4.716 50.514 34.355 52.812 7.545 26.4367 49.5488 28.07 8.5401 5.2873 8.8943 7.6797 3.2785 3.1079 10.472 6.01519051364 10.8473
2016-10-18 23:03:00.721000 3743.225 4.624 50.555 34.528 52.851 7.32 24.225 49.7123 28.3603 8.3195 5.1849 8.8223 7.4288 3.0401 2.9335 10.309 5.84767191847 10.8067
2016-10-18 23:04:03.131000 3805.635 4.727 50.588 34.984 52.883 7.095 22.4948 49.8917 28.5465 8.0891 5.0774 8.7245 7.1875 2.8999 2.763 10.143 5.77792683949 10.7751
2016-10-18 23:05:05.571000 3868.075 4.523 50.616 34.287 52.914 6.879 21.091 50.0428 28.6502 7.8569 4.9682 8.6095 6.9587 2.7323 2.5952 9.98 0.179804227026 10.7362
2016-10-18 23:06:08.051000 3930.555 4.233 50.642 34.932 52.938 6.672 19.7999 50.2674 28.712 7.6272 4.8833 8.4806 6.7352 2.6086 2.4106 9.821 5.98998825737 10.7041
2016-10-18 23:07:10.571000 3993.075 4.554 50.664 34.553 52.962 6.474 18.6322 50.1483 28.744 7.4012 4.8259 8.3451 6.5224 2.4466 2.235 9.67 5.87139130828 10.6595
2016-10-18 23:08:13.111000 4055.615 4.08 50.678 34.49 52.972 6.296 17.732 49.7792 28.743 7.1828 4.7475 8.2029 6.332 2.2804 2.1084 9.526 5.91883008792 10.634
2016-10-18 23:09:15.702000 4118.206 4.245 50.684 34.872 52.982 6.148 16.8783 49.4211 28.7265 6.9861 4.6469 8.0638 6.1737 2.1406 1.995 9.413 6.04147582064 10.5974
2016-10-18 23:10:18.302000 4180.806 3.945 50.685 34.119 52.986 6.009 15.98 49.4256 28.6934 6.8072 4.5372 7.929 6.0246 2.0145 1.8667 9.314 6.06776112764 10.5602
2016-10-18 23:11:20.952000 4243.456 4.188 50.686 34.664 52.988 5.87 15.0551 49.677 28.6445 6.6433 4.4361 7.798 5.8748 1.8725 1.7292 9.217 5.91883008792 10.5247
2016-10-18 23:12:23.692000 4306.196 3.892 50.681 34.121 52.986 5.726 14.1021 49.9703 28.5892 6.4908 4.3407 7.6724 5.7209 1.7187 1.5853 9.121 5.64417320662 10.4963
2016-10-18 23:13:26.412000 4368.916 4.113 50.677 34.345 52.982 5.583 13.1657 50.2787 28.5154 6.3431 20.7387 7.5485 5.5672 1.5577 1.44 9.024 5.94254947774 10.4594
2016-10-18 23:14:29.182000 4431.686 3.739 50.664 34.225 52.972 5.438 12.251 50.254 28.4424 6.1972 25.5973 7.4236 5.411 1.403 1.3039 8.926 5.96626886755 10.4178
2016-10-18 23:15:32.062000 4494.566 3.915 50.652 34.052 52.96 5.294 11.3238 50.0033 28.3633 6.0492 29.0144 7.3006 5.2572 1.307 1.1782 8.828 5.62188093447 10.383
2016-10-18 23:16:34.932000 4557.436 3.796 50.637 34.629 52.947 4.901 10.5297 49.8564 28.2932 5.8855 31.0758 7.1766 5.0914 1.5007 1.2037 8.724 5.87139130828 1.6716
2016-10-18 23:17:37.792000 4620.296 3.575 50.619 33.836 52.931 5.057 9.9104 49.8973 28.2303 5.7583 32.542 7.0624 5.0013 1.3499 1.159 8.653 5.80023313883 1.4556
2016-10-18 23:18:40.722000 4683.226 3.804 50.598 34.284 52.915 4.959 9.2147 50.2441 28.1662 5.6488 29.5656 6.9591 4.8966 1.2662 1.1243 8.587 5.64417320662 1.3641
2016-10-18 23:19:43.652000 4746.156 3.559 50.576 34.588 52.895 4.777 8.5122 50.6246 28.1021 5.5499 27.8213 6.8637 4.7965 1.2195 1.1038 8.525 5.37289507248 1.3106
2016-10-18 23:20:46.663000 4809.167 3.508 50.558 34.005 52.875 4.776 7.853 50.6516 28.0398 5.4563 27.1422 6.7741 4.7011 1.1904 1.0921 8.469 5.41245100237 1.2747
2016-10-18 23:21:49.683000 4872.187 3.723 50.537 33.957 52.858 4.698 7.2921 50.4304 27.9944 5.3615 26.8282 6.6901 4.6154 1.1717 1.0847 8.419 5.3535521368 1.2499
2016-10-18 23:22:52.773000 4935.277 3.7 50.512 34.501 52.836 4.633 6.8571 50.1833 27.9685 5.274 26.6928 6.6122 4.5462 1.1588 1.0797 8.377 5.09111884178 1.2326
2016-10-18 23:23:55.863000 4998.367 3.549 50.49 34.447 52.814 4.584 6.5384 49.9323 27.9471 5.1999 26.6361 6.5431 4.4938 1.1493 1.0762 8.342 4.693585063 1.2206
2016-10-18 23:24:58.973000 5061.477 3.441 50.464 33.908 52.792 4.547 6.3057 49.683 27.9339 5.1381 26.6151 6.4826 4.4548 1.1418 1.0734 8.315 4.77051320422 1.2112
2016-10-18 23:26:02.113000 5124.617 3.619 50.44 33.749 52.768 4.524 6.1401 49.8033 27.9173 5.0924 26.6136 6.4306 4.4292 1.1373 1.0718 8.295 4.3895834118 1.2046
2016-10-18 23:27:05.333000 5187.837 3.642 50.419 34.385 52.749 4.508 6.0185 50.1827 27.9108 5.0676 26.6173 6.3883 4.4131 1.1324 1.0701 8.282 4.31158936051 1.1978
2016-10-18 23:28:08.553000 5251.057 3.552 50.397 34.375 52.728 4.498 5.9197 50.5779 27.9077 5.0548 26.626 6.354 4.4019 1.1279 1.0683 8.272 4.31158936051 1.1916
2016-10-18 23:29:11.803000 5314.307 3.416 50.376 34.029 52.707 4.489 5.8392 50.6086 27.9093 5.045 26.6331 6.3255 4.3914 1.1228 1.0662 8.265 4.07621738308 1.1845
2016-10-18 23:30:15.133000 5377.637 3.413 50.354 34.059 52.689 4.479 5.7703 50.3859 27.9077 5.0279 26.6404 6.3 4.3807 1.1188 1.0646 8.258 3.96024267244 1.1788
2016-10-18 23:31:18.493000 5440.997 3.411 50.336 34.105 52.669 4.47 5.7133 50.1454 27.9066 5.0087 26.6476 6.2772 4.371 1.1154 1.0631 8.251 3.78896771976 1.1739
2016-10-18 23:32:21.844000 5504.348 3.411 50.317 33.529 52.652 4.464 5.6667 49.8917 27.9049 4.9912 26.6565 6.2569 4.3635 1.1126 1.062 8.245 3.6508030521 1.1697
2016-10-18 23:33:25.254000 5567.758 3.485 50.299 33.527 52.635 4.458 5.6276 49.6454 27.9034 4.9751 26.662 6.2388 4.3566 1.1101 1.0609 8.24 3.52128557844 1.1661
2016-10-18 23:34:28.724000 5631.228 3.476 50.281 33.513 52.617 4.455 5.5987 49.768 27.9013 4.9646 26.6678 6.2233 4.3545 1.1095 1.0609 8.236 3.50315329116 1.1646
2016-10-18 23:35:32.234000 5694.738 3.469 50.264 33.53 52.602 4.456 5.5769 50.1539 27.8981 4.9672 26.6744 6.2111 4.3553 1.1082 1.0604 8.234 3.35117713331 1.1625
2016-10-18 23:36:35.784000 5758.288 3.462 50.249 33.566 52.589 4.457 5.5588 50.5449 27.9017 4.975 26.6804 6.2017 4.3564 1.1069 1.0599 8.233 3.34305324575 1.1605
2016-10-18 23:37:39.324000 5821.828 3.418 50.237 33.666 52.577 4.456 5.5398 50.5832 27.9034 4.981 26.6851 6.1933 4.3552 1.1044 1.0586 8.232 3.1735536938 1.1573
2016-10-18 23:38:42.904000 5885.408 3.417 50.22 34.23 52.559 4.453 5.5209 50.3599 27.9031 4.9758 26.6891 6.1846 4.3514 1.1026 1.0579 8.229 3.20260418851 1.1551
2016-10-18 23:39:46.534000 5949.038 3.421 50.208 34.198 52.549 4.449 5.5043 50.1138 27.9034 4.9663 26.6948 6.1757 4.3473 1.1015 1.0575 8.226 3.08764291476 1.1535
2016-10-18 23:40:50.174000 6012.678 3.413 50.193 33.99 52.535 4.446 5.4897 49.86 27.8971 4.9563 26.6979 6.1672 4.3438 1.1006 1.0571 8.223 3.05368531111 1.1523
2016-10-18 23:41:53.864000 6076.368 3.411 50.183 33.977 52.522 4.442 5.476 49.601 27.9 4.9464 26.7074 6.1588 4.3394 1.0998 1.0568 8.22 3.01293618673 1.1511
2016-10-18 23:42:57.614000 6140.118 3.548 50.171 34.239 52.511 4.44 5.4647 49.3533 27.9003 16.7675 26.7089 6.1512 4.3373 1.0992 1.0564 8.217 2.98665357486 1.1503
2016-10-18 23:44:01.344000 6203.848 4.75 50.155 34.175 52.494 7.469 7.8364 29.1968 28.5028 19.4383 26.7159 6.8102 7.5757 1.0055 1.0267 9.623 3.03331074892 1.0669
2016-10-18 23:45:05.125000 6267.629 4.457 50.155 34.318 52.506 6.096 6.8853 13.2426 28.3046 21.0807 26.7083 7.114 6.084 0.5814 1.0088 9.523 2.96754397873 0.6752
2016-10-18 23:46:08.925000 6331.429 3.918 50.233 34.151 52.572 5.035 6.0811 6.5998 28.0609 21.9407 26.6325 6.9952 4.9544 0.4324 1.0142 8.956 2.96117411336 0.5465
2016-10-18 23:47:12.755000 6395.259 3.51 50.259 33.67 52.587 4.658 5.6982 5.3853 27.9734 22.6992 26.4892 6.787 4.5556 0.4119 1.0157 8.552 2.88571998984 0.532
2016-10-18 23:48:16.635000 6459.139 3.431 50.245 34.278 52.573 4.504 5.4757 5.0329 27.9416 23.3355 26.3153 6.6042 4.3942 0.4057 1.0155 8.358 2.84400609537 0.5267
2016-10-18 23:49:20.535000 6523.039 3.397 50.224 34.091 52.556 4.425 5.3328 4.892 27.9167 23.8627 26.1739 6.459 4.3143 0.4028 1.0152 8.262 2.86188347872 0.5241
2016-10-18 23:50:24.475000 6586.979 3.554 50.207 34.175 52.542 4.383 5.2333 4.8184 27.9024 24.3322 26.0764 6.3492 4.2719 0.4009 1.0148 8.211 2.88571998984 0.5224
2016-10-18 23:51:28.465000 6650.969 3.575 50.19 33.569 52.528 4.358 5.1627 4.7712 27.8916 24.7189 26.0162 6.2683 4.2465 0.3995 1.0148 8.184 2.81421045647 0.5211
2016-10-18 23:52:32.475000 6714.979 3.398 50.175 33.754 52.515 4.344 5.1122 4.7381 27.8846 24.9857 25.9846 6.2087 4.2313 0.3984 1.0146 8.168 2.78545607747 0.5201
2016-10-18 23:53:36.525000 6779.029 3.382 50.164 34.191 52.501 4.335 5.0731 4.7129 27.8776 25.3161 20.966 6.165 4.2221 0.3973 1.0143 8.158 2.82016958425 0.5189
2016-10-18 23:54:40.635000 6843.139 3.553 50.152 34.106 52.49 4.328 5.0417 4.6893 27.8736 25.5697 18.3138 6.1326 4.215 0.3962 1.0136 8.152 2.86188347872 0.5177
2016-10-18 23:55:44.755000 6907.259 3.376 50.141 33.923 52.48 4.322 5.0155 4.6683 27.8709 25.7639 16.9171 6.1075 4.2089 0.3952 1.0129 8.147 2.8678426065 0.5168
2016-10-18 23:56:48.936000 6971.44 3.502 50.131 34.23 52.467 4.315 4.8529 4.6451 27.8622 25.9223 16.1296 6.0885 4.2003 0.3948 1.1527 8.143 2.74652912542 0.5164
2016-10-18 23:57:53.166000 7035.67 3.596 50.118 33.653 52.457 4.295 4.6477 4.6132 27.8496 26.0558 15.541 6.0725 4.1756 0.3945 1.3144 8.133 2.76321210487 0.5165
2016-10-18 23:58:57.406000 7099.91 3.433 50.107 34.248 52.446 4.285 4.5755 4.5942 27.8414 26.1872 14.918 6.0566 4.1632 0.3941 1.3907 8.124 2.82016958425 0.5168
