#Human readable time. Time (s) since start. Lakeshore temperature sensor 218 T1,3,5,6,8 and 224 C2,C3,C4,C5,D2,D3,D5,A,B
2016-11-21 18:59:03.503000 0.001 3.339 49.118 33.747 51.295 4.143 3.7815 3.5857 27.8423 26.7629 12.3925 10.5106 4.1734 16.829 16.1221 7.906 -1 19.066
2016-11-21 19:00:04.441000 60.939 3.57 49.119 33.457 51.294 4.167 3.7819 3.5867 27.8438 26.7611 12.4042 10.5092 4.1737 16.8444 16.1481 7.906 1.15754641297 19.0768
2016-11-21 19:01:04.799000 121.297 3.737 49.118 33.638 51.292 5.242 14.47 5.1238 24.9808 24.0574 12.421 10.5594 5.351 16.8693 16.179 8.266 1.16995144474 19.0977
2016-11-21 19:02:05.222000 181.72 4.313 49.115 33.409 51.29 5.58 18.7448 6.1587 22.3366 22.1233 12.3994 10.7346 6.2874 16.8879 15.6178 8.799 1.16064767091 19.1142
2016-11-21 19:03:05.669000 242.167 4.331 49.134 33.461 51.311 6.725 21.5658 6.8013 19.8847 20.4118 12.4214 11.0432 6.9043 16.9161 13.7077 9.273 1.16271517621 19.0173
2016-11-21 19:04:06.153000 302.651 4.334 49.172 34.084 51.349 6.872 24.8665 6.9446 17.8002 18.8609 12.5483 11.3834 7.048 16.9202 10.8987 9.539 1.17305270269 18.7384
2016-11-21 19:05:06.654000 363.152 4.393 49.23 34.487 51.402 6.617 29.412 6.6202 16.1378 17.5225 12.6651 11.6688 6.7607 16.9204 8.6305 9.545 1.17098519739 18.1741
2016-11-21 19:06:07.192000 423.69 4.44 49.289 34.223 51.456 5.7 33.374 6.2712 15.0158 16.4677 12.7081 11.9046 6.4182 16.9135 7.5103 9.394 1.17512020798 17.5244
2016-11-21 19:07:07.816000 484.314 4.31 49.331 33.688 51.495 4.788 36.1357 6.1323 14.4276 15.7872 12.7044 12.1262 6.2601 16.9033 6.9906 9.259 1.15651266032 16.8691
2016-11-21 19:08:08.456000 544.954 4.044 49.358 34.34 51.52 6.062 38.3535 6.1378 14.2791 15.4639 12.6895 12.341 6.2422 16.8977 6.7497 9.195 1.17201895004 16.272
2016-11-21 19:09:09.100000 605.598 4.327 49.376 34.233 51.541 4.45 40.2517 6.2049 14.396 15.4011 12.6808 12.5485 6.2905 16.8812 6.6446 9.189 1.1668501868 15.7193
2016-11-21 19:10:09.816000 666.314 4.438 49.396 33.831 51.562 6.241 41.9261 6.3067 14.6503 15.504 12.6843 12.7551 6.3767 16.8645 6.6097 9.221 1.17098519739 15.2039
2016-11-21 19:11:10.573000 727.071 4.096 49.418 34.237 51.582 5.589 43.4493 6.4207 14.9585 15.6922 12.6999 12.9478 6.4795 16.8491 6.6178 9.274 1.16271517621 14.7377
2016-11-21 19:12:11.320000 787.818 4.371 49.441 34.425 51.603 6.384 44.8545 6.5481 15.2865 15.9152 12.7256 13.142 6.5949 16.8368 6.6538 9.339 1.1689176921 14.2934
2016-11-21 19:13:12.154000 848.652 4.256 49.465 33.744 51.628 6.556 46.1483 6.6859 15.6015 16.157 12.7589 13.3352 6.7194 16.8186 6.7193 9.414 1.16995144474 13.8851
2016-11-21 19:14:12.994000 909.492 4.486 49.488 34.491 51.652 6.678 47.3451 6.8309 15.8875 16.3906 12.7988 13.5261 6.8498 16.7965 6.8028 9.495 1.15961391826 13.501
2016-11-21 19:15:13.855000 970.353 4.66 49.515 34.149 51.68 6.694 47.9377 6.8257 16.0887 16.5481 12.7853 13.6511 6.8601 16.7693 6.7835 9.549 1.16581643415 13.1608
2016-11-21 19:16:14.789000 1031.287 4.236 49.545 34.2 51.708 6.642 48.0135 6.7404 16.0092 16.515 12.6843 13.6834 6.8004 16.7531 6.7133 9.551 1.1689176921 12.8722
2016-11-21 19:17:27.892000 1104.39 4.432 49.579 33.864 51.741 6.445 48.2873 6.5251 15.5609 16.211 12.5122 13.6478 6.6211 16.7186 6.5502 9.482 1.16374892886 12.6277
2016-11-21 19:18:28.847000 1165.345 4.089 49.603 34.399 51.766 5.977 48.7212 6.2961 14.975 15.8045 12.3547 13.5744 6.4168 16.6905 6.3525 9.383 1.15858016562 12.544
2016-11-21 19:19:29.911000 1226.409 4.395 49.619 34.048 51.781 5.033 49.2419 6.0756 14.333 15.3123 12.1852 13.4763 6.2066 16.6692 6.1374 9.26 1.15961391826 12.573
2016-11-21 19:20:30.988000 1287.486 3.925 49.633 34.34 51.798 5.306 49.7577 5.8798 13.6903 14.7811 12.0066 13.3666 6.0212 16.6519 5.9294 9.137 1.15547890767 12.6784
2016-11-21 19:21:32.092000 1348.59 3.906 49.643 33.864 51.807 5.62 50.2686 5.7234 13.1008 14.2633 11.8335 13.2486 5.8677 16.6236 5.7418 9.028 1.15237764973 12.8514
2016-11-21 19:22:33.371000 1409.869 4.09 49.646 34.322 51.811 3.619 50.7538 5.6094 12.5871 13.7803 11.6585 13.1265 5.7444 16.591 5.5887 8.934 1.17201895004 13.0485
2016-11-21 19:23:34.560000 1471.058 3.799 49.646 33.795 51.813 1.884 50.9331 5.4837 12.1127 13.3134 11.4708 12.9879 5.6071 16.5568 5.406 8.846 1.16168142356 13.2782
2016-11-21 19:24:35.786000 1532.284 3.936 49.646 33.719 51.812 1.0 50.7628 5.3942 11.5539 12.7943 11.2694 12.8363 5.4831 16.5348 5.2341 8.76 1.16271517621 13.5159
2016-11-21 19:25:37.055000 1593.553 3.972 49.641 34.385 51.81 1.0 50.5111 5.3715 10.9202 12.2162 11.0632 12.6746 5.3772 16.5117 5.0897 8.684 1.1668501868 13.7598
2016-11-21 19:26:38.319000 1654.817 3.647 49.635 33.966 51.806 4.872 50.2781 5.4105 10.2524 11.5992 10.8662 12.5102 5.2686 16.4942 4.9868 8.608 1.16995144474 13.9884
2016-11-21 19:27:39.653000 1716.151 3.688 49.629 33.559 51.797 4.791 50.0429 5.5198 9.5726 10.9699 10.681 12.3546 5.1894 16.4578 4.8863 8.548 1.16374892886 14.1967
2016-11-21 19:28:40.982000 1777.48 3.77 49.619 34.305 51.788 5.053 49.819 5.6498 8.9191 10.338 10.5027 12.203 5.1116 16.4388 4.7935 8.496 1.15858016562 14.3949
2016-11-21 19:29:42.383000 1838.881 3.567 49.609 34.043 51.782 1.0 49.5933 5.7701 8.3199 9.7132 10.3436 12.0557 5.0374 16.4151 4.7042 8.452 1.17201895004 14.573
2016-11-21 19:30:43.860000 1900.358 3.622 49.6 33.531 51.77 4.939 49.7181 5.8956 7.8517 9.1735 10.2009 11.9265 5.008 16.4003 4.6592 8.423 1.1689176921 14.7239
2016-11-21 19:31:45.298000 1961.796 3.831 49.586 33.682 51.761 4.982 50.279 26.3821 7.7139 8.8983 10.0875 11.8222 5.0481 15.7351 4.7042 8.422 1.15754641297 14.8932
2016-11-21 19:32:46.809000 2023.307 3.821 49.575 34.099 51.751 3.934 51.1065 35.8542 7.862 8.8844 10.018 11.7507 5.1341 12.2358 4.8099 8.449 1.16995144474 14.9774
2016-11-21 19:33:48.540000 2085.038 3.669 49.564 34.294 51.741 1.0 51.6539 41.2195 8.0968 8.9956 9.9847 11.7057 5.191 7.029 4.843 8.484 1.15754641297 14.9146
2016-11-21 19:34:50.119000 2146.617 3.611 49.556 33.899 51.732 1.213 51.7431 45.854 8.1585 9.0264 9.9746 11.6754 5.1656 5.5665 4.8119 8.491 1.16788393945 14.7621
2016-11-21 19:35:51.722000 2208.22 3.595 49.551 33.488 51.727 2.457 51.6814 50.3129 8.0941 8.9854 9.9881 11.6601 5.1189 5.2471 4.7705 8.476 1.1668501868 14.5955
2016-11-21 19:36:53.377000 2269.875 3.589 49.542 33.696 51.72 2.117 51.5733 52.1582 7.9581 8.8948 9.9835 11.6354 5.0291 5.0123 4.71 8.44 1.17408645534 14.4333
2016-11-21 19:37:55.046000 2331.544 3.667 49.535 33.463 51.715 4.91 51.4368 52.328 7.7292 8.7219 9.9365 11.5866 4.9631 4.8811 4.6537 8.402 1.15961391826 14.275
2016-11-21 19:38:56.743000 2393.241 3.596 49.527 33.834 51.704 4.568 51.3147 52.1657 7.4409 8.4815 9.8698 11.5252 4.9127 4.8166 4.6019 8.371 1.16788393945 14.1249
2016-11-21 19:39:58.473000 2454.971 3.787 49.515 33.662 51.693 1.0 51.1946 51.9529 7.1341 8.2026 9.7944 11.4583 4.869 4.7559 4.5569 8.344 1.1668501868 13.9725
2016-11-21 19:41:00.212000 2516.71 3.7 49.507 34.104 51.685 4.233 51.0832 51.7252 6.834 7.9108 9.7184 11.3901 4.8299 4.707 4.5138 8.32 1.15754641297 13.8258
2016-11-21 19:42:02.057000 2578.555 3.726 49.498 33.905 51.675 4.537 50.9785 51.5113 6.5569 7.6136 9.6441 11.3205 4.795 4.6585 4.473 8.299 1.1668501868 13.6919
2016-11-21 19:43:03.894000 2640.392 3.751 49.486 33.63 51.667 4.715 50.8778 51.2929 6.3117 7.3338 9.5721 11.252 4.7639 4.6195 4.4345 8.28 1.15961391826 13.5535
2016-11-21 19:44:05.777000 2702.275 3.598 49.477 33.406 51.656 2.521 50.7925 51.0751 6.0988 7.0742 9.5039 11.1847 4.7357 4.576 4.3988 8.263 1.15858016562 13.4135
2016-11-21 19:45:07.717000 2764.215 3.519 49.468 33.722 51.649 1.0 50.7066 50.8605 5.9097 6.8392 9.4415 11.1197 4.7103 4.5437 4.3671 8.247 1.1668501868 13.294
2016-11-21 19:46:09.633000 2826.131 3.689 49.46 33.464 51.636 4.65 50.6213 50.6363 5.7392 6.6304 9.3834 11.0581 4.6876 4.5094 4.338 8.233 1.16168142356 13.1677
2016-11-21 19:47:11.618000 2888.116 3.555 49.449 33.347 51.629 1.0 50.5551 50.4252 5.588 6.4465 9.3294 11.0 4.6661 4.4823 4.3111 8.22 1.1689176921 13.0498
2016-11-21 19:48:13.652000 2950.15 3.511 49.438 33.368 51.618 1.0 50.4844 50.2123 5.4579 6.2848 9.28 10.9484 4.6462 4.4573 4.2869 8.208 1.15754641297 12.9321
2016-11-21 19:49:15.728000 3012.227 3.519 49.429 33.616 51.612 4.2 50.4096 49.9966 5.3443 6.1448 9.2349 10.9008 4.6284 4.4323 4.2637 8.197 1.17098519739 12.823
2016-11-21 19:50:17.789000 3074.287 3.619 49.421 34.059 51.602 2.496 50.3533 49.7849 5.2445 6.0211 9.1951 10.8564 4.6112 4.4048 4.2423 8.187 1.1647826815 12.7122
2016-11-21 19:51:19.914000 3136.412 4.284 49.412 33.732 51.594 6.345 49.4583 49.918 17.6436 6.3425 9.1634 10.8492 6.5824 4.5244 4.3487 8.578 1.15754641297 12.6164
2016-11-21 19:52:22.039000 3198.537 5.537 49.391 33.566 51.576 8.378 45.1318 50.2413 21.2907 7.9657 9.2195 11.2443 8.6981 4.653 4.4635 10.024 1.15651266032 12.5194
2016-11-21 19:53:24.193000 3260.691 5.544 49.411 33.985 51.603 8.716 41.9742 50.6108 23.5046 8.7708 9.2857 11.5457 9.037 4.7251 4.4489 10.72 1.1668501868 12.4271
2016-11-21 19:54:26.428000 3322.926 5.146 49.516 34.871 51.703 8.531 39.3804 50.6521 24.9566 9.1098 9.3752 11.7479 8.9887 4.6971 4.3469 10.977 1.15961391826 12.339
2016-11-21 19:55:28.675000 3385.173 5.15 49.632 35.022 51.807 8.514 37.0756 50.4424 26.1565 9.2122 9.4593 11.8765 8.817 4.5785 4.2091 11.01 1.16064767091 12.254
2016-11-21 19:56:30.981000 3447.479 5.61 49.73 34.573 51.9 8.335 34.902 50.1953 26.9705 9.1792 9.4746 11.9518 8.5895 4.4323 4.0647 10.933 1.16788393945 12.1793
2016-11-21 19:57:33.327000 3509.825 4.909 49.808 34.367 51.973 8.027 32.7875 49.9307 27.5339 9.0656 9.4528 11.9943 8.3556 4.2757 3.9133 10.803 1.17098519739 12.0995
2016-11-21 19:58:35.667000 3572.165 4.793 49.873 34.791 52.035 7.643 30.3718 49.6708 27.8955 8.9032 9.4154 12.0128 8.1218 4.1114 3.7504 10.645 1.15754641297 12.0187
2016-11-21 19:59:38.052000 3634.55 5.118 49.926 34.864 52.087 7.481 27.8788 49.7498 28.2492 8.7095 9.3692 12.0109 7.8865 3.9555 3.5809 10.479 1.16581643415 11.9375
2016-11-21 20:00:51.774000 3708.272 4.988 49.976 34.847 52.137 7.31 25.3563 50.0464 28.5698 8.4606 9.3098 11.9889 7.6048 3.734 3.3691 10.296 1.1647826815 11.8488
2016-11-21 20:01:54.213000 3770.711 4.585 50.012 34.221 52.172 7.214 23.5276 50.2845 28.7418 8.2406 9.2556 11.9569 7.3774 3.5186 3.1834 10.139 1.17201895004 11.7737
2016-11-21 20:02:56.965000 3833.463 4.839 50.043 34.602 52.2 6.859 21.9518 50.1432 28.8345 8.013 9.1988 11.9146 7.1539 3.2395 2.9966 9.98 1.15754641297 11.6936
2016-11-21 20:03:59.480000 3895.978 4.326 50.069 34.357 52.226 6.527 20.7059 49.7849 28.8925 7.782 9.1385 11.8636 6.9389 3.042 2.8103 9.824 1.16788393945 11.6146
2016-11-21 20:05:02.004000 3958.502 4.388 50.089 34.888 52.25 6.614 19.5913 49.3955 28.9137 7.5556 9.0738 11.8062 6.7439 2.8966 2.6373 9.677 1.15651266032 11.5368
2016-11-21 20:06:04.594000 4021.092 4.446 50.104 34.183 52.262 5.448 18.5898 49.3546 28.902 7.3429 9.0102 11.7444 6.5726 2.7459 2.4744 9.544 1.16995144474 11.4619
2016-11-21 20:07:07.243000 4083.741 4.075 50.111 34.628 52.27 6.295 17.64 49.5105 28.8799 7.15 8.9516 11.6808 6.4053 2.5841 2.3184 9.428 1.1689176921 11.3919
2016-11-21 20:08:09.934000 4146.432 4.158 50.112 34.578 52.277 6.136 16.7606 49.703 28.8382 6.9725 8.8927 11.6151 6.2486 2.4218 2.1756 9.323 1.15651266032 11.3223
2016-11-21 20:09:12.670000 4209.168 3.981 50.113 34.732 52.278 6.015 16.0588 49.9262 28.7952 6.8097 8.8298 11.5478 6.1107 2.2797 2.0806 9.225 1.15858016562 11.2517
2016-11-21 20:10:15.406000 4271.904 3.958 50.108 34.284 52.275 5.898 15.3602 50.1938 28.7425 6.669 8.7656 11.4828 5.9883 2.1574 1.9726 9.139 1.15547890767 11.1863
2016-11-21 20:11:18.198000 4334.696 3.939 50.105 34.728 52.274 5.773 14.6352 50.477 28.6851 6.5417 22.8058 11.4209 5.8698 2.0384 1.8589 9.058 1.16995144474 11.1196
2016-11-21 20:12:21.019000 4397.518 3.837 50.096 34.139 52.267 4.408 13.9293 50.3836 28.6282 6.4184 27.9747 11.3596 5.7504 1.9114 1.7431 8.98 1.15858016562 11.0603
2016-11-21 20:13:23.867000 4460.365 3.994 50.084 34.595 52.256 5.56 13.241 50.0848 28.5698 6.2951 31.3933 11.298 5.6343 1.7867 1.6309 8.903 1.16788393945 10.8624
2016-11-21 20:14:26.870000 4523.368 3.738 50.071 34.351 52.243 5.358 12.7869 49.7839 28.5184 6.1811 33.2893 11.2374 5.5465 1.6844 1.569 8.834 1.15444515502 1.7197
2016-11-21 20:15:29.810000 4586.308 3.857 50.055 33.821 52.23 4.24 12.166 49.4791 28.4556 6.0749 30.4707 11.1788 5.4474 1.5765 1.4639 8.77 1.1689176921 1.6015
2016-11-21 20:16:32.766000 4649.264 3.928 50.038 34.348 52.214 5.298 11.5899 49.6099 28.3975 5.9726 29.2019 11.1214 5.3556 1.4792 1.3709 8.707 1.15444515502 1.5081
2016-11-21 20:17:35.885000 4712.383 3.652 50.02 34.482 52.195 5.212 11.0139 49.9754 28.3394 5.8761 28.4768 11.0656 5.2648 1.4266 1.3007 8.646 1.16271517621 1.4368
2016-11-21 20:18:38.951000 4775.449 3.664 50.001 33.742 52.181 4.706 10.4962 50.3539 28.2868 5.7909 28.1411 11.0116 5.1835 1.3758 1.2459 8.588 1.15547890767 1.385
2016-11-21 20:19:42.019000 4838.517 3.633 49.98 34.032 52.163 4.489 10.0274 50.7279 28.2372 5.7155 28.0554 10.9625 5.1081 1.3322 1.2133 8.537 1.16995144474 1.3523
2016-11-21 20:20:45.128000 4901.626 3.853 49.958 33.969 52.143 4.992 9.5827 50.708 28.1919 5.6452 28.0904 10.9155 5.0385 1.3059 1.1998 8.491 1.15754641297 1.3372
2016-11-21 20:21:48.270000 4964.768 3.664 49.937 34.433 52.123 4.933 9.187 50.4727 28.1507 5.5735 28.1794 10.8708 4.9762 1.2944 1.1953 8.454 1.15444515502 1.3312
2016-11-21 20:22:51.461000 5027.959 3.556 49.918 33.831 52.103 4.679 8.8437 50.2278 28.1241 5.5049 28.2888 10.8281 4.9224 1.2893 1.1937 8.42 1.1647826815 1.3284
2016-11-21 20:23:54.669000 5091.167 3.538 49.893 33.797 52.082 4.838 8.551 49.9805 28.0922 5.4438 28.4031 10.7878 4.8771 1.2869 1.1924 8.391 1.1647826815 1.3263
2016-11-21 20:24:57.917000 5154.415 3.774 49.872 33.77 52.061 4.784 8.3025 49.7356 28.0655 5.3901 28.5086 10.7505 4.8387 1.2858 1.1918 8.366 1.16168142356 1.325
2016-11-21 20:26:01.263000 5217.761 3.738 49.852 33.7 52.044 4.775 8.1022 49.916 28.0472 5.347 28.6108 10.7153 4.8109 1.2872 1.1924 8.346 1.1689176921 1.3249
2016-11-21 20:27:04.606000 5281.104 3.524 49.832 34.29 52.021 4.755 7.9382 50.2964 28.0291 5.3209 28.7044 10.6837 4.79 1.2873 1.1923 8.33 1.16788393945 1.3243
2016-11-21 20:28:07.979000 5344.477 3.506 49.808 34.29 52.004 4.384 7.8051 50.6866 28.0153 5.3055 28.7916 10.6554 4.7739 1.2871 1.192 8.318 1.15754641297 1.3238
2016-11-21 20:29:11.418000 5407.916 3.51 49.788 34.255 51.985 2.841 7.6963 50.6737 28.005 5.2905 28.8671 10.6293 4.7578 1.2849 1.1911 8.307 1.16581643415 1.3226
2016-11-21 20:30:14.919000 5471.417 3.494 49.769 34.269 51.967 4.62 7.1456 50.4742 27.9728 5.2563 28.9576 10.6047 4.7044 1.3801 1.6158 8.288 1.16788393945 1.7244
2016-11-21 20:31:18.410000 5534.908 3.485 49.753 34.245 51.947 4.622 6.7707 50.2605 27.9578 5.2022 29.0429 10.5795 4.6484 1.4724 1.7531 8.257 1.15754641297 1.8598
2016-11-21 20:32:21.932000 5598.43 3.474 49.734 34.224 51.931 4.545 6.5712 50.0575 27.948 5.1538 29.1082 10.5544 4.6134 1.5522 1.8156 8.232 1.16168142356 1.9224
2016-11-21 20:33:25.476000 5661.974 3.476 49.714 34.23 51.91 1.464 6.4697 49.8467 27.9435 5.1175 29.159 10.5309 4.592 1.6239 1.8462 8.215 1.15547890767 1.9534
2016-11-21 20:34:29.116000 5725.614 3.483 49.698 34.215 51.893 1.0 6.417 49.6379 27.941 5.0901 29.205 10.5095 4.5786 1.6899 1.8628 8.203 1.16271517621 1.9702
2016-11-21 20:35:32.764000 5789.262 3.665 49.68 33.884 51.877 3.201 6.3924 49.8562 27.9367 5.0756 29.2438 10.491 4.5767 1.757 1.873 8.197 1.1647826815 1.9799
2016-11-21 20:36:36.436000 5852.934 3.663 49.661 33.896 51.86 1.0 6.3828 50.2626 27.941 5.0761 29.2747 10.4755 4.5781 1.8195 1.8798 8.194 1.17201895004 1.9863
2016-11-21 20:37:40.161000 5916.659 3.662 49.646 33.893 51.843 3.928 6.3811 50.6855 27.9427 5.0836 29.3074 10.4624 4.5808 1.8747 1.8845 8.194 1.15754641297 1.9904
2016-11-21 20:38:43.895000 5980.393 3.521 49.63 33.364 51.83 3.489 6.3833 50.697 27.9448 5.0879 29.3345 10.4507 4.5793 1.9165 1.8917 8.192 1.16995144474 1.9967
2016-11-21 20:39:47.698000 6044.196 3.444 49.617 33.349 51.812 4.559 6.4044 50.4913 27.9466 5.085 29.357 10.4399 4.5806 1.9422 1.9085 8.191 1.16168142356 2.0131
2016-11-21 20:40:51.471000 6107.969 3.448 49.601 33.785 51.802 3.916 6.4403 50.259 27.9477 5.0808 29.3783 10.4303 4.5835 1.9606 1.9225 8.191 1.15341140238 2.0271
2016-11-21 20:41:55.287000 6171.785 3.587 49.591 33.804 51.787 4.576 6.49 50.0354 27.9519 16.9874 29.3994 10.4217 4.6051 1.9743 1.9328 8.192 1.16995144474 2.0374
2016-11-21 20:42:59.208000 6235.706 5.003 49.569 34.058 51.764 7.566 8.3554 30.2788 28.5293 19.6725 29.4323 10.7817 7.7824 1.8019 2.0167 9.705 1.16788393945 2.1213
2016-11-21 20:44:03.087000 6299.585 4.557 49.578 34.076 51.787 6.457 8.1177 16.3748 28.4161 21.2905 29.4778 10.9544 6.5622 1.1744 1.9034 9.64 1.15651266032 2.0113
2016-11-21 20:45:07.007000 6363.505 3.837 49.662 33.981 51.859 5.556 7.7191 9.9161 28.2789 22.225 29.4829 10.9585 5.6061 0.5912 1.8375 9.156 1.1689176921 1.9448
2016-11-21 20:46:10.983000 6427.481 3.657 49.694 34.37 51.882 4.947 7.3564 7.0431 28.1671 22.8835 29.3881 10.9103 5.0938 0.4851 1.8282 8.735 1.15754641297 1.9356
2016-11-21 20:47:15.013000 6491.511 3.79 49.687 33.921 51.877 4.855 7.0833 6.423 28.0897 23.5491 29.1402 10.8522 4.8778 0.4775 1.8259 8.486 1.16374892886 1.933
2016-11-21 20:48:19.031000 6555.529 3.561 49.674 33.439 51.865 4.754 6.863 6.2601 28.0467 23.9932 28.9227 10.7965 4.7763 0.4761 1.824 8.369 1.17615396063 1.9312
2016-11-21 20:49:23.112000 6619.61 3.479 49.657 34.102 51.851 4.692 6.685 6.1744 28.0087 24.4985 28.7456 10.7451 4.715 0.4755 1.8228 8.304 1.16271517621 1.9298
2016-11-21 20:50:27.240000 6683.738 3.648 49.643 34.104 51.837 3.14 6.5421 6.1141 27.9813 24.8378 28.6555 10.6974 4.6746 0.4755 1.8221 8.266 1.1689176921 1.9292
2016-11-21 20:51:31.450000 6747.948 3.468 49.629 33.803 51.824 4.373 6.4289 6.066 27.9714 25.1345 22.8318 10.6546 4.6459 0.4754 1.8216 8.24 1.1689176921 1.9284
2016-11-21 20:52:35.679000 6812.177 3.54 49.617 34.204 51.813 4.476 6.3397 6.024 27.9617 25.4358 20.1759 10.6155 4.6249 0.4756 1.8208 8.223 1.17098519739 1.9277
2016-11-21 20:53:39.905000 6876.403 3.481 49.605 33.505 51.803 4.587 6.2681 5.9805 27.9508 25.6703 18.7305 10.5802 4.6078 0.477 1.8201 8.21 1.15237764973 1.9268
2016-11-21 20:54:44.173000 6940.672 3.457 49.594 34.134 51.791 4.456 6.2114 5.9465 27.9459 25.8498 17.9314 10.5483 4.5951 0.4772 1.8193 8.201 1.17201895004 1.926
2016-11-21 20:55:48.462000 7004.96 3.544 49.581 33.367 51.78 3.487 6.1659 5.9175 27.9408 25.9911 17.4645 10.5196 4.5849 0.4774 1.8188 8.193 1.15858016562 1.9252
2016-11-21 20:56:52.792000 7069.29 3.445 49.571 33.835 51.769 4.557 6.1294 5.8938 27.9346 26.1404 17.1134 10.4944 4.5774 0.4781 1.8184 8.187 1.16995144474 1.9251
2016-11-21 20:57:57.142000 7133.64 3.681 49.56 33.551 51.757 4.552 6.1003 5.8723 27.9277 26.2606 16.6929 10.4728 4.5711 0.4785 1.8179 8.182 1.16064767091 1.9257
2016-11-21 20:59:01.560000 7198.058 3.479 49.549 34.147 51.749 4.547 6.0757 5.85 27.9291 26.3605 16.1404 10.4534 4.5654 0.4781 1.8172 8.178 1.16788393945 1.9268
2016-11-21 21:00:06.169000 7262.667 3.491 49.539 33.359 51.738 3.801 6.0552 5.8279 27.9214 26.4405 15.522 10.436 4.5604 0.4771 1.8162 8.174 1.16168142356 1.9295
2016-11-21 21:01:10.667000 7327.165 3.64 49.53 33.887 51.73 4.535 6.0211 5.8036 27.9255 26.5084 14.8736 10.4203 4.5555 0.4815 2.2261 8.171 1.17201895004 2.3107
2016-11-21 21:02:15.203000 7391.701 3.428 49.519 33.813 51.719 1.149 5.6414 5.0614 27.8982 26.5228 14.2486 10.4058 4.4931 1.5723 3.5807 8.155 1.16995144474 3.7108
2016-11-21 21:03:19.733000 7456.231 3.576 49.513 33.434 51.712 4.358 5.2003 4.1624 27.8665 26.5082 13.6624 10.387 4.3648 2.9137 4.6192 8.097 1.15754641297 4.82
2016-11-21 21:04:24.388000 7520.886 3.606 49.502 34.119 51.7 4.146 4.889 3.916 27.84 26.534 13.1231 10.366 4.3022 3.7716 5.3612 8.051 1.16788393945 5.6258
2016-11-21 21:05:29.033000 7585.531 3.371 49.492 34.005 51.69 4.261 4.6669 3.807 27.8361 26.5655 12.6401 10.346 4.2635 4.4269 5.9442 8.02 1.15754641297 6.2685
2016-11-21 21:06:33.742000 7650.24 3.436 49.479 33.268 51.677 4.237 4.5018 3.7467 27.8291 26.5925 12.2129 10.3278 4.2387 4.9639 6.4237 8.0 1.1689176921 6.824
2016-11-21 21:07:38.419000 7714.917 3.551 49.467 33.999 51.665 4.221 4.3767 3.7104 27.8263 26.6125 11.8452 10.3113 4.2219 5.4223 6.8438 7.987 1.16581643415 7.3134
2016-11-21 21:08:43.289000 7779.787 3.424 49.458 34.076 51.654 4.211 4.2795 3.6858 27.8249 26.6381 11.5283 10.2965 4.2108 5.828 7.2118 7.977 1.16995144474 7.7515
2016-11-21 21:09:48.160000 7844.658 3.365 49.445 34.053 51.643 4.202 4.2028 3.6672 27.8221 26.6561 11.2703 10.2835 4.2016 6.1875 7.5346 7.97 1.16168142356 8.1531
2016-11-21 21:10:53.029000 7909.527 3.344 49.437 33.86 51.632 4.194 4.1409 3.6534 27.8269 26.6728 11.0513 10.2718 4.1934 6.5101 7.8221 7.964 1.1668501868 8.5285
2016-11-21 21:11:57.873000 7974.371 3.54 49.426 33.356 51.624 4.189 4.0918 3.6434 27.8269 26.6857 10.8784 10.2614 4.1876 6.8117 8.0872 7.959 1.15651266032 8.8857
2016-11-21 21:13:02.789000 8039.287 3.573 49.418 33.587 51.614 4.184 4.0502 3.6353 27.8283 26.6929 10.7418 10.2525 4.1823 7.096 8.3277 7.956 1.1689176921 9.2157
2016-11-21 21:14:07.792000 8104.29 3.533 49.407 33.814 51.606 4.182 4.0174 3.6297 27.8301 26.706 10.6361 10.2445 4.1794 7.3543 8.553 7.953 1.15651266032 9.5196
2016-11-21 21:15:12.788000 8169.286 3.48 49.399 34.019 51.597 4.179 3.9895 3.6232 27.8305 26.7151 10.5577 10.2375 4.1762 7.5942 8.7627 7.95 1.1668501868 9.8069
2016-11-21 21:16:17.818000 8234.316 3.392 49.393 34.041 51.588 4.159 3.9669 3.6205 27.8319 26.717 10.5032 10.2312 4.1746 7.8223 8.9639 7.948 1.16064767091 10.0667
2016-11-21 21:17:22.909000 8299.407 3.359 49.384 33.978 51.581 4.175 3.9469 3.6174 27.8336 26.7276 10.4713 10.2257 4.1725 8.039 9.1504 7.946 1.1689176921 10.3053
2016-11-21 21:18:28.074000 8364.572 3.498 49.375 33.952 51.573 3.806 3.9292 3.6126 27.8322 26.7322 10.456 10.2209 4.1698 8.2406 9.3304 7.944 1.17408645534 10.5385
2016-11-21 21:19:33.195000 8429.693 3.42 49.367 34.05 51.565 4.163 3.9154 3.6099 27.8308 26.7365 10.4544 10.2165 4.1685 8.4347 9.4985 7.942 1.15651266032 10.7525
2016-11-21 21:20:38.390000 8494.888 3.361 49.361 33.995 51.557 4.171 3.9042 3.6085 27.8364 26.7404 10.4642 10.2128 4.1676 8.6224 9.6594 7.941 1.15961391826 10.9599
2016-11-21 21:21:43.572000 8560.07 3.502 49.354 33.89 51.551 4.169 3.8917 3.6058 27.8353 26.742 10.4833 10.2095 4.1652 8.7987 9.8133 7.94 1.1668501868 11.1455
2016-11-21 21:22:48.784000 8625.282 3.453 49.348 34.026 51.546 4.169 3.8831 3.6042 27.8364 26.7457 10.5106 10.2063 4.1654 8.9726 9.9597 7.938 0.118625492616 11.328
2016-11-21 21:23:54.077000 8690.575 3.546 49.344 33.685 51.536 4.168 3.8745 3.6024 27.8326 26.7462 10.5448 10.2037 4.1637 9.1372 10.1001 7.937 1.15651266032 11.4986
2016-11-21 21:24:59.364000 8755.862 3.507 49.339 33.897 51.533 4.167 3.8678 3.6016 27.8381 26.7486 10.584 10.2013 4.163 9.2982 10.2341 7.936 1.1689176921 11.6701
2016-11-21 21:26:04.710000 8821.208 3.568 49.333 33.459 51.527 4.167 3.8605 3.6001 27.8391 26.7498 10.6265 10.1993 4.1623 9.4508 10.3645 7.935 1.15651266032 11.8254
2016-11-21 21:27:10.144000 8886.642 3.398 49.327 33.224 51.522 4.166 3.8545 3.5982 27.8385 26.7517 10.6722 10.1974 4.1614 9.6014 10.4978 7.934 1.15444515502 11.9827
2016-11-21 21:28:15.606000 8952.104 3.344 49.321 33.676 51.516 4.111 3.8496 3.5977 27.8381 26.7537 10.7197 10.1956 4.1611 9.7479 10.6131 7.933 1.1668501868 12.1299
2016-11-21 21:29:21.028000 9017.526 3.379 49.318 34.038 51.51 4.164 3.8442 3.5955 27.8343 26.749 10.7683 10.1941 4.1602 9.8808 10.7302 7.932 1.15444515502 12.2745
2016-11-21 21:30:26.535000 9083.033 3.473 49.315 33.965 51.507 4.165 3.8411 3.5953 27.8381 26.7505 10.8178 10.1927 4.1602 10.0204 10.8442 7.931 1.15444515502 12.4121
2016-11-21 21:31:32.017000 9148.515 3.542 49.306 33.984 51.5 4.166 3.8377 3.5969 27.84 26.7546 10.8677 10.1915 4.1608 10.1525 10.9507 7.931 1.16995144474 12.5425
2016-11-21 21:32:37.535000 9214.033 3.445 49.3 34.02 51.495 4.097 3.8337 3.5948 27.8396 26.7573 10.9176 10.1903 4.1602 10.272 11.057 7.93 1.1689176921 12.6664
2016-11-21 21:33:43.103000 9279.601 3.431 49.298 33.738 51.491 4.164 3.8302 3.5936 27.84 26.7568 10.967 10.1896 4.1593 10.3985 11.1576 7.929 1.16374892886 12.7908
2016-11-21 21:34:48.696000 9345.194 3.359 49.295 33.449 51.489 4.163 3.8265 3.5915 27.8391 26.7556 11.0173 10.1885 4.158 10.5211 11.2586 7.928 1.15237764973 12.9112
2016-11-21 21:35:54.489000 9410.987 3.345 49.295 33.886 51.484 4.161 3.8238 3.5904 27.8364 26.7556 11.0692 10.1874 4.1571 10.6326 11.3543 7.927 1.16064767091 13.0183
2016-11-21 21:37:00.256000 9476.754 3.566 49.291 33.44 51.481 4.146 3.821 3.5907 27.8364 26.7568 11.1202 10.1865 4.1569 10.7526 11.4448 7.926 1.14933138021 13.1316
2016-11-21 21:38:05.944000 9542.442 3.397 49.284 33.216 51.477 4.109 3.8189 3.5893 27.8402 26.7532 11.1705 10.1857 4.157 10.8617 11.5407 7.926 1.1689176921 13.241
2016-11-21 21:39:11.701000 9608.199 3.455 49.281 34.009 51.474 4.162 3.8171 3.5894 27.8412 26.7537 11.2194 10.1851 4.1561 10.9659 11.6279 7.925 1.15444515502 13.3518
2016-11-21 21:40:17.508000 9674.006 3.547 49.277 33.708 51.469 4.162 3.8149 3.5882 27.8396 26.7537 11.2677 10.1843 4.1559 11.0715 11.7193 7.925 1.17098519739 13.4456
2016-11-21 21:41:23.341000 9739.839 3.356 49.275 33.522 51.466 4.161 3.8134 3.5885 27.8402 26.7556 11.3151 10.1835 4.1558 11.174 11.8019 7.924 1.15651266032 13.5378
2016-11-21 21:42:29.222000 9805.72 3.535 49.271 33.945 51.462 4.162 3.8121 3.589 27.8406 26.7581 11.361 10.183 4.1564 11.2745 11.8797 7.924 1.15651266032 13.6379
2016-11-21 21:43:35.126000 9871.624 3.559 49.266 33.361 51.458 4.162 3.8098 3.588 27.8416 26.7592 11.4057 10.1826 4.1558 11.3701 11.9642 7.923 1.16374892886 13.7328
2016-11-21 21:44:41.106000 9937.604 3.348 49.263 33.901 51.453 4.162 3.8084 3.5881 27.8402 26.7574 11.4496 10.1819 4.1557 11.4626 12.0488 7.923 1.15547890767 13.8165
2016-11-21 21:45:47.322000 10003.82 3.366 49.261 33.43 51.453 4.161 3.8078 3.5875 27.84 26.7573 11.4923 10.181 4.1553 11.5594 12.1194 7.922 1.14837618449 13.9049
2016-11-21 21:46:53.362000 10069.86 3.519 49.258 33.835 51.447 4.162 3.8066 3.5871 27.8402 26.7574 11.5359 10.1807 4.1557 11.6506 12.201 7.922 1.16271517621 13.9919
2016-11-21 21:47:59.395000 10135.893 3.368 49.25 33.366 51.444 3.857 3.806 3.5876 27.8406 26.7581 11.5784 10.1802 4.156 11.741 12.2672 7.922 1.15858016562 14.069
2016-11-21 21:49:05.488000 10201.986 3.506 49.249 33.848 51.44 4.162 3.8041 3.5863 27.8402 26.759 11.6197 10.1797 4.1554 11.828 12.3407 7.921 1.1668501868 14.152
2016-11-21 21:50:11.619000 10268.117 3.403 49.249 33.196 51.439 4.161 3.8035 3.5867 27.8406 26.7554 11.6597 10.1791 4.155 11.9129 12.4095 7.921 1.15444515502 14.2214
2016-11-21 21:51:17.872000 10334.37 3.565 49.245 33.997 51.436 4.161 3.8012 3.5852 27.8406 26.7544 11.6984 10.1786 4.1549 11.9993 12.4876 7.92 1.1668501868 14.2987
2016-11-21 21:52:24.061000 10400.559 3.345 49.242 33.819 51.43 4.138 3.8008 3.5863 27.8379 26.7532 11.7357 10.1779 4.1547 12.0755 12.5509 7.92 1.16581643415 14.3727
2016-11-21 21:53:30.306000 10466.804 3.561 49.237 33.573 51.428 4.162 3.8001 3.5858 27.8347 26.7581 11.7713 10.1773 4.1553 12.1591 12.6222 7.92 1.15754641297 14.4409
2016-11-21 21:54:36.685000 10533.183 3.482 49.235 33.943 51.423 4.162 3.7991 3.5854 27.8396 26.7574 11.8056 10.1767 4.1553 12.2355 12.6859 7.92 1.15547890767 14.5198
2016-11-21 21:55:43.108000 10599.606 3.352 49.233 33.928 51.422 4.069 3.7978 3.5843 27.841 26.7581 11.8389 10.176 4.1538 12.3143 12.7532 7.919 1.15134389708 14.5831
2016-11-21 21:56:49.474000 10665.972 3.361 49.23 33.424 51.42 4.087 3.7965 3.5843 27.841 26.7574 11.8703 10.1753 4.154 12.3922 12.814 7.918 1.15547890767 14.6419
2016-11-21 21:57:55.878000 10732.376 3.508 49.233 33.879 51.419 4.161 3.7968 3.5856 27.8406 26.7578 11.9002 10.1747 4.1545 12.4726 12.8753 7.918 1.1689176921 14.7104
2016-11-21 21:59:02.355000 10798.853 3.362 49.226 33.977 51.416 4.16 3.7955 3.5834 27.8396 26.7578 11.9284 10.1739 4.1534 12.5384 12.9435 7.917 1.16271517621 14.7815
2016-11-21 22:00:08.885000 10865.383 3.348 49.226 33.545 51.411 3.967 3.7933 3.5826 27.8406 26.7541 11.9558 10.1731 4.1522 12.6168 12.9937 7.916 1.16168142356 14.8436
2016-11-21 22:01:15.440000 10931.938 3.341 49.225 33.178 51.409 4.154 3.7931 3.5825 27.8364 26.7581 11.9815 10.1723 4.1522 12.6829 13.051 7.916 1.15444515502 14.904
2016-11-21 22:02:22.022000 10998.52 3.386 49.223 33.545 51.407 4.16 3.7928 3.5824 27.841 26.7573 12.006 10.1715 4.1529 12.755 13.1089 7.916 1.16271517621 14.9681
2016-11-21 22:03:28.696000 11065.194 3.567 49.218 33.369 51.405 4.16 3.7921 3.583 27.84 26.7583 12.0303 10.1706 4.1526 12.8207 13.1661 7.916 1.16168142356 15.0256
2016-11-21 22:04:35.463000 11131.961 3.517 49.216 33.794 51.403 4.161 3.7931 3.5839 27.8406 26.759 12.053 10.1696 4.1534 12.8924 13.2255 7.916 1.16788393945 15.0876
2016-11-21 22:05:42.163000 11198.661 3.551 49.215 33.68 51.401 4.154 3.7908 3.5817 27.8353 26.7536 12.0741 10.1686 4.1524 12.9561 13.2756 7.915 1.15754641297 15.1502
2016-11-21 22:06:48.955000 11265.453 3.471 49.213 33.979 51.399 4.159 3.79 3.5816 27.8391 26.7583 12.0943 10.1678 4.1523 13.019 13.3306 7.915 1.1668501868 15.2048
2016-11-21 22:07:55.708000 11332.206 3.522 49.212 33.801 51.399 4.159 3.7897 3.5821 27.8406 26.7574 12.113 10.167 4.152 13.0808 13.3829 7.914 1.15961391826 15.2572
2016-11-21 22:09:02.669000 11399.168 3.558 49.209 33.631 51.393 4.159 3.7901 3.5819 27.841 26.7544 12.1308 10.1657 4.1525 13.148 13.4387 7.914 1.15754641297 15.3134
2016-11-21 22:10:09.522000 11466.02 3.56 49.207 33.959 51.393 4.159 3.7886 3.5811 27.8361 26.7563 12.1477 10.1646 4.1519 13.2072 13.4802 7.914 1.16581643415 15.3693
2016-11-21 22:11:16.424000 11532.923 3.531 49.205 33.766 51.389 4.16 3.7885 3.5823 27.8406 26.7592 12.1635 10.1634 4.1526 13.2646 13.534 7.914 1.1668501868 15.4386
2016-11-21 22:12:23.329000 11599.827 3.564 49.203 33.591 51.388 4.062 3.7891 3.5827 27.8406 26.7565 12.1783 10.1625 4.1524 13.3335 13.5873 7.914 1.15444515502 15.4876
2016-11-21 22:13:30.368000 11666.866 3.573 49.2 33.409 51.385 4.16 3.7888 3.5825 27.8364 26.7587 12.1924 10.1613 4.1529 13.3851 13.6333 7.913 1.1668501868 15.5398
2016-11-21 22:14:37.432000 11733.93 3.46 49.197 33.187 51.384 4.159 3.7869 3.5808 27.841 26.7581 12.206 10.1593 4.1515 13.4463 13.6788 7.913 1.16064767091 15.6012
2016-11-21 22:15:44.471000 11800.969 3.396 49.196 33.206 51.382 4.149 3.7876 3.5814 27.8406 26.759 12.2188 10.1591 4.1519 13.501 13.7244 7.913 1.16788393945 15.6521
2016-11-21 22:16:51.532000 11868.03 3.374 49.197 33.398 51.381 4.159 3.7868 3.5818 27.8364 26.7583 12.2313 10.158 4.1517 13.5575 13.7726 7.912 1.1689176921 15.713
2016-11-21 22:17:58.655000 11935.153 3.46 49.193 33.988 51.378 4.16 3.7875 3.5825 27.8406 26.7587 12.2435 10.1567 4.153 13.6212 13.8207 7.913 1.15547890767 15.762
2016-11-21 22:19:05.790000 12002.288 3.505 49.193 33.881 51.376 4.16 3.7872 3.5817 27.8416 26.7546 12.2548 10.1558 4.1527 13.6748 13.8638 7.912 1.1668501868 15.8195
2016-11-21 22:20:12.935000 12069.433 3.552 49.189 33.674 51.372 4.064 3.7872 3.5823 27.84 26.759 12.2664 10.1545 4.1534 13.7295 13.9057 7.913 1.1647826815 15.8618
2016-11-21 22:21:20.153000 12136.651 3.373 49.186 33.32 51.368 4.161 3.7869 3.5836 27.8416 26.759 12.2772 10.1535 4.1535 13.7857 13.9543 7.912 1.1689176921 15.9205
2016-11-21 22:22:27.400000 12203.898 3.348 49.184 33.598 51.368 4.161 3.7867 3.583 27.8369 26.7573 12.2877 10.1523 4.1532 13.837 13.9925 7.912 1.15547890767 15.9722
2016-11-21 22:23:34.698000 12271.196 3.499 49.185 33.864 51.368 4.159 3.7846 3.5811 27.8402 26.7574 12.2983 10.1509 4.1514 13.8887 14.0396 7.911 1.17098519739 16.0081
2016-11-21 22:24:41.966000 12338.464 3.556 49.182 33.64 51.366 4.141 3.7848 3.5802 27.8385 26.7546 12.3087 10.1498 4.151 13.9427 14.0744 7.911 1.15961391826 16.0713
2016-11-21 22:25:49.314000 12405.812 3.373 49.182 33.349 51.366 4.159 3.7841 3.5806 27.8406 26.7573 12.3191 10.1483 4.1513 13.9941 14.1174 7.91 1.16995144474 16.1167
2016-11-21 22:26:56.677000 12473.175 3.426 49.178 34.004 51.362 4.048 3.7852 3.5811 27.8402 26.7536 12.3294 10.1471 4.1521 14.0392 14.1626 7.911 1.15961391826 16.1659
2016-11-21 22:28:04.102000 12540.6 3.52 49.177 33.915 51.36 4.161 3.7846 3.5815 27.84 26.7574 12.3397 10.1459 4.1524 14.0915 14.2047 7.911 1.15444515502 16.2198
2016-11-21 22:29:11.556000 12608.054 3.343 49.175 33.171 51.357 3.908 3.7844 3.5812 27.841 26.7574 12.3501 10.1446 4.1514 14.1453 14.2394 7.91 1.16271517621 16.2693
2016-11-21 22:30:19.035000 12675.533 3.355 49.174 33.963 51.359 4.159 3.7831 3.5804 27.84 26.7574 12.3605 10.1433 4.151 14.1931 14.2731 7.909 1.15651266032 16.3111
2016-11-21 22:31:26.551000 12743.049 3.374 49.175 33.485 51.357 3.941 3.7833 3.5803 27.8396 26.7574 12.3706 10.142 4.1503 14.232 14.307 7.909 1.16271517621 16.3647
2016-11-21 22:32:34.107000 12810.605 3.441 49.172 33.996 51.354 4.155 3.7831 3.5805 27.84 26.7587 12.3812 10.1408 4.151 14.2845 14.3528 7.909 1.15444515502 16.4103
2016-11-21 22:33:41.875000 12878.373 3.501 49.17 33.252 51.352 4.16 3.7838 3.5812 27.8402 26.7536 12.3915 10.1395 4.1514 14.3285 14.3905 7.909 1.1689176921 16.4507
2016-11-21 22:34:49.554000 12946.053 3.48 49.169 33.697 51.35 4.159 3.7819 3.5799 27.8402 26.7578 12.4022 10.1383 4.1505 14.3805 14.4303 7.909 1.1689176921 16.4954
2016-11-21 22:35:57.209000 13013.707 3.487 49.169 33.187 51.35 4.159 3.7824 3.5804 27.8358 26.7544 12.4126 10.137 4.151 14.4366 14.4651 7.909 1.16271517621 16.5446
2016-11-21 22:37:04.963000 13081.461 3.343 49.165 33.813 51.348 4.16 3.7826 3.5813 27.84 26.759 12.4234 10.1355 4.1515 14.4766 14.4968 7.909 1.16271517621 16.5906
2016-11-21 22:38:12.701000 13149.199 3.416 49.163 33.156 51.343 4.155 3.7831 3.5813 27.8369 26.7583 12.4339 10.1345 4.152 14.5194 14.5329 7.909 1.16271517621 16.6291
2016-11-21 22:39:20.527000 13217.025 3.343 49.159 33.806 51.344 4.16 3.783 3.5809 27.84 26.7587 12.4443 10.1332 4.1517 14.5717 14.5745 7.909 1.16788393945 16.6766
2016-11-21 22:40:28.374000 13284.872 3.411 49.162 33.16 51.343 4.16 3.7816 3.5804 27.84 26.7581 12.4551 10.132 4.1509 14.6063 14.6083 7.908 1.15858016562 16.7203
2016-11-21 22:41:36.264000 13352.762 3.541 49.159 33.723 51.34 4.161 3.7827 3.5814 27.8369 26.7565 12.4658 10.1306 4.1522 14.6595 14.6412 7.909 1.16995144474 16.7665
2016-11-21 22:42:44.139000 13420.637 3.38 49.158 33.271 51.337 4.16 3.7821 3.5814 27.8402 26.7565 12.4766 10.1295 4.1516 14.6949 14.676 7.908 1.16168142356 16.8082
2016-11-21 22:43:52.070000 13488.568 3.566 49.159 33.537 51.339 4.161 3.7824 3.5813 27.8391 26.7573 12.4873 10.1283 4.152 14.7402 14.7114 7.908 1.15444515502 16.8452
2016-11-21 22:45:00.052000 13556.55 3.411 49.156 33.995 51.338 4.162 3.7831 3.5824 27.8416 26.7546 12.4978 10.127 4.153 14.7844 14.7379 7.908 1.16995144474 16.8667
2016-11-21 22:46:08.057000 13624.555 3.359 49.155 33.454 51.336 4.161 3.7825 3.5824 27.8406 26.7592 12.5091 10.1259 4.1524 14.8192 14.7765 7.908 1.15341140238 16.9144
2016-11-21 22:47:16.101000 13692.599 3.518 49.153 33.259 51.331 4.162 3.7833 3.5826 27.8396 26.7596 12.5202 10.1247 4.1529 14.8605 14.8054 7.908 1.16995144474 16.9564
2016-11-21 22:48:24.274000 13760.772 3.517 49.15 33.273 51.331 3.938 3.7827 3.5827 27.8361 26.7544 12.5313 10.1233 4.1528 14.9024 14.8392 7.908 1.15237764973 16.9883
2016-11-21 22:49:32.574000 13829.072 3.444 49.149 33.997 51.328 3.818 3.7833 3.5831 27.8406 26.759 12.5425 10.1223 4.153 14.9462 14.8752 7.908 1.1647826815 17.039
2016-11-21 22:50:40.785000 13897.283 3.367 49.149 33.381 51.331 4.078 3.7813 3.5817 27.84 26.7581 12.5536 10.1208 4.1517 14.9855 14.9003 7.908 1.15858016562 17.0742
2016-11-21 22:51:48.960000 13965.458 3.366 49.151 33.364 51.334 4.159 3.7804 3.5805 27.8402 26.759 12.5647 10.1194 4.1508 15.028 14.9342 7.907 1.15237764973 17.1181
2016-11-21 22:52:57.235000 14033.733 3.549 49.152 33.336 51.332 4.16 3.7801 3.5805 27.8391 26.7544 12.576 10.1181 4.1503 15.0655 14.9659 7.906 1.16788393945 17.154
2016-11-21 22:54:05.544000 14102.042 3.573 49.149 33.506 51.329 4.159 3.7799 3.5806 27.8421 26.7599 12.5874 10.1168 4.1498 15.1038 14.9999 7.906 1.15547890767 17.1917
2016-11-21 22:55:13.862000 14170.36 3.564 49.148 33.995 51.326 4.16 3.78 3.5808 27.8402 26.7596 12.5986 10.1155 4.1509 15.1458 15.0224 7.906 1.16581643415 17.2207
2016-11-21 22:56:22.239000 14238.737 3.388 49.148 34.003 51.326 4.16 3.7797 3.5799 27.84 26.7578 12.6104 10.1142 4.1505 15.1717 15.0504 7.906 1.16581643415 17.2458
2016-11-21 22:57:30.663000 14307.161 3.374 49.146 33.979 51.325 4.16 3.7797 3.58 27.8369 26.7596 12.6215 10.113 4.1503 15.213 15.094 7.906 1.15651266032 17.2969
2016-11-21 22:58:39.085000 14375.583 3.363 49.144 33.951 51.325 3.927 3.7799 3.5804 27.8412 26.7546 12.633 10.1116 4.1504 15.249 15.1195 7.906 1.16064767091 17.3113
2016-11-21 22:59:47.614000 14444.112 3.349 49.145 33.873 51.325 4.16 3.7803 3.581 27.84 26.7599 12.6445 10.1101 4.1504 15.2928 15.1358 7.906 1.1668501868 17.3521
2016-11-21 23:00:56.111000 14512.609 3.348 49.145 33.886 51.324 4.159 3.7789 3.5805 27.84 26.7596 12.6558 10.109 4.1498 15.3366 15.1689 7.906 1.1689176921 17.3932
2016-11-21 23:02:04.709000 14581.207 3.353 49.145 33.915 51.323 4.159 3.778 3.5793 27.8402 26.7592 12.667 10.1077 4.1493 15.3643 15.193 7.905 1.15651266032 17.4315
2016-11-21 23:03:13.341000 14649.839 3.349 49.144 33.914 51.322 4.159 3.7784 3.5793 27.8406 26.7602 12.6783 10.1063 4.1498 15.3994 15.222 7.905 1.15444515502 17.4572
2016-11-21 23:04:21.953000 14718.451 3.345 49.142 33.823 51.321 4.16 3.7791 3.5798 27.8412 26.7587 12.6897 10.1049 4.1501 15.4366 15.2553 7.905 1.15547890767 17.4902
2016-11-21 23:05:30.607000 14787.106 3.509 49.142 33.869 51.323 4.158 3.7776 3.5787 27.8369 26.7581 12.7011 10.1037 4.1482 15.4791 15.2829 7.905 1.16064767091 17.526
2016-11-21 23:06:39.516000 14856.014 3.514 49.142 33.899 51.32 3.877 3.7782 3.58 27.8379 26.7581 12.7127 10.1023 4.1495 15.5107 15.3091 7.905 1.16581643415 17.5693
2016-11-21 23:07:48.306000 14924.804 3.568 49.14 33.42 51.32 4.147 3.7779 3.5794 27.8412 26.7554 12.724 10.1008 4.1495 15.5472 15.3367 7.905 1.15237764973 17.5893
2016-11-21 23:08:57.041000 14993.539 3.575 49.14 33.518 51.319 4.154 3.7793 3.5802 27.8406 26.7544 12.7355 10.0997 4.1504 15.5749 15.3553 7.905 1.16788393945 17.6324
2016-11-21 23:10:05.901000 15062.399 3.426 49.137 33.162 51.317 4.161 3.7802 3.5816 27.8421 26.7546 12.7469 10.0986 4.1509 15.606 15.3906 7.905 1.1647826815 17.6612
2016-11-21 23:11:14.690000 15131.188 3.345 49.137 33.785 51.316 4.161 3.7801 3.5819 27.8416 26.7599 12.7581 10.0973 4.151 15.6445 15.4251 7.906 1.15237764973 17.6999
2016-11-21 23:12:23.540000 15200.038 3.343 49.135 33.839 51.316 4.16 3.7781 3.5807 27.84 26.7565 12.7693 10.0959 4.1498 15.6758 15.4417 7.905 1.16271517621 17.7118
2016-11-21 23:13:32.450000 15268.948 3.464 49.138 33.975 51.317 3.834 3.778 3.58 27.8423 26.759 12.7805 10.0945 4.1497 15.7024 15.4734 7.905 1.16168142356 17.7542
2016-11-21 23:14:41.452000 15337.95 3.569 49.135 33.403 51.314 4.161 3.7786 3.5813 27.8412 26.7583 12.7918 10.0932 4.15 15.7469 15.4989 7.905 1.16581643415 17.78
2016-11-21 23:15:50.447000 15406.945 3.377 49.134 33.338 51.314 4.16 3.7781 3.5814 27.8412 26.759 12.8029 10.0919 4.1498 15.7684 15.5263 7.905 1.15547890767 17.8187
2016-11-21 23:16:59.460000 15475.958 3.367 49.132 33.955 51.312 4.161 3.7783 3.581 27.8421 26.7596 12.8143 10.0907 4.1503 15.8082 15.5477 7.905 1.16271517621 17.8452
2016-11-21 23:18:08.550000 15545.048 3.538 49.133 33.741 51.311 4.15 3.7792 3.5823 27.8416 26.7596 12.8255 10.0894 4.151 15.8315 15.5705 7.905 1.15547890767 17.8857
2016-11-21 23:19:17.680000 15614.178 3.43 49.133 33.171 51.313 4.16 3.7784 3.5806 27.8423 26.7581 12.8366 10.0881 4.1493 15.874 15.5954 7.904 1.1647826815 17.8908
2016-11-21 23:20:26.837000 15683.335 3.489 49.131 33.927 51.31 3.986 3.779 3.5809 27.8406 26.7578 12.8477 10.0868 4.1505 15.8974 15.6171 7.905 1.15858016562 17.9368
2016-11-21 23:21:36.015000 15752.513 3.526 49.13 33.265 51.308 4.162 3.7798 3.5822 27.8421 26.7551 12.859 10.0856 4.1511 15.9278 15.6481 7.905 1.1647826815 17.9574
2016-11-21 23:22:45.382000 15821.88 3.428 49.127 33.994 51.308 4.161 3.7788 3.5817 27.8416 26.7551 12.8705 10.0842 4.1506 15.9581 15.6686 7.905 1.15341140238 17.9954
2016-11-21 23:23:54.646000 15891.144 3.575 49.13 33.508 51.307 4.16 3.7777 3.58 27.8371 26.7583 12.8814 10.0829 4.1494 15.9992 15.6935 7.904 1.15961391826 18.0063
2016-11-21 23:25:03.898000 15960.396 3.358 49.129 33.93 51.308 4.16 3.7779 3.5806 27.8369 26.7583 12.8926 10.0816 4.1493 16.024 15.7157 7.904 1.15341140238 18.0426
2016-11-21 23:26:13.244000 16029.742 3.428 49.128 33.732 51.307 3.807 3.7778 3.5806 27.8396 26.7599 12.9039 10.0803 4.1498 16.0512 15.7481 7.904 1.15961391826 18.0823
2016-11-21 23:27:22.570000 16099.068 3.346 49.127 33.648 51.306 4.16 3.7772 3.5801 27.8391 26.7587 12.915 10.0788 4.1491 16.0819 15.7682 7.904 1.15754641297 18.1113
2016-11-21 23:28:31.969000 16168.467 3.561 49.126 33.355 51.307 4.158 3.778 3.5819 27.84 26.759 12.9262 10.0776 4.1503 16.1107 15.7916 7.904 1.15444515502 18.1332
2016-11-21 23:29:41.410000 16237.908 3.408 49.124 34.008 51.303 4.161 3.7775 3.5808 27.8423 26.7587 12.9375 10.0762 4.1494 16.1469 15.8128 7.904 1.16271517621 18.1673
2016-11-21 23:30:50.883000 16307.381 3.399 49.126 33.184 51.304 4.154 3.7779 3.5806 27.8402 26.7596 12.9487 10.075 4.149 16.1764 15.8408 7.904 1.15547890767 18.1867
2016-11-21 23:32:00.376000 16376.874 3.519 49.124 33.775 51.302 4.16 3.7768 3.5799 27.8416 26.7551 12.96 10.0736 4.149 16.2017 15.8604 7.903 1.16788393945 18.2284
2016-11-21 23:33:09.876000 16446.374 3.345 49.126 33.72 51.306 4.16 3.7767 3.5796 27.8371 26.7587 12.9714 10.0721 4.1482 16.2269 15.8815 7.903 1.15651266032 18.2439
2016-11-21 23:34:19.448000 16515.946 3.569 49.126 33.411 51.302 4.074 3.7761 3.5801 27.8402 26.759 12.9828 10.0708 4.1487 16.2613 15.8988 7.903 1.16995144474 18.2586
2016-11-21 23:35:29.316000 16585.814 3.556 49.126 33.635 51.304 4.159 3.7762 3.5798 27.8423 26.7596 12.9944 10.0694 4.1479 16.2881 15.9293 7.903 1.15237764973 18.2984
2016-11-21 23:36:38.964000 16655.462 3.347 49.122 33.737 51.299 4.162 3.7786 3.5823 27.8406 26.7559 13.006 10.0682 4.1502 16.3109 15.953 7.904 1.15031014443 18.3187
2016-11-21 23:37:48.671000 16725.169 3.548 49.121 33.264 51.297 4.162 3.7786 3.582 27.8369 26.7596 13.0181 10.067 4.1506 16.3368 15.972 7.904 1.16788393945 18.3483
2016-11-21 23:38:58.374000 16794.872 3.573 49.119 33.509 51.295 4.162 3.778 3.5819 27.84 26.7587 13.0301 10.0657 4.1505 16.3607 15.9921 7.904 1.15444515502 18.3828
2016-11-21 23:40:08.146000 16864.644 3.347 49.118 33.84 51.297 4.162 3.7783 3.5817 27.8406 26.759 13.0416 10.0646 4.1505 16.3963 16.0144 7.904 1.15237764973 18.4072
2016-11-21 23:41:17.985000 16934.483 3.371 49.117 33.347 51.297 4.158 3.7789 3.5828 27.8416 26.7551 13.0535 10.0633 4.1504 16.4282 16.0315 7.904 1.16271517621 18.4267
2016-11-21 23:42:27.810000 17004.308 3.572 49.116 33.567 51.296 4.163 3.7786 3.5823 27.8371 26.7605 13.0653 10.0619 4.1505 16.4532 16.0594 7.904 1.15547890767 18.4447
2016-11-21 23:43:37.667000 17074.165 3.528 49.116 33.788 51.295 4.162 3.7779 3.5824 27.8416 26.759 13.0768 10.0606 4.1504 16.4838 16.0829 7.904 1.16581643415 18.4591
2016-11-21 23:44:47.614000 17144.112 3.395 49.116 34.01 51.293 4.161 3.777 3.581 27.841 26.7592 13.0881 10.0592 4.1489 16.5083 16.0976 7.903 1.15444515502 18.5037
2016-11-21 23:45:57.531000 17214.029 3.348 49.116 33.801 51.294 4.147 3.7778 3.582 27.8379 26.7551 13.0999 10.0579 4.15 16.5392 16.1222 7.903 1.15754641297 18.5368
2016-11-21 23:47:07.506000 17284.004 3.349 49.113 33.671 51.29 4.162 3.7779 3.5819 27.841 26.7599 13.111 10.0565 4.1498 16.5581 16.1478 7.903 1.16374892886 18.5479
2016-11-21 23:48:17.728000 17354.226 3.369 49.113 33.413 51.291 4.161 3.7776 3.5816 27.8416 26.759 13.1226 10.0551 4.1491 16.5898 16.1699 7.903 1.16995144474 18.5701
2016-11-21 23:49:27.771000 17424.27 3.404 49.114 33.202 51.293 4.16 3.7764 3.5808 27.8389 26.759 13.134 10.0538 4.1481 16.611 16.1869 7.903 1.15754641297 18.6067
2016-11-21 23:50:37.884000 17494.382 3.483 49.114 33.185 51.293 4.16 3.7756 3.5796 27.8406 26.7587 13.1455 10.0524 4.1476 16.6379 16.2104 7.902 1.15961391826 18.6281
2016-11-21 23:51:48.060000 17564.558 3.366 49.116 33.378 51.294 4.159 3.7756 3.5796 27.8421 26.7551 13.1569 10.0509 4.147 16.6636 16.2248 7.902 1.16064767091 18.6501
2016-11-21 23:52:58.231000 17634.729 3.411 49.118 33.175 51.294 4.159 3.775 3.5788 27.8416 26.7583 13.1683 10.0494 4.1468 16.6727 16.2525 7.901 1.15341140238 18.6812
2016-11-21 23:54:08.482000 17704.98 3.348 49.115 33.58 51.293 4.039 3.7748 3.5794 27.8416 26.7592 13.1799 10.048 4.1465 16.7122 16.2693 7.902 1.15961391826 18.6987
2016-11-21 23:55:18.746000 17775.244 3.37 49.116 33.338 51.292 4.158 3.774 3.5784 27.8369 26.7581 13.1917 10.0467 4.1456 16.7381 16.2901 7.901 1.1647826815 18.7162
2016-11-21 23:56:29.005000 17845.503 3.348 49.117 33.839 51.295 4.159 3.7747 3.579 27.841 26.7587 13.2031 10.0453 4.1468 16.7604 16.3095 7.901 1.15444515502 18.7475
2016-11-21 23:57:39.442000 17915.94 3.464 49.113 33.587 51.29 4.16 3.7755 3.5801 27.8412 26.7551 13.2149 10.0439 4.1481 16.7869 16.3191 7.902 1.16064767091 18.7741
2016-11-21 23:58:49.860000 17986.358 3.379 49.113 33.967 51.289 4.161 3.7762 3.5817 27.8412 26.7592 13.2264 10.0426 4.1487 16.8121 16.3484 7.902 1.16788393945 18.7957
