#Human readable time. Time (s) since start. Lakeshore temperature sensor 218 T1,3,5,6,8 and 224 C2,C3,C4,C5,D2,D3,D5,A,B
2016-12-01 08:20:18.503000 0.001 3.392 48.457 33.801 50.566 4.095 4.0217 3.5387 27.8224 26.7142 2.4619 4.3094 3.9419 2.4842 1.3238 7.79 -1 3.362
2016-12-01 08:21:19.414000 60.912 3.544 48.456 33.116 50.566 4.094 4.0186 3.5385 27.8224 26.7094 2.4613 4.3094 3.9415 2.5043 1.3097 7.789 21.3444313065 3.1312
2016-12-01 08:22:19.921000 121.419 3.39 48.456 33.03 50.566 4.094 4.0103 3.5361 27.8171 23.8178 2.4631 4.3092 3.9402 2.5168 1.2966 7.789 22.6654266552 2.9994
2016-12-01 08:23:20.346000 181.844 3.347 48.459 32.949 50.566 4.092 4.0006 3.5331 27.8159 21.7401 2.467 4.3089 3.9385 2.5255 1.2857 7.788 21.7100711227 2.905
2016-12-01 08:24:20.782000 242.28 3.355 48.456 33.333 50.567 4.092 3.9912 3.5314 27.8196 19.9321 2.4726 4.3086 3.9385 2.5319 1.277 7.788 20.9801678153 2.8329
2016-12-01 08:25:21.251000 302.749 3.378 48.454 33.769 50.564 4.091 3.9816 3.5302 27.8213 18.0964 2.4794 4.3084 3.9382 2.537 1.27 7.788 22.5679747505 2.7769
2016-12-01 08:26:21.747000 363.245 3.515 48.454 33.619 50.564 4.089 3.9717 3.5278 27.8213 16.1224 2.4866 4.3079 3.9357 2.5414 1.2646 7.787 21.8014810767 2.7321
2016-12-01 08:27:22.376000 423.874 3.367 48.454 33.19 50.564 4.087 3.9625 3.5255 27.8196 14.0707 2.4938 4.3071 3.9333 2.5444 1.2605 7.786 21.3444313065 2.6955
2016-12-01 08:28:23.109000 484.607 3.351 48.456 33.684 50.567 4.085 3.9526 3.5341 27.1278 12.166 2.5008 4.3057 3.9312 2.5471 1.2573 7.785 22.4705228458 2.665
2016-12-01 08:29:23.708000 545.206 3.492 48.457 33.695 50.569 4.083 3.9439 3.5692 23.8943 10.4679 2.5068 4.3042 3.929 2.5491 1.2549 7.784 21.8014810767 2.6416
2016-12-01 08:30:24.340000 605.838 3.384 48.456 33.267 50.568 4.081 3.9362 3.6169 21.2567 8.8673 2.5125 4.3029 3.9265 2.5506 1.2531 7.783 22.2756190364 2.6216
2016-12-01 08:31:25.070000 666.568 3.344 48.457 33.538 50.568 4.079 3.932 3.6606 18.696 7.4687 2.5173 4.3014 3.9252 2.5515 1.2516 7.782 22.4705228458 2.6052
2016-12-01 08:32:25.843000 727.341 3.567 48.46 33.786 50.569 4.078 3.9447 3.6974 15.9446 6.4235 2.5215 4.2999 3.9231 2.5526 1.2506 7.781 21.8014810767 2.5913
2016-12-01 08:33:26.882000 788.38 3.35 48.459 33.7 50.57 4.072 4.1453 3.7277 13.1837 5.731 2.5253 4.2977 3.916 2.5531 1.2498 7.779 22.3730709411 2.5789
2016-12-01 08:34:27.704000 849.202 3.465 48.458 33.752 50.569 4.061 4.5742 3.753 10.8279 5.2715 2.5274 4.2919 3.9044 2.5532 1.2492 7.774 21.3444313065 2.569
2016-12-01 08:35:28.543000 910.041 3.394 48.458 33.017 50.568 4.056 4.8133 3.7722 8.6895 4.9836 2.5286 4.286 3.8996 2.5529 1.249 7.771 21.2530213524 2.5602
2016-12-01 08:36:29.417000 970.915 3.479 48.458 33.753 50.568 4.055 4.9997 3.7881 6.8389 4.8016 2.5289 4.2818 3.8978 2.5524 1.2488 7.769 21.9843009848 2.5527
2016-12-01 08:37:30.298000 1031.796 3.382 48.457 33.336 50.569 4.054 5.1745 3.8016 5.4375 4.6766 2.5281 4.279 3.8968 2.5519 1.2487 7.768 22.5679747505 2.5463
2016-12-01 08:38:31.235000 1092.733 3.34 48.457 33.493 50.568 4.055 5.351 3.8132 4.5272 4.5898 2.5271 4.2772 3.8976 2.5511 1.2488 7.768 21.3444313065 2.5407
2016-12-01 08:39:32.194000 1153.692 3.573 48.456 33.262 50.569 4.056 5.5264 3.8229 4.0817 4.5273 2.5253 4.2763 3.8982 2.55 1.2489 7.768 21.4358412605 2.5358
2016-12-01 08:40:33.242000 1214.74 3.343 48.457 33.624 50.566 4.056 5.706 3.8315 3.9145 4.4829 2.5231 4.2758 3.8986 2.549 1.2491 7.769 22.4705228458 2.5316
2016-12-01 08:41:34.291000 1275.789 3.36 48.453 33.158 50.568 4.056 5.8874 3.8394 3.8596 4.4502 2.5204 4.2756 3.8983 2.5477 1.2493 7.769 21.2530213524 2.5279
2016-12-01 08:42:35.402000 1336.9 3.531 48.456 33.549 50.565 4.055 6.0653 3.8468 3.8411 4.4263 2.5173 4.2752 3.8981 2.5465 1.2496 7.769 22.6654266552 2.5251
