#Human readable time. Time (s) since start. Lakeshore temperature sensor 218 T1,3,5,6,8 and 224 C2,C3,C4,C5,D2,D3,D5,A,B
2016-12-05 12:22:55.139000 0.001 3.397 49.438 33.208 51.654 4.048 3.7944 3.5308 3.8117 4.3557 4.4764 4.2075 3.8883 4.8322 4.7112 7.868 -1 4.9949
2016-12-05 12:23:55.909000 60.771 3.323 49.439 33.666 51.656 4.048 3.7946 3.531 3.8119 4.3556 4.4762 4.2075 3.8884 4.833 4.7096 7.868 13.0896000526 4.9941
2016-12-05 12:24:56.301000 121.163 3.38 49.437 34.046 51.654 4.169 17.3518 3.5647 4.0759 4.5487 4.5252 4.2976 4.0351 4.8333 4.8894 7.891 12.6409181933 4.9983
2016-12-05 12:25:56.709000 181.571 3.625 49.438 33.938 51.655 4.572 22.8057 3.7835 5.2463 5.5445 4.8285 4.8197 4.495 4.8472 5.4181 8.054 13.1364061137 5.0388
2016-12-05 12:26:57.190000 242.052 3.833 49.438 33.567 51.657 1.0 27.5873 4.2848 6.6312 6.7819 5.3587 5.5673 4.8431 4.8773 5.5881 8.236 12.6409181933 5.1245
2016-12-05 12:27:57.662000 302.524 3.701 49.449 33.323 51.665 4.51 31.8903 4.9547 8.0567 8.1557 5.9001 6.301 5.1143 4.9228 5.6665 8.394 13.1364061137 5.2405
2016-12-05 12:28:58.205000 363.067 3.703 49.463 33.858 51.681 5.261 34.8957 5.6811 9.3932 9.4566 6.3965 6.9885 5.3226 4.9832 5.7459 8.528 12.5965087969 5.3756
2016-12-05 12:29:58.757000 423.619 3.87 49.479 34.208 51.696 5.478 37.4094 6.3717 10.5522 10.6221 6.8769 7.6371 5.4877 5.054 5.8305 8.648 12.8185557792 5.5245
2016-12-05 12:30:59.364000 484.226 4.07 49.501 34.088 51.713 3.76 39.6462 6.9881 11.5461 11.611 7.3306 8.225 5.634 5.132 5.9156 8.752 12.7297369863 5.6793
2016-12-05 12:32:00.018000 544.88 3.886 49.519 33.588 51.734 5.595 41.6182 6.6954 12.4202 12.3395 7.7404 8.7517 5.7703 5.2532 5.9863 8.844 12.9073745722 5.8382
2016-12-05 12:33:00.672000 605.534 3.922 49.54 34.202 51.753 1.0 43.3735 5.9848 13.1743 13.1332 8.1093 9.2115 5.8989 5.3846 6.0465 8.93 12.5965087969 5.9948
2016-12-05 12:34:01.388000 666.25 4.212 49.564 34.22 51.776 5.927 44.948 6.1199 13.8291 13.8958 8.4413 9.6159 6.0353 5.481 6.1132 9.016 12.9073745722 6.1502
2016-12-05 12:35:02.144000 727.006 4.055 49.591 33.692 51.8 4.38 46.3807 6.3327 14.3953 14.5291 8.7378 9.9762 6.1778 5.5822 6.1938 9.105 13.0427939915 6.2991
2016-12-05 12:36:02.900000 787.762 4.068 49.618 34.198 51.827 4.5 47.7219 6.5423 14.888 15.07 9.0108 10.2904 6.3334 5.6817 6.2868 9.199 12.5965087969 6.4449
2016-12-05 12:37:03.703000 848.565 4.487 49.645 33.885 51.855 5.321 48.41 6.5801 15.2525 15.4722 9.1468 10.4544 6.3673 5.7702 6.2855 9.262 12.8185557792 6.5667
2016-12-05 12:38:04.556000 909.418 4.086 49.674 34.314 51.884 6.265 48.5743 6.5162 15.2901 15.6074 9.1239 10.4356 6.3375 5.8457 6.2414 9.28 13.2300182358 6.6524
2016-12-05 12:39:05.432000 970.294 4.243 49.703 34.441 51.909 6.174 48.8352 6.3726 15.0157 15.5049 9.0331 10.3104 6.235 5.9067 6.1555 9.253 12.5076900039 6.7041
2016-12-05 12:40:06.330000 1031.192 4.063 49.728 33.697 51.935 6.04 49.2383 6.1899 14.5607 15.2253 8.9065 10.1138 6.0856 5.9529 6.0222 9.187 12.6853275898 6.7211
2016-12-05 12:41:07.271000 1092.133 4.174 49.749 34.405 51.957 5.891 49.7297 6.0068 14.0118 14.846 8.7493 9.8715 5.9259 5.9903 5.8646 9.1 13.0427939915 6.7145
2016-12-05 12:42:08.240000 1153.102 3.925 49.768 33.697 51.975 1.0 50.2353 5.8405 13.4595 14.4179 8.5727 9.6067 5.778 6.0188 5.7044 9.008 12.6853275898 6.689
2016-12-05 12:43:09.287000 1214.149 4.052 49.78 34.358 51.985 3.796 50.723 5.7106 12.9367 13.981 8.3807 9.3361 5.6524 6.0405 5.561 8.923 12.6409181933 6.6592
2016-12-05 12:44:10.355000 1275.217 3.81 49.789 33.767 51.998 4.954 50.9147 5.5704 12.4295 13.5336 8.1421 9.0266 5.5064 6.056 5.3826 8.837 13.1364061137 6.6233
2016-12-05 12:45:11.449000 1336.311 3.955 49.796 34.24 52.0 5.085 50.7444 5.4738 11.8336 13.0187 7.8493 8.662 5.3724 6.0636 5.2086 8.75 12.5076900039 6.5808
2016-12-05 12:46:12.593000 1397.455 3.721 49.797 34.364 52.005 5.271 50.5012 5.4514 11.1645 12.4299 7.5427 8.2711 5.2478 6.0634 5.0657 8.668 12.7741463827 6.533
2016-12-05 12:47:13.770000 1458.632 3.765 49.798 33.56 52.007 1.0 50.2572 5.5166 10.4563 11.8004 7.237 7.8859 5.1356 6.0596 4.9596 8.592 13.1832121747 6.4829
2016-12-05 12:48:14.968000 1519.83 3.91 49.797 34.334 52.003 1.0 50.0219 5.6511 9.7487 11.1537 6.9417 7.5213 5.0435 6.0523 4.8528 8.53 12.5520994004 6.4315
2016-12-05 12:49:16.196000 1581.058 3.584 49.791 34.115 52.0 3.705 49.7782 5.795 9.0681 10.5033 6.6662 7.1834 4.9563 6.0442 4.7537 8.477 13.1364061137 6.3794
2016-12-05 12:50:17.465000 1642.327 3.595 49.787 33.766 51.997 4.461 49.543 5.9125 8.4319 9.8639 6.41 6.8824 4.8743 6.032 4.656 8.432 12.6409181933 6.3256
2016-12-05 12:51:18.817000 1703.68 3.76 49.778 34.088 51.989 4.439 49.6537 6.0204 7.9351 9.2898 6.1983 6.639 4.8379 6.0205 4.6082 8.4 13.1832121747 6.2763
2016-12-05 12:52:20.155000 1765.017 3.582 49.774 34.289 51.987 3.701 50.1386 6.1306 7.7602 8.9598 6.0401 6.48 4.8135 6.0086 4.5805 8.38 12.5965087969 6.2328
2016-12-05 12:53:21.562000 1826.424 3.552 49.769 33.774 51.979 3.957 50.7264 6.2509 7.8361 8.8656 5.9199 6.3874 4.7906 5.9968 4.5592 8.366 12.5965087969 6.1941
2016-12-05 12:54:23.004000 1887.866 3.606 49.76 33.981 51.974 4.776 51.0159 6.3645 7.954 8.8582 5.7913 6.2954 4.7341 5.9828 4.5032 8.344 13.1832121747 6.1585
2016-12-05 12:55:24.454000 1949.316 3.62 49.753 34.262 51.965 4.834 51.0327 27.9904 7.8836 8.7623 5.6532 6.1812 4.7725 6.0316 4.4862 8.341 12.6853275898 6.1257
2016-12-05 12:56:25.966000 2010.828 3.734 49.745 34.039 51.958 1.454 51.0851 36.1486 7.6945 8.5885 5.5683 6.1121 4.7972 5.4368 4.5019 8.352 12.5520994004 6.0889
2016-12-05 12:57:27.514000 2072.376 3.565 49.736 33.567 51.95 1.0 51.1269 41.4595 7.4814 8.3948 5.5558 6.109 4.7942 5.0724 4.5041 8.356 12.8629651757 6.0195
2016-12-05 12:58:29.064000 2133.926 3.533 49.73 33.868 51.946 3.392 51.1035 46.2665 7.2986 8.2284 5.6073 6.1709 4.7729 4.8597 4.4879 8.351 12.5965087969 5.942
2016-12-05 12:59:30.691000 2195.553 3.571 49.726 33.499 51.942 4.391 51.0562 50.7697 7.1727 8.1198 5.7083 6.2869 4.7451 4.7196 4.4617 8.338 13.1832121747 5.8674
2016-12-05 13:00:32.331000 2257.193 3.718 49.72 33.547 51.935 4.74 50.9587 52.6265 7.0685 8.0322 5.7385 6.3493 4.6783 4.5553 4.4121 8.312 12.5520994004 5.79
2016-12-05 13:01:33.983000 2318.845 3.564 49.714 33.891 51.928 1.0 50.847 52.8029 6.8966 7.885 5.6748 6.3055 4.6258 4.4683 4.3676 8.285 12.8629651757 5.7018
2016-12-05 13:02:35.747000 2380.609 3.733 49.706 33.615 51.923 4.609 50.7378 52.6325 6.6705 7.6747 5.5745 6.1993 4.5814 4.4121 4.3296 8.258 12.5965087969 5.6114
2016-12-05 13:03:37.474000 2442.337 3.581 49.696 33.386 51.913 1.0 50.6402 52.4155 6.4342 7.4363 5.4615 6.0692 4.5496 4.3679 4.2942 8.238 12.8629651757 5.5123
2016-12-05 13:04:39.244000 2504.106 3.713 49.69 33.769 51.906 1.0 50.5467 52.2008 6.2113 7.1917 5.3447 5.9259 4.5202 4.3303 4.2599 8.22 12.5076900039 5.4169
2016-12-05 13:05:41.031000 2565.893 3.667 49.682 33.509 51.898 2.438 50.4549 51.9793 6.0108 6.957 5.2304 5.7819 4.4931 4.2936 4.2285 8.205 12.5965087969 5.3208
2016-12-05 13:06:42.879000 2627.741 3.661 49.674 33.882 51.889 3.803 50.3836 51.7587 5.8216 6.7388 5.1219 5.6436 4.4693 4.2611 4.198 8.191 12.9961933651 5.2263
2016-12-05 13:07:44.784000 2689.646 3.695 49.667 33.655 51.884 4.54 50.3078 51.5374 5.652 6.541 5.0202 5.5181 4.4473 4.2287 4.1703 8.178 12.5076900039 5.136
2016-12-05 13:08:46.694000 2751.556 3.622 49.661 33.443 51.876 1.0 50.2368 51.3122 5.5021 6.3646 4.9266 5.4071 4.4275 4.1993 4.1445 8.167 12.5520994004 5.0506
2016-12-05 13:09:48.652000 2813.514 3.51 49.652 33.323 51.868 2.135 50.1705 51.0991 5.3707 6.2078 4.8417 5.3092 4.4098 4.1716 4.1197 8.156 13.2300182358 4.9662
2016-12-05 13:10:50.643000 2875.505 3.459 49.644 33.492 51.86 1.704 50.1063 50.8803 5.2551 6.0694 4.7654 5.2246 4.3929 4.147 4.099 8.146 12.6409181933 4.8861
2016-12-05 13:11:52.664000 2937.526 3.431 49.635 33.8 51.852 1.14 50.0459 50.6581 5.1562 5.9461 4.6975 5.1511 4.3776 4.1227 4.0793 8.137 12.8629651757 4.8153
2016-12-05 13:12:54.743000 2999.605 3.434 49.628 34.049 51.846 3.118 49.988 50.4484 5.0701 5.834 4.6371 5.0875 4.3635 4.1021 4.0611 8.129 12.7297369863 4.746
2016-12-05 13:13:56.850000 3061.712 3.503 49.623 34.13 51.84 4.247 49.9307 50.2332 4.997 5.734 4.5837 5.0323 4.3499 4.0828 4.0437 8.121 12.9961933651 4.6814
2016-12-05 13:14:58.971000 3123.833 3.564 49.617 33.36 51.836 1.0 50.2133 50.024 5.0289 5.7242 4.5486 5.0063 4.3863 4.0748 4.0606 8.128 12.5965087969 4.6234
2016-12-05 13:16:01.109000 3185.971 4.055 49.613 33.302 51.827 6.454 49.5955 49.8275 17.662 6.3315 4.5528 5.2131 6.6494 4.1676 4.1202 8.602 13.0896000526 4.5759
2016-12-05 13:17:03.261000 3248.123 5.035 49.594 33.647 51.812 8.409 44.8701 49.5793 21.3229 8.0679 4.7109 6.4065 8.7511 4.1686 4.0491 10.094 12.5520994004 4.5422
2016-12-05 13:18:05.476000 3310.338 5.623 49.62 34.694 51.845 8.564 41.55 49.7184 23.5166 8.8493 4.7898 7.1806 9.0096 4.1048 3.9459 10.765 13.1364061137 4.5079
2016-12-05 13:19:07.731000 3372.593 5.736 49.733 34.682 51.954 8.646 38.9654 50.0114 24.9698 9.1574 4.8 7.6368 8.9117 3.9967 3.8266 10.983 12.5076900039 4.4653
2016-12-05 13:20:10.011000 3434.873 5.102 49.854 34.461 52.058 8.468 36.593 50.3108 26.1574 9.2366 4.7699 7.9016 8.7115 3.8581 3.6908 10.991 13.1364061137 4.4109
2016-12-05 13:21:12.316000 3497.178 4.965 49.953 34.731 52.147 8.257 34.2859 50.2407 26.964 9.1864 4.7086 8.0394 8.4623 3.6908 3.5391 10.895 13.0896000526 4.3466
2016-12-05 13:22:14.659000 3559.521 5.332 50.027 34.807 52.221 8.024 31.9404 49.9743 27.5131 9.0526 4.6215 8.0839 8.2097 3.5201 3.3704 10.746 12.4232046816 4.2662
2016-12-05 13:23:17.107000 3621.969 4.831 50.092 34.32 52.283 7.774 29.2474 49.6677 27.8696 8.8644 4.5131 8.0601 7.9413 3.3369 3.1885 10.569 13.1364061137 4.1703
2016-12-05 13:24:19.528000 3684.39 4.812 50.144 34.985 52.331 7.519 26.6107 49.6699 28.1799 8.6432 4.3899 7.9866 7.676 3.1173 3.0089 10.392 12.5965087969 4.0619
2016-12-05 13:25:21.988000 3746.85 4.829 50.186 34.235 52.374 7.291 24.3316 49.8377 28.4367 8.4044 4.2552 7.8787 7.4116 2.9542 2.835 10.219 13.1832121747 3.9402
2016-12-05 13:26:24.495000 3809.357 4.42 50.221 34.661 52.406 6.866 22.5127 49.993 28.6173 8.1564 4.113 7.7442 7.163 2.7903 2.6594 10.045 12.5520994004 3.8109
2016-12-05 13:27:27.035000 3871.897 4.679 50.25 34.698 52.434 6.772 21.0248 50.149 28.717 7.9047 3.9663 7.5906 6.917 2.6129 2.4833 9.871 12.9517839686 3.6753
2016-12-05 13:28:29.610000 3934.473 4.275 50.271 34.262 52.458 6.617 19.7224 50.3165 28.7654 7.6578 3.8134 7.4254 6.6878 2.428 2.3106 9.704 12.5076900039 3.5333
2016-12-05 13:29:32.215000 3997.077 4.284 50.291 34.883 52.478 6.408 18.5933 50.1357 28.777 7.4139 3.6576 7.2511 6.4598 2.2436 2.1474 9.543 13.1832121747 3.3846
2016-12-05 13:30:34.858000 4059.72 4.068 50.302 34.147 52.49 6.084 17.7435 49.8096 28.7721 7.1867 3.5082 7.0764 6.2835 2.1222 2.0482 9.41 12.8185557792 3.2325
2016-12-05 13:31:37.520000 4122.382 4.315 50.31 34.601 52.497 1.282 16.7823 49.4953 28.7418 6.9786 3.3779 6.9091 6.116 2.018 1.9149 9.296 12.9961933651 3.0821
2016-12-05 13:32:40.239000 4185.101 3.999 50.307 34.042 52.498 1.0 15.7549 49.5666 28.6943 6.7877 3.2489 6.7479 5.9537 1.8886 1.767 9.189 12.4652419631 2.9354
2016-12-05 13:33:42.977000 4247.839 4.234 50.307 34.316 52.501 5.614 14.6878 49.8357 28.6331 6.6078 3.1195 6.5928 5.7824 1.7304 1.6097 9.082 12.8185557792 2.791
2016-12-05 13:34:45.776000 4310.638 3.81 50.302 34.251 52.493 1.397 13.5918 50.1336 28.5703 6.4365 2.9853 6.4391 5.607 1.5543 1.4467 8.972 12.8629651757 2.6455
2016-12-05 13:35:48.606000 4373.468 3.959 50.294 33.954 52.487 1.026 12.5191 50.45 28.4879 6.2681 21.5853 6.2865 5.4267 1.3797 1.2899 8.858 12.8629651757 2.4999
2016-12-05 13:36:51.519000 4436.381 3.911 50.282 34.444 52.477 4.315 11.4813 50.3932 28.3997 6.1016 26.7223 6.1314 5.2496 1.2215 1.1461 8.744 12.6409181933 2.3546
2016-12-05 13:37:54.527000 4499.389 3.612 50.265 34.486 52.462 4.918 10.3939 50.146 28.3037 5.929 30.0355 5.9741 5.0664 1.122 1.0293 8.631 13.0427939915 2.1526
2016-12-05 13:38:57.518000 4562.38 3.603 50.244 33.813 52.443 1.0 9.2845 49.8855 28.2057 5.7504 32.3087 5.8086 4.888 1.0275 0.9436 8.522 12.9961933651 0.9683
2016-12-05 13:40:00.542000 4625.404 3.776 50.221 33.985 52.421 4.462 8.0939 49.628 28.1006 5.5733 29.2569 5.6413 4.7136 0.9659 0.9146 8.424 12.8629651757 0.9356
2016-12-05 13:41:03.600000 4688.462 3.564 50.196 34.457 52.4 3.915 7.0231 49.7975 27.9973 5.4065 27.7139 5.4783 4.5576 0.9304 0.8979 8.334 12.6409181933 0.9191
2016-12-05 13:42:06.662000 4751.524 3.435 50.172 34.01 52.374 2.708 6.2638 50.1793 27.9504 5.2692 27.1428 5.3277 4.4395 0.9105 0.8847 8.259 12.9073745722 0.9061
2016-12-05 13:43:09.761000 4814.623 3.411 50.142 33.64 52.346 1.0 5.7628 50.5741 27.9169 5.1669 26.9106 5.1968 4.3594 0.8968 0.8751 8.202 12.6853275898 0.8968
2016-12-05 13:44:12.914000 4877.776 3.521 50.114 33.582 52.323 4.4 5.4016 50.5655 27.8918 5.0888 26.8502 5.0868 4.3047 0.8863 0.868 8.162 12.5520994004 0.8899
2016-12-05 13:45:16.086000 4940.948 3.57 50.084 34.152 52.296 1.0 5.1403 50.3419 27.8778 5.0217 26.8608 4.9959 4.2637 0.8791 0.8631 8.132 13.1832121747 0.885
2016-12-05 13:46:19.289000 5004.151 3.568 50.057 34.104 52.268 1.0 4.9455 50.0962 27.8679 4.9665 26.9007 4.9196 4.2343 0.874 0.8596 8.111 12.5965087969 0.8815
2016-12-05 13:47:22.555000 5067.417 3.4 50.031 34.269 52.243 4.292 4.7994 49.8371 27.8633 4.9212 26.9538 4.8569 4.2127 0.8702 0.8571 8.094 13.1832121747 0.8791
2016-12-05 13:48:25.867000 5130.729 3.405 50.005 34.285 52.22 3.489 4.6853 49.5849 27.8598 4.8855 27.0106 4.8049 4.1959 0.8675 0.8552 8.082 12.5076900039 0.8773
2016-12-05 13:49:29.215000 5194.077 3.413 49.98 33.666 52.197 1.0 4.6008 49.765 27.8592 4.8608 27.0694 4.7629 4.186 0.8665 0.8546 8.073 12.8629651757 0.8767
2016-12-05 13:50:32.580000 5257.442 3.392 49.953 33.643 52.172 2.016 4.5367 50.1516 27.8571 4.8528 27.1257 4.7304 4.1819 0.8657 0.854 8.067 12.5076900039 0.8761
2016-12-05 13:51:35.994000 5320.856 3.391 49.928 33.647 52.146 3.292 4.4886 50.5467 27.8584 4.8537 27.1802 4.7056 4.1817 0.8651 0.8537 8.064 12.9961933651 0.8758
2016-12-05 13:52:39.434000 5384.296 3.392 49.902 33.686 52.122 3.984 4.4468 50.5425 27.8608 4.8527 27.2277 4.6841 4.1784 0.8639 0.8527 8.061 12.5965087969 0.8748
2016-12-05 13:53:42.890000 5447.752 3.387 49.882 33.669 52.103 2.642 4.409 50.3168 27.8575 4.8422 27.275 4.6624 4.1716 0.8629 0.852 8.057 12.6853275898 0.8742
2016-12-05 13:54:46.420000 5511.282 3.382 49.862 33.693 52.086 2.315 4.3776 50.0608 27.8564 4.8291 27.3124 4.6414 4.1654 0.8623 0.8516 8.053 12.9961933651 0.8738
2016-12-05 13:55:49.956000 5574.818 3.378 49.845 33.723 52.066 4.21 4.3503 49.8112 27.8595 4.8159 27.3517 4.6218 4.1595 0.8617 0.8512 8.048 12.5076900039 0.8734
2016-12-05 13:56:53.535000 5638.397 3.38 49.826 33.688 52.048 3.059 4.3285 49.5636 27.8613 4.804 27.3862 4.6041 4.1553 0.8612 0.8509 8.044 13.1364061137 0.8731
2016-12-05 13:57:57.141000 5702.003 3.378 49.805 33.786 52.027 4.275 4.314 49.7332 27.8626 4.7983 27.4212 4.5891 4.1556 0.8618 0.8514 8.041 12.5520994004 0.8736
2016-12-05 13:59:00.786000 5765.648 3.505 49.787 34.121 52.011 3.611 4.304 50.123 27.8613 4.8039 27.4506 4.5788 4.1592 0.8622 0.8517 8.041 13.0896000526 0.8739
2016-12-05 14:00:04.466000 5829.328 3.464 49.771 34.155 51.992 4.287 4.2971 50.5212 27.8581 4.8152 27.4754 4.5719 4.163 0.8624 0.8518 8.041 12.5520994004 0.8741
2016-12-05 14:01:08.198000 5893.06 3.607 49.754 34.149 51.979 4.286 4.287 50.5167 27.8633 4.8221 27.5044 4.565 4.1628 0.8618 0.8513 8.04 12.9517839686 0.8736
2016-12-05 14:02:11.957000 5956.819 3.601 49.739 33.516 51.961 4.284 4.276 50.294 27.8645 4.8174 27.5264 4.5557 4.1597 0.8613 0.851 8.037 12.6409181933 0.8733
2016-12-05 14:03:15.762000 6020.624 3.401 49.726 33.52 51.948 4.163 4.2652 50.0449 27.8629 4.8087 27.5487 4.5456 4.1559 0.861 0.8508 8.035 12.6409181933 0.873
2016-12-05 14:04:19.558000 6084.42 3.417 49.713 33.387 51.933 2.383 4.2556 49.781 27.8633 4.8 27.5676 4.5354 4.1523 0.8607 0.8506 8.032 12.3811674 0.8728
2016-12-05 14:05:23.402000 6148.264 3.389 49.697 34.092 51.92 4.127 4.2507 49.533 27.8629 16.9995 27.5841 4.526 4.1533 0.8604 0.8505 8.029 12.9517839686 0.8727
2016-12-05 14:06:27.301000 6212.163 5.031 49.679 33.773 51.899 6.351 7.3718 25.837 28.5279 19.599 27.616 5.8092 7.4098 0.7868 0.8435 9.557 12.7741463827 0.8656
2016-12-05 14:07:31.244000 6276.106 4.004 49.691 34.362 51.923 1.0 5.7791 10.952 28.2154 21.1075 27.6376 6.0551 5.6637 0.4952 0.8247 9.276 12.9961933651 0.8449
2016-12-05 14:08:35.226000 6340.088 3.521 49.773 33.658 51.99 4.606 4.8164 5.6935 27.9767 21.9242 27.4944 5.745 4.6332 0.3866 0.8233 8.646 12.5076900039 0.8439
2016-12-05 14:09:39.222000 6404.084 3.409 49.787 33.917 51.998 2.997 4.467 4.4784 27.9122 22.6683 27.1536 5.3611 4.2845 0.349 0.8238 8.288 13.1364061137 0.844
2016-12-05 14:10:43.273000 6468.135 3.562 49.762 34.066 51.974 4.191 4.2896 4.0611 27.8745 23.2784 26.8345 5.0421 4.1281 0.3327 0.8249 8.114 12.5965087969 0.8448
2016-12-05 14:11:47.358000 6532.22 3.351 49.741 33.692 51.958 4.193 4.1806 3.8738 27.8581 23.8128 26.6245 4.8062 4.0439 0.3231 0.8263 8.026 12.8629651757 0.846
2016-12-05 14:12:51.502000 6596.364 3.426 49.72 34.115 51.938 4.151 4.1127 3.7756 27.8449 24.2536 26.4666 4.6457 3.9997 0.3169 0.8275 7.98 12.6853275898 0.847
2016-12-05 14:13:55.650000 6660.512 3.547 49.706 33.535 51.927 1.324 4.0664 3.7184 27.8369 24.6475 26.3634 4.54 3.9751 0.3127 0.8283 7.956 12.9073745722 0.8478
2016-12-05 14:14:59.885000 6724.747 3.375 49.7 34.12 51.917 1.812 4.0352 3.6834 27.8332 24.9267 26.3022 4.4705 3.9607 0.3097 0.829 7.943 12.6409181933 0.8484
2016-12-05 14:16:04.129000 6788.991 3.549 49.689 33.63 51.909 4.107 4.0136 3.6594 27.8245 25.2197 20.6301 4.4243 3.9531 0.3075 0.8293 7.935 12.7297369863 0.8487
2016-12-05 14:17:08.378000 6853.24 3.338 49.683 34.085 51.903 4.102 3.9975 3.6427 27.8255 25.4811 17.7295 4.392 3.9476 0.3057 0.8292 7.93 13.0427939915 0.8485
2016-12-05 14:18:12.693000 6917.555 3.401 49.674 33.768 51.898 4.1 3.9864 3.6308 27.8249 25.68 15.9205 4.3682 3.9453 0.3042 0.8286 7.927 12.5076900039 0.8477
2016-12-05 14:19:17.051000 6981.913 3.327 49.667 33.91 51.889 2.598 3.976 3.6217 27.8245 25.8421 14.6658 4.3496 3.9433 0.303 0.8276 7.925 12.9961933651 0.8465
2016-12-05 14:20:21.407000 7046.269 3.437 49.662 33.303 51.887 4.097 3.9685 3.6148 27.8245 25.9692 13.6656 4.3339 3.942 0.3019 0.8262 7.923 12.8185557792 0.8451
2016-12-05 14:21:25.825000 7110.687 3.462 49.654 34.062 51.878 4.06 3.9605 3.6088 27.8232 26.0951 12.7711 4.3206 3.9402 0.301 0.8245 7.922 12.9517839686 0.8434
2016-12-05 14:22:30.275000 7175.137 3.338 49.649 33.605 51.871 3.206 3.9549 3.6056 27.8242 26.2039 11.9329 4.3085 3.9404 0.3002 0.8229 7.921 12.3811674 0.8416
2016-12-05 14:23:34.864000 7239.726 3.553 49.641 33.615 51.866 4.083 3.9477 3.6007 27.8235 26.295 11.1193 4.2978 3.9386 0.2995 0.8212 7.92 12.8629651757 0.8399
2016-12-05 14:24:39.376000 7304.238 3.349 49.636 34.041 51.86 3.951 3.9421 3.5972 27.8228 26.3662 10.3359 4.2875 3.9374 0.2988 0.8196 7.918 12.3811674 0.8383
2016-12-05 14:25:43.933000 7368.795 3.384 49.629 33.283 51.854 4.093 3.9366 3.5943 27.8239 26.4281 9.5572 4.2783 3.9375 0.2981 0.818 7.918 13.1364061137 0.8366
2016-12-05 14:26:48.538000 7433.4 3.505 49.625 33.88 51.848 3.991 3.932 3.5916 27.8232 26.4753 8.8033 4.2699 3.9364 0.2975 0.8162 7.917 12.4652419631 0.8347
2016-12-05 14:27:53.202000 7498.064 3.414 49.618 33.599 51.844 4.091 3.9259 3.588 27.8228 26.5221 8.0811 4.2617 3.9352 0.297 0.8151 7.915 12.7741463827 0.8336
2016-12-05 14:28:57.862000 7562.724 3.368 49.615 33.38 51.836 4.09 3.9222 3.5852 27.8221 26.5528 7.3915 4.2543 3.9347 0.2965 0.8145 7.914 12.8629651757 0.833
2016-12-05 14:30:02.596000 7627.458 3.537 49.605 33.72 51.83 4.091 3.9197 3.5843 27.8232 26.5852 6.7642 4.2486 3.9353 0.2961 0.8142 7.914 12.8185557792 0.8326
2016-12-05 14:31:07.359000 7692.221 3.498 49.598 33.912 51.824 4.09 3.9167 3.5826 27.8171 26.6087 6.2092 4.2436 3.9343 0.2957 0.8139 7.913 12.9961933651 0.8322
2016-12-05 14:32:12.179000 7757.041 3.455 49.592 33.713 51.818 4.09 3.9144 3.582 27.8232 26.6317 5.7175 4.2394 3.9344 0.2954 0.8137 7.913 12.7741463827 0.8319
2016-12-05 14:33:17.009000 7821.871 3.34 49.589 33.554 51.816 3.964 3.9105 3.578 27.8221 26.6469 5.2627 4.235 3.9326 0.2951 0.8134 7.911 12.9517839686 0.8317
2016-12-05 14:34:21.905000 7886.767 3.365 49.583 33.376 51.809 4.089 3.909 3.5773 27.8218 26.6583 4.8659 4.2312 3.9332 0.2949 0.8132 7.91 12.297092837 0.8315
2016-12-05 14:35:26.803000 7951.665 3.388 49.58 33.245 51.804 3.887 3.9071 3.5762 27.8228 26.6747 4.527 4.228 3.9327 0.2947 0.8131 7.91 12.7741463827 0.8313
2016-12-05 14:36:31.730000 8016.592 3.446 49.574 33.237 51.798 4.089 3.9054 3.575 27.8221 26.6841 4.2388 4.225 3.9323 0.2944 0.813 7.909 12.9073745722 0.8312
2016-12-05 14:37:36.719000 8081.581 3.538 49.567 33.433 51.794 4.088 3.9042 3.5743 27.8199 26.6893 4.0002 4.2224 3.932 0.2943 0.8128 7.909 12.3391301185 0.831
2016-12-05 14:38:41.744000 8146.606 3.555 49.563 33.577 51.788 4.088 3.9017 3.5726 27.821 26.7015 3.8055 4.2199 3.9313 0.2941 0.8128 7.908 12.9517839686 0.831
2016-12-05 14:39:46.820000 8211.683 3.526 49.562 33.708 51.786 4.087 3.9001 3.5708 27.821 26.7072 3.6511 4.2174 3.9307 0.2939 0.8127 7.907 12.4232046816 0.8309
2016-12-05 14:40:51.916000 8276.778 3.499 49.556 33.886 51.781 4.087 3.8993 3.5708 27.8218 26.7078 3.5277 4.2151 3.9311 0.2937 0.8126 7.906 12.9961933651 0.8309
2016-12-05 14:41:57.031000 8341.893 3.455 49.551 34.023 51.775 4.087 3.8974 3.5705 27.8218 26.7166 3.4306 4.2131 3.9306 0.2936 0.8126 7.906 12.6853275898 0.8309
2016-12-05 14:43:02.191000 8407.053 3.547 49.546 33.645 51.771 4.086 3.8956 3.568 27.8207 26.7201 3.3549 4.2115 3.9297 0.2934 0.8126 7.905 12.6853275898 0.8308
2016-12-05 14:44:07.416000 8472.278 3.502 49.547 33.859 51.769 3.965 3.8947 3.567 27.8159 26.7236 3.2951 4.2094 3.9294 0.2932 0.8126 7.904 12.5076900039 0.8308
2016-12-05 14:45:12.659000 8537.521 3.537 49.54 33.408 51.762 4.087 3.8951 3.5683 27.8221 26.7206 3.248 4.2081 3.9306 0.2931 0.8126 7.904 13.1364061137 0.8308
2016-12-05 14:46:17.934000 8602.796 3.545 49.537 33.603 51.761 4.086 3.8931 3.5673 27.8221 26.7282 3.211 4.2069 3.9299 0.2929 0.8126 7.903 12.4652419631 0.8307
2016-12-05 14:47:23.255000 8668.117 3.431 49.534 33.214 51.756 4.086 3.8923 3.566 27.8203 26.7307 3.1813 4.2057 3.9298 0.2928 0.8125 7.903 12.8629651757 0.8307
2016-12-05 14:48:28.599000 8733.461 3.347 49.531 33.377 51.751 3.901 3.8923 3.5664 27.8168 26.7307 3.1567 4.2045 3.9302 0.2926 0.8125 7.902 12.5076900039 0.8308
2016-12-05 14:49:34.033000 8798.895 3.372 49.524 33.292 51.746 3.417 3.8914 3.5658 27.8207 26.7285 3.1366 4.2037 3.9306 0.2925 0.8125 7.902 12.7297369863 0.8307
2016-12-05 14:50:39.441000 8864.303 3.33 49.521 33.779 51.743 3.796 3.8912 3.5648 27.8218 26.7331 3.1197 4.2027 3.9305 0.2923 0.8125 7.902 12.8629651757 0.8308
2016-12-05 14:51:44.923000 8929.785 3.438 49.519 34.041 51.741 4.086 3.8899 3.5653 27.8221 26.7362 3.1054 4.2017 3.9302 0.2922 0.8125 7.901 12.5076900039 0.8307
2016-12-05 14:52:50.456000 8995.318 3.531 49.515 33.675 51.735 4.086 3.8887 3.5637 27.8235 26.7365 3.0924 4.2007 3.9298 0.2921 0.8125 7.901 12.3811674 0.8307
2016-12-05 14:53:56.001000 9060.863 3.333 49.514 33.247 51.733 4.086 3.8885 3.5628 27.8207 26.7362 3.081 4.1999 3.9297 0.2919 0.8125 7.9 12.6409181933 0.8308
2016-12-05 14:55:01.587000 9126.449 3.394 49.51 34.045 51.731 4.065 3.8879 3.5633 27.8179 26.7362 3.0704 4.1993 3.9298 0.2918 0.8125 7.9 12.3391301185 0.8307
2016-12-05 14:56:07.168000 9192.03 3.52 49.507 33.728 51.728 4.086 3.8871 3.5617 27.8171 26.7334 3.0606 4.1985 3.9297 0.2916 0.8125 7.899 12.7741463827 0.8307
2016-12-05 14:57:12.788000 9257.65 3.48 49.505 33.289 51.725 3.979 3.8869 3.5614 27.8213 26.7334 3.0515 4.1976 3.9288 0.2915 0.8125 7.899 12.8185557792 0.8307
2016-12-05 14:58:18.446000 9323.308 3.36 49.503 33.435 51.723 4.085 3.886 3.5605 27.821 26.7384 3.0428 4.1969 3.9288 0.2914 0.8125 7.898 12.4232046816 0.8307
2016-12-05 14:59:24.168000 9389.03 3.498 49.501 33.881 51.719 4.085 3.8848 3.5599 27.8221 26.7379 3.0347 4.1961 3.9284 0.2912 0.8125 7.898 12.8629651757 0.8307
2016-12-05 15:00:29.911000 9454.773 3.555 49.499 33.471 51.718 4.036 3.8844 3.5605 27.8199 26.7374 3.0268 4.1956 3.9286 0.2911 0.8125 7.897 12.5520994004 0.8307
2016-12-05 15:01:35.677000 9520.539 3.336 49.494 33.915 51.715 4.085 3.884 3.5593 27.8221 26.7395 3.0192 4.1938 3.9288 0.291 0.8125 7.897 12.5076900039 0.8307
2016-12-05 15:02:41.485000 9586.347 3.534 49.493 33.34 51.712 4.084 3.8831 3.5588 27.821 26.7389 3.0117 4.1946 3.9284 0.2908 0.8125 7.896 12.6853275898 0.8307
2016-12-05 15:03:47.340000 9652.202 3.372 49.49 33.28 51.712 4.061 3.8819 3.5569 27.8207 26.7395 3.0047 4.1939 3.9272 0.2907 0.8125 7.896 12.9961933651 0.8307
2016-12-05 15:04:53.258000 9718.12 3.482 49.489 33.948 51.71 4.0 3.8807 3.5557 27.8203 26.7384 2.9974 4.1929 3.9266 0.2906 0.8125 7.895 12.4652419631 0.8307
2016-12-05 15:05:59.236000 9784.098 3.358 49.49 33.344 51.712 4.082 3.8795 3.5544 27.821 26.7398 2.9902 4.1919 3.9258 0.2904 0.8125 7.894 12.9961933651 0.8307
2016-12-05 15:07:05.212000 9850.074 3.489 49.487 33.902 51.707 4.011 3.8794 3.5544 27.8203 26.7389 2.9831 4.1913 3.9256 0.2903 0.8125 7.894 12.3811674 0.8306
2016-12-05 15:08:11.244000 9916.107 3.355 49.483 33.373 51.701 4.083 3.8794 3.5547 27.8218 26.7389 2.9762 4.191 3.9266 0.2902 0.8125 7.894 12.8629651757 0.8306
2016-12-05 15:09:17.414000 9982.276 3.483 49.482 33.877 51.701 4.083 3.8792 3.555 27.821 26.7408 2.9697 4.1909 3.9266 0.2901 0.8125 7.894 12.3391301185 0.8307
2016-12-05 15:10:23.535000 10048.397 3.357 49.479 34.014 51.699 4.003 3.8787 3.5538 27.8213 26.7389 2.9629 4.1906 3.9263 0.2899 0.8125 7.894 12.9073745722 0.8307
2016-12-05 15:11:29.633000 10114.495 3.462 49.479 33.261 51.7 4.038 3.8778 3.5536 27.8213 26.7392 2.9567 4.19 3.9259 0.2898 0.8125 7.893 12.5965087969 0.8307
2016-12-05 15:12:35.802000 10180.664 3.383 49.476 34.028 51.693 4.083 3.8785 3.5535 27.8221 26.7386 2.9507 4.1898 3.9267 0.2897 0.8125 7.893 12.7297369863 0.8307
2016-12-05 15:13:42.017000 10246.879 3.331 49.474 33.718 51.692 4.084 3.8791 3.5554 27.8221 26.7384 2.9448 4.1901 3.928 0.2896 0.8125 7.893 12.3811674 0.8307
2016-12-05 15:14:48.269000 10313.131 3.556 49.47 33.515 51.69 4.085 3.8794 3.5552 27.8218 26.7408 2.9389 4.1904 3.9284 0.2895 0.8125 7.893 12.8629651757 0.8307
2016-12-05 15:15:54.539000 10379.401 3.485 49.467 33.964 51.688 4.083 3.8779 3.5528 27.8213 26.7392 2.9331 4.1902 3.9265 0.2894 0.8125 7.893 12.5076900039 0.8307
2016-12-05 15:17:00.854000 10445.716 3.357 49.47 33.357 51.688 4.075 3.8769 3.5511 27.8203 26.7352 2.9273 4.1894 3.9251 0.2892 0.8125 7.892 12.8185557792 0.8307
2016-12-05 15:18:07.195000 10512.057 3.477 49.468 33.21 51.687 4.084 3.8769 3.5521 27.8207 26.7359 2.9214 4.1888 3.9269 0.2891 0.8125 7.892 12.6409181933 0.8307
2016-12-05 15:19:13.632000 10578.494 3.544 49.462 33.654 51.68 4.087 3.8795 3.5558 27.8171 26.7392 2.9163 4.1896 3.9298 0.289 0.8126 7.893 12.5965087969 0.8307
2016-12-05 15:20:20.083000 10644.945 3.453 49.459 33.998 51.676 4.02 3.8808 3.5563 27.8218 26.7416 2.9113 4.1908 3.9317 0.2889 0.8126 7.894 12.3811674 0.8307
2016-12-05 15:21:26.550000 10711.412 3.342 49.462 33.932 51.679 3.744 3.8798 3.556 27.8228 26.7422 2.906 4.1915 3.9312 0.2888 0.8126 7.894 12.7297369863 0.8307
2016-12-05 15:22:33.079000 10777.941 3.349 49.466 33.479 51.683 4.087 3.8795 3.5558 27.8221 26.7438 2.901 4.1914 3.9306 0.2887 0.8126 7.894 12.9073745722 0.8307
2016-12-05 15:23:39.655000 10844.517 3.437 49.472 33.237 51.688 4.064 3.8787 3.5531 27.8224 26.7438 2.8958 4.191 3.9297 0.2886 0.8125 7.893 12.4232046816 0.8307
2016-12-05 15:24:46.276000 10911.138 3.556 49.478 33.578 51.694 4.084 3.8763 3.5517 27.8176 26.7404 2.8909 4.1902 3.9275 0.2885 0.8126 7.892 12.5965087969 0.8307
2016-12-05 15:25:52.913000 10977.775 3.488 49.484 33.294 51.7 3.946 3.8768 3.5518 27.8207 26.7449 2.886 4.1896 3.9281 0.2884 0.8126 7.892 12.297092837 0.8307
2016-12-05 15:26:59.594000 11044.456 3.535 49.487 33.677 51.705 4.084 3.8756 3.5503 27.8224 26.7447 2.8814 4.1892 3.9273 0.2882 0.8125 7.892 12.8185557792 0.8307
2016-12-05 15:28:06.300000 11111.162 3.543 49.495 34.027 51.712 4.082 3.874 3.5495 27.8221 26.7435 2.8766 4.1884 3.9255 0.2881 0.8125 7.892 12.5965087969 0.8307
2016-12-05 15:29:13.051000 11177.913 3.506 49.497 33.804 51.716 4.083 3.8753 3.5498 27.8228 26.742 2.872 4.1879 3.9264 0.2881 0.8125 7.892 12.3811674 0.8307
2016-12-05 15:30:19.926000 11244.788 3.549 49.5 33.632 51.719 4.083 3.8742 3.5485 27.8224 26.7447 2.8675 4.1878 3.9263 0.2879 0.8125 7.892 12.9073745722 0.8307
2016-12-05 15:31:26.730000 11311.592 3.465 49.503 33.975 51.723 4.083 3.8734 3.5486 27.821 26.7449 2.8626 4.1876 3.9263 0.2878 0.8126 7.892 12.297092837 0.8307
2016-12-05 15:32:33.730000 11378.592 3.513 49.507 33.771 51.727 4.083 3.8738 3.5486 27.8221 26.7449 2.8591 4.1873 3.9261 0.2878 0.8125 7.892 12.9517839686 0.8307
2016-12-05 15:33:40.626000 11445.488 3.557 49.509 33.549 51.729 4.083 3.8738 3.5487 27.8176 26.7447 2.855 4.1874 3.9265 0.2877 0.8126 7.893 12.3811674 0.8307
2016-12-05 15:34:47.556000 11512.418 3.497 49.511 33.348 51.733 3.954 3.8734 3.5482 27.8218 26.7457 2.8509 4.1876 3.9267 0.2876 0.8126 7.893 12.9517839686 0.8307
2016-12-05 15:35:54.525000 11579.388 3.398 49.512 33.25 51.735 4.082 3.8729 3.5478 27.8235 26.7457 2.847 4.1874 3.9258 0.2875 0.8125 7.893 12.4232046816 0.8307
2016-12-05 15:37:01.541000 11646.403 3.359 49.514 33.421 51.738 4.083 3.8726 3.5478 27.8199 26.7449 2.843 4.1871 3.9263 0.2874 0.8126 7.893 12.9073745722 0.8307
2016-12-05 15:38:08.584000 11713.446 3.331 49.518 33.677 51.739 4.065 3.8714 3.5466 27.8218 26.7449 2.8392 4.1867 3.9255 0.2873 0.8126 7.893 12.4232046816 0.8307
2016-12-05 15:39:15.719000 11780.581 3.328 49.519 33.765 51.742 4.082 3.8721 3.5462 27.8228 26.7453 2.8352 4.1865 3.9259 0.2872 0.8125 7.893 12.4652419631 0.8307
2016-12-05 15:40:22.872000 11847.734 3.526 49.52 33.762 51.745 4.081 3.8706 3.5447 27.8179 26.7438 2.8316 4.1862 3.9251 0.2871 0.8126 7.893 12.9961933651 0.8307
2016-12-05 15:41:30.019000 11914.881 3.547 49.524 33.497 51.744 4.081 3.8697 3.5447 27.8228 26.7438 2.8278 4.1858 3.9238 0.2871 0.8125 7.893 12.7741463827 0.8307
2016-12-05 15:42:37.246000 11982.109 3.483 49.526 33.276 51.747 4.08 3.8696 3.5443 27.8228 26.7401 2.8244 4.1853 3.9237 0.287 0.8125 7.893 12.3391301185 0.8307
2016-12-05 15:43:44.494000 12049.356 3.33 49.527 33.9 51.749 4.081 3.8696 3.5449 27.8221 26.7444 2.8213 4.1853 3.9246 0.2869 0.8126 7.893 12.7741463827 0.8307
2016-12-05 15:44:51.759000 12116.621 3.531 49.526 34.051 51.749 4.08 3.8696 3.5436 27.8232 26.7438 2.8179 4.1851 3.924 0.2868 0.8126 7.893 12.3391301185 0.8306
2016-12-05 15:45:59.079000 12183.941 3.539 49.529 33.407 51.749 4.079 3.8681 3.5419 27.8218 26.7425 2.8146 4.1846 3.9228 0.2867 0.8125 7.893 12.5965087969 0.8306
2016-12-05 15:47:06.414000 12251.276 3.327 49.531 33.708 51.753 3.744 3.8668 3.5415 27.8232 26.7438 2.8116 4.184 3.9222 0.2867 0.8125 7.893 12.2550555554 0.8306
2016-12-05 15:48:13.830000 12318.692 3.502 49.531 33.872 51.753 3.794 3.8671 3.5411 27.8179 26.742 2.8087 4.1838 3.9225 0.2866 0.8125 7.893 12.8629651757 0.8307
2016-12-05 15:49:21.275000 12386.137 3.367 49.53 33.304 51.753 4.031 3.867 3.5424 27.8228 26.7431 2.8061 4.1836 3.9226 0.2865 0.8126 7.893 12.3811674 0.8306
2016-12-05 15:50:28.727000 12453.589 3.397 49.532 33.547 51.753 3.932 3.8662 3.5413 27.8186 26.7422 2.8033 4.1833 3.9219 0.2865 0.8125 7.893 12.8185557792 0.8306
2016-12-05 15:51:36.255000 12521.117 3.509 49.533 33.977 51.756 4.078 3.866 3.5413 27.8221 26.743 2.8006 4.1829 3.9217 0.2864 0.8125 7.893 12.3811674 0.8307
2016-12-05 15:52:43.810000 12588.672 3.326 49.532 33.904 51.753 4.079 3.8666 3.5414 27.8192 26.7431 2.798 4.1832 3.9225 0.2863 0.8125 7.893 12.7741463827 0.8306
2016-12-05 15:53:51.414000 12656.276 3.527 49.531 33.692 51.755 4.078 3.8655 3.5404 27.8221 26.7425 2.7953 4.183 3.9215 0.2863 0.8125 7.893 12.9517839686 0.8307
2016-12-05 15:54:59.042000 12723.904 3.347 49.532 33.435 51.754 4.078 3.8657 3.54 27.8221 26.7422 2.793 4.1828 3.9216 0.2862 0.8125 7.893 12.2550555554 0.8306
2016-12-05 15:56:06.720000 12791.582 3.542 49.53 34.029 51.754 4.075 3.8663 3.5405 27.8228 26.7438 2.7906 4.183 3.9224 0.2862 0.8125 7.893 12.7741463827 0.8307
2016-12-05 15:57:14.565000 12859.427 3.326 49.529 33.755 51.753 4.078 3.8651 3.54 27.8224 26.7425 2.7886 4.183 3.9219 0.2861 0.8126 7.893 12.3811674 0.8307
2016-12-05 15:58:22.319000 12927.182 3.415 49.529 33.238 51.752 3.95 3.8653 3.5398 27.8228 26.7384 2.7862 4.1829 3.9223 0.2861 0.8126 7.893 12.5076900039 0.8307
2016-12-05 15:59:30.079000 12994.941 3.344 49.53 33.994 51.752 4.07 3.8653 3.5404 27.821 26.744 2.7843 4.1829 3.9224 0.286 0.8126 7.893 12.7297369863 0.8307
2016-12-05 16:00:37.916000 13062.778 3.354 49.527 33.385 51.75 3.918 3.865 3.5396 27.8182 26.7438 2.7825 4.183 3.9224 0.286 0.8126 7.893 12.3811674 0.8307
2016-12-05 16:01:45.732000 13130.594 3.553 49.527 33.434 51.75 4.08 3.8664 3.5409 27.8218 26.744 2.7803 4.1832 3.9239 0.2859 0.8126 7.894 12.4652419631 0.8307
2016-12-05 16:02:53.627000 13198.489 3.454 49.523 33.689 51.75 3.396 3.8652 3.5406 27.8232 26.7444 2.7787 4.1834 3.9232 0.2859 0.8126 7.894 12.8629651757 0.8307
2016-12-05 16:04:01.571000 13266.433 3.434 49.523 33.248 51.748 4.08 3.8656 3.5407 27.8179 26.7431 2.777 4.1837 3.9236 0.2859 0.8126 7.894 12.297092837 0.8307
2016-12-05 16:05:09.518000 13334.38 3.501 49.523 33.89 51.748 3.926 3.8646 3.5399 27.8242 26.7422 2.7755 4.1836 3.9228 0.2858 0.8126 7.894 12.9961933651 0.8306
2016-12-05 16:06:17.493000 13402.355 3.339 49.524 33.952 51.747 4.029 3.8656 3.5407 27.8224 26.7422 2.7742 4.1837 3.9239 0.2858 0.8126 7.894 12.297092837 0.8307
2016-12-05 16:07:25.555000 13470.417 3.368 49.521 33.305 51.746 4.08 3.8652 3.5401 27.8196 26.744 2.7718 4.1836 3.9233 0.2857 0.8125 7.894 12.5076900039 0.8307
2016-12-05 16:08:33.602000 13538.464 3.377 49.521 33.59 51.746 4.08 3.865 3.5406 27.8235 26.7435 2.7716 4.1838 3.9238 0.2857 0.8126 7.894 12.4232046816 0.8307
2016-12-05 16:09:41.746000 13606.608 3.551 49.521 33.536 51.746 4.079 3.8644 3.5398 27.8203 26.7422 2.7705 4.1836 3.9229 0.2857 0.8126 7.894 12.9073745722 0.8307
2016-12-05 16:10:49.875000 13674.737 3.438 49.523 34.051 51.744 4.078 3.8637 3.5386 27.8171 26.742 2.7694 4.1833 3.9218 0.2857 0.8126 7.893 12.8185557792 0.8307
2016-12-05 16:11:58.070000 13742.932 3.419 49.52 33.643 51.744 4.079 3.8644 3.5393 27.8232 26.7386 2.7682 4.183 3.9222 0.2856 0.8126 7.893 12.297092837 0.8307
2016-12-05 16:13:06.447000 13811.309 3.329 49.522 33.653 51.743 3.864 3.8621 3.5381 27.8232 26.742 2.7673 4.1826 3.9207 0.2856 0.8126 7.892 12.9961933651 0.8307
2016-12-05 16:14:14.701000 13879.563 3.33 49.524 33.633 51.747 4.072 3.8616 3.5378 27.8218 26.7422 2.7663 4.182 3.9211 0.2856 0.8126 7.892 12.3391301185 0.8307
2016-12-05 16:15:22.975000 13947.837 3.46 49.521 33.271 51.743 3.762 3.8621 3.5375 27.8161 26.7425 2.7655 4.1819 3.9212 0.2856 0.8126 7.892 12.6853275898 0.8306
2016-12-05 16:16:31.298000 14016.16 3.461 49.521 33.279 51.743 4.078 3.8619 3.538 27.8224 26.7389 2.7649 4.182 3.9214 0.2855 0.8126 7.892 12.3391301185 0.8307
2016-12-05 16:17:39.672000 14084.534 3.461 49.52 33.277 51.743 3.961 3.8623 3.538 27.8221 26.742 2.7641 4.1819 3.9214 0.2855 0.8126 7.892 12.7297369863 0.8307
2016-12-05 16:18:48.104000 14152.966 3.46 49.517 33.912 51.741 4.077 3.8612 3.5367 27.821 26.7416 2.7634 4.1818 3.9207 0.2855 0.8126 7.892 12.2550555554 0.8307
2016-12-05 16:19:56.531000 14221.394 3.5 49.519 33.86 51.741 4.077 3.8605 3.5358 27.821 26.743 2.7627 4.1815 3.9197 0.2855 0.8125 7.892 12.7741463827 0.8306
2016-12-05 16:21:05.040000 14289.902 3.432 49.52 33.865 51.743 4.076 3.8608 3.5368 27.8161 26.7408 2.7621 4.1813 3.9201 0.2855 0.8125 7.892 12.5520994004 0.8306
2016-12-05 16:22:13.624000 14358.486 3.412 49.519 33.227 51.741 4.076 3.8602 3.5367 27.8176 26.742 2.7615 4.1812 3.9202 0.2854 0.8126 7.891 12.297092837 0.8307
2016-12-05 16:23:22.183000 14427.045 3.401 49.519 33.217 51.741 3.63 3.8611 3.5372 27.821 26.7379 2.7612 4.1813 3.921 0.2854 0.8126 7.892 12.7297369863 0.8307
2016-12-05 16:24:30.808000 14495.67 3.406 49.516 33.18 51.739 4.081 3.8635 3.5399 27.8242 26.7438 2.761 4.1819 3.9242 0.2854 0.8126 7.893 12.6853275898 0.8307
2016-12-05 16:25:39.454000 14564.316 3.443 49.51 33.224 51.735 4.083 3.8647 3.5422 27.8232 26.7435 2.7609 4.1833 3.9261 0.2854 0.8127 7.894 12.2550555554 0.8307
2016-12-05 16:26:48.151000 14633.013 3.333 49.512 33.729 51.733 3.686 3.866 3.5435 27.8239 26.744 2.7609 4.1847 3.9279 0.2854 0.8127 7.895 12.6409181933 0.8308
2016-12-05 16:27:56.863000 14701.725 3.331 49.514 33.802 51.736 4.025 3.8653 3.5434 27.8221 26.7466 2.7609 4.1855 3.9273 0.2854 0.8127 7.895 12.9517839686 0.8308
2016-12-05 16:29:05.603000 14770.465 3.487 49.521 33.946 51.743 3.814 3.8628 3.5399 27.821 26.7459 2.7608 4.1851 3.9241 0.2853 0.8127 7.894 12.5520994004 0.8307
2016-12-05 16:30:14.624000 14839.486 3.486 49.527 33.301 51.751 3.778 3.863 3.5401 27.8235 26.7466 2.761 4.1845 3.9247 0.2853 0.8127 7.894 12.2550555554 0.8307
2016-12-05 16:31:23.497000 14908.359 3.331 49.531 33.281 51.754 4.079 3.8623 3.5392 27.8224 26.7477 2.7609 4.1842 3.9235 0.2853 0.8127 7.894 12.8185557792 0.8308
2016-12-05 16:32:32.415000 14977.277 3.331 49.537 33.652 51.759 4.081 3.8623 3.5397 27.8218 26.7468 2.7609 4.184 3.924 0.2853 0.8127 7.894 12.6409181933 0.8308
2016-12-05 16:33:41.351000 15046.214 3.442 49.538 34.051 51.765 3.764 3.8617 3.5387 27.8239 26.7468 2.7611 4.1836 3.9237 0.2853 0.8127 7.894 12.5076900039 0.8308
2016-12-05 16:34:50.263000 15115.125 3.551 49.541 33.486 51.77 3.412 3.8623 3.5394 27.8235 26.7477 2.761 4.1838 3.9242 0.2853 0.8127 7.895 12.3811674 0.8308
2016-12-05 16:35:59.225000 15184.087 3.348 49.544 33.454 51.773 4.081 3.8619 3.5396 27.8245 26.7481 2.7611 4.1838 3.9242 0.2853 0.8127 7.895 12.7297369863 0.8308
2016-12-05 16:37:08.224000 15253.086 3.337 49.55 33.987 51.775 3.959 3.8612 3.5388 27.8228 26.7471 2.761 4.1837 3.9237 0.2853 0.8126 7.895 12.6409181933 0.8306
2016-12-05 16:38:17.279000 15322.141 3.511 49.554 33.83 51.781 3.987 3.8609 3.5376 27.8218 26.7468 2.761 4.1835 3.9227 0.2853 0.8126 7.895 12.3811674 0.8306
2016-12-05 16:39:26.360000 15391.222 3.417 49.556 33.224 51.784 4.08 3.8616 3.5389 27.8235 26.7468 2.761 4.1833 3.9235 0.2853 0.8126 7.895 12.6853275898 0.8307
2016-12-05 16:40:35.468000 15460.33 3.327 49.558 33.824 51.785 4.054 3.8617 3.5397 27.8228 26.7466 2.7613 4.1837 3.9243 0.2853 0.8126 7.896 12.4232046816 0.8307
2016-12-05 16:41:44.619000 15529.481 3.509 49.558 33.342 51.785 4.081 3.8617 3.5393 27.8239 26.7468 2.761 4.1838 3.9245 0.2853 0.8126 7.896 12.3811674 0.8306
2016-12-05 16:42:53.810000 15598.672 3.338 49.56 33.554 51.787 4.049 3.8608 3.539 27.8232 26.7462 2.7608 4.1837 3.9234 0.2853 0.8126 7.897 12.4652419631 0.8307
2016-12-05 16:44:03.040000 15667.902 3.554 49.562 33.478 51.789 4.081 3.8609 3.5395 27.8232 26.7462 2.7606 4.1837 3.9241 0.2853 0.8127 7.897 12.4652419631 0.8307
2016-12-05 16:45:12.341000 15737.203 3.36 49.563 33.416 51.788 4.081 3.8611 3.5394 27.8228 26.7462 2.7607 4.1839 3.924 0.2853 0.8127 7.897 12.7741463827 0.8308
2016-12-05 16:46:21.851000 15806.714 3.534 49.564 33.713 51.792 4.08 3.8611 3.5396 27.8228 26.7459 2.7607 4.1838 3.9236 0.2853 0.8127 7.897 12.2550555554 0.8308
2016-12-05 16:47:31.231000 15876.093 3.331 49.567 33.958 51.793 4.08 3.8609 3.5388 27.8235 26.7431 2.7606 4.1837 3.9243 0.2853 0.8127 7.897 12.3811674 0.8308
2016-12-05 16:48:40.657000 15945.519 3.409 49.566 33.223 51.794 4.081 3.8604 3.5391 27.8203 26.7435 2.7604 4.1836 3.9236 0.2852 0.8127 7.897 12.6853275898 0.8308
2016-12-05 16:49:50.128000 16014.99 3.485 49.564 33.946 51.795 3.883 3.8612 3.5401 27.8218 26.7462 2.7604 4.1841 3.9254 0.2852 0.8127 7.898 12.6853275898 0.8308
2016-12-05 16:50:59.607000 16084.469 3.334 49.565 33.644 51.794 4.081 3.8608 3.5394 27.8235 26.7468 2.7604 4.1844 3.925 0.2852 0.8128 7.898 12.4232046816 0.8308
2016-12-05 16:52:09.166000 16154.028 3.552 49.568 33.493 51.794 3.652 3.8598 3.5396 27.8228 26.7466 2.7598 4.1842 3.9244 0.2852 0.8128 7.898 12.2130182739 0.8309
2016-12-05 16:53:18.708000 16223.57 3.369 49.565 34.041 51.794 4.081 3.8602 3.54 27.8252 26.7453 2.7598 4.1841 3.9251 0.2852 0.8128 7.898 12.8185557792 0.8309
2016-12-05 16:54:28.291000 16293.153 3.387 49.564 33.26 51.794 4.082 3.8612 3.5407 27.8228 26.743 2.7596 4.1844 3.9253 0.2852 0.8129 7.899 12.5076900039 0.831
2016-12-05 16:55:37.941000 16362.803 3.433 49.564 33.222 51.793 4.082 3.8602 3.5404 27.8199 26.7468 2.7593 4.1847 3.926 0.2852 0.8129 7.899 12.4232046816 0.831
2016-12-05 16:56:47.588000 16432.45 3.457 49.562 34.004 51.79 4.082 3.8599 3.54 27.8245 26.7475 2.7593 4.1849 3.925 0.2852 0.813 7.899 12.8185557792 0.8311
2016-12-05 16:57:57.286000 16502.148 3.34 49.564 33.563 51.791 4.083 3.8599 3.5409 27.8242 26.7459 2.7589 4.1851 3.9258 0.2852 0.8131 7.9 12.1709809924 0.8311
2016-12-05 16:59:07.214000 16572.076 3.374 49.563 33.321 51.793 4.081 3.8596 3.5398 27.8239 26.7413 2.7588 4.1848 3.9245 0.2852 0.813 7.899 12.3391301185 0.831
2016-12-05 17:00:17.018000 16641.88 3.414 49.565 33.208 51.791 4.076 3.8592 3.5404 27.8196 26.7457 2.7587 4.1846 3.9258 0.2852 0.8131 7.899 12.6409181933 0.8311
2016-12-05 17:01:26.864000 16711.726 3.504 49.561 33.942 51.789 4.084 3.8597 3.5419 27.8239 26.7471 2.7587 4.1851 3.927 0.2852 0.8131 7.9 12.1709809924 0.8312
2016-12-05 17:02:36.691000 16781.553 3.416 49.56 34.06 51.788 4.083 3.8587 3.541 27.8249 26.7459 2.7587 4.1853 3.9257 0.2852 0.8132 7.9 12.7297369863 0.8313
2016-12-05 17:03:46.573000 16851.435 3.356 49.56 34.006 51.788 4.083 3.8594 3.542 27.8239 26.743 2.7586 4.1854 3.9267 0.2852 0.8133 7.9 12.2130182739 0.8314
2016-12-05 17:04:56.508000 16921.37 3.33 49.56 33.868 51.789 4.083 3.8584 3.5406 27.8242 26.7453 2.7587 4.1857 3.9265 0.2852 0.8134 7.9 12.5520994004 0.8314
2016-12-05 17:06:06.496000 16991.358 3.355 49.558 33.4 51.787 4.083 3.8579 3.5419 27.8249 26.7471 2.7584 4.1855 3.9263 0.2852 0.8135 7.9 12.4652419631 0.8315
2016-12-05 17:07:16.476000 17061.338 3.392 49.561 33.251 51.787 4.081 3.8568 3.5399 27.8239 26.7422 2.7584 4.1854 3.9259 0.2852 0.8136 7.899 12.2130182739 0.8316
2016-12-05 17:08:26.503000 17131.365 3.543 49.56 33.382 51.789 4.082 3.856 3.5402 27.8221 26.7468 2.7581 4.1853 3.9257 0.2852 0.8137 7.899 12.7741463827 0.8318
2016-12-05 17:09:36.570000 17201.432 3.553 49.56 33.602 51.788 4.013 3.8559 3.5407 27.8245 26.7462 2.7579 4.1852 3.9259 0.2852 0.8137 7.899 12.5965087969 0.8318
2016-12-05 17:10:46.700000 17271.562 3.521 49.559 33.737 51.789 4.083 3.855 3.5403 27.8192 26.7408 2.7576 4.1852 3.9258 0.2852 0.8138 7.899 12.1709809924 0.8319
2016-12-05 17:11:57.030000 17341.892 3.468 49.559 33.289 51.789 4.081 3.8534 3.5393 27.8239 26.7453 2.7571 4.1849 3.9245 0.2852 0.8139 7.899 12.4652419631 0.832
2016-12-05 17:13:07.196000 17412.058 3.544 49.561 33.449 51.789 4.056 3.8534 3.5382 27.8224 26.743 2.7568 4.1846 3.9242 0.2852 0.814 7.899 12.6853275898 0.832
2016-12-05 17:14:17.408000 17482.27 3.376 49.56 33.312 51.79 4.08 3.8517 3.538 27.8224 26.7468 2.7563 4.1844 3.9237 0.2852 0.8141 7.898 12.7741463827 0.8321
2016-12-05 17:15:27.644000 17552.506 3.492 49.56 33.319 51.789 4.081 3.8523 3.5397 27.8245 26.7453 2.7565 4.1843 3.9248 0.2852 0.8141 7.899 12.5520994004 0.8322
2016-12-05 17:16:37.954000 17622.816 3.356 49.559 33.382 51.788 3.576 3.8513 3.5387 27.8203 26.7462 2.7567 4.1844 3.9247 0.2852 0.8142 7.899 12.1289437109 0.8323
2016-12-05 17:17:48.299000 17693.161 3.393 49.56 33.229 51.789 3.76 3.8502 3.5385 27.8228 26.7462 2.7563 4.1842 3.9235 0.2852 0.8143 7.899 12.3811674 0.8323
2016-12-05 17:18:58.686000 17763.548 3.335 49.562 33.595 51.792 4.08 3.8499 3.538 27.8189 26.7411 2.7559 4.1841 3.9237 0.2852 0.8143 7.898 12.5965087969 0.8324
2016-12-05 17:20:09.149000 17834.011 3.358 49.562 34.038 51.793 4.07 3.8484 3.5372 27.8228 26.7453 2.7553 4.1836 3.9229 0.2852 0.8144 7.898 12.4232046816 0.8324
2016-12-05 17:21:19.599000 17904.461 3.498 49.562 33.879 51.793 4.08 3.8481 3.5376 27.8228 26.742 2.7546 4.1835 3.9227 0.2852 0.8144 7.898 12.6409181933 0.8325
2016-12-05 17:22:30.103000 17974.965 3.533 49.563 33.423 51.793 4.011 3.8469 3.5362 27.8228 26.7459 2.7535 4.1831 3.9218 0.2852 0.8145 7.898 12.4232046816 0.8325
2016-12-05 17:23:40.689000 18045.551 3.378 49.562 33.29 51.791 4.079 3.8468 3.5362 27.8242 26.742 2.7529 4.1829 3.9225 0.2852 0.8145 7.898 12.297092837 0.8325
2016-12-05 17:24:51.508000 18116.37 3.463 49.563 33.997 51.791 4.08 3.8469 3.5378 27.8245 26.7466 2.7525 4.183 3.9228 0.2852 0.8145 7.898 12.5965087969 0.8326
2016-12-05 17:26:02.123000 18186.985 3.553 49.562 33.582 51.791 4.08 3.8471 3.5381 27.8189 26.7459 2.7519 4.1832 3.9233 0.2852 0.8146 7.898 12.4652419631 0.8326
2016-12-05 17:27:12.772000 18257.634 3.403 49.561 33.219 51.793 3.886 3.8459 3.5369 27.8242 26.7462 2.7513 4.183 3.9225 0.2852 0.8145 7.898 12.2130182739 0.8326
2016-12-05 17:28:23.483000 18328.346 3.404 49.563 34.049 51.791 4.08 3.8458 3.5363 27.8232 26.7453 2.7508 4.183 3.9227 0.2852 0.8146 7.898 12.4232046816 0.8326
2016-12-05 17:29:34.188000 18399.05 3.526 49.563 33.747 51.792 4.08 3.8463 3.5375 27.8224 26.7453 2.7503 4.183 3.9231 0.2852 0.8146 7.898 12.8185557792 0.8327
2016-12-05 17:30:44.955000 18469.817 3.332 49.561 33.626 51.791 4.054 3.845 3.5371 27.8235 26.7457 2.7503 4.1832 3.9228 0.2852 0.8147 7.898 12.2550555554 0.8327
2016-12-05 17:31:55.744000 18540.606 3.35 49.564 34.014 51.791 4.08 3.8451 3.5369 27.8182 26.742 2.7501 4.1829 3.9229 0.2852 0.8147 7.898 12.3391301185 0.8327
2016-12-05 17:33:06.635000 18611.497 3.539 49.564 33.417 51.793 4.08 3.8448 3.5373 27.8235 26.7453 2.7497 4.1829 3.9229 0.2852 0.8147 7.898 12.5965087969 0.8328
2016-12-05 17:34:17.522000 18682.384 3.334 49.563 33.962 51.791 4.078 3.8431 3.535 27.8224 26.7449 2.7487 4.1828 3.9215 0.2852 0.8148 7.897 12.2130182739 0.8328
2016-12-05 17:35:28.465000 18753.327 3.515 49.563 33.359 51.793 4.078 3.8443 3.5367 27.8228 26.7422 2.7481 4.1825 3.922 0.2852 0.8148 7.897 12.2130182739 0.8329
2016-12-05 17:36:39.421000 18824.283 3.354 49.562 34.025 51.791 4.078 3.8429 3.536 27.8228 26.7453 2.7477 4.1824 3.9218 0.2852 0.8148 7.897 12.5520994004 0.8329
2016-12-05 17:37:50.586000 18895.448 3.455 49.562 33.267 51.791 3.807 3.843 3.5356 27.8228 26.7457 2.7473 4.1822 3.9217 0.2852 0.8149 7.897 12.6853275898 0.8329
2016-12-05 17:39:01.602000 18966.464 3.37 49.561 34.061 51.79 4.078 3.8425 3.5351 27.8239 26.7411 2.7473 4.1822 3.9218 0.2852 0.8149 7.897 12.7297369863 0.8329
2016-12-05 17:40:12.647000 19037.509 3.409 49.563 33.214 51.79 3.452 3.842 3.5359 27.8245 26.7457 2.7474 4.1821 3.9217 0.2852 0.8149 7.897 12.4652419631 0.833
2016-12-05 17:41:23.807000 19108.669 3.551 49.56 33.54 51.788 4.08 3.8421 3.5364 27.8218 26.7457 2.7479 4.1824 3.9229 0.2852 0.8149 7.896 12.2130182739 0.833
2016-12-05 17:42:34.952000 19179.814 3.327 49.56 33.846 51.788 4.079 3.8421 3.5365 27.8189 26.7453 2.7483 4.1825 3.9226 0.2852 0.815 7.896 12.3811674 0.833
2016-12-05 17:43:46.110000 19250.972 3.553 49.559 33.537 51.786 3.969 3.8416 3.5358 27.8224 26.7444 2.748 4.1824 3.9214 0.2852 0.815 7.895 12.8629651757 0.833
2016-12-05 17:44:57.332000 19322.194 3.476 49.558 33.994 51.788 4.033 3.841 3.5358 27.8232 26.7453 2.7479 4.1824 3.9219 0.2852 0.815 7.895 12.1709809924 0.833
2016-12-05 17:46:08.588000 19393.45 3.367 49.56 33.299 51.785 4.047 3.8411 3.5356 27.8221 26.7462 2.7479 4.1821 3.9218 0.2852 0.815 7.895 12.7741463827 0.8331
2016-12-05 17:47:19.879000 19464.741 3.524 49.556 33.389 51.788 4.079 3.8406 3.5354 27.8179 26.7444 2.7472 4.1821 3.9217 0.2852 0.8151 7.895 12.2130182739 0.8331
2016-12-05 17:48:31.460000 19536.322 3.515 49.559 33.798 51.785 4.078 3.8407 3.535 27.8224 26.7408 2.7466 4.1821 3.9215 0.2852 0.8151 7.895 12.6853275898 0.8331
2016-12-05 17:49:42.802000 19607.664 3.412 49.555 34.056 51.785 4.079 3.84 3.5355 27.8235 26.7459 2.746 4.1821 3.9216 0.2852 0.8151 7.895 12.5965087969 0.8331
2016-12-05 17:50:54.266000 19679.128 3.327 49.556 33.832 51.785 4.078 3.8394 3.535 27.8235 26.7444 2.745 4.1821 3.9214 0.2852 0.8152 7.895 12.1709809924 0.8332
2016-12-05 17:52:05.706000 19750.568 3.363 49.556 33.481 51.783 4.079 3.8401 3.5356 27.8232 26.7453 2.744 4.1822 3.9225 0.2852 0.8152 7.895 12.4652419631 0.8333
2016-12-05 17:53:17.207000 19822.069 3.489 49.556 33.319 51.783 4.08 3.8401 3.5363 27.8182 26.744 2.743 4.1824 3.9229 0.2852 0.8153 7.895 12.6409181933 0.8333
2016-12-05 17:54:28.776000 19893.638 3.534 49.554 33.706 51.783 4.079 3.8394 3.5355 27.8224 26.7404 2.7418 4.1824 3.9224 0.2852 0.8153 7.895 12.1289437109 0.8333
2016-12-05 17:55:40.373000 19965.235 3.446 49.553 34.033 51.781 4.08 3.8402 3.5363 27.8221 26.7411 2.7407 4.1826 3.9228 0.2852 0.8153 7.895 12.297092837 0.8334
2016-12-05 17:56:51.963000 20036.825 3.332 49.552 33.915 51.78 4.075 3.8393 3.5367 27.8232 26.7444 2.7395 4.1827 3.9229 0.2852 0.8154 7.895 12.7297369863 0.8334
2016-12-05 17:58:03.584000 20108.446 3.347 49.549 33.459 51.78 4.062 3.8396 3.5371 27.8213 26.7447 2.7383 4.183 3.9231 0.2852 0.8155 7.895 12.6409181933 0.8335
2016-12-05 17:59:15.510000 20180.372 3.331 49.549 33.724 51.778 3.989 3.8402 3.5379 27.8228 26.7444 2.7372 4.1833 3.9245 0.2852 0.8155 7.896 12.0869064293 0.8335
2016-12-05 18:00:27.203000 20252.065 3.343 49.549 33.956 51.775 4.082 3.8403 3.5385 27.8221 26.7457 2.7359 4.1839 3.9251 0.2852 0.8156 7.896 12.3391301185 0.8336
2016-12-05 18:01:38.960000 20323.822 3.342 49.545 33.542 51.773 4.023 3.84 3.5383 27.8232 26.7459 2.7348 4.1844 3.925 0.2852 0.8157 7.896 12.5965087969 0.8337
2016-12-05 18:02:50.755000 20395.617 3.331 49.545 33.765 51.772 4.035 3.84 3.5384 27.8224 26.7444 2.7332 4.1848 3.9257 0.2852 0.8159 7.896 12.3811674 0.8339
2016-12-05 18:04:02.612000 20467.474 3.356 49.542 34.01 51.772 4.082 3.8395 3.5385 27.8249 26.7457 2.7312 4.1849 3.9255 0.2852 0.8161 7.896 12.4652419631 0.8341
2016-12-05 18:05:14.510000 20539.372 3.338 49.541 33.621 51.768 4.076 3.8399 3.5396 27.8245 26.7447 2.729 4.1855 3.9266 0.2852 0.8165 7.897 12.6409181933 0.8345
2016-12-05 18:06:26.404000 20611.266 3.334 49.537 33.89 51.766 4.084 3.8382 3.54 27.8196 26.744 2.7275 4.1859 3.927 0.2852 0.8182 7.897 12.6853275898 0.8361
2016-12-05 18:07:38.358000 20683.22 3.378 49.537 34.027 51.766 4.066 3.8328 3.54 27.8189 26.7447 2.724 4.1867 3.9269 0.2853 0.8221 7.897 12.1709809924 0.8399
2016-12-05 18:08:50.363000 20755.225 3.464 49.536 34.008 51.764 4.083 3.8264 3.5389 27.8179 26.7444 2.725 4.1881 3.9255 0.2853 0.8244 7.896 12.2550555554 0.8423
2016-12-05 18:10:02.690000 20827.552 3.447 49.536 33.233 51.765 3.951 3.8212 3.5385 27.8218 26.744 2.7246 4.1892 3.9254 0.2854 0.8258 7.896 12.5520994004 0.8436
2016-12-05 18:11:14.762000 20899.624 3.381 49.534 33.251 51.767 4.077 3.8162 3.5372 27.8228 26.744 2.723 4.19 3.9244 0.2854 0.8265 7.895 12.2130182739 0.8444
2016-12-05 18:12:26.879000 20971.741 3.348 49.534 33.465 51.763 3.807 3.8129 3.5368 27.8207 26.744 2.7197 4.1906 3.924 0.2854 0.8264 7.895 12.0448691478 0.8443
2016-12-05 18:13:39.003000 21043.865 3.459 49.534 33.691 51.761 4.076 3.811 3.5365 27.8218 26.7438 2.7141 4.1906 3.9237 0.2854 0.8258 7.895 12.5520994004 0.8437
2016-12-05 18:14:51.220000 21116.082 3.512 49.53 33.824 51.759 4.081 3.8098 3.5364 27.8213 26.7431 2.7048 4.1906 3.9235 0.2855 0.8255 7.895 12.1709809924 0.8434
2016-12-05 18:16:03.386000 21188.248 3.548 49.533 33.642 51.758 4.073 3.8082 3.5358 27.8228 26.7435 2.6895 4.1901 3.9227 0.2855 0.8253 7.894 12.5076900039 0.8432
2016-12-05 18:17:15.642000 21260.504 3.369 49.531 33.3 51.758 4.08 3.8079 3.5367 27.8221 26.7438 2.664 4.1897 3.9232 0.2855 0.8252 7.894 12.6853275898 0.8429
2016-12-05 18:18:27.888000 21332.75 3.344 49.532 33.489 51.759 4.079 3.8065 3.5361 27.8213 26.7425 2.627 4.1893 3.9224 0.2855 0.8251 7.894 12.2130182739 0.8428
2016-12-05 18:19:40.206000 21405.068 3.432 49.53 34.036 51.758 3.846 3.8062 3.5358 27.8224 26.7431 2.5791 4.189 3.9216 0.2854 0.8247 7.893 12.2130182739 0.8425
2016-12-05 18:20:52.793000 21477.655 3.474 49.528 33.273 51.758 4.079 3.8053 3.535 27.8218 26.7395 2.5239 4.1886 3.9221 0.2854 0.8247 7.893 12.5520994004 0.8423
2016-12-05 18:22:05.172000 21550.034 3.331 49.528 33.819 51.752 4.056 3.8059 3.5356 27.8159 26.7431 2.4659 4.1887 3.9232 0.2854 0.8247 7.894 12.5520994004 0.8423
2016-12-05 18:23:17.590000 21622.452 3.535 49.525 34.018 51.753 4.079 3.805 3.5345 27.8228 26.7431 2.4089 4.1886 3.9218 0.2853 0.8246 7.893 12.1709809924 0.8421
2016-12-05 18:24:30.014000 21694.876 3.554 49.524 33.469 51.752 4.079 3.8047 3.535 27.8218 26.744 2.3511 4.1885 3.9221 0.2853 0.8246 7.893 12.6409181933 0.842
2016-12-05 18:25:42.520000 21767.382 3.448 49.523 33.733 51.752 4.079 3.8039 3.5349 27.8218 26.7425 2.299 4.1883 3.9219 0.2853 0.8245 7.893 12.7741463827 0.842
2016-12-05 18:26:55.023000 21839.885 3.425 49.523 33.809 51.75 4.049 3.8041 3.5353 27.8232 26.7438 2.2567 4.1882 3.922 0.2852 0.8246 7.893 12.4232046816 0.842
2016-12-05 18:28:07.650000 21912.512 3.336 49.523 33.941 51.75 4.079 3.8048 3.5346 27.8221 26.7377 2.2255 4.1884 3.9225 0.2852 0.8244 7.893 12.2550555554 0.842
2016-12-05 18:29:20.287000 21985.149 3.544 49.523 33.609 51.748 4.08 3.8045 3.5354 27.8176 26.7438 2.2055 4.1884 3.9225 0.2852 0.8245 7.893 12.5520994004 0.842
2016-12-05 18:30:33.162000 22058.024 3.343 49.521 33.97 51.746 4.08 3.8043 3.536 27.8218 26.7438 2.1907 4.1883 3.9235 0.2852 0.8246 7.893 12.3391301185 0.8421
2016-12-05 18:31:45.871000 22130.733 3.555 49.52 33.573 51.748 3.803 3.8029 3.5338 27.8213 26.7438 2.1765 4.1881 3.9211 0.2852 0.8245 7.892 12.0869064293 0.842
2016-12-05 18:32:58.611000 22203.473 3.409 49.52 34.031 51.749 4.078 3.8028 3.5332 27.8213 26.7392 2.1633 4.1876 3.9208 0.2852 0.8245 7.892 12.3391301185 0.842
2016-12-05 18:34:11.402000 22276.264 3.525 49.52 33.355 51.747 4.079 3.8028 3.5349 27.8171 26.7438 2.1523 4.1875 3.9219 0.2852 0.8245 7.892 12.7741463827 0.8419
2016-12-05 18:35:24.204000 22349.066 3.464 49.518 33.959 51.744 4.079 3.8024 3.5343 27.8218 26.7422 2.1418 4.1878 3.922 0.2851 0.8247 7.892 12.1709809924 0.8418
2016-12-05 18:36:37.070000 22421.932 3.336 49.516 33.181 51.739 4.08 3.8047 3.5373 27.8221 26.7449 2.1227 4.1884 3.9253 0.2851 0.8248 7.893 12.5965087969 0.8417
2016-12-05 18:37:50.004000 22494.866 3.524 49.51 33.772 51.738 4.059 3.8057 3.539 27.8182 26.7413 2.0957 4.1897 3.9261 0.285 0.825 7.894 12.4232046816 0.8415
2016-12-05 18:39:03.206000 22568.068 3.529 49.51 33.762 51.735 4.086 3.8073 3.5407 27.8228 26.7453 2.0655 4.1913 3.9288 0.285 0.8251 7.895 12.0869064293 0.8414
2016-12-05 18:40:16.138000 22641.0 3.351 49.512 33.981 51.737 4.085 3.8065 3.5399 27.8221 26.7466 2.038 4.1922 3.928 0.2849 0.8251 7.895 12.6409181933 0.8413
2016-12-05 18:41:29.184000 22714.046 3.37 49.516 33.319 51.741 4.042 3.8057 3.5387 27.8189 26.7453 2.0143 4.1919 3.9265 0.2849 0.8249 7.895 12.5520994004 0.841
2016-12-05 18:42:42.223000 22787.085 3.561 49.523 33.503 51.75 4.082 3.8036 3.536 27.8213 26.7449 1.9946 4.1913 3.9244 0.2848 0.825 7.894 12.297092837 0.841
2016-12-05 18:43:55.295000 22860.157 3.432 49.53 34.061 51.756 3.676 3.8041 3.5362 27.8221 26.7462 1.9788 4.1903 3.9241 0.2848 0.825 7.893 12.0028318663 0.841
2016-12-05 18:45:08.415000 22933.277 3.338 49.533 33.668 51.761 4.08 3.8025 3.5353 27.8186 26.7449 1.9673 4.19 3.9236 0.2848 0.8249 7.893 12.6409181933 0.8413
2016-12-05 18:46:21.619000 23006.481 3.337 49.536 33.684 51.764 4.081 3.8026 3.5348 27.8235 26.7475 1.9616 4.1897 3.9239 0.2848 0.8248 7.893 12.6409181933 0.8419
2016-12-05 18:47:34.831000 23079.693 3.464 49.543 33.277 51.77 3.599 3.8013 3.5342 27.8224 26.743 1.9689 4.1891 3.922 0.2848 0.8246 7.893 12.3391301185 0.8418
2016-12-05 18:48:48.346000 23153.208 3.457 49.544 33.264 51.775 4.068 3.8009 3.5333 27.8224 26.7468 1.9789 4.1885 3.922 0.2848 0.8246 7.893 12.1289437109 0.8413
2016-12-05 18:50:01.606000 23226.468 3.451 49.55 33.256 51.778 4.043 3.8019 3.5339 27.8228 26.7431 1.9814 4.1881 3.9222 0.2848 0.8246 7.893 12.5076900039 0.8411
2016-12-05 18:51:14.945000 23299.807 3.42 49.552 33.82 51.783 4.078 3.7997 3.532 27.8232 26.7475 1.9782 4.188 3.9211 0.2848 0.8248 7.893 12.5965087969 0.8409
2016-12-05 18:52:28.304000 23373.166 3.517 49.554 33.804 51.785 4.077 3.8014 3.5339 27.8239 26.7466 1.9705 4.1878 3.9222 0.2847 0.8247 7.894 12.3811674 0.8405
2016-12-05 18:53:41.655000 23446.517 3.529 49.557 33.754 51.785 4.079 3.8001 3.5322 27.8218 26.7459 1.9612 4.1879 3.9213 0.2847 0.8247 7.894 12.1709809924 0.8403
2016-12-05 18:54:55.118000 23519.98 3.523 49.56 33.774 51.791 3.672 3.8009 3.5339 27.8242 26.7477 1.9528 4.1878 3.9225 0.2847 0.8247 7.894 12.0028318663 0.8402
2016-12-05 18:56:08.569000 23593.431 3.516 49.558 33.756 51.788 4.081 3.8014 3.5341 27.8189 26.7462 1.9435 4.188 3.9234 0.2846 0.8247 7.895 12.6409181933 0.84
2016-12-05 18:57:22.373000 23667.235 3.418 49.56 33.773 51.791 4.079 3.8011 3.5332 27.8224 26.7457 1.9356 4.1883 3.9219 0.2846 0.8248 7.895 12.1709809924 0.84
2016-12-05 18:58:35.923000 23740.785 3.416 49.561 33.245 51.791 4.079 3.7997 3.5325 27.8213 26.7466 1.9295 4.1881 3.922 0.2846 0.8252 7.895 12.1709809924 0.8399
2016-12-05 18:59:49.472000 23814.334 3.399 49.563 33.249 51.793 4.078 3.7994 3.532 27.8224 26.7447 1.9226 4.1879 3.9209 0.2845 0.8253 7.894 12.4652419631 0.8395
2016-12-05 19:01:03.121000 23887.983 3.398 49.563 33.212 51.793 4.078 3.7984 3.532 27.8239 26.7453 1.9168 4.1878 3.9214 0.2845 0.8252 7.895 12.6409181933 0.8389
2016-12-05 19:02:16.756000 23961.618 3.396 49.562 33.213 51.794 4.044 3.8002 3.5333 27.8245 26.7411 1.9108 4.188 3.9221 0.2845 0.8252 7.895 12.5076900039 0.8383
2016-12-05 19:03:30.448000 24035.31 3.331 49.56 33.916 51.79 4.079 3.7992 3.5328 27.8232 26.7462 1.905 4.1882 3.9222 0.2844 0.8252 7.895 12.0448691478 0.8378
2016-12-05 19:04:44.241000 24109.103 3.332 49.561 33.877 51.793 3.661 3.7992 3.5332 27.8186 26.7459 1.9007 4.1884 3.922 0.2844 0.8254 7.895 12.1289437109 0.8376
2016-12-05 19:05:58.299000 24183.161 3.465 49.56 33.852 51.791 4.079 3.799 3.5322 27.8228 26.7444 1.8966 4.1882 3.9217 0.2844 0.8254 7.895 12.6853275898 0.8371
2016-12-05 19:07:12.076000 24256.938 3.431 49.564 33.229 51.791 4.078 3.7978 3.5315 27.8228 26.7462 1.8932 4.1878 3.9211 0.2843 0.8254 7.895 12.3391301185 0.8368
2016-12-05 19:08:25.952000 24330.814 3.331 49.562 33.775 51.793 4.079 3.7983 3.5318 27.8224 26.7408 1.8906 4.1879 3.9218 0.2843 0.8254 7.895 12.2550555554 0.8366
2016-12-05 19:09:39.787000 24404.649 3.465 49.563 33.794 51.793 4.078 3.7972 3.5315 27.8228 26.7462 1.8882 4.1877 3.9205 0.2843 0.8255 7.895 12.0869064293 0.8363
2016-12-05 19:10:53.739000 24478.601 3.509 49.561 33.961 51.793 4.079 3.7979 3.5321 27.8213 26.7468 1.8837 4.1878 3.9216 0.2843 0.8255 7.895 12.0448691478 0.8361
2016-12-05 19:12:07.690000 24552.552 3.502 49.563 33.329 51.794 4.078 3.7974 3.5307 27.8228 26.7422 1.8849 4.1876 3.9195 0.2842 0.8254 7.895 12.5076900039 0.8357
2016-12-05 19:13:21.700000 24626.562 3.439 49.56 33.624 51.793 3.915 3.7969 3.5317 27.8224 26.7444 1.8834 4.1877 3.9212 0.2842 0.8256 7.895 12.6853275898 0.8356
2016-12-05 19:14:35.701000 24700.563 3.545 49.559 34.008 51.79 4.079 3.7975 3.5317 27.8192 26.7447 1.8823 4.1879 3.9216 0.2842 0.8256 7.895 12.5965087969 0.8351
2016-12-05 19:15:50.060000 24774.922 3.35 49.559 33.504 51.788 4.079 3.7976 3.5317 27.8224 26.7408 1.8817 4.1881 3.9222 0.2842 0.8254 7.895 12.5965087969 0.8347
2016-12-05 19:17:04.174000 24849.036 3.556 49.557 34.042 51.788 4.079 3.7974 3.5325 27.8218 26.744 1.8804 4.1878 3.9216 0.2841 0.8252 7.895 12.4232046816 0.8343
2016-12-05 19:18:18.352000 24923.214 3.37 49.557 33.334 51.788 4.079 3.7975 3.5318 27.8235 26.7457 1.8796 4.1878 3.9216 0.2841 0.8251 7.895 12.0869064293 0.8339
2016-12-05 19:19:32.571000 24997.433 3.345 49.556 33.975 51.785 4.067 3.7981 3.5322 27.8186 26.7435 1.8786 4.1878 3.9227 0.2841 0.8251 7.895 12.0448691478 0.8337
2016-12-05 19:20:46.826000 25071.688 3.426 49.554 33.209 51.784 4.08 3.7991 3.5328 27.8224 26.7404 1.8777 4.1881 3.9222 0.2841 0.8251 7.895 12.3391301185 0.8334
2016-12-05 19:22:01.056000 25145.918 3.332 49.554 33.728 51.784 3.928 3.7988 3.5332 27.8224 26.744 1.8772 4.188 3.9227 0.2841 0.8251 7.895 12.297092837 0.8331
2016-12-05 19:23:15.366000 25220.228 3.509 49.551 33.331 51.782 4.08 3.7984 3.5322 27.8235 26.7459 1.877 4.1884 3.9225 0.2841 0.8251 7.896 12.0448691478 0.8329
2016-12-05 19:24:30.038000 25294.9 3.417 49.55 34.042 51.78 4.081 3.7988 3.5332 27.8218 26.7466 1.8769 4.1887 3.9235 0.284 0.8258 7.896 12.2130182739 0.8331
2016-12-05 19:25:44.376000 25369.238 3.367 49.551 33.311 51.781 4.076 3.7979 3.5327 27.8182 26.7444 1.8775 4.1888 3.9223 0.284 0.8258 7.895 12.5520994004 0.8333
2016-12-05 19:26:58.822000 25443.684 3.527 49.549 33.754 51.781 4.03 3.7981 3.5319 27.821 26.7404 1.8773 4.189 3.922 0.284 0.8258 7.895 12.6409181933 0.8331
2016-12-05 19:28:13.260000 25518.122 3.337 49.549 33.625 51.78 4.081 3.7983 3.5338 27.8235 26.7447 1.8774 4.1892 3.9234 0.284 0.8257 7.896 12.0028318663 0.8327
2016-12-05 19:29:27.747000 25592.609 3.561 49.546 33.463 51.777 4.081 3.7981 3.534 27.8224 26.7453 1.8773 4.1898 3.9239 0.284 0.8258 7.896 11.9629770882 0.8325
2016-12-05 19:30:42.280000 25667.142 3.368 49.547 34.035 51.777 4.08 3.7979 3.533 27.8235 26.7453 1.8774 4.1898 3.9233 0.284 0.8258 7.896 12.4652419631 0.8322
2016-12-05 19:31:57.107000 25741.969 3.335 49.547 33.218 51.777 4.081 3.7982 3.5331 27.8232 26.7447 1.8773 4.1899 3.9236 0.284 0.8259 7.896 12.6409181933 0.8325
2016-12-05 19:33:11.758000 25816.62 3.491 49.542 33.243 51.774 4.082 3.7989 3.5337 27.8196 26.7438 1.8769 4.19 3.9247 0.284 0.8257 7.896 12.2130182739 0.8322
2016-12-05 19:34:26.379000 25891.241 3.435 49.542 34.025 51.773 4.08 3.7975 3.5328 27.8171 26.7444 1.8768 4.19 3.9237 0.284 0.8257 7.896 12.0028318663 0.8319
2016-12-05 19:35:41.074000 25965.936 3.369 49.545 33.413 51.775 4.08 3.797 3.5327 27.8228 26.7392 1.8766 4.1895 3.9226 0.284 0.8256 7.895 12.5076900039 0.8317
2016-12-05 19:36:55.733000 26040.595 3.388 49.545 33.25 51.774 4.08 3.7985 3.533 27.8228 26.7386 1.876 4.1891 3.923 0.284 0.8254 7.895 12.5520994004 0.8312
2016-12-05 19:38:10.520000 26115.382 3.472 49.541 33.933 51.771 4.08 3.7985 3.5331 27.8228 26.7453 1.8757 4.1889 3.9234 0.284 0.8254 7.895 12.4652419631 0.8309
2016-12-05 19:39:25.312000 26190.175 3.396 49.54 34.036 51.768 3.457 3.7979 3.5332 27.8232 26.7447 1.8754 4.1892 3.9239 0.2839 0.8254 7.895 12.4232046816 0.8307
2016-12-05 19:40:40.442000 26265.304 3.349 49.541 33.973 51.769 4.081 3.7987 3.5334 27.8239 26.7435 1.875 4.1894 3.924 0.2839 0.8256 7.895 12.1289437109 0.8305
2016-12-05 19:41:55.324000 26340.186 3.334 49.538 33.782 51.768 4.082 3.7986 3.5344 27.8228 26.7435 1.8753 4.1897 3.9243 0.2839 0.8255 7.895 12.0869064293 0.8303
2016-12-05 19:43:10.244000 26415.106 3.343 49.535 33.541 51.764 4.078 3.7987 3.5346 27.8232 26.7438 1.8751 4.1899 3.9243 0.2839 0.8254 7.895 12.6853275898 0.83
2016-12-05 19:44:25.229000 26490.091 3.378 49.536 33.296 51.765 4.081 3.7984 3.5343 27.8232 26.7435 1.8747 4.1896 3.924 0.2839 0.8255 7.895 12.5520994004 0.8297
2016-12-05 19:45:40.190000 26565.052 3.426 49.531 33.176 51.762 4.083 3.8 3.5362 27.8239 26.7447 1.8749 4.1902 3.926 0.2839 0.8253 7.896 12.0028318663 0.8294
2016-12-05 19:46:55.220000 26640.082 3.538 49.529 33.35 51.757 4.086 3.8021 3.5383 27.8245 26.7457 1.8747 4.1914 3.9284 0.2839 0.8254 7.897 12.1709809924 0.8291
2016-12-05 19:48:10.601000 26715.463 3.381 49.529 33.591 51.758 3.86 3.8025 3.5377 27.8235 26.7459 1.8747 4.1924 3.928 0.2839 0.8256 7.897 12.4652419631 0.829
2016-12-05 19:49:25.717000 26790.579 3.428 49.535 33.227 51.764 3.579 3.8024 3.5371 27.8221 26.7471 1.8745 4.1924 3.9278 0.2839 0.8255 7.897 12.0028318663 0.8287
2016-12-05 19:50:40.790000 26865.652 3.536 49.539 33.364 51.766 3.552 3.8017 3.5363 27.8228 26.7435 1.8744 4.1923 3.9276 0.2839 0.8256 7.897 12.1709809924 0.8286
2016-12-05 19:51:56.042000 26940.904 3.379 49.54 33.602 51.769 4.083 3.8009 3.5353 27.8228 26.743 1.8744 4.1924 3.9267 0.2839 0.8256 7.897 12.5520994004 0.8283
2016-12-05 19:53:11.232000 27016.095 3.429 49.545 33.206 51.775 4.085 3.8011 3.5362 27.8228 26.7435 1.8748 4.1922 3.9273 0.2839 0.8256 7.897 12.3811674 0.8281
2016-12-05 19:54:26.500000 27091.362 3.537 49.547 33.378 51.777 3.633 3.8006 3.536 27.8189 26.7475 1.8746 4.1922 3.9274 0.2839 0.8256 7.897 12.0028318663 0.8278
2016-12-05 19:55:42.078000 27166.94 3.342 49.549 33.955 51.781 4.083 3.7994 3.5344 27.8239 26.7477 1.8744 4.1921 3.9257 0.2838 0.8258 7.897 12.2550555554 0.8276
2016-12-05 19:56:57.433000 27242.295 3.335 49.553 33.726 51.787 3.956 3.7993 3.5348 27.8228 26.7477 1.8742 4.1919 3.9258 0.2838 0.8258 7.897 12.5520994004 0.8273
2016-12-05 19:58:12.769000 27317.631 3.393 49.557 34.032 51.788 4.084 3.7999 3.5357 27.8239 26.7471 1.8741 4.192 3.9268 0.2838 0.8256 7.897 12.2550555554 0.827
2016-12-05 19:59:28.164000 27393.026 3.526 49.558 33.787 51.791 4.084 3.7995 3.5354 27.8242 26.749 1.8744 4.1922 3.9261 0.2838 0.8256 7.898 11.9232799557 0.8266
2016-12-05 20:00:43.595000 27468.457 3.521 49.56 33.298 51.793 4.083 3.8 3.5352 27.8242 26.7486 1.8738 4.1919 3.926 0.2838 0.8257 7.897 12.0028318663 0.8264
2016-12-05 20:01:59.134000 27543.996 3.402 49.561 33.229 51.795 3.995 3.7993 3.5345 27.8249 26.7435 1.8739 4.1918 3.9261 0.2838 0.8257 7.897 12.1709809924 0.8262
2016-12-05 20:03:14.978000 27619.84 3.338 49.562 33.655 51.798 3.99 3.7991 3.5339 27.8232 26.7484 1.8736 4.1916 3.9253 0.2838 0.8256 7.898 12.3811674 0.8259
2016-12-05 20:04:30.471000 27695.333 3.546 49.562 34.032 51.8 3.809 3.7987 3.5344 27.8235 26.7466 1.8739 4.1914 3.9254 0.2838 0.8257 7.898 12.4652419631 0.8257
2016-12-05 20:05:46.104000 27770.966 3.498 49.567 33.269 51.8 4.082 3.7986 3.5346 27.8242 26.7459 1.8735 4.1914 3.9254 0.2838 0.8255 7.898 12.5076900039 0.8254
2016-12-05 20:07:01.693000 27846.555 3.361 49.567 33.376 51.799 4.083 3.7999 3.5347 27.8239 26.7484 1.8729 4.1911 3.9247 0.2838 0.8252 7.898 11.8438856907 0.8248
2016-12-05 20:08:17.426000 27922.288 3.339 49.564 33.912 51.798 4.083 3.7997 3.535 27.8192 26.7425 1.8728 4.1914 3.9258 0.2838 0.8253 7.898 11.9232799557 0.8242
2016-12-05 20:09:33.108000 27997.97 3.549 49.567 33.438 51.798 4.082 3.7987 3.5336 27.8239 26.7462 1.872 4.191 3.9246 0.2838 0.8253 7.898 11.9232799557 0.8239
2016-12-05 20:10:48.803000 28073.665 3.386 49.57 33.25 51.801 3.479 3.7975 3.5327 27.8218 26.7468 1.8712 4.1905 3.9236 0.2837 0.8254 7.897 12.5520994004 0.8236
2016-12-05 20:12:04.863000 28149.725 3.439 49.568 34.032 51.8 4.081 3.7984 3.5334 27.8218 26.7413 1.871 4.19 3.9241 0.2837 0.8254 7.897 12.3391301185 0.8234
2016-12-05 20:13:20.770000 28225.632 3.399 49.569 33.233 51.802 4.08 3.7969 3.5322 27.8189 26.7462 1.8707 4.1897 3.923 0.2837 0.8252 7.897 12.0448691478 0.8229
2016-12-05 20:14:36.646000 28301.508 3.432 49.567 34.044 51.8 4.081 3.797 3.5322 27.8224 26.7457 1.8704 4.1896 3.9233 0.2837 0.8252 7.897 12.4232046816 0.8225
2016-12-05 20:15:52.585000 28377.447 3.392 49.567 33.231 51.799 3.872 3.7978 3.5326 27.8235 26.7447 1.8705 4.1896 3.9236 0.2837 0.8254 7.897 12.3391301185 0.8224
2016-12-05 20:17:08.562000 28453.424 3.446 49.568 34.022 51.801 4.081 3.7972 3.5318 27.8179 26.7447 1.8707 4.1894 3.9233 0.2837 0.8256 7.897 12.297092837 0.8223
2016-12-05 20:18:24.511000 28529.373 3.407 49.564 33.212 51.8 4.081 3.7975 3.533 27.8232 26.7459 1.8709 4.1897 3.924 0.2837 0.8256 7.897 11.9232799557 0.8223
2016-12-05 20:19:40.827000 28605.689 3.441 49.562 34.058 51.798 4.075 3.7981 3.5333 27.8239 26.7457 1.8709 4.1899 3.9242 0.2837 0.8255 7.898 12.5076900039 0.822
2016-12-05 20:20:49.147000 28674.009 3.457 49.563 34.014 51.795 4.08 3.7969 3.5333 27.8224 26.7449 1.8709 4.1898 3.9237 0.2837 0.8255 7.897 12.5076900039 0.8218
2016-12-05 20:21:56.892000 28741.754 3.334 49.563 33.241 51.794 4.081 3.7969 3.5325 27.8179 26.7447 1.8707 4.1897 3.9234 0.2837 0.8256 7.897 12.297092837 0.8217
2016-12-05 20:23:04.688000 28809.55 3.515 49.563 33.814 51.795 4.08 3.7967 3.5321 27.8228 26.744 1.8708 4.1895 3.9224 0.2837 0.8256 7.897 12.1709809924 0.8216
2016-12-05 20:24:12.479000 28877.341 3.341 49.562 33.98 51.796 4.08 3.7959 3.5315 27.8218 26.744 1.871 4.1893 3.9228 0.2837 0.8255 7.897 12.4232046816 0.8215
2016-12-05 20:25:20.581000 28945.443 3.368 49.561 33.364 51.794 4.081 3.7972 3.5329 27.8196 26.7449 1.8708 4.1893 3.9238 0.2836 0.8252 7.897 11.9232799557 0.8211
2016-12-05 20:26:28.351000 29013.213 3.558 49.563 34.029 51.792 4.081 3.7972 3.5333 27.8232 26.7444 1.8706 4.1893 3.9239 0.2836 0.8252 7.897 12.0869064293 0.8208
2016-12-05 20:27:36.150000 29081.012 3.342 49.56 33.609 51.793 4.082 3.798 3.5334 27.8221 26.7449 1.8702 4.1895 3.9248 0.2836 0.8251 7.897 12.3811674 0.8206
2016-12-05 20:28:43.973000 29148.836 3.472 49.557 33.24 51.789 4.082 3.7987 3.5336 27.8213 26.7404 1.8703 4.1899 3.9246 0.2836 0.8254 7.898 12.0869064293 0.8206
2016-12-05 20:29:51.754000 29216.616 3.338 49.558 33.912 51.79 4.081 3.7972 3.5333 27.8221 26.7447 1.8706 4.1899 3.9243 0.2836 0.8257 7.897 12.5520994004 0.8207
2016-12-05 20:30:59.560000 29284.422 3.382 49.557 33.297 51.79 4.081 3.7968 3.5326 27.8189 26.7447 1.8707 4.1901 3.9232 0.2836 0.8257 7.897 12.1709809924 0.8208
2016-12-05 20:32:07.671000 29352.533 3.557 49.557 33.576 51.789 4.066 3.7967 3.5324 27.8228 26.7447 1.8715 4.1898 3.9229 0.2836 0.8257 7.897 12.1289437109 0.8207
2016-12-05 20:33:15.516000 29420.378 3.403 49.557 34.042 51.788 4.08 3.7962 3.5318 27.8218 26.7444 1.8714 4.1897 3.9231 0.2836 0.8255 7.897 12.5076900039 0.8204
2016-12-05 20:34:23.357000 29488.219 3.339 49.557 33.575 51.787 4.079 3.7955 3.5312 27.8224 26.7404 1.871 4.1891 3.9219 0.2836 0.8254 7.896 11.8041885582 0.8201
2016-12-05 20:35:31.213000 29556.075 3.48 49.554 33.953 51.785 4.061 3.796 3.5325 27.8213 26.7444 1.8706 4.1889 3.9231 0.2836 0.8255 7.896 12.5076900039 0.8199
2016-12-05 20:36:39.045000 29623.907 3.333 49.551 33.823 51.782 4.081 3.7963 3.5321 27.8179 26.7431 1.8706 4.1885 3.9232 0.2836 0.8258 7.896 12.0448691478 0.8199
2016-12-05 20:37:47.258000 29692.12 3.402 49.551 33.207 51.781 4.005 3.7959 3.5319 27.8221 26.7398 1.8707 4.1895 3.9228 0.2836 0.8256 7.896 12.4652419631 0.8198
2016-12-05 20:38:55.135000 29759.997 3.534 49.551 33.724 51.781 4.08 3.7959 3.5318 27.8218 26.7435 1.8703 4.1894 3.923 0.2836 0.8254 7.896 11.9232799557 0.8195
2016-12-05 20:40:03.015000 29827.877 3.369 49.551 34.024 51.781 4.076 3.7957 3.5314 27.8189 26.7425 1.87 4.189 3.9223 0.2836 0.8255 7.896 12.5520994004 0.8193
2016-12-05 20:41:10.856000 29895.718 3.35 49.547 33.448 51.78 4.08 3.7966 3.5322 27.8228 26.7453 1.8696 4.1891 3.9233 0.2836 0.8256 7.896 12.4232046816 0.8191
2016-12-05 20:42:18.774000 29963.636 3.517 49.547 33.338 51.777 3.506 3.7957 3.532 27.8221 26.7438 1.8698 4.1894 3.9233 0.2836 0.8254 7.896 11.9232799557 0.8189
2016-12-05 20:43:26.743000 30031.605 3.337 49.547 33.629 51.778 4.08 3.7961 3.532 27.8192 26.7435 1.8698 4.1893 3.923 0.2836 0.8254 7.896 12.2130182739 0.8188
2016-12-05 20:44:35.029000 30099.891 3.352 49.546 33.432 51.777 4.08 3.7965 3.5319 27.8242 26.7401 1.8695 4.1891 3.9229 0.2836 0.8254 7.896 12.4652419631 0.8185
2016-12-05 20:45:42.953000 30167.815 3.527 49.545 33.367 51.777 4.03 3.7949 3.5313 27.8224 26.7444 1.8694 4.1889 3.9225 0.2836 0.8255 7.895 12.1289437109 0.8187
2016-12-05 20:46:50.883000 30235.745 3.485 49.544 33.94 51.775 3.768 3.7953 3.5314 27.8182 26.743 1.8694 4.1887 3.9227 0.2836 0.8256 7.895 11.9232799557 0.8199
2016-12-05 20:47:58.855000 30303.717 3.333 49.545 33.846 51.774 4.08 3.7965 3.5321 27.8232 26.7435 1.869 4.189 3.9231 0.2836 0.8252 7.895 12.4232046816 0.8207
2016-12-05 20:49:06.788000 30371.65 3.385 49.542 33.629 51.771 4.081 3.7959 3.5323 27.8232 26.7449 1.8691 4.1891 3.9236 0.2836 0.8252 7.896 12.297092837 0.8206
2016-12-05 20:50:15.117000 30439.979 3.561 49.538 33.563 51.772 4.083 3.7977 3.5335 27.8228 26.744 1.8691 4.1893 3.9255 0.2836 0.8251 7.896 11.8835828232 0.8204
2016-12-05 20:51:23.101000 30507.963 3.401 49.535 34.022 51.766 4.083 3.7993 3.5351 27.8224 26.7411 1.8691 4.1903 3.9266 0.2836 0.8251 7.897 11.9232799557 0.8204
2016-12-05 20:52:31.073000 30575.935 3.347 49.534 33.533 51.765 4.085 3.7997 3.5365 27.8221 26.744 1.8692 4.1911 3.9281 0.2836 0.8254 7.897 12.4652419631 0.8205
2016-12-05 20:53:39.023000 30643.885 3.509 49.535 33.301 51.766 4.084 3.799 3.5348 27.8192 26.7453 1.8697 4.1916 3.9271 0.2836 0.8257 7.897 12.1709809924 0.8207
2016-12-05 20:54:47.018000 30711.88 3.504 49.536 33.877 51.765 3.363 3.8013 3.5374 27.8221 26.7422 1.8701 4.1924 3.9292 0.2836 0.8256 7.898 12.4232046816 0.8207
2016-12-05 20:55:55.026000 30779.888 3.343 49.536 33.9 51.766 4.087 3.8009 3.5381 27.8235 26.7457 1.8702 4.1932 3.9296 0.2836 0.8257 7.898 12.3811674 0.8205
2016-12-05 20:57:03.381000 30848.243 3.346 49.539 33.962 51.771 4.085 3.8002 3.5361 27.8224 26.7471 1.8709 4.1936 3.9284 0.2836 0.8256 7.898 11.9232799557 0.8203
2016-12-05 20:58:11.354000 30916.216 3.374 49.545 33.303 51.775 4.086 3.8004 3.5366 27.8232 26.7431 1.8707 4.1934 3.9289 0.2836 0.8255 7.898 12.0869064293 0.82
2016-12-05 20:59:19.332000 30984.194 3.565 49.548 33.54 51.778 4.039 3.799 3.5349 27.8232 26.7466 1.8704 4.193 3.9265 0.2836 0.8255 7.898 12.3391301185 0.8196
2016-12-05 21:00:27.400000 31052.262 3.445 49.554 34.04 51.785 4.084 3.7989 3.5344 27.8224 26.7477 1.8709 4.1927 3.9267 0.2836 0.8259 7.898 11.9629770882 0.8197
2016-12-05 21:01:35.409000 31120.271 3.34 49.558 33.625 51.788 3.516 3.7982 3.5341 27.8242 26.7425 1.8711 4.1924 3.9265 0.2836 0.8258 7.897 11.8835828232 0.8196
2016-12-05 21:02:43.750000 31188.612 3.337 49.56 33.674 51.793 3.97 3.7988 3.5349 27.8224 26.7471 1.8714 4.1921 3.9267 0.2836 0.8259 7.897 12.2130182739 0.8195
2016-12-05 21:03:51.791000 31256.653 3.424 49.562 33.231 51.795 4.083 3.7973 3.5338 27.8242 26.7477 1.8714 4.1922 3.9257 0.2836 0.8259 7.898 11.9232799557 0.8193
2016-12-05 21:04:59.828000 31324.69 3.528 49.567 33.767 51.799 4.081 3.7963 3.5321 27.8189 26.7453 1.8713 4.1916 3.9238 0.2836 0.8257 7.897 12.0028318663 0.819
2016-12-05 21:06:07.929000 31392.791 3.362 49.569 34.01 51.803 4.082 3.7972 3.533 27.8232 26.7471 1.8708 4.1909 3.9247 0.2836 0.8258 7.897 12.4652419631 0.8187
2016-12-05 21:07:15.977000 31460.839 3.371 49.569 33.355 51.801 4.084 3.7977 3.535 27.8239 26.7477 1.8709 4.1912 3.9267 0.2836 0.8256 7.898 12.2550555554 0.8185
2016-12-05 21:08:24.057000 31528.919 3.361 49.568 33.489 51.802 3.48 3.797 3.5337 27.8189 26.7471 1.8714 4.1915 3.925 0.2836 0.8257 7.898 12.1709809924 0.8183
2016-12-05 21:09:32.521000 31597.383 3.553 49.57 33.414 51.804 3.829 3.7978 3.5351 27.8232 26.744 1.871 4.1914 3.9262 0.2836 0.8256 7.898 12.1289437109 0.8181
2016-12-05 21:10:40.647000 31665.509 3.552 49.571 33.383 51.805 4.084 3.7978 3.5354 27.8235 26.7471 1.871 4.1917 3.9263 0.2836 0.8257 7.899 11.6850971607 0.818
2016-12-05 21:11:48.720000 31733.582 3.461 49.573 34.02 51.807 4.082 3.7969 3.5342 27.8235 26.7477 1.8712 4.1918 3.926 0.2836 0.8258 7.899 12.5076900039 0.8179
2016-12-05 21:12:56.833000 31801.695 3.333 49.574 33.746 51.807 4.082 3.7969 3.5336 27.8203 26.7466 1.8714 4.1917 3.9255 0.2836 0.8257 7.899 11.7644914257 0.8178
2016-12-05 21:14:04.934000 31869.796 3.408 49.575 33.229 51.807 4.082 3.7964 3.5327 27.8245 26.7466 1.871 4.1915 3.9245 0.2836 0.8261 7.899 11.9629770882 0.8177
2016-12-05 21:15:13.399000 31938.261 3.413 49.573 33.194 51.807 4.073 3.797 3.5352 27.8242 26.7459 1.8727 4.1919 3.9266 0.2836 0.8267 7.899 12.3391301185 0.8184
2016-12-05 21:16:21.595000 32006.457 3.476 49.573 33.228 51.806 4.085 3.7972 3.5347 27.8245 26.7475 1.8741 4.1928 3.9271 0.2836 0.8268 7.9 11.7644914257 0.8187
2016-12-05 21:17:29.800000 32074.662 3.501 49.572 33.855 51.804 4.083 3.7959 3.5339 27.8196 26.7459 1.8752 4.1931 3.9261 0.2836 0.827 7.9 11.9629770882 0.8189
2016-12-05 21:18:37.996000 32142.858 3.342 49.571 33.95 51.805 4.085 3.7974 3.5353 27.8235 26.7457 1.8764 4.1935 3.9277 0.2836 0.8269 7.9 12.2130182739 0.8189
2016-12-05 21:19:46.132000 32210.994 3.342 49.568 33.946 51.803 4.085 3.7972 3.536 27.8242 26.7475 1.8769 4.1938 3.9281 0.2836 0.8268 7.9 11.9232799557 0.8187
2016-12-05 21:20:54.583000 32279.446 3.346 49.57 33.956 51.802 4.084 3.7969 3.5352 27.8232 26.7481 1.8771 4.1941 3.9271 0.2836 0.8268 7.9 12.4652419631 0.8185
2016-12-05 21:22:02.719000 32347.581 3.387 49.569 33.276 51.803 4.084 3.7964 3.5354 27.8203 26.7457 1.877 4.1937 3.9268 0.2836 0.8267 7.9 11.8438856907 0.8184
2016-12-05 21:23:10.910000 32415.772 3.563 49.567 33.573 51.801 4.085 3.7967 3.5359 27.8249 26.7462 1.8768 4.1936 3.9272 0.2836 0.8268 7.9 12.5520994004 0.8181
2016-12-05 21:24:19.124000 32483.986 3.563 49.568 33.569 51.8 3.524 3.7958 3.5354 27.8245 26.7449 1.877 4.1936 3.9273 0.2836 0.8269 7.9 11.9232799557 0.8182
2016-12-05 21:25:27.646000 32552.508 3.565 49.566 33.525 51.8 3.761 3.7953 3.5352 27.8213 26.7466 1.8778 4.1939 3.9274 0.2836 0.8271 7.9 12.4232046816 0.8183
2016-12-05 21:26:35.827000 32620.689 3.426 49.567 34.035 51.801 4.083 3.7945 3.5341 27.8179 26.744 1.8788 4.1936 3.9263 0.2836 0.8272 7.9 12.297092837 0.8184
2016-12-05 21:27:44.006000 32688.868 3.445 49.566 33.631 51.799 4.083 3.7946 3.5332 27.8218 26.7438 1.8793 4.1936 3.9256 0.2836 0.8272 7.899 12.2130182739 0.8184
2016-12-05 21:28:52.239000 32757.101 3.34 49.567 33.612 51.799 4.083 3.7938 3.5333 27.8239 26.744 1.8795 4.1932 3.9254 0.2836 0.8269 7.899 12.3391301185 0.8182
2016-12-05 21:30:00.386000 32825.248 3.503 49.564 33.305 51.798 4.084 3.7946 3.5334 27.8242 26.7466 1.8786 4.193 3.926 0.2836 0.8266 7.899 11.8041885582 0.8178
2016-12-05 21:31:08.902000 32893.764 3.502 49.564 33.266 51.797 4.082 3.7939 3.5329 27.8192 26.7449 1.8778 4.1928 3.9249 0.2836 0.8267 7.899 12.297092837 0.8177
2016-12-05 21:32:17.124000 32961.986 3.473 49.563 33.271 51.795 4.083 3.7947 3.5334 27.8228 26.744 1.8772 4.1926 3.9254 0.2836 0.8266 7.899 11.9629770882 0.8175
2016-12-05 21:33:25.389000 33030.251 3.499 49.563 33.896 51.795 4.003 3.7931 3.5327 27.8221 26.7447 1.8767 4.1921 3.9242 0.2836 0.8267 7.898 12.3391301185 0.8173
2016-12-05 21:34:33.624000 33098.486 3.501 49.563 33.886 51.794 4.083 3.7941 3.5331 27.8213 26.7435 1.8766 4.1921 3.9249 0.2836 0.8265 7.898 11.7644914257 0.8171
2016-12-05 21:35:41.885000 33166.747 3.334 49.56 33.875 51.791 3.938 3.7931 3.5325 27.8182 26.744 1.876 4.1919 3.924 0.2836 0.8265 7.898 12.1709809924 0.817
2016-12-05 21:36:50.506000 33235.368 3.5 49.56 33.852 51.791 3.471 3.7934 3.533 27.8235 26.7395 1.8754 4.1917 3.925 0.2835 0.8264 7.898 11.8835828232 0.8168
2016-12-05 21:37:58.790000 33303.652 3.335 49.56 33.886 51.793 4.081 3.7931 3.5326 27.8228 26.744 1.875 4.1916 3.9243 0.2835 0.8265 7.898 12.4232046816 0.8167
2016-12-05 21:39:07.060000 33371.922 3.339 49.559 33.892 51.79 4.083 3.7931 3.5328 27.8228 26.7435 1.8752 4.1916 3.925 0.2836 0.827 7.898 11.7644914257 0.8169
2016-12-05 21:40:15.290000 33440.152 3.379 49.557 33.304 51.789 4.083 3.7939 3.5333 27.8221 26.7457 1.8772 4.1922 3.9258 0.2836 0.8273 7.898 12.1709809924 0.8173
2016-12-05 21:41:23.565000 33508.427 3.371 49.554 33.309 51.788 4.057 3.7935 3.5329 27.8239 26.7395 1.8786 4.1925 3.9257 0.2836 0.8272 7.898 12.4652419631 0.8173
2016-12-05 21:42:32.202000 33577.065 3.363 49.554 33.368 51.785 4.083 3.794 3.5336 27.8239 26.744 1.8791 4.1927 3.9257 0.2836 0.827 7.898 12.0448691478 0.8173
2016-12-05 21:43:40.531000 33645.393 3.357 49.552 33.471 51.784 4.083 3.7939 3.5348 27.8235 26.7449 1.8792 4.193 3.9263 0.2836 0.8269 7.898 11.8041885582 0.817
2016-12-05 21:44:48.739000 33713.601 3.538 49.549 33.369 51.779 3.298 3.7937 3.5342 27.8232 26.7449 1.8786 4.193 3.9263 0.2836 0.8267 7.898 12.0869064293 0.8168
2016-12-05 21:45:56.960000 33781.822 3.538 49.549 33.366 51.779 4.058 3.7942 3.5346 27.8192 26.7425 1.8776 4.193 3.9262 0.2836 0.8267 7.898 12.3391301185 0.8165
2016-12-05 21:47:05.235000 33850.097 3.475 49.547 33.973 51.778 3.83 3.7947 3.5345 27.8232 26.7401 1.8772 4.1931 3.9262 0.2835 0.8266 7.898 11.9232799557 0.8163
2016-12-05 21:48:13.926000 33918.788 3.567 49.545 34.006 51.775 4.085 3.7951 3.5354 27.8245 26.744 1.8766 4.1932 3.9274 0.2835 0.8264 7.898 12.297092837 0.816
2016-12-05 21:49:22.192000 33987.054 3.465 49.54 33.989 51.771 4.087 3.7967 3.5366 27.8235 26.7444 1.876 4.1937 3.9288 0.2835 0.8263 7.899 11.9629770882 0.8156
2016-12-05 21:50:30.437000 34055.299 3.464 49.54 33.663 51.769 4.086 3.7976 3.5368 27.8235 26.7447 1.8753 4.1944 3.9293 0.2835 0.8263 7.899 11.8438856907 0.8154
2016-12-05 21:51:38.760000 34123.622 3.343 49.541 33.712 51.768 4.088 3.7989 3.5387 27.8182 26.7416 1.8751 4.195 3.9312 0.2835 0.8263 7.9 12.4232046816 0.8152
2016-12-05 21:52:47.093000 34191.955 3.343 49.539 33.649 51.769 4.078 3.8001 3.5398 27.8235 26.7459 1.8748 4.1955 3.9318 0.2835 0.8262 7.9 11.8835828232 0.8149
2016-12-05 21:53:55.750000 34260.612 3.341 49.541 33.732 51.773 4.089 3.7996 3.5399 27.8239 26.7471 1.8746 4.1959 3.9315 0.2835 0.8262 7.9 12.4232046816 0.8147
2016-12-05 21:55:04.057000 34328.919 3.338 49.547 33.744 51.776 3.964 3.798 3.5375 27.8218 26.7475 1.8739 4.1959 3.9296 0.2835 0.8261 7.9 11.8835828232 0.8144
2016-12-05 21:56:12.449000 34397.311 3.337 49.55 33.791 51.783 4.085 3.7969 3.5353 27.8235 26.7468 1.8735 4.1951 3.9281 0.2835 0.8262 7.899 12.0869064293 0.8141
2016-12-05 21:57:20.778000 34465.64 3.416 49.555 33.199 51.786 3.782 3.7967 3.5351 27.8186 26.7435 1.8738 4.1944 3.9279 0.2835 0.8261 7.899 12.2550555554 0.8136
2016-12-05 21:58:29.122000 34533.984 3.418 49.556 33.198 51.787 4.087 3.7987 3.5365 27.8232 26.7493 1.873 4.1942 3.9295 0.2835 0.826 7.899 11.7644914257 0.8126
2016-12-05 21:59:37.879000 34602.741 3.34 49.558 33.203 51.791 4.087 3.7987 3.538 27.8263 26.7486 1.8732 4.1946 3.93 0.2835 0.8261 7.9 12.3811674 0.8117
2016-12-05 22:00:46.237000 34671.099 3.396 49.559 33.229 51.791 4.087 3.7985 3.5376 27.8235 26.749 1.8727 4.1949 3.9297 0.2835 0.8262 7.9 11.8041885582 0.8107
2016-12-05 22:01:54.629000 34739.491 3.395 49.562 33.231 51.797 4.086 3.7977 3.5364 27.8228 26.7486 1.873 4.1947 3.9287 0.2835 0.8264 7.9 11.7644914257 0.8098
2016-12-05 22:03:02.980000 34807.842 3.396 49.565 33.227 51.8 4.087 3.7982 3.5374 27.8192 26.7466 1.8733 4.1949 3.9295 0.2834 0.8262 7.9 12.2550555554 0.8088
2016-12-05 22:04:11.881000 34876.743 3.338 49.566 33.936 51.803 4.085 3.7966 3.535 27.8192 26.744 1.8736 4.1946 3.9279 0.2834 0.8263 7.9 11.7644914257 0.8079
2016-12-05 22:05:20.332000 34945.194 3.341 49.569 33.219 51.801 4.087 3.7988 3.537 27.8252 26.7431 1.8735 4.1947 3.93 0.2834 0.8265 7.901 12.3391301185 0.807
2016-12-05 22:06:28.781000 35013.643 3.389 49.567 33.257 51.802 4.026 3.7991 3.5388 27.8266 26.7481 1.8745 4.1956 3.931 0.2834 0.8267 7.901 11.7644914257 0.8064
2016-12-05 22:07:37.217000 35082.079 3.387 49.57 33.265 51.804 3.847 3.7974 3.5368 27.8242 26.7468 1.8751 4.1957 3.9294 0.2834 0.8268 7.901 12.3391301185 0.8057
2016-12-05 22:08:46.056000 35150.918 3.35 49.571 33.965 51.807 4.085 3.7972 3.537 27.8242 26.7484 1.8761 4.1956 3.9294 0.2834 0.8269 7.901 11.8041885582 0.805
2016-12-05 22:09:54.495000 35219.357 3.357 49.572 34.005 51.807 4.038 3.7965 3.5356 27.8239 26.7468 1.8765 4.1955 3.9286 0.2833 0.8268 7.901 11.8041885582 0.8042
2016-12-05 22:11:02.995000 35287.857 3.356 49.574 34.026 51.808 4.085 3.796 3.535 27.8207 26.7468 1.8765 4.195 3.9283 0.2833 0.8266 7.901 12.3391301185 0.8032
2016-12-05 22:12:11.430000 35356.292 3.368 49.574 34.034 51.807 4.085 3.7961 3.5354 27.8235 26.7475 1.8751 4.1944 3.9277 0.2833 0.8265 7.9 11.8835828232 0.7979
2016-12-05 22:13:19.940000 35424.802 3.382 49.575 34.037 51.809 3.811 3.7962 3.5352 27.8242 26.7477 1.8748 4.1944 3.9279 0.2833 0.8264 7.901 11.7644914257 0.7965
2016-12-05 22:14:28.743000 35493.605 3.562 49.573 34.041 51.81 3.784 3.7961 3.5354 27.8228 26.7466 1.8744 4.1943 3.9278 0.2833 0.8264 7.901 12.3391301185 0.7955
2016-12-05 22:15:37.230000 35562.092 3.567 49.574 34.037 51.809 3.968 3.7967 3.5358 27.8252 26.7484 1.8744 4.1942 3.9285 0.2833 0.8263 7.901 12.1709809924 0.7945
2016-12-05 22:16:45.645000 35630.507 3.422 49.574 34.034 51.808 4.086 3.7971 3.5362 27.8196 26.7468 1.8735 4.1942 3.9289 0.2832 0.8262 7.901 11.7644914257 0.7934
2016-12-05 22:17:54.121000 35698.983 3.421 49.573 34.032 51.807 4.086 3.7973 3.5355 27.8235 26.7438 1.8729 4.1943 3.9288 0.2832 0.826 7.901 12.2130182739 0.7924
2016-12-05 22:19:02.927000 35767.789 3.558 49.572 33.451 51.805 4.086 3.7977 3.5354 27.8245 26.7462 1.8727 4.1943 3.9287 0.2832 0.8263 7.901 12.0028318663 0.7915
2016-12-05 22:20:11.412000 35836.274 3.562 49.574 33.458 51.808 4.084 3.7954 3.5339 27.8249 26.7466 1.8726 4.1938 3.9264 0.2832 0.8262 7.9 11.7644914257 0.7905
2016-12-05 22:21:19.845000 35904.707 3.563 49.575 33.448 51.806 4.084 3.7954 3.5338 27.8242 26.7459 1.8723 4.1933 3.9265 0.2832 0.8261 7.9 12.3391301185 0.7897
2016-12-05 22:22:28.297000 35973.159 3.557 49.572 33.44 51.806 4.084 3.7959 3.5339 27.8221 26.7468 1.8717 4.1929 3.9268 0.2831 0.8259 7.9 11.8835828232 0.7889
2016-12-05 22:23:36.728000 36041.59 3.558 49.57 33.999 51.806 4.085 3.7963 3.5345 27.8192 26.7462 1.8714 4.1929 3.927 0.2831 0.826 7.9 12.3391301185 0.788
2016-12-05 22:24:45.582000 36110.444 3.547 49.569 33.39 51.804 3.676 3.7964 3.5344 27.8179 26.7459 1.8715 4.193 3.9277 0.2831 0.8261 7.901 11.8041885582 0.7872
2016-12-05 22:25:54.081000 36178.943 3.56 49.567 33.389 51.804 4.085 3.7973 3.5346 27.8235 26.7425 1.8715 4.1934 3.928 0.2831 0.8263 7.901 12.1289437109 0.7864
2016-12-05 22:27:02.577000 36247.439 3.527 49.564 33.347 51.802 4.085 3.7967 3.5354 27.8249 26.7466 1.8723 4.1937 3.9283 0.2831 0.8266 7.901 11.7644914257 0.7859
2016-12-05 22:28:11.136000 36315.998 3.528 49.565 33.346 51.801 4.085 3.7964 3.535 27.8235 26.7457 1.8727 4.1939 3.9279 0.2831 0.8266 7.901 11.8041885582 0.7854
2016-12-05 22:29:20.012000 36384.874 3.346 49.564 33.553 51.799 4.086 3.7966 3.536 27.8242 26.7468 1.8732 4.1941 3.9288 0.2831 0.8266 7.901 12.297092837 0.785
2016-12-05 22:30:28.562000 36453.424 3.347 49.56 33.545 51.797 4.087 3.797 3.5359 27.8235 26.7462 1.8738 4.1946 3.9295 0.2831 0.8266 7.901 11.8438856907 0.7843
2016-12-05 22:31:37.077000 36521.939 3.347 49.561 33.554 51.794 4.086 3.7973 3.5355 27.8186 26.7462 1.8738 4.1949 3.9293 0.283 0.8264 7.901 12.3811674 0.7837
2016-12-05 22:32:45.618000 36590.48 3.448 49.558 33.609 51.794 4.074 3.7972 3.5357 27.8182 26.7462 1.8738 4.1947 3.9287 0.283 0.8264 7.901 12.0028318663 0.783
2016-12-05 22:33:54.137000 36658.999 3.464 49.557 33.662 51.792 4.078 3.7981 3.5363 27.8228 26.7425 1.8736 4.1948 3.9291 0.283 0.8265 7.901 11.8438856907 0.7823
2016-12-05 22:35:03.085000 36727.947 3.548 49.554 33.96 51.788 3.671 3.7997 3.5389 27.8239 26.7425 1.8738 4.1955 3.9317 0.283 0.8269 7.902 12.0869064293 0.7818
2016-12-05 22:36:11.579000 36796.441 3.483 49.553 33.963 51.785 4.091 3.8004 3.5409 27.8245 26.7477 1.8759 4.1968 3.9335 0.283 0.8272 7.903 12.2550555554 0.7814
2016-12-05 22:37:20.145000 36865.007 3.554 49.552 33.95 51.787 4.017 3.8024 3.5424 27.8255 26.7477 1.877 4.1982 3.9358 0.283 0.827 7.904 12.0028318663 0.7809
2016-12-05 22:38:28.673000 36933.535 3.552 49.551 33.322 51.785 4.094 3.8023 3.5424 27.8242 26.749 1.8775 4.1994 3.9358 0.283 0.8271 7.904 12.2550555554 0.7804
2016-12-05 22:39:37.662000 37002.524 3.351 49.556 33.582 51.788 4.092 3.8013 3.5417 27.8249 26.7486 1.8788 4.1996 3.9347 0.283 0.8274 7.904 11.8041885582 0.78
2016-12-05 22:40:46.187000 37071.049 3.345 49.561 33.648 51.793 3.461 3.7994 3.5392 27.8228 26.7486 1.8801 4.1992 3.9327 0.283 0.8275 7.903 12.0028318663 0.7797
2016-12-05 22:41:54.792000 37139.654 3.343 49.566 33.647 51.8 4.089 3.7984 3.538 27.8207 26.7471 1.8811 4.1985 3.9315 0.283 0.8276 7.903 12.297092837 0.7792
2016-12-05 22:43:03.322000 37208.185 3.343 49.571 33.654 51.804 3.505 3.7973 3.5367 27.8235 26.7453 1.8834 4.1979 3.9306 0.283 0.8282 7.902 11.7247942932 0.7791
2016-12-05 22:44:12.451000 37277.313 3.393 49.574 34.041 51.809 4.087 3.7969 3.5368 27.8242 26.7457 1.8883 4.1974 3.9302 0.283 0.828 7.902 12.297092837 0.7789
2016-12-05 22:45:21.011000 37345.873 3.393 49.577 34.052 51.81 4.088 3.7979 3.5377 27.8249 26.7498 1.8908 4.1975 3.9309 0.283 0.8278 7.902 12.1709809924 0.7786
2016-12-05 22:46:29.704000 37414.566 3.568 49.58 33.571 51.814 4.006 3.7969 3.5377 27.8249 26.7495 1.8906 4.1973 3.93 0.283 0.8276 7.902 11.7644914257 0.7781
2016-12-05 22:47:38.333000 37483.195 3.569 49.582 33.529 51.816 4.087 3.7965 3.5369 27.8242 26.7495 1.8889 4.1973 3.9299 0.283 0.8274 7.902 12.3811674 0.7776
2016-12-05 22:48:46.913000 37551.776 3.567 49.584 33.408 51.82 4.089 3.7974 3.5371 27.8245 26.7486 1.8865 4.197 3.9308 0.283 0.827 7.903 12.0869064293 0.7769
2016-12-05 22:49:56.017000 37620.879 3.384 49.583 33.492 51.819 4.089 3.7978 3.538 27.8255 26.7486 1.883 4.1974 3.9315 0.2829 0.8268 7.903 11.7644914257 0.7761
2016-12-05 22:51:04.726000 37689.588 3.401 49.583 34.051 51.821 4.088 3.7979 3.5381 27.8245 26.7498 1.8811 4.1974 3.9315 0.2829 0.8267 7.904 11.8835828232 0.7753
2016-12-05 22:52:13.362000 37758.224 3.357 49.583 34.021 51.825 4.088 3.7973 3.5369 27.8239 26.7477 1.8795 4.1972 3.9308 0.2829 0.8267 7.904 12.297092837 0.7745
2016-12-05 22:53:22.077000 37826.939 3.548 49.586 34.01 51.823 4.088 3.7979 3.5366 27.8192 26.749 1.8776 4.1968 3.9312 0.2829 0.8264 7.904 12.1289437109 0.7737
2016-12-05 22:54:31.275000 37896.137 3.415 49.587 33.218 51.823 4.087 3.7978 3.5362 27.8245 26.7501 1.8765 4.1965 3.9297 0.2829 0.8263 7.903 11.9232799557 0.7728
2016-12-05 22:55:39.979000 37964.841 3.415 49.587 33.223 51.825 4.087 3.7972 3.536 27.8199 26.7484 1.8748 4.1961 3.9292 0.2829 0.8262 7.903 12.0448691478 0.7719
2016-12-05 22:56:48.717000 38033.579 3.337 49.588 33.859 51.824 4.085 3.7964 3.5349 27.8213 26.7484 1.8738 4.1956 3.9286 0.2829 0.8263 7.903 12.0028318663 0.7712
2016-12-05 22:57:57.481000 38102.343 3.339 49.589 33.675 51.826 3.52 3.7963 3.5343 27.8245 26.7435 1.8735 4.1951 3.9285 0.2829 0.8265 7.903 11.9232799557 0.7705
2016-12-05 22:59:06.704000 38171.566 3.543 49.589 33.394 51.825 4.053 3.7961 3.5346 27.8203 26.7431 1.8732 4.1947 3.9277 0.2828 0.8263 7.903 11.8041885582 0.7699
2016-12-05 23:00:15.458000 38240.32 3.547 49.586 33.368 51.825 4.088 3.7979 3.5373 27.8242 26.744 1.8732 4.1949 3.9301 0.2828 0.8264 7.903 11.9232799557 0.7691
2016-12-05 23:01:24.195000 38309.057 3.351 49.583 33.578 51.82 4.088 3.7983 3.5368 27.8245 26.7431 1.873 4.1955 3.9302 0.2828 0.8265 7.904 12.1289437109 0.7686
2016-12-05 23:02:33.035000 38377.897 3.363 49.583 33.394 51.82 3.989 3.7987 3.5366 27.8242 26.7471 1.8728 4.1957 3.9308 0.2828 0.8264 7.904 11.8835828232 0.768
2016-12-05 23:03:42.296000 38447.158 3.555 49.581 33.67 51.816 4.045 3.7999 3.5382 27.8245 26.744 1.8726 4.1962 3.9314 0.2828 0.8263 7.904 11.7644914257 0.7674
2016-12-05 23:04:51.112000 38515.974 3.393 49.58 33.609 51.817 3.963 3.8005 3.5388 27.8249 26.7466 1.8721 4.1965 3.932 0.2828 0.8262 7.905 12.3391301185 0.7668
2016-12-05 23:06:00.003000 38584.865 3.397 49.574 33.212 51.813 4.093 3.8027 3.5408 27.826 26.7475 1.8719 4.1974 3.9349 0.2828 0.8262 7.906 11.9629770882 0.7663
2016-12-05 23:07:08.884000 38653.746 3.356 49.574 33.944 51.812 3.745 3.8036 3.5423 27.8252 26.7475 1.872 4.1986 3.9364 0.2828 0.8263 7.906 12.2130182739 0.7657
2016-12-05 23:08:18.193000 38723.055 3.439 49.573 33.195 51.81 4.095 3.8053 3.5442 27.8255 26.7453 1.8724 4.1996 3.9375 0.2828 0.8263 7.907 12.2130182739 0.7652
2016-12-05 23:09:27.020000 38791.882 3.438 49.578 33.202 51.812 4.094 3.8047 3.5429 27.826 26.7481 1.8719 4.2001 3.9369 0.2828 0.8264 7.907 11.8835828232 0.7647
2016-12-05 23:10:35.910000 38860.772 3.343 49.581 33.79 51.817 4.092 3.8034 3.5414 27.8255 26.7498 1.8724 4.1999 3.9355 0.2828 0.8265 7.907 12.2130182739 0.7643
2016-12-05 23:11:44.841000 38929.703 3.503 49.586 33.919 51.822 4.092 3.8024 3.5409 27.826 26.7498 1.8725 4.1996 3.9345 0.2828 0.8265 7.906 11.7247942932 0.7639
2016-12-05 23:12:54.211000 38999.073 3.347 49.589 33.591 51.826 4.086 3.8013 3.539 27.8245 26.7459 1.8724 4.199 3.9325 0.2828 0.8264 7.906 11.9232799557 0.7635
2016-12-05 23:14:03.100000 39067.962 3.455 49.594 34.041 51.831 4.089 3.8004 3.5376 27.8255 26.7495 1.8719 4.1983 3.9318 0.2827 0.8263 7.905 12.2130182739 0.7632
2016-12-05 23:15:12.028000 39136.89 3.391 49.6 34.064 51.834 4.088 3.7995 3.5363 27.826 26.749 1.8715 4.1974 3.9304 0.2827 0.8261 7.905 11.6850971607 0.7627
2016-12-05 23:16:21.008000 39205.87 3.568 49.602 33.57 51.838 4.088 3.8 3.5373 27.8249 26.7493 1.8709 4.1967 3.9307 0.2827 0.826 7.905 11.8438856907 0.7622
2016-12-05 23:17:30.377000 39275.239 3.342 49.601 33.982 51.842 4.087 3.799 3.5358 27.8245 26.7447 1.8707 4.1963 3.9303 0.2827 0.8261 7.905 12.297092837 0.7618
2016-12-05 23:18:39.389000 39344.251 3.525 49.605 33.812 51.844 4.066 3.7986 3.5351 27.8239 26.7449 1.8703 4.1957 3.9293 0.2827 0.826 7.904 11.8041885582 0.7614
2016-12-05 23:19:48.412000 39413.274 3.415 49.61 33.232 51.847 4.087 3.7994 3.5365 27.8252 26.7447 1.8698 4.1954 3.9299 0.2827 0.8259 7.905 12.297092837 0.7608
2016-12-05 23:20:57.436000 39482.298 3.336 49.61 33.818 51.848 4.054 3.7981 3.5349 27.8235 26.7457 1.8696 4.1952 3.929 0.2827 0.8261 7.905 11.8438856907 0.7605
2016-12-05 23:22:06.857000 39551.719 3.495 49.613 33.293 51.848 4.087 3.7984 3.5357 27.8213 26.7484 1.8704 4.1952 3.9295 0.2827 0.8261 7.905 12.0448691478 0.7601
2016-12-05 23:23:15.885000 39620.747 3.345 49.607 33.661 51.848 4.087 3.7988 3.5365 27.821 26.749 1.8701 4.1954 3.9299 0.2827 0.8262 7.905 12.3391301185 0.7599
2016-12-05 23:24:24.937000 39689.799 3.469 49.612 34.015 51.85 4.087 3.7979 3.5353 27.8207 26.7493 1.8704 4.1953 3.9296 0.2827 0.8261 7.905 11.6454000282 0.7595
2016-12-05 23:25:33.998000 39758.86 3.551 49.609 33.423 51.851 4.082 3.7984 3.5353 27.8203 26.7486 1.87 4.1954 3.9296 0.2827 0.8261 7.906 11.7644914257 0.759
2016-12-05 23:26:43.492000 39828.354 3.556 49.61 34.048 51.85 4.087 3.7985 3.5357 27.8235 26.7486 1.87 4.1953 3.9298 0.2827 0.8262 7.906 12.2550555554 0.7587
2016-12-05 23:27:52.621000 39897.483 3.392 49.611 33.252 51.849 4.087 3.7977 3.5349 27.8235 26.7486 1.8704 4.1952 3.9294 0.2826 0.8262 7.905 11.6850971607 0.7584
2016-12-05 23:29:01.739000 39966.601 3.341 49.61 33.916 51.848 4.087 3.7978 3.5348 27.8255 26.7484 1.8707 4.1952 3.9293 0.2827 0.8262 7.906 12.2130182739 0.7582
2016-12-05 23:30:10.823000 40035.685 3.52 49.608 33.831 51.847 4.086 3.7972 3.5353 27.8239 26.7484 1.8704 4.1951 3.9291 0.2826 0.8261 7.905 11.5660057632 0.7579
2016-12-05 23:31:20.348000 40105.211 3.34 49.607 33.706 51.847 4.083 3.7982 3.5356 27.8245 26.7475 1.8705 4.1952 3.9299 0.2826 0.8261 7.905 12.2550555554 0.7575
2016-12-05 23:32:29.528000 40174.39 3.529 49.605 33.981 51.844 4.088 3.7985 3.5365 27.8239 26.7475 1.8706 4.1955 3.9302 0.2826 0.8265 7.906 11.8438856907 0.7573
2016-12-05 23:33:38.695000 40243.557 3.349 49.605 33.547 51.844 4.088 3.7989 3.5378 27.8252 26.7477 1.8709 4.1955 3.9312 0.2826 0.8262 7.906 11.7644914257 0.7569
2016-12-05 23:34:47.812000 40312.674 3.433 49.598 34.022 51.838 4.091 3.8011 3.5399 27.8266 26.7495 1.8712 4.1966 3.9335 0.2826 0.8262 7.907 12.2550555554 0.7567
2016-12-05 23:35:57.371000 40382.233 3.375 49.598 33.347 51.835 4.067 3.8044 3.5422 27.8255 26.7459 1.8712 4.1979 3.9361 0.2826 0.8261 7.908 11.9232799557 0.7564
2016-12-05 23:37:06.548000 40451.41 3.553 49.594 33.701 51.834 3.954 3.8046 3.543 27.8249 26.7457 1.8708 4.1989 3.9368 0.2826 0.8259 7.909 11.7644914257 0.756
2016-12-05 23:38:15.768000 40520.63 3.413 49.596 33.213 51.833 4.094 3.8039 3.5418 27.821 26.7457 1.8709 4.1996 3.9367 0.2826 0.8261 7.909 11.9629770882 0.7557
2016-12-05 23:39:24.979000 40589.841 3.513 49.599 33.89 51.835 3.838 3.804 3.5419 27.8221 26.7513 1.8709 4.1997 3.9356 0.2826 0.826 7.909 12.0028318663 0.7552
2016-12-05 23:40:34.680000 40659.542 3.346 49.603 33.704 51.841 4.091 3.8023 3.5391 27.8249 26.7501 1.8705 4.1991 3.9339 0.2826 0.826 7.908 12.1709809924 0.755
2016-12-05 23:41:43.918000 40728.78 3.542 49.61 33.989 51.846 4.091 3.8016 3.5391 27.8252 26.7501 1.8704 4.1984 3.9332 0.2826 0.826 7.908 11.8041885582 0.7548
2016-12-05 23:42:53.165000 40798.027 3.376 49.615 33.333 51.85 4.089 3.8002 3.5377 27.8249 26.7498 1.8699 4.1975 3.9318 0.2826 0.8261 7.907 11.6850971607 0.7544
2016-12-05 23:44:02.898000 40867.76 3.536 49.615 33.719 51.854 4.089 3.8 3.5371 27.8263 26.7501 1.8701 4.197 3.9314 0.2826 0.8261 7.907 12.0028318663 0.7541
2016-12-05 23:45:12.176000 40937.038 3.338 49.617 33.86 51.858 4.067 3.8 3.5369 27.8242 26.7505 1.8703 4.1967 3.9307 0.2826 0.8262 7.907 12.0448691478 0.7538
2016-12-05 23:46:21.499000 41006.361 3.47 49.617 33.256 51.859 4.088 3.7997 3.5366 27.8245 26.7459 1.87 4.1963 3.931 0.2826 0.8263 7.907 11.6850971607 0.7537
2016-12-05 23:47:30.803000 41075.665 3.34 49.623 33.709 51.862 4.087 3.7989 3.5358 27.8207 26.7462 1.8706 4.1962 3.9303 0.2826 0.8262 7.907 12.2550555554 0.7534
2016-12-05 23:48:40.549000 41145.411 3.359 49.626 33.504 51.865 4.088 3.7991 3.5362 27.8245 26.7505 1.8703 4.196 3.931 0.2826 0.826 7.907 12.0028318663 0.753
2016-12-05 23:49:49.884000 41214.746 3.402 49.626 34.057 51.864 4.089 3.7996 3.5362 27.8249 26.7498 1.8699 4.1963 3.9313 0.2826 0.8259 7.908 11.6850971607 0.7527
2016-12-05 23:50:59.231000 41284.093 3.385 49.625 33.321 51.866 4.089 3.7999 3.5376 27.8249 26.7501 1.8696 4.1963 3.9318 0.2826 0.8259 7.908 12.2550555554 0.7524
2016-12-05 23:52:08.778000 41353.64 3.531 49.631 33.788 51.868 3.662 3.7991 3.5366 27.8245 26.7498 1.8696 4.1962 3.9305 0.2826 0.826 7.908 12.0028318663 0.7521
2016-12-05 23:53:18.556000 41423.418 3.483 49.628 33.983 51.869 4.088 3.8001 3.5363 27.8255 26.7453 1.8697 4.196 3.9304 0.2825 0.8259 7.908 11.7247942932 0.7517
2016-12-05 23:54:27.907000 41492.769 3.348 49.626 33.286 51.867 4.089 3.7994 3.5368 27.821 26.7449 1.8695 4.196 3.9311 0.2826 0.8261 7.908 12.2130182739 0.7515
2016-12-05 23:55:37.290000 41562.152 3.465 49.625 34.02 51.868 4.089 3.8001 3.5367 27.8207 26.7484 1.8697 4.1961 3.9315 0.2825 0.8261 7.908 11.9629770882 0.7512
2016-12-05 23:56:47.116000 41631.978 3.346 49.625 33.988 51.866 4.081 3.7986 3.5363 27.8255 26.7481 1.8702 4.1962 3.9306 0.2825 0.8262 7.908 11.6454000282 0.7511
2016-12-05 23:57:56.494000 41701.356 3.434 49.622 33.231 51.866 4.036 3.7988 3.5353 27.8239 26.7484 1.8701 4.1961 3.9301 0.2825 0.8261 7.908 11.8041885582 0.7508
2016-12-05 23:59:05.885000 41770.747 3.484 49.625 33.78 51.865 4.087 3.7981 3.5357 27.8249 26.7486 1.8703 4.1954 3.9294 0.2825 0.8261 7.907 11.9232799557 0.7506
