#Human readable time. Time (s) since start. Lakeshore temperature sensor 218 T1,3,5,6,8 and 224 C2,C3,C4,C5,D2,D3,D5,A,B
2016-08-30 16:01:19.987000 0.0 3.666 49.649 34.158 51.89 4.728 4.9767 60.3376 14.7955 5.7151 25.3237 16.8797 4.7465 5.0816 5.6865 8.317 -1 5.3208
2016-08-30 16:02:20.808000 60.821 3.479 49.632 33.767 51.872 4.71 5.5493 60.5265 12.3028 5.6873 25.3064 16.8632 4.7284 5.0565 5.6607 8.307 8.25789662474 5.2958
2016-08-30 16:03:21.263000 121.276 3.474 49.616 34.295 51.858 4.689 5.9493 60.4637 10.2366 5.6497 25.2882 16.846 4.7058 5.02 5.6262 8.294 7.91097852082 5.2587
2016-08-30 16:04:21.715000 181.728 3.454 49.604 33.976 51.845 4.644 6.1089 60.2484 8.416 5.6018 25.2705 16.8293 4.6934 5.0075 5.6101 8.284 8.12333950118 5.2426
2016-08-30 16:05:22.302000 242.315 3.669 49.591 34.269 51.83 4.671 6.2045 60.002 6.9452 5.5525 25.2524 16.8129 4.6868 4.9856 5.5812 8.278 8.03363475214 5.2176
2016-08-30 16:06:22.950000 302.963 3.619 49.577 33.504 51.817 4.666 6.2763 59.7648 5.9444 5.505 25.2339 16.7972 4.6821 4.9711 5.5781 8.272 7.91097852082 5.2019
2016-08-30 16:07:23.596000 363.609 3.471 49.563 33.661 51.802 4.659 6.3333 59.5229 5.3214 5.4611 25.2179 16.7816 4.6758 4.9785 5.5739 8.267 8.25789662474 5.2106
2016-08-30 16:08:24.314000 424.327 3.673 49.549 34.184 51.79 4.691 17.8167 59.2877 5.1346 5.5252 25.2048 16.7741 4.7486 5.0154 5.632 8.276 8.21304425022 5.2502
2016-08-30 16:09:25.004000 485.017 3.796 49.536 33.616 51.777 5.022 23.2077 59.1057 5.8318 6.195 25.2115 16.808 5.0815 5.2574 5.639 8.386 8.25789662474 5.5017
2016-08-30 16:10:25.728000 545.741 3.692 49.525 33.601 51.767 5.285 27.9804 58.9195 6.998 7.2903 25.2512 16.8663 5.3536 5.5312 5.7836 8.531 8.43730612281 5.792
2016-08-30 16:11:26.443000 606.456 3.94 49.52 34.23 51.764 5.494 32.2231 58.7277 8.3374 8.5553 25.3193 16.9475 5.5752 5.7809 5.9495 8.681 8.07848712666 6.059
2016-08-30 16:12:27.178000 667.191 4.153 49.521 33.838 51.762 5.676 35.0927 58.5325 9.6042 9.7939 25.4052 17.0515 5.7669 5.9938 6.09 8.815 7.87141519439 6.289
2016-08-30 16:13:27.971000 727.984 3.858 49.528 34.088 51.764 5.822 37.5146 58.3316 10.7267 10.8955 25.5032 17.1721 5.9212 6.1765 6.1954 8.929 8.25789662474 6.4846
2016-08-30 16:14:28.754000 788.767 4.037 49.534 34.421 51.771 5.939 39.6604 58.1271 11.6965 11.8489 25.6056 17.3033 6.0457 6.3037 6.2648 9.022 7.99010517368 6.6235
2016-08-30 16:15:29.578000 849.591 4.068 49.543 33.635 51.777 6.058 41.5758 57.9014 12.5596 12.5309 25.7071 17.44 6.1767 6.4182 6.3234 9.104 8.48215849733 6.7524
2016-08-30 16:16:30.459000 910.472 4.348 49.552 34.429 51.785 6.481 43.3866 56.6397 13.3563 13.4866 25.8091 17.593 6.6471 6.6284 6.5767 9.294 8.25789662474 6.9826
2016-08-30 16:17:31.335000 971.348 4.412 49.562 34.117 51.794 6.997 45.1157 53.6489 14.111 14.4518 25.9089 17.7592 7.2094 6.9295 6.9895 9.586 8.53049810849 7.3057
2016-08-30 16:18:32.242000 1032.255 4.618 49.579 34.272 51.811 7.624 46.7431 48.6541 14.8228 15.3699 26.0162 17.9364 7.8932 7.1964 7.4175 9.993 8.34760137377 7.5905
2016-08-30 16:19:33.206000 1093.219 5.396 49.607 34.318 51.836 8.066 47.6055 41.1341 15.4344 16.1388 26.1335 18.0798 8.3298 7.2927 7.6896 10.374 8.30274899925 7.704
2016-08-30 16:20:34.227000 1154.24 4.854 49.65 34.635 51.876 8.111 47.794 32.5356 15.6918 16.5528 26.2072 18.1665 8.3433 7.2424 7.8544 10.579 8.93564240511 7.6554
2016-08-30 16:21:35.412000 1215.425 4.872 49.708 34.336 51.929 8.022 48.0121 30.74 15.6084 16.6376 26.2577 18.2179 8.2505 7.6447 8.0054 10.604 8.43730612281 8.0788
2016-08-30 16:22:36.611000 1276.624 5.225 49.763 34.813 51.976 7.967 48.4202 31.0248 15.3212 16.5514 26.3009 18.2574 8.1879 8.0446 8.0707 10.592 8.7330702568 8.5151
2016-08-30 16:23:37.773000 1337.786 4.837 49.808 34.291 52.019 7.878 48.9285 31.6757 14.9294 16.3611 26.3444 18.2881 8.0896 8.3741 8.0277 10.55 8.98628544218 8.8903
2016-08-30 16:24:38.940000 1398.953 5.201 49.851 34.365 52.057 7.763 49.5101 32.5583 14.513 16.109 26.3896 18.3134 7.9673 8.5144 7.9327 10.483 8.43730612281 9.0554
2016-08-30 16:25:40.210000 1460.223 4.714 49.888 34.98 52.095 7.641 50.1053 33.6711 14.1149 15.8401 26.4358 18.3368 7.8369 8.5217 7.8155 10.407 9.15441592527 9.0664
2016-08-30 16:26:41.519000 1521.532 4.601 49.922 34.685 52.126 7.52 50.6918 35.0257 13.7559 15.5751 26.4805 18.3591 7.7102 8.4296 7.6913 10.326 8.53049810849 8.9633
2016-08-30 16:27:42.827000 1582.84 4.625 49.951 34.601 52.156 7.364 50.9963 36.5696 13.4122 15.2912 26.5204 18.3715 7.5302 8.2998 7.5108 10.23 9.0412571987 8.82
2016-08-30 16:28:44.194000 1644.207 4.76 49.977 34.958 52.181 7.188 50.9738 38.4427 12.9842 14.9363 26.5442 18.3728 7.3394 8.1148 7.3084 10.113 8.58114114557 8.6124
2016-08-30 16:29:45.633000 1705.646 4.375 50.001 34.964 52.206 6.984 50.9085 40.7928 12.4808 14.5064 26.5634 18.3684 7.1231 7.8785 7.0851 9.976 9.09783656199 8.3548
2016-08-30 16:30:47.107000 1767.12 4.266 50.02 34.546 52.227 6.766 50.7929 43.5566 11.948 14.0174 26.5758 18.3593 6.8912 7.6086 6.8398 9.823 8.53049810849 8.0596
2016-08-30 16:31:48.635000 1828.648 4.285 50.037 34.197 52.244 6.547 50.6559 46.6902 11.4338 13.5047 26.5846 18.3473 6.6584 7.3029 6.5852 9.663 8.83435633095 7.7242
2016-08-30 16:32:50.121000 1890.134 4.476 50.049 34.393 52.255 6.339 50.4726 50.0043 10.9489 12.9923 26.5871 18.3337 6.4379 7.0098 6.3382 9.503 9.09783656199 7.4031
2016-08-30 16:33:51.671000 1951.684 4.288 50.049 34.712 52.258 6.117 50.2628 51.0868 10.4902 12.4928 26.5698 18.3014 6.1992 6.6088 6.0851 9.355 8.78371329388 6.9751
2016-08-30 16:34:53.235000 2013.248 3.981 50.051 34.843 52.262 5.918 50.0058 50.7709 9.995 11.966 26.5167 18.2471 5.9908 6.3204 5.8432 9.214 8.78371329388 6.6594
2016-08-30 16:35:54.850000 2074.863 4.046 50.044 34.718 52.257 5.751 49.7439 50.3376 9.4544 11.4073 26.4474 18.1813 5.8138 6.0884 5.6276 9.087 8.48215849733 6.4027
2016-08-30 16:36:56.507000 2136.52 3.784 50.038 34.734 52.254 5.614 49.47 49.9971 8.9182 10.8344 26.3621 18.1082 5.6709 5.8906 5.4397 8.977 8.78371329388 6.1911
2016-08-30 16:37:58.201000 2198.214 3.739 50.026 34.299 52.245 5.537 49.5386 49.7234 8.4503 10.2871 26.2766 18.0347 5.5963 5.748 5.343 8.899 8.53049810849 6.0376
2016-08-30 16:38:59.924000 2259.937 3.714 50.011 34.522 52.234 5.495 49.9765 49.8214 8.2189 9.8794 26.1935 17.9664 5.5537 5.682 5.2851 8.851 8.43730612281 5.9656
2016-08-30 16:40:01.698000 2321.711 3.74 50.002 34.018 52.223 5.463 50.4845 50.1097 8.2103 9.6603 26.1164 17.902 5.5218 5.6354 5.2387 8.819 9.09783656199 5.9121
2016-08-30 16:41:03.500000 2383.513 3.698 49.986 34.273 52.211 5.438 51.026 50.4347 8.3394 9.6013 26.0462 17.842 5.4957 5.5958 5.2014 8.796 8.7330702568 5.8715
2016-08-30 16:42:05.341000 2445.354 3.685 49.971 34.528 52.198 5.387 51.2861 50.4257 8.4621 9.5918 25.9821 17.778 5.4391 5.5243 5.1254 8.767 8.12333950118 5.7953
2016-08-30 16:43:07.216000 2507.229 3.674 49.958 34.127 52.192 5.318 51.2079 50.228 8.3824 9.4689 25.9242 17.7082 5.3659 5.4413 5.0511 8.727 8.78371329388 5.7094
2016-08-30 16:44:09.100000 2569.113 3.631 49.945 34.338 52.178 5.264 51.0777 50.0103 8.1455 9.2371 25.8641 17.6381 5.3092 5.3708 4.9841 8.686 8.30274899925 5.6313
2016-08-30 16:45:10.999000 2631.012 3.629 49.931 34.512 52.162 5.216 50.9224 49.7916 7.8304 8.9423 25.8041 17.5677 5.2582 5.2942 4.9172 8.649 8.58114114557 5.5471
2016-08-30 16:46:12.952000 2692.965 3.716 49.914 34.547 52.148 5.168 50.7844 49.5751 7.4948 8.6108 25.7455 17.4985 5.2099 5.2282 4.8549 8.615 8.43730612281 5.4791
2016-08-30 16:47:14.942000 2754.955 3.805 49.899 34.387 52.136 5.125 50.6418 49.699 7.1684 8.2747 25.6888 17.4312 5.1659 5.1819 4.7988 8.585 7.95054184725 5.4288
2016-08-30 16:48:16.985000 2816.998 3.854 49.881 34.107 52.118 5.081 50.5073 50.0073 6.8705 7.9538 25.6358 17.3665 5.1187 5.1256 4.7473 8.555 8.53049810849 5.371
2016-08-30 16:49:19.066000 2879.079 3.851 49.864 33.981 52.101 5.035 50.3975 50.328 6.6134 7.6554 25.5813 17.3043 5.0768 5.0741 4.7006 8.528 8.1681918757 5.3108
2016-08-30 16:50:21.181000 2941.194 3.721 49.848 33.692 52.087 4.998 50.2819 50.3181 6.3892 7.3859 25.5332 17.2433 5.0307 5.0113 4.6545 8.499 8.48215849733 5.244
2016-08-30 16:51:23.317000 3003.33 3.537 49.827 34.313 52.069 4.954 50.1732 50.1239 6.1904 7.134 25.4837 17.1847 4.9846 4.9576 4.6167 8.474 8.39245374829 5.1894
2016-08-30 16:52:25.451000 3065.464 3.608 49.81 34.446 52.05 4.906 50.0938 49.9038 6.0078 6.9016 25.4365 17.1275 4.9343 4.9002 4.5865 8.445 8.48215849733 5.1327
2016-08-30 16:53:27.647000 3127.66 3.69 49.794 34.335 52.038 4.834 50.0172 49.698 5.8423 6.6947 25.3925 17.0737 4.9032 4.8767 4.5575 8.423 8.43730612281 5.107
2016-08-30 16:54:29.823000 3189.836 3.592 49.775 33.583 52.019 4.856 49.9444 49.8268 5.701 6.5187 25.3488 17.0225 4.8812 4.8525 4.533 8.406 8.48215849733 5.0797
2016-08-30 16:55:32.050000 3252.063 3.531 49.759 33.713 52.003 4.837 49.8772 50.1394 5.5879 6.3757 25.3082 16.9756 4.8611 4.8285 4.5119 8.392 8.25789662474 5.0539
2016-08-30 16:56:34.311000 3314.324 3.614 49.743 34.365 51.987 4.864 50.1589 50.4684 5.5909 6.3301 25.2712 16.9353 4.8935 4.8238 4.528 8.393 8.21304425022 5.0482
2016-08-30 16:57:36.622000 3376.635 3.718 49.725 34.18 51.969 4.888 50.7934 50.4835 5.8333 6.49 25.2402 16.9017 4.9189 4.8466 4.5536 8.404 8.53049810849 5.0701
2016-08-30 16:58:38.951000 3438.964 3.566 49.71 33.591 51.958 4.825 51.1855 50.2996 6.0788 6.6859 25.2122 16.8672 4.8948 4.8447 4.5495 8.401 8.1681918757 5.0707
2016-08-30 16:59:41.332000 3501.345 3.525 49.697 34.308 51.942 4.85 51.2283 50.0894 6.1154 6.7255 25.1813 16.832 4.8744 4.8216 4.5314 8.392 8.48215849733 5.0458
2016-08-30 17:00:43.764000 3563.777 3.773 49.683 34.334 51.929 4.832 51.2124 49.8699 6.0403 6.6659 25.154 16.7977 4.8553 4.8064 4.511 8.381 8.07848712666 5.0319
2016-08-30 17:01:46.198000 3626.211 3.701 49.67 33.579 51.919 4.815 51.1699 49.6659 5.9203 6.5651 25.1262 16.7645 4.8369 4.7822 4.4903 8.37 8.53049810849 5.0028
2016-08-30 17:02:48.700000 3688.713 3.493 49.655 34.119 51.905 4.805 51.1235 49.7983 5.7952 6.455 25.0983 16.7334 4.8271 4.7755 4.4729 8.361 8.07848712666 4.9985
2016-08-30 17:03:51.276000 3751.289 3.549 49.64 33.951 51.888 4.793 51.0783 50.1188 5.6787 6.3513 25.0734 16.7034 4.8142 4.7641 4.4588 8.353 7.99010517368 4.9854
2016-08-30 17:04:53.832000 3813.845 3.54 49.63 34.294 51.876 4.783 51.0345 50.4502 5.5786 6.2567 25.0498 16.6743 4.8041 4.7486 4.4452 8.346 8.07848712666 4.9688
2016-08-30 17:05:56.460000 3876.473 3.708 49.616 33.635 51.864 4.77 50.9942 50.4422 5.4876 6.169 25.0269 16.6484 4.7886 4.7218 4.431 8.337 8.03363475214 4.9386
2016-08-30 17:06:59.067000 3939.08 3.479 49.604 34.053 51.852 4.759 50.9394 50.25 5.4017 6.0842 25.0047 16.6226 4.7775 4.7069 4.4164 8.329 8.12333950118 4.9243
2016-08-30 17:08:01.723000 4001.736 3.546 49.594 33.949 51.838 4.749 50.901 50.0343 5.3237 6.0037 24.9908 16.5977 4.7672 4.6907 4.4029 8.322 8.1681918757 4.9067
2016-08-30 17:09:04.444000 4064.457 3.515 49.58 34.267 51.829 4.74 50.8582 49.8202 5.2542 5.9254 24.9794 16.5746 4.7577 4.6703 4.3903 8.316 8.07848712666 4.8897
2016-08-30 17:10:07.200000 4127.213 3.499 49.571 33.694 51.81 4.732 50.817 49.6152 5.1935 5.8535 24.9683 16.5524 4.7486 4.6627 4.379 8.309 7.6340352358 4.8759
2016-08-30 17:11:09.949000 4189.962 3.603 49.562 34.266 51.805 4.73 50.7794 49.753 5.1446 5.7942 24.9591 16.5318 4.7473 4.6617 4.3723 8.306 8.07848712666 4.878
2016-08-30 17:12:12.750000 4252.763 3.473 49.554 33.472 51.799 4.726 50.7487 50.0785 5.1088 5.7471 24.9489 16.5121 4.7419 4.6674 4.3672 8.302 8.25789662474 4.8825
2016-08-30 17:13:15.649000 4315.662 3.687 49.542 34.038 51.797 4.722 50.7167 50.4088 5.0807 5.71 24.9409 16.4935 4.7387 4.6576 4.3631 8.299 7.67359856223 4.8716
2016-08-30 17:14:18.536000 4378.549 3.485 49.533 34.188 51.783 4.715 50.6849 50.4067 5.0534 5.6756 24.9315 16.4758 4.7301 4.6381 4.3553 8.294 8.43730612281 4.853
2016-08-30 17:15:21.509000 4441.522 3.501 49.527 33.629 51.78 4.709 50.6523 50.2151 5.0242 5.6397 24.924 16.4589 4.7236 4.6259 4.3493 8.29 7.7527252151 4.8391
2016-08-30 17:16:24.439000 4504.452 3.722 49.518 33.721 51.767 4.703 50.614 50.0053 4.996 5.6047 24.9157 16.4425 4.7179 4.6211 4.3431 8.286 8.03363475214 4.8356
2016-08-30 17:17:27.353000 4567.366 3.605 49.514 34.24 51.759 4.698 50.5831 49.7908 4.9701 5.5729 24.9088 16.4271 4.712 4.6105 4.3353 8.282 7.79228854153 4.8236
2016-08-30 17:18:30.325000 4630.338 3.472 49.508 33.755 51.761 4.693 50.5463 49.5754 4.9467 5.543 24.9018 16.4124 4.7067 4.6045 4.33 8.278 8.07848712666 4.8187
2016-08-30 17:19:33.323000 4693.336 3.667 49.501 33.548 51.745 4.695 50.5184 49.7227 4.9311 5.5212 24.8946 16.3985 4.7089 4.6148 4.3279 8.276 7.83185186796 4.8272
2016-08-30 17:20:36.336000 4756.349 3.645 49.491 34.131 51.732 4.693 50.4939 50.0481 4.9234 5.5087 24.8895 16.3852 4.7069 4.6205 4.3262 8.275 8.34760137377 4.8346
2016-08-30 17:21:39.415000 4819.428 3.463 49.486 33.906 51.732 4.692 50.4726 50.3854 4.9197 5.5016 24.8827 16.3729 4.7058 4.6197 4.3251 8.274 7.71316188867 4.8325
2016-08-30 17:22:42.472000 4882.485 3.575 49.481 33.449 51.731 4.687 50.4487 50.3769 4.9123 5.4929 24.8769 16.361 4.699 4.5987 4.3222 8.271 8.30274899925 4.8098
2016-08-30 17:23:45.638000 4945.651 3.673 49.474 33.948 51.721 4.683 50.4158 50.1862 4.9001 5.4792 24.8718 16.3494 4.6961 4.5943 4.3182 8.268 7.7527252151 4.8073
2016-08-30 17:24:48.791000 5008.804 3.68 49.468 34.196 51.715 4.68 50.3864 49.9787 4.8871 5.4639 24.8668 16.338 4.6929 4.5896 4.3138 8.265 8.39245374829 4.8004
2016-08-30 17:25:52.039000 5072.052 3.481 49.465 34.205 51.708 4.676 50.3556 49.7619 4.874 5.4488 24.8611 16.3273 4.6888 4.5887 4.3106 8.262 7.6340352358 4.8015
2016-08-30 17:26:55.239000 5135.252 3.491 49.457 33.571 51.709 4.68 50.3286 49.9048 4.8682 5.4399 24.8562 16.3174 4.6919 4.5976 4.3097 8.262 8.1681918757 4.8091
2016-08-30 17:27:58.533000 5198.546 3.481 49.45 33.612 51.694 4.681 50.3077 50.225 4.8691 5.4387 24.8524 16.3075 4.693 4.5955 4.3095 8.262 7.83185186796 4.8077
2016-08-30 17:29:01.812000 5261.825 3.472 49.445 33.711 51.686 4.681 50.2852 50.5597 4.8729 5.4418 24.8473 16.2989 4.6939 4.6 4.3109 8.262 8.25789662474 4.8087
2016-08-30 17:30:05.156000 5325.169 3.672 49.44 33.516 51.683 4.676 50.2534 50.5573 4.8714 5.4408 24.843 16.2895 4.6879 4.5839 4.3084 8.26 7.71316188867 4.7961
2016-08-30 17:31:08.546000 5388.559 3.651 49.435 33.517 51.679 4.674 50.2349 50.3655 4.8639 5.4332 24.8371 16.2803 4.6851 4.5792 4.3056 8.258 8.07848712666 4.7882
2016-08-30 17:32:11.970000 5451.983 3.627 49.43 33.481 51.667 4.671 50.2036 50.1547 4.8545 5.4232 24.8335 16.2715 4.6828 4.5748 4.3027 8.255 7.95054184725 4.7858
2016-08-30 17:33:15.413000 5515.426 3.634 49.423 33.464 51.672 4.669 50.1756 49.9414 4.8456 5.4128 24.8291 16.2631 4.6811 4.5776 4.2996 8.254 8.07848712666 4.7877
2016-08-30 17:34:18.942000 5578.955 3.574 49.419 33.438 51.658 4.653 50.1477 49.7263 4.8371 5.4028 24.8254 16.2553 4.6785 4.5639 4.2971 8.252 7.95054184725 4.7741
2016-08-30 17:35:22.472000 5642.485 3.555 49.416 33.431 51.655 4.671 50.1224 49.8638 4.8349 5.3986 24.8211 16.2471 4.6823 4.5807 4.2959 8.252 7.95054184725 4.7884
2016-08-30 17:36:26.001000 5706.014 3.561 49.412 33.402 51.658 4.671 50.0959 50.1881 4.8388 5.4013 24.8185 16.2398 4.6832 4.5859 4.2982 8.252 7.71316188867 4.7973
2016-08-30 17:37:29.561000 5769.574 3.548 49.406 33.407 51.651 4.672 50.082 50.5338 4.8449 5.4074 24.8138 16.2325 4.684 4.5862 4.2995 8.252 7.79228854153 4.7962
2016-08-30 17:38:33.188000 5833.211 3.455 49.4 33.409 51.639 4.668 50.0625 50.5262 4.8455 5.4094 24.8107 16.2249 4.6785 4.576 4.2984 8.25 7.99010517368 4.7837
2016-08-30 17:39:36.829000 5896.842 3.454 49.397 33.969 51.634 4.666 50.0331 50.3361 4.84 5.4043 24.8081 16.2176 4.6761 4.5653 4.2963 8.248 7.87141519439 4.7753
2016-08-30 17:40:40.501000 5960.514 3.456 49.394 34.045 51.632 4.664 50.0043 50.1154 4.8325 5.397 24.8034 16.2106 4.6742 4.5691 4.2929 8.247 8.07848712666 4.7757
2016-08-30 17:41:44.183000 6024.196 3.652 49.39 34.08 51.623 4.662 49.9676 49.9043 4.8254 5.3888 24.7999 16.2038 4.6715 4.5625 4.291 8.245 7.55490858294 4.7719
2016-08-30 17:42:47.879000 6087.892 3.66 49.385 33.999 51.622 4.659 49.9459 49.691 4.8179 5.3798 24.7963 16.1969 4.6685 4.5629 4.2884 8.243 8.03363475214 4.7722
2016-08-30 17:43:51.612000 6151.625 3.674 49.38 33.947 51.617 4.707 50.2613 49.845 4.8782 5.4315 24.7936 16.1938 4.7226 4.5987 4.3206 8.257 7.71316188867 4.8083
2016-08-30 17:44:55.458000 6215.471 3.558 49.375 33.406 51.618 4.744 50.9648 50.1901 5.1023 5.6314 24.7926 16.1952 4.7627 4.6424 4.3648 8.278 8.12333950118 4.8547
2016-08-30 17:45:59.365000 6279.378 3.479 49.373 34.01 51.617 4.745 51.3982 50.5367 5.3411 5.8513 24.793 16.1945 4.7606 4.6713 4.3776 8.287 7.7527252151 4.8839
2016-08-30 17:47:03.299000 6343.312 3.669 49.368 34.029 51.606 4.731 51.4882 50.5283 5.3927 5.9174 24.7919 16.19 4.7445 4.6533 4.3743 8.285 8.12333950118 4.8694
2016-08-30 17:48:07.237000 6407.25 3.605 49.364 33.402 51.604 4.722 51.4933 50.3316 5.3566 5.9071 24.7905 16.1845 4.7353 4.6452 4.3676 8.279 7.7527252151 4.8576
2016-08-30 17:49:11.271000 6471.284 3.471 49.363 33.876 51.597 4.715 51.4645 50.1179 5.2947 5.8689 24.7879 16.1785 4.7275 4.6357 4.3599 8.275 8.12333950118 4.8484
2016-08-30 17:50:15.389000 6535.402 3.614 49.359 34.15 51.594 4.708 51.441 49.8987 5.23 5.8207 24.7846 16.1722 4.7203 4.623 4.3525 8.27 7.91097852082 4.8354
2016-08-30 17:51:19.545000 6599.558 3.698 49.356 33.53 51.592 4.702 51.4076 49.675 5.1703 5.7705 24.7813 16.1658 4.7132 4.6164 4.3446 8.266 8.07848712666 4.8307
2016-08-30 17:52:23.704000 6663.717 3.566 49.353 34.219 51.596 4.702 51.3748 49.8282 5.1227 5.7273 24.7781 16.1596 4.7137 4.6227 4.341 8.264 7.91097852082 4.8344
2016-08-30 17:53:27.918000 6727.931 3.729 49.353 33.718 51.589 4.701 51.3489 50.1589 5.0874 5.6932 24.7756 16.1538 4.7122 4.6241 4.3377 8.263 8.25789662474 4.8371
2016-08-30 17:54:32.163000 6792.176 3.489 49.35 34.176 51.591 4.699 51.316 50.5019 5.0608 5.6669 24.7732 16.1474 4.7108 4.6245 4.3352 8.262 8.34760137377 4.8374
2016-08-30 17:55:36.743000 6856.756 3.53 49.349 33.406 51.586 4.692 51.2945 50.489 5.0344 5.6395 24.7697 16.1406 4.7018 4.601 4.3313 8.258 7.79228854153 4.8127
2016-08-30 17:56:41.041000 6921.054 3.463 49.345 34.001 51.579 4.688 51.2521 50.2858 5.007 5.6106 24.7654 16.1344 4.6985 4.595 4.3255 8.255 8.03363475214 4.8023
2016-08-30 17:57:45.252000 6985.265 3.613 49.341 33.447 51.581 4.684 51.2289 50.0805 4.9809 5.581 24.7622 16.1277 4.6934 4.5906 4.3208 8.253 7.59447190937 4.8016
2016-08-30 17:58:49.511000 7049.524 3.462 49.336 33.888 51.574 4.68 51.1929 49.8615 4.9569 5.5531 24.7582 16.1214 4.6904 4.5887 4.3162 8.25 7.95054184725 4.7968
