2016-03-15 00:00:38.068000 316793.394 218.25 215.38 253.55 250.11 217.78 216.158 219.29 220.066 220.202 214.893 218.939 217.75 0.0 0.0 217.95 -002.085 KOHM R   

2016-03-15 00:02:29.377000 316904.703 218.44 215.58 253.65 250.22 217.97 216.363 219.486 220.258 220.396 215.103 219.136 217.945 0.0 0.0 218.15 -002.080 KOHM R   

2016-03-15 00:04:17.686000 317013.012 218.63 215.78 253.75 250.32 218.16 216.562 219.68 220.45 220.584 215.308 219.331 218.135 0.0 0.0 218.34 -002.080 KOHM R   

2016-03-15 00:06:09.044000 317124.37 218.83 215.98 253.85 250.43 218.36 216.766 219.876 220.642 220.778 215.519 219.53 218.328 0.0 0.0 218.53 -002.084 KOHM R   

2016-03-15 00:07:57.796000 317233.122 219.02 216.18 253.95 250.54 218.55 216.965 220.067 220.829 220.967 215.722 219.725 218.518 0.0 0.0 218.72 -002.081 KOHM R   

2016-03-15 00:09:48.938000 317344.264 219.21 216.38 254.05 250.65 218.75 217.167 220.261 221.024 221.158 215.931 219.923 218.711 0.0 0.0 218.92 -002.077 KOHM R   

2016-03-15 00:11:37.774000 317453.1 219.4 216.57 254.15 250.76 218.93 217.366 220.449 221.21 221.346 216.135 220.114 218.898 0.0 0.0 219.11 -002.081 KOHM R   

2016-03-15 00:13:28.679000 317564.005 219.59 216.77 254.25 250.87 219.13 217.568 220.642 221.403 221.538 216.343 220.311 219.09 0.0 0.0 219.3 -002.084 KOHM R   

2016-03-15 00:15:17.572000 317672.898 219.78 216.96 254.35 250.97 219.32 217.765 220.828 221.589 221.724 216.547 220.5 219.277 0.0 0.0 219.49 -002.081 KOHM R   

2016-03-15 00:17:08.493000 317783.819 219.98 217.16 254.45 251.08 219.51 217.966 221.023 221.781 221.915 216.753 220.695 219.468 0.0 0.0 219.68 -002.085 KOHM R   

2016-03-15 00:18:57.301000 317892.627 220.16 217.35 254.55 251.19 219.7 218.164 221.211 221.965 222.101 216.954 220.885 219.654 0.0 0.0 219.86 -002.081 KOHM R   

2016-03-15 00:20:46.108000 318001.434 220.34 217.54 254.65 251.29 219.89 218.358 221.397 222.152 222.288 217.153 221.074 219.839 0.0 0.0 220.05 -002.087 KOHM R   

2016-03-15 00:22:37.112000 318112.438 220.53 217.74 254.75 251.4 220.08 218.558 221.588 222.341 222.477 217.361 221.267 220.03 0.0 0.0 220.24 -002.084 KOHM R   

2016-03-15 00:24:26.006000 318221.332 220.72 217.93 254.84 251.5 220.26 218.756 221.775 222.526 222.661 217.562 221.456 220.212 0.0 0.0 220.43 -002.084 KOHM R   

2016-03-15 00:26:17.226000 318332.552 220.91 218.12 254.94 251.61 220.46 218.953 221.965 222.716 222.85 217.767 221.648 220.401 0.0 0.0 220.62 -002.081 KOHM R   

2016-03-15 00:28:06.140000 318441.466 221.09 218.32 255.04 251.72 220.64 219.149 222.152 222.902 223.034 217.969 221.837 220.585 0.0 0.0 220.8 -002.084 KOHM R   

2016-03-15 00:29:55.052000 318550.378 221.27 218.51 255.14 251.82 220.83 219.343 222.338 223.084 223.22 218.168 222.026 220.767 0.0 0.0 220.98 -002.082 KOHM R   

2016-03-15 00:31:46.129000 318661.455 221.46 218.7 255.24 251.92 221.02 219.541 222.526 223.272 223.406 218.372 222.217 220.954 0.0 0.0 221.17 -002.079 KOHM R   

2016-03-15 00:33:35.034000 318770.36 221.64 218.89 255.33 252.03 221.19 219.735 222.71 223.454 223.59 218.571 222.404 221.135 0.0 0.0 221.35 -002.084 KOHM R   

2016-03-15 00:35:26.302000 318881.628 221.83 219.08 255.43 252.13 221.39 219.932 222.899 223.642 223.778 218.774 222.595 221.321 0.0 0.0 221.54 -002.080 KOHM R   

2016-03-15 00:37:15.259000 318990.585 222.01 219.27 255.53 252.24 221.57 220.125 223.082 223.825 223.96 218.973 222.782 221.501 0.0 0.0 221.72 -002.083 KOHM R   

2016-03-15 00:39:04.236000 319099.562 222.19 219.46 255.62 252.35 221.76 220.313 223.267 224.007 224.141 219.169 222.967 221.684 0.0 0.0 221.9 -002.080 KOHM R   

2016-03-15 00:40:55.558000 319210.884 222.38 219.65 255.72 252.45 221.93 220.509 223.454 224.193 224.328 219.372 223.157 221.869 0.0 0.0 222.09 -002.085 KOHM R   

2016-03-15 00:42:44.329000 319319.655 222.56 219.84 255.81 252.56 222.12 220.697 223.638 224.375 224.51 219.57 223.342 222.049 0.0 0.0 222.27 -002.083 KOHM R   

2016-03-15 00:44:35.710000 319431.036 222.74 220.03 255.91 252.66 222.31 220.892 223.825 224.56 224.695 219.772 223.533 222.232 0.0 0.0 222.45 -002.082 KOHM R   

2016-03-15 00:46:24.761000 319540.087 222.92 220.22 256.01 252.76 222.49 221.079 224.006 224.74 224.877 219.969 223.717 222.411 0.0 0.0 222.63 -002.080 KOHM R   

2016-03-15 00:48:13.764000 319649.09 223.1 220.4 256.1 252.86 222.67 221.269 224.189 224.921 225.057 220.161 223.901 222.592 0.0 0.0 222.81 -002.081 KOHM R   

2016-03-15 00:50:05.162000 319760.488 223.29 220.59 256.2 252.97 222.86 221.462 224.375 225.104 225.24 220.361 224.088 222.775 0.0 0.0 222.99 -002.083 KOHM R   

2016-03-15 00:51:54.237000 319869.563 223.47 220.77 256.3 253.07 223.03 221.649 224.555 225.286 225.421 220.556 224.273 222.953 0.0 0.0 223.17 -002.080 KOHM R   

2016-03-15 00:53:45.673000 319980.999 223.65 220.96 256.39 253.17 223.22 221.843 224.74 225.468 225.604 220.752 224.46 223.134 0.0 0.0 223.36 -002.084 KOHM R   

2016-03-15 00:55:34.306000 320089.632 223.82 221.14 256.49 253.27 223.4 222.028 224.92 225.647 225.783 220.943 224.643 223.311 0.0 0.0 223.53 -002.081 KOHM R   

2016-03-15 00:57:25.701000 320201.027 224.01 221.33 256.58 253.38 223.58 222.22 225.104 225.83 225.965 221.139 224.828 223.492 0.0 0.0 223.72 -002.080 KOHM R   

2016-03-15 00:59:14.770000 320310.096 224.19 221.51 256.68 253.48 223.76 222.407 225.285 226.008 226.142 221.334 225.012 223.671 0.0 0.0 223.89 -002.083 KOHM R   

2016-03-15 01:01:03.877000 320419.203 224.36 221.69 256.77 253.58 223.94 222.592 225.463 226.186 226.321 221.525 225.193 223.846 0.0 0.0 224.07 -002.080 KOHM R   

2016-03-15 01:02:55.367000 320530.693 224.54 221.88 256.87 253.69 224.12 222.783 225.648 226.367 226.503 221.719 225.379 224.027 0.0 0.0 224.25 -002.080 KOHM R   

2016-03-15 01:04:44.479000 320639.805 224.72 222.07 256.96 253.79 224.3 222.968 225.826 226.547 226.682 221.911 225.56 224.202 0.0 0.0 224.43 -002.083 KOHM R   

2016-03-15 01:06:35.971000 320751.297 224.9 222.25 257.05 253.89 224.48 223.157 226.007 226.726 226.862 222.106 225.745 224.383 0.0 0.0 224.61 -002.082 KOHM R   

2016-03-15 01:08:25.080000 320860.406 225.07 222.43 257.15 253.99 224.66 223.342 226.186 226.901 227.037 222.296 225.926 224.557 0.0 0.0 224.79 -002.078 KOHM R   

2016-03-15 01:10:16.618000 320971.944 225.25 222.62 257.24 254.09 224.84 223.531 226.367 227.081 227.217 222.49 226.109 224.734 0.0 0.0 224.96 -002.083 KOHM R   

2016-03-15 01:12:05.571000 321080.897 225.43 222.8 257.33 254.19 225.02 223.713 226.544 227.257 227.393 222.68 226.288 224.91 0.0 0.0 225.14 -002.077 KOHM R   

2016-03-15 01:13:57.091000 321192.417 225.61 222.98 257.43 254.29 225.2 223.901 226.723 227.437 227.573 222.872 226.471 225.088 0.0 0.0 225.32 -002.083 KOHM R   

2016-03-15 01:15:46.303000 321301.629 225.78 223.16 257.52 254.39 225.38 224.084 226.901 227.612 227.747 223.062 226.649 225.261 0.0 0.0 225.49 -002.081 KOHM R   

2016-03-15 01:17:35.523000 321410.849 225.95 223.34 257.61 254.49 225.55 224.27 227.076 227.788 227.922 223.25 226.83 225.435 0.0 0.0 225.66 -002.077 KOHM R   

2016-03-15 01:19:27.058000 321522.384 226.13 223.52 257.71 254.59 225.73 224.453 227.256 227.965 228.101 223.441 227.012 225.612 0.0 0.0 225.84 -002.083 KOHM R   

2016-03-15 01:21:16.272000 321631.598 226.31 223.7 257.8 254.69 225.9 224.637 227.432 228.14 228.275 223.629 227.189 225.784 0.0 0.0 226.02 -002.077 KOHM R   

2016-03-15 01:23:08.181000 321743.507 226.48 223.88 257.89 254.79 226.08 224.823 227.609 228.316 228.452 223.823 227.373 225.96 0.0 0.0 226.19 -002.082 KOHM R   

2016-03-15 01:24:57.197000 321852.523 226.66 224.06 257.98 254.89 226.26 225.003 227.786 228.489 228.625 224.008 227.548 226.131 0.0 0.0 226.37 -002.078 KOHM R   

2016-03-15 01:26:49.169000 321964.495 226.83 224.24 258.08 254.99 226.44 225.189 227.965 228.667 228.802 224.2 227.731 226.308 0.0 0.0 226.54 -002.082 KOHM R   

2016-03-15 01:28:37.924000 322073.25 227.0 224.42 258.17 255.09 226.61 225.368 228.136 228.838 228.975 224.385 227.907 226.479 0.0 0.0 226.71 -002.081 KOHM R   

2016-03-15 01:30:29.822000 322185.148 227.18 224.6 258.26 255.19 226.79 225.555 228.314 229.016 229.152 224.576 228.087 226.654 0.0 0.0 226.89 -002.083 KOHM R   

2016-03-15 01:32:18.615000 322293.941 227.35 224.77 258.35 255.29 226.96 225.732 228.489 229.186 229.322 224.761 228.261 226.824 0.0 0.0 227.06 -002.083 KOHM R   

2016-03-15 01:34:09.910000 322405.236 227.52 224.95 258.44 255.39 227.13 225.916 228.662 229.363 229.497 224.948 228.439 226.999 0.0 0.0 227.24 -002.078 KOHM R   

2016-03-15 01:35:58.803000 322514.129 227.69 225.13 258.53 255.49 227.3 226.095 228.837 229.532 229.669 225.131 228.617 227.166 0.0 0.0 227.4 -002.083 KOHM R   

2016-03-15 01:37:50.793000 322626.119 227.86 225.31 258.62 255.58 227.48 226.278 229.013 229.708 229.844 225.322 228.794 227.341 0.0 0.0 227.58 -002.080 KOHM R   

2016-03-15 01:39:40.129000 322735.455 228.03 225.48 258.72 255.68 227.65 226.456 229.186 229.878 230.014 225.505 228.969 227.508 0.0 0.0 227.75 -002.080 KOHM R   

2016-03-15 01:41:31.602000 322846.928 228.21 225.66 258.81 255.78 227.82 226.638 229.361 230.051 230.187 225.692 229.146 227.683 0.0 0.0 227.92 -002.082 KOHM R   

2016-03-15 01:43:20.783000 322956.109 228.37 225.83 258.9 255.88 228.0 226.816 229.531 230.219 230.353 225.877 229.319 227.851 0.0 0.0 228.09 -002.078 KOHM R   

2016-03-15 01:45:12.373000 323067.699 228.55 226.01 258.99 255.98 228.17 226.996 229.706 230.392 230.525 226.062 229.495 228.021 0.0 0.0 228.26 -002.080 KOHM R   

2016-03-15 01:47:01.552000 323176.878 228.72 226.18 259.07 256.07 228.34 227.174 229.876 230.557 230.693 226.245 229.67 228.19 0.0 0.0 228.43 -002.083 KOHM R   

2016-03-15 01:48:53.092000 323288.418 228.89 226.36 259.17 256.17 228.51 227.353 230.048 230.729 230.864 226.429 229.845 228.359 0.0 0.0 228.6 -002.079 KOHM R   

2016-03-15 01:50:42.783000 323398.109 229.05 226.53 259.26 256.27 228.68 227.53 230.218 230.895 231.029 226.612 230.018 228.527 0.0 0.0 228.77 -002.080 KOHM R   

2016-03-15 01:52:34.402000 323509.728 229.23 226.71 259.35 256.36 228.85 227.708 230.388 231.064 231.2 226.797 230.193 228.698 0.0 0.0 228.94 -002.081 KOHM R   

2016-03-15 01:54:23.893000 323619.219 229.39 226.88 259.43 256.46 229.02 227.885 230.556 231.232 231.367 226.978 230.363 228.864 0.0 0.0 229.11 -002.080 KOHM R   

2016-03-15 01:56:13.418000 323728.744 229.56 227.05 259.52 256.55 229.19 228.061 230.725 231.397 231.532 227.159 230.533 229.032 0.0 0.0 229.27 -002.080 KOHM R   

2016-03-15 01:58:05.270000 323840.596 229.73 227.23 259.61 256.65 229.36 228.239 230.893 231.568 231.701 227.344 230.706 229.199 0.0 0.0 229.44 -002.079 KOHM R   

2016-03-15 01:59:54.778000 323950.104 229.89 227.4 259.7 256.75 229.53 228.414 231.06 231.732 231.866 227.523 230.877 229.364 0.0 0.0 229.61 -002.079 KOHM R   

2016-03-15 02:01:46.631000 324061.957 230.06 227.57 259.79 256.84 229.7 228.591 231.23 231.899 232.035 227.708 231.048 229.534 0.0 0.0 229.78 -002.081 KOHM R   

2016-03-15 02:03:36.215000 324171.541 230.23 227.74 259.88 256.94 229.87 228.769 231.398 232.065 232.199 227.887 231.218 229.699 0.0 0.0 229.94 -002.078 KOHM R   

2016-03-15 02:05:28.142000 324283.468 230.4 227.91 259.97 257.04 230.04 228.943 231.566 232.232 232.367 228.07 231.389 229.866 0.0 0.0 230.11 -002.080 KOHM R   

2016-03-15 02:07:17.738000 324393.064 230.56 228.09 260.05 257.13 230.2 229.116 231.731 232.396 232.53 228.246 231.557 230.029 0.0 0.0 230.28 -002.077 KOHM R   

2016-03-15 02:09:09.726000 324505.052 230.73 228.26 260.14 257.22 230.37 229.294 231.902 232.564 232.698 228.429 231.729 230.196 0.0 0.0 230.45 -002.082 KOHM R   

2016-03-15 02:10:59.320000 324614.646 230.89 228.43 260.23 257.32 230.54 229.467 232.065 232.728 232.862 228.608 231.895 230.362 0.0 0.0 230.61 -002.077 KOHM R   

2016-03-15 02:12:51.117000 324726.443 231.06 228.6 260.32 257.41 230.71 229.641 232.232 232.894 233.028 228.788 232.066 230.528 0.0 0.0 230.78 -002.079 KOHM R   

2016-03-15 02:14:40.555000 324835.881 231.22 228.77 260.4 257.51 230.87 229.813 232.395 233.054 233.189 228.966 232.232 230.688 0.0 0.0 230.94 -002.078 KOHM R   

2016-03-15 02:16:32.360000 324947.686 231.39 228.94 260.49 257.6 231.04 229.988 232.562 233.22 233.356 229.146 232.401 230.855 0.0 0.0 231.11 -002.080 KOHM R   

2016-03-15 02:18:22.019000 325057.345 231.55 229.1 260.58 257.69 231.2 230.158 232.726 233.381 233.518 229.321 232.567 231.018 0.0 0.0 231.27 -002.079 KOHM R   

2016-03-15 02:20:14.079000 325169.405 231.72 229.28 260.67 257.79 231.37 230.332 232.893 233.548 233.681 229.5 232.737 231.183 0.0 0.0 231.43 -002.076 KOHM R   

2016-03-15 02:22:03.786000 325279.112 231.88 229.44 260.75 257.88 231.53 230.5 233.055 233.708 233.842 229.677 232.903 231.343 0.0 0.0 231.6 -002.078 KOHM R   

2016-03-15 02:23:55.861000 325391.187 232.04 229.61 260.84 257.98 231.7 230.672 233.221 233.873 234.006 229.855 233.069 231.508 0.0 0.0 231.76 -002.079 KOHM R   

2016-03-15 02:25:46.243000 325501.569 232.2 229.78 260.93 258.07 231.86 230.841 233.384 234.034 234.169 230.029 233.235 231.671 0.0 0.0 231.92 -002.077 KOHM R   

2016-03-15 02:27:38.388000 325613.714 232.37 229.95 261.01 258.16 232.03 231.011 233.55 234.197 234.332 230.205 233.401 231.833 0.0 0.0 232.09 -002.079 KOHM R   

2016-03-15 02:29:27.684000 325723.01 232.53 230.11 261.1 258.26 232.19 231.182 233.711 234.357 234.491 230.377 233.565 231.992 0.0 0.0 232.25 -002.076 KOHM R   

2016-03-15 02:31:19.627000 325834.953 232.69 230.28 261.18 258.35 232.36 231.351 233.875 234.521 234.653 230.549 233.729 232.157 0.0 0.0 232.41 -002.080 KOHM R   

2016-03-15 02:33:09.444000 325944.77 232.85 230.45 261.27 258.44 232.52 231.517 234.035 234.679 234.813 230.721 233.893 232.315 0.0 0.0 232.57 -002.078 KOHM R   

2016-03-15 02:35:01.668000 326056.994 233.02 230.61 261.36 258.53 232.68 231.687 234.198 234.843 234.976 230.897 234.059 232.478 0.0 0.0 232.73 -002.076 KOHM R   

2016-03-15 02:36:51.485000 326166.811 233.17 230.78 261.44 258.63 232.84 231.854 234.358 235.0 235.136 231.067 234.221 232.635 0.0 0.0 232.89 -002.083 KOHM R   

2016-03-15 02:38:41.320000 326276.646 233.33 230.94 261.52 258.72 233.0 232.02 234.519 235.159 235.293 231.236 234.383 232.795 0.0 0.0 233.05 -002.075 KOHM R   

2016-03-15 02:40:33.567000 326388.893 233.5 231.11 261.61 258.81 233.17 232.188 234.681 235.32 235.453 231.408 234.546 232.954 0.0 0.0 233.21 -002.080 KOHM R   

2016-03-15 02:42:23.437000 326498.763 233.65 231.27 261.69 258.9 233.33 232.354 234.84 235.476 235.612 231.581 234.706 233.114 0.0 0.0 233.37 -002.077 KOHM R   

2016-03-15 02:44:15.472000 326610.798 233.81 231.44 261.78 258.99 233.49 232.522 235.002 235.638 235.772 231.753 234.871 233.273 0.0 0.0 233.53 -002.082 KOHM R   

2016-03-15 02:46:05.163000 326720.489 233.97 231.6 261.86 259.08 233.65 232.687 235.161 235.795 235.928 231.92 235.032 233.431 0.0 0.0 233.69 -002.067 KOHM R   

2016-03-15 02:47:57.522000 326832.848 234.13 231.76 261.95 259.17 233.81 232.854 235.322 235.955 236.089 232.092 235.195 233.59 0.0 0.0 233.85 -002.082 KOHM R   

2016-03-15 02:49:47.430000 326942.756 234.29 231.93 262.03 259.26 233.97 233.018 235.478 236.11 236.245 232.261 235.355 233.748 0.0 0.0 234.01 -002.077 KOHM R   

2016-03-15 02:51:39.762000 327055.088 234.45 232.09 262.12 259.36 234.13 233.185 235.64 236.27 236.404 232.432 235.517 233.905 0.0 0.0 234.17 -002.080 KOHM R   

2016-03-15 02:53:29.724000 327165.05 234.6 232.25 262.2 259.45 234.29 233.347 235.797 236.426 236.56 232.599 235.677 234.062 0.0 0.0 234.32 -002.075 KOHM R   

2016-03-15 02:55:22.345000 327277.671 234.76 232.42 262.28 259.54 234.45 233.516 235.957 236.586 236.718 232.77 235.84 234.221 0.0 0.0 234.48 -002.079 KOHM R   

2016-03-15 02:57:11.683000 327387.009 234.92 232.58 262.37 259.63 234.6 233.676 236.114 236.739 236.872 232.935 235.997 234.376 0.0 0.0 234.64 -002.076 KOHM R   

2016-03-15 02:59:04.269000 327499.595 235.08 232.74 262.45 259.72 234.76 233.842 236.272 236.897 237.032 233.106 236.158 234.534 0.0 0.0 234.8 -002.079 KOHM R   

2016-03-15 03:00:54.043000 327609.369 235.23 232.9 262.53 259.8 234.92 234.003 236.426 237.05 237.187 233.27 236.315 234.686 0.0 0.0 234.95 -002.074 KOHM R   

2016-03-15 03:02:46.800000 327722.126 235.39 233.06 262.62 259.9 235.08 234.167 236.587 237.208 237.342 233.439 236.476 234.844 0.0 0.0 235.11 -002.079 KOHM R   

2016-03-15 03:04:36.572000 327831.898 235.54 233.22 262.7 259.98 235.23 234.33 236.741 237.362 237.497 233.605 236.633 234.997 0.0 0.0 235.26 -002.075 KOHM R   

2016-03-15 03:06:29.156000 327944.482 235.7 233.38 262.78 260.07 235.39 234.494 236.901 237.518 237.655 233.774 236.793 235.153 0.0 0.0 235.42 -002.080 KOHM R   

2016-03-15 03:08:18.676000 328054.002 235.85 233.54 262.86 260.16 235.54 234.653 237.053 237.671 237.806 233.937 236.949 235.306 0.0 0.0 235.57 -002.074 KOHM R   

2016-03-15 03:10:11.391000 328166.717 236.0 233.7 262.95 260.25 235.7 234.818 237.212 237.829 237.962 234.106 237.109 235.46 0.0 0.0 235.73 -002.079 KOHM R   

2016-03-15 03:12:01.518000 328276.844 236.15 233.86 263.03 260.34 235.85 234.976 237.366 237.979 238.114 234.271 237.264 235.611 0.0 0.0 235.88 -002.073 KOHM R   

2016-03-15 03:13:54.067000 328389.393 236.31 234.02 263.11 260.43 236.01 235.141 237.521 238.134 238.27 234.436 237.423 235.765 0.0 0.0 236.03 -002.078 KOHM R   

2016-03-15 03:15:44.165000 328499.491 236.46 234.18 263.19 260.52 236.16 235.3 237.675 238.287 238.421 234.598 237.577 235.916 0.0 0.0 236.18 -002.074 KOHM R   

2016-03-15 03:17:36.688000 328612.014 236.61 234.34 263.27 260.61 236.32 235.462 237.832 238.441 238.575 234.764 237.734 236.07 0.0 0.0 236.34 -002.076 KOHM R   

2016-03-15 03:19:26.639000 328721.965 236.76 234.49 263.35 260.69 236.47 235.618 237.983 238.593 238.728 234.927 237.89 236.218 0.0 0.0 236.49 -002.076 KOHM R   

2016-03-15 03:21:18.708000 328834.034 236.91 234.65 263.44 260.78 236.62 235.781 238.138 238.746 238.88 235.092 238.045 236.372 0.0 0.0 236.64 -002.074 KOHM R   

2016-03-15 03:23:09.099000 328944.425 237.07 234.81 263.51 260.87 236.77 235.937 238.291 238.897 239.033 235.253 238.199 236.521 0.0 0.0 236.79 -002.079 KOHM R   

2016-03-15 03:25:01.464000 329056.79 237.22 234.97 263.6 260.96 236.93 236.099 238.444 239.05 239.184 235.42 238.358 236.673 0.0 0.0 236.94 -002.075 KOHM R   

2016-03-15 03:26:51.677000 329167.003 237.37 235.12 263.68 261.04 237.08 236.255 238.595 239.199 239.333 235.579 238.51 236.821 0.0 0.0 237.09 -002.079 KOHM R   

2016-03-15 03:28:44.353000 329279.679 237.52 235.28 263.76 261.13 237.23 236.414 238.748 239.352 239.487 235.742 238.665 236.974 0.0 0.0 237.24 -002.074 KOHM R   

2016-03-15 03:30:34.592000 329389.918 237.67 235.43 263.84 261.22 237.38 236.571 238.901 239.501 239.634 235.904 238.817 237.121 0.0 0.0 237.39 -002.077 KOHM R   

2016-03-15 03:32:27.036000 329502.362 237.82 235.59 263.92 261.3 237.54 236.732 239.054 239.652 239.787 236.067 238.972 237.272 0.0 0.0 237.54 -002.075 KOHM R   

2016-03-15 03:34:17.291000 329612.617 237.97 235.74 264.0 261.39 237.68 236.888 239.204 239.803 239.935 236.227 239.127 237.421 0.0 0.0 237.69 -002.076 KOHM R   

2016-03-15 03:36:09.993000 329725.319 238.12 235.89 264.08 261.48 237.84 237.047 239.357 239.951 240.086 236.389 239.28 237.569 0.0 0.0 237.84 -002.074 KOHM R   

2016-03-15 03:38:00.295000 329835.621 238.26 236.04 264.16 261.56 237.99 237.2 239.505 240.098 240.232 236.548 239.43 237.716 0.0 0.0 237.99 -002.080 KOHM R   

2016-03-15 03:39:52.790000 329948.116 238.41 236.2 264.24 261.65 238.14 237.358 239.658 240.248 240.382 236.709 239.583 237.865 0.0 0.0 238.14 -002.075 KOHM R   

2016-03-15 03:41:43.182000 330058.508 238.56 236.35 264.32 261.73 238.29 237.514 239.806 240.395 240.527 236.857 239.735 238.011 0.0 0.0 238.29 -002.079 KOHM R   

2016-03-15 03:43:35.940000 330171.266 238.71 236.5 264.4 261.82 238.44 237.669 239.958 240.544 240.678 237.03 239.888 238.16 0.0 0.0 238.44 -002.076 KOHM R   

2016-03-15 03:45:26.311000 330281.637 238.85 236.66 264.47 261.91 238.58 237.825 240.104 240.688 240.823 237.186 240.037 238.305 0.0 0.0 238.58 -002.077 KOHM R   

2016-03-15 03:47:19.100000 330394.426 239.0 236.81 264.55 261.99 238.73 237.98 240.255 240.838 240.972 237.347 240.188 238.453 0.0 0.0 238.73 -002.077 KOHM R   

2016-03-15 03:49:09.514000 330504.84 239.15 236.96 264.63 262.07 238.88 238.134 240.4 240.983 241.117 237.504 240.337 238.598 0.0 0.0 238.88 -002.078 KOHM R   

2016-03-15 03:51:02.334000 330617.66 239.3 237.11 264.71 262.16 239.03 238.29 240.55 241.13 241.265 237.665 240.488 238.745 0.0 0.0 239.02 -002.081 KOHM R   

2016-03-15 03:52:52.746000 330728.072 239.44 237.26 264.79 262.24 239.18 238.443 240.696 241.275 241.408 237.82 240.634 238.889 0.0 0.0 239.17 -002.078 KOHM R   

2016-03-15 03:54:45.339000 330840.665 239.59 237.41 264.87 262.33 239.32 238.599 240.845 241.422 241.554 237.979 240.785 239.036 0.0 0.0 239.32 -002.077 KOHM R   

2016-03-15 03:56:35.548000 330950.874 239.73 237.56 264.94 262.41 239.47 238.751 240.988 241.566 241.699 238.133 240.931 239.18 0.0 0.0 239.46 -002.078 KOHM R   

2016-03-15 03:58:28.318000 331063.644 239.88 237.71 265.02 262.5 239.62 238.904 241.136 241.713 241.846 238.293 241.081 239.326 0.0 0.0 239.61 -002.077 KOHM R   

2016-03-15 04:00:18.596000 331173.922 240.02 237.86 265.1 262.58 239.76 239.055 241.281 241.854 241.988 238.447 241.227 239.47 0.0 0.0 239.75 -002.074 KOHM R   

2016-03-15 04:02:11.505000 331286.831 240.17 238.01 265.18 262.66 239.91 239.209 241.428 241.999 242.135 238.604 241.377 239.615 0.0 0.0 239.9 -002.080 KOHM R   

2016-03-15 04:04:02.033000 331397.359 240.31 238.16 265.25 262.75 240.05 239.358 241.571 242.142 242.275 238.758 241.52 239.756 0.0 0.0 240.04 -002.075 KOHM R   

2016-03-15 04:05:54.904000 331510.23 240.45 238.31 265.33 262.83 240.2 239.513 241.717 242.286 242.422 238.916 241.668 239.901 0.0 0.0 240.18 -002.077 KOHM R   

2016-03-15 04:07:45.433000 331620.759 240.6 238.45 265.41 262.91 240.34 239.663 241.862 242.429 242.563 239.069 241.813 240.043 0.0 0.0 240.32 -002.075 KOHM R   

2016-03-15 04:09:38.171000 331733.497 240.74 238.6 265.48 263.0 240.49 239.815 242.008 242.574 242.708 239.225 241.961 240.187 0.0 0.0 240.47 -002.077 KOHM R   

2016-03-15 04:11:28.469000 331843.795 240.88 238.75 265.56 263.08 240.63 239.965 242.148 242.714 242.847 239.378 242.104 240.328 0.0 0.0 240.61 -002.073 KOHM R   

2016-03-15 04:13:21.473000 331956.799 241.03 238.9 265.63 263.16 240.78 240.116 242.293 242.857 242.992 239.534 242.252 240.471 0.0 0.0 240.75 -002.079 KOHM R   

2016-03-15 04:15:11.821000 332067.147 241.17 239.04 265.71 263.24 240.92 240.261 242.436 242.997 243.132 239.686 242.395 240.612 0.0 0.0 240.9 -002.075 KOHM R   

2016-03-15 04:17:04.796000 332180.122 241.31 239.19 265.78 263.33 241.06 240.412 242.58 243.142 243.276 239.84 242.542 240.753 0.0 0.0 241.04 -002.077 KOHM R   

2016-03-15 04:18:55.411000 332290.737 241.45 239.33 265.86 263.41 241.2 240.558 242.721 243.28 243.416 239.99 242.684 240.893 0.0 0.0 241.18 -002.076 KOHM R   

2016-03-15 04:20:48.487000 332403.813 241.59 239.48 265.94 263.49 241.35 240.71 242.865 243.423 243.558 240.146 242.831 241.037 0.0 0.0 241.32 -002.074 KOHM R   

2016-03-15 04:22:39.177000 332514.503 241.73 239.62 266.01 263.57 241.49 240.856 243.006 243.563 243.697 240.294 242.973 241.176 0.0 0.0 241.46 -002.077 KOHM R   

2016-03-15 04:24:32.068000 332627.394 241.88 239.77 266.09 263.66 241.64 241.005 243.149 243.704 243.839 240.438 243.118 241.318 0.0 0.0 241.61 -002.073 KOHM R   

2016-03-15 04:26:22.560000 332737.886 242.01 239.92 266.16 263.74 241.77 241.151 243.29 243.842 243.978 240.596 243.258 241.456 0.0 0.0 241.74 -002.075 KOHM R   

2016-03-15 04:28:15.647000 332850.973 242.15 240.06 266.24 263.82 241.92 241.299 243.431 243.984 244.118 240.746 243.404 241.598 0.0 0.0 241.89 -002.078 KOHM R   

2016-03-15 04:30:06.059000 332961.385 242.29 240.2 266.31 263.9 242.06 241.444 243.57 244.122 244.256 240.894 243.544 241.736 0.0 0.0 242.02 -002.072 KOHM R   

2016-03-15 04:31:59.450000 333074.776 242.43 240.35 266.38 263.98 242.2 241.593 243.715 244.261 244.397 241.047 243.687 241.874 0.0 0.0 242.17 -002.077 KOHM R   

2016-03-15 04:33:49.713000 333185.039 242.57 240.49 266.46 264.06 242.34 241.733 243.852 244.398 244.536 241.193 243.827 242.012 0.0 0.0 242.3 -002.074 KOHM R   

2016-03-15 04:35:43.178000 333298.504 242.71 240.64 266.53 264.14 242.48 241.882 243.993 244.541 244.675 241.346 243.971 242.154 0.0 0.0 242.44 -002.077 KOHM R   

2016-03-15 04:37:33.697000 333409.023 242.85 240.78 266.61 264.22 242.62 242.026 244.131 244.676 244.812 241.492 244.111 242.289 0.0 0.0 242.58 -002.071 KOHM R   

2016-03-15 04:39:27.129000 333522.455 242.99 240.92 266.68 264.3 242.76 242.173 244.272 244.816 244.951 241.641 244.254 242.428 0.0 0.0 242.72 -002.074 KOHM R   

2016-03-15 04:41:17.683000 333633.009 243.12 241.06 266.75 264.38 242.9 242.315 244.41 244.952 245.088 241.787 244.393 242.563 0.0 0.0 242.86 -002.075 KOHM R   

2016-03-15 04:43:10.964000 333746.29 243.26 241.21 266.83 264.46 243.04 242.462 244.55 245.091 245.225 241.936 244.533 242.704 0.0 0.0 243.0 -002.075 KOHM R   

2016-03-15 04:45:01.879000 333857.205 243.4 241.35 266.9 264.54 243.18 242.605 244.687 245.227 245.361 242.082 244.674 242.838 0.0 0.0 243.13 -002.073 KOHM R   

2016-03-15 04:46:54.916000 333970.242 243.53 241.49 266.97 264.62 243.32 242.749 244.826 245.365 245.5 242.23 244.815 242.977 0.0 0.0 243.27 -002.078 KOHM R   

2016-03-15 04:48:45.726000 334081.052 243.67 241.63 267.04 264.7 243.45 242.891 244.963 245.5 245.634 242.375 244.951 243.112 0.0 0.0 243.4 -002.075 KOHM R   

2016-03-15 04:50:38.991000 334194.317 243.81 241.77 267.12 264.78 243.59 243.033 245.101 245.638 245.771 242.522 245.092 243.248 0.0 0.0 243.54 -002.073 KOHM R   

2016-03-15 04:52:29.920000 334305.246 243.94 241.91 267.19 264.86 243.73 243.175 245.236 245.771 245.907 242.667 245.23 243.384 0.0 0.0 243.68 -002.078 KOHM R   

2016-03-15 04:54:23.296000 334418.622 244.08 242.05 267.26 264.94 243.87 243.318 245.374 245.909 246.044 242.813 245.369 243.519 0.0 0.0 243.82 -002.076 KOHM R   

2016-03-15 04:56:14.265000 334529.591 244.21 242.19 267.34 265.01 244.0 243.461 245.512 246.043 246.178 242.958 245.507 243.653 0.0 0.0 243.95 -002.073 KOHM R   

2016-03-15 04:58:07.355000 334642.681 244.35 242.33 267.41 265.09 244.14 243.604 245.649 246.179 246.314 243.103 245.646 243.79 0.0 0.0 244.09 -002.073 KOHM R   

2016-03-15 04:59:58.283000 334753.609 244.48 242.47 267.48 265.17 244.27 243.746 245.783 246.313 246.447 243.248 245.783 243.923 0.0 0.0 244.22 -002.076 KOHM R   

2016-03-15 05:01:51.629000 334866.955 244.62 242.61 267.55 265.25 244.41 243.885 245.922 246.448 246.584 243.392 245.92 244.056 0.0 0.0 244.36 -002.074 KOHM R   

2016-03-15 05:03:42.630000 334977.956 244.75 242.75 267.62 265.32 244.55 244.025 246.053 246.581 246.715 243.537 246.056 244.19 0.0 0.0 244.49 -002.074 KOHM R   

2016-03-15 05:05:35.818000 335091.144 244.89 242.88 267.69 265.4 244.68 244.168 246.192 246.716 246.851 243.679 246.195 244.325 0.0 0.0 244.62 -002.076 KOHM R   

2016-03-15 05:07:26.814000 335202.14 245.02 243.02 267.76 265.48 244.82 244.305 246.324 246.847 246.984 243.822 246.328 244.457 0.0 0.0 244.76 -002.073 KOHM R   

2016-03-15 05:09:20.226000 335315.552 245.15 243.16 267.84 265.56 244.95 244.45 246.46 246.983 247.117 243.965 246.468 244.591 0.0 0.0 244.89 -002.076 KOHM R   

2016-03-15 05:11:11.240000 335426.566 245.29 243.3 267.91 265.63 245.09 244.585 246.592 247.112 247.249 244.107 246.601 244.722 0.0 0.0 245.02 -002.074 KOHM R   

2016-03-15 05:13:04.682000 335540.008 245.42 243.44 267.98 265.71 245.22 244.727 246.728 247.247 247.383 244.252 246.737 244.856 0.0 0.0 245.16 -002.072 KOHM R   

2016-03-15 05:14:55.748000 335651.074 245.55 243.57 268.05 265.78 245.35 244.864 246.86 247.378 247.514 244.391 246.872 244.986 0.0 0.0 245.29 -002.076 KOHM R   

2016-03-15 05:16:46.575000 335761.901 245.68 243.71 268.12 265.86 245.48 245.0 246.992 247.509 247.643 244.533 247.005 245.117 0.0 0.0 245.42 -002.071 KOHM R   

2016-03-15 05:18:40.062000 335875.388 245.81 243.84 268.19 265.94 245.62 245.14 247.126 247.642 247.777 244.674 247.139 245.249 0.0 0.0 245.55 -002.076 KOHM R   

2016-03-15 05:20:31.184000 335986.51 245.95 243.98 268.26 266.01 245.75 245.278 247.257 247.772 247.908 244.814 247.274 245.38 0.0 0.0 245.68 -002.075 KOHM R   

2016-03-15 05:22:24.774000 336100.1 246.08 244.12 268.33 266.09 245.88 245.419 247.392 247.904 248.04 244.957 247.408 245.51 0.0 0.0 245.82 -002.072 KOHM R   

2016-03-15 05:24:15.853000 336211.179 246.21 244.25 268.4 266.16 246.02 245.552 247.522 248.035 248.17 245.094 247.541 245.64 0.0 0.0 245.94 -002.078 KOHM R   

2016-03-15 05:26:09.419000 336324.745 246.34 244.39 268.47 266.24 246.15 245.69 247.654 248.167 248.3 245.236 247.675 245.773 0.0 0.0 246.08 -002.073 KOHM R   

2016-03-15 05:28:00.434000 336435.76 246.47 244.52 268.54 266.31 246.28 245.826 247.784 248.293 248.429 245.374 247.806 245.901 0.0 0.0 246.21 -002.074 KOHM R   

2016-03-15 05:29:54.100000 336549.426 246.6 244.65 268.61 266.39 246.41 245.965 247.917 248.425 248.562 245.515 247.941 246.033 0.0 0.0 246.34 -002.076 KOHM R   

2016-03-15 05:31:45.290000 336660.616 246.73 244.79 268.68 266.46 246.54 246.101 248.047 248.554 248.69 245.652 248.072 246.158 0.0 0.0 246.47 -002.074 KOHM R   

2016-03-15 05:33:38.908000 336774.234 246.86 244.92 268.75 266.54 246.68 246.237 248.177 248.684 248.82 245.793 248.206 246.289 0.0 0.0 246.6 -002.076 KOHM R   

2016-03-15 05:35:30.086000 336885.412 246.99 245.05 268.81 266.61 246.8 246.371 248.309 248.812 248.948 245.93 248.334 246.418 0.0 0.0 246.72 -002.073 KOHM R   

2016-03-15 05:37:23.767000 336999.093 247.12 245.19 268.88 266.69 246.94 246.509 248.439 248.941 249.078 246.07 248.468 246.547 0.0 0.0 246.85 -002.076 KOHM R   

2016-03-15 05:39:15.076000 337110.402 247.24 245.32 268.95 266.76 247.06 246.643 248.568 249.07 249.206 246.207 248.599 246.673 0.0 0.0 246.98 -002.076 KOHM R   

2016-03-15 05:41:08.771000 337224.097 247.37 245.45 269.02 266.84 247.2 246.777 248.699 249.199 249.335 246.343 248.729 246.802 0.0 0.0 247.11 -002.075 KOHM R   

2016-03-15 05:42:59.788000 337335.114 247.5 245.58 269.09 266.91 247.32 246.909 248.826 249.324 249.46 246.481 248.86 246.928 0.0 0.0 247.24 -002.070 KOHM R   

2016-03-15 05:44:53.542000 337448.868 247.63 245.72 269.15 266.98 247.45 247.046 248.956 249.452 249.59 246.619 248.99 247.056 0.0 0.0 247.37 -002.072 KOHM R   

2016-03-15 05:46:44.847000 337560.173 247.75 245.85 269.22 267.06 247.58 247.179 249.083 249.58 249.715 246.753 249.121 247.182 0.0 0.0 247.49 -002.074 KOHM R   

2016-03-15 05:48:38.593000 337673.919 247.88 245.98 269.29 267.13 247.71 247.312 249.212 249.708 249.843 246.892 249.251 247.312 0.0 0.0 247.62 -002.071 KOHM R   

2016-03-15 05:50:29.906000 337785.232 248.01 246.11 269.36 267.2 247.84 247.445 249.341 249.834 249.969 247.026 249.378 247.436 0.0 0.0 247.75 -002.071 KOHM R   

2016-03-15 05:52:23.659000 337898.985 248.13 246.24 269.43 267.28 247.97 247.58 249.47 249.961 250.097 247.163 249.511 247.562 0.0 0.0 247.88 -002.074 KOHM R   

2016-03-15 05:54:15.021000 338010.347 248.26 246.37 269.49 267.35 248.09 247.71 249.594 250.086 250.22 247.297 249.636 247.687 0.0 0.0 248.0 -002.073 KOHM R   

2016-03-15 05:56:08.810000 338124.136 248.39 246.5 269.56 267.42 248.22 247.844 249.724 250.213 250.346 247.433 249.767 247.815 0.0 0.0 248.13 -002.077 KOHM R   

2016-03-15 05:57:59.938000 338235.264 248.51 246.63 269.63 267.5 248.35 247.975 249.849 250.335 250.47 247.567 249.894 247.94 0.0 0.0 248.25 -002.072 KOHM R   

2016-03-15 05:59:53.751000 338349.077 248.64 246.76 269.69 267.57 248.47 248.109 249.976 250.459 250.596 247.703 250.023 248.065 0.0 0.0 248.38 -002.072 KOHM R   

2016-03-15 06:01:45.167000 338460.493 248.76 246.89 269.76 267.64 248.6 248.237 250.1 250.582 250.719 247.836 250.148 248.187 0.0 0.0 248.5 -002.076 KOHM R   

2016-03-15 06:03:39.329000 338574.655 248.89 247.02 269.83 267.71 248.73 248.37 250.228 250.707 250.843 247.972 250.275 248.312 0.0 0.0 248.63 -002.076 KOHM R   

2016-03-15 06:05:30.491000 338685.817 249.01 247.15 269.89 267.78 248.85 248.499 250.35 250.83 250.965 248.103 250.4 248.436 0.0 0.0 248.75 -002.071 KOHM R   

2016-03-15 06:07:24.469000 338799.795 249.14 247.27 269.96 267.86 248.98 248.631 250.477 250.954 251.089 248.237 250.526 248.561 0.0 0.0 248.88 -002.077 KOHM R   

2016-03-15 06:09:15.409000 338910.735 249.26 247.4 270.02 267.93 249.1 248.76 250.599 251.076 251.21 248.368 250.652 248.682 0.0 0.0 249.0 -002.073 KOHM R   

2016-03-15 06:11:09.667000 339024.993 249.38 247.53 270.09 268.0 249.23 248.892 250.724 251.201 251.335 248.501 250.779 248.81 0.0 0.0 249.13 -002.077 KOHM R   

2016-03-15 06:13:00.653000 339135.979 249.5 247.66 270.16 268.07 249.35 249.02 250.846 251.32 251.455 248.631 250.901 248.929 0.0 0.0 249.25 -002.070 KOHM R   

2016-03-15 06:14:54.836000 339250.162 249.63 247.79 270.22 268.14 249.48 249.149 250.97 251.444 251.578 248.766 251.027 249.053 0.0 0.0 249.37 -002.074 KOHM R   

2016-03-15 06:16:46.151000 339361.477 249.75 247.91 270.29 268.21 249.6 249.278 251.093 251.564 251.7 248.896 251.151 249.175 0.0 0.0 249.49 -002.074 KOHM R   

2016-03-15 06:18:40.217000 339475.543 249.87 248.04 270.36 268.28 249.72 249.408 251.218 251.687 251.821 249.029 251.275 249.298 0.0 0.0 249.62 -002.074 KOHM R   

2016-03-15 06:20:31.491000 339586.817 249.99 248.16 270.42 268.35 249.84 249.536 251.337 251.806 251.942 249.157 251.398 249.419 0.0 0.0 249.74 -002.073 KOHM R   

2016-03-15 06:22:25.516000 339700.842 250.12 248.29 270.48 268.43 249.97 249.664 251.463 251.929 252.064 249.288 251.523 249.541 0.0 0.0 249.86 -002.076 KOHM R   

2016-03-15 06:24:17.079000 339812.405 250.24 248.42 270.55 268.5 250.09 249.791 251.582 252.049 252.184 249.418 251.645 249.661 0.0 0.0 249.98 -002.075 KOHM R   

2016-03-15 06:26:10.859000 339926.185 250.36 248.54 270.61 268.57 250.21 249.921 251.706 252.169 252.305 249.55 251.768 249.781 0.0 0.0 250.1 -002.073 KOHM R   

2016-03-15 06:28:02.535000 340037.861 250.48 248.66 270.68 268.64 250.33 250.045 251.824 252.288 252.423 249.678 251.889 249.903 0.0 0.0 250.22 -002.073 KOHM R   

2016-03-15 06:29:56.053000 340151.379 250.6 248.79 270.74 268.71 250.46 250.173 251.948 252.408 252.545 249.807 252.013 250.024 0.0 0.0 250.34 -002.078 KOHM R   

2016-03-15 06:31:47.888000 340263.214 250.72 248.91 270.81 268.78 250.58 250.297 252.068 252.526 252.664 249.937 252.135 250.141 0.0 0.0 250.46 -002.071 KOHM R   

2016-03-15 06:33:41.732000 340377.058 250.83 249.04 270.87 268.84 250.7 250.423 252.186 252.647 252.782 250.067 252.256 250.262 0.0 0.0 250.58 -002.076 KOHM R   

2016-03-15 06:35:33.421000 340488.747 250.95 249.16 270.94 268.91 250.82 250.547 252.306 252.764 252.899 250.193 252.376 250.38 0.0 0.0 250.7 -002.073 KOHM R   

2016-03-15 06:37:27.596000 340602.922 251.07 249.29 271.0 268.98 250.94 250.674 252.428 252.884 253.021 250.321 252.498 250.498 0.0 0.0 250.82 -002.073 KOHM R   

2016-03-15 06:39:19.267000 340714.593 251.19 249.41 271.06 269.05 251.06 250.796 252.546 253.001 253.137 250.446 252.619 250.617 0.0 0.0 250.94 -002.070 KOHM R   

2016-03-15 06:41:13.416000 340828.742 251.31 249.53 271.13 269.12 251.18 250.921 252.667 253.121 253.256 250.573 252.74 250.737 0.0 0.0 251.06 -002.073 KOHM R   

2016-03-15 06:43:05.164000 340940.49 251.43 249.65 271.19 269.19 251.3 251.046 252.785 253.238 253.375 250.698 252.859 250.852 0.0 0.0 251.18 -002.075 KOHM R   

2016-03-15 06:44:59.126000 341054.452 251.55 249.78 271.25 269.26 251.42 251.169 252.905 253.358 253.493 250.826 252.983 250.971 0.0 0.0 251.29 -002.071 KOHM R   

2016-03-15 06:46:50.613000 341165.939 251.66 249.9 271.32 269.33 251.53 251.292 253.022 253.472 253.609 250.951 253.1 251.087 0.0 0.0 251.41 -002.075 KOHM R   

2016-03-15 06:48:44.834000 341280.16 251.78 250.02 271.38 269.4 251.65 251.416 253.142 253.59 253.727 251.077 253.22 251.204 0.0 0.0 251.53 -002.072 KOHM R   

2016-03-15 06:50:36.636000 341391.962 251.89 250.14 271.44 269.46 251.77 251.538 253.257 253.706 253.843 251.201 253.34 251.321 0.0 0.0 251.64 -002.075 KOHM R   

2016-03-15 06:52:30.903000 341506.229 252.01 250.26 271.51 269.53 251.89 251.663 253.378 253.824 253.962 251.327 253.458 251.437 0.0 0.0 251.76 -002.071 KOHM R   

2016-03-15 06:54:22.686000 341618.012 252.13 250.38 271.57 269.6 252.01 251.784 253.493 253.938 254.074 251.451 253.576 251.552 0.0 0.0 251.88 -002.077 KOHM R   

2016-03-15 06:56:17.008000 341732.334 252.25 250.5 271.63 269.67 252.13 251.907 253.613 254.055 254.193 251.577 253.696 251.67 0.0 0.0 252.0 -002.071 KOHM R   

2016-03-15 06:58:08.606000 341843.932 252.36 250.62 271.69 269.73 252.24 252.027 253.728 254.17 254.307 251.698 253.814 251.785 0.0 0.0 252.11 -002.071 KOHM R   

2016-03-15 07:00:02.984000 341958.31 252.48 250.74 271.75 269.8 252.36 252.149 253.843 254.287 254.424 251.824 253.933 251.899 0.0 0.0 252.23 -002.076 KOHM R   

2016-03-15 07:01:54.891000 342070.217 252.59 250.86 271.82 269.87 252.47 252.269 253.96 254.401 254.537 251.945 254.047 252.013 0.0 0.0 252.34 -002.071 KOHM R   

2016-03-15 07:03:48.985000 342184.311 252.71 250.98 271.88 269.94 252.59 252.391 254.076 254.516 254.653 252.071 254.166 252.129 0.0 0.0 252.46 -002.070 KOHM R   

2016-03-15 07:05:40.871000 342296.197 252.82 251.1 271.94 270.0 252.71 252.511 254.194 254.63 254.767 252.191 254.282 252.243 0.0 0.0 252.57 -002.074 KOHM R   

2016-03-15 07:07:35.277000 342410.603 252.94 251.22 272.0 270.07 252.82 252.632 254.309 254.747 254.882 252.315 254.4 252.358 0.0 0.0 252.69 -002.074 KOHM R   

2016-03-15 07:09:26.961000 342522.287 253.05 251.34 272.06 270.14 252.94 252.75 254.422 254.859 254.995 252.435 254.515 252.471 0.0 0.0 252.8 -002.072 KOHM R   

2016-03-15 07:11:21.348000 342636.674 253.16 251.45 272.12 270.2 253.05 252.87 254.538 254.973 255.11 252.558 254.631 252.585 0.0 0.0 252.91 -002.077 KOHM R   

2016-03-15 07:13:13.120000 342748.446 253.28 251.57 272.18 270.27 253.17 252.989 254.652 255.084 255.221 252.68 254.747 252.698 0.0 0.0 253.03 -002.072 KOHM R   

2016-03-15 07:15:07.532000 342862.858 253.39 251.69 272.25 270.33 253.28 253.111 254.768 255.202 255.336 252.801 254.861 252.812 0.0 0.0 253.14 -002.071 KOHM R   

2016-03-15 07:16:59.469000 342974.795 253.5 251.8 272.3 270.4 253.4 253.227 254.881 255.312 255.448 252.921 254.977 252.923 0.0 0.0 253.25 -002.075 KOHM R   

2016-03-15 07:18:53.685000 343089.011 253.62 251.92 272.37 270.46 253.51 253.348 254.996 255.424 255.561 253.041 255.093 253.036 0.0 0.0 253.37 -002.071 KOHM R   

2016-03-15 07:20:45.692000 343201.018 253.73 252.04 272.42 270.53 253.62 253.464 255.109 255.534 255.673 253.162 255.206 253.146 0.0 0.0 253.48 -002.071 KOHM R   

2016-03-15 07:22:37.769000 343313.095 253.84 252.15 272.48 270.59 253.74 253.582 255.22 255.647 255.783 253.281 255.32 253.258 0.0 0.0 253.59 -002.075 KOHM R   

2016-03-15 07:24:32.094000 343427.42 253.95 252.27 272.55 270.66 253.85 253.701 255.333 255.762 255.896 253.401 255.434 253.37 0.0 0.0 253.7 -002.070 KOHM R   

2016-03-15 07:26:24.134000 343539.46 254.06 252.38 272.6 270.72 253.96 253.818 255.445 255.87 256.007 253.519 255.547 253.48 0.0 0.0 253.81 -002.071 KOHM R   

2016-03-15 07:28:18.709000 343654.035 254.17 252.5 272.66 270.79 254.08 253.936 255.559 255.984 256.119 253.639 255.662 253.593 0.0 0.0 253.93 -002.071 KOHM R   

2016-03-15 07:30:10.783000 343766.109 254.28 252.61 272.72 270.85 254.19 254.05 255.669 256.092 256.229 253.758 255.775 253.702 0.0 0.0 254.04 -002.074 KOHM R   

2016-03-15 07:32:05.346000 343880.672 254.4 252.73 272.78 270.91 254.3 254.168 255.785 256.204 256.341 253.878 255.891 253.816 0.0 0.0 254.15 -002.071 KOHM R   

2016-03-15 07:33:57.229000 343992.555 254.5 252.84 272.84 270.98 254.41 254.283 255.895 256.314 256.449 253.994 256.0 253.922 0.0 0.0 254.26 -002.075 KOHM R   

2016-03-15 07:35:51.878000 344107.204 254.62 252.96 272.9 271.04 254.52 254.401 256.008 256.426 256.561 254.114 256.114 254.035 0.0 0.0 254.37 -002.072 KOHM R   

2016-03-15 07:37:44.009000 344219.335 254.73 253.07 272.96 271.1 254.63 254.516 256.118 256.534 256.67 254.229 256.225 254.144 0.0 0.0 254.48 -002.071 KOHM R   

2016-03-15 07:39:38.895000 344334.221 254.84 253.19 273.01 271.17 254.75 254.632 256.229 256.647 256.782 254.349 256.338 254.256 0.0 0.0 254.59 -002.072 KOHM R   

2016-03-15 07:41:30.808000 344446.134 254.94 253.3 273.07 271.23 254.86 254.746 256.336 256.753 256.89 254.464 256.449 254.363 0.0 0.0 254.7 -002.071 KOHM R   

2016-03-15 07:43:25.487000 344560.813 255.05 253.41 273.13 271.29 254.97 254.864 256.45 256.866 257.001 254.583 256.564 254.471 0.0 0.0 254.81 -002.070 KOHM R   

2016-03-15 07:45:17.221000 344672.547 255.16 253.52 273.18 271.35 255.07 254.978 256.56 256.97 257.107 254.698 256.67 254.58 0.0 0.0 254.92 -002.076 KOHM R   

2016-03-15 07:47:09.443000 344784.769 255.27 253.63 273.24 271.41 255.18 255.089 256.666 257.078 257.214 254.813 256.781 254.686 0.0 0.0 255.02 -002.071 KOHM R   

2016-03-15 07:49:04.483000 344899.809 255.38 253.75 273.3 271.47 255.3 255.204 256.778 257.189 257.325 254.93 256.893 254.795 0.0 0.0 255.13 -002.076 KOHM R   

2016-03-15 07:50:56.743000 345012.069 255.49 253.86 273.36 271.54 255.4 255.319 256.887 257.296 257.43 255.047 257.003 254.903 0.0 0.0 255.24 -002.069 KOHM R   

2016-03-15 07:52:51.499000 345126.825 255.6 253.97 273.41 271.6 255.51 255.433 256.996 257.403 257.541 255.162 257.114 255.011 0.0 0.0 255.35 -002.075 KOHM R   

2016-03-15 07:54:43.820000 345239.146 255.7 254.08 273.47 271.66 255.62 255.547 257.106 257.512 257.648 255.277 257.223 255.117 0.0 0.0 255.46 -002.069 KOHM R   

2016-03-15 07:56:38.400000 345353.726 255.81 254.19 273.53 271.72 255.73 255.659 257.214 257.617 257.756 255.391 257.333 255.224 0.0 0.0 255.57 -002.074 KOHM R   

2016-03-15 07:58:30.634000 345465.96 255.92 254.3 273.59 271.78 255.84 255.772 257.321 257.724 257.861 255.506 257.441 255.332 0.0 0.0 255.67 -002.069 KOHM R   

2016-03-15 08:00:25.459000 345580.785 256.03 254.42 273.64 271.84 255.95 255.887 257.431 257.832 257.969 255.621 257.55 255.437 0.0 0.0 255.78 -002.070 KOHM R   

2016-03-15 08:02:17.792000 345693.118 256.13 254.53 273.69 271.9 256.05 255.996 257.538 257.937 258.074 255.734 257.659 255.544 0.0 0.0 255.89 -002.074 KOHM R   

2016-03-15 08:04:12.322000 345807.648 256.24 254.64 273.75 271.96 256.16 256.109 257.644 258.043 258.181 255.849 257.768 255.651 0.0 0.0 255.99 -002.070 KOHM R   

2016-03-15 08:06:04.917000 345920.243 256.34 254.74 273.8 272.02 256.27 256.22 257.75 258.15 258.286 255.963 257.875 255.755 0.0 0.0 256.1 -002.077 KOHM R   

2016-03-15 08:07:59.460000 346034.786 256.45 254.85 273.86 272.08 256.38 256.333 257.859 258.257 258.392 256.076 257.985 255.864 0.0 0.0 256.2 -002.073 KOHM R   

2016-03-15 08:09:51.848000 346147.174 256.55 254.96 273.91 272.14 256.48 256.442 257.964 258.36 258.498 256.187 258.09 255.965 0.0 0.0 256.31 -002.073 KOHM R   

2016-03-15 08:11:46.745000 346262.071 256.66 255.07 273.97 272.2 256.59 256.554 258.071 258.467 258.604 256.301 258.198 256.072 0.0 0.0 256.42 -002.068 KOHM R   

2016-03-15 08:13:39.159000 346374.485 256.76 255.18 274.02 272.26 256.69 256.664 258.178 258.57 258.707 256.413 258.305 256.175 0.0 0.0 256.52 -002.069 KOHM R   

2016-03-15 08:15:33.831000 346489.157 256.87 255.29 274.08 272.32 256.8 256.776 258.283 258.676 258.813 256.525 258.413 256.279 0.0 0.0 256.62 -002.071 KOHM R   

2016-03-15 08:17:25.990000 346601.316 256.97 255.4 274.13 272.38 256.91 256.884 258.387 258.78 258.915 256.635 258.517 256.384 0.0 0.0 256.73 -002.073 KOHM R   

2016-03-15 08:19:20.956000 346716.282 257.08 255.51 274.18 272.44 257.01 256.996 258.495 258.884 259.021 256.748 258.626 256.488 0.0 0.0 256.83 -002.069 KOHM R   

2016-03-15 08:21:13.492000 346828.818 257.18 255.61 274.24 272.5 257.11 257.104 258.598 258.986 259.124 256.858 258.729 256.59 0.0 0.0 256.94 -002.073 KOHM R   

2016-03-15 08:23:08.279000 346943.605 257.28 255.72 274.29 272.55 257.22 257.213 258.703 259.091 259.229 256.97 258.837 256.695 0.0 0.0 257.04 -002.072 KOHM R   

2016-03-15 08:25:00.544000 347055.87 257.38 255.83 274.34 272.61 257.32 257.322 258.806 259.194 259.331 257.078 258.941 256.797 0.0 0.0 257.14 -002.072 KOHM R   

2016-03-15 08:26:55.531000 347170.857 257.49 255.93 274.4 272.67 257.43 257.434 258.912 259.297 259.436 257.191 259.047 256.901 0.0 0.0 257.25 -002.069 KOHM R   

2016-03-15 08:28:48.035000 347283.361 257.59 256.04 274.45 272.73 257.53 257.539 259.016 259.4 259.537 257.297 259.152 257.002 0.0 0.0 257.35 -002.071 KOHM R   

2016-03-15 08:30:43.109000 347398.435 257.69 256.15 274.5 272.79 257.64 257.649 259.12 259.503 259.641 257.411 259.257 257.105 0.0 0.0 257.45 -002.074 KOHM R   

2016-03-15 08:32:35.684000 347511.01 257.8 256.25 274.55 272.84 257.74 257.755 259.223 259.604 259.742 257.518 259.36 257.206 0.0 0.0 257.55 -002.070 KOHM R   

2016-03-15 08:34:30.744000 347626.07 257.9 256.36 274.61 272.9 257.84 257.863 259.328 259.708 259.844 257.629 259.466 257.31 0.0 0.0 257.66 -002.072 KOHM R   

2016-03-15 08:36:23.347000 347738.673 258.0 256.46 274.66 272.96 257.95 257.972 259.43 259.81 259.943 257.737 259.568 257.41 0.0 0.0 257.76 -002.070 KOHM R   

2016-03-15 08:38:18.486000 347853.812 258.1 256.57 274.71 273.02 258.05 258.08 259.534 259.911 260.047 257.848 259.671 257.512 0.0 0.0 257.86 -002.075 KOHM R   

2016-03-15 08:40:10.930000 347966.256 258.2 256.67 274.76 273.07 258.15 258.183 259.634 260.01 260.148 257.953 259.774 257.611 0.0 0.0 257.96 -002.069 KOHM R   

2016-03-15 08:42:05.821000 348081.147 258.3 256.78 274.81 273.13 258.25 258.293 259.738 260.111 260.248 258.063 259.878 257.713 0.0 0.0 258.06 -002.070 KOHM R   

2016-03-15 08:43:58.484000 348193.81 258.4 256.88 274.87 273.19 258.35 258.399 259.838 260.21 260.348 258.169 259.979 257.811 0.0 0.0 258.16 -002.071 KOHM R   

2016-03-15 08:45:53.641000 348308.967 258.5 256.99 274.92 273.24 258.46 258.506 259.942 260.311 260.448 258.278 260.084 257.913 0.0 0.0 258.26 -002.072 KOHM R   

2016-03-15 08:47:46.126000 348421.452 258.6 257.09 274.97 273.3 258.56 258.609 260.041 260.411 260.546 258.385 260.183 258.013 0.0 0.0 258.36 -002.069 KOHM R   

2016-03-15 08:49:41.379000 348536.705 258.7 257.19 275.02 273.35 258.66 258.717 260.143 260.508 260.648 258.492 260.285 258.113 0.0 0.0 258.46 -002.072 KOHM R   

2016-03-15 08:51:34.083000 348649.409 258.8 257.3 275.07 273.41 258.76 258.82 260.241 260.607 260.745 258.598 260.386 258.21 0.0 0.0 258.56 -002.074 KOHM R   

2016-03-15 08:53:29.321000 348764.647 258.9 257.4 275.12 273.46 258.86 258.926 260.343 260.707 260.844 258.707 260.488 258.31 0.0 0.0 258.66 -002.069 KOHM R   

2016-03-15 08:55:21.869000 348877.195 259.0 257.5 275.17 273.52 258.96 259.029 260.441 260.805 260.941 258.812 260.587 258.409 0.0 0.0 258.76 -002.071 KOHM R   

2016-03-15 08:57:16.949000 348992.275 259.1 257.61 275.23 273.58 259.06 259.135 260.542 260.904 261.041 258.916 260.688 258.508 0.0 0.0 258.86 -002.072 KOHM R   

2016-03-15 08:59:09.723000 349105.049 259.2 257.71 275.27 273.63 259.16 259.239 260.639 261.001 261.137 259.022 260.787 258.605 0.0 0.0 258.96 -002.072 KOHM R   

2016-03-15 09:01:05.031000 349220.357 259.29 257.81 275.32 273.69 259.26 259.342 260.738 261.1 261.238 259.127 260.889 258.703 0.0 0.0 259.06 -002.070 KOHM R   

2016-03-15 09:02:57.582000 349332.908 259.39 257.91 275.38 273.74 259.36 259.446 260.836 261.196 261.333 259.231 260.986 258.801 0.0 0.0 259.15 -002.067 KOHM R   

2016-03-15 09:04:52.958000 349448.284 259.49 258.01 275.42 273.8 259.46 259.551 260.935 261.294 261.43 259.338 261.087 258.897 0.0 0.0 259.25 -002.073 KOHM R   

2016-03-15 09:06:45.767000 349561.093 259.59 258.11 275.48 273.85 259.55 259.65 261.033 261.391 261.528 259.441 261.185 258.995 0.0 0.0 259.35 -002.068 KOHM R   

2016-03-15 09:08:41.121000 349676.447 259.69 258.22 275.53 273.91 259.65 259.756 261.132 261.488 261.625 259.547 261.285 259.093 0.0 0.0 259.45 -002.078 KOHM R   

2016-03-15 09:10:33.757000 349789.083 259.78 258.31 275.57 273.96 259.75 259.858 261.23 261.584 261.721 259.649 261.381 259.189 0.0 0.0 259.54 -002.072 KOHM R   

2016-03-15 09:12:29.278000 349904.604 259.88 258.42 275.62 274.02 259.85 259.961 261.328 261.681 261.817 259.755 261.482 259.287 0.0 0.0 259.64 -002.069 KOHM R   

2016-03-15 09:14:21.930000 350017.256 259.97 258.51 275.68 274.07 259.95 260.062 261.422 261.775 261.913 259.857 261.578 259.381 0.0 0.0 259.74 -002.068 KOHM R   

2016-03-15 09:16:17.418000 350132.744 260.07 258.62 275.72 274.13 260.05 260.164 261.523 261.871 262.01 259.96 261.677 259.478 0.0 0.0 259.83 -002.072 KOHM R   

2016-03-15 09:18:10.063000 350245.389 260.17 258.71 275.77 274.18 260.14 260.264 261.616 261.967 262.104 260.063 261.775 259.573 0.0 0.0 259.93 -002.074 KOHM R   

2016-03-15 09:20:05.594000 350360.92 260.26 258.82 275.82 274.23 260.24 260.366 261.716 262.062 262.201 260.165 261.872 259.671 0.0 0.0 260.03 -002.074 KOHM R   

2016-03-15 09:21:57.971000 350473.297 260.36 258.91 275.87 274.29 260.34 260.464 261.81 262.157 262.293 260.267 261.966 259.762 0.0 0.0 260.12 -002.072 KOHM R   

2016-03-15 09:23:53.766000 350589.092 260.45 259.01 275.92 274.34 260.43 260.567 261.907 262.253 262.389 260.369 262.066 259.861 0.0 0.0 260.22 -002.070 KOHM R   

2016-03-15 09:25:46.785000 350702.111 260.55 259.11 275.97 274.4 260.53 260.665 262.002 262.346 262.482 260.468 262.16 259.955 0.0 0.0 260.31 -002.070 KOHM R   

2016-03-15 09:27:42.320000 350817.646 260.64 259.21 276.02 274.45 260.63 260.764 262.097 262.442 262.578 260.57 262.259 260.05 0.0 0.0 260.41 -002.070 KOHM R   

2016-03-15 09:29:35.102000 350930.428 260.74 259.31 276.07 274.5 260.72 260.864 262.193 262.534 262.672 260.67 262.352 260.143 0.0 0.0 260.5 -002.072 KOHM R   

2016-03-15 09:31:30.376000 351045.702 260.83 259.41 276.12 274.56 260.82 260.964 262.287 262.628 262.766 260.77 262.448 260.237 0.0 0.0 260.6 -002.067 KOHM R   

2016-03-15 09:33:23.427000 351158.753 260.92 259.5 276.17 274.61 260.91 261.063 262.381 262.72 262.859 260.87 262.545 260.33 0.0 0.0 260.69 -002.067 KOHM R   

2016-03-15 09:35:18.736000 351274.062 261.02 259.6 276.21 274.67 261.01 261.161 262.476 262.816 262.953 260.972 262.641 260.425 0.0 0.0 260.79 -002.075 KOHM R   

2016-03-15 09:37:11.829000 351387.155 261.11 259.7 276.26 274.72 261.1 261.26 262.57 262.908 263.046 261.069 262.734 260.517 0.0 0.0 260.88 -002.068 KOHM R   

2016-03-15 09:39:07.213000 351502.539 261.2 259.79 276.31 274.77 261.19 261.357 262.666 263.001 263.137 261.169 262.83 260.61 0.0 0.0 260.97 -002.072 KOHM R   

2016-03-15 09:41:00.582000 351615.908 261.3 259.89 276.36 274.83 261.29 261.456 262.757 263.093 263.232 261.268 262.924 260.703 0.0 0.0 261.06 -002.073 KOHM R   

2016-03-15 09:42:55.965000 351731.291 261.39 259.99 276.41 274.88 261.38 261.554 262.853 263.187 263.325 261.368 263.018 260.798 0.0 0.0 261.16 -002.071 KOHM R   

