#Human readable time. Time (s) since start. Lakeshore temperature sensor 218 T1,3,5,6,8 and 224 C2,C3,C4,C5,D2,D3,D5,A,B
2016-10-19 08:28:51.979000 0.0 3.375 49.305 34.032 51.586 4.114 3.7165 3.5273 27.8117 26.7823 10.6607 5.785 3.9644 13.1946 13.1981 7.937 -1 14.9508
2016-10-19 08:29:52.769000 60.79 3.435 49.3 33.822 51.582 4.116 3.7193 3.5298 27.8121 26.783 10.6648 5.785 3.967 13.1995 13.2078 7.938 6.73604623961 14.9615
2016-10-19 08:30:53.149000 121.17 3.535 49.297 33.353 51.58 4.114 3.7161 3.5259 24.459 23.8494 10.6687 5.7848 3.9644 13.2141 13.2126 7.937 6.89224670463 14.972
2016-10-19 08:31:53.539000 181.56 3.649 49.3 33.272 51.584 5.192 14.4277 5.0482 22.1243 22.0072 10.6819 5.9578 5.1896 13.2196 13.2389 8.262 6.57984577458 14.9795
2016-10-19 08:32:53.949000 241.97 3.956 49.297 33.903 51.58 5.609 18.8941 6.0472 19.5908 20.2741 10.6212 6.4943 6.1157 13.2269 12.3514 8.802 6.73604623961 14.993
2016-10-19 08:33:54.399000 302.42 4.274 49.314 34.277 51.597 6.376 22.4447 6.3544 17.2237 18.5824 10.5218 7.1646 6.4423 13.2248 9.9296 9.175 7.16065882335 15.0009
2016-10-19 08:34:54.909000 362.93 4.305 49.354 34.278 51.636 6.083 27.3525 6.0249 15.2345 16.9998 10.4118 7.758 6.1376 13.2147 7.8055 9.223 6.79852642562 15.0171
2016-10-19 08:35:55.449000 423.47 4.264 49.402 33.835 51.679 5.818 32.1967 5.7145 13.8744 15.7204 10.231 8.2531 5.8333 13.2026 6.8102 9.093 6.73604623961 15.0338
2016-10-19 08:36:55.999000 484.02 3.941 49.435 33.519 51.711 5.234 35.2684 5.675 13.238 14.8906 10.0434 8.7181 5.7666 13.1859 6.411 9.002 7.12535540734 15.0641
2016-10-19 08:37:56.629000 544.65 3.87 49.456 33.948 51.729 5.794 37.7246 5.7572 13.1516 14.5198 9.8959 9.1648 5.8153 13.1726 6.2777 8.985 6.89224670463 15.1012
2016-10-19 08:38:57.269000 605.29 3.968 49.473 34.314 51.748 5.017 39.8404 5.8692 13.3908 14.4896 9.7961 9.5843 5.9098 13.1595 6.2609 9.015 7.01944515931 15.1193
2016-10-19 08:39:57.930000 665.951 4.155 49.488 33.557 51.762 5.982 41.6905 5.9791 13.7815 14.6693 9.7398 9.9739 6.0237 13.1337 6.2809 9.071 6.82976651862 15.1467
2016-10-19 08:40:58.670000 726.691 4.016 49.505 33.745 51.781 6.089 43.3475 6.0876 14.2173 14.951 9.7189 10.319 6.1429 13.1261 6.3155 9.139 7.16065882335 15.1782
2016-10-19 08:41:59.380000 787.401 4.337 49.527 34.242 51.8 6.203 44.8607 6.2165 14.6494 15.2814 9.7227 10.6227 6.2669 13.0999 6.3643 9.213 7.01944515931 15.2161
2016-10-19 08:43:00.160000 848.181 4.433 49.55 33.786 51.824 5.988 46.2309 6.382 15.0613 15.6123 9.7453 10.8962 6.4015 13.0823 6.4328 9.294 7.23126565537 15.2399
2016-10-19 08:44:00.970000 908.991 4.145 49.572 34.359 51.844 6.457 47.4895 6.5717 15.444 15.9239 9.7837 11.1405 6.5444 13.0568 6.5199 9.379 6.73604623961 15.2732
2016-10-19 08:45:01.810000 969.831 4.418 49.594 34.396 51.869 6.487 48.1391 6.6396 15.7166 16.1545 9.7533 11.2648 6.5697 13.0444 6.5088 9.437 7.26656907139 15.3086
2016-10-19 08:46:02.690000 1030.711 4.256 49.625 33.726 51.894 6.456 48.2509 6.6188 15.6974 16.1795 9.6228 11.2317 6.5305 13.0214 6.4565 9.45 6.86100661163 15.3238
2016-10-19 08:47:03.590000 1091.611 4.277 49.654 34.533 51.923 6.335 48.4759 6.4884 15.3897 15.9903 9.4494 11.1006 6.413 12.9979 6.3571 9.417 7.26656907139 15.3607
2016-10-19 08:48:04.530000 1152.551 4.142 49.674 33.728 51.946 6.197 48.8839 6.2962 14.8763 15.6518 9.2547 10.9093 6.2423 12.9787 6.2094 9.343 7.01944515931 15.3825
2016-10-19 08:49:05.570000 1213.591 4.179 49.696 34.477 51.965 6.027 49.3823 6.0936 14.2758 15.2093 9.0474 10.6833 6.0571 12.9599 6.0242 9.242 7.09005199133 15.3989
2016-10-19 08:50:06.590000 1274.611 3.961 49.71 33.698 51.979 5.869 49.8943 5.911 13.6701 14.7184 8.8302 10.4394 5.8859 12.9305 5.8414 9.136 7.01944515931 15.4054
2016-10-19 08:51:07.640000 1335.661 4.042 49.72 34.448 51.993 5.735 50.3994 5.7624 13.0994 14.2288 8.61 10.2026 5.7428 12.9073 5.6744 9.038 7.05474857532 15.4364
2016-10-19 08:52:08.731000 1396.752 3.866 49.729 33.672 51.997 5.626 50.8857 5.6541 12.5955 13.7649 8.3927 9.9726 5.6241 12.8848 5.5329 8.953 6.98596698365 15.433
2016-10-19 08:53:09.851000 1457.872 3.962 49.732 34.382 52.001 3.815 51.0611 5.5396 12.1232 13.3154 8.1525 9.7225 5.4901 12.8603 5.3606 8.871 7.05474857532 15.4445
2016-10-19 08:54:11.081000 1519.102 3.704 49.732 34.132 52.003 5.331 50.8977 5.4698 11.5631 12.7979 7.8805 9.4337 5.3667 12.844 5.194 8.79 7.26656907139 15.4584
2016-10-19 08:55:12.311000 1580.332 3.981 49.729 33.925 52.003 5.279 50.6564 5.4709 10.9252 12.223 7.6083 9.1316 5.2468 12.8211 5.0605 8.714 6.98596698365 15.4708
2016-10-19 08:56:13.551000 1641.572 3.827 49.726 34.099 52.0 5.185 50.4278 5.553 10.254 11.607 7.3461 8.8221 5.1461 12.8018 4.9581 8.642 6.89224670463 15.4669
2016-10-19 08:57:14.861000 1702.882 3.648 49.721 33.616 51.996 5.104 50.1926 5.69 9.5702 10.9756 7.1033 8.5228 5.0577 12.7791 4.8557 8.583 7.19596223936 15.4697
2016-10-19 08:58:16.171000 1764.192 3.815 49.713 33.646 51.989 5.028 49.9551 5.8285 8.9188 10.3474 6.8769 8.2356 4.9759 12.754 4.7609 8.53 6.98596698365 15.4728
2016-10-19 08:59:17.491000 1825.512 3.584 49.706 34.284 51.982 4.956 49.7343 5.9382 8.3141 9.7182 6.6703 7.9683 4.8981 12.7343 4.668 8.484 7.23126565537 15.4743
2016-10-19 09:00:18.901000 1886.922 3.553 49.699 33.857 51.977 4.924 49.8456 6.035 7.8355 9.1691 6.4984 7.744 4.8651 12.7072 4.6233 8.453 7.19596223936 15.4748
2016-10-19 09:01:20.331000 1948.352 3.737 49.687 33.547 51.966 3.408 50.4084 27.7671 7.6952 8.8939 6.3816 7.5882 4.9176 11.8559 4.6605 8.453 7.19596223936 15.4769
2016-10-19 09:02:21.771000 2009.792 3.857 49.68 33.915 51.962 5.044 51.1881 36.251 7.8405 8.8769 6.3409 7.5251 5.0014 8.2274 4.7375 8.481 6.95472689064 15.4517
2016-10-19 09:03:23.241000 2071.262 3.726 49.673 34.289 51.955 5.016 51.6847 41.401 8.0649 8.9776 6.3456 7.5198 5.018 5.8109 4.7474 8.505 7.19596223936 15.3886
2016-10-19 09:04:24.752000 2132.773 3.584 49.667 34.1 51.948 5.011 51.7509 46.1339 8.1169 9.0001 6.3725 7.5386 4.9881 5.2679 4.7196 8.503 6.76728633261 15.326
2016-10-19 09:05:26.292000 2194.313 3.61 49.662 33.618 51.944 4.998 51.7102 50.5683 8.0504 8.9581 6.4271 7.5886 4.9487 5.0454 4.6796 8.488 7.19596223936 15.2512
2016-10-19 09:06:27.882000 2255.903 3.761 49.659 33.52 51.94 4.932 51.5962 52.441 7.9179 8.8734 6.4336 7.606 4.8753 4.8468 4.6195 8.459 6.89224670463 15.1775
2016-10-19 09:07:29.492000 2317.513 3.78 49.651 33.962 51.936 4.878 51.468 52.609 7.6997 8.707 6.3711 7.5491 4.8155 4.7433 4.5627 8.428 6.86100661163 15.1147
2016-10-19 09:08:31.132000 2379.153 3.623 49.645 34.256 51.929 2.597 51.3345 52.4392 7.4162 8.4707 6.2824 7.4451 4.7621 4.6695 4.5114 8.399 6.82976651862 15.0414
2016-10-19 09:09:32.832000 2440.853 3.686 49.637 34.139 51.924 4.772 51.2234 52.2231 7.1075 8.1906 6.1852 7.3182 4.7003 4.6106 4.4655 8.367 6.98596698365 14.9749
2016-10-19 09:10:34.582000 2502.603 3.494 49.629 34.055 51.914 4.016 51.1207 52.004 6.8058 7.8951 6.0874 7.1819 4.6622 4.5616 4.4217 8.342 7.26656907139 14.9061
2016-10-19 09:11:36.332000 2564.353 3.518 49.622 34.21 51.906 4.704 51.0191 51.7755 6.5301 7.6016 5.9931 7.0496 4.6265 4.5178 4.381 8.32 6.76728633261 14.8392
2016-10-19 09:12:38.162000 2626.183 3.479 49.612 33.81 51.897 4.086 50.927 51.5602 6.2864 7.3222 5.8978 6.9235 4.5945 4.4751 4.3461 8.301 7.19596223936 14.7562
2016-10-19 09:13:40.152000 2688.173 3.469 49.604 34.071 51.892 4.637 50.8318 51.3396 6.0748 7.0634 5.8088 6.807 4.5653 4.4372 4.3142 8.284 6.95472689064 14.6943
2016-10-19 09:14:42.022000 2750.043 3.509 49.596 34.191 51.884 4.595 50.7617 51.1214 5.8838 6.8284 5.7255 6.7036 4.5391 4.3999 4.2835 8.269 7.12535540734 14.6237
2016-10-19 09:15:43.943000 2811.964 3.612 49.588 34.138 51.878 3.535 50.6814 50.9035 5.7118 6.6191 5.6501 6.6102 4.5154 4.3685 4.2554 8.255 6.7048061466 14.5484
2016-10-19 09:16:45.923000 2873.944 3.657 49.584 33.96 51.87 2.908 50.6041 50.6845 5.5592 6.4348 5.5833 6.5286 4.495 4.3428 4.2293 8.243 6.82976651862 14.4879
2016-10-19 09:17:47.913000 2935.934 3.693 49.579 33.734 51.865 3.629 50.5408 50.4716 5.4269 6.2722 5.5228 6.4568 4.4753 4.3149 4.2031 8.231 6.76728633261 14.4091
2016-10-19 09:18:49.903000 2997.924 3.631 49.572 33.473 51.86 3.498 50.4731 50.256 5.3112 6.1308 5.4692 6.3938 4.4578 4.2938 4.1799 8.221 6.64232596059 14.3404
2016-10-19 09:19:51.953000 3059.974 3.531 49.563 33.345 51.852 4.108 50.4075 50.0423 5.2094 6.0068 5.4218 6.3393 4.4419 4.2712 4.1587 8.211 6.95472689064 14.2751
2016-10-19 09:20:54.023000 3122.044 3.486 49.558 33.39 51.845 4.523 50.3567 49.8269 5.1206 5.8904 5.3794 6.2913 4.4268 4.2491 4.1375 8.202 7.19596223936 14.2125
2016-10-19 09:21:56.103000 3184.124 3.952 49.548 33.561 51.838 6.335 49.4504 49.6027 17.6589 6.2532 5.351 6.3523 6.5537 4.3315 4.227 8.599 6.64232596059 14.1509
2016-10-19 09:22:58.233000 3246.254 4.978 49.531 33.853 51.82 8.441 44.7461 49.7138 21.2796 7.9455 5.4371 7.1687 8.7217 4.3494 4.1568 10.077 6.64232596059 14.0848
2016-10-19 09:24:00.373000 3308.394 5.686 49.551 34.574 51.852 8.742 41.4205 50.0328 23.4879 8.7472 5.4835 7.8602 9.0121 4.2744 4.0635 10.772 6.89224670463 14.0194
2016-10-19 09:25:02.593000 3370.614 5.759 49.664 34.602 51.958 8.674 38.828 50.3536 24.9373 9.0698 5.4814 8.3139 8.9232 4.162 3.9484 11.015 6.54860568158 13.9475
2016-10-19 09:26:04.843000 3432.864 5.082 49.781 34.478 52.06 8.492 36.4936 50.3112 26.1176 9.1576 5.4481 8.5911 8.7198 4.0153 3.8172 11.033 6.95472689064 13.8753
2016-10-19 09:27:07.093000 3495.114 4.953 49.879 34.717 52.149 8.289 34.2161 50.0662 26.9311 9.1119 5.3913 8.7463 8.4787 3.8641 3.6682 10.945 6.92348679764 13.814
2016-10-19 09:28:09.414000 3557.435 5.296 49.953 34.899 52.217 8.052 31.9316 49.782 27.4851 8.9842 5.3152 8.8147 8.2278 3.6948 3.5048 10.804 6.54860568158 13.7478
2016-10-19 09:29:11.754000 3619.775 5.275 50.015 34.708 52.277 7.818 29.3273 49.492 27.8418 8.8072 5.2241 8.818 7.9707 3.5126 3.3296 10.634 6.79852642562 13.6828
2016-10-19 09:30:14.114000 3682.135 4.707 50.068 34.364 52.329 7.577 26.7576 49.5369 28.1485 8.5983 5.1215 8.7735 7.7125 3.3331 3.1481 10.458 6.25175827662 13.6235
2016-10-19 09:31:16.534000 3744.555 4.656 50.111 34.97 52.369 7.349 24.5293 49.7152 28.4243 8.3738 5.0126 8.6964 7.4591 3.0782 2.97 10.292 6.54860568158 13.5489
2016-10-19 09:32:18.964000 3806.985 4.877 50.146 34.291 52.405 7.122 22.7113 49.8959 28.5991 8.1403 4.9003 8.5929 7.2167 2.9351 2.798 10.126 6.61108586759 13.4795
2016-10-19 09:33:21.434000 3869.455 4.328 50.177 34.214 52.432 6.904 21.2631 50.0488 28.7055 7.9022 4.7838 8.4697 6.9835 2.7707 2.6309 9.961 6.79852642562 13.415
2016-10-19 09:34:23.964000 3931.985 4.588 50.202 34.838 52.459 6.694 19.9803 50.2674 28.7484 7.6691 4.6878 8.3348 6.758 2.6468 2.4472 9.8 6.51736558857 13.3534
2016-10-19 09:35:26.484000 3994.505 4.266 50.22 34.604 52.481 6.495 18.8007 50.1036 28.7744 7.4406 4.6226 8.191 6.5437 2.4877 2.2676 9.645 6.35689950462 13.282
2016-10-19 09:36:29.024000 4057.045 4.107 50.234 34.83 52.493 6.31 17.8348 49.7263 28.7672 7.2168 4.5449 8.0414 6.3458 2.3192 2.1267 9.498 6.51736558857 13.2114
2016-10-19 09:37:31.684000 4119.705 4.404 50.238 34.334 52.5 6.163 17.0048 49.3599 28.7472 7.0128 4.4408 7.893 6.1884 2.1762 2.0193 9.384 6.79852642562 13.1508
2016-10-19 09:38:34.344000 4182.365 3.962 50.243 34.342 52.505 4.747 16.1245 49.4086 28.7092 6.8317 4.3275 7.7516 6.0389 2.0504 1.8939 9.284 6.38318481161 13.0799
2016-10-19 09:39:37.035000 4245.056 4.225 50.24 34.704 52.506 5.885 15.2026 49.6737 28.6627 6.6681 4.2176 7.6161 5.8901 1.9112 1.7573 9.187 6.40947011861 13.0151
2016-10-19 09:40:39.775000 4307.796 3.832 50.238 34.506 52.505 5.689 14.2547 49.9535 28.6027 6.5134 4.1139 7.484 5.7383 1.7577 1.6143 9.09 6.38318481161 12.9484
2016-10-19 09:41:42.535000 4370.556 3.888 50.234 34.391 52.5 5.6 13.3201 50.254 28.5344 6.365 21.1928 7.3552 5.5838 1.599 1.4698 8.993 6.7048061466 12.881
2016-10-19 09:42:45.355000 4433.376 3.738 50.221 34.584 52.491 4.672 12.3938 50.5803 28.4612 6.2234 25.9116 7.2275 5.4303 1.452 1.3297 8.895 6.46204073261 12.8153
2016-10-19 09:43:48.295000 4496.316 3.716 50.209 33.944 52.48 5.312 11.4665 50.5285 28.3735 6.0805 29.2017 7.1008 5.2754 1.3464 1.2006 8.796 6.35689950462 12.7501
2016-10-19 09:44:51.155000 4559.176 3.908 50.192 34.045 52.468 5.143 10.7364 50.5095 28.2913 5.9147 31.2204 6.9705 5.0954 1.7236 1.2719 8.685 6.6735660536 1.9824
2016-10-19 09:45:54.095000 4622.116 3.721 50.176 34.54 52.452 5.1 10.3054 50.1081 28.2478 5.8026 32.6311 6.8563 5.0468 1.4791 1.2033 8.626 6.43575542561 1.6113
2016-10-19 09:46:57.055000 4685.076 3.576 50.155 33.787 52.436 5.008 9.6906 49.8027 28.1844 5.6935 29.3812 6.7542 4.9479 1.3448 1.1517 8.568 6.22547296963 1.469
2016-10-19 09:48:00.065000 4748.086 3.789 50.136 34.429 52.416 4.913 9.0179 49.5318 28.1209 5.583 27.715 6.6579 4.845 1.2753 1.1226 8.507 5.94254947774 1.391
2016-10-19 09:49:03.135000 4811.156 3.679 50.114 34.412 52.4 4.597 8.3538 49.6982 28.058 5.4793 27.0709 6.5672 4.7498 1.2368 1.1055 8.453 5.96626886755 1.3444
2016-10-19 09:50:06.165000 4874.186 3.483 50.094 34.218 52.382 4.275 7.7404 50.08 28.0061 5.3918 26.7798 6.4836 4.6637 1.2116 1.0957 8.404 5.75563456734 1.3105
2016-10-19 09:51:09.305000 4937.326 3.531 50.072 33.603 52.361 3.599 7.2206 50.4695 27.9716 5.3174 26.6522 6.406 4.5915 1.1932 1.0884 8.359 5.59961626899 1.2847
2016-10-19 09:52:12.446000 5000.467 3.687 50.051 34.019 52.342 4.508 6.8167 50.4512 27.9524 5.252 26.5996 6.3365 4.5295 1.1773 1.0819 8.322 5.7333422952 1.263
2016-10-19 09:53:15.606000 5063.627 3.657 50.03 34.352 52.322 4.574 6.5138 50.2246 27.9363 5.1887 26.5835 6.2731 4.4803 1.1654 1.0772 8.29 5.45404328384 1.2463
2016-10-19 09:54:18.826000 5126.847 3.446 50.006 34.302 52.299 4.436 6.2874 49.9758 27.9226 5.1328 26.5814 6.2166 4.4424 1.1556 1.0734 8.265 5.1270437863 1.232
2016-10-19 09:55:22.046000 5190.067 3.45 49.986 33.662 52.28 4.506 6.1189 49.7289 27.9134 5.0859 26.5841 6.168 4.4134 1.1469 1.0702 8.245 5.23749452273 1.2204
2016-10-19 09:56:25.296000 5253.317 3.448 49.964 33.624 52.26 4.496 5.9933 49.9013 27.9056 5.0522 26.5898 6.1268 4.396 1.1409 1.0681 8.23 4.78589883247 1.2117
2016-10-19 09:57:28.646000 5316.667 3.441 49.945 33.635 52.241 4.235 5.8896 50.2883 27.902 5.0361 26.5972 6.0936 4.3843 1.1342 1.0658 8.22 4.81804191078 1.2026
2016-10-19 09:58:31.986000 5380.007 3.656 49.922 33.662 52.221 4.478 5.808 50.6778 27.9007 5.0299 26.6034 6.0666 4.3771 1.128 1.0633 8.213 4.4169829975 1.1938
2016-10-19 09:59:35.356000 5443.377 3.657 49.903 33.67 52.204 4.47 5.7346 50.6634 27.8968 5.0228 26.6109 6.0437 4.368 1.1212 1.0603 8.207 4.43115128278 1.1842
2016-10-19 10:00:38.776000 5506.797 3.655 49.886 33.735 52.19 4.461 5.6703 50.4353 27.8954 5.0076 26.6176 6.0223 4.3576 1.1156 1.058 8.2 4.18317704722 1.1759
2016-10-19 10:01:42.226000 5570.247 3.651 49.872 33.784 52.174 4.433 5.6162 50.1896 27.8888 4.9905 26.6228 6.0029 4.3483 1.1107 1.0559 8.194 3.94915824887 1.1688
2016-10-19 10:02:45.726000 5633.747 3.641 49.855 33.839 52.158 4.445 5.5691 49.9304 27.8916 4.9736 26.6304 5.9839 4.3401 1.1063 1.0542 8.188 3.75881038366 1.1623
2016-10-19 10:03:49.267000 5697.288 3.65 49.84 33.741 52.145 4.439 5.5287 49.6836 27.8904 4.9579 26.6325 5.9667 4.3337 1.1024 1.0525 8.183 3.75881038366 1.1564
2016-10-19 10:04:52.807000 5760.828 3.651 49.827 33.742 52.13 4.437 5.4984 49.8607 27.8911 4.9495 26.6401 5.952 4.3317 1.1007 1.0518 8.179 3.68901691505 1.1531
2016-10-19 10:05:56.387000 5824.408 3.643 49.812 33.805 52.118 4.437 5.4743 50.2474 27.8908 4.9522 26.6442 5.9406 4.3321 1.098 1.051 8.178 3.49439814384 1.1491
2016-10-19 10:06:59.997000 5888.018 3.649 49.8 33.766 52.106 4.439 5.4537 50.6416 27.887 4.9607 26.6476 5.9319 4.3332 1.0956 1.0499 8.176 3.35117713331 1.1454
2016-10-19 10:08:03.667000 5951.688 3.454 49.789 33.764 52.095 4.437 5.4321 50.6171 27.8894 4.9658 26.6522 5.9239 4.3314 1.0921 1.0484 8.175 3.21794161234 1.1407
2016-10-19 10:09:07.357000 6015.378 3.448 49.778 33.493 52.084 4.434 5.4108 50.3964 27.8908 4.9598 26.6544 5.915 4.3276 1.0897 1.0474 8.173 3.15187884437 1.1375
2016-10-19 10:10:11.077000 6079.098 3.457 49.767 33.447 52.074 4.43 5.3919 50.1514 27.8901 4.95 26.6601 5.906 4.3226 1.0878 1.0467 8.17 3.06047683184 1.1348
2016-10-19 10:11:14.827000 6142.848 3.417 49.757 34.1 52.066 4.428 5.3807 49.8933 27.8911 17.003 26.6636 5.897 4.324 1.0864 1.046 8.167 2.96117411336 1.1327
2016-10-19 10:12:18.607000 6206.628 4.619 49.741 34.003 52.047 7.447 7.7847 27.4483 28.4904 19.6439 26.6706 6.6792 7.5422 0.9797 1.0142 9.659 2.91658505573 1.0343
2016-10-19 10:13:22.417000 6270.438 4.335 49.749 34.601 52.067 5.457 6.7839 12.7774 28.284 21.1801 26.6608 6.9471 6.0149 0.5525 0.9977 9.478 2.83208783981 0.6402
2016-10-19 10:14:26.257000 6334.278 3.777 49.833 34.401 52.137 4.99 5.973 6.3977 28.046 22.0113 26.5741 6.7952 4.9042 0.4249 1.0036 8.89 2.79657806377 0.5265
2016-10-19 10:15:30.158000 6398.179 3.628 49.857 33.55 52.152 4.148 5.5903 5.2476 27.9653 22.75 26.3811 6.5643 4.5159 0.4047 1.005 8.487 2.79657806377 0.5101
2016-10-19 10:16:34.158000 6462.179 3.424 49.842 33.739 52.14 4.472 5.3676 4.8924 27.9276 23.3862 26.1622 6.3643 4.3563 0.3981 1.005 8.298 2.71316316652 0.5037
2016-10-19 10:17:38.118000 6526.139 3.457 49.825 34.246 52.124 4.394 5.2254 4.7476 27.9066 23.8898 25.9911 6.2078 4.2777 0.395 1.0053 8.201 2.69672454628 0.5006
2016-10-19 10:18:42.108000 6590.129 3.609 49.808 33.777 52.111 4.351 5.1279 4.6702 27.8923 24.3613 25.9005 6.0911 4.2339 0.393 1.005 8.151 2.71872415967 0.4984
2016-10-19 10:19:46.148000 6654.169 3.418 49.797 33.442 52.099 4.327 5.0583 4.6234 27.8783 24.7339 30.9749 6.0057 4.2092 0.3916 1.0051 8.123 2.65532512859 0.4971
2016-10-19 10:20:50.208000 6718.229 3.381 49.782 34.124 52.088 4.312 5.0097 4.5933 27.8713 24.9959 33.0246 5.9406 4.1939 0.3906 1.0057 8.107 2.59851593565 0.4963
2016-10-19 10:21:54.338000 6782.359 3.483 49.77 33.967 52.078 4.304 4.9744 4.5715 27.8696 25.3235 29.8768 5.8931 4.184 0.3897 1.0062 8.098 2.61910063812 0.4952
2016-10-19 10:22:58.468000 6846.489 3.37 49.759 33.86 52.067 4.299 4.9473 4.5515 27.8618 25.5775 28.1595 5.8582 4.1776 0.3887 1.0058 8.093 2.58891045061 0.4941
2016-10-19 10:24:02.608000 6910.629 3.501 49.75 34.139 52.058 4.288 4.9244 4.5341 27.8604 25.77 27.3041 5.8322 4.1732 0.3878 1.0055 8.089 2.57930496556 0.493
2016-10-19 10:25:06.888000 6974.909 3.395 49.739 33.635 52.047 4.281 4.697 4.5034 27.843 25.9212 26.8273 5.8125 4.1557 0.3872 1.2042 8.083 2.57450222304 0.4923
2016-10-19 10:26:11.108000 7039.139 3.386 49.73 34.159 52.04 4.265 4.5537 4.4745 27.8371 26.0538 26.5682 5.7952 4.1364 0.3867 1.3237 8.073 2.56009399547 0.4917
2016-10-19 10:27:15.409000 7103.43 3.422 49.722 33.338 52.033 4.257 4.5019 4.4566 27.8355 26.1776 26.4203 5.7785 4.1265 0.3863 1.3886 8.066 2.59371319313 0.4913
2016-10-19 10:28:19.719000 7167.74 3.359 49.714 33.964 52.023 4.252 4.4859 4.4437 27.8349 26.2876 26.339 5.7637 4.121 0.3859 1.4275 8.062 2.564896738 0.4908
2016-10-19 10:29:24.189000 7232.21 3.493 49.706 33.391 52.019 4.251 4.4889 4.4346 27.836 26.3725 26.2931 5.7511 4.1181 0.3855 1.455 8.059 2.564896738 0.4904
2016-10-19 10:30:28.569000 7296.59 3.446 49.698 34.153 52.01 4.251 4.4995 4.4281 27.8387 26.4483 26.2706 5.7408 4.1188 0.3851 1.4738 8.057 2.53127754034 0.49
2016-10-19 10:31:32.999000 7361.02 3.391 49.691 33.466 52.003 4.251 4.5135 4.422 27.8393 26.5071 26.2602 5.7324 4.1185 0.3847 1.4866 8.056 2.60357585649 0.4896
2016-10-19 10:32:37.459000 7425.48 3.563 49.683 33.799 51.994 4.252 4.5271 4.4164 27.8402 26.5579 26.2587 5.7255 4.1196 0.3844 1.4956 8.056 2.54088302538 0.4893
2016-10-19 10:33:42.029000 7490.05 3.363 49.677 33.932 51.989 4.254 4.5415 4.4126 27.8418 26.6 26.2578 5.7198 4.1214 0.3841 1.5017 8.056 2.59371319313 0.489
2016-10-19 10:34:46.549000 7554.57 3.531 49.669 33.405 51.98 4.254 4.5521 4.4077 27.8436 26.6343 26.2657 5.7151 4.1222 0.3838 1.5061 8.056 2.54088302538 0.4887
2016-10-19 10:35:51.179000 7619.2 3.471 49.662 34.105 51.975 4.255 4.5629 4.4041 27.8433 26.6596 26.2708 5.7109 4.1238 0.3836 1.5093 8.056 2.56969948052 0.4885
2016-10-19 10:36:55.789000 7683.81 3.396 49.659 33.447 51.968 4.255 4.5703 4.3995 27.8446 26.6864 26.2809 5.7072 4.1233 0.3834 1.5115 8.055 2.51686931277 0.4883
2016-10-19 10:38:00.439000 7748.46 3.439 49.652 33.781 51.965 4.255 4.5773 4.3956 27.844 26.7017 26.2895 5.7037 4.124 0.3832 1.5132 8.055 2.53127754034 0.488
2016-10-19 10:39:05.130000 7813.151 3.526 49.649 34.016 51.959 4.256 4.5821 4.3916 27.8461 26.7244 26.2988 5.7006 4.124 0.383 1.5142 8.054 2.54088302538 0.4879
2016-10-19 10:40:09.860000 7877.881 3.377 49.645 33.588 51.957 4.255 4.5859 4.3874 27.8404 26.7381 26.3102 5.6974 4.1235 0.3829 1.5151 8.054 2.51686931277 0.4876
2016-10-19 10:41:14.610000 7942.631 3.409 49.64 33.394 51.953 4.255 4.5888 4.3837 27.8457 26.7506 26.3193 5.6946 4.1237 0.3827 1.5157 8.053 2.5456857679 0.4875
2016-10-19 10:42:19.400000 8007.421 3.558 49.637 33.822 51.948 4.255 4.5909 4.3787 27.8457 26.7625 26.329 5.6918 4.1233 0.3826 1.5163 8.052 2.55048851043 0.4874
2016-10-19 10:43:24.270000 8072.291 3.516 49.633 34.045 51.945 4.254 4.5927 4.3743 27.843 26.7662 26.3396 5.6892 4.1225 0.3824 1.5168 8.052 2.52647479781 0.4871
2016-10-19 10:44:29.200000 8137.221 3.433 49.63 34.129 51.944 4.254 4.5938 4.3711 27.8457 26.7777 26.35 5.6865 4.1224 0.3823 1.5172 8.051 2.48005631092 0.487
2016-10-19 10:45:34.110000 8202.131 3.38 49.628 34.059 51.941 4.254 4.5945 4.3671 27.8402 26.782 26.3616 5.6842 4.1215 0.3821 1.5175 8.05 2.57450222304 0.4869
2016-10-19 10:46:39.070000 8267.091 3.364 49.625 33.894 51.938 4.255 4.5959 4.3646 27.844 26.7875 26.3701 5.6821 4.1225 0.382 1.5175 8.05 2.55048851043 0.4867
2016-10-19 10:47:44.060000 8332.081 3.369 49.621 33.693 51.935 4.254 4.595 4.3602 27.8451 26.7945 26.3798 5.68 4.1214 0.3819 1.5176 8.05 2.564896738 0.4866
2016-10-19 10:48:49.060000 8397.081 3.389 49.619 33.473 51.933 4.253 4.5951 4.3564 27.8408 26.7966 26.3911 5.678 4.1207 0.3818 1.5177 8.049 2.55529125295 0.4865
2016-10-19 10:49:54.100000 8462.121 3.418 49.62 33.311 51.93 4.253 4.5952 4.3534 27.8451 26.7951 26.3994 5.6759 4.1208 0.3818 1.5178 8.048 2.52167205529 0.4863
2016-10-19 10:50:59.231000 8527.252 3.47 49.617 33.322 51.93 4.252 4.5939 4.3498 27.8422 26.8024 26.4096 5.674 4.1197 0.3817 1.5177 8.048 2.56009399547 0.4863
2016-10-19 10:52:04.371000 8592.392 3.593 49.617 33.677 51.928 4.252 4.5929 4.3454 27.844 26.8042 26.4206 5.672 4.1189 0.3816 1.5176 8.047 2.55048851043 0.4862
2016-10-19 10:53:09.541000 8657.562 3.493 49.614 33.954 51.927 4.251 4.5925 4.343 27.8433 26.803 26.4285 5.6702 4.119 0.3815 1.5176 8.047 2.56969948052 0.4861
2016-10-19 10:54:14.741000 8722.762 3.586 49.614 33.448 51.924 4.252 4.5922 4.3413 27.8451 26.8069 26.4389 5.6687 4.1193 0.3815 1.5175 8.046 2.51206657025 0.486
2016-10-19 10:55:19.971000 8787.992 3.558 49.611 33.871 51.927 4.25 4.5898 4.3361 27.844 26.8076 26.4458 5.6671 4.1171 0.3814 1.5175 8.046 2.57930496556 0.4859
2016-10-19 10:56:25.241000 8853.262 3.58 49.614 33.489 51.925 4.251 4.5896 4.3334 27.8454 26.8087 26.4554 5.6653 4.1174 0.3813 1.5173 8.045 2.49783315117 0.4858
2016-10-19 10:57:30.581000 8918.602 3.562 49.608 33.843 51.922 4.251 4.5888 4.3314 27.8436 26.8042 26.4633 5.664 4.1174 0.3813 1.5171 8.045 2.58891045061 0.4857
2016-10-19 10:58:35.931000 8983.952 3.533 49.609 33.39 51.921 4.25 4.5878 4.3287 27.8454 26.8103 26.4684 5.6626 4.1169 0.3812 1.5171 8.045 2.59371319313 0.4857
2016-10-19 10:59:41.371000 9049.392 3.399 49.609 33.407 51.921 4.249 4.5857 4.3246 27.844 26.8115 26.4769 5.6611 4.1153 0.3812 1.5169 8.044 2.49783315117 0.4856
2016-10-19 11:00:46.761000 9114.782 3.36 49.61 33.888 51.922 4.248 4.5842 4.3218 27.8433 26.8113 26.4833 5.6596 4.115 0.3812 1.5171 8.043 2.52647479781 0.4856
2016-10-19 11:01:52.221000 9180.242 3.437 49.611 34.133 51.923 4.247 4.5834 4.3183 27.8402 26.8122 26.4934 5.6581 4.1142 0.3812 1.5174 8.043 2.52647479781 0.4855
2016-10-19 11:02:57.692000 9245.713 3.54 49.608 34.004 51.922 4.247 4.5827 4.3155 27.8398 26.8091 26.504 5.6566 4.1132 0.3812 1.5175 8.042 2.51686931277 0.4855
2016-10-19 11:04:03.202000 9311.223 3.573 49.607 34.076 51.92 4.247 4.583 4.3137 27.8425 26.8086 26.5101 5.6551 4.1134 0.3813 1.5177 8.042 2.57450222304 0.4855
2016-10-19 11:05:08.722000 9376.743 3.414 49.607 33.32 51.917 4.248 4.5829 4.3125 27.8457 26.8127 26.5204 5.6541 4.1144 0.3813 1.5178 8.042 2.50726382772 0.4855
2016-10-19 11:06:14.332000 9442.353 3.365 49.605 33.786 51.919 4.247 4.582 4.3092 27.8443 26.8139 26.5284 5.6531 4.1135 0.3812 1.5178 8.042 2.55529125295 0.4854
2016-10-19 11:07:19.952000 9507.973 3.391 49.605 34.099 51.917 4.247 4.5812 4.3073 27.8425 26.8133 26.5335 5.6521 4.1134 0.3813 1.5176 8.042 2.56969948052 0.4854
2016-10-19 11:08:25.642000 9573.663 3.511 49.605 33.996 51.917 4.247 4.5805 4.3041 27.844 26.8139 26.5403 5.6509 4.1126 0.3813 1.5176 8.041 2.52167205529 0.4854
2016-10-19 11:09:31.312000 9639.333 3.398 49.603 33.395 51.917 4.246 4.5799 4.3022 27.8425 26.8122 26.5454 5.6498 4.1124 0.3812 1.5177 8.041 2.50726382772 0.4853
2016-10-19 11:10:37.012000 9705.033 3.361 49.605 33.841 51.917 4.245 4.5789 4.2993 27.8387 26.8124 26.55 5.6486 4.1117 0.3813 1.5176 8.04 2.564896738 0.4853
2016-10-19 11:11:42.782000 9770.803 3.581 49.603 34.107 51.916 4.246 4.5785 4.2977 27.8398 26.8086 26.5598 5.6476 4.1117 0.3814 1.5176 8.04 2.51686931277 0.4853
2016-10-19 11:12:48.572000 9836.593 3.499 49.605 33.345 51.916 4.246 4.578 4.2955 27.8433 26.8094 26.5686 5.6465 4.1115 0.3814 1.5177 8.04 2.52167205529 0.4853
2016-10-19 11:13:54.402000 9902.423 3.37 49.602 34.01 51.916 4.246 4.5785 4.2938 27.8433 26.8103 26.577 5.6458 4.112 0.3814 1.5177 8.04 2.56969948052 0.4853
2016-10-19 11:15:00.453000 9968.474 3.596 49.601 33.588 51.913 4.247 4.5786 4.2925 27.8446 26.8106 26.5811 5.6451 4.1131 0.3816 1.5176 8.04 2.564896738 0.4853
2016-10-19 11:16:06.363000 10034.384 3.439 49.601 33.3 51.914 4.246 4.5777 4.2893 27.8433 26.8113 26.5866 5.6444 4.1118 0.3818 1.5177 8.04 2.53608028286 0.4855
2016-10-19 11:17:12.293000 10100.314 3.451 49.604 34.111 51.915 4.245 4.5768 4.2868 27.8451 26.8091 26.5969 5.6434 4.1107 0.3818 1.5177 8.04 2.54088302538 0.4855
2016-10-19 11:18:18.253000 10166.284 3.442 49.602 33.294 51.915 4.244 4.5758 4.2838 27.8436 26.8087 26.6002 5.6423 4.1104 0.3819 1.5175 8.039 2.54088302538 0.4855
2016-10-19 11:19:24.273000 10232.294 3.466 49.604 34.097 51.917 4.244 4.5752 4.282 27.8422 26.8094 26.6078 5.6414 4.1098 0.3819 1.5176 8.039 2.53608028286 0.4855
2016-10-19 11:20:30.313000 10298.334 3.432 49.602 33.305 51.917 4.244 4.5749 4.2795 27.8443 26.8096 26.6158 5.6405 4.1097 0.382 1.5178 8.039 2.53127754034 0.4856
2016-10-19 11:21:36.453000 10364.474 3.59 49.605 33.615 51.92 4.242 4.5734 4.2763 27.844 26.8091 26.6185 5.6395 4.1077 0.3821 1.5178 8.038 2.49783315117 0.4855
2016-10-19 11:22:42.573000 10430.594 3.359 49.605 33.864 51.92 4.242 4.573 4.2741 27.843 26.8096 26.6206 5.6383 4.1078 0.3821 1.5179 8.038 2.49783315117 0.4856
2016-10-19 11:23:48.743000 10496.764 3.589 49.607 33.67 51.921 4.242 4.5722 4.272 27.8381 26.81 26.6304 5.6374 4.1074 0.3822 1.5177 8.038 2.53608028286 0.4855
2016-10-19 11:24:54.983000 10563.004 3.441 49.607 33.62 51.922 4.242 4.5718 4.2704 27.8393 26.8157 26.6368 5.6365 4.1073 0.3822 1.5174 8.037 2.52647479781 0.4855
2016-10-19 11:26:01.193000 10629.214 3.432 49.607 33.298 51.922 4.242 4.571 4.2682 27.8383 26.8142 26.641 5.6357 4.1072 0.3822 1.5177 8.037 2.57450222304 0.4855
2016-10-19 11:27:07.454000 10695.475 3.433 49.608 34.134 51.922 4.241 4.5703 4.2657 27.843 26.8137 26.6416 5.6347 4.1062 0.3823 1.5179 8.037 2.5024610852 0.4855
2016-10-19 11:28:13.834000 10761.855 3.358 49.608 33.87 51.922 4.241 4.5702 4.2637 27.8425 26.8139 26.6438 5.634 4.1065 0.3824 1.518 8.037 2.564896738 0.4856
2016-10-19 11:29:20.204000 10828.225 3.402 49.61 33.359 51.924 4.241 4.5699 4.2625 27.844 26.8139 26.6502 5.6332 4.1065 0.3824 1.5181 8.037 2.5024610852 0.4856
2016-10-19 11:30:26.594000 10894.615 3.571 49.607 33.499 51.923 4.241 4.5703 4.2609 27.8451 26.8146 26.6557 5.6325 4.1065 0.3825 1.5182 8.037 2.54088302538 0.4856
2016-10-19 11:31:33.074000 10961.095 3.501 49.611 33.823 51.925 4.241 4.5702 4.2581 27.8451 26.8133 26.6605 5.6317 4.1062 0.3826 1.5182 8.037 2.55048851043 0.4856
2016-10-19 11:32:39.584000 11027.605 3.364 49.614 33.373 51.926 4.241 4.5697 4.2566 27.8436 26.8096 26.6671 5.6309 4.1056 0.3826 1.5182 8.037 2.5456857679 0.4856
2016-10-19 11:33:46.154000 11094.175 3.373 49.612 33.594 51.927 4.241 4.5699 4.2551 27.8391 26.8147 26.6714 5.6303 4.1065 0.3827 1.5181 8.037 2.54088302538 0.4856
2016-10-19 11:34:52.704000 11160.725 3.438 49.611 33.291 51.925 4.242 4.5695 4.2533 27.8425 26.8147 26.6763 5.6298 4.1066 0.3827 1.5181 8.037 2.56009399547 0.4856
2016-10-19 11:35:59.324000 11227.345 3.593 49.614 33.622 51.928 4.241 4.5691 4.2516 27.843 26.8137 26.6742 5.6291 4.106 0.3826 1.5181 8.037 2.51686931277 0.4855
2016-10-19 11:37:05.924000 11293.945 3.508 49.615 34.041 51.93 4.241 4.5688 4.2497 27.8451 26.8132 26.6776 5.6283 4.1061 0.3827 1.518 8.037 2.53608028286 0.4855
2016-10-19 11:38:12.714000 11360.735 3.546 49.614 33.854 51.93 4.241 4.5687 4.2477 27.8436 26.81 26.6809 5.6276 4.1058 0.3827 1.5181 8.037 2.5024610852 0.4855
2016-10-19 11:39:19.415000 11427.436 3.42 49.615 34.135 51.933 4.24 4.5682 4.2455 27.8433 26.8124 26.6827 5.627 4.1048 0.3827 1.5181 8.037 2.55048851043 0.4854
2016-10-19 11:40:26.175000 11494.196 3.489 49.618 34.095 51.93 4.24 4.568 4.2438 27.8433 26.8137 26.6851 5.6263 4.1047 0.3827 1.5183 8.037 2.51206657025 0.4854
2016-10-19 11:41:32.905000 11560.926 3.358 49.619 33.865 51.93 4.24 4.5675 4.2419 27.844 26.8124 26.6887 5.6255 4.1042 0.3826 1.5182 8.036 2.53608028286 0.4853
2016-10-19 11:42:39.765000 11627.786 3.376 49.617 34.062 51.933 4.24 4.5676 4.2401 27.8436 26.8086 26.693 5.6247 4.104 0.3827 1.5182 8.036 2.49338894111 0.4853
2016-10-19 11:43:46.615000 11694.636 3.374 49.62 33.58 51.932 4.24 4.5676 4.2382 27.8433 26.8142 26.6924 5.6241 4.1042 0.3828 1.5184 8.036 2.55529125295 0.4854
2016-10-19 11:44:53.515000 11761.546 3.358 49.618 33.902 51.933 4.239 4.5669 4.2358 27.8443 26.8137 26.6937 5.6235 4.1034 0.3833 1.5182 8.036 2.51686931277 0.4858
2016-10-19 11:46:00.475000 11828.496 3.382 49.618 34.106 51.934 4.238 4.5665 4.232 27.844 26.8086 26.7019 5.6227 4.103 0.3864 1.5182 8.036 2.5024610852 0.488
2016-10-19 11:47:07.455000 11895.476 3.477 49.621 34.127 51.936 4.235 4.5626 4.1471 27.8425 26.8086 26.7592 5.6216 4.0978 0.5303 1.5202 8.035 2.55048851043 0.5913
2016-10-19 11:48:14.495000 11962.516 3.518 49.623 33.992 51.936 4.223 4.5577 3.9976 27.8404 26.8015 27.616 5.6179 4.0844 0.8051 1.5277 8.03 2.51206657025 0.8409
2016-10-19 11:49:21.505000 12029.526 3.55 49.623 33.828 51.935 4.209 4.5579 3.7912 27.8366 26.7883 28.6613 5.6124 4.0664 1.357 1.5444 8.023 2.58410770809 1.3918
2016-10-19 11:50:28.526000 12096.547 3.577 49.623 33.596 51.939 4.203 4.5733 3.7251 27.833 26.7844 29.1958 5.6074 4.0596 1.7288 1.5577 8.018 2.54088302538 1.7696
2016-10-19 11:51:35.616000 12163.637 3.576 49.623 33.58 51.934 4.202 4.5944 3.6985 27.8377 26.7893 29.3437 5.6034 4.0577 2.0201 1.5666 8.016 2.62427556533 2.0674
2016-10-19 11:52:42.756000 12230.777 3.352 49.623 33.373 51.937 4.201 4.6164 3.6852 27.8391 26.7902 29.3504 5.6005 4.0574 2.2624 1.572 8.015 2.62945049254 2.3175
2016-10-19 11:53:49.946000 12297.967 3.347 49.621 33.89 51.935 4.202 4.6356 3.678 27.8355 26.7911 29.2812 5.5984 4.0585 2.4749 1.5756 8.015 2.73540713912 2.5324
2016-10-19 11:54:57.196000 12365.217 3.346 49.623 33.967 51.938 4.202 4.6522 3.6737 27.8408 26.7936 29.1797 5.597 4.0592 2.6616 1.5777 8.015 2.71872415967 2.7289
2016-10-19 11:56:04.396000 12432.417 3.553 49.622 33.802 51.938 4.203 4.6658 3.6699 27.8404 26.7896 29.0592 5.596 4.0601 2.8324 1.579 8.015 2.82612871203 2.9045
2016-10-19 11:57:11.666000 12499.687 3.576 49.621 33.562 51.937 4.205 4.6775 3.6689 27.8402 26.7945 28.9083 5.5953 4.0615 2.9881 1.58 8.016 2.86188347872 3.0665
2016-10-19 11:58:18.996000 12567.017 3.367 49.62 33.53 51.936 4.205 4.6877 3.6679 27.8398 26.7905 28.7305 5.5948 4.0619 3.1314 1.5807 8.016 2.92932478648 3.2151
2016-10-19 11:59:26.326000 12634.347 3.481 49.621 33.795 51.938 4.206 4.6951 3.6663 27.8393 26.7948 28.5512 5.5943 4.0632 3.2645 1.5811 8.017 3.1013041957 3.3547
2016-10-19 12:00:33.726000 12701.747 3.521 49.62 33.953 51.933 4.206 4.7017 3.666 27.8414 26.7978 28.3777 5.5938 4.0639 3.3905 1.5812 8.017 3.06726835257 3.4846
2016-10-19 12:01:41.166000 12769.187 3.405 49.62 33.31 51.935 4.208 4.7068 3.6654 27.8414 26.7978 28.211 5.5935 4.0649 3.5073 1.5815 8.018 3.21027290042 3.6049
2016-10-19 12:02:48.757000 12836.778 3.36 49.617 34.037 51.933 4.208 4.7112 3.665 27.8398 26.7981 28.049 5.5932 4.0658 3.6164 1.5817 8.018 3.15187884437 3.7204
2016-10-19 12:03:56.227000 12904.248 3.577 49.62 33.67 51.935 4.208 4.7139 3.663 27.8411 26.7975 27.9394 5.5929 4.0652 3.72 1.5818 8.018 3.33492935819 3.8292
2016-10-19 12:05:03.727000 12971.748 3.372 49.62 33.543 51.935 4.207 4.7164 3.6627 27.8398 26.7981 27.8455 5.5922 4.0648 3.8187 1.5819 8.018 3.27162259574 3.9304
2016-10-19 12:06:11.337000 13039.358 3.47 49.62 34.076 51.934 4.208 4.7185 3.6619 27.8404 26.7978 27.7654 5.5916 4.0657 3.9111 1.582 8.018 3.41709449132 4.0296
2016-10-19 12:07:18.907000 13106.928 3.5 49.618 33.359 51.933 4.209 4.7209 3.6623 27.8414 26.8003 27.6873 5.5911 4.0661 4.0011 1.5821 8.018 3.39992045869 4.1202
2016-10-19 12:08:26.577000 13174.598 3.513 49.618 33.995 51.933 4.208 4.7216 3.6613 27.8398 26.7988 27.6093 5.5906 4.0661 4.0833 1.5822 8.018 3.53941786573 4.2116
2016-10-19 12:09:34.227000 13242.248 3.436 49.62 33.365 51.937 4.209 4.7236 3.6612 27.8393 26.7966 27.5444 5.5901 4.066 4.1646 1.5825 8.018 3.58474858394 4.2967
2016-10-19 12:10:41.957000 13309.978 3.549 49.62 34.069 51.933 4.208 4.7239 3.6603 27.8414 26.7994 27.4801 5.5896 4.0659 4.2438 1.5825 8.018 3.46863025966 4.3751
2016-10-19 12:11:49.667000 13377.688 3.383 49.617 33.458 51.93 4.209 4.7256 3.6608 27.8362 26.7988 27.4192 5.589 4.0668 4.3169 1.5826 8.018 3.5756824403 4.4553
2016-10-19 12:12:57.437000 13445.458 3.423 49.617 34.117 51.927 4.209 4.7264 3.6608 27.8404 26.8015 27.3618 5.5887 4.067 4.3852 1.5826 8.018 3.56661629665 4.5303
2016-10-19 12:14:05.278000 13513.299 3.369 49.615 33.584 51.928 4.21 4.7274 3.6602 27.8391 26.7999 27.3094 5.5882 4.0675 4.4564 1.5826 8.019 3.66035651784 4.6016
2016-10-19 12:15:13.188000 13581.219 3.539 49.614 33.42 51.927 4.21 4.7289 3.6608 27.8411 26.7962 27.2594 5.5879 4.0677 4.523 1.5828 8.019 3.69857038079 4.6706
2016-10-19 12:16:21.088000 13649.109 3.5 49.613 34.044 51.927 4.209 4.7287 3.6596 27.8404 26.8026 27.2142 5.5874 4.0675 4.586 1.5832 8.019 3.60303572341 4.7389
2016-10-19 12:17:28.988000 13717.009 3.349 49.614 33.286 51.929 4.209 4.7295 3.659 27.836 26.799 27.1743 5.5869 4.0669 4.645 1.5835 8.019 3.7186006022 4.8049
2016-10-19 12:18:37.128000 13785.149 3.467 49.612 33.298 51.927 4.21 4.7313 3.6594 27.8398 26.7969 27.1316 5.5863 4.0676 4.7068 1.5839 8.019 3.67946344932 4.8653
2016-10-19 12:19:45.088000 13853.109 3.537 49.612 33.895 51.927 4.21 4.7315 3.6588 27.8404 26.8008 27.097 5.5848 4.0675 4.7646 1.5839 8.019 3.85178197751 4.9263
2016-10-19 12:20:53.098000 13921.119 3.354 49.612 33.979 51.927 4.21 4.7325 3.6585 27.8351 26.8012 27.0638 5.5853 4.0675 4.8195 1.5839 8.019 3.73870549293 4.9869
2016-10-19 12:22:01.128000 13989.149 3.412 49.612 33.29 51.927 4.21 4.7337 3.6586 27.8411 26.7962 27.0345 5.5847 4.0676 4.8712 1.5842 8.019 3.7789152744 5.0432
2016-10-19 12:23:09.218000 14057.239 3.562 49.611 33.777 51.927 4.21 4.7342 3.6584 27.8408 26.8021 27.0073 5.5843 4.0675 4.923 1.5847 8.019 3.96024267244 5.0977
2016-10-19 12:24:17.408000 14125.429 3.372 49.614 34.06 51.925 4.21 4.7354 3.6581 27.8404 26.8021 26.9829 5.5837 4.0683 4.9756 1.5849 8.019 3.82009507195 5.1507
2016-10-19 12:25:25.578000 14193.599 3.363 49.612 33.42 51.924 4.21 4.7365 3.6582 27.8404 26.7972 26.9634 5.5833 4.0684 5.0245 1.5851 8.019 3.99349594313 5.2014
2016-10-19 12:26:33.849000 14261.87 3.409 49.611 33.302 51.924 4.21 4.7377 3.6584 27.8408 26.8021 26.9448 5.5829 4.0687 5.0717 1.5854 8.019 3.87290658122 5.255
2016-10-19 12:27:42.109000 14330.13 3.419 49.611 33.745 51.925 4.21 4.7376 3.6571 27.8404 26.8021 26.9293 5.5824 4.0676 5.117 1.5858 8.019 4.0405641617 5.3033
2016-10-19 12:28:50.409000 14398.43 3.559 49.61 33.788 51.925 4.211 4.7394 3.6577 27.8402 26.8024 26.9132 5.5819 4.0685 5.1609 1.586 8.019 3.971327096 5.3507
2016-10-19 12:29:58.719000 14466.74 3.547 49.61 33.855 51.924 4.211 4.7405 3.6576 27.8345 26.7994 26.9003 5.5816 4.0681 5.2045 1.5864 8.019 4.07621738308 5.3977
2016-10-19 12:31:07.099000 14535.12 3.359 49.612 34.015 51.925 4.211 4.742 3.6578 27.8404 26.8018 26.8864 5.581 4.0687 5.2488 1.5866 8.019 3.94915824887 5.4415
2016-10-19 12:32:15.529000 14603.55 3.35 49.611 33.878 51.923 4.211 4.7428 3.6583 27.8411 26.7999 26.8729 5.5807 4.0687 5.2901 1.5869 8.019 4.15940823297 5.4858
2016-10-19 12:33:23.979000 14672.0 3.349 49.612 33.888 51.924 4.21 4.7429 3.6567 27.8404 26.8005 26.857 5.5802 4.0678 5.3301 1.5871 8.019 4.02867975457 5.5303
2016-10-19 12:34:32.409000 14740.43 3.349 49.614 33.816 51.929 4.209 4.7434 3.6557 27.8404 26.8003 26.8553 5.5793 4.0672 5.3702 1.5872 8.018 4.20759729212 5.5723
2016-10-19 12:35:41.139000 14809.16 3.349 49.614 33.82 51.927 4.21 4.7444 3.6554 27.8345 26.7981 26.8477 5.5788 4.0674 5.4068 1.5875 8.018 4.11187060446 5.613
2016-10-19 12:36:49.709000 14877.73 3.368 49.614 33.535 51.927 4.21 4.7453 3.656 27.836 26.7959 26.8373 5.5783 4.0677 5.4429 1.5877 8.018 4.06433297595 5.6538
2016-10-19 12:37:58.310000 14946.331 3.397 49.613 33.519 51.926 4.21 4.7465 3.6562 27.8404 26.7957 26.8303 5.577 4.0676 5.4799 1.5877 8.018 4.20759729212 5.6923
2016-10-19 12:39:06.940000 15014.961 3.398 49.612 34.118 51.925 4.21 4.7471 3.6566 27.8414 26.7999 26.8248 5.5775 4.0678 5.5162 1.588 8.018 4.18317704722 5.7271
2016-10-19 12:40:15.700000 15083.721 3.397 49.612 34.122 51.929 4.21 4.7473 3.6563 27.8408 26.7996 26.8157 5.577 4.0673 5.5517 1.5882 8.018 3.88346888307 5.767
2016-10-19 12:41:24.340000 15152.361 3.56 49.615 34.183 51.929 4.209 4.7477 3.6553 27.8404 26.8015 26.806 5.5765 4.0667 5.5871 1.5884 8.018 4.29859035196 5.8048
2016-10-19 12:42:33.060000 15221.081 3.561 49.614 33.769 51.928 4.21 4.7482 3.6553 27.8404 26.8012 26.8011 5.5759 4.0671 5.6191 1.5885 8.018 4.18317704722 5.84
2016-10-19 12:43:41.800000 15289.831 3.413 49.615 33.716 51.929 4.21 4.7492 3.6565 27.8398 26.8008 26.7936 5.5756 4.0683 5.6522 1.5885 8.018 4.31158936051 5.8753
2016-10-19 12:44:50.600000 15358.621 3.412 49.616 33.323 51.928 4.21 4.7497 3.6561 27.8404 26.8003 26.7905 5.5754 4.0682 5.6831 1.5885 8.019 4.13563941871 5.9086
2016-10-19 12:45:59.420000 15427.441 3.352 49.615 33.919 51.927 4.211 4.7504 3.6562 27.8404 26.7999 26.7846 5.575 4.0689 5.7127 1.5889 8.019 4.32458836906 5.9424
2016-10-19 12:47:08.250000 15496.271 3.351 49.616 33.874 51.928 4.211 4.7511 3.6566 27.8402 26.8021 26.7846 5.5747 4.0691 5.7419 1.5889 8.019 4.18317704722 5.9747
2016-10-19 12:48:17.180000 15565.201 3.515 49.614 33.99 51.929 4.211 4.7513 3.6564 27.8349 26.8012 26.7832 5.5744 4.0684 5.7725 1.5891 8.019 4.31158936051 6.0057
2016-10-19 12:49:26.130000 15634.151 3.529 49.615 33.371 51.929 4.211 4.7514 3.6565 27.836 26.7999 26.7814 5.574 4.0686 5.8022 1.589 8.019 4.24659431777 6.0351
2016-10-19 12:50:35.081000 15703.102 3.36 49.617 33.63 51.929 4.21 4.7514 3.6553 27.8355 26.8003 26.7786 5.5735 4.0681 5.8313 1.5889 8.019 4.37658440325 6.0651
2016-10-19 12:51:44.271000 15772.292 3.428 49.617 34.122 51.93 4.21 4.7516 3.6554 27.8362 26.8015 26.7759 5.573 4.0679 5.8605 1.5891 8.019 4.29859035196 6.095
2016-10-19 12:52:53.361000 15841.382 3.39 49.616 33.642 51.929 4.211 4.7525 3.6564 27.8411 26.7999 26.7746 5.5727 4.0694 5.8877 1.5896 8.019 4.43115128278 6.1273
2016-10-19 12:54:02.411000 15910.432 3.363 49.62 34.049 51.93 4.21 4.7526 3.6548 27.8391 26.7988 26.7717 5.5722 4.0682 5.9145 1.5899 8.019 4.28559134341 6.1543
2016-10-19 12:55:11.541000 15979.562 3.532 49.619 33.857 51.933 4.211 4.7536 3.6554 27.8383 26.7988 26.7717 5.5716 4.0682 5.9405 1.5899 8.019 4.3375873776 6.1838
2016-10-19 12:56:20.691000 16048.712 3.453 49.618 33.319 51.934 4.21 4.754 3.6554 27.8398 26.7999 26.7679 5.5711 4.0682 5.9657 1.5904 8.019 4.32458836906 6.2101
2016-10-19 12:57:29.911000 16117.932 3.481 49.619 34.057 51.933 4.211 4.7547 3.6559 27.8408 26.7999 26.7634 5.5708 4.0687 5.9901 1.5903 8.019 4.44531956806 6.2367
2016-10-19 12:58:39.161000 16187.182 3.55 49.621 33.455 51.936 4.211 4.7554 3.6561 27.8408 26.8005 26.761 5.5705 4.0688 6.0131 1.5905 8.019 4.32458836906 6.2633
2016-10-19 12:59:48.381000 16256.412 3.411 49.623 33.565 51.934 4.211 4.7564 3.6568 27.8408 26.8003 26.7621 5.5702 4.0693 6.0375 1.591 8.02 4.44531956806 6.2882
2016-10-19 13:00:57.681000 16325.702 3.576 49.623 33.69 51.934 4.211 4.757 3.6562 27.8408 26.7999 26.7628 5.5699 4.0689 6.0599 1.5911 8.02 4.32458836906 6.3123
2016-10-19 13:02:07.022000 16395.043 3.35 49.623 33.928 51.94 4.211 4.758 3.6565 27.8422 26.8008 26.7603 5.5694 4.069 6.0857 1.5914 8.02 4.35058638615 6.3378
2016-10-19 13:03:16.442000 16464.463 3.556 49.623 34.041 51.936 4.212 4.7588 3.6565 27.8402 26.7981 26.7621 5.569 4.0695 6.1083 1.5915 8.02 4.4878244239 6.3601
2016-10-19 13:04:26.042000 16534.063 3.425 49.625 34.202 51.94 4.211 4.759 3.6558 27.8362 26.8003 26.7621 5.5686 4.0687 6.1295 1.5917 8.02 4.3635853947 6.3852
2016-10-19 13:05:35.512000 16603.533 3.389 49.625 33.381 51.941 4.21 4.7587 3.6544 27.8387 26.7996 26.7638 5.5678 4.0677 6.1518 1.5918 8.019 4.54449756502 6.4097
2016-10-19 13:06:44.982000 16673.003 3.55 49.628 33.834 51.943 4.21 4.7593 3.6548 27.8408 26.7996 26.7628 5.5672 4.0678 6.1734 1.5919 8.019 4.54449756502 6.4325
2016-10-19 13:07:54.472000 16742.493 3.349 49.628 33.878 51.942 4.211 4.7602 3.6563 27.8398 26.8008 26.7638 5.5668 4.0688 6.1954 1.592 8.02 4.37658440325 6.456
2016-10-19 13:09:04.022000 16812.043 3.528 49.627 33.424 51.943 4.21 4.7605 3.6548 27.8411 26.8005 26.7603 5.5663 4.0678 6.2156 1.5922 8.019 4.51616099446 6.4786
2016-10-19 13:10:13.622000 16881.643 3.408 49.63 34.203 51.945 4.211 4.7617 3.6561 27.8402 26.7951 26.7555 5.566 4.069 6.2367 1.5924 8.02 4.4169829975 6.5021
2016-10-19 13:11:23.262000 16951.283 3.389 49.63 33.39 51.944 4.211 4.7618 3.655 27.8351 26.8018 26.7619 5.5655 4.0688 6.2548 1.5924 8.02 4.57283413558 6.5217
2016-10-19 13:12:32.992000 17021.013 3.421 49.63 33.298 51.944 4.211 4.7619 3.6558 27.8408 26.8033 26.7601 5.5651 4.0688 6.2737 1.5921 8.02 4.50199270918 6.543
2016-10-19 13:13:42.743000 17090.764 3.507 49.63 34.027 51.945 4.212 4.7623 3.6565 27.8411 26.8015 26.7592 5.5647 4.0692 6.2933 1.5921 8.02 4.47365613862 6.5641
2016-10-19 13:14:52.553000 17160.584 3.395 49.632 34.115 51.945 4.211 4.7631 3.6563 27.8408 26.7969 26.7616 5.5645 4.0694 6.312 1.5924 8.021 4.50199270918 6.5839
2016-10-19 13:16:02.363000 17230.384 3.426 49.631 33.297 51.946 4.212 4.7629 3.6559 27.8366 26.8021 26.7625 5.5641 4.0697 6.3307 1.5925 8.021 4.53032927974 6.603
2016-10-19 13:17:12.353000 17300.374 3.533 49.63 33.422 51.946 4.211 4.7631 3.656 27.8402 26.8018 26.7579 5.5637 4.0692 6.348 1.5929 8.021 4.64742817827 6.6255
2016-10-19 13:18:22.203000 17370.224 3.583 49.63 33.634 51.946 4.213 4.7648 3.6569 27.8414 26.8018 26.7546 5.5634 4.0705 6.3655 1.5932 8.021 4.47365613862 6.6448
2016-10-19 13:19:32.083000 17440.104 3.554 49.628 33.821 51.943 4.213 4.7654 3.6576 27.8362 26.8015 26.7536 5.5632 4.0705 6.3836 1.5932 8.021 4.54449756502 6.6673
2016-10-19 13:20:42.013000 17510.044 3.506 49.63 34.095 51.946 4.213 4.7655 3.6572 27.8404 26.8026 26.756 5.5628 4.0705 6.4011 1.5932 8.021 4.66281380651 6.684
2016-10-19 13:21:51.993000 17580.014 3.455 49.629 34.123 51.944 4.213 4.7667 3.6583 27.8411 26.8018 26.7551 5.5625 4.0708 6.4185 1.5935 8.022 4.4878244239 6.7057
2016-10-19 13:23:02.063000 17650.084 3.374 49.631 34.087 51.945 4.212 4.7666 3.6567 27.8381 26.8024 26.7575 5.5621 4.0701 6.4366 1.5937 8.021 4.66281380651 6.7244
2016-10-19 13:24:12.063000 17720.084 3.35 49.628 33.9 51.946 4.212 4.7667 3.657 27.8411 26.803 26.7584 5.5616 4.0703 6.4525 1.5937 8.021 4.54449756502 6.7415
2016-10-19 13:25:22.153000 17790.174 3.361 49.629 33.633 51.946 4.212 4.7679 3.6572 27.8422 26.8021 26.757 5.5611 4.0706 6.4688 1.5938 8.021 4.693585063 6.7607
2016-10-19 13:26:32.274000 17860.295 3.387 49.63 33.455 51.945 4.212 4.7677 3.6567 27.8371 26.8026 26.7533 5.5608 4.0702 6.4852 1.5939 8.021 4.693585063 6.7774
2016-10-19 13:27:42.454000 17930.475 3.35 49.631 33.298 51.947 4.212 4.7679 3.6567 27.8425 26.8024 26.7539 5.5602 4.0701 6.5025 1.594 8.021 4.60127129354 6.7946
2016-10-19 13:28:52.634000 18000.655 3.369 49.632 33.536 51.948 4.212 4.7682 3.6562 27.8418 26.7981 26.7551 5.5597 4.0702 6.5164 1.594 8.021 4.51616099446 6.8118
2016-10-19 13:30:03.074000 18071.095 3.351 49.632 33.952 51.947 4.212 4.7679 3.6563 27.8418 26.8021 26.753 5.5592 4.0697 6.5315 1.594 8.021 4.67819943476 6.8287
2016-10-19 13:31:13.314000 18141.335 3.36 49.632 33.697 51.949 4.21 4.7679 3.6533 23.9519 23.5472 26.7539 5.5585 4.0678 6.545 1.5942 8.021 4.53032927974 6.8437
2016-10-19 13:32:23.574000 18211.595 3.374 49.634 34.088 51.948 4.209 4.7692 3.6498 20.9098 21.2072 26.7566 5.5574 4.066 6.5617 1.5942 8.02 4.58700242086 6.8622
2016-10-19 13:33:33.904000 18281.925 3.351 49.635 34.064 51.951 4.207 4.7852 3.6476 17.8501 19.1075 26.7512 5.5561 4.0636 6.5741 1.5945 8.019 4.54449756502 6.8759
2016-10-19 13:34:44.274000 18352.295 3.458 49.631 34.165 51.947 4.197 4.9985 3.6297 14.588 16.8899 26.7548 5.5536 4.0506 6.5895 1.595 8.016 4.693585063 6.8903
2016-10-19 13:35:54.674000 18422.695 3.508 49.633 33.967 51.949 4.138 5.8618 3.5517 11.6334 14.5095 26.7536 5.5409 3.9862 6.6042 1.5965 7.996 4.81804191078 6.908
2016-10-19 13:37:05.094000 18493.115 3.533 49.631 33.42 51.944 4.113 6.384 3.5277 9.1364 12.2795 26.7512 5.5207 3.9598 6.6182 1.6003 7.978 4.57283413558 6.9232
2016-10-19 13:38:15.545000 18563.566 3.375 49.629 33.707 51.944 4.108 6.7141 3.5394 6.9572 10.3206 26.7509 5.5071 3.954 6.6342 2.6934 7.97 4.5586658503 6.9391
2016-10-19 13:39:26.085000 18634.106 3.327 49.628 33.799 51.944 4.106 6.9212 3.5596 5.3518 8.4831 26.7557 5.5034 3.9522 6.6533 3.4154 7.967 4.63204255003 6.9599
2016-10-19 13:40:36.625000 18704.646 3.38 49.627 34.114 51.942 4.106 7.1142 3.58 4.4044 6.9895 26.7717 5.5035 3.9514 6.6746 3.9672 7.966 4.693585063 6.9836
2016-10-19 13:41:47.215000 18775.236 3.495 49.625 33.908 51.941 4.106 7.3056 3.5967 4.0148 6.0032 26.7936 5.5051 3.9521 6.6998 4.414 7.966 4.67819943476 7.0102
