#Human readable time. Time (s) since start. Lakeshore temperature sensor 218 T1,3,5,6,8 and 224 C2,C3,C4,C5,D2,D3,D5,A,B
2016-08-10 06:48:03.124000 0.0 3.499 48.831 33.83 51.01 4.148 4.9496 3.6261 3.886 4.4288 12.2443 7.0418 3.9815 14.2287 14.7976 7.581 -1 15.532
2016-08-10 06:49:03.909000 60.785 3.518 48.831 33.319 51.014 4.146 4.9499 3.626 3.8855 4.4286 12.2448 7.0402 3.9797 14.2372 14.7937 7.58 9.3807333784 15.5436
2016-08-10 06:50:04.306000 121.182 3.364 48.836 33.206 51.011 4.126 4.9503 3.6257 3.8849 4.4277 12.2445 7.0384 3.9793 14.2431 14.7994 7.58 9.43731274169 15.5431
2016-08-10 06:51:04.697000 181.573 3.349 48.832 33.502 51.015 4.254 17.3914 3.6567 4.1104 4.6125 23.7324 7.0645 4.1389 14.2415 14.8127 7.602 8.63178418265 15.5549
2016-08-10 06:52:05.130000 242.006 3.55 48.832 33.314 51.014 4.559 22.9483 3.878 5.3319 5.6522 28.3469 7.2988 4.81 14.2273 12.7538 7.845 11.0824046629 15.6737
2016-08-10 06:53:05.631000 302.507 3.91 48.834 33.928 51.014 5.252 27.736 4.4163 6.7835 6.9438 31.1929 7.7384 5.2277 14.2114 8.1778 8.126 8.7330702568 15.678
2016-08-10 06:54:06.172000 363.048 3.979 48.848 34.036 51.029 5.368 31.9236 5.0776 8.1711 8.2843 32.8853 8.2419 5.3474 14.1893 6.4838 8.268 10.849973135 15.6562
2016-08-10 06:55:06.713000 423.589 3.793 48.869 33.383 51.047 5.475 34.8398 5.8012 9.4517 9.5512 29.9675 8.7658 5.4644 14.159 6.1095 8.359 10.6242442911 15.6265
2016-08-10 06:56:07.284000 484.16 3.781 48.888 33.898 51.063 5.137 37.314 6.4944 10.5836 10.6836 28.766 9.2825 5.5823 14.1306 6.0414 8.439 9.15441592527 15.6017
2016-08-10 06:57:07.885000 544.761 3.903 48.904 34.154 51.078 5.692 39.5158 7.167 11.5527 11.6512 28.0114 9.7709 5.7023 14.1082 6.0556 8.516 11.4100246198 15.566
2016-08-10 06:58:08.526000 605.402 4.174 48.923 33.965 51.094 5.805 41.4616 7.4205 12.4048 12.3576 27.8377 10.2187 5.8257 14.0826 6.0984 8.599 8.63178418265 15.5381
2016-08-10 06:59:09.198000 666.074 3.93 48.942 33.745 51.111 4.391 43.226 6.3746 13.1521 13.1617 27.8084 10.6143 5.9547 14.0628 6.153 8.686 9.99464548035 15.5105
2016-08-10 07:00:09.899000 726.775 3.993 48.963 34.206 51.133 6.043 44.7903 6.2083 13.8043 13.9079 27.8408 10.9627 6.0859 14.0381 6.2144 8.774 9.55591035487 15.4885
2016-08-10 07:01:10.630000 787.506 4.253 48.984 34.146 51.152 6.072 46.2344 6.2799 14.3756 14.5387 27.9013 11.2771 6.223 14.0181 6.2841 8.864 8.93564240511 15.4608
2016-08-10 07:02:11.401000 848.277 4.113 49.006 33.664 51.175 6.305 47.5556 6.4056 14.8699 15.0841 27.9677 11.5536 6.3725 13.9956 6.3733 8.961 10.9252160829 15.4367
2016-08-10 07:03:12.233000 909.109 4.421 49.028 34.137 51.194 6.343 48.2393 6.4013 15.2338 15.4837 28.044 11.7146 6.4021 13.9735 6.3632 9.023 9.74393969436 15.4032
2016-08-10 07:04:13.085000 969.961 4.488 49.053 33.895 51.216 6.056 48.383 6.3406 15.2735 15.6221 28.0771 11.7198 6.3681 13.9513 6.3172 9.038 9.99464548035 15.3827
2016-08-10 07:05:13.986000 1030.862 4.049 49.079 34.184 51.244 6.228 48.6481 6.227 15.0001 15.5199 28.0844 11.6286 6.2637 13.9281 6.2279 9.005 10.0629579836 15.3471
2016-08-10 07:06:14.907000 1091.783 4.363 49.101 33.813 51.267 5.325 49.0547 6.0806 14.5342 15.2393 28.0833 11.4733 6.112 13.8948 6.0918 8.932 10.2006359338 15.3179
2016-08-10 07:07:15.878000 1152.754 3.942 49.122 34.284 51.289 5.764 49.5413 5.9255 13.9805 14.854 28.0662 11.2826 5.9496 13.8659 5.9321 8.837 10.407152859 15.286
2016-08-10 07:08:16.909000 1213.785 4.194 49.14 33.667 51.307 5.807 50.0565 5.7824 13.4086 14.4177 28.0476 11.0623 5.8004 13.8443 5.7671 8.737 10.2006359338 15.2397
2016-08-10 07:09:17.971000 1274.847 3.846 49.15 34.285 51.318 5.689 50.5577 5.6662 12.874 13.974 28.0187 10.8379 5.6744 13.8143 5.6232 8.645 11.0824046629 15.2169
2016-08-10 07:10:19.112000 1335.988 3.979 49.161 33.589 51.328 5.555 50.7475 5.5315 12.3622 13.5207 27.9876 10.5874 5.5268 13.7902 5.4406 8.552 8.93564240511 15.1733
2016-08-10 07:11:20.253000 1397.129 4.04 49.168 33.928 51.337 3.745 50.5945 5.4336 11.7656 13.0045 27.9534 10.3105 5.3933 13.7572 5.2676 8.462 10.5490013431 15.1393
2016-08-10 07:12:21.364000 1458.24 3.677 49.172 33.998 51.343 5.123 50.3614 5.4083 11.0987 12.4181 27.9181 10.0312 5.2794 13.725 5.1171 8.387 8.93564240511 15.0998
2016-08-10 07:13:22.535000 1519.411 3.949 49.176 33.791 51.346 5.182 50.1228 5.4542 10.4014 11.7907 27.8771 9.7571 5.1608 13.6934 5.0087 8.314 11.4100246198 15.0569
2016-08-10 07:14:23.736000 1580.612 3.844 49.177 34.079 51.349 5.138 49.8933 5.5757 9.7022 11.1477 27.8374 9.4952 5.0749 13.6683 4.9079 8.256 8.39245374829 15.0389
2016-08-10 07:15:24.978000 1641.854 3.602 49.174 33.688 51.347 3.965 49.6524 5.7155 9.0338 10.5034 27.7995 9.2504 4.9936 13.6346 4.8154 8.206 10.699487239 14.9995
2016-08-10 07:16:26.290000 1703.176 3.657 49.17 33.42 51.346 5.028 49.767 5.8644 8.4784 9.9168 27.7636 9.0363 4.9604 13.608 4.7658 8.172 9.68126324787 14.9639
2016-08-10 07:17:27.591000 1764.467 3.855 49.168 34.222 51.343 3.294 50.2448 6.0156 8.2319 9.5193 27.7328 8.8726 4.9353 13.573 4.7344 8.151 11.0004996737 14.9236
2016-08-10 07:18:28.932000 1825.808 3.564 49.165 33.858 51.344 4.985 50.8008 6.1467 8.2406 9.3558 27.7044 8.749 4.9145 13.5518 4.7096 8.136 8.83435633095 14.8963
2016-08-10 07:19:30.323000 1887.199 3.598 49.162 33.434 51.341 4.708 51.0883 6.2294 8.309 9.2895 27.6802 8.6335 4.8551 13.5159 4.6506 8.113 10.9252160829 14.8567
2016-08-10 07:20:31.764000 1948.64 3.773 49.161 33.502 51.34 4.934 51.0903 27.5824 8.2027 9.1515 27.6502 8.5047 4.8657 12.7505 4.6457 8.1 8.78371329388 14.0565
2016-08-10 07:21:33.206000 2010.082 3.808 49.159 33.875 51.337 4.984 51.1978 36.1519 7.9878 8.9475 27.6232 8.4074 4.9238 9.0689 4.6913 8.116 10.774730187 9.8336
2016-08-10 07:22:34.687000 2071.563 3.678 49.153 34.19 51.333 3.429 51.2786 41.3532 7.7551 8.7325 27.5953 8.3597 4.9434 5.9818 4.6985 8.136 9.61858680137 6.3139
2016-08-10 07:23:36.198000 2133.074 3.561 49.152 34.023 51.334 4.955 51.2578 46.0105 7.5489 8.5384 27.5726 8.3628 4.915 5.2797 4.673 8.132 8.25789662474 5.5359
2016-08-10 07:24:37.760000 2194.636 3.576 49.152 33.549 51.336 4.361 51.1844 50.4871 7.3918 8.3946 27.559 8.4118 4.877 5.0538 4.6393 8.117 9.93196903385 5.2927
2016-08-10 07:25:39.391000 2256.267 3.687 49.151 33.386 51.335 4.884 51.0688 52.3358 7.2572 8.2748 27.5533 8.4411 4.804 4.8474 4.589 8.085 8.53049810849 5.0742
2016-08-10 07:26:41.002000 2317.878 3.766 49.149 33.754 51.333 4.821 50.9439 52.5101 7.0611 8.1019 27.5432 8.4076 4.7374 4.7414 4.5423 8.05 7.83185186796 4.9569
2016-08-10 07:27:42.633000 2379.509 3.726 49.145 33.482 51.326 4.784 50.8277 52.3386 6.8189 7.8739 27.5278 8.3326 4.6969 4.6788 4.4979 8.021 8.7330702568 4.8857
2016-08-10 07:28:44.324000 2441.2 3.71 49.138 33.908 51.323 4.751 50.7186 52.1339 6.5697 7.6222 27.5079 8.2352 4.6599 4.6283 4.4566 7.998 7.16065882335 4.8327
2016-08-10 07:29:46.025000 2502.901 3.552 49.135 34.142 51.321 3.964 50.6111 51.9133 6.3364 7.363 27.4869 8.1305 4.6265 4.5863 4.4183 7.977 7.44308615144 4.786
2016-08-10 07:30:47.786000 2564.662 3.65 49.131 33.996 51.318 4.673 50.5244 51.6941 6.1243 7.1124 27.4684 8.0219 4.5966 4.5487 4.3822 7.958 8.39245374829 4.7434
2016-08-10 07:31:49.599000 2626.475 3.712 49.129 34.121 51.313 4.668 50.4417 51.4768 5.933 6.8789 27.449 7.918 4.5691 4.5087 4.3522 7.942 6.89224670463 4.7018
2016-08-10 07:32:51.490000 2688.366 3.599 49.122 34.065 51.308 4.646 50.3599 51.2497 5.7554 6.6669 27.4303 7.8193 4.5458 4.4727 4.3235 7.927 7.7527252151 4.6607
2016-08-10 07:33:53.371000 2750.247 3.673 49.118 33.831 51.303 4.626 50.2843 51.04 5.5997 6.478 27.4114 7.7295 4.5238 4.443 4.2969 7.913 6.48832603961 4.6283
2016-08-10 07:34:55.262000 2812.138 3.701 49.109 33.625 51.295 1.232 50.2065 50.8232 5.4637 6.3104 27.3946 7.6489 4.504 4.4133 4.2719 7.901 7.6340352358 4.6002
2016-08-10 07:35:57.183000 2874.059 3.61 49.105 33.363 51.295 4.281 50.1473 50.6091 5.3449 6.1648 27.3785 7.5761 4.4857 4.3858 4.2484 7.89 6.7048061466 4.5729
2016-08-10 07:36:59.154000 2936.03 3.487 49.099 33.314 51.286 4.576 50.082 50.3954 5.2428 6.0383 27.3627 7.5122 4.4694 4.3639 4.2266 7.879 7.55490858294 4.5485
2016-08-10 07:38:01.146000 2998.022 3.454 49.095 33.503 51.281 2.802 50.0142 50.1806 5.153 5.9227 27.3464 7.4558 4.4542 4.3437 4.2059 7.869 6.35689950462 4.526
2016-08-10 07:39:03.177000 3060.053 3.432 49.09 33.796 51.279 4.548 49.9627 49.9662 5.0756 5.8188 27.3337 7.4061 4.4399 4.3234 4.1866 7.861 7.44308615144 4.5065
2016-08-10 07:40:05.198000 3122.084 3.442 49.085 33.989 51.273 4.468 49.9079 49.7546 5.0101 5.7282 27.3215 7.3632 4.4267 4.3067 4.169 7.852 6.7048061466 4.4859
2016-08-10 07:41:07.319000 3184.195 4.055 49.078 34.027 51.269 6.097 48.9381 49.8787 17.6262 6.1688 27.3065 7.4003 6.6111 4.4095 4.264 8.313 6.61108586759 4.593
2016-08-10 07:42:09.491000 3246.367 5.308 49.064 33.937 51.251 8.391 44.2473 50.1667 21.2542 7.8649 27.3093 8.038 8.7077 4.4207 4.2025 9.845 7.3018724874 4.6091
2016-08-10 07:43:11.622000 3308.498 5.392 49.084 33.922 51.281 8.715 41.0534 50.5064 23.4568 8.6887 27.325 8.6508 8.9934 4.359 4.1189 10.531 6.43575542561 4.5484
2016-08-10 07:44:13.863000 3370.739 5.195 49.19 34.245 51.372 8.643 38.504 50.482 24.9138 9.0162 27.3292 9.0758 8.8922 4.2434 4.013 10.754 7.6340352358 4.425
2016-08-10 07:45:16.085000 3432.961 5.289 49.3 34.953 51.462 8.463 36.1653 50.2568 26.0533 9.1039 27.3253 9.3445 8.6816 4.1138 3.8834 10.747 6.46204073261 4.2946
2016-08-10 07:46:18.346000 3495.222 5.385 49.385 34.853 51.543 8.258 33.9404 50.0038 26.8698 9.0589 27.3173 9.5036 8.438 3.9685 3.7383 10.636 7.95054184725 4.1377
2016-08-10 07:47:20.687000 3557.563 5.002 49.45 34.164 51.606 8.031 31.6841 49.7342 27.4205 8.935 27.3089 9.5842 8.1938 3.8086 3.5787 10.48 6.95472689064 3.9732
2016-08-10 07:48:22.988000 3619.864 4.791 49.507 34.314 51.66 7.795 29.1698 49.4463 27.7843 8.7617 27.2918 9.6049 7.9414 3.631 3.4078 10.318 6.48832603961 3.7889
2016-08-10 07:49:25.349000 3682.225 4.899 49.552 34.868 51.708 7.563 26.6607 49.4985 28.0444 8.5603 27.2715 9.582 7.6894 3.4555 3.2312 10.147 7.83185186796 3.6055
2016-08-10 07:50:27.770000 3744.646 4.808 49.59 34.145 51.746 7.34 24.5049 49.698 28.3187 8.3435 27.2554 9.5265 7.4422 3.233 3.0527 9.974 6.89224670463 3.377
2016-08-10 07:51:30.223000 3807.099 4.463 49.623 34.807 51.781 7.124 22.7353 49.8851 28.4862 8.1202 27.2314 9.4478 7.2089 3.0239 2.8803 9.804 7.37247931942 3.1572
2016-08-10 07:52:32.694000 3869.57 4.796 49.651 34.386 51.81 6.906 21.2482 50.1303 28.6024 7.8898 27.21 9.3508 6.9762 2.9286 2.6923 9.63 6.61108586759 3.0606
2016-08-10 07:53:35.255000 3932.131 4.251 49.679 34.488 51.84 6.707 19.9771 50.3151 28.658 7.6654 27.1893 9.2402 6.7627 2.7845 2.5102 9.47 7.6340352358 2.9132
2016-08-10 07:54:37.976000 3994.852 4.371 49.701 34.645 51.864 6.45 18.8382 50.1185 28.6725 7.4437 27.1708 9.1222 6.5535 2.6053 2.3368 9.329 6.54860568158 2.7305
2016-08-10 07:55:40.917000 4057.793 4.089 49.715 34.648 51.88 6.321 17.7879 49.7181 28.6651 7.2255 27.1523 8.9955 6.3567 2.4233 2.1757 9.193 7.47838956745 2.5445
2016-08-10 07:56:44.028000 4120.904 4.017 49.724 34.023 51.892 6.175 17.0158 49.3224 28.6434 7.0208 27.1309 8.8684 6.1916 2.2621 2.0698 9.07 7.12535540734 2.3816
2016-08-10 07:57:47.261000 4184.137 4.03 49.732 34.006 51.902 6.043 16.1856 49.3669 28.6092 6.8427 27.1078 8.7433 6.0493 2.1365 1.953 8.965 6.30432889062 2.2545
2016-08-10 07:58:50.553000 4247.429 3.951 49.733 34.017 51.906 4.666 15.3325 49.6318 28.5605 6.6823 27.0878 8.6237 5.9071 2.0081 1.8248 8.867 7.47838956745 2.1262
2016-08-10 07:59:53.883000 4310.759 4.22 49.734 34.204 51.912 5.214 14.4472 49.9235 28.5054 6.5357 27.0645 8.5056 5.7645 1.8721 1.6903 8.77 6.25175827662 1.9919
2016-08-10 08:00:57.244000 4374.12 4.133 49.732 34.267 51.91 5.648 13.5835 50.2196 28.4323 6.396 27.0393 8.3932 5.6222 1.7293 1.5535 8.674 7.09005199133 1.8504
2016-08-10 08:02:00.585000 4437.461 4.075 49.727 34.203 51.909 5.31 12.7339 50.5244 28.364 6.2636 27.0162 8.2806 5.4826 1.5849 1.4205 8.578 6.25175827662 1.7095
2016-08-10 08:03:03.956000 4500.832 3.772 49.72 34.575 51.903 5.22 11.8818 50.464 28.2965 6.1305 26.9915 8.1701 5.3374 1.4787 1.3015 8.483 7.23126565537 1.6053
2016-08-10 08:04:07.207000 4564.083 3.744 49.711 34.544 51.899 3.374 11.0794 50.21 28.222 5.9953 26.9724 8.0606 5.2011 1.3802 1.2052 8.397 6.14661704863 1.5085
2016-08-10 08:05:10.572000 4627.448 3.688 49.703 34.51 51.889 5.103 10.33 49.9399 28.1489 5.8546 26.9551 7.9525 5.0673 1.3031 1.1455 8.317 7.09005199133 1.4333
2016-08-10 08:06:13.902000 4690.778 3.569 49.689 34.084 51.878 5.021 9.5848 49.6786 28.0757 5.7216 26.9378 7.8493 4.9441 1.258 1.1219 8.243 6.33061419762 1.3901
2016-08-10 08:07:17.244000 4754.12 3.534 49.67 34.072 51.867 4.793 8.8819 49.8508 28.0098 5.6009 26.9251 7.751 4.8372 1.2376 1.1114 8.176 7.37247931942 1.3706
2016-08-10 08:08:20.665000 4817.541 3.505 49.656 34.129 51.853 4.835 8.2411 50.2319 27.9676 5.5004 26.9171 7.6603 4.7447 1.2259 1.1068 8.117 5.98998825737 1.3589
2016-08-10 08:09:24.054000 4880.93 3.482 49.64 34.19 51.84 4.759 7.6844 50.6265 27.9312 5.4177 26.9079 7.577 4.6654 1.2199 1.1041 8.067 6.76728633261 1.3521
2016-08-10 08:10:27.441000 4944.317 3.465 49.624 33.561 51.825 4.697 7.2348 50.6091 27.9049 5.3437 26.9033 7.5011 4.5972 1.215 1.1018 8.023 6.89224670463 1.3467
2016-08-10 08:11:30.881000 5007.757 3.506 49.607 33.54 51.81 4.643 6.8975 50.375 27.8877 5.2727 26.8951 7.4321 4.5423 1.2126 1.1006 7.987 6.79852642562 1.3439
2016-08-10 08:12:34.330000 5071.206 3.489 49.591 33.53 51.796 4.431 6.6492 50.1338 27.8741 5.2119 26.8921 7.3704 4.5013 1.2113 1.1001 7.958 6.76728633261 1.3423
2016-08-10 08:13:37.859000 5134.735 3.475 49.571 33.575 51.777 4.579 6.4709 49.8842 27.8619 5.1606 26.8879 7.3167 4.4709 1.2105 1.0996 7.935 6.46204073261 1.341
2016-08-10 08:14:41.364000 5198.24 3.464 49.554 33.533 51.761 4.541 6.3411 49.6318 27.8545 5.1187 26.8857 7.2701 4.4479 1.2098 1.0993 7.918 6.92348679764 1.3403
2016-08-10 08:15:44.903000 5261.779 3.455 49.534 33.609 51.741 3.429 6.2502 49.8116 27.8461 5.0901 26.8811 7.2307 4.4354 1.2115 1.1 7.906 6.27804358362 1.3418
2016-08-10 08:16:48.440000 5325.316 3.451 49.517 34.201 51.729 3.907 6.1855 50.1946 27.8378 5.0784 26.88 7.1982 4.4283 1.2117 1.1001 7.899 7.12535540734 1.3419
2016-08-10 08:17:52.035000 5388.911 3.448 49.502 34.171 51.712 4.522 6.1371 50.5867 27.8412 5.0759 26.8765 7.1727 4.425 1.2115 1.1 7.894 6.79852642562 1.3417
2016-08-10 08:18:55.670000 5452.546 3.472 49.483 34.185 51.694 4.532 6.096 50.5777 27.8398 5.0725 26.8765 7.1512 4.4206 1.2097 1.0991 7.89 5.91883008792 1.3397
2016-08-10 08:19:59.346000 5516.222 3.484 49.467 34.198 51.68 4.342 6.0618 50.3484 27.8389 5.0611 26.8741 7.1321 4.4135 1.2091 1.0988 7.885 7.09005199133 1.339
2016-08-10 08:21:03.031000 5579.907 3.669 49.456 33.665 51.668 4.52 6.0341 50.0998 27.8378 5.047 26.8728 7.1149 4.4075 1.2086 1.0986 7.88 6.25175827662 1.3385
2016-08-10 08:22:06.726000 5643.602 3.67 49.44 33.662 51.655 4.376 6.0118 49.8424 27.8357 5.0342 26.8708 7.0998 4.4025 1.2084 1.0984 7.876 6.33061419762 1.3383
2016-08-10 08:23:10.443000 5707.319 3.456 49.428 33.515 51.644 4.511 5.9927 49.5986 27.8346 5.0222 26.8686 7.0862 4.3979 1.2081 1.0983 7.872 6.25175827662 1.3379
2016-08-10 08:24:14.209000 5771.085 3.45 49.42 33.492 51.636 4.51 5.9815 49.7756 27.8349 5.0157 26.8674 7.0744 4.3968 1.2102 1.0993 7.869 7.16065882335 1.3398
2016-08-10 08:25:17.995000 5834.871 3.455 49.408 34.135 51.625 3.497 5.9755 50.1691 27.8371 5.0206 26.8656 7.0654 4.4003 1.2105 1.0994 7.869 6.22547296963 1.3402
2016-08-10 08:26:21.818000 5898.694 3.451 49.397 34.13 51.614 4.513 5.9706 50.5567 27.8346 5.031 26.8662 7.0585 4.4035 1.2106 1.0994 7.869 6.73604623961 1.3403
2016-08-10 08:27:25.651000 5962.527 3.657 49.388 33.775 51.603 4.516 5.9623 50.5473 27.8371 5.037 26.8646 7.0523 4.4032 1.2088 1.0986 7.869 6.7048061466 1.3384
2016-08-10 08:28:29.536000 6026.412 3.474 49.378 33.348 51.594 4.462 5.9532 50.3206 27.8368 5.033 26.8628 7.0457 4.4009 1.2083 1.0983 7.867 5.96626886755 1.3378
2016-08-10 08:29:33.432000 6090.308 3.428 49.367 34.027 51.583 4.511 5.9445 50.0691 27.8322 5.0252 26.8628 7.0391 4.3971 1.208 1.0982 7.865 6.76728633261 1.3375
2016-08-10 08:30:37.349000 6154.225 3.631 49.36 34.067 51.576 4.512 5.9443 49.8152 27.8381 16.9854 26.861 7.0324 4.4157 1.2079 1.0981 7.862 6.14661704863 1.3373
2016-08-10 08:31:41.305000 6218.191 5.054 49.347 33.757 51.561 7.463 8.0058 27.7616 28.3585 19.632 26.8656 7.6046 7.5788 1.0911 1.0577 9.42 6.92348679764 1.2411
2016-08-10 08:32:45.323000 6282.199 4.111 49.356 33.902 51.579 6.121 7.2527 13.862 28.1887 21.2064 26.86 7.8857 6.1855 0.6748 1.0148 9.265 5.94254947774 0.8966
2016-08-10 08:33:49.356000 6346.232 3.94 49.439 34.399 51.645 5.245 6.5086 8.0425 27.9973 22.0882 26.8156 7.8389 5.1346 0.4885 1.0149 8.668 7.19596223936 0.7497
2016-08-10 08:34:53.403000 6410.279 3.649 49.462 33.503 51.661 4.835 6.0935 6.7858 27.9336 22.8154 26.7824 7.6943 4.7187 0.4758 1.015 8.261 6.25175827662 0.7385
2016-08-10 08:35:57.477000 6474.353 3.467 49.45 33.95 51.654 4.687 5.8439 6.4877 27.8968 23.477 26.7673 7.5515 4.5725 0.4703 1.0145 8.068 7.05474857532 0.7327
2016-08-10 08:37:01.570000 6538.446 3.618 49.436 34.075 51.644 4.613 5.6652 6.3495 27.8731 23.949 26.7604 7.4303 4.4981 0.4669 1.0145 7.975 6.33061419762 0.729
2016-08-10 08:38:05.699000 6602.575 3.588 49.425 33.46 51.634 4.549 5.2783 6.2448 27.8434 24.4338 26.7624 7.3315 4.436 0.4647 1.2894 7.92 6.09404643464 0.7265
2016-08-10 08:39:09.892000 6666.768 3.537 49.412 34.171 51.626 4.511 5.0971 6.1648 27.8235 24.7839 26.7675 7.2501 4.3934 0.463 1.3808 7.883 6.64232596059 0.7243
2016-08-10 08:40:14.132000 6731.008 3.651 49.404 33.623 51.618 4.429 4.9992 6.1046 27.8165 25.0532 26.7727 7.183 4.3672 0.4619 1.4281 7.86 6.76728633261 0.723
2016-08-10 08:41:18.414000 6795.29 3.443 49.395 34.159 51.609 4.471 4.942 6.0583 27.8112 25.3637 26.7785 7.1295 4.352 0.4612 1.4581 7.846 5.91883008792 0.722
2016-08-10 08:42:22.697000 6859.573 3.645 49.387 33.704 51.603 4.46 4.9052 6.0196 27.8064 25.6054 26.7846 7.0859 4.3403 0.4604 1.4765 7.836 7.01944515931 0.7211
2016-08-10 08:43:26.970000 6923.846 3.427 49.378 34.1 51.594 4.452 4.8806 5.9842 27.8032 25.7901 26.7895 7.0529 4.3328 0.4603 1.4883 7.829 6.48832603961 0.7208
2016-08-10 08:44:31.351000 6988.227 3.472 49.37 33.34 51.586 4.447 4.8627 5.9515 27.7969 25.9363 26.7956 7.0256 4.3261 0.4605 1.4957 7.824 6.09404643464 0.7208
2016-08-10 08:45:35.756000 7052.632 3.572 49.364 33.94 51.581 4.381 4.8486 5.9228 27.7986 26.0703 26.7998 7.0036 4.3211 0.4606 1.5008 7.82 6.64232596059 0.7206
2016-08-10 08:46:40.193000 7117.069 3.506 49.355 33.328 51.574 4.437 4.8375 5.8961 27.7933 26.1948 26.8056 6.9857 4.316 0.4607 1.5041 7.817 6.89224670463 0.7205
2016-08-10 08:47:44.631000 7181.507 3.545 49.347 34.079 51.565 4.403 4.8281 5.8674 27.7971 26.2956 26.8095 6.9712 4.3125 0.4618 1.5063 7.814 6.57984577458 0.7211
2016-08-10 08:48:49.213000 7246.089 3.469 49.342 33.595 51.559 4.43 4.8192 5.8413 27.7902 26.3781 26.8144 6.9585 4.3082 0.4624 1.5078 7.811 5.91883008792 0.7215
2016-08-10 08:49:53.695000 7310.571 3.435 49.336 33.57 51.554 4.427 4.8119 5.8183 27.7955 26.4466 26.8175 6.9478 4.305 0.4628 1.5087 7.808 6.54860568158 0.7217
2016-08-10 08:50:58.270000 7375.146 3.623 49.327 33.756 51.547 4.425 4.8052 5.7969 27.7895 26.5032 26.8217 6.9385 4.3027 0.4631 1.5093 7.806 5.87139130828 0.7218
2016-08-10 08:52:02.801000 7439.677 3.4 49.323 33.914 51.541 4.422 4.7985 5.7748 27.7933 26.552 26.8232 6.9302 4.2985 0.4638 1.5097 7.803 6.98596698365 0.7222
2016-08-10 08:53:07.460000 7504.336 3.528 49.318 33.306 51.534 4.419 4.7926 5.7539 27.7919 26.5897 26.8263 6.9229 4.2958 0.4635 1.51 7.801 6.04147582064 0.722
2016-08-10 08:54:12.082000 7568.958 3.547 49.311 34.034 51.528 4.418 4.7879 5.735 27.793 26.6226 26.8291 6.9162 4.295 0.4627 1.5101 7.8 6.86100661163 0.7213
2016-08-10 08:55:16.788000 7633.664 3.45 49.304 34.155 51.523 4.415 4.7818 5.7134 27.7916 26.65 26.8309 6.9102 4.2914 0.4629 1.5103 7.798 6.12033174163 0.7214
2016-08-10 08:56:21.556000 7698.432 3.437 49.299 33.38 51.516 4.402 4.7661 5.5246 27.7895 26.6618 26.8421 6.904 4.276 0.8034 1.5127 7.793 7.09005199133 0.9663
2016-08-10 08:57:26.287000 7763.163 3.449 49.294 33.276 51.512 4.309 4.6896 4.199 27.7686 26.6087 26.9301 6.8881 4.1671 2.3781 1.5408 7.754 5.84767191847 2.4748
2016-08-10 08:58:31.028000 7827.914 3.513 49.289 33.99 51.51 4.264 4.6795 3.8917 27.7633 26.6068 26.9978 6.863 4.1154 3.2005 1.5666 7.718 6.73604623961 3.317
2016-08-10 08:59:35.818000 7892.694 3.451 49.284 34.063 51.502 4.249 4.6976 3.789 27.7629 26.6289 27.0386 6.8404 4.0974 3.7925 1.5836 7.699 6.09404643464 3.9347
2016-08-10 09:00:40.626000 7957.502 3.377 49.279 33.397 51.496 4.245 4.7255 3.749 27.7608 26.644 27.0557 6.8223 4.0933 4.2575 1.5955 7.692 7.05474857532 4.4247
2016-08-10 09:01:45.476000 8022.352 3.407 49.272 33.257 51.491 4.245 4.7543 3.7313 27.7665 26.6588 27.0575 6.8082 4.0942 4.6368 1.6038 7.689 6.51736558857 4.8274
2016-08-10 09:02:50.307000 8087.183 3.544 49.265 33.393 51.485 4.245 4.7809 3.7206 27.7686 26.6725 27.054 6.7975 4.0947 4.9648 1.6099 7.688 6.46204073261 5.1737
2016-08-10 09:03:55.180000 8152.056 3.585 49.259 34.051 51.48 4.248 4.8059 3.7164 27.7686 26.6785 27.0441 6.7893 4.0969 5.2501 1.6145 7.688 6.35689950462 5.4795
2016-08-10 09:05:00.080000 8216.956 3.385 49.253 34.044 51.475 4.249 4.8269 3.7131 27.7696 26.6928 27.0355 6.783 4.0981 5.5007 1.6181 7.688 7.3018724874 5.7475
2016-08-10 09:06:05.041000 8281.917 3.355 49.249 33.946 51.469 4.25 4.8457 3.712 27.7661 26.6996 27.0246 6.7778 4.1001 5.7273 1.6209 7.689 6.35689950462 5.9924
2016-08-10 09:07:10.053000 8346.929 3.355 49.246 33.715 51.464 4.252 4.8624 3.7117 27.7717 26.703 27.0137 6.7736 4.1017 5.9347 1.6233 7.689 6.57984577458 6.2132
2016-08-10 09:08:15.113000 8411.989 3.371 49.241 33.535 51.461 4.253 4.8765 3.7113 27.7717 26.712 27.0046 6.77 4.1037 6.1198 1.6252 7.689 6.6735660536 6.4124
