#Human readable time. Time (s) since start. Lakeshore temperature sensor 218 T1,3,5,6,8 and 224 C2,C3,C4,C5,D2,D3,D5,A,B
2016-02-29 16:38:00.938000 0.0 3.492 3.746 34.708 60.21 4.151 3.7781 3.5631 20.1358 19.0521 23.7243 4.2823 3.9029 2.763 3.4691 3.681 

2016-02-29 16:39:02.719000 61.781 3.492 3.745 35.332 60.177 4.15 3.7771 3.5622 20.1359 19.0518 23.7264 4.2814 3.9013 2.8042 3.504 3.681 -002.998 KOHM R   

2016-02-29 16:40:04.066000 123.128 3.376 3.745 34.917 60.146 3.932 3.7766 3.5623 20.1357 19.0517 23.7277 4.2799 3.9009 2.847 3.5371 3.681 -003.039 KOHM R   

2016-02-29 16:41:05.459000 184.521 3.594 3.747 34.892 60.114 4.151 3.7777 3.5639 20.1358 19.052 23.7297 4.2807 3.9016 2.8881 3.5683 3.682 -003.040 KOHM R   

2016-02-29 16:42:06.891000 245.953 3.404 3.746 35.369 60.082 4.151 3.7777 3.5644 20.136 19.0519 23.7316 4.2813 3.9019 2.9281 3.6008 3.683 -003.031 KOHM R   

2016-02-29 16:43:08.324000 307.386 3.408 3.747 34.912 60.052 4.094 3.7777 3.5651 20.1361 19.0518 23.7331 4.2816 3.9024 2.9667 3.6326 3.683 -003.034 KOHM R   

2016-02-29 16:44:09.791000 368.853 3.394 3.746 35.359 60.022 3.06 3.7765 3.5638 20.1359 19.0518 23.7352 4.2817 3.902 3.0065 3.6643 3.682 -002.993 KOHM R   

2016-02-29 16:45:11.309000 430.371 3.36 3.743 34.741 59.992 4.146 3.774 3.5611 20.1357 19.0514 23.7373 4.2814 3.9001 3.0452 3.694 3.679 -003.001 KOHM R   

