#Human readable time. Time (s) since start. Lakeshore temperature sensor 218 T1,3,5,6,8 and 224 C2,C3,C4,C5,D2,D3,D5,A,B
2016-10-16 17:04:22.276000 0.0 3.332 50.112 34.157 52.447 4.198 4.0554 3.6262 27.8355 26.8021 27.856 8.7338 4.1167 7.8689 8.0963 8.072 -1 8.2801
2016-10-16 17:05:23.046000 60.77 3.49 50.107 33.557 52.441 4.195 4.0233 3.6222 27.8373 26.8042 27.8916 8.7298 4.1131 7.9999 8.3154 8.069 5.53722784678 8.4248
2016-10-16 17:06:23.376000 121.1 3.349 50.1 33.7 52.435 4.19 3.9942 3.6148 24.4737 23.8775 22.7713 8.7263 4.1082 8.1291 8.5171 8.067 5.49563556531 8.566
2016-10-16 17:07:23.807000 181.531 3.673 50.095 33.445 52.428 5.261 14.5847 5.1016 22.1469 22.0138 20.4071 8.7965 5.2926 8.2515 8.7527 8.385 5.64417320662 8.7112
2016-10-16 17:08:24.227000 241.951 3.944 50.087 33.915 52.424 6.039 18.8796 6.0221 19.5856 20.2735 19.0282 9.0605 6.1243 8.3754 8.3578 8.894 5.66646547876 8.8432
2016-10-16 17:09:24.677000 302.401 4.107 50.1 34.481 52.434 6.299 22.4177 6.2631 17.2166 18.5954 18.0982 9.4405 6.3818 8.4871 7.7187 9.222 5.7333422952 8.975
2016-10-16 17:10:25.197000 362.921 4.28 50.134 34.455 52.467 6.026 27.3365 5.951 15.2219 17.0103 17.3769 9.8304 6.0952 8.6015 7.149 9.256 5.47483942457 9.0996
2016-10-16 17:11:25.737000 423.461 4.236 50.173 34.175 52.5 5.701 32.1809 5.6886 13.8721 15.7286 16.7417 10.189 5.837 8.7065 6.6531 9.141 5.80023313883 9.2239
2016-10-16 17:12:26.287000 484.011 3.98 50.202 33.743 52.527 5.716 35.2438 5.6885 13.2321 14.8973 16.1474 10.5239 5.805 8.8142 6.4014 9.072 5.68875775091 9.3471
2016-10-16 17:13:26.917000 544.641 3.883 50.215 34.061 52.54 5.818 37.6812 5.7963 13.1435 14.5229 15.5911 10.8558 5.8685 8.9142 6.3093 9.068 6.01519051364 9.469
2016-10-16 17:14:27.557000 605.281 4.217 50.231 34.311 52.554 5.904 39.7595 5.9245 13.3812 14.4913 15.0674 11.1629 5.9642 9.0184 6.2929 9.104 5.80023313883 9.5999
2016-10-16 17:15:28.217000 665.941 4.257 50.244 33.902 52.565 6.002 41.5802 6.0529 13.7803 14.6735 14.5936 11.4374 6.0763 9.1184 6.3085 9.161 5.77792683949 9.7392
2016-10-16 17:16:28.937000 726.661 4.055 50.261 33.855 52.581 6.117 43.2269 6.1787 14.227 14.9654 14.1646 11.6719 6.1967 9.2098 6.3416 9.229 6.04147582064 9.8764
2016-10-16 17:17:29.667000 787.391 4.258 50.281 34.605 52.601 6.235 44.7151 6.312 14.6729 15.3076 13.7857 11.843 6.3267 9.3083 6.3978 9.305 6.06776112764 10.0298
2016-10-16 17:18:30.437000 848.161 4.464 50.299 34.276 52.62 6.364 46.0946 6.458 15.0954 15.6496 13.4478 11.9888 6.4662 9.398 6.4716 9.387 6.25175827662 10.1945
2016-10-16 17:19:31.238000 908.962 4.153 50.323 34.35 52.642 6.503 47.3429 6.6174 15.4943 15.9672 13.1608 12.1877 6.6166 9.4853 6.5663 9.476 6.06776112764 10.364
2016-10-16 17:20:32.078000 969.802 4.575 50.346 34.34 52.665 6.538 47.9726 6.6315 15.7757 16.2106 12.8662 12.33 6.6462 9.5627 6.5585 9.54 6.40947011861 10.5379
2016-10-16 17:21:32.938000 1030.662 4.3 50.372 33.974 52.688 6.511 48.0684 6.5745 15.7673 16.2417 12.537 12.3743 6.612 9.6366 6.5115 9.558 5.91883008792 10.7053
2016-10-16 17:22:33.858000 1091.582 4.185 50.401 34.748 52.716 6.41 48.285 6.4375 15.4656 16.0575 12.2103 12.3584 6.4975 9.7022 6.415 9.524 6.12033174163 10.8835
2016-10-16 17:23:34.788000 1152.512 4.222 50.422 33.998 52.735 6.254 48.6803 6.2489 14.9596 15.7248 11.8897 12.2999 6.3269 9.7566 6.2657 9.449 6.43575542561 11.0545
2016-10-16 17:24:35.768000 1213.492 4.069 50.444 34.75 52.755 6.042 49.1754 6.055 14.3587 15.2819 11.5761 12.2118 6.1395 9.8115 6.0781 9.35 6.09404643464 11.2409
2016-10-16 17:25:36.788000 1274.512 4.056 50.459 33.943 52.77 5.919 49.6996 5.8751 13.7395 14.7872 11.2752 12.1022 5.9658 9.8535 5.8937 9.244 6.35689950462 11.4241
2016-10-16 17:26:37.838000 1335.562 4.018 50.47 34.711 52.781 5.782 50.2092 5.7295 13.1636 14.2966 10.9805 11.9809 5.8198 9.8938 5.7203 9.145 6.17290235563 11.6041
2016-10-16 17:27:38.918000 1396.642 3.891 50.476 33.909 52.786 5.67 50.7043 5.6237 12.6477 13.824 10.7041 11.8585 5.7004 9.9317 5.5758 9.059 6.48832603961 11.7819
2016-10-16 17:28:40.088000 1457.812 4.097 50.479 34.153 52.792 5.542 50.8821 5.5024 12.1654 13.3613 10.4227 11.7114 5.564 9.9685 5.3986 8.976 6.30432889062 11.9441
2016-10-16 17:29:41.248000 1518.972 3.708 50.483 34.397 52.794 5.425 50.7227 5.4207 11.6005 12.8418 10.1335 11.5364 5.4388 10.0023 5.229 8.893 6.54860568158 12.1051
2016-10-16 17:30:42.418000 1580.142 3.969 50.482 34.253 52.795 5.325 50.484 5.4104 10.957 12.2605 9.8413 11.3553 5.3315 10.0318 5.0863 8.819 6.30432889062 12.251
2016-10-16 17:31:43.629000 1641.353 3.787 50.477 34.291 52.794 5.222 50.2454 5.4684 10.2824 11.6385 9.5656 11.1664 5.2241 10.0634 4.9858 8.746 6.25175827662 12.3933
2016-10-16 17:32:44.909000 1702.633 3.681 50.472 33.806 52.787 5.144 50.0188 5.6006 9.5944 11.0001 9.3089 10.9782 5.1403 10.0924 4.8858 8.687 6.25175827662 12.5215
2016-10-16 17:33:46.179000 1763.903 3.871 50.464 34.578 52.784 5.069 49.7832 5.7528 8.9375 10.3683 9.0744 10.7992 5.0603 10.1233 4.7937 8.636 6.30432889062 12.6472
2016-10-16 17:34:47.539000 1825.263 3.556 50.458 34.386 52.776 4.994 49.5685 5.8876 8.3243 9.7361 8.8578 10.6232 4.9863 10.1457 4.7028 8.589 6.14661704863 12.7693
2016-10-16 17:35:48.869000 1886.593 3.584 50.448 33.892 52.768 4.969 49.6915 6.0176 7.8478 9.1826 8.6702 10.4645 4.9558 10.1756 4.6598 8.556 6.51736558857 12.8811
2016-10-16 17:36:50.249000 1947.973 3.805 50.44 33.853 52.759 5.018 50.245 26.1219 7.7029 8.9019 8.5219 10.3413 5.0135 9.3958 4.6907 8.557 6.76728633261 12.9926
2016-10-16 17:37:51.659000 2009.383 3.577 50.431 34.315 52.751 5.083 51.0061 35.4014 7.8434 8.8802 8.4323 10.2617 5.0832 6.7645 4.7537 8.587 6.40947011861 13.0775
2016-10-16 17:38:53.099000 2070.823 3.614 50.422 33.89 52.741 5.09 51.4689 40.9649 8.0618 8.9751 8.3837 10.2126 5.0886 5.6128 4.761 8.605 6.40947011861 13.1182
2016-10-16 17:39:54.609000 2132.333 3.787 50.416 33.831 52.737 5.064 51.5417 45.84 8.1134 8.9966 8.3596 10.1809 5.0607 5.2564 4.7375 8.601 6.73604623961 13.1789
2016-10-16 17:40:56.169000 2193.893 3.821 50.411 34.246 52.732 5.03 51.5034 50.3302 8.0522 8.959 8.3638 10.1723 5.0236 5.0763 4.7019 8.586 6.38318481161 13.2203
2016-10-16 17:41:57.719000 2255.443 3.628 50.405 34.52 52.728 4.965 51.4018 52.1983 7.9267 8.8799 8.3467 10.153 4.9528 4.884 4.6447 8.554 6.40947011861 13.2669
2016-10-16 17:42:59.330000 2317.054 3.735 50.395 34.377 52.721 4.911 51.2763 52.3774 7.7143 8.72 8.2826 10.0986 4.8952 4.7851 4.5911 8.521 6.79852642562 13.3055
2016-10-16 17:44:00.980000 2378.704 3.563 50.391 34.496 52.713 4.856 51.1532 52.2022 7.4343 8.4874 8.1997 10.0213 4.8339 4.7126 4.5438 8.488 6.57984577458 13.3502
2016-10-16 17:45:02.640000 2440.364 3.5 50.383 34.13 52.706 4.809 51.0477 51.9981 7.13 8.2119 8.112 9.9329 4.7854 4.6551 4.5009 8.458 6.46204073261 13.3833
2016-10-16 17:46:04.370000 2502.094 3.499 50.371 34.394 52.696 4.775 50.9404 51.7771 6.8337 7.9259 8.024 9.8411 4.7484 4.6102 4.4604 8.435 6.57984577458 13.4118
2016-10-16 17:47:06.080000 2563.804 3.499 50.361 33.862 52.687 4.744 50.8528 51.5586 6.5631 7.6373 7.9389 9.7483 4.7148 4.5715 4.4228 8.415 6.73604623961 13.4459
2016-10-16 17:48:07.840000 2625.564 3.472 50.349 34.116 52.677 4.715 50.7641 51.339 6.3202 7.3614 7.8587 9.6612 4.6832 4.536 4.3873 8.397 6.79852642562 13.4777
2016-10-16 17:49:09.670000 2687.394 3.504 50.342 33.715 52.667 4.69 50.6803 51.1128 6.1086 7.1052 7.7838 9.5771 4.6566 4.4955 4.3565 8.38 6.79852642562 13.5029
2016-10-16 17:50:11.490000 2749.214 3.47 50.333 33.902 52.659 4.668 50.6022 50.9061 5.9212 6.8723 7.716 9.4981 4.6323 4.4674 4.3285 8.366 6.7048061466 13.5342
2016-10-16 17:51:13.360000 2811.084 3.451 50.323 34.19 52.651 4.648 50.5231 50.6894 5.7496 6.664 7.6547 9.4264 4.6108 4.4361 4.302 8.353 6.86100661163 13.5694
2016-10-16 17:52:15.260000 2872.984 3.487 50.313 33.725 52.641 4.629 50.4596 50.4761 5.5989 6.4776 7.5986 9.3601 4.5904 4.409 4.2769 8.341 6.7048061466 13.5949
2016-10-16 17:53:17.220000 2934.944 3.473 50.304 33.721 52.635 4.613 50.391 50.2624 5.4668 6.3154 7.5489 9.2987 4.5728 4.3835 4.254 8.33 6.76728633261 13.6216
2016-10-16 17:54:19.200000 2996.924 3.441 50.294 33.994 52.624 4.597 50.3221 50.0431 5.3513 6.1732 7.5043 9.2433 4.5556 4.3636 4.2326 8.32 6.48832603961 13.6427
2016-10-16 17:55:21.221000 3058.945 3.433 50.287 34.175 52.617 4.528 50.2699 49.836 5.2494 6.0484 7.4643 9.1943 4.5396 4.3417 4.2116 8.311 6.64232596059 13.6721
2016-10-16 17:56:23.231000 3120.955 3.449 50.278 34.344 52.607 4.564 50.2132 49.6247 5.1624 5.9348 7.4286 9.1497 4.5256 4.3244 4.193 8.302 6.7048061466 13.6928
2016-10-16 17:57:25.271000 3182.995 4.085 50.267 34.341 52.599 6.342 49.2976 49.7526 17.6252 6.2913 7.4018 9.1547 6.6081 4.4304 4.2903 8.689 6.79852642562 13.7195
2016-10-16 17:58:27.381000 3245.105 5.341 50.248 34.298 52.579 8.386 44.8963 50.0741 21.2833 7.9305 7.4678 9.6249 8.6784 4.5298 4.3662 10.105 6.57984577458 13.7478
2016-10-16 17:59:29.521000 3307.245 5.349 50.263 34.216 52.602 8.741 41.7304 50.4372 23.4776 8.744 7.5298 10.0907 9.0264 4.5511 4.3412 10.812 6.6735660536 13.7693
2016-10-16 18:00:31.681000 3369.405 5.195 50.362 34.617 52.693 8.699 39.1813 50.4273 24.9494 9.0852 7.5511 10.401 8.9636 4.4755 4.2575 11.074 7.01944515931 13.7948
2016-10-16 18:01:33.881000 3431.605 5.076 50.475 34.873 52.792 8.538 36.8974 50.2261 26.1457 9.1856 7.5546 10.5926 8.7847 36.8974 4.1332 11.109 6.89224670463 13.8143
2016-10-16 18:02:40.401000 3498.125 4.976 50.576 34.545 52.882 8.339 34.5799 49.9927 27.0046 9.1517 7.5682 10.7159 8.5487 4.2982 3.9924 11.033 6.54860568158 13.8337
2016-10-16 18:03:42.681000 3560.405 4.991 50.651 35.257 52.953 8.129 32.4342 49.7428 27.5448 9.0381 7.5518 10.7768 8.3186 4.1515 3.834 10.906 6.95472689064 13.8499
2016-10-16 18:04:45.001000 3622.725 5.334 50.715 34.667 53.012 7.909 29.921 49.8278 27.9081 8.8772 7.5128 10.8019 8.0849 3.9997 3.6651 10.754 6.61108586759 13.8735
2016-10-16 18:05:47.361000 3685.085 4.885 50.769 34.514 53.063 7.682 27.511 50.0816 28.2556 8.6878 7.4653 10.8026 7.8424 3.8208 3.4859 10.59 6.95472689064 13.8915
2016-10-16 18:06:49.722000 3747.446 4.622 50.814 35.181 53.108 7.457 25.305 50.3326 28.5309 8.4801 7.4101 10.7836 7.6002 3.6176 3.2985 10.427 6.6735660536 13.9055
2016-10-16 18:07:52.122000 3809.846 4.997 50.851 34.716 53.143 7.239 23.4408 50.2117 28.7065 8.2586 7.3478 10.7478 7.3602 3.374 3.1037 10.269 6.86100661163 13.9227
2016-10-16 18:08:54.582000 3872.306 4.383 50.88 34.87 53.174 7.025 21.8467 49.8676 28.805 8.0267 7.2799 10.698 7.1334 3.0981 2.914 10.11 6.51736558857 13.9448
2016-10-16 18:09:57.042000 3934.766 4.647 50.907 35.021 53.198 6.817 20.5816 49.4905 28.8678 7.7887 7.2094 10.6356 6.9113 2.9629 2.7321 9.954 6.92348679764 13.9498
2016-10-16 18:10:59.552000 3997.276 4.273 50.929 34.499 53.223 6.638 19.4539 49.4488 28.8897 7.5628 7.1419 10.5644 6.7213 2.8158 2.5535 9.81 6.64232596059 13.9694
2016-10-16 18:12:02.102000 4059.826 4.241 50.948 35.14 53.242 6.467 18.4266 49.5967 28.8831 7.3534 7.0798 10.4881 6.5385 2.6504 2.3852 9.677 6.98596698365 13.9821
2016-10-16 18:13:04.652000 4122.376 4.386 50.958 34.469 53.253 6.304 17.4595 49.7671 28.8576 7.1571 7.0138 10.4101 6.3644 2.4793 2.2286 9.551 6.95472689064 13.9947
2016-10-16 18:14:07.262000 4184.986 3.997 50.967 34.947 53.261 6.151 16.6533 49.9656 28.8228 6.9765 6.9427 10.3288 6.2035 2.3179 2.1153 9.438 6.6735660536 14.0111
2016-10-16 18:15:09.912000 4247.636 4.104 50.968 34.846 53.264 6.025 15.9138 50.2206 28.7791 6.8186 6.865 10.2459 6.0689 2.186 2.0076 9.345 6.86100661163 14.0222
2016-10-16 18:16:12.602000 4310.326 3.909 50.966 34.967 53.266 5.665 15.1542 50.4946 28.7211 6.6761 6.7821 10.1623 5.9394 2.0595 1.8901 9.258 6.92348679764 14.0258
2016-10-16 18:17:15.312000 4373.036 4.21 50.961 34.501 53.263 5.78 14.3729 50.3885 28.6692 6.5411 21.701 10.0769 5.8089 1.9236 1.7662 9.175 6.73604623961 14.0401
2016-10-16 18:18:18.082000 4435.806 3.917 50.954 34.969 53.257 5.66 13.6003 50.0865 28.6124 6.4039 26.5353 9.9913 5.6795 1.788 1.6398 9.092 6.54860568158 14.0489
2016-10-16 18:19:20.933000 4498.657 3.751 50.946 34.61 53.25 5.54 12.8603 49.7661 28.5459 6.2689 29.6687 9.9062 5.5531 1.6536 1.5174 9.011 6.95472689064 14.0572
2016-10-16 18:20:23.753000 4561.477 3.928 50.932 34.754 53.242 5.422 12.3514 49.7711 28.4831 6.1221 31.7407 9.8174 5.4316 1.9656 1.4809 8.919 6.57984577458 2.1725
2016-10-16 18:21:26.653000 4624.377 3.688 50.922 34.752 53.229 5.376 11.9503 49.7052 28.4414 6.0437 33.0584 9.7382 5.3893 1.721 1.4175 8.878 6.95472689064 1.8892
2016-10-16 18:22:29.593000 4687.317 3.702 50.905 34.137 53.214 5.304 11.4369 50.0025 28.3893 5.9612 29.8778 9.6661 5.3038 1.5796 1.3399 8.829 6.48832603961 1.7428
2016-10-16 18:23:32.533000 4750.257 3.93 50.889 34.358 53.202 5.223 10.9085 50.3492 28.3337 5.8779 28.3977 9.5953 5.2178 1.4861 1.2735 8.775 6.86100661163 1.6476
2016-10-16 18:24:35.513000 4813.237 3.688 50.873 34.795 53.186 5.111 10.3954 50.3137 28.283 5.7952 27.6545 9.5259 5.1296 1.4172 1.2225 8.721 6.38318481161 1.5774
2016-10-16 18:25:38.523000 4876.247 3.577 50.855 34.396 53.17 5.062 9.9016 50.0756 28.2321 5.7071 27.3779 9.4594 5.0462 1.3756 1.1962 8.669 6.27804358362 1.5296
2016-10-16 18:26:41.543000 4939.267 3.716 50.835 34.008 53.153 4.99 9.4341 49.8239 28.1855 5.6216 27.2527 9.3963 4.9703 1.3531 1.1864 8.621 6.22547296963 1.5035
2016-10-16 18:27:44.613000 5002.337 3.741 50.816 34.54 53.133 4.898 9.0144 49.571 28.1446 5.5417 27.2052 9.3351 4.9041 1.3407 1.1823 8.577 5.98998825737 1.487
2016-10-16 18:28:47.713000 5065.437 3.518 50.793 34.594 53.114 4.878 8.6536 49.7504 28.1039 5.4745 27.1946 9.2782 4.8514 1.3341 1.1803 8.54 6.17290235563 1.4757
2016-10-16 18:29:50.853000 5128.577 3.505 50.776 34.584 53.095 4.837 8.3458 50.1339 28.0755 5.4252 27.2002 9.2267 4.8087 1.3272 1.1784 8.509 5.91883008792 1.4646
2016-10-16 18:30:54.074000 5191.798 3.523 50.752 33.955 53.075 4.679 8.0846 50.527 28.0484 5.3892 27.2118 9.1805 4.7725 1.321 1.1763 8.485 6.06776112764 1.4541
2016-10-16 18:31:57.274000 5254.998 3.508 50.728 34.099 53.055 4.758 7.8586 50.509 28.0266 5.3564 27.226 9.1379 4.7389 1.3133 1.1738 8.465 5.62188093447 1.4423
2016-10-16 18:33:00.544000 5318.268 3.708 50.712 33.994 53.037 4.744 7.6697 50.283 27.9985 5.3182 27.2384 9.0984 4.7084 1.308 1.1722 8.446 5.82395252865 1.4332
2016-10-16 18:34:03.844000 5381.568 3.683 50.693 33.931 53.02 4.643 7.5094 50.0313 27.9891 5.2821 27.2521 9.0617 4.6834 1.3033 1.1704 8.43 5.51643170605 1.426
2016-10-16 18:35:07.154000 5444.878 3.632 50.672 34.488 53.001 4.7 7.3762 49.7811 27.9863 5.2487 27.2642 9.0284 4.6618 1.299 1.169 8.416 5.45404328384 1.4196
2016-10-16 18:36:10.494000 5508.218 3.636 50.653 34.442 52.98 4.652 7.2655 49.5347 27.9782 5.2193 27.276 8.9979 4.6438 1.2953 1.1677 8.404 5.53722784678 1.4139
2016-10-16 18:37:13.884000 5571.608 3.63 50.632 34.436 52.963 4.673 7.1788 49.7168 27.9737 5.198 27.2842 8.9716 4.6329 1.2943 1.1679 8.394 5.21815158705 1.411
2016-10-16 18:38:17.304000 5635.028 3.648 50.612 34.354 52.946 4.666 7.1098 50.1066 27.9713 5.1904 27.296 8.9487 4.6261 1.2917 1.1669 8.388 5.09111884178 1.4068
2016-10-16 18:39:20.814000 5698.538 3.642 50.595 34.311 52.927 4.621 6.5509 50.5429 27.9467 5.1739 27.3075 8.9279 4.5766 1.3997 1.5282 8.372 5.14500625857 1.506
2016-10-16 18:40:24.294000 5762.018 3.633 50.579 34.266 52.911 4.573 6.2177 50.5678 27.9289 5.1368 27.3261 8.9044 4.5255 1.5039 1.6557 8.346 5.16296873083 1.6062
2016-10-16 18:41:27.794000 5825.518 3.639 50.561 34.169 52.899 4.543 6.0525 50.382 27.9177 5.0989 27.345 8.8797 4.493 1.5932 1.7155 8.323 4.95125590036 1.6913
2016-10-16 18:42:31.355000 5889.079 3.631 50.547 34.148 52.882 4.525 5.9686 50.1758 27.9181 5.0677 27.3624 8.8566 4.4743 1.6711 1.7464 8.308 5.07315636952 1.7656
2016-10-16 18:43:34.975000 5952.699 3.636 50.527 34.111 52.863 4.515 5.9241 49.9775 27.9192 5.0439 27.3768 8.8356 4.4637 1.7397 1.7643 8.298 4.80139016208 1.8333
2016-10-16 18:44:38.615000 6016.339 3.64 50.51 34.058 52.848 4.509 5.9019 49.7721 27.9199 5.0255 27.3884 8.8169 4.4571 1.8007 1.7783 8.291 4.80139016208 1.8919
2016-10-16 18:45:42.285000 6080.009 3.455 50.494 33.691 52.831 4.515 5.9165 49.9752 27.923 5.0194 27.399 8.8012 4.4639 1.8443 1.8052 8.289 4.72435631949 1.9356
2016-10-16 18:46:46.185000 6143.909 3.42 50.48 33.672 52.819 4.525 5.9629 49.95 27.9261 17.0103 27.4082 8.7885 4.4856 1.8669 1.8256 8.29 4.72435631949 1.9579
2016-10-16 18:47:49.915000 6207.639 4.656 50.459 34.268 52.796 7.566 8.0407 30.0539 28.5191 19.6781 27.4184 9.1666 7.7161 1.685 1.8132 9.777 4.78589883247 1.7848
2016-10-16 18:48:53.645000 6271.369 4.213 50.459 34.894 52.808 6.454 7.5503 16.2093 28.402 21.2838 27.4202 9.3946 6.5048 1.114 1.7584 9.746 4.5586658503 1.2415
2016-10-16 18:49:57.485000 6335.209 4.088 50.537 34.593 52.872 5.532 7.0066 9.8214 28.2292 22.2284 27.3664 9.403 5.5135 0.5719 1.7238 9.266 4.66281380651 0.8086
2016-10-16 18:51:01.335000 6399.059 3.661 50.571 33.852 52.897 4.957 6.6056 7.0935 28.1052 22.8857 27.2968 9.3234 4.9779 0.4804 1.7194 8.845 4.61665692178 0.7425
2016-10-16 18:52:05.205000 6462.929 3.497 50.568 33.737 52.894 4.803 6.3424 6.5108 28.038 23.5529 27.2579 9.2267 4.7553 0.4733 1.7153 8.593 4.54449756502 0.7375
2016-10-16 18:53:09.115000 6526.839 3.466 50.548 34.345 52.878 4.703 6.1597 6.3459 27.9968 24.005 27.2457 9.1401 4.6537 0.4716 1.715 8.464 4.63204255003 0.7354
2016-10-16 18:54:13.075000 6590.799 3.641 50.53 34.323 52.864 4.645 6.024 6.2525 27.971 24.5169 27.246 9.0654 4.5958 0.4709 1.7153 8.4 4.44531956806 0.7341
2016-10-16 18:55:17.086000 6654.81 3.533 50.517 33.694 52.852 4.607 5.9164 6.1857 27.9604 24.8548 27.2541 9.0024 4.5584 0.4707 1.7155 8.362 4.50199270918 0.7333
2016-10-16 18:56:21.146000 6718.87 3.583 50.504 34.2 52.839 4.583 5.8347 6.1341 27.9482 25.1649 27.2628 8.9516 4.5335 0.4704 1.7155 8.339 4.51616099446 0.7325
2016-10-16 18:57:25.196000 6782.92 3.64 50.49 33.815 52.827 4.566 5.7705 6.0901 27.9346 25.471 27.2737 8.9093 4.5162 0.4705 1.7156 8.324 4.54449756502 0.7319
2016-10-16 18:58:29.326000 6847.05 3.43 50.476 33.993 52.814 4.553 5.7185 6.0451 27.9317 25.7037 27.2862 8.874 4.5027 0.4722 1.7152 8.313 4.37658440325 0.7326
2016-10-16 18:59:33.456000 6911.19 3.534 50.464 34.439 52.801 4.543 5.6782 6.012 27.9257 25.882 27.2957 8.8442 4.4921 0.4719 1.7153 8.305 4.53032927974 0.7321
2016-10-16 19:00:37.646000 6975.37 3.651 50.452 34.002 52.793 4.535 5.6457 5.9805 27.9224 26.0312 27.3065 8.8193 4.484 0.472 1.7153 8.299 4.3375873776 0.7317
2016-10-16 19:01:41.806000 7039.53 3.429 50.441 34.355 52.781 4.529 5.6198 5.9501 27.9183 26.1831 27.3147 8.7982 4.4767 0.4726 1.7156 8.294 4.44531956806 0.7317
2016-10-16 19:02:46.066000 7103.79 3.627 50.43 34.088 52.77 4.523 5.5987 5.9213 27.9122 26.3006 27.3229 8.7798 4.4705 0.4728 1.7159 8.289 4.3635853947 0.7316
2016-10-16 19:03:50.326000 7168.05 3.417 50.419 34.267 52.759 4.518 5.5813 5.8948 27.914 26.4054 27.3313 8.7643 4.4655 0.4721 1.7161 8.285 4.28559134341 0.7308
2016-10-16 19:04:54.736000 7232.46 3.562 50.409 33.633 52.75 4.514 5.5667 5.8694 27.9112 26.4821 27.3395 8.7504 4.4608 0.4709 1.7158 8.282 4.4878244239 0.7298
2016-10-16 19:05:59.076000 7296.8 3.416 50.399 34.031 52.741 4.509 5.5528 5.8292 27.9101 26.5514 27.345 8.7385 4.4557 0.5002 1.716 8.278 4.31158936051 0.7437
2016-10-16 19:07:03.447000 7361.171 3.626 50.39 33.78 52.731 4.429 5.5058 4.5555 27.8957 26.5377 27.4293 8.725 4.3662 1.9676 1.7454 8.254 4.37658440325 2.0334
2016-10-16 19:08:07.867000 7425.591 3.382 50.382 34.343 52.723 4.369 5.5072 4.0883 27.8835 26.5601 27.5385 8.7035 4.3049 2.9084 1.7709 8.215 4.43115128278 2.9955
2016-10-16 19:09:12.737000 7490.461 3.367 50.372 34.162 52.713 4.35 5.5343 3.9519 27.8883 26.6014 27.5993 8.6826 4.2852 3.5568 1.7831 8.194 4.44531956806 3.665
2016-10-16 19:10:17.457000 7555.181 3.511 50.36 33.615 52.701 4.344 5.5629 3.8994 27.888 26.6391 27.6248 8.6646 4.2785 4.0579 1.7887 8.183 4.3635853947 4.1903
2016-10-16 19:11:22.027000 7619.751 3.485 50.348 34.315 52.69 4.342 5.588 3.8758 27.8877 26.6706 27.6341 8.6496 4.2769 4.4662 1.7915 8.179 4.5586658503 4.6174
2016-10-16 19:12:26.587000 7684.311 3.385 50.337 33.823 52.679 4.342 5.6084 3.8631 27.8873 26.6977 27.6346 8.6371 4.2767 4.8137 1.7934 8.177 4.43115128278 4.9853
2016-10-16 19:13:31.167000 7748.901 3.411 50.328 33.939 52.672 4.343 5.6258 3.8563 27.888 26.7177 27.6261 8.6267 4.2771 5.1179 1.7947 8.175 4.66281380651 5.3085
2016-10-16 19:14:35.837000 7813.561 3.557 50.322 34.117 52.662 4.344 5.6402 3.8519 27.8888 26.7418 27.6185 8.6179 4.2782 5.3885 1.7958 8.175 4.58700242086 5.5971
2016-10-16 19:15:40.487000 7878.211 3.367 50.314 34.09 52.658 4.345 5.6538 3.8497 27.8894 26.7543 27.609 8.6102 4.2795 5.6339 1.797 8.174 4.77051320422 5.8593
2016-10-16 19:16:45.217000 7942.941 3.376 50.306 33.88 52.649 4.346 5.6639 3.8476 27.8883 26.7738 27.5974 8.604 4.2799 5.8567 1.7947 8.174 4.85134540818 6.0965
2016-10-16 19:17:49.937000 8007.661 3.6 50.299 33.801 52.641 4.347 5.6676 3.8464 27.8849 26.783 27.5883 8.5985 4.2805 6.0582 1.7923 8.174 4.83469365948 6.3157
2016-10-16 19:18:54.728000 8072.452 3.582 50.291 33.986 52.634 4.347 5.6703 3.8459 27.8877 26.7936 27.5797 8.5938 4.2815 6.25 1.7923 8.173 4.78589883247 6.5197
2016-10-16 19:19:59.518000 8137.242 3.375 50.284 34.239 52.627 4.347 5.6741 3.8438 27.8888 26.8024 27.5699 8.5896 4.2815 6.4253 1.7935 8.173 5.05519389726 6.7169
2016-10-16 19:21:04.368000 8202.092 3.367 50.278 34.107 52.621 4.347 5.6792 3.8426 27.887 26.805 27.5608 8.5857 4.2814 6.5902 1.795 8.172 4.81804191078 6.8958
2016-10-16 19:22:09.828000 8267.552 3.442 50.272 34.325 52.616 4.348 5.685 3.8426 27.8894 26.8151 27.5527 8.582 4.2821 6.7564 1.7963 8.171 5.05519389726 7.0739
2016-10-16 19:23:15.138000 8332.862 3.529 50.264 34.099 52.607 4.349 5.6915 3.8433 27.888 26.8203 27.5444 8.5786 4.2834 6.9067 1.7975 8.171 5.23749452273 7.2337
2016-10-16 19:24:20.264000 8397.988 3.427 50.259 34.323 52.603 4.35 5.6982 3.8427 27.8818 26.8237 27.5381 8.5755 4.2838 7.0488 1.7986 8.171 5.29552332977 7.3905
2016-10-16 19:25:25.349000 8463.073 3.369 50.252 34.129 52.596 4.35 5.7047 3.8423 27.8873 26.8234 27.5303 8.5724 4.2841 7.1844 1.7998 8.171 5.09111884178 7.5367
2016-10-16 19:26:30.503000 8528.227 3.379 50.249 33.844 52.594 4.35 5.7109 3.8432 27.8863 26.832 27.522 8.5696 4.2846 7.3125 1.8008 8.17 5.18093120309 7.6741
2016-10-16 19:27:35.642000 8593.366 3.407 50.242 33.606 52.588 4.346 5.5818 3.834 27.8818 26.8328 27.5161 8.5668 4.2792 7.4379 3.0045 8.169 5.27618039409 7.8066
2016-10-16 19:28:40.847000 8658.571 3.361 50.239 34.125 52.581 4.315 5.2002 3.788 27.858 26.8264 27.5164 8.5642 4.246 7.5573 4.1795 8.158 5.45404328384 7.9399
2016-10-16 19:29:45.957000 8723.681 3.369 50.233 33.799 52.576 4.284 4.8926 3.7439 27.8451 26.8215 27.5248 8.5597 4.2123 7.6766 4.985 8.141 5.37289507248 8.072
2016-10-16 19:30:51.148000 8788.872 3.388 50.227 33.555 52.57 4.26 4.6704 3.7106 27.8371 26.8192 27.5397 8.5535 4.1853 7.7969 5.607 8.125 5.25683745841 8.2021
2016-10-16 19:31:56.348000 8854.072 3.35 50.221 33.567 52.566 4.241 4.5041 3.6846 27.8275 26.8155 27.5643 8.5466 4.1632 7.9139 6.1122 8.113 5.31486626545 8.3349
2016-10-16 19:33:01.598000 8919.322 3.369 50.216 33.597 52.559 4.228 4.3778 3.6656 27.8254 26.8109 27.5934 8.5399 4.1471 8.0324 6.5396 8.102 5.62188093447 8.461
2016-10-16 19:34:06.858000 8984.582 3.333 50.209 33.473 52.554 4.218 4.281 3.6519 27.8265 26.8151 27.628 8.5338 4.1352 8.1456 6.9194 8.095 5.55802398752 8.5923
2016-10-16 19:35:12.208000 9049.932 3.363 50.203 33.657 52.546 4.21 4.2031 3.6411 27.8261 26.8147 27.6643 8.5281 4.1261 8.2574 7.2543 8.089 5.4332471431 8.7194
