#Human readable time. Time (s) since start. Lakeshore temperature sensor 218 T1,3,5,6,8 and 224 C2,C3,C4,C5,D2,D3,D5,A,B
2016-10-18 07:21:38.632000 0.0 3.425 49.256 33.2 51.533 4.127 4.7595 3.6153 3.8621 4.4094 31.259 6.6754 3.9928 17.1863 16.5298 7.939 -1 19.194
2016-10-18 07:22:48.352000 69.72 3.416 49.255 34.038 51.53 4.127 4.7597 3.6149 3.8626 4.4093 31.262 6.6751 3.992 17.1881 16.5298 7.939 7.6340352358 19.2029
2016-10-18 07:23:48.702000 130.07 3.53 49.251 33.689 51.528 4.128 4.7594 3.6148 3.8624 4.4096 26.1978 6.6747 3.9936 17.1954 16.5317 7.939 7.99010517368 19.2083
2016-10-18 07:24:49.132000 190.5 3.584 49.253 34.03 51.525 4.245 17.3724 3.6454 4.0857 4.5922 23.598 6.7012 4.1492 17.2098 16.5442 7.958 8.07848712666 19.2116
2016-10-18 07:25:49.552000 250.92 3.758 49.25 33.801 51.525 4.903 22.9242 3.8708 5.357 5.6742 22.1637 6.9531 4.8756 17.1979 15.14 8.199 7.44308615144 19.2186
2016-10-18 07:26:50.012000 311.38 3.99 49.25 33.389 51.525 5.395 27.8499 4.4508 6.8457 6.9999 21.2281 7.428 5.3946 17.2042 10.5547 8.499 7.91097852082 19.2251
2016-10-18 07:27:50.522000 371.89 3.787 49.262 33.553 51.54 5.485 32.0517 5.1259 8.2412 8.3366 20.4749 7.9512 5.4865 17.1925 7.1993 8.671 7.51534525651 19.2004
2016-10-18 07:28:51.073000 432.441 3.773 49.291 34.056 51.565 5.542 34.9187 5.8502 9.4943 9.5862 19.7772 8.4647 5.551 17.1724 6.3464 8.748 8.03363475214 19.1873
2016-10-18 07:29:51.623000 492.991 3.88 49.314 34.229 51.583 5.623 37.362 6.544 10.616 10.704 19.1072 8.9686 5.639 17.1614 6.1379 8.811 7.7527252151 19.1671
2016-10-18 07:30:52.243000 553.611 3.967 49.334 34.038 51.604 5.042 39.5311 7.2184 11.5793 11.6623 18.4421 9.439 5.7346 17.1481 6.1008 8.872 7.71316188867 19.1594
2016-10-18 07:31:52.883000 614.251 3.888 49.356 33.787 51.625 5.782 41.4633 7.449 12.4323 12.3652 17.7852 9.8726 5.8554 17.1312 6.1183 8.942 8.07848712666 19.1459
2016-10-18 07:32:53.523000 674.891 3.949 49.375 34.252 51.643 5.872 43.2069 6.388 13.1869 13.171 17.1353 10.2622 5.98 17.1241 6.1618 9.018 7.59447190937 19.1186
2016-10-18 07:33:54.243000 735.611 4.251 49.398 34.215 51.665 6.055 44.7706 6.2245 13.8529 13.9254 16.5015 10.6051 6.1117 17.1136 6.2146 9.098 7.83185186796 19.1203
2016-10-18 07:34:54.993000 796.361 4.094 49.418 33.598 51.687 6.154 46.1945 6.2989 14.4285 14.5607 15.8903 10.9085 6.2525 17.096 6.2843 9.184 7.55490858294 19.1154
2016-10-18 07:35:55.743000 857.111 4.089 49.445 34.025 51.709 6.325 47.4956 6.4358 14.9358 15.1066 15.3161 11.1819 6.4056 17.0814 6.3748 9.275 7.55490858294 19.118
2016-10-18 07:36:56.563000 917.931 4.475 49.47 34.093 51.735 5.714 48.1619 6.4486 15.3193 15.5122 14.7347 11.3313 6.4432 17.0655 6.372 9.34 7.99010517368 19.1093
2016-10-18 07:37:57.403000 978.771 4.11 49.498 33.993 51.764 6.334 48.2932 6.3974 15.374 15.6575 14.149 11.3242 6.4189 17.0511 6.3294 9.36 7.59447190937 19.1159
2016-10-18 07:38:58.273000 1039.641 4.083 49.526 34.409 51.789 5.702 48.5284 6.2747 15.1186 15.5632 13.5675 11.2199 6.3213 17.0409 6.2466 9.337 7.79228854153 19.1228
2016-10-18 07:39:59.174000 1100.542 4.36 49.55 33.842 51.814 6.127 48.9175 6.1107 14.6631 15.2898 13.0056 11.0513 6.1726 17.018 6.1132 9.274 8.03363475214 19.1332
2016-10-18 07:41:00.114000 1161.482 3.953 49.573 34.4 51.834 5.975 49.4131 5.936 14.1141 14.9068 12.4691 10.8545 6.0072 16.9948 5.9516 9.187 7.55490858294 19.1555
2016-10-18 07:42:01.094000 1222.462 4.179 49.588 33.717 51.852 5.832 49.9245 5.7782 13.5403 14.4732 11.9561 10.6459 5.8527 16.9831 5.7846 9.092 7.87141519439 19.1769
2016-10-18 07:43:02.114000 1283.482 3.854 49.602 34.368 51.862 5.524 50.4177 5.6519 13.0025 14.032 11.4671 10.4464 5.7217 16.9514 5.6336 9.003 8.07848712666 19.2142
2016-10-18 07:44:03.164000 1344.532 4.015 49.607 33.68 51.872 5.545 50.9125 5.5614 12.5293 13.6148 11.0035 10.2684 5.6129 16.9309 5.5012 8.926 7.51534525651 19.2203
2016-10-18 07:45:04.284000 1405.652 3.801 49.615 34.396 51.878 5.49 51.1029 5.4542 12.0751 13.1951 10.5523 10.0686 5.4854 16.9038 5.3391 8.849 8.07848712666 19.2616
2016-10-18 07:46:05.424000 1466.792 3.702 49.617 34.082 51.882 4.164 50.9369 5.3821 11.5287 12.7091 10.1001 9.8328 5.3657 16.8886 5.1789 8.771 7.6340352358 19.2918
2016-10-18 07:47:06.574000 1527.942 3.98 49.619 33.858 51.885 5.27 50.7057 5.3646 10.9002 12.1521 9.6506 9.5806 5.2448 16.8658 5.0543 8.696 8.07848712666 19.3103
2016-10-18 07:48:07.794000 1589.162 3.63 49.617 34.093 51.883 5.183 50.4755 5.4246 10.2349 11.5505 9.2213 9.3205 5.1526 16.8309 4.9519 8.628 7.59447190937 19.3305
2016-10-18 07:49:09.034000 1650.402 3.704 49.611 33.511 51.88 5.101 50.2544 5.5382 9.5556 10.9322 8.8249 9.0669 5.066 16.7986 4.853 8.57 7.95054184725 19.3502
2016-10-18 07:50:10.334000 1711.702 3.696 49.607 34.317 51.875 2.821 50.0272 5.6633 8.9077 10.3116 8.4526 8.8203 4.9862 16.7895 4.7591 8.519 7.59447190937 19.3642
2016-10-18 07:51:11.614000 1772.982 3.557 49.601 34.082 51.872 4.959 49.8058 5.7706 8.3004 9.6892 8.1091 8.5887 4.9102 16.7594 4.6678 8.474 7.7527252151 19.3945
2016-10-18 07:52:12.945000 1834.313 3.572 49.594 33.755 51.864 4.825 49.5967 5.8475 7.7554 9.0928 7.7958 8.3708 4.8394 16.7321 4.5857 8.435 8.12333950118 19.4068
2016-10-18 07:53:14.295000 1895.663 3.734 49.588 34.108 51.858 3.126 49.7267 5.9216 7.3535 8.6072 7.5203 8.1855 4.8103 16.7106 4.5501 8.407 7.55490858294 19.4183
2016-10-18 07:54:15.675000 1957.043 3.578 49.578 34.239 51.85 4.908 50.3297 27.4432 7.2892 8.4039 7.3019 8.0589 4.8641 16.0963 4.6073 8.408 7.91097852082 19.4515
2016-10-18 07:55:17.095000 2018.463 3.57 49.571 33.85 51.841 4.553 51.1868 36.3485 7.5056 8.4662 7.1682 8.0105 4.9665 12.9643 4.7329 8.443 8.12333950118 19.4447
2016-10-18 07:56:18.545000 2079.913 3.66 49.563 33.446 51.835 5.076 51.8073 41.5747 7.7879 8.6431 7.0993 8.0198 5.044 7.5626 4.7931 8.488 7.91097852082 19.404
2016-10-18 07:57:20.035000 2141.403 3.888 49.559 33.737 51.832 3.729 51.9158 46.0604 7.8863 8.718 7.0692 8.0547 5.0261 5.5541 4.7656 8.502 7.6340352358 19.3406
2016-10-18 07:58:21.575000 2202.943 3.755 49.558 34.314 51.836 5.018 51.864 50.4417 7.8542 8.7141 7.0732 8.1154 4.9797 5.1774 4.7215 8.49 7.79228854153 19.2792
2016-10-18 07:59:23.135000 2264.503 3.583 49.553 34.228 51.826 4.935 51.7375 52.3051 7.7468 8.6564 7.0436 8.1435 4.8869 4.9329 4.6614 8.456 7.55490858294 19.2066
2016-10-18 08:00:24.755000 2326.123 3.543 49.551 33.801 51.822 4.756 51.6106 52.4705 7.5463 8.512 6.9568 8.1013 4.8268 4.811 4.6052 8.421 7.91097852082 19.1388
2016-10-18 08:01:26.395000 2387.763 3.592 49.546 33.415 51.817 4.806 51.471 52.3051 7.2817 8.296 6.8487 8.0168 4.7785 4.7374 4.5533 8.392 7.83185186796 19.0715
2016-10-18 08:02:28.045000 2449.413 3.541 49.541 33.587 51.814 4.794 51.3563 52.0923 6.9941 8.0374 6.7359 7.9119 4.7341 4.6782 4.5061 8.366 7.59447190937 18.9963
2016-10-18 08:03:29.775000 2511.143 3.677 49.532 33.464 51.807 4.529 51.2423 51.8715 6.7139 7.7621 6.6242 7.7968 4.6955 4.6276 4.4612 8.343 7.7527252151 18.9227
2016-10-18 08:04:31.506000 2572.874 3.548 49.528 33.822 51.801 3.741 51.1357 51.645 6.4557 7.4901 6.52 7.6837 4.6604 4.5815 4.4195 8.323 7.95054184725 18.8638
2016-10-18 08:05:33.276000 2634.644 3.735 49.521 33.607 51.798 3.168 51.039 51.433 6.2275 7.2271 6.4225 7.5734 4.6292 4.5437 4.3803 8.304 7.59447190937 18.7864
2016-10-18 08:06:35.076000 2696.444 3.579 49.515 33.386 51.79 4.672 50.9383 51.211 6.0292 6.9842 6.3348 7.4721 4.6006 4.5049 4.3473 8.288 7.51534525651 18.7125
2016-10-18 08:07:36.906000 2758.274 3.719 49.51 33.769 51.785 4.375 50.8602 50.9946 5.846 6.7633 6.2552 7.3782 4.5749 4.4706 4.3155 8.273 7.91097852082 18.6473
2016-10-18 08:08:38.756000 2820.124 3.694 49.503 33.547 51.78 4.484 50.7806 50.777 5.6823 6.5666 6.1835 7.2943 4.5509 4.4364 4.2866 8.259 7.71316188867 18.5708
2016-10-18 08:09:40.696000 2882.064 3.656 49.498 33.479 51.774 4.607 50.7043 50.5564 5.5381 6.3912 6.1205 7.2193 4.5292 4.4075 4.2587 8.246 7.51534525651 18.4992
2016-10-18 08:10:42.626000 2943.994 3.55 49.494 33.508 51.775 4.544 50.6381 50.35 5.4127 6.2391 6.0647 7.1525 4.5095 4.377 4.2331 8.235 7.71316188867 18.4399
2016-10-18 08:11:44.616000 3005.984 3.486 49.486 33.417 51.762 4.572 50.5683 50.1313 5.3023 6.1057 6.015 7.0936 4.4919 4.3565 4.2099 8.224 7.79228854153 18.3592
2016-10-18 08:12:46.586000 3067.954 3.46 49.478 33.517 51.758 4.557 50.5081 49.916 5.2052 5.9863 5.9689 7.0414 4.4747 4.3341 4.1881 8.214 7.7527252151 18.3019
2016-10-18 08:13:48.636000 3130.004 3.98 49.474 33.322 51.754 6.451 49.5503 49.6987 17.6477 6.3605 5.9351 7.0815 6.6751 4.4199 4.2775 8.63 7.99010517368 18.2345
2016-10-18 08:14:50.686000 3192.054 5.004 49.457 34.039 51.734 8.464 44.8219 49.8148 21.2846 8.0133 6.0051 7.7783 8.7579 4.4463 4.2164 10.101 7.87141519439 18.1661
2016-10-18 08:15:52.817000 3254.185 5.259 49.481 34.799 51.771 8.759 41.5932 50.1288 23.5 8.8007 6.0433 8.4097 9.0324 4.3759 4.1375 10.788 7.44308615144 18.0961
2016-10-18 08:16:54.927000 3316.295 5.491 49.596 35.006 51.877 8.696 39.0278 50.4542 24.9563 9.1138 6.0431 8.8302 8.9492 4.2807 4.0347 11.025 7.87141519439 18.0233
2016-10-18 08:17:57.087000 3378.455 5.557 49.717 34.884 51.986 8.518 36.7146 50.4183 26.1369 9.201 6.0173 9.0944 8.7519 4.1363 3.9092 11.045 7.83185186796 17.968
2016-10-18 08:18:59.257000 3440.625 5.19 49.812 34.29 52.073 8.316 34.4659 50.1791 26.9498 9.1576 5.9699 9.2457 8.5108 3.991 3.7637 10.961 7.51534525651 17.9028
2016-10-18 08:20:01.477000 3502.845 4.933 49.893 34.382 52.147 8.071 32.2515 49.9058 27.496 9.0335 5.9056 9.3186 8.2706 3.8304 3.6079 10.822 7.83185186796 17.8301
2016-10-18 08:21:03.717000 3565.085 4.949 49.955 34.618 52.206 7.858 29.6941 49.6299 27.8654 8.8585 5.8285 9.3309 8.0178 3.6566 3.4385 10.658 7.6340352358 17.7694
2016-10-18 08:22:06.017000 3627.385 5.006 50.005 34.965 52.255 7.624 27.1783 49.6796 28.1844 8.6532 5.7416 9.2995 7.7661 3.4817 3.2605 10.483 7.44308615144 17.701
2016-10-18 08:23:08.367000 3689.735 4.721 50.051 34.202 52.298 7.394 24.8972 49.8933 28.46 8.4311 5.6472 9.2363 7.5136 3.2699 3.0819 10.32 7.47838956745 17.6308
2016-10-18 08:24:10.747000 3752.115 4.469 50.082 34.245 52.333 7.176 23.0309 50.0641 28.636 8.2022 5.5479 9.1521 7.2795 3.0316 2.9092 10.158 7.51534525651 17.5668
2016-10-18 08:25:13.147000 3814.515 4.413 50.115 34.947 52.363 6.955 21.5364 50.2947 28.7386 7.967 5.4623 9.0477 7.0417 2.9326 2.7286 9.993 7.71316188867 17.4943
2016-10-18 08:26:15.587000 3876.955 4.699 50.141 34.451 52.393 6.744 20.2495 50.1423 28.8003 7.7311 5.4076 8.931 6.8157 2.79 2.5414 9.831 7.37247931942 17.4153
2016-10-18 08:27:18.037000 3939.405 4.182 50.163 34.549 52.415 6.549 19.0839 49.7534 28.8166 7.4987 5.3442 8.8051 6.6067 2.6231 2.366 9.678 7.79228854153 17.3603
2016-10-18 08:28:20.588000 4001.956 4.404 50.179 34.697 52.43 6.365 18.0067 49.3362 28.8065 7.2724 5.2709 8.6748 6.4088 2.4476 2.2028 9.533 7.59447190937 17.2891
2016-10-18 08:29:23.118000 4064.486 4.093 50.187 34.121 52.438 6.126 17.2107 49.3231 28.7847 7.0641 5.1864 8.5431 6.2448 2.2923 2.0905 9.412 7.59447190937 17.2213
2016-10-18 08:30:25.698000 4127.066 4.062 50.191 34.816 52.446 6.075 16.4064 49.5556 28.7532 6.8852 5.0904 8.4173 6.1007 2.1592 1.9781 9.312 7.59447190937 17.1536
2016-10-18 08:31:28.298000 4189.666 3.929 50.19 34.072 52.447 5.942 15.5629 49.8339 28.6958 6.7261 4.9872 8.2954 5.9582 2.0285 1.8534 9.218 7.47838956745 17.087
2016-10-18 08:32:30.938000 4252.306 4.124 50.187 34.659 52.445 5.81 14.6813 50.118 28.6502 6.5786 4.8916 8.177 5.8169 1.89 1.7212 9.126 7.83185186796 17.0256
2016-10-18 08:33:33.628000 4314.996 3.924 50.184 33.926 52.444 5.677 13.8116 50.4069 28.5871 6.4378 4.8027 8.0622 5.6737 1.7424 1.5851 9.035 7.51534525651 16.9553
2016-10-18 08:34:36.358000 4377.726 4.025 50.175 34.456 52.435 5.541 12.9426 50.3137 28.5223 6.3002 21.3204 7.9482 5.5289 1.5888 1.4489 8.943 7.19596223936 16.8929
2016-10-18 08:35:39.158000 4440.526 3.744 50.165 33.964 52.429 5.406 12.0986 50.0368 28.4461 6.1574 26.0099 7.8338 5.383 1.4652 1.3249 8.851 7.33717590341 16.8164
2016-10-18 08:36:42.078000 4503.446 3.967 50.15 34.085 52.418 5.274 11.2677 49.7632 28.3694 6.0136 29.2906 7.7206 5.2416 1.3788 1.2201 8.758 7.55490858294 16.7462
2016-10-18 08:37:44.928000 4566.296 3.678 50.135 34.598 52.404 4.611 10.8416 50.0605 28.303 5.8394 31.3181 7.6029 5.064 2.1638 1.3948 8.646 7.40778273543 2.5559
2016-10-18 08:38:47.788000 4629.156 3.892 50.12 33.862 52.388 5.191 10.9536 49.8002 28.2979 5.7986 32.7169 7.5145 5.1562 1.773 1.3105 8.641 7.09005199133 1.9649
2016-10-18 08:39:50.719000 4692.087 3.777 50.095 34.491 52.368 5.138 10.6235 49.601 28.2605 5.7518 29.4879 7.4434 5.098 1.5383 1.2351 8.622 6.95472689064 1.7235
2016-10-18 08:40:53.639000 4755.007 3.582 50.079 34.238 52.355 5.064 10.1232 49.745 28.2085 5.6821 27.8342 7.3751 5.0175 1.4259 1.19 8.583 6.95472689064 1.6071
2016-10-18 08:41:56.579000 4817.947 3.692 50.061 33.702 52.34 4.988 9.5761 50.1165 28.1573 5.6114 27.2069 7.309 4.9352 1.3705 1.1663 8.537 7.16065882335 1.5423
2016-10-18 08:42:59.619000 4880.987 3.762 50.045 34.242 52.324 3.571 9.0374 50.4991 28.1094 5.5442 26.9086 7.245 4.8593 1.3397 1.1545 8.491 6.6735660536 1.5043
2016-10-18 08:44:02.669000 4944.037 3.529 50.026 34.37 52.304 4.759 8.5445 50.48 28.0682 5.4783 26.7871 7.1828 4.7866 1.3172 1.1457 8.451 6.89224670463 1.4731
2016-10-18 08:45:05.729000 5007.097 3.539 50.005 33.678 52.288 4.784 8.1001 50.2489 28.0273 5.4084 26.7371 7.123 4.7201 1.3012 1.1393 8.413 6.40947011861 1.447
2016-10-18 08:46:08.839000 5070.207 3.525 49.986 33.886 52.268 4.733 7.7113 50.0012 27.994 5.34 26.7186 7.066 4.662 1.2872 1.1345 8.378 6.38318481161 1.4238
2016-10-18 08:47:11.969000 5133.337 3.706 49.964 34.04 52.25 4.651 7.3816 49.7511 27.9759 5.2769 26.7162 7.0119 4.612 1.2746 1.1298 8.348 6.51736558857 1.4039
2016-10-18 08:48:15.119000 5196.487 3.497 49.946 34.355 52.231 4.646 7.1094 49.499 27.9615 5.2214 26.7195 6.963 4.5691 1.2626 1.1259 8.321 6.30432889062 1.3854
2016-10-18 08:49:18.349000 5259.717 3.48 49.928 33.648 52.214 4.618 6.8917 49.6782 27.9499 5.1778 26.7263 6.9194 4.5382 1.254 1.1235 8.299 5.98998825737 1.3707
2016-10-18 08:50:21.579000 5322.947 3.469 49.905 33.688 52.194 3.981 6.7111 50.0665 27.9409 5.151 26.7356 6.8815 4.5158 1.2436 1.118 8.283 6.09404643464 1.3553
2016-10-18 08:51:24.870000 5386.238 3.676 49.886 33.715 52.18 4.547 6.5662 50.4566 27.9325 5.1344 26.743 6.8491 4.4972 1.2333 1.1149 8.27 5.66646547876 1.3402
2016-10-18 08:52:28.180000 5449.548 3.658 49.872 33.643 52.164 4.397 6.4469 50.4407 27.9226 5.1188 26.7497 6.8201 4.4793 1.2229 1.1111 8.259 5.84767191847 1.3251
2016-10-18 08:53:31.560000 5512.928 3.638 49.855 33.594 52.145 4.549 6.346 50.2065 27.9177 5.0968 26.7574 6.7935 4.4635 1.2147 1.1082 8.248 5.64417320662 1.3129
2016-10-18 08:54:34.960000 5576.328 3.661 49.836 33.599 52.13 4.535 6.2626 49.958 27.9183 5.0741 26.7621 6.7696 4.4492 1.2072 1.1056 8.239 5.31486626545 1.3018
2016-10-18 08:55:38.380000 5639.748 3.645 49.82 34.202 52.116 3.838 6.1912 49.7111 27.9188 5.0527 26.7681 6.7483 4.4379 1.2004 1.1033 8.231 5.51643170605 1.2913
2016-10-18 08:56:41.850000 5703.218 3.539 49.805 34.238 52.102 4.519 6.1351 49.8898 27.9136 5.0386 26.7718 6.7296 4.4313 1.1959 1.1019 8.225 5.29552332977 1.2833
2016-10-18 08:57:45.370000 5766.738 3.532 49.791 34.23 52.088 4.516 6.0885 50.2755 27.9112 5.0369 26.777 6.714 4.4278 1.1904 1.1 8.221 5.05519389726 1.2745
2016-10-18 08:58:48.920000 5830.288 3.526 49.78 34.384 52.081 4.515 6.0465 50.666 27.9134 5.0406 26.78 6.7016 4.4264 1.1846 1.0978 8.218 4.95125590036 1.2658
2016-10-18 08:59:52.470000 5893.838 3.674 49.765 34.244 52.062 4.509 6.0057 50.6501 27.9066 5.0423 26.7862 6.6901 4.4204 1.1776 1.0953 8.215 4.85134540818 1.256
2016-10-18 09:00:56.100000 5957.468 3.638 49.754 34.177 52.053 4.502 5.9652 50.4144 27.9097 5.0332 26.7876 6.6786 4.4132 1.1722 1.0935 8.21 4.58700242086 1.248
2016-10-18 09:01:59.710000 6021.078 3.624 49.744 33.938 52.04 4.497 5.9288 50.1722 27.9097 5.0206 26.7927 6.6672 4.4062 1.1675 1.0918 8.206 4.3895834118 1.2407
2016-10-18 09:03:03.370000 6084.738 3.607 49.732 34.001 52.031 4.491 5.8962 49.9178 27.9091 5.0077 26.7954 6.6564 4.3996 1.1631 1.0904 8.201 4.25959332632 1.2342
2016-10-18 09:04:07.071000 6148.439 3.614 49.722 34.007 52.021 4.335 5.8626 49.663 27.907 16.9988 26.7974 6.6462 4.4022 1.16 1.1172 8.197 4.27259233486 1.2287
2016-10-18 09:05:10.851000 6212.219 4.831 49.705 33.316 52.003 7.438 7.7228 27.504 28.4745 19.648 26.8108 7.2895 7.542 1.0874 1.3751 9.664 4.17129264009 1.1637
2016-10-18 09:06:14.611000 6275.979 4.394 49.717 34.079 52.026 6.076 6.7543 13.287 28.2804 21.1926 26.8057 7.5455 6.0757 0.6186 1.4391 9.495 3.93807382531 0.7454
2016-10-18 09:07:18.401000 6339.769 3.661 49.8 33.864 52.094 5.06 5.9676 6.9635 28.0573 22.0426 26.742 7.4424 4.9952 0.4504 1.4876 8.927 4.00491094031 0.6041
2016-10-18 09:08:22.261000 6403.629 3.493 49.823 33.6 52.112 3.519 5.5778 5.7826 27.9685 22.776 26.691 7.2561 4.5957 0.4332 1.52 8.524 3.75881038366 0.5898
2016-10-18 09:09:26.381000 6467.749 3.645 49.81 33.972 52.098 3.698 5.3631 5.4465 27.9356 23.4226 26.6663 7.0879 4.4342 0.4282 1.541 8.33 3.64124958636 0.5843
2016-10-18 09:10:30.591000 6531.959 3.457 49.791 33.462 52.084 4.456 5.2306 5.3042 27.9152 23.9183 26.6529 6.951 4.3557 0.4244 1.5549 8.234 3.68901691505 0.5799
2016-10-18 09:11:34.571000 6595.939 3.396 49.777 34.079 52.073 4.337 5.1419 5.2153 27.9013 24.3952 26.6309 6.8466 4.3117 0.4214 1.5634 8.182 3.48580884911 0.5764
2016-10-18 09:12:38.531000 6659.899 3.559 49.762 34.09 52.059 4.387 5.0806 5.1489 27.8898 24.762 26.5972 6.7662 4.2856 0.4192 1.5688 8.154 3.53035172209 0.5736
2016-10-18 09:13:42.551000 6723.919 3.536 49.75 33.497 52.048 4.317 5.0347 5.0997 27.8841 25.0285 26.564 6.7056 4.2681 0.4174 1.5721 8.138 3.46863025966 0.5712
2016-10-18 09:14:46.601000 6787.969 3.386 49.74 33.809 52.04 4.36 5.001 5.0586 27.8771 25.3507 21.1563 6.6586 4.2576 0.4156 1.5743 8.127 3.35930102088 0.5687
2016-10-18 09:15:50.672000 6852.04 3.428 49.73 34.21 52.03 4.352 4.9744 5.0214 27.874 25.5997 18.7124 6.623 4.2495 0.414 1.5755 8.12 3.42568378604 0.5667
2016-10-18 09:16:54.762000 6916.13 3.424 49.719 33.752 52.02 4.347 4.9527 4.9937 27.8717 25.7901 17.3671 6.5951 4.2432 0.4129 1.5761 8.115 3.27162259574 0.5655
2016-10-18 09:17:58.922000 6980.29 3.388 49.709 34.109 52.009 4.343 4.9352 4.9703 27.8632 25.9402 16.427 6.5733 4.2395 0.4121 1.5761 8.112 3.27162259574 0.5649
2016-10-18 09:19:03.082000 7044.45 3.562 49.7 34.005 52.0 4.339 4.9194 4.9485 27.8664 26.0814 15.5875 6.5558 4.235 0.4113 1.5757 8.109 3.32680547062 0.5646
2016-10-18 09:20:07.322000 7108.69 3.38 49.692 33.373 51.994 4.336 4.9058 4.9273 27.866 26.2035 14.7591 6.541 4.2315 0.4106 1.5749 8.106 3.22561032425 0.5651
2016-10-18 09:21:11.552000 7172.92 3.498 49.685 34.138 51.988 4.332 4.8922 4.9045 27.8632 26.3111 13.9253 6.5285 4.2274 0.4097 1.5738 8.103 3.20260418851 0.5676
2016-10-18 09:22:15.992000 7237.36 3.407 49.678 33.562 51.977 4.33 4.8807 4.8819 27.8624 26.3993 13.1022 6.5178 4.2251 0.4089 1.5727 8.1 3.24094774808 0.5761
2016-10-18 09:23:20.322000 7301.69 3.609 49.669 34.162 51.972 4.327 4.8688 4.8595 27.8559 26.4693 12.2894 6.5083 4.2217 0.4082 1.5715 8.098 3.3105576955 0.5944
2016-10-18 09:24:24.682000 7366.05 3.428 49.664 33.381 51.968 4.317 4.8581 4.8429 27.8611 26.5268 11.498 6.4999 4.2189 0.4078 1.5701 8.096 3.21794161234 0.6224
2016-10-18 09:25:29.062000 7430.43 3.556 49.658 33.983 51.959 4.322 4.8481 4.8293 27.8551 26.5747 10.7462 6.4923 4.2159 0.4075 1.569 8.094 3.3105576955 0.6594
2016-10-18 09:26:33.552000 7494.92 3.381 49.65 33.803 51.952 4.312 4.8397 4.8197 27.8583 26.617 10.0254 6.4856 4.2154 0.4073 1.568 8.092 3.35930102088 0.6987
2016-10-18 09:27:38.083000 7559.451 3.603 49.641 33.541 51.947 4.321 4.8318 4.8107 27.8559 26.6492 9.3199 6.4796 4.214 0.4071 1.5669 8.091 3.27162259574 0.7413
2016-10-18 09:28:42.623000 7623.991 3.432 49.637 34.153 51.939 4.319 4.8241 4.8027 27.8587 26.6779 8.6674 6.4742 4.2127 0.407 1.5658 8.09 3.375548796 0.7835
2016-10-18 09:29:47.143000 7688.511 3.429 49.631 33.357 51.934 4.318 4.8173 4.7951 27.8534 26.7013 8.0597 6.4692 4.2115 0.4069 1.5649 8.089 3.35117713331 0.8258
2016-10-18 09:30:51.743000 7753.111 3.507 49.626 34.133 51.933 4.316 4.81 4.787 27.8576 26.7208 7.5005 6.4644 4.2087 0.4069 1.5643 8.087 3.38367268357 0.8667
2016-10-18 09:31:56.383000 7817.751 3.402 49.628 33.65 51.933 4.315 4.804 4.7792 27.8583 26.739 6.9953 6.4599 4.2074 0.4069 1.5636 8.085 3.36742490844 0.9073
2016-10-18 09:33:01.083000 7882.451 3.447 49.617 33.333 51.924 4.313 4.7987 4.7726 27.858 26.7506 6.5526 6.4558 4.2062 0.407 1.563 8.084 3.39992045869 0.9473
2016-10-18 09:34:05.753000 7947.121 3.504 49.614 34.124 51.919 4.312 4.7927 4.7656 27.852 26.7625 6.173 6.4517 4.2043 0.4069 1.5621 8.083 3.47721955439 0.9919
2016-10-18 09:35:10.483000 8011.851 3.415 49.613 33.4 51.914 4.312 4.788 4.7604 27.8591 26.7753 5.8479 6.4481 4.2044 0.4069 1.5616 8.082 3.4085051966 1.0323
2016-10-18 09:36:15.283000 8076.651 3.461 49.605 33.325 51.91 4.31 4.7832 4.7533 27.8573 26.783 5.5552 6.4449 4.2029 0.407 1.5613 8.081 3.39992045869 1.0738
2016-10-18 09:37:20.093000 8141.461 3.563 49.606 34.057 51.91 4.31 4.7794 4.7472 27.8559 26.7872 5.3087 6.4417 4.2019 0.407 1.561 8.08 3.375548796 1.113
2016-10-18 09:38:24.923000 8206.291 3.468 49.604 34.148 51.907 4.308 4.7747 4.7402 27.8562 26.7969 5.1019 6.4387 4.1999 0.4071 1.5609 8.079 3.53035172209 1.1532
2016-10-18 09:39:29.814000 8271.182 3.394 49.601 34.092 51.904 4.308 4.7723 4.7343 27.8527 26.8008 4.9327 6.4357 4.2001 0.4073 1.5607 8.078 3.43427308077 1.1934
2016-10-18 09:40:34.744000 8336.112 3.377 49.598 33.968 51.901 4.304 4.7695 4.727 27.8576 26.8054 4.7953 6.4332 4.1986 0.4078 1.5606 8.077 3.53941786573 1.2316
2016-10-18 09:41:39.714000 8401.082 3.389 49.593 33.627 51.898 4.307 4.7667 4.7212 27.857 26.81 4.6863 6.4305 4.1987 0.4078 1.5606 8.076 3.49439814384 1.2739
2016-10-18 09:42:44.674000 8466.042 3.423 49.594 33.393 51.898 4.305 4.7636 4.7139 27.8534 26.8103 4.5992 6.428 4.1966 0.4079 1.5605 8.075 3.5122194348 1.3146
2016-10-18 09:43:49.714000 8531.082 3.466 49.59 33.309 51.894 4.305 4.7618 4.7084 27.857 26.8147 4.5307 6.4257 4.1961 0.4079 1.5604 8.075 3.43427308077 1.3568
2016-10-18 09:44:54.814000 8596.182 3.568 49.589 33.465 51.895 4.303 4.7586 4.7018 27.857 26.8151 4.477 6.4234 4.1942 0.4079 1.5604 8.074 3.54848400937 1.3993
2016-10-18 09:45:59.914000 8661.282 3.609 49.586 33.686 51.891 4.304 4.7574 4.697 27.8517 26.8175 4.4356 6.4212 4.1943 0.4079 1.5605 8.073 3.54848400937 1.4413
2016-10-18 09:47:05.064000 8726.432 3.56 49.585 33.931 51.888 4.302 4.7553 4.6903 27.8554 26.8161 4.4038 6.4191 4.1931 0.4081 1.5603 8.072 3.47721955439 1.4842
2016-10-18 09:48:10.264000 8791.632 3.596 49.586 33.529 51.888 4.297 4.7527 4.6841 27.8566 26.8203 4.3789 6.4169 4.1912 0.4082 1.5603 8.071 3.53035172209 1.5254
2016-10-18 09:49:15.474000 8856.842 3.551 49.583 33.909 51.887 4.3 4.7507 4.678 27.8566 26.8237 4.3597 6.4148 4.1902 0.4083 1.5603 8.07 3.5756824403 1.5686
2016-10-18 09:50:20.724000 8922.092 3.576 49.581 34.057 51.884 4.3 4.7498 4.6729 27.8538 26.8234 4.345 6.4128 4.1903 0.4083 1.5603 8.07 3.48580884911 1.6101
2016-10-18 09:51:25.965000 8987.333 3.575 49.577 33.864 51.883 4.3 4.749 4.6676 27.8566 26.8193 4.3335 6.4111 4.1896 0.4083 1.5604 8.07 3.64124958636 1.6507
2016-10-18 09:52:31.325000 9052.693 3.572 49.576 33.449 51.881 4.299 4.7474 4.6629 27.8562 26.8237 4.3246 6.4095 4.1891 0.4082 1.5604 8.069 3.53941786573 1.6926
2016-10-18 09:53:36.645000 9118.013 3.599 49.575 33.686 51.878 4.299 4.7457 4.6575 27.8554 26.8249 4.3178 6.4078 4.1888 0.408 1.5602 8.069 3.50315329116 1.7321
2016-10-18 09:54:41.965000 9183.333 3.48 49.575 33.321 51.879 4.299 4.7448 4.6526 27.8517 26.8225 4.3122 6.4061 4.1885 0.408 1.56 8.068 3.61258918915 1.7719
2016-10-18 09:55:47.345000 9248.713 3.387 49.573 33.624 51.877 4.298 4.7433 4.6477 27.8566 26.8212 4.3079 6.4046 4.1873 0.4078 1.5599 8.068 3.62214265489 1.8119
2016-10-18 09:56:52.775000 9314.143 3.394 49.573 33.463 51.874 4.297 4.7424 4.6431 27.858 26.8243 4.3043 6.403 4.1869 0.4081 1.5599 8.068 3.64124958636 1.8481
2016-10-18 09:57:58.275000 9379.643 3.377 49.572 33.756 51.877 4.296 4.7403 4.6372 27.8562 26.8255 4.3014 6.4014 4.1851 0.4115 1.5599 8.067 3.55755015301 1.874
2016-10-18 09:59:03.805000 9445.173 3.378 49.569 34.017 51.875 4.288 4.7335 4.4591 27.8548 26.8151 4.3009 6.3997 4.1752 0.8705 1.5661 8.065 3.69857038079 1.322
2016-10-18 10:00:09.335000 9510.703 3.452 49.57 34.119 51.874 4.258 4.7214 3.9969 27.8482 26.7896 4.3369 6.3938 4.1384 1.6062 1.5858 8.053 3.53941786573 1.7054
2016-10-18 10:01:14.895000 9576.263 3.541 49.57 33.873 51.872 4.238 4.7293 3.8209 27.8418 26.782 4.4057 6.384 4.1147 2.1524 1.6006 8.039 3.56661629665 2.2767
2016-10-18 10:02:20.535000 9641.903 3.365 49.567 33.687 51.873 4.231 4.7479 3.7589 27.8418 26.7784 4.4346 6.3749 4.1061 2.5534 1.6093 8.032 3.59381472758 2.7074
2016-10-18 10:03:26.156000 9707.524 3.385 49.568 34.102 51.871 4.228 4.7679 3.7313 27.8474 26.7823 4.4447 6.3679 4.1035 2.8807 1.6143 8.028 3.66990998358 3.0609
2016-10-18 10:04:31.816000 9773.184 3.527 49.566 33.904 51.869 4.229 4.7867 3.7186 27.8485 26.7896 4.4455 6.3626 4.1035 3.1573 1.6173 8.027 3.63169612063 3.3667
2016-10-18 10:05:37.566000 9838.934 3.371 49.563 33.56 51.868 4.229 4.8022 3.7118 27.8492 26.7902 4.4417 6.3588 4.1039 3.3992 1.6193 8.026 3.69857038079 3.6325
2016-10-18 10:06:43.306000 9904.674 3.36 49.561 34.049 51.865 4.23 4.8155 3.7069 27.8496 26.7921 4.4357 6.356 4.1045 3.6139 1.6207 8.026 3.69857038079 3.8716
2016-10-18 10:07:49.206000 9970.574 3.585 49.561 33.529 51.866 4.231 4.8267 3.7042 27.8496 26.7936 4.4289 6.3538 4.1056 3.807 1.6216 8.027 3.83065737381 4.0864
2016-10-18 10:08:55.046000 10036.414 3.357 49.563 33.928 51.866 4.231 4.8359 3.7019 27.8507 26.7953 4.4218 6.3521 4.1065 3.9818 1.6223 8.027 3.86234427936 4.2889
2016-10-18 10:10:00.916000 10102.284 3.59 49.556 34.111 51.862 4.233 4.8442 3.7019 27.8503 26.7981 4.4151 6.3507 4.1085 4.1396 1.623 8.027 3.83065737381 4.4763
2016-10-18 10:11:06.806000 10168.174 3.421 49.558 33.322 51.861 4.233 4.8509 3.7001 27.8514 26.8012 4.4087 6.3496 4.1086 4.2891 1.6237 8.028 3.98241151956 4.649
2016-10-18 10:12:12.726000 10234.094 3.452 49.556 34.1 51.86 4.234 4.8573 3.7003 27.8499 26.7999 4.4026 6.3486 4.1103 4.4247 1.6245 8.028 4.0405641617 4.8176
2016-10-18 10:13:18.736000 10300.104 3.422 49.554 33.307 51.859 4.234 4.8625 3.698 27.8514 26.8005 4.397 6.3476 4.1093 4.5531 1.6253 8.028 4.00491094031 4.9765
2016-10-18 10:14:24.786000 10366.154 3.466 49.556 34.109 51.861 4.234 4.8669 3.6976 27.8503 26.8015 4.3919 6.3465 4.1099 4.6701 1.6259 8.028 4.19506145435 5.1304
2016-10-18 10:15:30.817000 10432.185 3.439 49.556 33.288 51.861 4.234 4.8715 3.6967 27.8485 26.8015 4.3871 6.3455 4.1099 4.783 1.6266 8.028 4.23359530922 5.2787
2016-10-18 10:16:36.887000 10498.255 3.399 49.554 34.124 51.861 4.234 4.8751 3.6961 27.8492 26.8018 4.3828 6.3445 4.1101 4.8858 1.627 8.028 4.31158936051 5.4213
2016-10-18 10:17:43.087000 10564.455 3.373 49.556 33.491 51.861 4.234 4.8779 3.6943 27.8507 26.8021 4.3789 6.3436 4.109 4.9872 1.6271 8.027 4.32458836906 5.5617
2016-10-18 10:18:49.227000 10630.595 3.532 49.557 33.93 51.862 4.234 4.8807 3.6945 27.8496 26.804 4.3753 6.3425 4.1095 5.0805 1.6277 8.027 4.19506145435 5.6955
2016-10-18 10:19:55.407000 10696.775 3.396 49.556 33.386 51.86 4.234 4.8837 3.6941 27.851 26.8042 4.372 6.3417 4.1099 5.1674 1.628 8.027 4.45948785334 5.8313
2016-10-18 10:21:01.647000 10763.015 3.541 49.557 34.039 51.858 4.231 4.886 3.6942 27.852 26.803 4.3692 6.3408 4.11 5.2541 1.6284 8.027 4.23359530922 5.9612
2016-10-18 10:22:07.967000 10829.335 3.375 49.555 34.092 51.859 4.235 4.8894 3.6944 27.8499 26.804 4.3664 6.3399 4.1115 5.3354 1.6287 8.028 4.51616099446 6.0865
2016-10-18 10:23:14.267000 10895.635 3.365 49.554 33.647 51.857 4.236 4.8918 3.694 27.8507 26.799 4.3641 6.3393 4.1118 5.4082 1.6292 8.028 4.37658440325 6.2135
2016-10-18 10:24:20.617000 10961.985 3.425 49.554 33.799 51.859 4.236 4.8937 3.694 27.8454 26.799 4.3618 6.3385 4.1113 5.4802 1.6295 8.028 4.58700242086 6.3328
2016-10-18 10:25:27.007000 11028.375 3.44 49.553 34.127 51.857 4.235 4.8956 3.6925 27.8464 26.804 4.3596 6.3377 4.1112 5.5536 1.6301 8.028 4.4169829975 6.455
2016-10-18 10:26:33.468000 11094.836 3.356 49.553 33.839 51.858 4.235 4.8976 3.6926 27.8496 26.8033 4.3577 6.3368 4.1117 5.6191 1.6305 8.028 4.51616099446 6.5753
2016-10-18 10:27:39.928000 11161.296 3.397 49.554 33.371 51.858 4.236 4.9 3.6934 27.8499 26.804 4.3559 6.3361 4.1123 5.6818 1.6308 8.028 4.64742817827 6.6963
2016-10-18 10:28:46.438000 11227.806 3.561 49.552 33.462 51.857 4.236 4.902 3.6928 27.8517 26.8036 4.3543 6.3352 4.112 5.7409 1.6313 8.028 4.64742817827 6.8132
2016-10-18 10:29:52.958000 11294.326 3.546 49.551 33.89 51.856 4.236 4.9044 3.6925 27.8517 26.8042 4.3526 6.3346 4.1119 5.8016 1.6317 8.028 4.60127129354 6.9284
2016-10-18 10:30:59.678000 11361.046 3.581 49.553 34.122 51.855 4.236 4.9063 3.6924 27.8461 26.799 4.351 6.3338 4.1123 5.8593 1.6321 8.028 4.75512757598 7.0424
2016-10-18 10:32:06.268000 11427.636 3.463 49.552 34.109 51.858 4.237 4.9083 3.6924 27.851 26.804 4.3496 6.333 4.113 5.9115 1.6326 8.028 4.80139016208 7.1538
2016-10-18 10:33:12.908000 11494.276 3.359 49.552 33.919 51.854 4.236 4.9103 3.6935 27.8507 26.8042 4.3482 6.3325 4.1137 5.9646 1.6329 8.028 4.86799715687 7.2614
2016-10-18 10:34:19.578000 11560.946 3.415 49.553 33.31 51.854 4.238 4.9132 3.6941 27.852 26.8049 4.3467 6.3319 4.1146 6.0118 1.6333 8.029 4.83469365948 7.3698
2016-10-18 10:35:26.288000 11627.656 3.381 49.551 33.523 51.854 4.237 4.9146 3.6922 27.8503 26.7999 4.3455 6.3312 4.1139 6.0613 1.6335 8.028 4.96790764906 7.4719
2016-10-18 10:36:33.028000 11694.396 3.47 49.551 33.322 51.856 4.238 4.9164 3.6934 27.8471 26.805 4.3445 6.3304 4.1143 6.1098 1.6338 8.029 4.80139016208 7.5718
2016-10-18 10:37:39.798000 11761.166 3.417 49.554 33.714 51.857 4.237 4.9173 3.6925 27.8507 26.8045 4.3434 6.3298 4.1135 6.1561 1.6338 8.028 4.93460415167 7.6682
2016-10-18 10:38:46.609000 11827.977 3.591 49.553 33.579 51.855 4.238 4.9189 3.6931 27.852 26.8054 4.3424 6.3291 4.1142 6.1996 1.6339 8.029 4.86799715687 7.7631
2016-10-18 10:39:53.479000 11894.847 3.561 49.55 33.463 51.857 4.239 4.9203 3.6935 27.852 26.8024 4.3415 6.3285 4.1151 6.2426 1.6341 8.029 4.93460415167 7.8569
2016-10-18 10:41:00.369000 11961.737 3.497 49.552 33.914 51.855 4.239 4.922 3.6939 27.8488 26.8054 4.3406 6.3279 4.1158 6.2833 1.6345 8.029 4.90130065427 7.9481
2016-10-18 10:42:07.319000 12028.687 3.566 49.55 33.794 51.857 4.24 4.9236 3.6935 27.8496 26.805 4.3397 6.3274 4.116 6.3217 1.6349 8.029 4.98455939776 8.0379
2016-10-18 10:43:14.259000 12095.627 3.585 49.552 33.516 51.856 4.24 4.9254 3.6941 27.8517 26.8005 4.339 6.3268 4.1167 6.3596 1.6349 8.03 5.14500625857 8.1237
2016-10-18 10:44:21.229000 12162.597 3.535 49.551 33.404 51.855 4.24 4.9259 3.6935 27.8474 26.806 4.3383 6.3262 4.1164 6.4001 1.6352 8.03 5.09111884178 8.2068
2016-10-18 10:45:28.239000 12229.607 3.42 49.55 33.303 51.858 4.239 4.9266 3.6937 27.851 26.8067 4.3375 6.3256 4.1159 6.4373 1.6352 8.029 5.01926895274 8.2925
2016-10-18 10:46:35.299000 12296.667 3.391 49.549 33.482 51.856 4.239 4.9279 3.6931 27.8507 26.8021 4.3368 6.3249 4.1154 6.4754 1.6355 8.029 5.29552332977 8.3741
2016-10-18 10:47:42.409000 12363.777 3.435 49.554 33.611 51.858 4.238 4.9277 3.6911 27.8503 26.8058 4.3362 6.324 4.114 6.5121 1.6357 8.029 5.05519389726 8.4489
2016-10-18 10:48:49.529000 12430.897 3.521 49.552 34.001 51.859 4.238 4.9281 3.6913 27.8534 26.8064 4.3355 6.3232 4.1136 6.5481 1.6355 8.029 5.23749452273 8.5262
2016-10-18 10:49:56.679000 12498.047 3.557 49.556 33.782 51.86 4.237 4.9281 3.6906 27.8523 26.7999 4.3348 6.3223 4.1133 6.5813 1.6356 8.028 5.21815158705 8.6027
2016-10-18 10:51:03.900000 12565.268 3.572 49.555 33.761 51.86 4.238 4.929 3.691 27.8523 26.8058 4.3342 6.3216 4.1138 6.6162 1.6364 8.028 5.25683745841 8.6763
2016-10-18 10:52:11.160000 12632.528 3.383 49.556 33.473 51.86 4.239 4.9314 3.6921 27.8538 26.8049 4.3333 6.3209 4.115 6.651 1.6367 8.028 5.33420920113 8.7471
2016-10-18 10:53:18.430000 12699.798 3.461 49.554 33.681 51.86 4.238 4.932 3.6912 27.8514 26.806 4.3326 6.3202 4.1145 6.6863 1.6366 8.029 5.18093120309 8.8156
2016-10-18 10:54:25.760000 12767.128 3.522 49.556 33.995 51.861 4.238 4.932 3.6906 27.8517 26.8058 4.3322 6.3196 4.1135 6.7183 1.6364 8.028 5.41245100237 8.88
2016-10-18 10:55:33.250000 12834.618 3.418 49.557 33.305 51.861 4.238 4.9324 3.6901 27.8471 26.8064 4.3315 6.3188 4.1142 6.7506 1.6362 8.028 5.21815158705 8.9459
2016-10-18 10:56:40.640000 12902.008 3.388 49.558 34.109 51.864 4.237 4.9319 3.6899 27.852 26.8058 4.3309 6.318 4.1127 6.7816 1.6363 8.028 5.49563556531 9.0159
2016-10-18 10:57:48.070000 12969.438 3.585 49.56 33.534 51.862 4.238 4.9327 3.6912 27.8467 26.8054 4.3302 6.3173 4.1145 6.8134 1.6365 8.028 5.29552332977 9.0771
2016-10-18 10:58:55.540000 13036.908 3.36 49.558 33.728 51.862 4.238 4.9333 3.691 27.8523 26.8064 4.3294 6.3167 4.1137 6.845 1.6372 8.028 5.41245100237 9.1397
2016-10-18 11:00:03.050000 13104.418 3.519 49.559 33.957 51.866 4.237 4.9342 3.6901 27.8467 26.8058 4.3288 6.3159 4.1132 6.8748 1.6376 8.028 5.4332471431 9.1957
2016-10-18 11:01:10.600000 13171.968 3.471 49.561 33.317 51.864 4.237 4.9356 3.6906 27.852 26.8069 4.3281 6.3151 4.1138 6.9026 1.6383 8.028 5.59961626899 9.2569
2016-10-18 11:02:18.161000 13239.529 3.356 49.559 33.959 51.866 4.238 4.9372 3.6898 27.8482 26.8058 4.3274 6.3143 4.1135 6.9329 1.638 8.029 5.49563556531 9.3156
2016-10-18 11:03:25.771000 13307.139 3.56 49.561 33.816 51.867 4.237 4.9377 3.6898 27.8527 26.8058 4.3266 6.3137 4.1133 6.9649 1.6384 8.028 5.49563556531 9.3712
2016-10-18 11:04:33.421000 13374.789 3.413 49.562 33.317 51.865 4.238 4.939 3.6895 27.8517 26.806 4.326 6.3129 4.1134 6.993 1.6389 8.028 5.53722784678 9.4242
2016-10-18 11:05:41.091000 13442.459 3.565 49.565 34.095 51.867 4.237 4.9405 3.6896 27.8517 26.8054 4.3253 6.3122 4.1137 7.0224 1.6391 8.028 5.29552332977 9.4787
2016-10-18 11:06:48.811000 13510.179 3.415 49.563 33.317 51.867 4.233 4.8229 3.6811 27.8464 26.8067 4.3484 6.3117 4.1074 7.0491 2.6892 8.027 5.45404328384 9.5247
2016-10-18 11:07:56.571000 13577.939 3.383 49.564 34.111 51.869 4.215 4.5976 3.6558 27.8338 26.7957 4.4524 6.3109 4.0865 7.0838 3.5703 8.021 5.55802398752 9.5764
2016-10-18 11:09:04.381000 13645.749 3.386 49.564 33.417 51.868 4.2 4.4273 3.6334 27.8254 26.7972 4.593 6.3085 4.0667 7.1234 4.2029 8.012 5.37289507248 9.6095
2016-10-18 11:10:12.231000 13713.599 3.565 49.561 34.131 51.867 4.185 4.3024 3.6155 27.8154 26.7923 4.7529 6.3046 4.0513 7.1662 4.6992 8.004 5.37289507248 9.6351
2016-10-18 11:11:20.261000 13781.629 3.397 49.562 34.107 51.866 4.175 4.2089 3.603 27.817 26.7932 4.9187 6.3002 4.0406 7.2147 5.1135 7.997 5.68875775091 9.6447
2016-10-18 11:12:28.171000 13849.539 3.541 49.56 33.462 51.864 4.167 4.1346 3.5924 27.8167 26.7923 5.0836 6.2962 4.0313 7.2672 5.4658 7.992 5.41245100237 9.6544
2016-10-18 11:13:36.101000 13917.469 3.488 49.56 34.031 51.864 4.161 4.077 3.5845 27.8104 26.7899 5.2451 6.2927 4.0251 7.3241 5.7783 7.989 5.57882012825 9.6683
2016-10-18 11:14:44.112000 13985.48 3.335 49.558 33.868 51.866 4.156 4.0302 3.5777 27.8157 26.789 5.401 6.2897 4.0195 7.3773 6.0542 7.985 5.49563556531 9.6914
