#Human readable time. Time (s) since start. Lakeshore temperature sensor 218 T1,3,5,6,8 and 224 C2,C3,C4,C5,D2,D3,D5,A,B
2016-10-01 09:47:50.478000 0.0 3.522 49.586 33.807 51.918 4.11 5.3543 3.5638 3.8297 4.3832 30.2889 6.1225 3.9354 15.672 15.206 7.98 -1 17.335
2016-10-01 09:48:51.265000 60.787 3.521 49.586 33.476 51.917 4.109 5.3551 3.5637 3.8297 4.3831 30.2897 6.1221 3.9347 15.683 15.2114 7.98 7.12535540734 17.3469
2016-10-01 09:49:51.657000 121.179 3.362 49.587 33.363 51.917 4.109 5.3557 3.5637 3.8292 4.3824 25.1279 6.1217 3.9342 15.6896 15.2201 7.98 7.44308615144 17.3501
2016-10-01 09:50:52.049000 181.571 3.344 49.586 33.863 51.919 4.231 17.5711 3.5959 4.0646 4.5758 22.6619 6.1516 4.1282 15.6898 15.2388 8.003 7.19596223936 17.3601
2016-10-01 09:51:52.482000 242.004 3.648 49.582 34.115 51.916 3.011 23.131 3.8227 5.319 5.6401 21.2776 6.4305 4.8202 15.6949 13.4063 8.23 7.05474857532 17.3635
2016-10-01 09:52:52.964000 302.486 3.908 49.587 33.98 51.919 5.284 27.8978 4.3761 6.7924 6.9445 20.3361 6.9303 5.2556 15.6834 8.7816 8.497 7.51534525651 17.3521
2016-10-01 09:53:53.456000 362.978 4.041 49.601 33.718 51.933 4.532 32.0138 5.0543 8.1862 8.2886 19.5649 7.4794 5.3635 15.6721 6.648 8.649 7.19596223936 17.3373
2016-10-01 09:54:53.968000 423.49 3.828 49.622 33.489 51.954 5.486 34.8977 5.7853 9.4679 9.5567 18.8591 8.0295 5.4683 15.6443 6.1551 8.742 7.23126565537 17.3218
2016-10-01 09:55:54.530000 484.052 3.801 49.642 33.778 51.971 4.785 37.351 6.48 10.5997 10.6889 18.1695 8.5658 5.5812 15.6448 6.0457 8.82 7.67359856223 17.3161
2016-10-01 09:56:55.132000 544.654 3.834 49.662 34.235 51.99 5.341 39.539 7.1468 11.568 11.6557 17.4919 9.0688 5.6937 15.6365 6.0477 8.894 7.33717590341 17.2843
2016-10-01 09:57:55.804000 605.326 4.119 49.684 34.277 52.009 5.804 41.4889 7.3539 12.4211 12.3621 16.8195 9.5319 5.8184 15.62 6.0886 8.969 7.55490858294 17.2823
2016-10-01 09:58:56.496000 666.018 4.237 49.706 34.081 52.03 5.923 43.2229 6.276 13.1739 13.1754 16.1716 9.9488 5.9471 15.6088 6.1409 9.049 7.26656907139 17.275
2016-10-01 09:59:57.179000 726.701 4.01 49.728 33.793 52.052 6.044 44.8127 6.1313 13.8325 13.9268 15.5575 10.3166 6.0799 15.5904 6.2012 9.13 7.44308615144 17.2595
2016-10-01 10:00:57.911000 787.433 4.017 49.755 34.267 52.077 6.167 46.2348 6.2165 14.406 14.564 14.9616 10.6404 6.2199 15.5721 6.2724 9.215 7.95054184725 17.2547
2016-10-01 10:01:58.703000 848.225 4.475 49.781 33.921 52.104 6.226 47.5379 6.3554 14.9127 15.1173 14.4228 10.9245 6.3741 15.5594 6.3632 9.306 7.23126565537 17.2478
2016-10-01 10:02:59.505000 909.027 4.22 49.809 33.707 52.127 6.353 48.1987 6.3893 15.2875 15.523 13.8875 11.0837 6.4093 15.5381 6.3603 9.369 7.79228854153 17.2496
2016-10-01 10:04:00.328000 969.85 4.214 49.835 34.54 52.154 6.335 48.3454 6.377 15.3328 15.6688 13.3346 11.0768 6.3829 15.507 6.3202 9.389 7.37247931942 17.2551
2016-10-01 10:05:01.220000 1030.742 4.196 49.864 33.764 52.179 6.247 48.5923 6.2907 15.0618 15.5734 12.796 10.9714 6.2814 15.4909 6.2364 9.365 7.6340352358 17.2627
2016-10-01 10:06:02.102000 1091.624 4.017 49.892 34.121 52.206 6.11 48.9918 6.1475 14.6001 15.3019 12.2723 10.8077 6.1292 15.4625 6.0999 9.302 7.37247931942 17.2887
2016-10-01 10:07:03.034000 1152.556 4.285 49.916 34.235 52.23 5.622 49.488 5.9889 14.038 14.9143 11.7695 10.6036 5.9645 15.443 5.939 9.215 7.37247931942 17.3163
2016-10-01 10:08:04.056000 1213.578 3.905 49.934 33.933 52.248 5.532 50.0012 5.8311 13.4623 14.4794 11.2878 10.3855 5.8104 15.4134 5.7697 9.122 7.87141519439 17.3409
2016-10-01 10:09:05.129000 1274.651 4.076 49.946 34.443 52.259 5.698 50.4941 5.7029 12.9303 14.0405 10.8279 10.1687 5.681 15.38 5.6224 9.035 7.7527252151 17.358
2016-10-01 10:10:06.211000 1335.733 3.824 49.958 33.802 52.272 5.559 50.6919 5.5594 12.4126 13.5846 10.3717 9.9229 5.5295 15.3578 5.4364 8.947 7.23126565537 17.3884
2016-10-01 10:11:07.283000 1396.805 3.918 49.961 33.709 52.277 3.594 50.5315 5.4545 11.8072 13.058 9.9006 9.6388 5.3931 15.3307 5.2588 8.859 7.19596223936 17.4183
2016-10-01 10:12:08.415000 1457.937 3.722 49.961 34.434 52.278 5.245 50.2848 5.4277 11.126 12.4632 9.4408 9.3393 5.2774 15.2965 5.1052 8.779 7.37247931942 17.434
2016-10-01 10:13:09.577000 1519.099 3.813 49.961 33.683 52.279 4.925 50.0497 5.4756 10.4172 11.8293 9.0017 9.0408 5.1566 15.2733 4.9983 8.702 7.7527252151 17.4635
2016-10-01 10:14:10.800000 1580.322 3.895 49.96 33.999 52.276 5.131 49.8109 5.6046 9.7084 11.1808 8.588 8.7498 5.0679 15.2382 4.8933 8.641 7.26656907139 17.484
2016-10-01 10:15:12.022000 1641.544 3.587 49.957 34.064 52.273 3.698 49.5739 5.751 9.0304 10.5297 8.2035 8.4717 4.9842 15.2203 4.7985 8.587 7.71316188867 17.489
2016-10-01 10:16:13.325000 1702.847 3.618 49.95 33.649 52.27 5.02 49.6726 5.8997 8.4724 9.9363 7.857 8.2326 4.9482 15.1884 4.7453 8.55 7.44308615144 17.5241
2016-10-01 10:17:14.597000 1764.119 3.768 49.944 34.273 52.266 4.074 50.1518 6.0447 8.2207 9.5352 7.5668 8.0518 4.9215 15.168 4.7134 8.527 7.6340352358 17.5322
2016-10-01 10:18:15.949000 1825.471 3.561 49.939 34.229 52.26 4.973 50.7072 6.1699 8.2258 9.3633 7.3226 7.9222 4.8987 15.1434 4.6868 8.51 7.33717590341 17.5467
2016-10-01 10:19:17.302000 1886.824 3.567 49.934 33.786 52.258 4.851 50.9798 6.2509 8.2906 9.2909 7.0969 7.7994 4.8356 15.11 4.6255 8.486 7.23126565537 17.5736
2016-10-01 10:20:18.705000 1948.227 3.755 49.931 34.146 52.256 4.921 50.9888 27.7853 8.1797 9.1506 6.885 7.6638 4.8455 14.3739 4.6236 8.472 7.87141519439 17.5756
2016-10-01 10:21:20.461000 2009.983 3.838 49.928 33.912 52.254 4.963 51.1102 36.3952 7.9603 8.9434 6.7289 7.5613 4.9136 10.7042 4.6865 8.487 7.40778273543 17.5781
2016-10-01 10:22:22.538000 2072.06 3.8 49.922 33.626 52.247 4.993 51.242 41.5741 7.7312 8.7287 6.6449 7.5192 4.9446 6.3625 4.7069 8.512 7.55490858294 17.5161
2016-10-01 10:23:24.269000 2133.791 3.773 49.918 34.176 52.245 4.989 51.2124 46.1336 7.53 8.5372 6.6154 7.5297 4.9191 5.3074 4.6749 8.513 7.33717590341 17.4445
2016-10-01 10:24:25.799000 2195.321 3.824 49.913 34.345 52.24 4.789 51.1243 50.5782 7.3791 8.3956 6.6265 7.5831 4.8752 5.0378 4.6347 8.497 7.6340352358 17.3831
2016-10-01 10:25:27.400000 2256.922 3.68 49.91 34.324 52.238 4.829 51.0013 52.4485 7.2512 8.2805 6.601 7.6079 4.7901 4.8258 4.5817 8.466 7.79228854153 17.2994
2016-10-01 10:26:29.020000 2318.542 3.521 49.907 34.234 52.234 4.819 50.8593 52.6084 7.0602 8.1136 6.5175 7.56 4.7301 4.7126 4.5313 8.432 7.16065882335 17.2222
2016-10-01 10:27:30.680000 2380.202 3.518 49.905 33.82 52.23 4.779 50.7392 52.4511 6.8244 7.8917 6.4135 7.4702 4.6862 4.6467 4.4836 8.406 7.40778273543 17.1605
2016-10-01 10:28:32.320000 2441.842 3.491 49.896 33.487 52.226 4.743 50.6161 52.2386 6.5778 7.6411 6.3058 7.3608 4.647 4.5942 4.4383 8.383 7.40778273543 17.0849
2016-10-01 10:29:34.050000 2503.572 3.505 49.89 33.675 52.219 4.71 50.515 52.0195 6.3433 7.3851 6.2013 7.2442 4.6119 4.5472 4.3968 8.362 7.59447190937 17.0011
2016-10-01 10:30:35.780000 2565.302 3.479 49.886 33.525 52.215 4.681 50.4169 51.7963 6.1334 7.1351 6.1035 7.1303 4.5793 4.5057 4.3609 8.344 7.3018724874 16.9415
2016-10-01 10:31:37.540000 2627.062 3.525 49.88 33.473 52.209 2.91 50.3237 51.5691 5.9409 6.9007 6.0125 7.0217 4.5529 4.468 4.3278 8.328 7.33717590341 16.8619
2016-10-01 10:32:39.350000 2688.872 3.505 49.873 33.851 52.205 4.427 50.239 51.3575 5.7637 6.6873 5.9251 6.9233 4.5273 4.4348 4.2962 8.313 7.55490858294 16.7984
2016-10-01 10:33:41.187000 2750.709 3.679 49.869 33.647 52.2 4.58 50.1503 51.1387 5.6058 6.4968 5.8461 6.8333 4.5035 4.4017 4.2678 8.3 7.19596223936 16.7129
2016-10-01 10:34:43.049000 2812.571 3.547 49.866 33.461 52.197 4.352 50.0816 50.9209 5.4655 6.3283 5.7743 6.7532 4.4825 4.3726 4.2399 8.287 7.09005199133 16.6483
2016-10-01 10:35:44.972000 2874.494 3.52 49.861 33.454 52.191 4.574 50.0094 50.7033 5.3448 6.1793 5.7094 6.6825 4.4629 4.3482 4.2149 8.276 7.47838956745 16.5739
2016-10-01 10:36:46.934000 2936.456 3.668 49.853 33.927 52.189 4.353 49.9442 50.4845 5.2388 6.0499 5.652 6.6203 4.4445 4.3222 4.1908 8.266 7.23126565537 16.5025
2016-10-01 10:37:48.927000 2998.449 3.665 49.851 33.844 52.183 4.542 49.8782 50.277 5.1461 5.9314 5.6011 6.5654 4.4278 4.2997 4.1687 8.256 7.09005199133 16.4353
2016-10-01 10:38:50.930000 3060.452 3.697 49.844 33.691 52.177 4.583 50.1479 50.0691 5.1665 5.9032 5.564 6.5298 4.4741 4.295 4.18 8.265 7.44308615144 16.3674
2016-10-01 10:39:52.942000 3122.464 3.599 49.843 33.504 52.175 4.059 50.792 49.8622 5.4132 6.0696 5.5553 6.5286 4.4998 4.3083 4.2058 8.278 7.09005199133 16.2897
2016-10-01 10:40:54.974000 3184.496 4.066 49.839 33.467 52.171 6.542 50.2315 49.6404 17.6807 6.7224 5.558 6.6391 6.8099 4.4191 4.2854 8.731 7.26656907139 16.2203
2016-10-01 10:41:57.087000 3246.609 5.157 49.822 33.702 52.157 8.558 45.5998 49.7641 21.3681 8.3938 5.6565 7.4429 8.8675 4.4369 4.2297 10.199 7.33717590341 16.1567
2016-10-01 10:42:59.249000 3308.771 5.462 49.85 34.908 52.191 8.857 42.3376 50.091 23.5852 9.1633 5.7112 8.1199 9.1306 4.3745 4.1513 10.895 7.47838956745 16.0819
2016-10-01 10:44:01.421000 3370.943 5.679 49.963 35.027 52.296 8.8 39.8239 50.406 25.0473 9.4744 5.7175 8.5643 9.0472 4.2784 4.0532 11.133 7.01944515931 16.0179
2016-10-01 10:45:03.584000 3433.106 5.688 50.085 34.916 52.406 8.628 37.4977 50.3695 26.2541 9.5554 5.6921 8.8425 8.855 4.1405 3.9328 11.154 7.51534525651 15.9539
2016-10-01 10:46:05.816000 3495.338 5.063 50.189 34.633 52.497 8.418 35.2667 50.1333 27.0395 9.5017 5.6439 8.9983 8.6153 4.0047 3.7964 11.071 7.19596223936 15.8772
2016-10-01 10:47:08.069000 3557.591 4.919 50.271 34.882 52.572 8.196 33.0793 49.8661 27.5869 9.3682 5.5763 9.0718 8.3648 3.8496 3.642 10.936 6.86100661163 15.8014
2016-10-01 10:48:10.351000 3619.873 5.307 50.339 34.951 52.637 7.95 30.6039 49.5885 27.9353 9.1786 5.4934 9.0806 8.1097 3.6799 3.4751 10.771 7.40778273543 15.7404
2016-10-01 10:49:12.674000 3682.196 4.789 50.394 34.466 52.69 7.723 27.9476 49.6464 28.2997 8.9552 5.3992 9.0429 7.8563 3.5096 3.2996 10.596 7.44308615144 15.6547
2016-10-01 10:50:15.017000 3744.539 4.631 50.443 34.648 52.737 7.484 25.7114 49.8637 28.5598 8.7136 5.2958 8.9714 7.5979 3.3077 3.1167 10.422 6.86100661163 15.5954
2016-10-01 10:51:17.439000 3806.961 4.816 50.483 35.082 52.776 7.263 23.7115 50.0462 28.7248 8.4621 5.1876 8.8764 7.353 3.053 2.9423 10.258 7.33717590341 15.5311
2016-10-01 10:52:19.852000 3869.374 4.585 50.514 34.346 52.808 7.039 22.0617 50.2177 28.8191 8.2056 5.0755 8.7603 7.1139 2.9137 2.7717 10.094 7.19596223936 15.4549
2016-10-01 10:53:22.304000 3931.826 4.308 50.542 35.06 52.837 6.784 20.7114 50.077 28.8529 7.9457 4.9766 8.6311 6.8741 2.7859 2.5882 9.929 7.23126565537 15.3952
2016-10-01 10:54:24.837000 3994.359 4.638 50.567 34.596 52.862 6.614 19.4642 49.7187 28.865 7.6878 4.9104 8.4902 6.6562 2.6372 2.4027 9.773 7.3018724874 15.3227
2016-10-01 10:55:27.389000 4056.911 4.141 50.586 34.549 52.881 6.423 18.3357 49.3075 28.8438 7.4382 4.8419 8.3463 6.4509 2.4674 2.2319 9.625 7.01944515931 15.2497
2016-10-01 10:56:29.951000 4119.473 4.307 50.596 34.904 52.891 6.258 17.4744 49.2855 28.8105 7.2051 4.7582 8.2003 6.2748 2.3077 2.1076 9.49 7.23126565537 15.1824
2016-10-01 10:57:32.554000 4182.076 4.139 50.599 34.2 52.899 6.118 16.6587 49.5156 28.7653 7.0037 4.6571 8.0594 6.1251 2.1697 1.9963 9.387 7.09005199133 15.1126
2016-10-01 10:58:35.176000 4244.698 4.249 50.601 34.854 52.901 5.98 15.7871 49.7787 28.7139 6.8262 4.5441 7.9254 5.978 2.0364 1.8702 9.291 7.33717590341 15.0505
2016-10-01 10:59:37.879000 4307.401 3.936 50.6 34.228 52.901 5.836 14.8918 50.0603 28.6481 6.661 4.4352 7.796 5.8297 1.8953 1.7354 9.197 7.37247931942 14.9729
2016-10-01 11:00:40.601000 4370.123 3.889 50.596 34.872 52.901 4.609 13.9785 50.3521 28.5714 6.507 21.2505 7.6702 5.6816 1.7441 1.5954 9.105 6.76728633261 14.9091
2016-10-01 11:01:43.355000 4432.877 3.819 50.588 34.147 52.894 5.563 13.0817 50.2589 28.4933 6.3545 25.8985 7.5464 5.5278 1.586 1.4538 9.01 7.12535540734 14.8377
2016-10-01 11:02:46.237000 4495.759 4.038 50.578 34.794 52.885 5.422 12.1935 49.9713 28.4104 6.2009 29.1587 7.4216 5.3762 1.4491 1.3236 8.916 6.95472689064 14.7669
2016-10-01 11:03:49.070000 4558.592 3.65 50.563 34.271 52.874 5.247 11.5429 50.0751 28.3374 6.0251 31.1561 7.2926 5.1971 1.9589 1.3529 8.801 6.89224670463 2.277
2016-10-01 11:04:51.952000 4621.474 3.929 50.548 34.114 52.86 5.188 11.2635 49.9526 28.296 5.9323 32.5684 7.1846 5.195 1.6331 1.2781 8.76 6.6735660536 1.7931
2016-10-01 11:05:54.855000 4684.377 3.772 50.53 34.671 52.842 5.029 10.71 49.8185 28.2345 5.8401 29.3137 7.0904 5.0954 1.4475 1.2024 8.712 6.64232596059 1.6005
2016-10-01 11:06:57.807000 4747.329 3.578 50.51 33.897 52.828 5.065 10.0688 49.9713 28.1686 5.7371 27.6559 6.9987 4.9899 1.3549 1.1573 8.653 6.48832603961 1.502
2016-10-01 11:08:00.760000 4810.282 3.664 50.49 34.445 52.811 4.135 9.4061 50.335 28.1039 5.6403 26.9977 6.9119 4.8891 1.3037 1.1355 8.594 6.30432889062 1.4424
2016-10-01 11:09:03.803000 4873.325 3.725 50.47 34.441 52.789 4.886 8.7732 50.7147 28.0435 5.5525 26.7135 6.8292 4.7968 1.2735 1.1235 8.537 6.51736558857 1.4041
2016-10-01 11:10:06.875000 4936.397 3.496 50.447 34.449 52.769 4.807 8.1852 50.6973 27.993 5.4688 26.5823 6.7506 4.7109 1.2504 1.1122 8.485 6.09404643464 1.3733
2016-10-01 11:11:09.988000 4999.51 3.538 50.421 33.773 52.748 4.733 7.6547 50.4707 27.963 5.3826 26.5269 6.6755 4.6321 1.2316 1.106 8.44 6.25175827662 1.3464
2016-10-01 11:12:13.120000 5062.642 3.7 50.4 34.097 52.727 4.653 7.2067 50.2171 27.9381 5.3002 26.5044 6.6041 4.564 1.2174 1.1006 8.4 6.12033174163 1.3236
2016-10-01 11:13:16.264000 5125.786 3.478 50.376 34.495 52.705 4.611 6.856 49.9668 27.9112 5.2273 26.5004 6.5399 4.5091 1.2054 1.096 8.366 5.82395252865 1.3057
2016-10-01 11:14:19.633000 5189.155 3.477 50.352 34.468 52.683 4.578 6.5847 49.7158 27.8944 5.1642 26.5037 6.4817 4.465 1.1949 1.0921 8.338 5.77792683949 1.2901
2016-10-01 11:15:22.843000 5252.365 3.465 50.328 33.856 52.66 4.462 6.3858 49.8816 27.887 5.1167 26.508 6.4312 4.4351 1.1876 1.0895 8.316 5.49563556531 1.2784
2016-10-01 11:16:26.063000 5315.585 3.44 50.307 33.835 52.643 4.46 6.236 50.2613 27.8761 5.089 26.512 6.3891 4.4151 1.1797 1.0867 8.3 5.3535521368 1.2662
2016-10-01 11:17:29.343000 5378.865 3.428 50.286 33.735 52.621 3.58 6.1184 50.6579 27.8726 5.0732 26.5177 6.3543 4.4009 1.1721 1.084 8.289 5.33420920113 1.2545
2016-10-01 11:18:32.653000 5442.175 3.618 50.264 33.736 52.601 3.719 6.0219 50.642 27.8685 5.0586 26.5256 6.3242 4.3855 1.1632 1.0806 8.279 5.33420920113 1.2418
2016-10-01 11:19:35.983000 5505.505 3.62 50.244 33.745 52.584 2.303 5.9356 50.4114 27.8634 5.0376 26.5311 6.2969 4.3707 1.1557 1.0779 8.269 5.10908131404 1.2306
2016-10-01 11:20:39.383000 5568.905 3.623 50.223 33.728 52.563 4.319 5.8632 50.1683 27.8607 5.0157 26.5342 6.2721 4.3595 1.1491 1.0754 8.261 5.00130648048 1.2217
2016-10-01 11:21:42.793000 5632.315 3.53 50.205 34.344 52.544 4.47 5.8012 49.9175 27.8587 4.9953 26.5403 6.2501 4.3494 1.1429 1.0732 8.254 4.61665692178 1.2134
2016-10-01 11:22:46.213000 5695.735 3.524 50.187 34.316 52.528 4.463 5.7463 49.6604 27.8566 4.9772 26.5436 6.2303 4.3406 1.1372 1.0712 8.247 4.57283413558 1.2057
2016-10-01 11:23:49.743000 5759.265 3.518 50.168 34.314 52.51 4.46 5.7039 49.8345 27.8496 4.9661 26.5482 6.2134 4.3372 1.134 1.0702 8.243 4.28559134341 1.2003
2016-10-01 11:24:53.274000 5822.796 3.446 50.151 34.323 52.494 4.459 5.6688 50.2171 27.8541 4.967 26.5476 6.1998 4.3365 1.1297 1.0687 8.24 4.24659431777 1.1944
2016-10-01 11:25:56.834000 5886.356 3.444 50.139 34.33 52.478 4.459 5.6386 50.6147 27.8562 4.9734 26.5518 6.1891 4.3361 1.126 1.0672 8.238 4.24659431777 1.1887
2016-10-01 11:27:00.464000 5949.986 3.631 50.122 34.308 52.465 4.456 5.6084 50.6041 27.8548 4.9765 26.5545 6.1794 4.3333 1.1212 1.0652 8.236 4.07621738308 1.1821
2016-10-01 11:28:04.094000 6013.616 3.628 50.108 33.945 52.452 4.327 5.579 50.375 27.8544 4.9691 26.5576 6.1693 4.3284 1.1176 1.0637 8.233 3.7487579383 1.177
2016-10-01 11:29:07.704000 6077.226 3.633 50.093 33.922 52.44 4.447 5.552 50.1258 27.8482 4.9583 26.559 6.1591 4.3225 1.1146 1.0625 8.229 3.70854815683 1.1725
2016-10-01 11:30:11.374000 6140.896 3.63 50.082 33.914 52.43 4.206 5.5392 49.8676 27.8523 16.9702 26.5626 6.1491 4.3422 1.1122 1.0613 8.225 3.47721955439 1.1688
2016-10-01 11:31:15.094000 6204.616 4.712 50.061 33.412 52.407 7.439 7.822 27.44 28.4166 19.6107 26.5706 6.8709 7.538 1.0023 1.0254 9.705 3.39179657113 1.0679
2016-10-01 11:32:18.824000 6268.346 4.142 50.07 34.121 52.426 6.071 6.9002 12.9681 28.2205 21.174 26.5626 7.136 6.0158 0.5739 1.0085 9.534 3.42568378604 0.6757
2016-10-01 11:33:22.624000 6332.146 3.61 50.15 34.527 52.495 5.035 6.1204 6.6025 27.9944 22.0089 26.4865 7.0028 4.9138 0.4356 1.0134 8.954 3.26395388383 0.5554
2016-10-01 11:34:26.434000 6395.956 3.465 50.178 34.21 52.51 4.573 5.7326 5.4331 27.9269 22.744 26.3874 6.7883 4.5289 0.4161 1.0149 8.556 3.24861646 0.5397
2016-10-01 11:35:30.254000 6459.786 3.569 50.16 34.294 52.495 3.649 5.502 5.0875 27.8947 23.3843 26.2499 6.6017 4.37 0.4094 1.0145 8.363 3.11575409532 0.5338
2016-10-01 11:36:34.165000 6523.697 3.597 50.138 33.673 52.478 4.182 5.3487 4.9415 27.8726 23.8825 26.1272 6.454 4.2915 0.406 1.0144 8.267 3.06726835257 0.5301
2016-10-01 11:37:38.115000 6587.637 3.389 50.121 33.828 52.465 4.381 5.2418 4.8548 27.8499 24.3493 26.032 6.3422 4.2463 0.4037 1.0143 8.216 2.96117411336 0.5275
2016-10-01 11:38:42.065000 6651.587 3.461 50.108 33.852 52.45 4.341 5.0723 4.7955 27.8402 24.7192 25.9731 6.2595 4.2171 0.402 1.1172 8.188 2.98028370949 0.5255
2016-10-01 11:39:46.075000 6715.597 3.586 50.095 33.715 52.437 4.319 4.7966 4.7335 27.8198 24.9785 25.9372 6.1979 4.1778 0.4007 1.3132 8.165 2.96117411336 0.524
2016-10-01 11:40:50.105000 6779.627 3.381 50.081 33.67 52.425 4.299 4.689 4.6928 27.8048 25.2929 31.0318 6.1498 4.1549 0.3997 1.3965 8.148 2.96117411336 0.523
2016-10-01 11:41:54.195000 6843.717 3.384 50.068 34.267 52.415 4.288 4.644 4.6682 27.8058 25.5435 33.0735 6.1129 4.1422 0.3989 1.4439 8.137 2.8678426065 0.5223
2016-10-01 11:42:58.355000 6907.877 3.575 50.058 33.901 52.403 4.284 4.6292 4.6497 27.8051 25.7364 29.9215 6.0842 4.1365 0.3983 1.475 8.131 2.92932478648 0.5215
2016-10-01 11:44:02.485000 6972.007 3.422 50.045 33.463 52.39 4.28 4.6257 4.6309 27.8002 25.8909 28.2347 6.0623 4.1332 0.3975 1.4949 8.128 2.83208783981 0.5204
2016-10-01 11:45:06.655000 7036.177 3.523 50.034 34.082 52.379 4.279 4.629 4.6159 27.8045 26.02 27.3632 6.045 4.1308 0.3967 1.5077 8.125 2.82612871203 0.5195
2016-10-01 11:46:10.875000 7100.397 3.48 50.021 33.485 52.369 4.257 4.634 4.601 27.8045 26.1436 26.8951 6.0313 4.13 0.396 1.5164 8.123 2.80229220091 0.5187
2016-10-01 11:47:15.105000 7164.627 3.448 50.012 33.783 52.359 4.277 4.6393 4.5887 27.8048 26.2562 26.646 6.0201 4.1286 0.3955 1.5221 8.122 2.77989508432 0.518
2016-10-01 11:48:19.525000 7229.047 3.589 50.0 33.696 52.349 4.277 4.6453 4.5781 27.8051 26.3414 26.5009 6.0107 4.1289 0.395 1.5262 8.12 2.82016958425 0.5175
2016-10-01 11:49:23.876000 7293.398 3.38 49.992 34.216 52.341 4.277 4.6492 4.5684 27.8034 26.4153 26.4203 6.0028 4.128 0.3946 1.529 8.119 2.75765111172 0.517
2016-10-01 11:50:28.206000 7357.728 3.442 49.983 33.413 52.332 4.277 4.6532 4.5604 27.8061 26.4754 26.3744 5.9956 4.1282 0.3943 1.5311 8.118 2.83804696759 0.5167
2016-10-01 11:51:32.576000 7422.098 3.51 49.973 33.985 52.324 4.276 4.655 4.5519 27.8055 26.5253 26.35 5.9892 4.1267 0.3939 1.5323 8.117 2.75765111172 0.5163
2016-10-01 11:52:37.026000 7486.548 3.569 49.968 33.583 52.317 4.275 4.656 4.5448 27.8051 26.5661 26.3367 5.9833 4.1262 0.3936 1.5334 8.116 2.82612871203 0.5161
2016-10-01 11:53:41.546000 7551.068 3.442 49.961 34.238 52.309 4.271 4.6569 4.5374 27.8041 26.6011 26.3308 5.978 4.1253 0.3934 1.534 8.115 2.82612871203 0.5157
2016-10-01 11:54:46.086000 7615.608 3.396 49.953 33.502 52.304 4.273 4.6566 4.5307 27.8055 26.6304 26.3312 5.9731 4.1239 0.3932 1.5346 8.113 2.74096813227 0.5155
2016-10-01 11:55:50.616000 7680.138 3.429 49.948 33.921 52.296 4.273 4.6561 4.5236 27.8041 26.6541 26.3306 5.9684 4.1236 0.393 1.5349 8.112 2.79657806377 0.5153
2016-10-01 11:56:55.206000 7744.728 3.495 49.942 34.178 52.288 4.272 4.6556 4.5179 27.8041 26.6734 26.3345 5.9642 4.1219 0.3928 1.5351 8.111 2.75209011857 0.5151
2016-10-01 11:57:59.786000 7809.308 3.374 49.933 33.699 52.283 4.271 4.6542 4.5111 27.8027 26.6907 26.3387 5.9602 4.1218 0.3926 1.5353 8.11 2.80825132869 0.5149
2016-10-01 11:59:04.436000 7873.958 3.584 49.928 33.731 52.279 4.27 4.6531 4.5052 27.8027 26.7046 26.3439 5.9563 4.1201 0.3924 1.5355 8.109 2.78545607747 0.5147
2016-10-01 12:00:09.096000 7938.618 3.362 49.925 34.097 52.273 4.27 4.6518 4.4999 27.8041 26.7168 26.3506 5.9529 4.1195 0.3923 1.5356 8.108 2.75765111172 0.5146
2016-10-01 12:01:13.837000 8003.359 3.355 49.917 33.913 52.267 4.27 4.6511 4.4949 27.8045 26.7241 26.3561 5.9497 4.1195 0.3922 1.5358 8.107 2.76877309802 0.5145
2016-10-01 12:02:18.557000 8068.079 3.519 49.911 33.471 52.261 4.269 4.6498 4.4902 27.8045 26.7379 26.3616 5.9468 4.1191 0.3921 1.536 8.106 2.80229220091 0.5143
2016-10-01 12:03:23.337000 8132.859 3.59 49.903 33.709 52.254 4.268 4.6492 4.4857 27.7981 26.7427 26.3705 5.9439 4.1186 0.392 1.5361 8.105 2.77433409117 0.5142
2016-10-01 12:04:28.137000 8197.659 3.563 49.899 34.172 52.249 4.268 4.6476 4.4809 27.8034 26.7506 26.3771 5.9413 4.1176 0.3919 1.5359 8.104 2.79101707062 0.5141
2016-10-01 12:05:33.007000 8262.529 3.357 49.894 34.015 52.243 4.268 4.6465 4.476 27.8034 26.7543 26.3829 5.9388 4.1179 0.3918 1.5359 8.104 2.81421045647 0.514
2016-10-01 12:06:37.897000 8327.419 3.359 49.891 33.886 52.24 4.268 4.6454 4.4714 27.8024 26.7524 26.3902 5.9366 4.117 0.3917 1.5362 8.103 2.82016958425 0.5139
2016-10-01 12:07:42.867000 8392.389 3.407 49.886 33.416 52.235 4.267 4.6442 4.4678 27.8041 26.7616 26.3948 5.9343 4.1167 0.3916 1.536 8.102 2.80229220091 0.5138
2016-10-01 12:08:47.867000 8457.389 3.435 49.881 33.373 52.231 4.25 4.6425 4.4627 27.8027 26.7652 26.4021 5.9321 4.1157 0.3916 1.5359 8.101 2.75209011857 0.5137
2016-10-01 12:09:52.867000 8522.389 3.588 49.878 33.674 52.228 4.266 4.6409 4.4583 27.803 26.7625 26.4082 5.93 4.1143 0.3916 1.5359 8.1 2.72428515282 0.5137
2016-10-01 12:10:57.877000 8587.399 3.559 49.873 33.898 52.223 4.265 4.6407 4.4559 27.8037 26.771 26.416 5.9281 4.1157 0.3916 1.5358 8.1 2.81421045647 0.5137
2016-10-01 12:12:02.957000 8652.479 3.478 49.867 34.187 52.219 4.266 4.6391 4.4509 27.8037 26.7701 26.4228 5.9264 4.1138 0.3917 1.5358 8.099 2.73540713912 0.5136
2016-10-01 12:13:08.038000 8717.56 3.401 49.866 34.198 52.215 4.265 4.6377 4.4475 27.7967 26.7677 26.4292 5.9246 4.1133 0.3916 1.5359 8.098 2.74652912542 0.5136
2016-10-01 12:14:13.178000 8782.7 3.362 49.862 34.097 52.211 4.218 4.6362 4.4437 27.8027 26.7741 26.4371 5.9229 4.1126 0.3916 1.5357 8.097 2.74096813227 0.5136
2016-10-01 12:15:18.338000 8847.86 3.483 49.858 34.145 52.209 4.263 4.6345 4.4393 27.8034 26.7747 26.4431 5.9211 4.1113 0.3916 1.5354 8.096 2.79657806377 0.5135
2016-10-01 12:16:23.588000 8913.11 3.427 49.856 34.204 52.205 4.263 4.6331 4.4357 27.7981 26.7741 26.4493 5.9194 4.1108 0.3916 1.5354 8.095 2.80229220091 0.5135
2016-10-01 12:17:28.818000 8978.34 3.512 49.855 33.967 52.202 4.257 4.6316 4.4318 27.8005 26.7714 26.4546 5.9177 4.1097 0.3916 1.5355 8.095 2.73540713912 0.5135
2016-10-01 12:18:34.098000 9043.62 3.397 49.851 34.169 52.2 4.258 4.6308 4.4291 27.8034 26.7777 26.4605 5.9163 4.1102 0.3917 1.5354 8.094 2.73540713912 0.5135
2016-10-01 12:19:39.378000 9108.9 3.524 49.847 34.032 52.193 4.261 4.6292 4.425 27.8017 26.777 26.4657 5.915 4.1094 0.3917 1.5352 8.094 2.78545607747 0.5135
2016-10-01 12:20:44.688000 9174.21 3.398 49.847 34.194 52.192 4.261 4.6279 4.4209 27.8017 26.7765 26.4714 5.9135 4.109 0.392 1.5351 8.093 2.76321210487 0.5136
2016-10-01 12:21:50.048000 9239.57 3.538 49.842 33.991 52.188 4.261 4.6271 4.4175 27.8017 26.7732 26.4785 5.9122 4.109 0.3922 1.5353 8.092 2.74652912542 0.5137
2016-10-01 12:22:55.448000 9304.97 3.574 49.84 34.173 52.186 4.198 4.6259 4.4134 27.8014 26.7785 26.4839 5.9109 4.1074 0.3923 1.5356 8.091 2.81421045647 0.5138
2016-10-01 12:24:00.868000 9370.39 3.583 49.839 33.734 52.183 4.259 4.6241 4.4097 27.8024 26.7784 26.4922 5.9094 4.1058 0.3924 1.5351 8.09 2.80825132869 0.5138
2016-10-01 12:25:06.369000 9435.891 3.469 49.835 33.417 52.181 4.258 4.6225 4.4052 27.8009 26.7785 26.4991 5.9081 4.1043 0.3924 1.5353 8.09 2.73540713912 0.5138
2016-10-01 12:26:11.889000 9501.411 3.4 49.835 33.41 52.18 4.235 4.6219 4.4021 27.8014 26.778 26.505 5.9066 4.1043 0.3925 1.5354 8.089 2.79101707062 0.5139
2016-10-01 12:27:17.419000 9566.941 3.366 49.831 33.691 52.178 4.257 4.6213 4.3994 27.7975 26.7775 26.5101 5.9054 4.1047 0.3926 1.5355 8.088 2.75209011857 0.5138
2016-10-01 12:28:22.969000 9632.491 3.377 49.825 34.142 52.171 4.221 4.6214 4.3971 27.8017 26.7738 26.512 5.9045 4.1054 0.3926 1.5356 8.088 2.71872415967 0.5138
2016-10-01 12:29:28.939000 9698.461 3.53 49.822 33.446 52.17 4.257 4.6202 4.3936 27.802 26.7729 26.5214 5.9034 4.1035 0.3926 1.5355 8.088 2.74096813227 0.5138
2016-10-01 12:30:34.569000 9764.091 3.373 49.823 33.531 52.168 4.256 4.6196 4.3899 27.8005 26.777 26.5245 5.9023 4.1032 0.3927 1.5355 8.087 2.77433409117 0.5139
2016-10-01 12:31:40.279000 9829.801 3.525 49.819 34.025 52.164 4.251 4.6188 4.3876 27.8014 26.7799 26.5306 5.9014 4.103 0.3928 1.5354 8.087 2.78545607747 0.5139
2016-10-01 12:32:46.029000 9895.551 3.585 49.816 33.623 52.163 4.256 4.6179 4.3843 27.8024 26.7792 26.5344 5.9003 4.1022 0.3929 1.5355 8.086 2.74096813227 0.5139
2016-10-01 12:33:51.909000 9961.431 3.353 49.813 33.967 52.159 4.254 4.6176 4.3817 27.8027 26.7794 26.539 5.8994 4.103 0.3929 1.5354 8.086 2.77989508432 0.5139
2016-10-01 12:34:57.729000 10027.251 3.585 49.811 33.69 52.156 4.256 4.6167 4.3783 27.8017 26.7799 26.5439 5.8985 4.1017 0.393 1.5355 8.085 2.70760217337 0.514
2016-10-01 12:36:03.560000 10093.082 3.423 49.809 33.36 52.154 4.255 4.616 4.375 27.8009 26.7785 26.5408 5.8977 4.1012 0.3931 1.5355 8.085 2.75209011857 0.514
2016-10-01 12:37:09.440000 10158.962 3.428 49.807 34.199 52.152 4.253 4.6144 4.371 27.8009 26.7777 26.5512 5.8966 4.1 0.393 1.5354 8.084 2.82016958425 0.5139
2016-10-01 12:38:15.330000 10224.852 3.427 49.805 33.352 52.15 4.254 4.6145 4.3689 27.7992 26.7785 26.5571 5.8957 4.1003 0.393 1.5351 8.083 2.71316316652 0.5139
2016-10-01 12:39:21.290000 10290.812 3.447 49.802 34.181 52.147 4.244 4.613 4.3659 27.8009 26.7789 26.5595 5.8949 4.0999 0.393 1.5349 8.083 2.75209011857 0.5138
2016-10-01 12:40:27.310000 10356.832 3.431 49.799 33.35 52.145 4.254 4.6126 4.3633 27.7995 26.7769 26.5626 5.894 4.0997 0.393 1.5352 8.083 2.77989508432 0.5138
2016-10-01 12:41:33.290000 10422.812 3.442 49.795 34.169 52.139 4.254 4.6124 4.3613 27.8009 26.7777 26.5644 5.8933 4.1008 0.3929 1.5351 8.082 2.72984614597 0.5137
2016-10-01 12:42:39.340000 10488.862 3.434 49.792 33.355 52.134 4.254 4.6117 4.3581 27.8002 26.7777 26.5668 5.8927 4.0994 0.3928 1.5351 8.082 2.78545607747 0.5136
2016-10-01 12:43:45.460000 10554.982 3.434 49.791 34.187 52.133 4.169 4.611 4.355 27.7998 26.7785 26.5682 5.8919 4.0993 0.3931 1.5353 8.081 2.77433409117 0.5137
2016-10-01 12:44:51.600000 10621.122 3.353 49.787 33.344 52.129 4.253 4.611 4.3518 27.7995 26.7765 26.5725 5.891 4.0988 0.3937 1.5353 8.081 2.72428515282 0.5141
2016-10-01 12:45:57.730000 10687.252 3.587 49.783 33.643 52.128 4.254 4.6109 4.3448 27.8002 26.7775 26.5814 5.8904 4.0996 0.4019 1.5356 8.081 2.73540713912 0.5198
2016-10-01 12:47:03.940000 10753.462 3.352 49.778 33.967 52.123 4.243 4.6036 4.1306 27.7975 26.7656 26.8593 5.8888 4.0855 0.7165 1.5426 8.078 2.78545607747 0.778
2016-10-01 12:48:10.231000 10819.753 3.381 49.775 33.508 52.119 4.226 4.5987 3.8779 27.794 26.7519 27.7489 5.8838 4.0643 1.2346 1.5575 8.07 2.79657806377 1.2722
2016-10-01 12:49:16.511000 10886.043 3.514 49.774 34.008 52.118 4.213 4.6097 3.7394 27.7933 26.746 28.3947 5.8772 4.0497 1.7252 1.5744 8.061 2.72984614597 1.7693
2016-10-01 12:50:22.851000 10952.373 3.367 49.771 34.151 52.115 4.209 4.6314 3.6893 27.794 26.7468 28.7137 5.8714 4.0437 2.0859 1.5857 8.056 2.77989508432 2.1345
2016-10-01 12:51:29.241000 11018.763 3.35 49.767 33.742 52.111 4.207 4.6563 3.6669 27.7961 26.7473 28.7779 5.8668 4.0426 2.3767 1.5929 8.054 2.8976382454 2.4352
2016-10-01 12:52:35.661000 11085.183 3.424 49.767 33.915 52.111 4.207 4.6786 3.6547 27.7954 26.7463 28.7235 5.8636 4.0428 2.6269 1.5972 8.053 2.94843438261 2.6919
2016-10-01 12:53:42.141000 11151.663 3.571 49.766 34.163 52.109 4.208 4.6979 3.6488 27.7914 26.7515 28.6061 5.8613 4.044 2.8459 1.5995 8.052 3.02651922819 2.9193
2016-10-01 12:54:48.601000 11218.123 3.341 49.763 33.982 52.105 4.209 4.7143 3.6456 27.7961 26.7533 28.4598 5.8598 4.0454 3.0425 1.6003 8.053 3.09443443549 3.1221
2016-10-01 12:55:55.121000 11284.643 3.362 49.76 33.446 52.102 4.21 4.7262 3.6431 27.7977 26.7549 28.3015 5.8591 4.0463 3.2202 1.6007 8.053 3.1735536938 3.3082
2016-10-01 12:57:01.821000 11351.343 3.354 49.757 33.705 52.098 4.211 4.7361 3.642 27.7992 26.7558 28.1402 5.8584 4.0472 3.3839 1.6015 8.053 3.14465389456 3.4783
2016-10-01 12:58:08.381000 11417.903 3.42 49.754 33.342 52.097 4.204 4.7449 3.64 27.7977 26.7521 27.9882 5.8577 4.0475 3.5347 1.6024 8.053 3.1735536938 3.6359
2016-10-01 12:59:15.041000 11484.563 3.569 49.753 33.72 52.096 4.211 4.7516 3.6378 27.7922 26.7574 27.8965 5.8571 4.048 3.6744 1.6033 8.053 3.35930102088 3.7812
2016-10-01 13:00:21.682000 11551.204 3.534 49.754 34.105 52.092 4.206 4.7575 3.6365 27.7971 26.7582 27.8076 5.8564 4.0484 3.8042 1.6039 8.053 3.35117713331 3.9172
2016-10-01 13:01:28.372000 11617.894 3.535 49.749 33.9 52.091 4.183 4.7632 3.6364 27.7977 26.7595 27.7209 5.8557 4.0489 3.9252 1.6046 8.053 3.45145167022 4.0458
2016-10-01 13:02:35.052000 11684.574 3.423 49.747 34.171 52.089 4.212 4.7685 3.6356 27.7986 26.7595 27.6413 5.8552 4.0494 4.0419 1.605 8.053 3.59381472758 4.1669
2016-10-01 13:03:41.802000 11751.324 3.497 49.743 34.074 52.084 4.213 4.7719 3.6347 27.7977 26.7555 27.5633 5.8547 4.0495 4.1492 1.6052 8.053 3.54848400937 4.2807
2016-10-01 13:04:48.582000 11818.104 3.374 49.743 34.147 52.083 4.189 4.7753 3.6346 27.7975 26.7604 27.4895 5.8542 4.0501 4.2533 1.6055 8.053 3.62214265489 4.3874
2016-10-01 13:05:55.452000 11884.974 3.46 49.74 34.121 52.079 4.214 4.7784 3.6341 27.7971 26.7604 27.4192 5.8538 4.0507 4.3494 1.6058 8.053 3.59381472758 4.4921
2016-10-01 13:07:02.302000 11951.824 3.504 49.736 34.057 52.079 4.214 4.7813 3.6333 27.7981 26.761 27.3544 5.8531 4.0503 4.4434 1.6063 8.053 3.66990998358 4.5904
2016-10-01 13:08:09.192000 12018.714 3.542 49.737 34.129 52.075 4.214 4.7836 3.6339 27.7924 26.7604 27.296 5.8526 4.0514 4.5335 1.6066 8.052 3.66035651784 4.6832
2016-10-01 13:09:16.102000 12085.624 3.434 49.733 34.164 52.075 4.215 4.7857 3.6336 27.7965 26.7613 27.2397 5.8523 4.0517 4.6156 1.6068 8.052 3.7487579383 4.7752
2016-10-01 13:10:23.052000 12152.584 3.512 49.73 34.008 52.071 4.214 4.7882 3.6328 27.7977 26.7597 27.1874 5.8517 4.0516 4.6986 1.6073 8.052 3.86234427936 4.8597
2016-10-01 13:11:30.042000 12219.564 3.568 49.728 33.74 52.068 4.214 4.7897 3.6323 27.794 26.7586 27.1369 5.8512 4.0518 4.7776 1.6075 8.052 3.94915824887 4.9417
2016-10-01 13:12:37.113000 12286.635 3.358 49.728 33.521 52.068 4.214 4.7907 3.6314 27.7967 26.7582 27.0928 5.8507 4.051 4.8513 1.6076 8.051 3.99349594313 5.0244
2016-10-01 13:13:44.243000 12353.765 3.344 49.726 33.885 52.067 4.154 4.7936 3.6325 27.7981 26.7591 27.0506 5.8502 4.0521 4.9225 1.6079 8.052 3.94915824887 5.0997
2016-10-01 13:14:51.413000 12420.935 3.36 49.722 34.129 52.064 4.215 4.7951 3.6323 27.794 26.7591 27.0117 5.8498 4.0524 4.9942 1.6082 8.052 4.11187060446 5.1708
2016-10-01 13:15:58.533000 12488.055 3.433 49.72 34.159 52.06 4.211 4.7965 3.6317 27.7986 26.761 26.978 5.8496 4.0528 5.0614 1.6086 8.052 3.93807382531 5.2447
2016-10-01 13:17:05.693000 12555.225 3.51 49.72 33.446 52.06 4.166 4.7975 3.6308 27.7965 26.7582 26.9499 5.8491 4.0523 5.1253 1.6087 8.051 4.06433297595 5.3134
2016-10-01 13:18:12.893000 12622.415 3.44 49.719 33.338 52.06 4.215 4.7985 3.6306 27.7975 26.761 26.9253 5.8485 4.0523 5.1862 1.6091 8.051 4.01679534744 5.3801
2016-10-01 13:19:20.133000 12689.655 3.347 49.716 33.383 52.055 4.215 4.8007 3.6321 27.7988 26.7613 26.901 5.848 4.0528 5.2479 1.609 8.051 4.14752382584 5.4434
2016-10-01 13:20:27.383000 12756.905 3.386 49.715 34.156 52.054 4.215 4.8012 3.6304 27.7928 26.7619 26.8784 5.8476 4.0518 5.3076 1.6093 8.051 4.06433297595 5.5058
2016-10-01 13:21:34.853000 12824.375 3.562 49.713 33.527 52.054 4.216 4.8026 3.6314 27.7986 26.7622 26.8577 5.8472 4.0533 5.365 1.6095 8.051 4.11187060446 5.5679
2016-10-01 13:22:42.213000 12891.735 3.342 49.712 33.877 52.051 4.215 4.8035 3.6298 27.7935 26.7622 26.8389 5.8468 4.0526 5.4187 1.6098 8.05 4.28559134341 5.6267
2016-10-01 13:23:49.674000 12959.196 3.533 49.712 33.868 52.051 4.215 4.8042 3.6295 27.7971 26.7619 26.8224 5.8463 4.0516 5.4706 1.61 8.05 4.27259233486 5.6828
2016-10-01 13:24:57.114000 13026.636 3.39 49.713 33.735 52.05 4.215 4.8047 3.629 27.7914 26.7613 26.808 5.8457 4.0523 5.5249 1.6099 8.05 4.14752382584 5.7376
2016-10-01 13:26:04.574000 13094.096 3.36 49.71 33.633 52.047 4.215 4.8054 3.6297 27.7967 26.7616 26.7929 5.8453 4.0522 5.5762 1.61 8.05 4.17129264009 5.7932
2016-10-01 13:27:12.074000 13161.596 3.495 49.707 34.077 52.046 4.204 4.8065 3.6298 27.7912 26.7604 26.7808 5.8449 4.0531 5.6246 1.6103 8.05 4.29859035196 5.8458
2016-10-01 13:28:19.564000 13229.086 3.435 49.704 33.341 52.042 4.216 4.8082 3.6306 27.7975 26.7622 26.7681 5.8447 4.0536 5.6723 1.6109 8.05 4.20759729212 5.8967
2016-10-01 13:29:27.134000 13296.656 3.523 49.703 34.022 52.04 4.217 4.81 3.6308 27.7922 26.7595 26.757 5.8444 4.0538 5.7167 1.6112 8.05 4.27259233486 5.9472
2016-10-01 13:30:34.724000 13364.246 3.386 49.701 33.438 52.038 4.216 4.8109 3.6308 27.7977 26.7613 26.7482 5.8441 4.0541 5.7611 1.6114 8.05 4.35058638615 5.9952
2016-10-01 13:31:42.384000 13431.906 3.412 49.701 34.17 52.039 4.103 4.8121 3.6298 27.7912 26.7613 26.7378 5.8436 4.0533 5.8075 1.6117 8.05 4.35058638615 6.04
2016-10-01 13:32:50.084000 13499.606 3.537 49.699 33.462 52.036 4.217 4.8135 3.6308 27.7986 26.7625 26.7323 5.8434 4.0549 5.8503 1.612 8.05 4.32458836906 6.0882
2016-10-01 13:34:17.307000 13586.829 3.349 49.697 33.819 52.033 4.218 4.816 3.6317 27.7971 26.7616 26.7208 5.8429 4.0557 5.905 1.6122 8.05 4.40281471222 6.1448
2016-10-01 13:35:25.071000 13654.593 3.519 49.695 33.949 52.032 4.217 4.8161 3.6304 27.7971 26.7634 26.7152 5.8428 4.0547 5.9455 1.6124 8.05 4.3375873776 6.1888
2016-10-01 13:36:32.895000 13722.417 3.346 49.693 33.959 52.031 4.217 4.8175 3.631 27.7977 26.7597 26.7068 5.8423 4.055 5.983 1.6126 8.049 4.4169829975 6.2312
2016-10-01 13:37:40.909000 13790.431 3.408 49.693 33.341 52.032 4.217 4.8183 3.6309 27.7995 26.7627 26.7016 5.8419 4.055 6.0217 1.613 8.049 4.50199270918 6.2728
2016-10-01 13:38:48.782000 13858.304 3.543 49.693 33.881 52.03 4.217 4.8191 3.6294 27.7995 26.7627 26.6976 5.8414 4.0538 6.0575 1.6133 8.049 4.47365613862 6.3117
2016-10-01 13:39:56.646000 13926.168 3.373 49.693 33.494 52.03 4.216 4.8192 3.6289 27.7975 26.7595 26.6933 5.8408 4.0532 6.0949 1.6123 8.048 4.37658440325 6.3487
2016-10-01 13:41:04.550000 13994.072 3.573 49.692 33.578 52.029 4.216 4.8182 3.629 27.7977 26.7619 26.6887 5.8402 4.0537 6.1313 1.6121 8.048 4.3635853947 6.3884
2016-10-01 13:42:12.523000 14062.045 3.458 49.689 34.154 52.026 4.212 4.8183 3.6291 27.7914 26.7622 26.686 5.84 4.0537 6.1677 1.612 8.048 4.51616099446 6.4266
2016-10-01 13:43:20.547000 14130.069 3.348 49.689 33.8 52.027 4.216 4.8184 3.629 27.7965 26.7589 26.6833 5.8395 4.0534 6.2013 1.6122 8.048 4.66281380651 6.4649
2016-10-01 13:44:28.660000 14198.182 3.346 49.687 33.352 52.026 4.217 4.8182 3.6294 27.7977 26.7637 26.6814 5.8391 4.0546 6.2353 1.6123 8.048 4.57283413558 6.5016
2016-10-01 13:45:36.724000 14266.246 3.448 49.688 33.364 52.024 4.216 4.8179 3.6283 27.7975 26.7625 26.6809 5.8387 4.0536 6.2666 1.6125 8.048 4.4878244239 6.5359
2016-10-01 13:46:44.857000 14334.379 3.522 49.688 33.971 52.026 4.215 4.8176 3.6277 27.7965 26.7582 26.6778 5.8382 4.052 6.2998 1.6127 8.047 4.61665692178 6.5713
2016-10-01 13:47:53.012000 14402.544 3.346 49.689 33.976 52.024 4.216 4.8182 3.6287 27.7986 26.7627 26.6751 5.8376 4.0534 6.3287 1.613 8.047 4.66281380651 6.6045
2016-10-01 13:49:01.205000 14470.727 3.345 49.687 33.332 52.021 4.211 4.819 3.6289 27.7975 26.7646 26.6721 5.8375 4.0544 6.3577 1.6133 8.047 4.4878244239 6.6403
2016-10-01 13:50:09.439000 14538.961 3.544 49.684 33.509 52.021 4.216 4.8199 3.6283 27.7922 26.7632 26.6696 5.8371 4.0539 6.3891 1.6136 8.047 4.66281380651 6.6746
2016-10-01 13:51:17.703000 14607.225 3.411 49.687 34.169 52.022 4.215 4.8204 3.6274 27.7975 26.7595 26.6678 5.8368 4.0532 6.4203 1.6137 8.047 4.693585063 6.7076
2016-10-01 13:52:26.056000 14675.578 3.411 49.688 34.15 52.025 4.216 4.8208 3.6277 27.7977 26.7649 26.6671 5.8361 4.0526 6.4503 1.6142 8.047 4.58700242086 6.7415
2016-10-01 13:53:34.420000 14743.942 3.455 49.685 34.155 52.021 4.216 4.8221 3.628 27.7986 26.7641 26.6666 5.8357 4.0535 6.4791 1.6145 8.047 4.54449756502 6.7714
2016-10-01 13:54:43.024000 14812.546 3.433 49.685 34.164 52.021 4.216 4.8228 3.6276 27.7986 26.7637 26.6632 5.8353 4.0531 6.5068 1.6146 8.047 4.58700242086 6.8008
2016-10-01 13:55:51.467000 14880.989 3.432 49.686 34.165 52.023 4.215 4.8233 3.6272 27.7935 26.7625 26.6595 5.8347 4.0522 6.5331 1.6149 8.046 4.73974194774 6.8319
2016-10-01 13:56:59.911000 14949.433 3.409 49.688 34.167 52.024 4.21 4.8242 3.6275 27.7971 26.7579 26.6593 5.8342 4.0524 6.5609 1.6151 8.046 4.54449756502 6.8626
2016-10-01 13:58:08.404000 15017.926 3.365 49.685 34.108 52.02 4.216 4.8257 3.628 27.7992 26.7634 26.6574 5.8339 4.0537 6.5857 1.6154 8.046 4.67819943476 6.889
2016-10-01 13:59:16.979000 15086.501 3.343 49.683 33.343 52.02 4.216 4.8264 3.6279 27.7975 26.7641 26.6571 5.8336 4.0532 6.6114 1.6157 8.046 4.693585063 6.9194
2016-10-01 14:00:25.473000 15154.995 3.342 49.686 34.003 52.021 4.215 4.8269 3.6269 27.7986 26.7627 26.6549 5.8332 4.0525 6.6392 1.616 8.046 4.67819943476 6.948
2016-10-01 14:01:34.016000 15223.538 3.346 49.685 33.999 52.021 4.216 4.8282 3.6274 27.7981 26.7634 26.6544 5.8327 4.0531 6.6666 1.616 8.046 4.60127129354 6.9765
2016-10-01 14:02:42.630000 15292.152 3.343 49.684 33.85 52.02 4.216 4.8294 3.6282 27.7944 26.7632 26.6544 5.8324 4.0536 6.6901 1.6166 8.046 4.64742817827 7.003
2016-10-01 14:03:51.344000 15360.866 3.343 49.685 33.89 52.021 4.214 4.8306 3.6287 27.7928 26.7632 26.6539 5.832 4.0547 6.7153 1.6167 8.046 4.5586658503 7.03
2016-10-01 14:05:00.007000 15429.529 3.48 49.686 34.115 52.019 4.217 4.8316 3.6283 27.7967 26.7597 26.6535 5.8317 4.0547 6.7405 1.6168 8.047 4.72435631949 7.0571
2016-10-01 14:06:08.701000 15498.223 3.48 49.681 34.113 52.02 4.208 4.8329 3.6285 27.7977 26.76 26.652 5.8313 4.055 6.763 1.6168 8.047 4.66281380651 7.0806
2016-10-01 14:07:17.435000 15566.967 3.465 49.685 34.122 52.02 4.217 4.8332 3.6286 27.7988 26.7627 26.6529 5.831 4.0548 6.7867 1.6166 8.047 4.66281380651 7.1074
2016-10-01 14:08:26.258000 15635.78 3.568 49.683 33.561 52.021 4.217 4.8329 3.6289 27.7998 26.7641 26.6503 5.8305 4.0538 6.8101 1.6161 8.046 4.86799715687 7.1309
2016-10-01 14:09:35.132000 15704.654 3.389 49.683 33.404 52.02 4.216 4.8321 3.6278 27.7988 26.7637 26.6503 5.8302 4.0532 6.8319 1.6165 8.046 4.72435631949 7.157
2016-10-01 14:10:44.146000 15773.668 3.347 49.683 34.072 52.02 4.215 4.8307 3.6265 27.7986 26.7637 26.6513 5.8297 4.0523 6.8542 1.6157 8.046 4.70897069125 7.1776
2016-10-01 14:11:53.051000 15842.573 3.535 49.686 34.117 52.023 4.215 4.8309 3.6271 27.7988 26.7643 26.6498 5.8291 4.0528 6.8743 1.6171 8.045 4.72435631949 7.2047
2016-10-01 14:13:01.964000 15911.486 3.545 49.683 33.848 52.021 4.215 4.8323 3.6274 27.7988 26.7627 26.6503 5.8285 4.0528 6.8943 1.618 8.045 4.72435631949 7.2228
2016-10-01 14:14:10.948000 15980.47 3.414 49.683 33.329 52.02 4.216 4.834 3.6273 27.7986 26.7652 26.6498 5.8281 4.053 6.9174 1.6183 8.046 4.75512757598 7.2465
2016-10-01 14:15:19.972000 16049.494 3.342 49.681 33.926 52.02 4.216 4.8355 3.6282 27.8002 26.7637 26.652 5.8278 4.0543 6.9369 1.6184 8.046 4.86799715687 7.2703
2016-10-01 14:16:29.016000 16118.538 3.457 49.683 34.158 52.017 4.212 4.7424 3.6218 27.7946 26.7613 26.6511 5.8276 4.0488 6.9586 2.498 8.045 4.72435631949 7.2903
2016-10-01 14:17:38.079000 16187.601 3.358 49.683 33.552 52.018 4.196 4.5319 3.5975 27.7832 26.7579 26.6535 5.8284 4.0283 6.9831 3.3306 8.039 4.70897069125 7.3188
2016-10-01 14:18:47.213000 16256.735 3.362 49.681 34.144 52.02 4.179 4.3681 3.5742 27.7737 26.7546 26.6663 5.8274 4.0098 7.0106 3.941 8.03 4.90130065427 7.3453
2016-10-01 14:19:56.377000 16325.899 3.528 49.681 33.81 52.018 4.166 4.247 3.5578 27.7677 26.7512 26.6887 5.8248 3.9952 7.0392 4.4295 8.023 4.85134540818 7.3793
2016-10-01 14:21:05.561000 16395.083 3.391 49.681 33.331 52.015 4.155 4.1554 3.5435 27.7652 26.75 26.7144 5.822 3.9842 7.0714 4.8372 8.017 4.90130065427 7.4119
2016-10-01 14:22:14.754000 16464.276 3.477 49.677 34.024 52.016 4.148 4.0851 3.534 27.7642 26.7449 26.7451 5.8195 3.9766 7.1042 5.1848 8.012 4.93460415167 7.4489
2016-10-01 14:23:24.199000 16533.721 3.341 49.677 33.578 52.012 4.143 4.0278 3.5269 27.7597 26.7436 26.7832 5.8177 3.9699 7.1395 5.4956 8.009 4.73974194774 7.4842
2016-10-01 14:24:33.513000 16603.035 3.399 49.676 34.156 52.012 4.138 3.9818 3.5197 27.7587 26.7473 26.8172 5.8162 3.965 7.176 5.7722 8.006 4.80139016208 7.5235
2016-10-01 14:25:42.927000 16672.459 3.363 49.676 33.395 52.012 4.134 3.9453 3.5155 27.7642 26.746 26.8565 5.8151 3.9609 7.2126 6.0205 8.003 4.78589883247 7.5639
2016-10-01 14:26:52.321000 16741.843 3.509 49.676 33.912 52.012 4.13 3.9133 3.5102 27.7624 26.746 26.8937 5.8146 3.9563 7.2496 6.246 8.001 4.93460415167 7.6028
2016-10-01 14:28:01.725000 16811.247 3.32 49.673 33.859 52.01 4.109 3.8884 3.507 27.7652 26.7458 26.9317 5.8142 3.9544 7.2909 6.4531 8.0 4.98455939776 7.6486
2016-10-01 14:29:11.208000 16880.74 3.536 49.672 33.484 52.009 4.126 3.8677 3.5058 27.7655 26.7451 26.9692 5.8142 3.9525 7.3333 6.6455 7.998 4.88464890557 7.6924
2016-10-01 14:30:20.672000 16950.194 3.36 49.671 34.136 52.008 4.124 3.8498 3.5022 27.7671 26.7408 27.0073 5.8144 3.9501 7.3733 6.8284 7.997 4.83469365948 7.7397
2016-10-01 14:31:30.186000 17019.708 3.374 49.67 33.353 52.009 4.123 3.8344 3.5012 27.7624 26.7385 27.0491 5.8149 3.9485 7.418 7.0 7.997 4.98455939776 7.7843
2016-10-01 14:32:39.730000 17089.252 3.499 49.67 33.933 52.006 4.105 3.8213 3.4988 27.7645 26.7427 27.0915 5.8154 3.9482 7.4588 7.1594 7.996 5.07315636952 7.8318
2016-10-01 14:33:49.304000 17158.826 3.324 49.67 33.738 52.008 4.12 3.8101 3.4984 27.7677 26.7445 27.131 5.8162 3.947 7.4999 7.3083 7.995 4.86799715687 7.8738
2016-10-01 14:34:58.929000 17228.451 3.542 49.667 33.582 52.006 4.052 3.8003 3.4971 27.7688 26.7449 27.1699 5.817 3.9453 7.5443 7.4485 7.995 4.96790764906 7.9243
2016-10-01 14:36:08.783000 17298.305 3.526 49.669 33.81 52.005 4.12 3.7928 3.4959 27.7701 26.7418 27.2052 5.8178 3.9448 7.5871 7.5815 7.994 5.1270437863 7.9721
2016-10-01 14:37:18.526000 17368.048 3.318 49.668 33.898 52.004 4.118 3.784 3.4944 27.7652 26.7451 27.2439 5.8185 3.944 7.6312 7.7077 7.994 4.95125590036 8.0202
2016-10-01 14:38:28.230000 17437.752 3.335 49.669 33.571 52.004 4.119 3.7779 3.4937 27.7705 26.746 27.2796 5.8194 3.9432 7.6737 7.8251 7.993 5.05519389726 8.0693
2016-10-01 14:39:37.974000 17507.496 3.542 49.665 33.719 52.005 4.041 3.7724 3.4944 27.7719 26.7469 27.3118 5.8205 3.9435 7.7199 7.939 7.993 5.00130648048 8.1147
2016-10-01 14:40:47.808000 17577.33 3.498 49.667 33.94 52.003 4.118 3.7679 3.4932 27.7716 26.7427 27.3457 5.8215 3.9428 7.7638 8.0499 7.993 5.18093120309 8.1624
2016-10-01 14:41:57.662000 17647.184 3.46 49.666 33.857 52.002 4.117 3.762 3.4922 27.7671 26.7468 27.3779 5.8223 3.9425 7.8076 8.1535 7.993 5.14500625857 8.2118
2016-10-01 14:43:07.506000 17717.028 3.333 49.667 33.602 52.002 4.116 3.7574 3.4912 27.7705 26.7476 27.4086 5.8234 3.9412 7.85 8.2555 7.992 4.93460415167 8.2634
2016-10-01 14:44:17.450000 17786.972 3.363 49.667 33.377 52.004 4.116 3.754 3.4911 27.7722 26.7476 27.4395 5.8242 3.9406 7.8952 8.3518 7.992 4.95125590036 8.3113
2016-10-01 14:45:27.384000 17856.906 3.52 49.666 33.506 52.004 4.116 3.7504 3.4904 27.7667 26.7454 27.4698 5.825 3.9401 7.9406 8.4428 7.992 5.18093120309 8.3605
2016-10-01 14:46:37.379000 17926.901 3.545 49.667 33.666 52.003 4.093 3.7466 3.4896 27.7701 26.7476 27.4965 5.8259 3.94 7.9844 8.5337 7.991 5.09111884178 8.4131
2016-10-01 14:47:47.393000 17996.925 3.507 49.664 33.847 52.003 4.116 3.7448 3.4911 27.7711 26.7454 27.5237 5.827 3.9405 8.031 8.6225 7.991 5.18093120309 8.4579
2016-10-01 14:48:57.657000 18067.179 3.458 49.663 34.096 52.0 4.115 3.7417 3.489 27.7677 26.7468 27.5513 5.828 3.9401 8.0761 8.7082 7.991 5.14500625857 8.5053
2016-10-01 14:50:07.761000 18137.283 3.542 49.662 33.709 51.999 4.086 3.7396 3.4903 27.7711 26.746 27.5765 5.8291 3.941 8.1215 8.791 7.991 5.25683745841 8.5589
2016-10-01 14:51:17.865000 18207.387 3.487 49.663 33.948 52.001 4.113 3.7352 3.4859 23.9238 23.4974 27.5999 5.8298 3.9378 8.1624 8.8673 7.991 5.10908131404 8.6062
2016-10-01 14:52:28.009000 18277.531 3.448 49.664 34.107 52.003 4.094 3.7297 3.4821 20.8983 21.1879 27.6248 5.83 3.9363 8.204 8.947 7.99 5.16296873083 8.6572
2016-10-01 14:53:38.163000 18347.685 3.346 49.666 34.133 52.001 4.109 3.726 3.4796 17.8631 19.0884 27.6509 5.8302 3.9339 8.2496 9.0222 7.989 5.33420920113 8.7041
2016-10-01 14:54:48.417000 18417.939 3.467 49.667 34.059 52.004 4.107 3.7352 3.4751 14.6011 16.876 27.6717 5.8301 3.9308 8.2931 9.0943 7.987 5.31486626545 8.7532
2016-10-01 14:55:58.660000 18488.182 3.393 49.664 34.154 52.001 4.104 3.8621 3.4713 11.6486 14.4999 27.6933 5.8299 3.9283 8.3373 9.1639 7.986 5.33420920113 8.8012
2016-10-01 14:57:08.934000 18558.456 3.461 49.667 34.09 52.003 4.1 3.9913 3.4691 9.1337 12.2907 27.7123 5.8291 3.9237 8.3811 9.2314 7.984 5.31486626545 8.8492
2016-10-01 14:58:19.259000 18628.781 3.407 49.669 34.158 52.005 4.098 4.0682 3.4775 6.937 10.3321 27.7352 5.8285 3.9216 8.4247 9.2999 7.983 5.4332471431 8.8984
2016-10-01 14:59:29.684000 18699.206 3.52 49.667 33.793 52.005 4.099 4.1326 3.4925 5.3209 8.5078 27.7562 5.8281 3.9216 8.467 9.3645 7.982 5.31486626545 8.9478
2016-10-01 15:00:40.138000 18769.66 3.439 49.667 33.364 52.003 4.097 4.1889 3.5063 4.371 6.9947 27.7766 5.8284 3.9223 8.5093 9.43 7.982 5.25683745841 8.9966
2016-10-01 15:01:50.752000 18840.274 3.331 49.665 33.568 52.005 4.098 4.241 3.5189 3.9841 6.0084 27.7929 5.8287 3.9214 8.5519 9.493 7.982 5.47483942457 9.0467
2016-10-01 15:03:01.216000 18910.738 3.315 49.669 33.991 52.006 4.099 4.2873 3.5292 3.8674 5.3809 27.8131 5.8292 3.9227 8.5971 9.5489 7.982 5.21815158705 9.0869
2016-10-01 15:04:11.720000 18981.242 3.419 49.667 34.116 52.004 4.1 4.3307 3.539 3.836 5.0202 27.8311 5.83 3.9232 8.6393 9.6106 7.983 5.23749452273 9.1386
2016-10-01 15:05:22.264000 19051.786 3.525 49.664 33.779 52.003 4.101 4.3693 3.5469 3.8283 4.8055 27.8492 5.831 3.9235 8.6814 9.6696 7.983 5.49563556531 9.1829
2016-10-01 15:06:32.798000 19122.32 3.319 49.665 33.401 52.003 4.099 4.4058 3.5544 3.8255 4.6671 27.8657 5.8318 3.9223 8.7243 9.725 7.983 5.39223800816 9.2289
2016-10-01 15:07:43.462000 19192.984 3.351 49.668 34.13 52.006 4.098 4.4381 3.5604 3.8238 4.5758 27.8839 5.8324 3.923 8.7629 9.7784 7.983 5.23749452273 9.2781
2016-10-01 15:08:54.146000 19263.668 3.48 49.666 34.001 52.004 4.099 4.4686 3.5657 3.8234 4.5123 27.8989 5.8331 3.9223 8.8053 9.8295 7.983 5.53722784678 9.3263
2016-10-01 15:10:04.791000 19334.313 3.538 49.666 33.69 52.005 4.099 4.4959 3.5703 3.8228 4.4689 27.915 5.8337 3.9216 8.8437 9.8841 7.982 5.47483942457 9.3717
2016-10-01 15:11:15.535000 19405.057 3.313 49.67 33.889 52.005 4.098 4.5215 3.5744 3.8221 4.4392 27.9321 5.8343 3.9225 8.8873 9.9308 7.983 5.47483942457 9.4175
2016-10-01 15:12:26.539000 19476.061 3.539 49.67 33.631 52.006 4.098 4.5449 3.5786 3.822 4.4189 27.9472 5.835 3.9215 8.9286 9.9847 7.982 5.39223800816 9.4622
2016-10-01 15:13:37.363000 19546.885 3.311 49.671 33.919 52.005 4.097 4.5655 3.5811 3.8207 4.4049 27.9629 5.8354 3.9201 8.9672 10.0364 7.982 5.53722784678 9.5102
2016-10-01 15:14:48.217000 19617.739 3.39 49.67 34.156 52.009 4.097 4.5852 3.5842 3.8199 4.3945 27.979 5.8358 3.9208 9.0103 10.0844 7.982 5.31486626545 9.5502
2016-10-01 15:15:59.122000 19688.644 3.386 49.67 33.299 52.006 4.099 4.6027 3.5873 3.8208 4.389 27.9903 5.8366 3.9219 9.0499 10.1293 7.982 5.37289507248 9.5988
2016-10-01 15:17:10.056000 19759.578 3.397 49.667 34.148 52.004 4.099 4.6187 3.589 3.8211 4.3854 28.0091 5.8375 3.9228 9.0913 10.1739 7.983 5.41245100237 9.6435
2016-10-01 15:18:21.040000 19830.562 3.41 49.669 33.344 52.007 4.098 4.6337 3.5914 3.8204 4.3812 28.0344 5.838 3.9208 9.1245 10.2203 7.982 5.62188093447 9.6877
2016-10-01 15:19:32.014000 19901.536 3.358 49.669 34.157 52.008 4.098 4.6466 3.5932 3.8201 4.3793 28.0555 5.8385 3.9215 9.1638 10.2631 7.982 5.49563556531 9.7309
2016-10-01 15:20:43.058000 19972.58 3.432 49.67 33.349 52.008 4.099 4.6587 3.5947 3.8202 4.3785 28.0785 5.8391 3.9219 9.2021 10.3051 7.982 5.68875775091 9.7781
2016-10-01 15:21:54.093000 20043.615 3.348 49.67 34.129 52.007 4.098 4.6701 3.5967 3.8199 4.377 28.1003 5.8398 3.9206 9.2433 10.3511 7.982 5.53722784678 9.8178
2016-10-01 15:23:05.447000 20114.969 3.337 49.671 33.508 52.006 4.098 4.6799 3.5985 3.8199 4.3764 28.127 5.8403 3.9209 9.2815 10.3915 7.982 5.80023313883 9.8637
2016-10-01 15:24:16.602000 20186.124 3.425 49.67 34.139 52.008 4.098 4.6889 3.5995 3.8198 4.3762 28.1482 5.8409 3.9213 9.3209 10.4354 7.982 5.51643170605 9.899
2016-10-01 15:25:27.816000 20257.338 3.377 49.668 33.349 52.007 4.098 4.6977 3.6006 3.8197 4.3759 28.1667 5.8415 3.9223 9.3568 10.4755 7.982 5.64417320662 9.9453
2016-10-01 15:26:39.060000 20328.582 3.533 49.67 33.58 52.008 4.098 4.7057 3.6017 3.8193 4.3749 28.1867 5.842 3.9209 9.3974 10.5176 7.982 5.64417320662 9.9897
2016-10-01 15:27:50.314000 20399.836 3.312 49.667 33.972 52.006 4.097 4.7125 3.6031 3.8191 4.3749 28.208 5.8424 3.9213 9.4325 10.5553 7.982 5.82395252865 10.0309
2016-10-01 15:29:01.618000 20471.14 3.342 49.67 33.509 52.006 4.097 4.7187 3.6035 3.8186 4.3746 28.2313 5.8428 3.9207 9.4731 10.596 7.982 5.51643170605 10.0758
2016-10-01 15:30:12.933000 20542.455 3.453 49.671 34.014 52.009 4.097 4.7253 3.604 3.8179 4.3739 28.2491 5.8431 3.9197 9.5083 10.632 7.981 5.57882012825 10.1183
2016-10-01 15:31:24.307000 20613.829 3.336 49.671 34.125 52.008 4.097 4.7309 3.605 3.8179 4.3736 28.2696 5.8435 3.921 9.5427 10.6685 7.981 5.51643170605 10.1575
2016-10-01 15:32:35.691000 20685.213 3.331 49.669 33.574 52.006 4.098 4.7367 3.6057 3.8187 4.3744 28.2873 5.8441 3.9217 9.582 10.7044 7.982 5.82395252865 10.1969
2016-10-01 15:33:47.396000 20756.918 3.523 49.67 33.525 52.007 4.098 4.7415 3.6069 3.8189 4.3744 28.3069 5.8447 3.9216 9.6182 10.7427 7.982 5.80023313883 10.2353
2016-10-01 15:34:58.841000 20828.363 3.485 49.67 33.985 52.006 4.098 4.7461 3.607 3.8195 4.3748 28.3227 5.8454 3.9216 9.6507 10.7776 7.982 5.53722784678 10.2737
2016-10-01 15:36:10.335000 20899.857 3.332 49.667 34.13 52.007 4.096 4.751 3.6072 3.8186 4.3746 28.3421 5.8458 3.92 9.6913 10.8106 7.982 5.82395252865 10.3169
2016-10-01 15:37:21.849000 20971.371 3.324 49.668 33.649 52.008 4.099 4.7557 3.6081 3.8187 4.3743 28.3577 5.8462 3.9226 9.7233 10.8445 7.982 5.82395252865 10.3585
2016-10-01 15:38:33.433000 21042.955 3.398 49.665 33.301 52.004 4.1 4.7602 3.6085 3.8199 4.375 28.3795 5.8469 3.9243 9.7615 10.8796 7.983 5.62188093447 10.3955
2016-10-01 15:39:45.068000 21114.59 3.537 49.665 33.707 52.005 4.1 4.7649 3.6092 3.8206 4.3753 28.3934 5.8477 3.9235 9.7967 10.9172 7.983 5.75563456734 10.4367
2016-10-01 15:40:56.762000 21186.284 3.531 49.667 33.561 52.005 4.099 4.7691 3.6097 3.8197 4.375 28.4097 5.8481 3.9225 9.8243 10.9489 7.982 5.68875775091 10.4719
2016-10-01 15:42:08.426000 21257.948 3.481 49.669 33.941 52.006 4.1 4.773 3.6105 3.8197 4.3751 28.4297 5.8484 3.923 9.8636 10.9781 7.983 5.84767191847 10.5155
2016-10-01 15:43:20.180000 21329.702 3.509 49.664 34.078 52.005 4.101 4.7772 3.611 3.8212 4.3761 28.4456 5.8492 3.9242 9.8947 11.0104 7.983 5.68875775091 10.5514
2016-10-01 15:44:32.135000 21401.657 3.542 49.666 34.148 52.005 4.1 4.7815 3.6108 3.8213 4.376 28.4612 5.8498 3.9239 9.9304 11.0428 7.983 5.94254947774 10.5919
2016-10-01 15:45:43.960000 21473.482 3.454 49.664 34.086 52.002 4.101 4.7854 3.6113 3.8214 4.3763 28.4774 5.8502 3.9242 9.9663 11.0715 7.983 5.71105002305 10.6273
2016-10-01 15:46:55.794000 21545.316 3.493 49.664 33.903 52.004 4.102 4.7896 3.6116 3.8221 4.3766 28.4879 5.8509 3.9248 9.999 11.1068 7.984 5.8951106981 10.6668
2016-10-01 15:48:07.619000 21617.141 3.355 49.665 34.147 52.003 4.1 4.7938 3.6121 3.8212 4.3764 28.5065 5.8513 3.9238 10.0341 11.131 7.983 5.98998825737 10.6962
2016-10-01 15:49:19.473000 21688.995 3.43 49.666 34.136 52.005 4.1 4.7979 3.612 3.8207 4.3761 28.523 5.8515 3.9232 10.0675 11.1603 7.983 5.66646547876 10.7329
2016-10-01 15:50:31.407000 21760.929 3.466 49.667 34.057 52.004 4.1 4.8023 3.6123 3.8205 4.3761 28.5386 5.8519 3.9234 10.0958 11.1923 7.983 6.04147582064 10.7773
2016-10-01 15:51:43.402000 21832.924 3.494 49.664 33.94 52.003 4.095 4.8066 3.6125 3.821 4.3765 28.5535 5.8523 3.924 10.1269 11.2249 7.983 5.71105002305 10.8155
2016-10-01 15:52:55.436000 21904.958 3.53 49.666 33.758 52.006 4.076 4.8106 3.6127 3.8203 4.3759 28.567 5.8526 3.9229 10.1629 11.252 7.983 5.84767191847 10.8494
2016-10-01 15:54:07.770000 21977.292 3.338 49.67 33.566 52.007 4.1 4.8147 3.6131 3.8204 4.3757 28.5808 5.8528 3.9234 10.1869 11.2861 7.983 5.8951106981 10.8856
2016-10-01 15:55:19.915000 22049.437 3.316 49.667 33.774 52.004 4.082 4.8189 3.6132 3.8206 4.3756 28.5941 5.8532 3.9235 10.2213 11.3068 7.983 5.8951106981 10.9229
2016-10-01 15:56:32.009000 22121.531 3.315 49.665 34.027 52.006 4.1 4.8232 3.6134 3.8205 4.3755 28.6108 5.8535 3.9232 10.2524 11.3398 7.983 5.96626886755 10.9568
2016-10-01 15:57:44.144000 22193.666 3.352 49.67 34.154 52.006 4.1 4.8276 3.6136 3.8203 4.3754 28.6225 5.8538 3.9231 10.2814 11.3657 7.983 5.96626886755 10.9921
2016-10-01 15:58:56.309000 22265.831 3.537 49.667 33.584 52.006 4.1 4.8319 3.6141 3.8201 4.3754 28.6381 5.854 3.9237 10.3184 11.3984 7.983 5.80023313883 11.026
2016-10-01 16:00:08.523000 22338.045 3.413 49.67 33.328 52.006 4.101 4.8362 3.6142 3.8202 4.3753 28.6515 5.8543 3.9243 10.3428 11.4143 7.983 5.64417320662 11.056
2016-10-01 16:01:20.788000 22410.31 3.316 49.67 33.97 52.006 4.101 4.8409 3.6143 3.8209 4.3758 28.6655 5.8548 3.924 10.3736 11.4405 7.983 5.96626886755 11.0931
2016-10-01 16:02:33.332000 22482.854 3.527 49.67 33.779 52.009 4.101 4.845 3.614 3.8208 4.3757 28.6795 5.8552 3.9243 10.4058 11.4663 7.983 6.01519051364 11.1291
2016-10-01 16:03:45.646000 22555.168 3.541 49.672 33.597 52.009 4.101 4.8492 3.6141 3.821 4.3762 28.6934 5.8556 3.925 10.4433 11.4929 7.984 6.06776112764 11.1619
2016-10-01 16:04:58.011000 22627.533 3.346 49.672 33.501 52.009 4.101 4.8535 3.6142 3.8208 4.376 28.7028 5.8559 3.9251 10.4687 11.5122 7.984 5.80023313883 11.1962
2016-10-01 16:06:10.385000 22699.907 3.403 49.671 34.137 52.011 4.101 4.8579 3.6142 3.8214 4.3766 28.7162 5.8563 3.9246 10.5007 11.5404 7.984 6.14661704863 11.2333
2016-10-01 16:07:22.830000 22772.352 3.544 49.67 34.121 52.008 4.103 4.8621 3.6144 3.8223 4.3769 28.727 5.8568 3.9264 10.5293 11.5657 7.984 5.98998825737 11.264
2016-10-01 16:08:35.364000 22844.886 3.318 49.67 33.786 52.01 4.102 4.8667 3.615 3.8225 4.3771 28.7411 5.8573 3.9246 10.5558 11.5968 7.984 6.12033174163 11.2998
2016-10-01 16:09:47.950000 22917.472 3.504 49.671 33.907 52.009 4.103 4.8715 3.6147 3.8228 4.3774 28.7551 5.8578 3.9261 10.588 11.618 7.985 5.96626886755 11.3291
2016-10-01 16:11:00.544000 22990.066 3.371 49.674 33.356 52.014 4.102 4.8755 3.6148 3.822 4.3767 28.7681 5.858 3.926 10.6191 11.6391 7.984 5.91883008792 11.3628
2016-10-01 16:12:13.389000 23062.911 3.514 49.672 33.798 52.015 4.103 4.8798 3.6144 3.8221 4.3772 28.7798 5.8583 3.926 10.6417 11.6624 7.984 6.22547296963 11.3956
2016-10-01 16:13:26.013000 23135.535 3.383 49.673 33.327 52.014 4.103 4.8841 3.6148 3.8226 4.3772 28.791 5.8585 3.9262 10.6742 11.6898 7.985 5.84767191847 11.4278
2016-10-01 16:14:38.667000 23208.189 3.344 49.674 34.154 52.017 4.101 4.8888 3.6153 3.8219 4.3766 28.8028 5.8587 3.9248 10.7026 11.716 7.984 5.87139130828 11.4619
2016-10-01 16:15:51.402000 23280.924 3.347 49.677 33.562 52.016 4.102 4.8932 3.6148 3.8217 4.3763 28.8184 5.8588 3.9256 10.7255 11.7334 7.984 6.14661704863 11.4896
2016-10-01 16:17:04.086000 23353.608 3.4 49.677 34.156 52.019 4.093 4.8975 3.6145 3.8219 4.3768 28.8287 5.8591 3.9251 10.758 11.7555 7.985 6.09404643464 11.5228
2016-10-01 16:18:16.921000 23426.443 3.326 49.68 33.42 52.018 4.091 4.9017 3.6148 3.8224 4.3769 28.8378 5.8594 3.9259 10.783 11.7788 7.985 5.94254947774 11.5547
2016-10-01 16:19:29.675000 23499.197 3.476 49.677 34.04 52.017 4.103 4.9062 3.6152 3.8228 4.3774 28.8517 5.8598 3.9269 10.813 11.8014 7.985 5.96626886755 11.5863
2016-10-01 16:20:42.800000 23572.322 3.321 49.68 33.791 52.02 4.102 4.9107 3.6148 3.8219 4.3769 28.8648 5.86 3.9253 10.8406 11.8239 7.985 5.96626886755 11.6155
2016-10-01 16:21:55.656000 23645.178 3.449 49.682 33.373 52.023 4.103 4.9148 3.6144 3.8223 4.3772 28.8757 5.8602 3.926 10.8653 11.8422 7.985 6.09404643464 11.6468
2016-10-01 16:23:08.590000 23718.112 3.468 49.683 34.062 52.021 4.103 4.9193 3.6151 3.8227 4.3773 28.8824 5.8606 3.9268 10.8963 11.8674 7.986 6.19918766263 11.6795
2016-10-01 16:24:21.625000 23791.147 3.318 49.683 33.799 52.023 4.102 4.9236 3.6146 3.8224 4.3767 28.8969 5.8608 3.9254 10.9179 11.8868 7.985 6.33061419762 11.7116
2016-10-01 16:25:34.679000 23864.201 3.498 49.683 33.458 52.024 4.103 4.9278 3.6144 3.8228 4.3776 28.9053 5.861 3.9264 10.9478 11.9101 7.986 6.38318481161 11.7412
2016-10-01 16:26:47.744000 23937.266 3.459 49.683 34.097 52.023 4.103 4.9323 3.615 3.8231 4.3775 28.9162 5.8613 3.9273 10.9732 11.925 7.986 6.01519051364 11.7695
2016-10-01 16:28:00.818000 24010.34 3.318 49.681 33.817 52.023 4.104 4.9367 3.6146 3.8233 4.3781 28.9264 5.8618 3.9273 10.9982 11.9489 7.986 5.96626886755 11.8021
2016-10-01 16:29:14.203000 24083.725 3.317 49.684 33.848 52.024 4.104 4.9408 3.6146 3.8239 4.3781 28.9355 5.8621 3.9267 11.0248 11.967 7.987 6.33061419762 11.8274
2016-10-01 16:30:27.297000 24156.819 3.509 49.687 33.49 52.027 4.103 4.9456 3.6145 3.823 4.377 28.9483 5.8622 3.9257 11.048 11.9889 7.986 6.27804358362 11.8569
2016-10-01 16:31:40.442000 24229.964 3.448 49.688 34.128 52.03 4.102 4.9496 3.6141 3.822 4.3771 28.9597 5.8621 3.9254 11.0746 12.0111 7.986 6.01519051364 11.8856
2016-10-01 16:32:53.658000 24303.18 3.439 49.687 34.125 52.03 4.103 4.9539 3.6146 3.8223 4.377 28.9663 5.8622 3.9262 11.0964 12.0294 7.986 6.30432889062 11.9124
2016-10-01 16:34:06.952000 24376.474 3.325 49.687 33.675 52.029 4.098 4.9583 3.6143 3.8226 4.3773 28.9779 5.8625 3.927 11.1275 12.051 7.986 6.19918766263 11.9457
2016-10-01 16:35:20.217000 24449.739 3.328 49.688 33.64 52.029 4.103 4.9623 3.6141 3.8233 4.3777 28.9907 5.8628 3.9263 11.1495 12.0705 7.987 6.22547296963 11.9723
2016-10-01 16:36:33.511000 24523.033 3.532 49.692 33.511 52.033 4.103 4.9669 3.614 3.8227 4.377 29.001 5.863 3.9255 11.1769 12.0873 7.986 6.33061419762 12.0024
2016-10-01 16:37:46.826000 24596.348 3.53 49.692 33.525 52.035 4.103 4.9709 3.6138 3.8226 4.3776 29.0082 5.8631 3.9262 11.2005 12.1052 7.986 6.12033174163 12.0318
2016-10-01 16:39:00.481000 24670.003 3.526 49.693 33.521 52.033 4.091 4.9754 3.6139 3.8228 4.3771 29.015 5.8632 3.9261 11.2246 12.124 7.987 6.40947011861 12.0596
2016-10-01 16:40:13.915000 24743.437 3.544 49.693 33.612 52.033 4.099 4.9794 3.6136 3.8235 4.3779 29.0217 5.8635 3.9264 11.2511 12.1423 7.987 6.35689950462 12.0874
2016-10-01 16:41:27.390000 24816.912 3.543 49.692 33.696 52.033 4.104 4.9842 3.6137 3.8239 4.3778 29.0275 5.8638 3.9274 11.2728 12.1614 7.988 6.33061419762 12.119
2016-10-01 16:42:40.944000 24890.466 3.542 49.692 33.694 52.035 4.104 4.988 3.6135 3.8241 4.3786 29.0355 5.8642 3.9269 11.2976 12.1828 7.988 6.40947011861 12.1437
2016-10-01 16:43:54.479000 24964.001 3.508 49.695 33.889 52.037 4.103 4.9925 3.6135 3.8231 4.3773 29.0417 5.8641 3.9255 11.3213 12.2018 7.987 6.04147582064 12.1678
2016-10-01 16:45:08.035000 25037.557 3.492 49.697 33.965 52.038 4.103 4.9965 3.6133 3.8227 4.377 29.0479 5.864 3.9257 11.3513 12.2164 7.987 6.25175827662 12.2004
2016-10-01 16:46:21.619000 25111.141 3.474 49.698 34.002 52.04 4.102 5.0009 3.6131 3.8223 4.3767 29.0546 5.8641 3.9252 11.3726 12.2322 7.987 6.01519051364 12.2257
2016-10-01 16:47:35.534000 25185.056 3.471 49.699 33.416 52.042 4.102 5.0049 3.6134 3.8222 4.377 29.0608 5.864 3.9253 11.393 12.25 7.987 6.17290235563 12.2513
2016-10-01 16:48:49.189000 25258.711 3.465 49.698 33.402 52.041 4.093 5.0092 3.6124 3.8217 4.3768 29.0689 5.864 3.9257 11.4188 12.2668 7.987 6.38318481161 12.2778
2016-10-01 16:50:02.924000 25332.446 3.326 49.701 33.66 52.042 4.103 5.0136 3.613 3.8222 4.377 29.0739 5.8641 3.9268 11.4388 12.2795 7.987 6.27804358362 12.3041
2016-10-01 16:51:16.658000 25406.18 3.348 49.699 33.461 52.041 4.104 5.0174 3.6122 3.8233 4.378 29.0796 5.8646 3.9277 11.4626 12.2932 7.988 6.17290235563 12.3354
2016-10-01 16:52:30.393000 25479.915 3.32 49.699 33.36 52.042 4.103 5.0219 3.6125 3.8235 4.3773 29.0854 5.8648 3.9266 11.4849 12.3151 7.988 6.06776112764 12.3601
2016-10-01 16:53:44.258000 25553.78 3.319 49.699 34.011 52.041 4.104 5.0254 3.6122 3.8238 4.3781 29.0921 5.8651 3.9278 11.5028 12.3305 7.988 6.30432889062 12.3833
2016-10-01 16:54:58.362000 25627.884 3.455 49.698 34.005 52.043 4.105 5.0299 3.6119 3.8241 4.3783 29.0976 5.8653 3.9278 11.5314 12.3523 7.989 6.27804358362 12.4092
2016-10-01 16:56:12.207000 25701.729 3.503 49.7 33.464 52.042 4.104 5.0343 3.612 3.8245 4.3786 29.1037 5.8656 3.9285 11.552 12.3666 7.989 6.17290235563 12.4367
2016-10-01 16:57:26.083000 25775.605 3.334 49.699 33.651 52.042 4.105 5.0378 3.6121 3.8251 4.379 29.1056 5.8659 3.929 11.5772 12.3851 7.989 6.46204073261 12.4673
2016-10-01 16:58:40.048000 25849.57 3.362 49.701 34.141 52.041 4.105 5.0421 3.6119 3.8245 4.3788 29.1128 5.8661 3.9285 11.5945 12.4008 7.989 6.35689950462 12.4916
2016-10-01 16:59:54.042000 25923.564 3.536 49.701 33.751 52.044 4.105 5.0465 3.6119 3.825 4.3791 29.1198 5.8663 3.9285 11.624 12.4154 7.989 6.19918766263 12.5216
2016-10-01 17:01:08.167000 25997.689 3.36 49.701 33.393 52.045 4.106 5.05 3.6117 3.8253 4.3791 29.1271 5.8665 3.9297 11.6482 12.4364 7.989 6.30432889062 12.5408
2016-10-01 17:02:22.552000 26072.074 3.508 49.703 33.901 52.046 4.106 5.0544 3.6115 3.8252 4.3794 29.1333 5.8667 3.9285 11.6631 12.4475 7.99 6.30432889062 12.5673
2016-10-01 17:03:36.647000 26146.169 3.42 49.703 33.328 52.046 4.107 5.0585 3.6117 3.8254 4.379 29.1382 5.867 3.9301 11.6847 12.4667 7.99 6.54860568158 12.5882
2016-10-01 17:04:50.811000 26220.333 3.321 49.701 33.79 52.047 4.106 5.0625 3.612 3.8258 4.3795 29.1445 5.8672 3.9294 11.7074 12.4769 7.99 6.35689950462 12.6208
2016-10-01 17:06:04.946000 26294.468 3.539 49.704 33.539 52.047 4.107 5.0663 3.6114 3.826 4.38 29.1507 5.8672 3.9298 11.73 12.4958 7.99 6.27804358362 12.6391
2016-10-01 17:07:19.181000 26368.703 3.341 49.704 33.538 52.05 4.106 5.0705 3.6112 3.8255 4.3796 29.1547 5.8673 3.93 11.7502 12.5104 7.99 6.40947011861 12.6649
2016-10-01 17:08:33.407000 26442.929 3.528 49.705 34.137 52.048 4.106 5.0749 3.6112 3.8258 4.3793 29.1601 5.8675 3.929 11.7704 12.5305 7.99 6.54860568158 12.6878
2016-10-01 17:09:48.032000 26517.554 3.318 49.704 33.933 52.05 4.106 5.079 3.6115 3.8259 4.3797 29.1673 5.8675 3.9296 11.7922 12.5444 7.99 6.17290235563 12.7117
2016-10-01 17:11:02.306000 26591.828 3.465 49.706 34.083 52.052 4.106 5.0825 3.6109 3.8258 4.3795 29.1708 5.8675 3.929 11.8149 12.5582 7.99 6.27804358362 12.7373
2016-10-01 17:12:16.691000 26666.213 3.342 49.708 33.522 52.052 4.106 5.0867 3.6104 3.8258 4.38 29.1783 5.8677 3.9302 11.8351 12.5718 7.99 6.33061419762 12.7617
2016-10-01 17:13:31.046000 26740.568 3.512 49.71 33.837 52.054 4.104 5.0908 3.6106 3.8244 4.3788 29.1829 5.8676 3.9273 11.8533 12.5847 7.99 6.46204073261 12.7905
2016-10-01 17:14:45.481000 26815.003 3.317 49.714 33.962 52.059 4.104 5.095 3.6104 3.8241 4.3781 29.1752 5.8674 3.9279 11.8731 12.603 7.99 6.54860568158 12.8095
2016-10-01 17:15:59.906000 26889.428 3.488 49.715 34.065 52.06 4.104 5.0986 3.6105 3.8237 4.378 29.1926 5.8671 3.9269 11.9021 12.6142 7.99 6.27804358362 12.832
2016-10-01 17:17:14.430000 26963.952 3.363 49.715 33.569 52.059 4.103 5.1026 3.6098 3.8235 4.3778 29.1963 5.8669 3.9268 11.9159 12.6289 7.989 6.64232596059 12.8618
2016-10-01 17:18:29.265000 27038.787 3.373 49.716 33.359 52.062 4.104 5.1064 3.6095 3.8235 4.3777 29.2034 5.8669 3.9271 11.9346 12.6449 7.989 6.30432889062 12.882
2016-10-01 17:19:43.820000 27113.342 3.486 49.72 33.993 52.065 4.104 5.1103 3.609 3.823 4.3778 29.2083 5.8668 3.9266 11.955 12.6565 7.99 6.35689950462 12.9002
2016-10-01 17:20:58.476000 27187.998 3.435 49.719 34.125 52.063 4.104 5.1145 3.6088 3.8234 4.3777 29.2111 5.867 3.9269 11.9736 12.6686 7.99 6.33061419762 12.9259
2016-10-01 17:22:13.161000 27262.683 3.34 49.719 33.538 52.065 4.103 5.1185 3.6088 3.8229 4.3776 29.2199 5.867 3.9272 11.9936 12.6853 7.99 6.54860568158 12.9504
2016-10-01 17:23:27.836000 27337.358 3.521 49.721 33.839 52.065 4.104 5.1224 3.6085 3.8232 4.3775 29.2226 5.867 3.9268 12.015 12.6964 7.99 6.25175827662 12.9705
2016-10-01 17:24:42.531000 27412.053 3.455 49.721 34.114 52.069 4.104 5.1266 3.6085 3.8238 4.3777 29.2288 5.8671 3.9269 12.0371 12.7089 7.99 6.76728633261 12.9941
2016-10-01 17:25:57.576000 27487.098 3.327 49.725 34.08 52.07 4.103 5.1305 3.6082 3.8234 4.3774 29.2293 5.8671 3.9267 12.0561 12.7239 7.99 6.38318481161 13.0151
2016-10-01 17:27:12.301000 27561.823 3.45 49.724 33.362 52.067 4.103 5.1344 3.6079 3.8232 4.3777 29.2377 5.867 3.9269 12.0748 12.7418 7.99 6.46204073261 13.0378
2016-10-01 17:28:27.075000 27636.597 3.544 49.724 34.173 52.071 4.103 5.1383 3.6081 3.8231 4.3777 29.244 5.8671 3.9266 12.0882 12.7551 7.99 6.51736558857 13.0612
2016-10-01 17:29:41.890000 27711.412 3.35 49.723 34.158 52.072 4.103 5.142 3.6079 3.8232 4.3776 29.2494 5.8669 3.9262 12.114 12.7704 7.99 6.30432889062 13.0837
2016-10-01 17:30:56.715000 27786.237 3.317 49.725 33.946 52.071 4.104 5.1458 3.6076 3.8235 4.3777 29.2552 5.867 3.9271 12.1351 12.779 7.991 6.48832603961 13.1068
2016-10-01 17:32:11.561000 27861.083 3.518 49.727 33.529 52.071 4.103 5.1497 3.607 3.8235 4.3776 29.2583 5.8671 3.9264 12.1499 12.795 7.99 6.6735660536 13.1332
2016-10-01 17:33:26.846000 27936.368 3.37 49.73 33.362 52.073 4.103 5.1535 3.6072 3.8227 4.3773 29.2628 5.8668 3.9265 12.17 12.8099 7.99 6.38318481161 13.1466
2016-10-01 17:34:41.771000 28011.293 3.468 49.727 33.372 52.072 4.104 5.1574 3.607 3.8231 4.3775 29.2687 5.8668 3.9274 12.1826 12.8208 7.991 6.61108586759 13.1762
2016-10-01 17:35:56.776000 28086.298 3.542 49.73 33.573 52.073 4.103 5.1612 3.6067 3.823 4.3774 29.2717 5.8668 3.9264 12.2037 12.8374 7.991 6.64232596059 13.193
2016-10-01 17:37:11.801000 28161.323 3.521 49.729 33.833 52.074 4.103 5.1651 3.6064 3.8231 4.3776 29.2771 5.8669 3.9264 12.225 12.8484 7.991 6.33061419762 13.2147
2016-10-01 17:38:26.896000 28236.418 3.48 49.728 34.026 52.076 4.105 5.169 3.6063 3.8239 4.3781 29.2833 5.8671 3.9276 12.2424 12.8573 7.991 6.40947011861 13.236
2016-10-01 17:39:42.091000 28311.613 3.543 49.729 34.164 52.075 4.095 5.1731 3.6062 3.8243 4.3784 29.2878 5.8673 3.9279 12.2579 12.8712 7.992 6.73604623961 13.2561
2016-10-01 17:40:57.626000 28387.148 3.384 49.73 33.336 52.076 4.105 5.177 3.6056 3.8241 4.3779 29.2935 5.8672 3.9281 12.2732 12.8806 7.991 6.61108586759 13.2772
2016-10-01 17:42:12.871000 28462.393 3.473 49.73 33.404 52.075 4.105 5.1805 3.6054 3.8243 4.3782 29.2968 5.8673 3.927 12.2936 12.8984 7.992 6.76728633261 13.2933
2016-10-01 17:43:20.764000 28530.286 3.428 49.728 34.131 52.075 4.106 5.184 3.6057 3.8252 4.3793 29.3016 5.8676 3.9291 12.3137 12.9087 7.992 6.51736558857 13.3173
2016-10-01 17:44:28.079000 28597.601 3.485 49.73 34.009 52.074 4.106 5.1874 3.6052 3.8251 4.3794 29.3069 5.8678 3.9298 12.3322 12.9158 7.993 6.43575542561 13.345
2016-10-01 17:45:35.442000 28664.964 3.368 49.73 33.375 52.075 4.106 5.1906 3.6052 3.826 4.3795 29.3083 5.8679 3.9297 12.3412 12.9272 7.993 6.46204073261 13.3626
2016-10-01 17:46:42.776000 28732.298 3.367 49.728 34.167 52.076 4.106 5.1942 3.605 3.8256 4.3794 29.3129 5.8679 3.9288 12.3618 12.9418 7.993 6.35689950462 13.3776
2016-10-01 17:47:50.369000 28799.891 3.505 49.73 33.48 52.076 4.105 5.1973 3.6048 3.8255 4.3794 29.3159 5.8679 3.9287 12.3779 12.9509 7.993 6.51736558857 13.3972
2016-10-01 17:48:57.692000 28867.214 3.319 49.733 33.828 52.076 4.106 5.2012 3.6047 3.8254 4.379 29.3191 5.8679 3.9295 12.3913 12.9644 7.993 6.76728633261 13.408
2016-10-01 17:50:05.036000 28934.558 3.327 49.73 34.095 52.077 4.106 5.204 3.6045 3.8255 4.3797 29.3227 5.868 3.9294 12.4121 12.9708 7.993 6.79852642562 13.4341
2016-10-01 17:51:12.379000 29001.901 3.536 49.73 33.758 52.076 4.106 5.2078 3.6044 3.8257 4.3798 29.3294 5.8681 3.9293 12.4256 12.9824 7.993 6.38318481161 13.4518
2016-10-01 17:52:19.693000 29069.215 3.338 49.73 33.548 52.076 4.106 5.2109 3.604 3.8254 4.3797 29.3334 5.8679 3.9293 12.4414 12.9921 7.993 6.82976651862 13.4649
