#Human readable time. Time (s) since start. Lakeshore temperature sensor 218 T1,3,5,6,8 and 224 C2,C3,C4,C5,D2,D3,D5,A,B
2016-12-01 22:33:04.094000 0.0 3.358 48.656 33.255 50.791 4.06 5.8589 4.0549 3.8367 4.6548 2.5765 4.2516 3.9026 1.5953 1.2101 7.794 -1 1.8667
2016-12-01 22:34:05.244000 61.15 3.423 48.659 32.988 50.792 4.059 6.0079 4.0772 3.8347 4.5743 2.5747 4.2508 3.902 1.6136 1.2105 7.793 20.8946899053 1.8594
2016-12-01 22:35:05.875000 121.781 3.348 48.66 33.388 50.791 4.06 6.1484 4.0996 3.8341 4.518 2.5729 4.2505 3.9021 1.6304 1.211 7.794 20.2108666248 1.8552
2016-12-01 22:36:06.349000 182.255 3.409 48.658 33.844 50.792 4.307 18.4149 4.1438 4.1615 4.704 2.8213 4.3698 4.1995 1.655 1.8748 7.848 20.2963445349 1.8761
2016-12-01 22:37:06.896000 242.802 3.665 48.66 33.71 50.792 4.615 24.145 4.3224 5.32 5.6528 4.2155 4.9313 4.5339 1.7328 2.7528 8.017 20.8946899053 2.584
2016-12-01 22:38:07.422000 303.328 3.812 48.663 33.271 50.795 4.831 29.692 4.631 6.6394 6.8227 4.8615 5.6234 4.7742 1.8971 3.3524 8.156 20.8092119952 3.4045
2016-12-01 22:39:08.058000 363.964 3.661 48.676 33.167 50.809 5.007 33.7287 4.9728 8.0289 8.1549 5.473 6.3129 4.9683 2.124 3.7913 8.272 20.467300355 3.8666
2016-12-01 22:40:09.054000 424.96 3.868 48.689 33.866 50.823 5.153 36.6502 5.3854 9.3597 9.4561 6.0605 6.978 5.1301 2.3871 4.1322 8.369 20.9801678153 4.2278
2016-12-01 22:41:09.729000 485.635 3.728 48.704 33.356 50.836 5.263 39.1692 6.1881 10.5177 10.6036 6.5872 7.6082 5.2532 2.6654 4.406 8.449 20.3818224449 4.5177
2016-12-01 22:42:10.490000 546.396 3.726 48.722 33.883 50.852 5.355 41.4606 8.4412 11.4998 11.5789 7.0843 8.1769 5.3564 2.9506 4.6301 8.517 21.0702014443 4.7582
2016-12-01 22:43:11.229000 607.135 4.03 48.737 33.326 50.868 5.467 43.5489 11.4764 12.3591 12.3053 7.5432 8.6883 5.4798 3.2444 4.8174 8.591 20.2108666248 4.9613
2016-12-01 22:44:11.956000 667.862 3.864 48.754 33.351 50.881 5.638 45.4235 11.29 13.121 13.1108 7.9593 9.1419 5.6689 3.4959 4.9735 8.692 20.552778265 5.1364
2016-12-01 22:45:12.878000 728.784 4.17 48.77 33.947 50.9 5.82 47.1221 8.9316 13.7855 13.8828 8.3498 9.5526 5.864 3.7025 5.1077 8.814 20.7237340852 5.2912
2016-12-01 22:46:13.651000 789.557 3.962 48.793 33.656 50.923 5.784 48.1722 6.6559 14.2759 14.4369 8.585 9.7821 5.8201 3.8915 5.1767 8.86 21.4358412605 5.3967
2016-12-01 22:47:14.488000 850.394 3.866 48.816 33.831 50.945 5.733 48.6186 6.0382 14.4085 14.6955 8.641 9.7916 5.7601 4.0522 5.2172 8.851 20.1253887147 5.4456
2016-12-01 22:48:15.338000 911.244 4.197 48.839 33.605 50.967 5.648 49.0821 5.7881 14.2297 14.6874 8.6159 9.679 5.6661 4.1863 5.2344 8.813 21.3444313065 5.4723
2016-12-01 22:49:16.245000 972.151 3.791 48.858 33.896 50.985 5.54 49.6334 5.6009 13.8568 14.496 8.5361 9.4948 5.547 4.2993 5.2282 8.752 19.9567400253 5.4786
2016-12-01 22:50:17.201000 1033.107 4.095 48.872 33.588 50.998 5.444 50.2237 5.4642 13.4042 14.2013 8.414 9.2701 5.4423 4.395 5.202 8.686 20.1253887147 5.4701
2016-12-01 22:51:18.151000 1094.057 3.729 48.88 33.979 51.006 5.376 50.7967 5.3816 12.9358 13.855 8.2612 9.0284 5.368 4.4811 5.1622 8.63 20.8946899053 5.4519
2016-12-01 22:52:19.136000 1155.042 3.957 48.888 33.42 51.016 5.289 51.0657 5.2816 12.461 13.4684 8.0495 8.7371 5.2707 4.5513 5.0728 8.576 19.7944399539 5.416
2016-12-01 22:53:20.229000 1216.135 3.69 48.894 34.053 51.025 5.194 50.9935 5.2072 11.8732 12.9833 7.7767 8.3791 5.166 4.606 4.9801 8.511 21.0702014443 5.3611
2016-12-01 22:54:21.291000 1277.197 3.832 48.901 33.284 51.029 5.109 50.8286 5.2051 11.196 12.4167 7.4875 7.9928 5.0719 4.6483 4.8776 8.457 20.552778265 5.3038
2016-12-01 22:55:22.408000 1338.314 3.652 48.905 34.087 51.034 5.028 50.6318 5.2858 10.4833 11.7998 7.1937 7.6137 4.9839 4.6847 4.7796 8.408 21.1616113984 5.2439
2016-12-01 22:56:23.541000 1399.447 3.581 48.905 33.233 51.035 4.953 50.4236 5.4351 9.7692 11.1588 6.9068 7.2568 4.9014 4.7131 4.6841 8.363 20.1253887147 5.1877
2016-12-01 22:57:24.721000 1460.627 3.84 48.905 33.596 51.035 4.883 50.2109 5.6123 9.0794 10.5107 6.6309 6.9313 4.8244 4.7356 4.595 8.319 20.6382561751 5.1395
2016-12-01 22:58:25.908000 1521.814 3.538 48.902 33.763 51.032 4.818 50.018 5.7778 8.4391 9.8701 6.3774 6.6404 4.753 4.7543 4.5136 8.28 21.2530213524 5.0982
2016-12-01 22:59:27.175000 1583.081 3.56 48.898 33.276 51.029 4.757 49.8262 5.9093 7.8592 9.2474 6.1465 6.3892 4.6858 4.7678 4.4344 8.242 19.7944399539 5.0601
2016-12-01 23:00:28.451000 1644.357 3.695 48.894 33.881 51.026 4.699 49.6452 6.0061 7.3459 8.6736 5.9309 6.171 4.6216 4.7785 4.3621 8.207 20.6382561751 5.0253
2016-12-01 23:01:29.794000 1705.7 3.541 48.893 33.98 51.023 4.68 49.819 6.0902 6.9869 8.2146 5.7433 6.0099 4.6013 4.7872 4.3385 8.184 20.2108666248 4.9971
2016-12-01 23:02:31.169000 1767.075 3.498 48.886 33.605 51.017 4.672 50.3857 6.1902 6.9639 8.0271 5.6097 5.9215 4.594 4.7959 4.3314 8.173 20.552778265 4.9782
2016-12-01 23:03:32.557000 1828.463 3.544 48.881 33.534 51.012 4.669 51.0288 6.301 7.1672 8.0736 5.5198 5.8979 4.5901 4.8059 4.3293 8.169 20.8946899053 4.9681
2016-12-01 23:04:33.977000 1889.883 3.66 48.874 33.894 51.008 4.629 51.3874 6.385 7.3691 8.1714 5.4221 5.8606 4.5456 4.8154 4.2941 8.154 19.9567400253 4.9622
2016-12-01 23:05:35.420000 1951.326 3.529 48.873 33.948 51.005 4.696 51.4611 26.7264 7.3542 8.1468 5.3157 5.7913 4.6223 5.3671 4.2978 8.165 21.0702014443 4.9661
2016-12-01 23:06:36.949000 2012.855 3.522 48.868 33.59 50.999 4.74 51.5674 35.4532 7.223 8.0356 5.2685 5.7734 4.6702 5.1496 4.3376 8.192 20.2963445349 5.0041
2016-12-01 23:07:38.478000 2074.384 3.579 48.866 33.187 50.998 4.75 51.661 41.0224 7.0639 7.9009 5.2955 5.8253 4.6823 4.889 4.3626 8.207 20.7237340852 5.0278
2016-12-01 23:08:40.029000 2135.935 3.537 48.863 33.32 50.997 4.743 51.673 45.853 6.9393 7.7952 5.3857 5.9413 4.6757 4.7177 4.3642 8.21 20.467300355 5.0388
2016-12-01 23:09:41.654000 2197.56 3.603 48.862 33.135 50.997 4.727 51.6495 50.4012 6.8671 7.7444 5.5212 6.0997 4.6586 4.5975 4.3514 8.205 20.2108666248 5.0498
2016-12-01 23:10:43.338000 2259.245 3.77 48.859 33.486 50.994 4.678 51.5668 52.2848 6.8055 7.7067 5.5776 6.1907 4.6048 4.4405 4.3144 8.184 20.8946899053 5.0508
2016-12-01 23:11:45.042000 2320.948 3.673 48.858 33.207 50.994 4.642 51.4641 52.4498 6.668 7.598 5.5334 6.1649 4.5647 4.3645 4.2767 8.163 19.7132899181 5.0334
2016-12-01 23:12:46.776000 2382.682 3.726 48.856 33.603 50.99 4.614 51.3661 52.2929 6.4766 7.4223 5.4494 6.0747 4.5326 4.3173 4.2417 8.144 21.1616113984 5.0013
2016-12-01 23:13:48.519000 2444.425 3.709 48.854 33.267 50.988 4.578 51.274 52.0762 6.2671 7.2121 5.3511 5.9512 4.492 4.278 4.212 8.126 19.8755899896 4.9595
2016-12-01 23:14:50.288000 2506.194 3.679 48.852 33.696 50.987 4.555 51.2058 51.8652 6.0657 6.9933 5.2479 5.8134 4.4663 4.2455 4.184 8.108 21.1616113984 4.9141
2016-12-01 23:15:52.096000 2568.002 3.719 48.846 33.363 50.982 4.537 51.1335 51.6456 5.8758 6.7836 5.1471 5.6751 4.4456 4.2184 4.1589 8.095 20.0399108047 4.8676
2016-12-01 23:16:53.939000 2629.845 3.611 48.842 33.788 50.975 4.521 51.0691 51.4262 5.7014 6.5888 5.0504 5.5473 4.4275 4.1911 4.1349 8.084 21.0702014443 4.8219
2016-12-01 23:17:55.818000 2691.724 3.689 48.837 33.521 50.971 4.506 51.009 51.2086 5.5471 6.4125 4.9606 5.4341 4.4094 4.1665 4.1141 8.074 19.7944399539 4.7744
2016-12-01 23:18:57.728000 2753.634 3.688 48.831 33.322 50.968 4.492 50.9422 50.9929 5.4106 6.2552 4.8787 5.3339 4.3954 4.1444 4.0945 8.065 20.8092119952 4.7281
2016-12-01 23:19:59.677000 2815.583 3.564 48.828 33.118 50.967 4.479 50.8922 50.7782 5.2919 6.114 4.8038 5.2475 4.3807 4.1216 4.0773 8.057 20.9801678153 4.6829
2016-12-01 23:21:01.684000 2877.59 3.532 48.823 33.094 50.962 4.467 50.8395 50.564 5.1905 5.9908 4.7363 5.1733 4.3672 4.1039 4.0606 8.049 20.1253887147 4.6389
2016-12-01 23:22:03.761000 2939.667 3.475 48.822 33.187 50.958 4.457 50.7811 50.3463 5.102 5.8771 4.6764 5.1097 4.3556 4.0865 4.0447 8.042 20.9801678153 4.5997
2016-12-01 23:23:05.815000 3001.721 3.443 48.818 33.482 50.955 4.446 50.7389 50.1357 5.0263 5.7755 4.6227 5.0552 4.3442 4.0698 4.0307 8.036 20.2963445349 4.5623
2016-12-01 23:24:07.909000 3063.815 3.439 48.814 33.768 50.951 4.437 50.6931 49.9211 4.9603 5.6861 4.5757 5.0082 4.334 4.0537 4.0172 8.03 20.9801678153 4.5274
2016-12-01 23:25:10.022000 3125.928 4.379 48.812 33.439 50.95 6.484 49.6923 49.7235 17.6461 6.1844 4.5615 5.1974 6.6588 4.1417 4.0982 8.503 20.0399108047 4.4954
2016-12-01 23:26:12.158000 3188.064 5.492 48.797 33.265 50.932 8.467 44.8784 49.8272 21.3075 7.9295 4.7192 6.4048 8.7623 4.161 4.0239 10.04 20.2963445349 4.4765
2016-12-01 23:27:14.323000 3250.229 5.299 48.831 33.799 50.978 8.719 41.5135 50.1441 23.4957 8.7273 4.7994 7.1939 9.004 4.0796 3.917 10.701 20.467300355 4.4572
2016-12-01 23:28:16.548000 3312.454 5.195 48.951 34.797 51.091 8.633 38.897 50.4533 24.9505 9.0386 4.8102 7.6573 8.9003 3.9646 3.7947 10.918 21.0702014443 4.4272
2016-12-01 23:29:18.803000 3374.709 5.328 49.076 34.802 51.204 8.45 36.4893 50.3971 26.1287 9.1199 4.7789 7.9195 8.6901 3.8075 3.6584 10.919 20.7237340852 4.3839
2016-12-01 23:30:21.120000 3437.026 5.287 49.174 34.065 51.299 8.238 34.1685 50.1375 26.9356 9.07 4.7164 8.0517 8.4406 3.653 3.5035 10.818 19.9567400253 4.328
2016-12-01 23:31:23.466000 3499.372 4.848 49.254 34.012 51.37 8.0 31.7833 49.8562 27.4787 8.9383 4.6292 8.0912 8.1869 3.4831 3.3357 10.665 20.2108666248 4.257
2016-12-01 23:32:25.817000 3561.723 4.816 49.316 34.742 51.434 7.752 29.1064 49.548 27.8391 8.7535 4.5219 8.0635 7.9178 3.2988 3.1537 10.486 20.8092119952 4.1689
2016-12-01 23:33:28.248000 3624.154 5.17 49.364 34.191 51.482 7.504 26.4559 49.544 28.1301 8.5391 4.4008 7.9871 7.6521 3.0673 2.9741 10.314 20.467300355 4.068
2016-12-01 23:34:30.687000 3686.593 4.527 49.404 34.386 51.522 7.267 24.165 49.7078 28.3997 8.3075 4.2697 7.8772 7.388 2.9303 2.8017 10.137 19.8755899896 3.9552
2016-12-01 23:35:33.134000 3749.04 4.79 49.436 34.474 51.556 7.035 22.3947 49.8572 28.5745 8.067 4.1317 7.7416 7.1384 2.7625 2.6302 9.96 20.8092119952 3.836
2016-12-01 23:36:35.657000 3811.563 4.392 49.462 33.96 51.583 6.806 20.9351 50.0231 28.6688 7.8208 3.9872 7.5876 6.892 2.5916 2.4525 9.784 20.2963445349 3.7084
2016-12-01 23:37:38.212000 3874.118 4.229 49.486 34.609 51.607 6.587 19.5792 50.2431 28.7225 7.5786 3.865 7.4217 6.6566 2.4536 2.2682 9.612 19.8755899896 3.5754
2016-12-01 23:38:40.792000 3936.698 4.538 49.502 34.097 51.624 6.383 18.5195 50.0797 28.7407 7.3427 3.7672 7.2483 6.436 2.2844 2.1244 9.453 21.3444313065 3.4388
2016-12-01 23:39:43.399000 3999.305 4.061 49.513 34.209 51.632 6.222 17.6171 49.7381 28.7407 7.1278 3.6428 7.0768 6.2634 2.1424 2.0122 9.327 19.8755899896 3.3013
2016-12-01 23:40:46.035000 4061.941 4.173 49.515 33.739 51.636 6.064 16.6454 49.3893 28.7106 6.9263 3.4946 6.91 6.0934 2.0029 1.8788 9.212 21.0702014443 3.1638
2016-12-01 23:41:48.722000 4124.628 3.949 49.512 34.459 51.637 5.91 15.6057 49.4455 28.6699 6.7394 3.3484 6.7506 5.9263 1.8607 1.7313 9.101 20.0399108047 3.0263
2016-12-01 23:42:51.434000 4187.34 4.229 49.506 33.947 51.633 5.749 14.5238 49.7094 28.6099 6.5625 3.2066 6.5959 5.754 1.6965 1.5737 8.991 20.3818224449 2.8895
2016-12-01 23:43:54.167000 4250.073 3.975 49.5 34.435 51.627 5.585 13.4238 50.0105 28.5394 6.3934 3.0653 6.4423 5.5754 1.5168 1.412 8.878 20.2108666248 2.753
2016-12-01 23:44:57.051000 4312.958 3.731 49.488 34.07 51.618 5.417 12.3476 50.3423 28.4519 6.2274 2.9254 6.2889 5.3964 1.3443 1.2585 8.761 20.467300355 2.6168
2016-12-01 23:45:59.904000 4375.81 3.917 49.475 34.189 51.606 5.255 11.3276 50.286 28.3642 6.0638 21.6261 6.1359 5.2211 1.1932 1.1195 8.646 20.6382561751 2.4817
2016-12-01 23:47:02.796000 4438.702 3.631 49.455 34.283 51.587 5.089 10.2371 50.044 28.2704 5.8923 26.714 5.981 5.0381 1.0993 1.0076 8.533 20.8092119952 2.3504
2016-12-01 23:48:05.789000 4501.695 3.594 49.435 33.604 51.569 4.926 9.1104 49.7823 28.1725 5.7156 30.0363 5.8179 4.8606 1.012 0.9441 8.431 20.2108666248 1.4493
2016-12-01 23:49:08.771000 4564.677 3.781 49.41 33.679 51.549 4.769 7.9316 49.5335 28.0722 5.5416 32.3304 5.6538 4.6897 0.9617 0.9174 8.335 20.0399108047 0.9406
2016-12-01 23:50:11.763000 4627.669 3.627 49.387 34.167 51.525 4.63 6.9151 49.7015 27.9834 5.3797 29.2904 5.4947 4.5411 0.9328 0.9056 8.247 20.7237340852 0.9281
2016-12-01 23:51:14.797000 4690.703 3.441 49.361 33.917 51.501 4.527 6.2126 50.0872 27.9398 5.2491 27.7474 5.3494 4.4308 0.9209 0.9021 8.174 19.7132899181 0.9248
2016-12-01 23:52:17.890000 4753.796 3.423 49.335 33.312 51.475 4.46 5.7455 50.4854 27.9106 5.1537 27.181 5.2253 4.358 0.9132 0.8962 8.12 21.0702014443 0.9191
2016-12-01 23:53:21.042000 4816.948 3.485 49.308 33.288 51.448 4.413 5.4062 50.4773 27.8902 5.0819 26.941 5.1209 4.3079 0.9069 0.8917 8.083 20.2108666248 0.9147
2016-12-01 23:54:24.193000 4880.099 3.621 49.279 33.769 51.424 4.379 5.163 50.2467 27.8773 5.0197 26.8772 5.0352 4.2703 0.9025 0.8887 8.055 20.2108666248 0.9118
2016-12-01 23:55:27.362000 4943.268 3.623 49.256 34.074 51.399 4.355 4.9837 50.0015 27.8717 4.9675 26.8865 4.9645 4.2435 0.8995 0.8867 8.035 20.8092119952 0.9098
2016-12-01 23:56:30.583000 5006.489 3.443 49.232 34.06 51.375 4.337 4.8477 49.7512 27.8676 4.9258 26.9286 4.9059 4.2242 0.8973 0.8853 8.02 20.1253887147 0.9085
2016-12-01 23:57:33.823000 5069.729 3.408 49.207 33.498 51.353 4.323 4.7409 49.5064 27.8648 4.8919 26.9797 4.8576 4.2085 0.8958 0.8843 8.008 20.2963445349 0.9075
2016-12-01 23:58:37.129000 5133.035 3.406 49.185 33.506 51.331 4.317 4.6635 49.6767 27.8602 4.8691 27.0375 4.8184 4.2022 0.8957 0.8842 8.001 19.9567400253 0.9075
2016-12-01 23:59:40.490000 5196.396 3.409 49.162 33.534 51.308 4.316 4.6062 50.0722 27.8619 4.8634 27.0985 4.7888 4.201 0.8956 0.8841 7.997 20.7237340852 0.9074
