2016-06-14 00:00:31.786000 179272.762 3.562 58.981 34.955 62.336 3.951 3.75 3.5693 27.8191 26.852 39.4773 8.4228 3.9237 0.0 43.3443 8.06 0.0
2016-06-14 00:02:07.875000 179368.851 3.478 58.981 35.29 62.335 4.067 3.7496 3.5693 27.8195 26.8524 39.4717 8.4206 3.9244 0.0 43.3597 8.06 30.7474295859
2016-06-14 00:03:44.024000 179465.0 3.39 58.982 34.822 62.334 4.069 3.7505 3.5704 27.8191 26.8539 39.4665 8.4185 3.9249 0.0 43.341 8.06 30.7474295859
2016-06-14 00:05:20.154000 179561.13 3.445 58.979 35.441 62.332 4.068 3.7503 3.5699 27.8189 26.8524 39.4582 8.4164 3.9254 0.0 43.3059 8.06 0.0
2016-06-14 00:06:56.154000 179657.13 3.41 58.978 34.771 62.334 4.067 3.749 3.569 27.8179 26.8524 39.4514 8.4143 3.9228 0.0 43.307 8.06 0.0
2016-06-14 00:08:32.333000 179753.309 3.551 58.98 35.455 62.334 4.067 3.7491 3.5688 27.8191 26.8532 39.4446 8.4121 3.9239 0.0 43.3278 8.059 0.0
2016-06-14 00:10:08.503000 179849.479 3.342 58.979 35.116 62.334 4.067 3.7486 3.5684 27.8191 26.853 39.4379 8.4099 3.9228 0.0 43.3059 8.059 0.0
2016-06-14 00:11:44.663000 179945.639 3.53 58.978 35.194 62.331 4.067 3.7495 3.5691 27.8181 26.8539 39.4298 8.408 3.9238 0.0 43.3245 8.059 31.9881059035
2016-06-14 00:13:20.882000 180041.858 3.391 58.975 35.455 62.328 3.976 3.7499 3.5697 27.8185 26.853 39.4228 8.406 3.924 0.0 43.2817 8.06 33.4789837029
2016-06-14 00:14:57.101000 180138.077 3.468 58.973 34.756 62.328 4.069 3.7506 3.5705 27.8185 26.853 39.4176 8.4041 3.9254 0.0 43.2707 8.06 0.0
2016-06-14 00:16:34.931000 180235.907 3.496 58.973 35.3 62.326 4.071 3.7525 3.5725 27.8181 26.8536 39.4135 8.4024 3.9274 0.0 43.285 8.061 36.9409673963
2016-06-14 00:18:11.242000 180332.218 3.375 58.971 34.87 62.325 4.07 3.7516 3.5716 27.8189 26.8536 39.404 8.4005 3.9261 0.0 43.2663 8.06 33.3084484308
2016-06-14 00:19:47.261000 180428.237 3.544 58.971 35.385 62.325 4.07 3.752 3.5718 27.8206 26.8539 39.3959 8.3988 3.9269 0.0 43.3015 8.061 39.3908796411
2016-06-14 00:21:23.590000 180524.566 3.34 58.968 35.364 62.325 4.071 3.7529 3.5733 27.8185 26.8557 39.3887 8.397 3.9279 0.0 43.2015 8.061 0.0
2016-06-14 00:22:59.930000 180620.906 3.371 58.969 34.891 62.323 4.056 3.7533 3.5735 27.8191 26.8555 39.3845 8.3951 3.9286 0.0 43.2718 8.061 0.0
2016-06-14 00:24:36.230000 180717.206 3.488 58.968 35.369 62.323 4.071 3.7521 3.5721 27.8181 26.8551 39.3777 8.3932 3.9265 0.0 43.2718 8.061 32.9687191038
2016-06-14 00:26:12.620000 180813.596 3.344 58.968 35.389 62.323 4.033 3.7517 3.5717 27.8189 26.856 39.3721 8.3911 3.9269 0.0 43.2389 8.06 34.1678211442
2016-06-14 00:27:48.980000 180909.956 3.364 58.971 34.98 62.323 4.069 3.7507 3.5702 27.8199 26.8546 39.3633 8.389 3.9245 0.0 43.2487 8.059 0.0
2016-06-14 00:29:25.380000 181006.356 3.483 58.971 34.78 62.323 4.068 3.7504 3.5704 27.8185 26.8548 39.3539 8.3868 3.9253 0.0 43.2169 8.059 38.1386776107
2016-06-14 00:31:01.750000 181102.726 3.543 58.97 35.144 62.324 4.067 3.7492 3.5684 27.8191 26.8548 39.3487 8.3846 3.9228 0.0 43.2092 8.059 32.6416712465
2016-06-14 00:32:38.170000 181199.146 3.417 58.97 35.072 62.323 3.981 3.7504 3.5704 27.8195 26.856 39.343 8.3825 3.925 0.0 43.2213 8.059 0.0
2016-06-14 00:34:14.581000 181295.557 3.435 58.969 34.741 62.324 4.069 3.7504 3.57 27.8191 26.856 39.3353 8.3805 3.9248 0.0 43.2235 8.059 32.4781473179
2016-06-14 00:35:51.050000 181392.026 3.561 58.967 35.065 62.323 4.069 3.7507 3.5709 27.821 26.856 39.3296 8.3786 3.9253 0.0 43.1685 8.06 0.0
2016-06-14 00:37:27.479000 181488.455 3.454 58.965 35.425 62.321 4.07 3.7515 3.5712 27.8185 26.8524 39.3218 8.3765 3.9266 0.0 43.218 8.06 0.0
2016-06-14 00:39:04.019000 181584.995 3.341 58.968 35.322 62.322 4.07 3.7518 3.5719 27.821 26.8539 39.315 8.3747 3.9259 0.0 43.2257 8.06 29.7136961235
2016-06-14 00:40:40.519000 181681.495 3.366 58.967 34.919 62.323 4.069 3.751 3.5708 27.821 26.8536 39.3078 8.3727 3.9259 0.0 43.1795 8.06 0.0
2016-06-14 00:42:17.010000 181777.986 3.523 58.966 34.83 62.322 4.069 3.7507 3.5704 27.8195 26.8541 39.3042 8.3707 3.9247 0.0 43.1235 8.059 28.5914958094
2016-06-14 00:43:55.129000 181876.105 3.554 58.966 34.885 62.318 4.054 3.7514 3.5709 27.8181 26.8536 39.2957 8.3687 3.9255 0.0 43.1235 8.06 38.1386776107
2016-06-14 00:45:31.728000 181972.704 3.507 58.966 35.305 62.321 4.07 3.7516 3.5719 27.8206 26.8539 39.2902 8.3668 3.9264 0.0 43.1543 8.06 0.0
2016-06-14 00:47:08.269000 182069.245 3.369 58.965 35.419 62.32 4.071 3.7526 3.5723 27.8191 26.8524 39.2798 8.365 3.9277 0.0 43.1367 8.06 0.0
2016-06-14 00:48:44.818000 182165.794 3.345 58.964 35.136 62.319 4.069 3.751 3.5708 27.8185 26.852 39.2726 8.3628 3.9251 0.0 43.1466 8.06 33.8200542471
2016-06-14 00:50:21.357000 182262.333 3.423 58.964 34.739 62.318 4.071 3.7527 3.5729 27.8191 26.8551 39.2699 8.3609 3.928 0.0 43.1587 8.06 0.0
2016-06-14 00:51:57.647000 182358.623 3.57 58.963 35.015 62.317 4.071 3.7518 3.5716 27.8206 26.8541 39.2586 8.3591 3.9258 0.0 43.1532 8.06 30.8970585861
2016-06-14 00:53:34.319000 182455.295 3.485 58.962 35.363 62.317 4.071 3.7522 3.5727 27.8206 26.8517 39.2548 8.357 3.9275 0.0 43.1114 8.06 0.0
2016-06-14 00:55:10.932000 182551.908 3.528 58.96 35.403 62.317 4.071 3.7527 3.5726 27.8206 26.8527 39.2476 8.355 3.9272 0.0 43.1224 8.06 38.9645633252
2016-06-14 00:56:47.452000 182648.428 3.367 58.963 34.96 62.318 4.07 3.7514 3.5713 27.8191 26.8532 39.2414 8.3531 3.9255 0.0 43.1125 8.06 32.3146233893
2016-06-14 00:58:24.103000 182745.079 3.345 58.963 35.129 62.318 4.014 3.7511 3.5709 27.8202 26.853 39.232 8.351 3.9257 0.0 43.0806 8.059 0.0
2016-06-14 01:00:00.793000 182841.769 3.409 58.964 34.758 62.32 4.068 3.7504 3.5699 27.8185 26.8536 39.2277 8.3487 3.924 0.0 43.1059 8.059 38.551620468
2016-06-14 01:01:37.352000 182938.328 3.387 58.964 35.038 62.319 4.068 3.7494 3.5694 27.821 26.8541 39.2199 8.3466 3.9237 0.0 43.0949 8.058 0.0
2016-06-14 01:03:14.072000 183035.048 3.54 58.967 34.843 62.319 4.069 3.7507 3.5702 27.8202 26.8532 39.2153 8.3444 3.9252 0.0 43.0587 8.059 0.0
2016-06-14 01:04:50.793000 183131.769 3.434 58.963 35.23 62.319 4.068 3.7495 3.569 27.8189 26.8541 39.2065 8.3423 3.9231 0.0 43.0762 8.058 30.4481715855
2016-06-14 01:06:27.442000 183228.418 3.542 58.963 35.101 62.319 4.067 3.7492 3.5692 27.8195 26.8536 39.1978 8.3402 3.9231 0.0 43.074 8.058 0.0
2016-06-14 01:08:04.213000 183325.189 3.364 58.965 35.435 62.316 4.068 3.7498 3.5692 27.8202 26.8527 39.1927 8.3382 3.9243 0.0 43.0587 8.058 0.0
2016-06-14 01:09:42.733000 183423.709 3.349 58.961 35.4 62.317 4.068 3.7499 3.5697 27.8199 26.8532 39.1876 8.3366 3.9245 0.0 43.0543 8.058 29.9993171857
2016-06-14 01:11:19.523000 183520.499 3.381 58.962 35.457 62.317 4.066 3.7486 3.5678 27.8195 26.853 39.1792 8.3342 3.9217 0.0 43.0312 8.058 36.3651716986
2016-06-14 01:12:56.332000 183617.308 3.461 58.964 35.22 62.316 4.067 3.749 3.569 27.8195 26.852 39.173 8.3319 3.9237 0.0 43.0224 8.058 0.0
2016-06-14 01:14:33.171000 183714.147 3.338 58.961 35.342 62.316 4.067 3.7493 3.5691 27.8202 26.853 39.1646 8.3299 3.924 0.0 43.0059 8.058 30.7474295859
2016-06-14 01:16:09.972000 183810.948 3.348 58.959 35.435 62.316 4.066 3.7477 3.567 27.8191 26.8541 39.1596 8.3278 3.9211 0.0 43.0268 8.058 0.0
2016-06-14 01:17:46.812000 183907.788 3.381 58.963 35.011 62.317 4.064 3.7462 3.5659 27.8202 26.8514 39.1495 8.3254 3.9198 0.0 43.018 8.057 0.0
2016-06-14 01:19:23.481000 184004.457 3.339 58.964 35.13 62.318 4.064 3.7461 3.5656 27.8179 26.8527 39.1458 8.323 3.9202 0.0 43.0081 8.056 0.0
2016-06-14 01:21:00.240000 184101.216 3.336 58.965 34.77 62.316 4.065 3.7469 3.5664 27.8202 26.8524 39.1367 8.3209 3.9204 0.0 43.018 8.057 0.0
2016-06-14 01:22:37.141000 184198.117 3.374 58.964 34.856 62.315 4.065 3.747 3.567 27.8195 26.8532 39.1292 8.3189 3.9216 0.0 42.9796 8.057 0.0
2016-06-14 01:24:14.040000 184295.016 3.361 58.964 35.003 62.316 4.065 3.7472 3.5668 27.8181 26.8524 39.1232 8.3168 3.9218 0.0 43.0114 8.056 0.0
2016-06-14 01:25:50.952000 184391.928 3.344 58.965 35.144 62.319 4.065 3.7464 3.5659 27.8189 26.852 39.1169 8.3146 3.9198 0.0 42.9565 8.056 0.0
2016-06-14 01:27:27.914000 184488.89 3.335 58.963 35.248 62.318 4.061 3.7456 3.5654 27.8185 26.8548 39.1098 8.3125 3.9197 0.0 42.9752 8.056 26.5182103834
2016-06-14 01:29:04.884000 184585.86 3.339 58.965 35.36 62.316 3.975 3.7463 3.5658 27.8199 26.853 39.1029 8.3104 3.9208 0.0 42.9873 8.056 35.2429481863
2016-06-14 01:30:41.833000 184682.809 3.359 58.962 35.445 62.315 4.063 3.7455 3.5646 27.8191 26.8539 39.0957 8.3085 3.9187 0.0 42.9752 8.056 38.551620468
2016-06-14 01:32:20.263000 184781.239 3.346 58.961 35.411 62.316 4.064 3.7463 3.5654 27.8181 26.852 39.0888 8.3064 3.9199 0.0 42.9444 8.056 0.0
2016-06-14 01:33:56.953000 184877.929 3.355 58.963 34.982 62.313 4.063 3.7452 3.5649 27.8189 26.8546 39.0817 8.3042 3.9191 0.0 42.9378 8.056 0.0
2016-06-14 01:35:33.652000 184974.628 3.451 58.961 34.769 62.314 4.063 3.7454 3.565 27.8175 26.8527 39.073 8.3021 3.92 0.0 42.9411 8.055 33.8200542471
2016-06-14 01:37:10.652000 185071.628 3.335 58.963 34.798 62.315 4.062 3.7445 3.5634 27.8179 26.8532 39.0675 8.3001 3.9177 0.0 42.9851 8.055 0.0
2016-06-14 01:38:47.761000 185168.737 3.367 58.962 35.443 62.314 4.061 3.7447 3.5642 27.8164 26.852 39.0615 8.2979 3.9181 0.0 42.9598 8.055 36.9409673963
2016-06-14 01:40:24.812000 185265.788 3.42 58.96 35.45 62.315 4.062 3.7441 3.5637 27.8181 26.8505 39.0552 8.2959 3.9179 0.0 42.9093 8.055 0.0
2016-06-14 01:42:01.892000 185362.868 3.486 58.963 35.358 62.313 4.063 3.7452 3.5647 27.8185 26.8536 39.0478 8.2937 3.9199 0.0 42.9246 8.055 33.9905895192
2016-06-14 01:43:38.981000 185459.957 3.516 58.959 35.25 62.313 4.063 3.7448 3.5639 27.8189 26.8524 39.0408 8.2918 3.9182 0.0 42.9246 8.055 26.395418064
2016-06-14 01:45:16.061000 185557.037 3.546 58.961 35.118 62.313 4.062 3.7442 3.5638 27.8195 26.8536 39.0313 8.2896 3.9176 0.0 42.9005 8.055 0.0
2016-06-14 01:46:53.201000 185654.177 3.368 58.961 34.936 62.311 4.062 3.7443 3.5638 27.8199 26.8532 39.0268 8.2876 3.9185 0.0 42.8576 8.055 0.0
2016-06-14 01:48:30.370000 185751.346 3.345 58.96 35.069 62.312 4.063 3.7448 3.5645 27.8185 26.8555 39.0209 8.2855 3.9192 0.0 42.9005 8.055 30.1489135851
2016-06-14 01:50:07.490000 185848.466 3.331 58.96 35.277 62.314 4.061 3.743 3.5618 27.817 26.8532 39.0122 8.2833 3.9162 0.0 42.862 8.054 0.0
2016-06-14 01:51:45.911000 185946.887 3.336 58.96 35.184 62.312 4.062 3.7441 3.5634 27.8175 26.8536 39.005 8.2811 3.9178 0.0 42.851 8.054 30.1489135851
2016-06-14 01:53:23.101000 186044.077 3.494 58.96 35.339 62.313 4.06 3.7426 3.5616 27.817 26.8532 39.0003 8.2792 3.9154 0.0 42.8642 8.054 32.3146233893
2016-06-14 01:55:00.336000 186141.312 3.534 58.962 35.156 62.313 4.06 3.7419 3.5612 27.8164 26.8548 38.9916 8.277 3.9154 0.0 42.8345 8.054 0.0
2016-06-14 01:56:37.095000 186238.071 3.559 58.961 34.99 62.313 4.06 3.7422 3.5614 27.8179 26.8539 38.9847 8.2747 3.9162 0.0 42.8038 8.053 29.4280750612
2016-06-14 01:58:14.194000 186335.17 3.506 58.961 34.839 62.314 4.059 3.741 3.5598 27.8181 26.853 38.9765 8.2726 3.9141 0.0 42.8411 8.053 36.3651716986
2016-06-14 01:59:51.495000 186432.471 3.33 58.963 35.289 62.313 4.059 3.7407 3.5595 27.817 26.8551 38.9717 8.2704 3.9135 0.0 42.8302 8.053 0.0
2016-06-14 02:01:28.775000 186529.751 3.332 58.96 35.271 62.31 4.059 3.7414 3.5609 27.817 26.8539 38.9634 8.268 3.9151 0.0 42.8269 8.053 29.4280750612
2016-06-14 02:03:06.005000 186626.981 3.51 58.959 35.23 62.309 4.06 3.7418 3.5613 27.8175 26.853 38.9574 8.2662 3.9159 0.0 42.8148 8.053 0.0
2016-06-14 02:04:43.296000 186724.272 3.549 58.96 35.092 62.311 4.058 3.7408 3.5596 27.816 26.852 38.9495 8.264 3.9138 0.0 42.8258 8.052 30.7474295859
2016-06-14 02:06:20.605000 186821.581 3.353 58.958 34.971 62.308 4.047 3.7408 3.5595 27.8175 26.8539 38.944 8.2618 3.9138 0.0 42.8005 8.052 0.0
2016-06-14 02:07:57.934000 186918.91 3.428 58.957 35.433 62.308 4.06 3.7416 3.5607 27.8175 26.8527 38.9361 8.26 3.9146 0.0 42.806 8.053 29.2852645301
2016-06-14 02:09:36.885000 187017.861 3.558 58.957 35.457 62.307 4.058 3.7407 3.5594 27.816 26.853 38.9277 8.2579 3.9136 0.0 42.7939 8.052 0.0
2016-06-14 02:11:14.245000 187115.221 3.496 58.955 34.804 62.304 3.997 3.7424 3.5616 27.8168 26.8532 38.9221 8.2557 3.9154 0.0 42.7961 8.053 29.7136961235
2016-06-14 02:12:51.614000 187212.59 3.33 58.953 35.312 62.303 3.849 3.7408 3.5602 27.8175 26.8527 38.9158 8.2538 3.9142 0.0 42.7862 8.052 0.0
2016-06-14 02:14:28.913000 187309.889 3.506 58.952 35.234 62.303 4.06 3.7417 3.561 27.8181 26.8527 38.9085 8.2518 3.9157 0.0 42.7466 8.053 29.5708855923
2016-06-14 02:16:05.975000 187406.951 3.547 58.953 35.1 62.302 4.06 3.7421 3.5613 27.8164 26.8541 38.9007 8.2497 3.9157 0.0 42.751 8.053 33.8200542471
2016-06-14 02:17:43.404000 187504.38 3.358 58.951 34.935 62.299 4.057 3.7416 3.5606 27.8175 26.8511 38.8945 8.2479 3.9149 0.0 42.751 8.052 0.0
2016-06-14 02:19:20.843000 187601.819 3.442 58.95 35.433 62.299 4.06 3.7418 3.561 27.8175 26.852 38.8879 8.2458 3.9147 0.0 42.7554 8.053 31.831562429
2016-06-14 02:20:58.214000 187699.19 3.471 58.948 35.394 62.298 4.061 3.7424 3.5621 27.817 26.8505 38.8801 8.2438 3.9162 0.0 42.7214 8.053 0.0
2016-06-14 02:22:35.693000 187796.669 3.519 58.947 34.843 62.297 4.061 3.7429 3.5628 27.817 26.8514 38.8739 8.2422 3.9168 0.0 42.7642 8.053 0.0
2016-06-14 02:24:13.165000 187894.141 3.345 58.947 35.063 62.295 4.03 3.7416 3.5611 27.817 26.8514 38.8682 8.2402 3.9155 0.0 42.7214 8.052 34.1678211442
2016-06-14 02:25:50.655000 187991.631 3.463 58.944 35.383 62.293 4.059 3.7417 3.5605 27.8175 26.8514 38.8598 8.2383 3.9153 0.0 42.7499 8.052 0.0
2016-06-14 02:27:28.166000 188089.142 3.448 58.944 34.773 62.296 4.059 3.7412 3.56 27.8168 26.8509 38.851 8.2362 3.914 0.0 42.7543 8.052 29.9993171857
2016-06-14 02:29:07.356000 188188.332 3.384 58.945 35.019 62.292 4.059 3.7412 3.5603 27.8164 26.8514 38.8457 8.2341 3.9148 0.0 42.7049 8.052 0.0
2016-06-14 02:30:44.865000 188285.841 3.558 58.946 34.899 62.293 4.058 3.7408 3.5597 27.8181 26.8511 38.837 8.232 3.9143 0.0 42.7038 8.051 31.51847548
2016-06-14 02:32:22.465000 188383.441 3.338 58.944 35.19 62.292 4.059 3.7413 3.5601 27.817 26.8527 38.8312 8.23 3.9146 0.0 42.6917 8.052 0.0
2016-06-14 02:34:00.025000 188481.001 3.502 58.943 35.288 62.293 4.059 3.741 3.5598 27.817 26.8524 38.8265 8.228 3.9136 0.0 42.6719 8.051 32.9687191038
2016-06-14 02:35:37.624000 188578.6 3.419 58.944 34.757 62.291 4.059 3.7405 3.5596 27.8154 26.852 38.8184 8.2262 3.9131 0.0 42.6654 8.051 0.0
2016-06-14 02:37:15.095000 188676.071 3.34 58.943 35.401 62.292 4.047 3.7401 3.5594 27.815 26.8517 38.8109 8.224 3.9137 0.0 42.6599 8.051 0.0
2016-06-14 02:38:52.716000 188773.692 3.38 58.944 35.067 62.291 4.058 3.7405 3.5599 27.8175 26.8505 38.8037 8.222 3.9143 0.0 42.65 8.051 29.9993171857
2016-06-14 02:40:30.186000 188871.162 3.363 58.945 34.935 62.291 4.058 3.7401 3.5592 27.8168 26.8511 38.7987 8.22 3.9136 0.0 42.6434 8.05 0.0
2016-06-14 02:42:07.666000 188968.642 3.419 58.94 35.443 62.288 4.058 3.7412 3.5603 27.8175 26.8524 38.7899 8.218 3.915 0.0 42.6643 8.051 0.0
2016-06-14 02:43:45.315000 189066.291 3.344 58.941 35.061 62.29 3.942 3.7409 3.5595 27.817 26.8517 38.7831 8.216 3.9141 0.0 42.6599 8.051 32.1510994607
2016-06-14 02:45:24.576000 189165.552 3.377 58.942 35.457 62.289 4.058 3.7407 3.56 27.817 26.8536 38.7768 8.214 3.9144 0.0 42.6566 8.051 0.0
2016-06-14 02:47:02.265000 189263.241 3.361 58.942 34.956 62.291 4.057 3.7398 3.559 27.817 26.8517 38.7686 8.212 3.9134 0.0 42.6192 8.05 0.0
2016-06-14 02:48:39.945000 189360.921 3.405 58.943 35.453 62.286 4.058 3.7404 3.5593 27.8179 26.8524 38.7617 8.2101 3.914 0.0 42.6258 8.051 35.61247706
2016-06-14 02:50:17.465000 189458.441 3.548 58.94 34.905 62.287 4.058 3.7397 3.5585 27.8164 26.8541 38.7571 8.208 3.9124 0.0 42.617 8.05 37.5362578184
2016-06-14 02:51:55.396000 189556.372 3.439 58.938 35.429 62.286 4.051 3.7416 3.5607 27.8164 26.8524 38.7483 8.2062 3.9147 0.0 42.6104 8.051 0.0
2016-06-14 02:53:32.978000 189653.954 3.521 58.939 34.852 62.287 4.06 3.7416 3.5607 27.8179 26.8532 38.742 8.205 3.9143 0.0 42.6159 8.052 0.0
2016-06-14 02:55:10.768000 189751.744 3.461 58.938 35.385 62.287 4.059 3.7403 3.5594 27.817 26.8527 38.7317 8.2025 3.9131 0.0 42.6192 8.051 31.9881059035
2016-06-14 02:56:48.578000 189849.554 3.485 58.938 34.793 62.284 4.058 3.7401 3.5592 27.8175 26.8524 38.7286 8.2005 3.913 0.0 42.5819 8.05 39.8184513294
2016-06-14 02:58:26.388000 189947.364 3.491 58.936 35.327 62.285 4.059 3.7403 3.5596 27.815 26.8514 38.7208 8.1983 3.9136 0.0 42.6115 8.05 0.0
2016-06-14 03:00:04.127000 190045.103 3.335 58.936 34.746 62.283 4.06 3.7413 3.561 27.8154 26.853 38.713 8.1964 3.9153 0.0 42.6159 8.051 0.0
2016-06-14 03:01:43.537000 190144.513 3.454 58.935 35.394 62.283 4.059 3.7408 3.5599 27.8168 26.8511 38.7069 8.1944 3.9135 0.0 42.5214 8.051 31.9881059035
2016-06-14 03:03:21.188000 190242.164 3.338 58.936 35.191 62.282 4.059 3.7408 3.5602 27.8175 26.852 38.6996 8.1926 3.9139 0.0 42.5654 8.051 0.0
2016-06-14 03:04:58.898000 190339.874 3.484 58.933 35.362 62.282 4.059 3.7406 3.5598 27.817 26.8532 38.6919 8.1905 3.9137 0.0 42.5566 8.051 35.7972414969
2016-06-14 03:06:36.777000 190437.753 3.333 58.933 35.218 62.282 4.058 3.7398 3.5589 27.8154 26.8517 38.685 8.1884 3.9131 0.0 42.5236 8.05 29.8565066546
2016-06-14 03:08:14.708000 190535.684 3.476 58.932 34.758 62.281 4.059 3.7404 3.56 27.816 26.85 38.6798 8.1865 3.9142 0.0 42.5159 8.05 0.0
2016-06-14 03:09:52.617000 190633.593 3.505 58.934 35.278 62.282 4.058 3.7402 3.5599 27.817 26.852 38.67 8.1844 3.9134 0.0 42.5203 8.05 0.0
2016-06-14 03:11:30.537000 190731.513 3.331 58.933 34.767 62.279 4.058 3.7397 3.5591 27.8168 26.8505 38.6632 8.1825 3.913 0.0 42.5225 8.05 31.51847548
2016-06-14 03:13:08.296000 190829.272 3.521 58.933 35.21 62.28 4.059 3.7403 3.5598 27.817 26.8509 38.656 8.1804 3.9141 0.0 42.5082 8.05 0.0
2016-06-14 03:14:46.098000 190927.074 3.34 58.931 35.381 62.278 3.985 3.7402 3.5596 27.816 26.852 38.6488 8.1784 3.9141 0.0 42.5104 8.05 0.0
2016-06-14 03:16:25.678000 191026.654 3.476 58.929 34.767 62.278 4.057 3.739 3.5583 27.8148 26.8536 38.6426 8.1763 3.9115 0.0 42.4764 8.049 32.3146233893
2016-06-14 03:18:03.647000 191124.623 3.493 58.93 35.328 62.276 4.031 3.7396 3.5588 27.8164 26.8514 38.6358 8.1743 3.9124 0.0 42.4978 8.049 0.0
2016-06-14 03:19:41.618000 191222.594 3.331 58.929 35.304 62.277 4.057 3.7387 3.5578 27.8168 26.8514 38.6265 8.172 3.9115 0.0 42.5082 8.049 32.6416712465
2016-06-14 03:21:19.627000 191320.603 3.409 58.93 34.75 62.275 4.057 3.7389 3.5582 27.815 26.852 38.6227 8.17 3.9114 0.0 42.4324 8.049 0.0
2016-06-14 03:22:57.697000 191418.673 3.521 58.928 35.204 62.275 4.057 3.7384 3.5575 27.817 26.8517 38.6133 8.1678 3.9112 0.0 42.4945 8.049 33.8200542471
2016-06-14 03:24:35.789000 191516.765 3.342 58.926 35.395 62.272 4.057 3.7389 3.5583 27.8168 26.852 38.6068 8.1658 3.9122 0.0 42.4473 8.049 0.0
2016-06-14 03:26:13.820000 191614.796 3.391 58.926 34.778 62.27 3.914 3.74 3.5595 27.8175 26.8524 38.5996 8.164 3.913 0.0 42.4637 8.05 31.205388531
2016-06-14 03:27:51.830000 191712.806 3.408 58.923 35.154 62.271 4.05 3.7402 3.5598 27.8154 26.852 38.5918 8.1622 3.9137 0.0 42.4341 8.049 30.7474295859
2016-06-14 03:29:29.890000 191810.866 3.527 58.925 35.192 62.269 4.018 3.7389 3.5584 27.8164 26.852 38.5845 8.1602 3.9116 0.0 42.4813 8.049 36.1732397994
2016-06-14 03:31:08.090000 191909.066 3.345 58.921 35.407 62.269 4.058 3.7392 3.5588 27.817 26.8536 38.5787 8.1581 3.9124 0.0 42.4637 8.049 33.8200542471
2016-06-14 03:32:47.830000 192008.806 3.344 58.922 34.811 62.269 4.058 3.7399 3.5587 27.8164 26.8511 38.5726 8.1562 3.9127 0.0 42.4324 8.049 0.0
2016-06-14 03:34:26.040000 192107.016 3.559 58.918 34.86 62.266 4.059 3.7404 3.5596 27.8175 26.8546 38.5648 8.1542 3.9138 0.0 42.4275 8.049 32.1510994607
2016-06-14 03:36:04.050000 192205.026 3.427 58.917 35.423 62.261 4.06 3.7415 3.5608 27.8175 26.8539 38.5579 8.1525 3.9147 0.0 42.3989 8.05 32.3146233893
2016-06-14 03:37:42.141000 192303.117 3.37 58.915 34.914 62.261 4.06 3.7413 3.5603 27.817 26.8514 38.5498 8.1506 3.9144 0.0 42.3423 8.049 0.0
2016-06-14 03:39:20.300000 192401.276 3.565 58.917 34.997 62.26 4.06 3.7412 3.5602 27.8175 26.8536 38.5423 8.1487 3.9143 0.0 42.4192 8.049 38.1386776107
2016-06-14 03:40:58.240000 192499.216 3.402 58.912 35.44 62.26 4.059 3.7408 3.5598 27.8164 26.853 38.5351 8.1469 3.9142 0.0 42.3676 8.049 26.5182103834
2016-06-14 03:42:36.469000 192597.445 3.391 58.911 35.441 62.258 4.059 3.7406 3.5594 27.817 26.8524 38.5273 8.1448 3.9134 0.0 42.3704 8.049 0.0
2016-06-14 03:44:14.700000 192695.676 3.375 58.91 34.835 62.255 4.06 3.7414 3.5605 27.8189 26.8532 38.5213 8.1428 3.9147 0.0 42.3572 8.049 38.7580918966
2016-06-14 03:45:53.260000 192794.236 3.388 58.908 34.785 62.254 3.992 3.7411 3.5605 27.817 26.8527 38.5155 8.1409 3.9147 0.0 42.3621 8.049 37.5362578184
2016-06-14 03:47:33.299000 192894.275 3.342 58.905 34.801 62.254 4.059 3.7406 3.5596 27.8164 26.8511 38.5072 8.1391 3.913 0.0 42.3835 8.048 30.2985425853
2016-06-14 03:49:11.469000 192992.445 3.514 58.906 34.807 62.25 4.059 3.7403 3.5593 27.8175 26.8524 38.501 8.1369 3.9127 0.0 42.3204 8.048 0.0
2016-06-14 03:50:49.581000 193090.557 3.482 58.904 35.36 62.248 4.059 3.7402 3.5593 27.8168 26.853 38.4932 8.135 3.9127 0.0 42.322 8.048 39.3908796411
2016-06-14 03:52:27.844000 193188.82 3.476 58.903 35.378 62.248 4.058 3.7399 3.5588 27.8164 26.8524 38.4853 8.1328 3.9125 0.0 42.3286 8.048 31.3619320055
2016-06-14 03:54:06.094000 193287.07 3.34 58.904 35.157 62.247 4.058 3.74 3.5587 27.8168 26.8527 38.4791 8.131 3.9126 0.0 42.3418 8.047 0.0
2016-06-14 03:55:45.345000 193386.321 3.563 58.901 34.932 62.245 4.016 3.7406 3.5599 27.816 26.8517 38.4716 8.1288 3.9142 0.0 42.3121 8.048 0.0
2016-06-14 03:57:23.625000 193484.601 3.415 58.899 35.423 62.242 4.06 3.7415 3.5611 27.8175 26.8527 38.4663 8.1269 3.9155 0.0 42.2978 8.048 0.0
2016-06-14 03:59:01.805000 193582.781 3.383 58.897 35.446 62.241 3.978 3.7402 3.5596 27.8158 26.8532 38.4569 8.125 3.9137 0.0 42.2984 8.048 34.7006893192
2016-06-14 04:00:41.814000 193682.79 3.335 58.895 35.296 62.24 4.043 3.7401 3.559 27.816 26.8505 38.4518 8.1229 3.9125 0.0 42.272 8.047 34.1678211442
2016-06-14 04:02:20.246000 193781.222 3.343 58.895 34.767 62.239 4.058 3.7394 3.5583 27.8158 26.852 38.4419 8.1209 3.9118 0.0 42.3083 8.047 35.2429481863
2016-06-14 04:03:58.616000 193879.592 3.535 58.894 34.801 62.236 4.058 3.7399 3.5586 27.8164 26.8517 38.4377 8.1189 3.9124 0.0 42.3061 8.047 0.0
2016-06-14 04:05:37.076000 193978.052 3.544 58.893 34.87 62.234 4.059 3.7401 3.5589 27.817 26.8511 38.4295 8.1168 3.9129 0.0 42.3077 8.047 35.4277126231
2016-06-14 04:07:15.497000 194076.473 3.563 58.89 34.92 62.233 4.059 3.7406 3.5599 27.8175 26.852 38.4227 8.1148 3.9139 0.0 42.2742 8.047 37.1379128795
2016-06-14 04:08:53.976000 194174.952 3.563 58.89 34.992 62.233 4.036 3.7392 3.5582 27.8175 26.8527 38.4158 8.1127 3.9125 0.0 42.2742 8.046 0.0
2016-06-14 04:10:32.286000 194273.262 3.563 58.888 35.003 62.232 4.058 3.7397 3.5592 27.8164 26.8524 38.4087 8.1107 3.9135 0.0 42.2259 8.046 33.4789837029
2016-06-14 04:12:10.766000 194371.742 3.541 58.888 35.075 62.231 4.057 3.7385 3.5577 27.817 26.852 38.4046 8.1087 3.9118 0.0 42.1924 8.045 37.5362578184
2016-06-14 04:13:50.908000 194471.884 3.498 58.887 35.292 62.228 3.879 3.7378 3.5564 27.8168 26.8517 38.3927 8.1068 3.9101 0.0 42.2555 8.045 0.0
2016-06-14 04:15:29.397000 194570.373 3.484 58.886 35.307 62.227 4.057 3.7386 3.5573 27.8168 26.8517 38.389 8.1047 3.9111 0.0 42.2237 8.045 26.6410027027
2016-06-14 04:17:07.900000 194668.876 3.478 58.883 35.36 62.225 4.057 3.7386 3.5576 27.8158 26.8527 38.3803 8.1027 3.9121 0.0 42.2303 8.045 0.0
2016-06-14 04:18:46.400000 194767.376 3.472 58.883 35.384 62.224 4.057 3.7389 3.5584 27.8158 26.8502 38.3735 8.1007 3.9126 0.0 42.2363 8.045 0.0
2016-06-14 04:20:24.815000 194865.791 3.45 58.881 35.404 62.224 4.057 3.7389 3.5585 27.817 26.852 38.3662 8.0987 3.9124 0.0 42.2198 8.045 37.5362578184
2016-06-14 04:22:03.396000 194964.372 3.417 58.879 35.437 62.221 4.057 3.7387 3.5578 27.817 26.8502 38.3588 8.0969 3.9116 0.0 42.2391 8.045 0.0
2016-06-14 04:23:41.956000 195062.932 3.384 58.879 35.428 62.222 4.056 3.7378 3.5568 27.816 26.8517 38.3533 8.0946 3.9101 0.0 42.1715 8.044 36.5571035979
2016-06-14 04:25:20.397000 195161.373 3.376 58.878 35.44 62.221 4.056 3.7376 3.5565 27.8154 26.8527 38.3448 8.0926 3.9096 0.0 42.2023 8.044 33.1379131587
2016-06-14 04:27:00.687000 195261.663 3.491 58.875 35.318 62.217 4.057 3.7388 3.5581 27.8164 26.8511 38.3357 8.0906 3.9122 0.0 42.1655 8.044 0.0
2016-06-14 04:28:39.257000 195360.233 3.473 58.873 35.342 62.216 4.057 3.7384 3.5578 27.8164 26.8524 38.3295 8.0887 3.9114 0.0 42.1468 8.044 0.0
2016-06-14 04:30:17.887000 195458.863 3.465 58.872 35.363 62.215 4.057 3.7381 3.5573 27.8168 26.8511 38.3242 8.0866 3.9108 0.0 42.1583 8.044 26.5182103834
2016-06-14 04:31:56.527000 195557.503 3.556 58.872 35.395 62.214 4.057 3.7383 3.5572 27.8168 26.8511 38.3179 8.0846 3.9105 0.0 42.1709 8.044 0.0
2016-06-14 04:33:35.056000 195656.032 3.563 58.868 34.906 62.21 3.944 3.7394 3.5583 27.8164 26.85 38.3076 8.0828 3.912 0.0 42.1435 8.044 29.1424539989
2016-06-14 04:35:13.237000 195754.213 3.418 58.868 35.43 62.211 4.039 3.7379 3.5565 27.8168 26.8514 38.3003 8.0807 3.9098 0.0 42.1572 8.043 0.0
2016-06-14 04:36:51.308000 195852.284 3.348 58.868 35.023 62.208 4.057 3.7385 3.5573 27.816 26.8495 38.2935 8.0787 3.9109 0.0 42.1473 8.043 0.0
2016-06-14 04:38:29.548000 195950.524 3.35 58.865 35.055 62.204 4.057 3.7384 3.5569 27.8158 26.8517 38.289 8.0767 3.911 0.0 42.1358 8.043 36.9409673963
2016-06-14 04:40:09.338000 196050.314 3.557 58.864 34.998 62.205 4.057 3.7382 3.5576 27.8158 26.85 38.28 8.0747 3.9116 0.0 42.1325 8.043 37.5362578184
2016-06-14 04:41:47.518000 196148.494 3.553 58.862 35.07 62.203 4.057 3.7383 3.5578 27.815 26.8509 38.2744 8.0727 3.9117 0.0 42.133 8.043 39.8184513294
2016-06-14 04:43:25.741000 196246.717 3.359 58.862 35.403 62.201 4.057 3.7383 3.5577 27.8164 26.8509 38.2665 8.0707 3.9116 0.0 42.11 8.043 0.0
2016-06-14 04:45:04.032000 196345.008 3.353 58.86 35.405 62.2 4.04 3.7373 3.5565 27.817 26.8514 38.26 8.0686 3.91 0.0 42.0677 8.042 31.51847548
2016-06-14 04:46:42.282000 196443.258 3.374 58.86 34.824 62.199 4.056 3.7375 3.5566 27.8168 26.85 38.2511 8.0666 3.9098 0.0 42.071 8.042 0.0
2016-06-14 04:48:20.473000 196541.449 3.387 58.856 34.777 62.196 4.016 3.7382 3.5576 27.8164 26.8517 38.2453 8.0646 3.9111 0.0 42.0484 8.042 29.4280750612
2016-06-14 04:49:58.843000 196639.819 3.392 58.856 34.754 62.194 4.057 3.7378 3.557 27.8181 26.85 38.2371 8.0627 3.9103 0.0 42.1017 8.042 31.831562429
2016-06-14 04:51:37.166000 196738.142 3.534 58.855 35.142 62.195 4.055 3.7363 3.555 27.8154 26.8509 38.2314 8.0606 3.9083 0.0 42.0666 8.041 0.0
2016-06-14 04:53:17.266000 196838.242 3.522 58.853 35.301 62.194 4.056 3.7371 3.5563 27.8158 26.8505 38.223 8.0583 3.9103 0.0 42.0512 8.041 35.9820059338
2016-06-14 04:54:55.596000 196936.572 3.48 58.85 35.341 62.19 4.058 3.739 3.5587 27.8164 26.8509 38.2149 8.0566 3.9126 0.0 42.0715 8.042 0.0
2016-06-14 04:56:33.866000 197034.842 3.458 58.849 35.361 62.19 4.057 3.7386 3.5582 27.8158 26.8514 38.208 8.0547 3.9119 0.0 42.0907 8.042 31.51847548
2016-06-14 04:58:12.206000 197133.182 3.45 58.846 35.168 62.187 4.057 3.7388 3.5581 27.816 26.8511 38.2008 8.0528 3.9122 0.0 41.999 8.042 35.9820059338
2016-06-14 04:59:50.595000 197231.571 3.339 58.845 35.14 62.186 4.057 3.7386 3.5579 27.817 26.8502 38.1937 8.051 3.9115 0.0 42.0281 8.042 0.0
2016-06-14 05:01:28.997000 197329.973 3.346 58.845 35.056 62.183 4.058 3.7392 3.5586 27.8168 26.8509 38.1899 8.0488 3.9121 0.0 42.0457 8.042 36.9409673963
2016-06-14 05:03:07.396000 197428.372 3.353 58.84 35.047 62.182 4.058 3.7392 3.5584 27.8168 26.8505 38.1812 8.0471 3.9117 0.0 42.032 8.042 0.0
2016-06-14 05:04:47.606000 197528.582 3.39 58.841 34.765 62.18 4.058 3.7396 3.5589 27.8179 26.8505 38.1743 8.0451 3.913 0.0 41.9523 8.041 38.551620468
2016-06-14 05:06:25.893000 197626.869 3.402 58.838 34.74 62.178 4.03 3.7383 3.5573 27.8158 26.8505 38.1655 8.0432 3.9113 0.0 41.9748 8.041 33.4789837029
2016-06-14 05:08:04.373000 197725.349 3.421 58.838 34.715 62.178 4.057 3.7387 3.558 27.8175 26.8493 38.1577 8.0411 3.9121 0.0 41.9853 8.041 0.0
2016-06-14 05:09:42.832000 197823.808 3.415 58.837 34.721 62.175 3.857 3.7382 3.5574 27.8175 26.852 38.151 8.039 3.9111 0.0 42.0007 8.04 34.1678211442
2016-06-14 05:11:21.313000 197922.289 3.421 58.838 34.717 62.174 4.056 3.7372 3.5561 27.8164 26.8502 38.1442 8.0369 3.909 0.0 41.9534 8.04 0.0
2016-06-14 05:12:59.784000 198020.76 3.433 58.833 34.696 62.173 4.057 3.7384 3.5573 27.8154 26.8514 38.1351 8.0348 3.9105 0.0 41.9578 8.04 30.7474295859
2016-06-14 05:14:38.404000 198119.38 3.471 58.829 34.728 62.169 4.058 3.7389 3.5577 27.8175 26.8514 38.1313 8.0331 3.911 0.0 41.9803 8.04 0.0
2016-06-14 05:16:18.604000 198219.58 3.36 58.832 34.92 62.17 3.839 3.738 3.5572 27.8164 26.8514 38.1226 8.0309 3.9108 0.0 41.977 8.04 0.0
2016-06-14 05:17:57.005000 198317.981 3.363 58.831 34.911 62.166 4.056 3.7375 3.5566 27.8158 26.8509 38.1163 8.0289 3.91 0.0 41.938 8.039 0.0
2016-06-14 05:19:35.594000 198416.57 3.374 58.828 34.825 62.167 4.056 3.7372 3.5561 27.8164 26.8511 38.109 8.0268 3.9093 0.0 41.9045 8.039 28.9996603336
2016-06-14 05:21:14.246000 198515.222 3.39 58.827 34.75 62.164 4.057 3.7385 3.5574 27.8164 26.8502 38.1023 8.0249 3.9109 0.0 41.9529 8.039 33.4789837029
2016-06-14 05:22:52.796000 198613.772 3.404 58.823 34.731 62.164 4.033 3.7389 3.5578 27.8175 26.8511 38.094 8.0232 3.9116 0.0 41.9419 8.04 0.0
2016-06-14 05:24:31.428000 198712.404 3.423 58.822 34.704 62.161 4.058 3.7389 3.5579 27.816 26.8509 38.0869 8.0211 3.9117 0.0 41.9259 8.039 0.0
2016-06-14 05:26:10.078000 198811.054 3.337 58.82 35.244 62.161 4.057 3.7386 3.5577 27.8175 26.8505 38.0806 8.0192 3.9118 0.0 41.9496 8.039 35.9820059338
2016-06-14 05:27:50.168000 198911.144 3.358 58.821 34.93 62.157 4.057 3.7384 3.5573 27.8164 26.8509 38.0715 8.0171 3.9105 0.0 41.893 8.039 0.0
2016-06-14 05:29:28.798000 199009.774 3.361 58.819 34.92 62.157 3.739 3.7379 3.5566 27.817 26.8514 38.0656 8.0152 3.9101 0.0 41.9259 8.038 37.9346027573
2016-06-14 05:31:07.478000 199108.454 3.358 58.819 35.378 62.156 3.958 3.7389 3.558 27.8168 26.853 38.0603 8.0133 3.912 0.0 41.8793 8.039 0.0
2016-06-14 05:32:46.168000 199207.144 3.353 58.818 35.37 62.153 4.059 3.7397 3.5591 27.816 26.8517 38.0515 8.0116 3.9131 0.0 41.865 8.039 0.0
2016-06-14 05:34:24.848000 199305.824 3.515 58.816 35.334 62.154 4.058 3.7387 3.558 27.8158 26.8524 38.0453 8.0096 3.9119 0.0 41.8815 8.039 32.4781473179
2016-06-14 05:36:03.629000 199404.605 3.511 58.814 35.196 62.152 4.058 3.7386 3.5579 27.8154 26.8511 38.0344 8.0076 3.9112 0.0 41.8271 8.038 0.0
2016-06-14 05:37:42.299000 199503.275 3.504 58.816 35.268 62.151 3.992 3.7379 3.5567 27.817 26.8505 38.0302 8.0054 3.9097 0.0 41.8771 8.038 34.5230665942
2016-06-14 05:39:22.709000 199603.685 3.565 58.816 34.947 62.152 4.056 3.7369 3.5561 27.816 26.8517 38.0235 8.0032 3.9097 0.0 41.8529 8.037 0.0
2016-06-14 05:41:01.459000 199702.435 3.382 58.816 34.827 62.152 4.056 3.7373 3.5565 27.8154 26.853 38.0136 8.0012 3.9098 0.0 41.832 8.037 0.0
2016-06-14 05:42:40.179000 199801.155 3.389 58.815 34.751 62.151 3.694 3.7381 3.5569 27.8154 26.8527 38.0089 7.9993 3.9101 0.0 41.821 8.038 36.5571035979
2016-06-14 05:44:18.949000 199899.925 3.341 58.812 35.316 62.151 3.928 3.7379 3.5568 27.8168 26.852 38.0011 7.9976 3.9101 0.0 41.8227 8.037 0.0
2016-06-14 05:45:57.539000 199998.515 3.339 58.813 35.305 62.151 4.056 3.7378 3.5567 27.8154 26.8527 37.9946 7.9957 3.9106 0.0 41.8161 8.037 29.7136961235
2016-06-14 05:47:36.330000 200097.306 3.499 58.812 35.294 62.15 4.055 3.7368 3.5555 27.817 26.8527 37.9855 7.9936 3.9094 0.0 41.7606 8.037 0.0
2016-06-14 05:49:16.861000 200197.837 3.568 58.815 34.953 62.151 4.056 3.7369 3.5555 27.8179 26.852 37.9798 7.9916 3.9088 0.0 41.8023 8.037 25.5603909254
2016-06-14 05:50:55.674000 200296.65 3.377 58.815 34.972 62.151 4.056 3.7374 3.5561 27.817 26.8517 37.9725 7.9895 3.9104 0.0 41.8111 8.037 0.0
2016-06-14 05:52:34.493000 200395.469 3.381 58.814 34.797 62.151 4.056 3.7375 3.5567 27.8154 26.8517 37.9651 7.9876 3.9106 0.0 41.8051 8.037 31.205388531
2016-06-14 05:54:13.314000 200494.29 3.343 58.812 35.348 62.151 3.802 3.7376 3.5569 27.8164 26.8511 37.9581 7.9858 3.9104 0.0 41.7694 8.037 0.0
2016-06-14 05:55:52.124000 200593.1 3.513 58.814 35.329 62.151 4.057 3.7377 3.557 27.817 26.8517 37.9485 7.9838 3.9098 0.0 41.7793 8.037 29.8565066546
2016-06-14 05:57:30.963000 200691.939 3.458 58.811 35.364 62.151 4.056 3.7371 3.5558 27.8158 26.853 37.943 7.9818 3.9088 0.0 41.7853 8.037 0.0
2016-06-14 05:59:09.714000 200790.69 3.558 58.816 34.864 62.151 4.057 3.7377 3.5567 27.8175 26.8527 37.9345 7.9799 3.9103 0.0 41.7601 8.037 28.8636054922
2016-06-14 06:00:50.275000 200891.251 3.408 58.816 34.75 62.154 4.056 3.7369 3.5559 27.8175 26.8527 37.9289 7.9781 3.9085 0.0 41.7502 8.037 0.0
2016-06-14 06:02:29.056000 200990.032 3.335 58.817 34.748 62.154 3.847 3.7356 3.5539 27.8168 26.8527 37.9217 7.976 3.9071 0.0 41.7507 8.036 26.395418064
2016-06-14 06:04:07.865000 201088.841 3.342 58.819 35.132 62.156 4.054 3.7354 3.5541 27.8158 26.8517 37.9154 7.9738 3.9079 0.0 41.7112 8.036 0.0
2016-06-14 06:05:46.846000 201187.822 3.398 58.821 35.411 62.157 4.053 3.7348 3.554 27.816 26.8511 37.9081 7.9716 3.9074 0.0 41.7425 8.036 38.9645633252
2016-06-14 06:07:25.616000 201286.592 3.557 58.822 35.438 62.16 4.054 3.7349 3.5539 27.816 26.8517 37.8971 7.9696 3.9074 0.0 41.6941 8.036 0.0
2016-06-14 06:09:04.365000 201385.341 3.551 58.822 35.069 62.159 3.829 3.7342 3.5527 27.8181 26.8514 37.8945 7.9674 3.9057 0.0 41.7496 8.036 27.1392676321
2016-06-14 06:10:43.316000 201484.292 3.394 58.823 34.736 62.159 4.053 3.7342 3.5526 27.817 26.8511 37.8837 7.9653 3.9059 0.0 41.6842 8.035 0.0
2016-06-14 06:12:23.858000 201584.834 3.34 58.825 35.14 62.16 4.051 3.7328 3.5515 27.8164 26.8514 37.8782 7.9632 3.9049 0.0 41.6842 8.035 34.1678211442
2016-06-14 06:14:02.838000 201683.814 3.419 58.823 35.42 62.162 4.052 3.733 3.5513 27.8168 26.8527 37.8695 7.9611 3.9044 0.0 41.6733 8.035 0.0
2016-06-14 06:15:41.658000 201782.634 3.562 58.824 35.0 62.161 3.973 3.7335 3.552 27.817 26.8514 37.8645 7.959 3.9054 0.0 41.693 8.035 0.0
2016-06-14 06:17:20.598000 201881.574 3.376 58.825 34.813 62.161 4.048 3.733 3.5518 27.817 26.8517 37.8576 7.957 3.9056 0.0 41.6524 8.035 0.0
2016-06-14 06:18:59.663000 201980.639 3.34 58.828 35.336 62.164 4.052 3.7329 3.5519 27.816 26.8524 37.8509 7.955 3.9053 0.0 41.659 8.035 34.7006893192
2016-06-14 06:20:38.693000 202079.669 3.495 58.826 35.3 62.162 4.051 3.7321 3.5506 27.8154 26.8517 37.841 7.953 3.9035 0.0 41.6936 8.035 0.0
2016-06-14 06:22:19.604000 202180.58 3.359 58.829 34.899 62.166 4.05 3.7311 3.5499 27.8164 26.8511 37.8336 7.9508 3.9032 0.0 41.6249 8.034 0.0
2016-06-14 06:23:58.696000 202279.672 3.354 58.829 35.403 62.166 4.039 3.7315 3.5499 27.816 26.8502 37.8284 7.9487 3.9028 0.0 41.6381 8.034 0.0
2016-06-14 06:25:37.865000 202378.841 3.426 58.829 35.207 62.165 4.013 3.7318 3.5503 27.8148 26.8502 37.8192 7.9466 3.9038 0.0 41.6293 8.035 34.8783120441
2016-06-14 06:27:17.015000 202477.991 3.334 58.829 35.198 62.166 4.049 3.7306 3.5494 27.815 26.8509 37.8139 7.9447 3.9027 44.9385 41.6337 8.034 30.4481715855
2016-06-14 06:28:56.106000 202577.082 3.414 58.829 35.42 62.166 4.05 3.731 3.5498 27.816 26.8505 37.8055 7.9425 3.9027 0.0 41.6293 8.035 0.0
2016-06-14 06:30:35.136000 202676.112 3.553 58.829 34.998 62.165 4.05 3.7314 3.5499 27.8168 26.8505 37.7989 7.9407 3.9028 0.0 41.6397 8.035 0.0
2016-06-14 06:32:15.967000 202776.943 3.338 58.829 35.143 62.165 4.05 3.731 3.5497 27.817 26.852 37.7925 7.9387 3.9026 44.9506 41.6436 8.035 34.8783120441
2016-06-14 06:33:54.977000 202875.953 3.417 58.829 35.428 62.165 4.048 3.7298 3.5479 27.817 26.8514 37.7832 7.9364 3.9008 44.9506 41.6359 8.034 28.1833312852
2016-06-14 06:35:34.249000 202975.225 3.557 58.829 34.999 62.166 3.879 3.7294 3.5478 27.8148 26.8502 37.7734 7.9343 3.9016 44.9703 41.6205 8.034 0.0
2016-06-14 06:37:13.250000 203074.226 3.383 58.828 34.784 62.165 4.048 3.7296 3.5484 27.8154 26.8511 37.7697 7.9324 3.9014 0.0 41.6018 8.034 36.7490354971
2016-06-14 06:38:52.450000 203173.426 3.488 58.829 35.316 62.167 4.048 3.7296 3.5478 27.816 26.85 37.7623 7.9302 3.9006 44.9363 41.5733 8.034 0.0
2016-06-14 06:40:31.630000 203272.606 3.512 58.831 34.8 62.165 4.049 3.7301 3.5484 27.8158 26.8502 37.7545 7.9281 3.9017 44.9231 41.5667 8.034 0.0
2016-06-14 06:42:12.370000 203373.346 3.333 58.831 35.366 62.165 4.046 3.729 3.5471 27.8148 26.8509 37.7457 7.9261 3.8999 44.9517 41.5431 8.033 32.8051951752
2016-06-14 06:43:51.460000 203472.436 3.487 58.832 35.322 62.167 4.046 3.728 3.546 27.8154 26.8487 37.7388 7.924 3.8991 44.9528 41.5738 8.033 32.4781473179
2016-06-14 06:45:30.740000 203571.716 3.344 58.831 34.808 62.167 4.046 3.7279 3.5464 27.8138 26.85 37.7329 7.9218 3.8998 44.9407 41.5551 8.033 0.0
2016-06-14 06:47:10.021000 203670.997 3.398 58.832 35.455 62.169 3.93 3.7266 3.5446 27.8136 26.8487 37.726 7.9197 3.8974 44.9033 41.5321 8.032 32.9687191038
2016-06-14 06:48:49.161000 203770.137 3.552 58.834 35.022 62.168 4.045 3.7271 3.545 27.8138 26.8484 37.7177 7.9175 3.898 44.9154 41.5436 8.032 0.0
2016-06-14 06:50:30.184000 203871.16 3.467 58.833 35.229 62.167 4.046 3.7277 3.546 27.8154 26.8495 37.7098 7.9155 3.8986 44.8418 41.5145 8.033 31.9881059035
2016-06-14 06:52:09.525000 203970.501 3.54 58.831 34.881 62.166 3.968 3.7278 3.5458 27.8158 26.85 37.7047 7.9136 3.899 44.889 41.4634 8.033 0.0
2016-06-14 06:53:48.675000 204069.651 3.354 58.833 35.422 62.168 4.046 3.7279 3.5466 27.8154 26.8495 37.6979 7.9116 3.9001 44.8616 41.4958 8.032 30.4481715855
2016-06-14 06:55:28.065000 204169.041 3.515 58.833 35.161 62.167 4.045 3.7269 3.5452 27.8158 26.8487 37.686 7.9096 3.8981 44.878 41.4837 8.032 0.0
2016-06-14 06:57:07.526000 204268.502 3.331 58.829 35.199 62.164 4.01 3.7287 3.5472 27.8158 26.8509 37.6813 7.9077 3.9004 44.8374 41.4695 8.033 0.0
2016-06-14 06:58:46.976000 204367.952 3.556 58.829 34.898 62.166 4.047 3.7286 3.5474 27.8158 26.8511 37.6729 7.906 3.9007 44.8341 41.4892 8.033 35.9820059338
2016-06-14 07:00:27.878000 204468.854 3.331 58.831 35.317 62.165 4.047 3.7287 3.5472 27.8154 26.8511 37.6667 7.904 3.9008 44.8726 41.4662 8.033 0.0
2016-06-14 07:02:07.307000 204568.283 3.491 58.83 34.8 62.164 3.758 3.7274 3.5461 27.8126 26.85 37.6594 7.902 3.8985 44.8176 41.5161 8.032 30.4481715855
2016-06-14 07:03:46.797000 204667.773 3.391 58.83 35.43 62.163 4.047 3.7282 3.5463 27.8164 26.849 37.6522 7.9002 3.8992 44.8044 41.4327 8.033 0.0
2016-06-14 07:05:26.088000 204767.064 3.377 58.831 34.808 62.165 4.016 3.727 3.5452 27.8148 26.8484 37.6454 7.898 3.8986 44.8143 41.4442 8.032 32.1510994607
2016-06-14 07:07:05.538000 204866.514 3.499 58.831 35.346 62.165 4.045 3.7268 3.5454 27.8148 26.849 37.6382 7.8959 3.8976 44.8363 41.4294 8.032 0.0
2016-06-14 07:08:45.008000 204965.984 3.332 58.831 34.789 62.164 4.044 3.7259 3.5437 27.8136 26.8493 37.6308 7.8939 3.8964 44.7978 41.4162 8.031 0.0
2016-06-14 07:10:26.239000 205067.215 3.523 58.832 35.182 62.165 3.918 3.7244 3.5421 27.8138 26.8478 37.6209 7.8916 3.8946 44.8033 41.4804 8.031 36.3651716986
2016-06-14 07:12:05.759000 205166.735 3.328 58.832 35.24 62.165 4.039 3.7263 3.5447 27.8132 26.8487 37.6148 7.8895 3.898 44.7418 41.4272 8.031 34.8783120441
2016-06-14 07:13:45.259000 205266.235 3.544 58.83 34.9 62.162 4.043 3.7259 3.5442 27.8154 26.8493 37.6042 7.8875 3.8971 44.7836 41.4074 8.031 38.3451490394
2016-06-14 07:15:24.829000 205365.805 3.361 58.829 35.433 62.163 4.044 3.7259 3.5436 27.8136 26.85 37.6007 7.8854 3.8967 44.8 41.4354 8.031 0.0
2016-06-14 07:17:04.080000 205465.056 3.474 58.831 34.772 62.164 4.039 3.7257 3.5439 27.8148 26.8484 37.5944 7.8835 3.8975 44.7693 41.403 8.031 33.4789837029
2016-06-14 07:18:43.616000 205564.592 3.421 58.829 35.443 62.161 4.026 3.7246 3.5427 27.8136 26.8493 37.5859 7.8814 3.8954 44.7715 41.3964 8.031 0.0
2016-06-14 07:20:24.956000 205665.932 3.326 58.833 34.75 62.163 3.781 3.7244 3.5426 27.8142 26.8493 37.5778 7.8792 3.8956 44.7913 41.3914 8.03 32.4781473179
2016-06-14 07:22:04.508000 205765.484 3.53 58.833 34.866 62.166 4.044 3.7253 3.5432 27.815 26.8502 37.5716 7.8774 3.8962 44.7462 41.3596 8.031 0.0
2016-06-14 07:23:44.129000 205865.105 3.357 58.831 35.447 62.162 4.042 3.7244 3.5427 27.8148 26.85 37.5642 7.8754 3.896 44.7418 41.4123 8.03 30.2985425853
2016-06-14 07:25:26.289000 205967.265 3.397 58.831 35.435 62.164 3.968 3.7247 3.5432 27.8136 26.849 37.5549 7.8733 3.8964 44.7286 41.3502 8.03 25.9093071593
2016-06-14 07:27:05.879000 206066.855 3.333 58.833 34.852 62.162 4.043 3.7243 3.5424 27.8154 26.8481 37.5485 7.8712 3.8951 44.7023 41.3195 8.03 0.0
2016-06-14 07:28:45.550000 206166.526 3.468 58.832 34.79 62.163 4.043 3.7245 3.5426 27.8148 26.849 37.542 7.8692 3.896 44.7528 41.3426 8.03 30.4481715855
2016-06-14 07:30:26.930000 206267.906 3.534 58.832 35.125 62.165 4.043 3.7246 3.5426 27.8148 26.8509 37.5342 7.8673 3.8958 44.699 41.325 8.03 32.9687191038
2016-06-14 07:32:06.580000 206367.556 3.326 58.835 35.315 62.166 4.035 3.7239 3.5422 27.8126 26.8487 37.5278 7.8654 3.8953 44.6957 41.2788 8.03 0.0
2016-06-14 07:33:46.061000 206467.037 3.504 58.836 34.8 62.168 4.042 3.7237 3.5413 27.8142 26.8495 37.5176 7.8633 3.8941 44.7253 41.3228 8.03 0.0
2016-06-14 07:35:25.782000 206566.758 3.552 58.837 35.452 62.17 4.042 3.7237 3.5418 27.8154 26.8493 37.5122 7.8613 3.8952 44.6243 41.2843 8.03 38.1386776107
2016-06-14 07:37:05.502000 206666.478 3.337 58.837 35.416 62.17 3.795 3.723 3.5409 27.8128 26.8493 37.5039 7.8592 3.8935 44.6902 41.308 8.03 0.0
2016-06-14 07:38:47.172000 206768.148 3.349 58.838 34.962 62.171 4.042 3.7235 3.5414 27.8136 26.8484 37.496 7.8572 3.894 44.6803 41.2728 8.03 29.2852645301
2016-06-14 07:40:26.913000 206867.889 3.387 58.841 34.772 62.171 4.041 3.7231 3.5409 27.8128 26.8511 37.4894 7.8551 3.8942 44.6638 41.2574 8.03 0.0
2016-06-14 07:42:06.473000 206967.449 3.469 58.842 35.372 62.173 4.04 3.7222 3.5403 27.815 26.8487 37.4857 7.8529 3.893 44.6352 41.2739 8.029 39.8184513294
2016-06-14 07:43:46.273000 207067.249 3.361 58.841 35.451 62.174 4.039 3.7215 3.539 27.8142 26.8484 37.4753 7.8507 3.892 44.6254 41.2838 8.029 29.9993171857
2016-06-14 07:45:26.066000 207167.042 3.399 58.841 34.762 62.174 4.041 3.7227 3.541 27.8148 26.8478 37.4675 7.8488 3.8939 44.6067 41.2437 8.029 0.0
2016-06-14 07:47:07.456000 207268.432 3.526 58.841 35.157 62.173 4.04 3.7225 3.5407 27.8154 26.8487 37.4619 7.8468 3.894 44.6309 41.2596 8.029 0.0
2016-06-14 07:48:47.236000 207368.212 3.473 58.841 35.288 62.174 4.04 3.7216 3.5393 27.8142 26.8493 37.4535 7.845 3.8918 44.5847 41.2536 8.029 31.6750189545
2016-06-14 07:50:27.081000 207468.057 3.337 58.842 35.043 62.173 4.036 3.7218 3.5396 27.8148 26.8502 37.4447 7.8427 3.8929 44.5946 41.2387 8.029 0.0
2016-06-14 07:52:06.811000 207567.787 3.382 58.843 34.778 62.175 4.039 3.7209 3.5389 27.8138 26.8487 37.4394 7.8407 3.8914 44.5957 41.2618 8.029 33.4789837029
2016-06-14 07:53:46.331000 207667.307 3.485 58.844 35.335 62.174 4.039 3.7213 3.5389 27.8142 26.8495 37.4317 7.8387 3.8919 44.6078 41.2475 8.029 0.0
2016-06-14 07:55:26.150000 207767.126 3.392 58.846 35.033 62.174 4.04 3.7221 3.5406 27.8136 26.8495 37.4222 7.8367 3.893 44.5616 41.2157 8.029 34.7006893192
2016-06-14 07:57:07.791000 207868.767 3.326 58.842 35.245 62.173 3.847 3.723 3.5415 27.8142 26.8502 37.416 7.8351 3.8948 44.5913 41.1838 8.03 35.0581837494
2016-06-14 07:58:47.513000 207968.489 3.533 58.841 34.88 62.174 4.041 3.7223 3.5401 27.8136 26.8495 37.4082 7.8332 3.8928 44.5627 41.1953 8.03 30.5978005857
2016-06-14 08:00:27.443000 208068.419 3.539 58.841 35.111 62.171 4.04 3.7218 3.5397 27.8132 26.8487 37.4009 7.8313 3.8929 44.5847 41.2096 8.029 0.0
2016-06-14 08:02:07.063000 208168.039 3.488 58.844 35.389 62.175 4.039 3.7207 3.538 27.8142 26.8487 37.3948 7.8291 3.8904 44.577 41.1937 8.029 31.831562429
2016-06-14 08:03:46.984000 208267.96 3.33 58.845 35.126 62.175 3.815 3.7209 3.5388 27.8126 26.8493 37.3846 7.827 3.8921 44.4957 41.1734 8.029 0.0
2016-06-14 08:05:28.644000 208369.62 3.324 58.846 35.272 62.177 4.039 3.7207 3.5385 27.8148 26.8481 37.3775 7.8249 3.8919 44.5254 41.1651 8.029 36.3651716986
2016-06-14 08:07:08.634000 208469.61 3.343 58.845 34.991 62.178 3.817 3.7199 3.5376 27.8132 26.8468 37.3718 7.8228 3.8901 44.5397 41.1453 8.029 35.61247706
2016-06-14 08:08:48.645000 208569.621 3.395 58.847 34.754 62.178 4.038 3.7209 3.5388 27.8136 26.8481 37.3644 7.8208 3.8924 44.5276 41.1783 8.029 0.0
2016-06-14 08:10:28.737000 208669.713 3.508 58.847 34.852 62.177 4.04 3.7213 3.5391 27.8148 26.8481 37.3561 7.8189 3.8915 44.477 41.1514 8.029 0.0
2016-06-14 08:12:08.697000 208769.673 3.543 58.845 35.073 62.175 3.746 3.7228 3.5412 27.8148 26.8487 37.3499 7.8172 3.8945 44.4595 41.1206 8.03 29.2852645301
2016-06-14 08:13:50.437000 208871.413 3.415 58.844 35.444 62.175 4.041 3.7226 3.5409 27.8138 26.8495 37.34 7.8154 3.894 44.465 41.1036 8.03 0.0
2016-06-14 08:15:30.439000 208971.415 3.345 58.846 35.441 62.176 3.982 3.7211 3.5389 27.8138 26.8493 37.3353 7.8134 3.8913 44.5496 41.1157 8.029 33.1379131587
2016-06-14 08:17:10.309000 209071.285 3.325 58.847 35.275 62.178 4.04 3.7215 3.5397 27.8148 26.8495 37.325 7.8113 3.8929 44.4529 41.0833 8.029 0.0
2016-06-14 08:18:50.359000 209171.335 3.353 58.847 34.962 62.178 4.041 3.7221 3.54 27.8138 26.8487 37.3178 7.8093 3.8926 44.4803 41.0965 8.03 32.3146233893
2016-06-14 08:20:30.384000 209271.36 3.393 58.844 34.773 62.178 3.974 3.7214 3.5391 27.8128 26.8493 37.3125 7.8075 3.8924 44.4814 41.0789 8.029 28.0472764438
2016-06-14 08:22:12.005000 209372.981 3.371 58.849 34.813 62.18 4.039 3.7206 3.5385 27.8128 26.8502 37.3047 7.8053 3.8916 44.4408 41.102 8.029 0.0
2016-06-14 08:23:52.055000 209473.031 3.418 58.847 34.759 62.18 4.039 3.7206 3.5385 27.8128 26.8472 37.2959 7.8034 3.8906 44.4694 41.091 8.029 31.831562429
2016-06-14 08:25:32.155000 209573.131 3.55 58.847 34.955 62.179 4.036 3.7212 3.5393 27.8136 26.849 37.2789 7.8013 3.8924 44.4529 41.0498 8.029 0.0
2016-06-14 08:27:12.286000 209673.262 3.514 58.845 35.215 62.178 4.04 3.7215 3.5392 27.8126 26.849 37.2822 7.7995 3.8916 44.4474 41.1069 8.03 0.0
2016-06-14 08:28:52.226000 209773.202 3.461 58.847 35.406 62.18 4.025 3.7213 3.5393 27.8132 26.8493 37.2734 7.7977 3.8925 44.4364 41.0569 8.03 31.6750189545
2016-06-14 08:30:34.116000 209875.092 3.486 58.849 35.32 62.18 4.039 3.7211 3.5392 27.8132 26.8484 37.2663 7.7956 3.8924 44.4595 41.0602 8.029 0.0
2016-06-14 08:32:14.236000 209975.212 3.389 58.85 35.464 62.18 4.038 3.7196 3.5371 27.8138 26.8484 37.2606 7.7937 3.8895 44.3771 41.064 8.029 0.0
2016-06-14 08:33:54.277000 210075.253 3.328 58.85 35.398 62.183 4.037 3.7187 3.5365 27.8128 26.8484 37.2513 7.7915 3.8897 44.354 41.0481 8.028 26.1498334253
2016-06-14 08:35:34.308000 210175.284 3.427 58.851 35.184 62.182 4.038 3.7194 3.5369 27.8132 26.8487 37.2434 7.7894 3.8896 44.4177 41.0602 8.028 33.1379131587
2016-06-14 08:37:14.528000 210275.504 3.343 58.849 35.421 62.182 4.039 3.7205 3.5388 27.8138 26.849 37.2345 7.7875 3.8918 44.365 41.0289 8.029 0.0
2016-06-14 08:38:56.449000 210377.425 3.388 58.849 35.47 62.182 4.034 3.7203 3.5385 27.8142 26.8493 37.2294 7.7858 3.8914 44.3727 41.0399 8.029 31.9881059035
2016-06-14 08:40:36.680000 210477.656 3.329 58.85 35.39 62.182 4.038 3.72 3.5377 27.8128 26.8472 37.2209 7.7838 3.8906 44.3419 40.9998 8.029 0.0
2016-06-14 08:42:16.980000 210577.956 3.427 58.849 35.435 62.18 4.039 3.7203 3.5382 27.8136 26.849 37.2141 7.782 3.8908 44.3606 41.0075 8.029 28.9996603336
2016-06-14 08:43:59.972000 210680.948 3.337 58.847 35.105 62.18 4.04 3.7212 3.5387 27.8142 26.8493 37.2078 7.7801 3.8918 44.3672 40.9893 8.03 31.0488450565
2016-06-14 08:45:40.052000 210781.028 3.369 58.847 34.837 62.178 4.04 3.7212 3.5394 27.8138 26.8481 37.1981 7.7784 3.8926 44.4078 40.9882 8.03 35.0581837494
2016-06-14 08:47:22.253000 210883.229 3.369 58.847 34.957 62.177 3.879 3.7231 3.5417 27.8142 26.849 37.1918 7.7767 3.8942 44.3705 40.9701 8.031 30.5978005857
2016-06-14 08:49:02.423000 210983.399 3.326 58.845 35.349 62.178 4.04 3.7216 3.5395 27.8132 26.8481 37.1841 7.7751 3.8927 44.3661 40.9421 8.03 0.0
2016-06-14 08:50:42.564000 211083.54 3.332 58.844 35.108 62.176 3.677 3.7207 3.5388 27.8136 26.849 37.1793 7.773 3.8909 44.3298 40.9652 8.03 0.0
2016-06-14 08:52:22.757000 211183.733 3.339 58.845 35.407 62.177 4.039 3.721 3.5389 27.8138 26.8472 37.1695 7.7709 3.8924 44.3078 40.9388 8.029 0.0
2016-06-14 08:54:03.098000 211284.074 3.326 58.845 35.225 62.179 3.745 3.7208 3.5385 27.8136 26.8481 37.1612 7.7689 3.8911 44.3188 40.9091 8.029 32.9687191038
2016-06-14 08:55:45.430000 211386.406 3.498 58.846 35.223 62.176 4.04 3.7211 3.5387 27.815 26.8484 37.1533 7.7669 3.8914 44.3133 40.9685 8.029 0.0
2016-06-14 08:57:25.811000 211486.787 3.55 58.843 34.935 62.176 4.04 3.7208 3.5392 27.8117 26.8484 37.1351 7.7651 3.8914 44.287 40.8905 8.029 0.0
2016-06-14 08:59:06.181000 211587.157 3.384 58.843 34.776 62.175 4.039 3.7209 3.5389 27.8115 26.8481 37.1378 7.763 3.892 44.2178 40.919 8.029 39.1770937969
2016-06-14 09:00:46.421000 211687.397 3.483 58.842 34.8 62.172 4.031 3.7206 3.5383 27.8126 26.8476 37.1316 7.7612 3.8909 44.2496 40.9256 8.029 0.0
2016-06-14 09:02:26.671000 211787.647 3.36 58.842 34.875 62.173 3.997 3.7204 3.5385 27.8132 26.8472 37.1231 7.7593 3.8917 44.232 40.8932 8.029 29.8565066546
2016-06-14 09:04:08.912000 211889.888 3.336 58.84 35.065 62.173 4.039 3.7204 3.5386 27.8138 26.8478 37.1153 7.7573 3.8917 44.2804 40.8789 8.029 0.0
2016-06-14 09:05:48.972000 211989.948 3.331 58.839 34.785 62.169 4.04 3.7216 3.5394 27.8138 26.8463 37.1091 7.7555 3.8922 44.2771 40.8833 8.029 32.3146233893
2016-06-14 09:07:29.322000 212090.298 3.333 58.84 35.119 62.17 3.957 3.7203 3.5386 27.8128 26.8468 37.1008 7.7537 3.8913 44.2969 40.869 8.029 0.0
2016-06-14 09:09:09.833000 212190.809 3.339 58.84 35.438 62.167 4.039 3.7205 3.5386 27.8136 26.8472 37.0946 7.7517 3.8917 44.243 40.9009 8.029 0.0
2016-06-14 09:10:49.914000 212290.89 3.324 58.839 35.283 62.17 4.038 3.7195 3.537 27.8142 26.8463 37.0863 7.7495 3.8894 44.2485 40.8416 8.028 0.0
2016-06-14 09:12:31.995000 212392.971 3.497 58.837 35.234 62.17 4.038 3.7194 3.5368 27.8128 26.8468 37.0785 7.7476 3.8893 44.2309 40.8267 8.028 31.205388531
2016-06-14 09:14:12.495000 212493.471 3.55 58.837 34.954 62.168 4.037 3.7186 3.5366 27.8122 26.849 37.0727 7.7455 3.8895 44.1804 40.8295 8.028 0.0
2016-06-14 09:15:52.816000 212593.792 3.503 58.838 35.204 62.168 4.037 3.7184 3.5359 27.8132 26.8472 37.0634 7.7434 3.8892 44.2276 40.8504 8.027 0.0
2016-06-14 09:17:33.026000 212694.002 3.523 58.838 34.897 62.168 4.036 3.7169 3.5345 27.8128 26.8481 37.0578 7.7413 3.8864 44.1804 40.8273 8.027 0.0
2016-06-14 09:19:15.186000 212796.162 3.471 58.837 34.779 62.169 4.035 3.7164 3.5337 27.8126 26.8463 37.0487 7.7391 3.8858 44.1178 40.7855 8.026 0.0
2016-06-14 09:20:55.737000 212896.713 3.354 58.838 34.885 62.169 4.033 3.7156 3.5332 27.8117 26.8459 37.0406 7.7369 3.8861 44.2222 40.8136 8.025 0.0
2016-06-14 09:22:36.362000 212997.338 3.463 58.84 35.26 62.168 4.034 3.7156 3.533 27.8111 26.8463 37.0347 7.7347 3.8857 44.1507 40.8103 8.025 34.3454438692
2016-06-14 09:24:16.643000 213097.619 3.37 58.84 35.473 62.17 4.032 3.7143 3.532 27.8115 26.8459 37.0269 7.7327 3.8844 44.1463 40.7487 8.025 0.0
2016-06-14 09:25:57.223000 213198.199 3.489 58.843 35.292 62.173 3.952 3.714 3.5315 27.8126 26.8463 37.019 7.7304 3.8845 44.1496 40.7636 8.024 34.7006893192
2016-06-14 09:27:39.584000 213300.56 3.396 58.842 34.777 62.172 4.032 3.7138 3.5315 27.8126 26.8463 37.0109 7.7281 3.8843 44.131 40.8015 8.024 0.0
2016-06-14 09:29:20.204000 213401.18 3.334 58.843 35.038 62.173 4.025 3.7142 3.5315 27.8111 26.8463 37.0032 7.726 3.8843 44.1222 40.7855 8.025 29.7136961235
2016-06-14 09:31:00.824000 213501.8 3.485 58.842 35.312 62.172 3.984 3.7143 3.5316 27.8115 26.8459 36.9953 7.7242 3.8839 44.1672 40.7564 8.025 0.0
2016-06-14 09:32:41.125000 213602.101 3.394 58.842 35.471 62.172 4.033 3.7145 3.5321 27.8138 26.8466 36.9896 7.7223 3.8849 44.1299 40.7306 8.025 0.0
2016-06-14 09:34:21.776000 213702.752 3.412 58.844 35.263 62.173 4.03 3.7139 3.5308 27.8115 26.8457 36.9818 7.7204 3.8839 44.1277 40.7817 8.025 34.7006893192
2016-06-14 09:36:04.247000 213805.223 3.318 58.846 34.814 62.174 4.031 3.7132 3.5303 27.8136 26.8457 36.9739 7.7182 3.8833 44.0991 40.7416 8.024 30.7474295859
2016-06-14 09:37:44.897000 213905.873 3.424 58.849 35.455 62.177 4.03 3.7125 3.5292 27.8111 26.8468 36.9666 7.7161 3.8815 44.0694 40.7542 8.024 0.0
2016-06-14 09:39:25.638000 214006.614 3.502 58.851 35.242 62.177 3.846 3.712 3.5293 27.8126 26.8457 36.9594 7.714 3.8817 44.0826 40.6954 8.024 29.8565066546
2016-06-14 09:41:06.028000 214107.004 3.534 58.85 34.965 62.178 4.029 3.711 3.5281 27.8108 26.8439 36.9505 7.7119 3.8808 44.0914 40.735 8.023 0.0
2016-06-14 09:42:48.638000 214209.614 3.34 58.851 34.975 62.178 4.03 3.712 3.5296 27.8108 26.8454 36.9447 7.7097 3.8825 44.0969 40.6949 8.024 37.9346027573
2016-06-14 09:44:29.379000 214310.355 3.488 58.849 35.3 62.176 4.031 3.7127 3.5299 27.8108 26.8449 36.9337 7.7077 3.8826 44.0584 40.7004 8.024 0.0
2016-06-14 09:46:10.141000 214411.117 3.541 58.849 35.032 62.179 4.03 3.7118 3.5287 27.8111 26.8459 36.9281 7.706 3.8808 44.1101 40.6894 8.024 32.9687191038
2016-06-14 09:47:50.932000 214511.908 3.316 58.852 35.285 62.18 4.029 3.7113 3.5287 27.8101 26.8454 36.9199 7.704 3.8813 44.0672 40.6592 8.024 0.0
2016-06-14 09:49:31.442000 214612.418 3.364 58.854 35.48 62.182 3.906 3.7109 3.5277 27.8122 26.8454 36.913 7.7019 3.8808 44.0079 40.6883 8.023 29.9993171857
2016-06-14 09:51:14.023000 214714.999 3.524 58.855 34.926 62.184 4.028 3.7105 3.5277 27.8128 26.8435 36.9058 7.6998 3.8804 44.053 40.657 8.023 0.0
2016-06-14 09:52:54.836000 214815.812 3.317 58.856 35.361 62.184 4.029 3.7113 3.5283 27.8136 26.8463 36.8985 7.6979 3.8817 44.0068 40.6597 8.024 28.7275506508
2016-06-14 09:54:35.666000 214916.642 3.543 58.852 35.471 62.18 4.03 3.7119 3.529 27.8126 26.8448 36.8906 7.6961 3.8814 44.0156 40.6158 8.024 0.0
2016-06-14 09:56:16.518000 215017.494 3.43 58.852 34.794 62.182 4.029 3.7119 3.5294 27.8122 26.8457 36.8839 7.6942 3.8817 44.0178 40.6306 8.024 0.0
2016-06-14 09:57:58.850000 215119.826 3.318 58.854 35.383 62.182 4.03 3.7118 3.5293 27.8128 26.8459 36.8746 7.6923 3.8813 43.9925 40.6043 8.024 33.4789837029
2016-06-14 09:59:39.711000 215220.687 3.54 58.855 34.978 62.182 4.001 3.7118 3.5294 27.8122 26.8466 36.87 7.6904 3.8821 44.0167 40.6218 8.024 0.0
2016-06-14 10:01:20.621000 215321.597 3.318 58.855 35.363 62.182 4.029 3.7116 3.5286 27.8122 26.8463 36.8615 7.6884 3.882 43.9859 40.5999 8.024 0.0
2016-06-14 10:03:01.532000 215422.508 3.539 58.856 35.498 62.184 3.921 3.7105 3.5272 27.8128 26.8459 36.8534 7.6865 3.8797 43.9673 40.6367 8.024 26.6410027027
2016-06-14 10:04:42.402000 215523.378 3.395 58.857 34.785 62.184 4.02 3.7098 3.5266 27.8115 26.8454 36.8464 7.6843 3.8788 43.9903 40.5971 8.023 0.0
2016-06-14 10:06:25.343000 215626.319 3.491 58.857 35.291 62.183 3.967 3.7096 3.5264 27.8122 26.8448 36.8377 7.6822 3.8786 43.9277 40.5993 8.023 29.1424539989
2016-06-14 10:08:06.294000 215727.27 3.333 58.857 35.033 62.185 4.028 3.7098 3.527 27.8115 26.8459 36.8298 7.6801 3.8788 43.9354 40.5724 8.023 0.0
2016-06-14 10:09:46.895000 215827.871 3.319 58.857 35.385 62.184 4.029 3.7106 3.5281 27.8122 26.8448 36.8215 7.6782 3.881 43.9519 40.5565 8.024 29.4280750612
2016-06-14 10:11:27.555000 215928.531 3.539 58.858 35.035 62.185 4.028 3.71 3.527 27.8122 26.8449 36.8137 7.6764 3.8795 43.9508 40.5092 8.023 37.5362578184
2016-06-14 10:13:10.505000 216031.481 3.355 58.858 35.491 62.186 4.028 3.7102 3.5275 27.8108 26.8439 36.8074 7.6744 3.8801 43.9563 40.5433 8.024 27.3980364806
2016-06-14 10:14:51.526000 216132.502 3.458 58.86 34.824 62.186 4.027 3.7094 3.5265 27.8115 26.8449 36.8002 7.6725 3.8793 43.9332 40.5312 8.023 0.0
2016-06-14 10:16:32.536000 216233.512 3.333 58.86 35.465 62.185 3.688 3.7091 3.5257 27.8117 26.8435 36.7924 7.6704 3.878 43.9343 40.4955 8.023 37.1379128795
2016-06-14 10:18:13.367000 216334.343 3.502 58.86 35.404 62.185 3.901 3.7087 3.5257 27.8122 26.8463 36.7861 7.6684 3.878 43.8991 40.4949 8.023 31.9881059035
2016-06-14 10:19:54.238000 216435.214 3.366 58.86 34.869 62.188 4.026 3.7083 3.5252 27.8111 26.8454 36.7774 7.6662 3.8781 43.8838 40.5274 8.022 0.0
2016-06-14 10:21:37.109000 216538.085 3.511 58.861 35.198 62.189 4.025 3.7069 3.5237 27.8111 26.8444 36.7689 7.6641 3.8756 43.8519 40.5389 8.022 30.7474295859
2016-06-14 10:23:17.981000 216638.957 3.324 58.865 35.156 62.192 4.024 3.7068 3.524 27.8126 26.8435 36.7617 7.6619 3.8765 43.8838 40.4949 8.021 0.0
2016-06-14 10:24:59.082000 216740.058 3.492 58.865 35.284 62.189 3.793 3.7062 3.5227 27.8111 26.8441 36.7534 7.6597 3.8757 43.8574 40.5241 8.021 27.6568053291
2016-06-14 10:26:40.183000 216841.159 3.331 58.867 35.015 62.191 4.024 3.7058 3.5222 27.8098 26.8444 36.7449 7.6576 3.875 43.8552 40.4318 8.021 0.0
2016-06-14 10:28:22.944000 216943.92 3.528 58.865 34.938 62.191 4.025 3.707 3.5243 27.8111 26.8439 36.7387 7.6556 3.877 43.8277 40.4598 8.022 28.1833312852
2016-06-14 10:30:04.144000 217045.12 3.313 58.863 35.38 62.19 3.911 3.7068 3.5236 27.8115 26.8457 36.7314 7.6537 3.8763 43.7948 40.4927 8.022 0.0
2016-06-14 10:31:45.055000 217146.031 3.532 58.867 35.039 62.193 4.024 3.7059 3.5224 27.8098 26.8448 36.7237 7.6518 3.8743 43.8574 40.429 8.022 31.9881059035
2016-06-14 10:33:26.196000 217247.172 3.427 58.866 35.247 62.194 4.023 3.7055 3.5225 27.8111 26.8432 36.718 7.6497 3.8741 43.8233 40.4444 8.021 0.0
2016-06-14 10:35:09.187000 217350.163 3.32 58.866 34.866 62.194 3.891 3.7064 3.523 27.8108 26.843 36.7092 7.6477 3.8752 43.8113 40.4653 8.022 37.7354302879
2016-06-14 10:36:50.157000 217451.133 3.317 58.869 35.441 62.195 4.023 3.705 3.5217 27.8098 26.8432 36.7008 7.6458 3.8732 43.8255 40.4587 8.021 27.6568053291
2016-06-14 10:38:31.568000 217552.544 3.335 58.871 34.99 62.195 3.734 3.706 3.5233 27.8101 26.8448 36.6929 7.6437 3.8751 43.8299 40.4092 8.022 0.0
2016-06-14 10:40:12.638000 217653.614 3.473 58.869 35.366 62.197 4.024 3.7062 3.5234 27.8111 26.8444 36.6862 7.6419 3.876 43.7354 40.4417 8.022 36.9409673963
2016-06-14 10:41:55.719000 217756.695 3.458 58.87 35.418 62.198 4.011 3.7057 3.5222 27.8101 26.8444 36.6774 7.64 3.8744 43.7849 40.3856 8.022 37.7354302879
2016-06-14 10:43:36.921000 217857.897 3.354 58.874 34.887 62.202 3.763 3.7046 3.5214 27.8098 26.8448 36.6696 7.638 3.8738 43.8156 40.4175 8.021 32.4781473179
2016-06-14 10:45:18.152000 217959.128 3.526 58.876 35.463 62.2 4.023 3.7052 3.5223 27.8098 26.8439 36.6611 7.636 3.875 43.8113 40.4395 8.022 30.8970585861
2016-06-14 10:46:59.252000 218060.228 3.314 58.872 35.373 62.199 3.594 3.7063 3.5231 27.8111 26.8457 36.6539 7.6341 3.8761 43.7827 40.3911 8.022 38.3451490394
2016-06-14 10:48:42.383000 218163.359 3.389 58.873 34.798 62.2 4.025 3.7066 3.5239 27.8128 26.8449 36.6483 7.6323 3.8758 43.7827 40.384 8.022 35.2429481863
2016-06-14 10:50:23.674000 218264.65 3.538 58.872 35.039 62.2 4.025 3.7069 3.5241 27.8115 26.8459 36.6395 7.6306 3.8768 43.7508 40.3675 8.023 30.5978005857
2016-06-14 10:52:05.044000 218366.02 3.452 58.871 35.308 62.199 4.025 3.7067 3.5238 27.8111 26.8457 36.6326 7.6289 3.8765 43.7387 40.3483 8.023 0.0
2016-06-14 10:53:46.396000 218467.372 3.372 58.875 34.807 62.202 3.677 3.7066 3.5233 27.8115 26.8457 36.6238 7.6269 3.876 43.7376 40.3109 8.023 27.9155741777
2016-06-14 10:55:27.779000 218568.755 3.539 58.875 34.984 62.201 4.025 3.7069 3.5236 27.8108 26.8441 36.6171 7.625 3.876 43.6948 40.3225 8.023 31.831562429
2016-06-14 10:57:10.920000 218671.896 3.402 58.874 35.497 62.201 4.025 3.7072 3.5243 27.8108 26.8444 36.6093 7.6232 3.8771 43.7168 40.3433 8.023 28.8636054922
2016-06-14 10:58:52.150000 218773.126 3.315 58.875 35.289 62.202 4.026 3.7079 3.525 27.8122 26.8457 36.6008 7.6213 3.878 43.6783 40.323 8.023 0.0
2016-06-14 11:00:33.361000 218874.337 3.531 58.875 35.118 62.203 3.523 3.7077 3.5246 27.8108 26.8457 36.5914 7.6197 3.8767 43.7124 40.3005 8.024 32.1510994607
2016-06-14 11:02:14.793000 218975.769 3.411 58.877 35.486 62.202 3.693 3.7068 3.5232 27.8105 26.8449 36.587 7.6176 3.8753 43.7234 40.2802 8.023 0.0
2016-06-14 11:03:57.983000 219078.959 3.36 58.879 35.506 62.205 4.023 3.7053 3.522 27.8108 26.8449 36.5777 7.6155 3.8746 43.6662 40.301 8.022 0.0
2016-06-14 11:05:39.453000 219180.429 3.315 58.879 34.828 62.207 4.022 3.7048 3.5213 27.8115 26.8448 36.5714 7.6133 3.8743 43.675 40.2477 8.022 28.7275506508
2016-06-14 11:07:20.966000 219281.942 3.376 58.88 34.819 62.209 4.022 3.7045 3.5209 27.8098 26.8457 36.5624 7.6112 3.8736 43.6695 40.2999 8.022 0.0
2016-06-14 11:09:02.477000 219383.453 3.533 58.881 35.027 62.207 4.022 3.7039 3.5202 27.8108 26.8457 36.5552 7.6091 3.8725 43.6355 40.2758 8.022 31.205388531
2016-06-14 11:10:45.767000 219486.743 3.362 58.881 35.496 62.208 4.022 3.7041 3.5211 27.8095 26.8441 36.5458 7.6069 3.8738 43.6465 40.2714 8.022 0.0
2016-06-14 11:12:27.258000 219588.234 3.312 58.883 35.273 62.209 4.022 3.7042 3.5209 27.8111 26.8449 36.54 7.6049 3.8737 43.6454 40.239 8.022 28.3193861266
2016-06-14 11:14:08.739000 219689.715 3.375 58.882 34.812 62.209 4.001 3.7047 3.5215 27.8101 26.8463 36.5327 7.603 3.8741 43.5706 40.2203 8.022 0.0
2016-06-14 11:15:50.119000 219791.095 3.536 58.884 35.051 62.211 4.014 3.7048 3.5216 27.8095 26.8439 36.5233 7.6013 3.8738 43.5926 40.2175 8.022 29.5708855923
2016-06-14 11:17:33.451000 219894.427 3.535 58.885 35.069 62.21 3.937 3.7053 3.5224 27.8122 26.8454 36.5167 7.5994 3.875 43.6487 40.1967 8.023 0.0
2016-06-14 11:19:15.033000 219996.009 3.431 58.887 35.484 62.214 3.912 3.704 3.5208 27.8108 26.8448 36.5079 7.5974 3.8733 43.6047 40.1796 8.022 37.337085349
2016-06-14 11:20:56.593000 220097.569 3.309 58.89 35.387 62.216 4.021 3.7033 3.52 27.8101 26.8448 36.5026 7.5954 3.8726 43.6454 40.2203 8.022 36.9409673963
2016-06-14 11:22:38.177000 220199.153 3.352 58.89 34.882 62.217 4.021 3.7037 3.5204 27.8117 26.8448 36.4927 7.5933 3.873 43.5695 40.2318 8.022 36.7490354971
2016-06-14 11:24:21.749000 220302.725 3.314 58.89 34.843 62.218 4.022 3.7034 3.5202 27.8111 26.8463 36.4871 7.5914 3.8722 43.5805 40.1835 8.022 28.7275506508
2016-06-14 11:26:03.350000 220404.326 3.338 58.892 34.974 62.217 4.021 3.703 3.5198 27.8111 26.8454 36.4781 7.5895 3.8719 43.6344 40.1956 8.022 0.0
2016-06-14 11:27:44.800000 220505.776 3.483 58.892 34.897 62.218 4.02 3.7025 3.5192 27.8108 26.8459 36.472 7.5875 3.8716 43.5652 40.1807 8.022 29.1424539989
2016-06-14 11:29:26.271000 220607.247 3.491 58.893 35.25 62.221 4.02 3.7023 3.5191 27.8105 26.8449 36.463 7.5854 3.8716 43.5487 40.1593 8.022 0.0
2016-06-14 11:31:09.882000 220710.858 3.487 58.895 35.255 62.222 4.019 3.7013 3.5175 27.8115 26.8448 36.4557 7.5833 3.8694 43.5465 40.1318 8.021 34.8783120441
2016-06-14 11:32:51.423000 220812.399 3.347 58.897 35.509 62.223 3.912 3.7016 3.518 27.8105 26.843 36.447 7.5813 3.8699 43.5025 40.1434 8.022 32.8051951752
2016-06-14 11:34:32.874000 220913.85 3.314 58.898 35.194 62.224 4.019 3.7015 3.5181 27.8111 26.8449 36.4401 7.5794 3.8699 43.5135 40.1516 8.022 35.4277126231
2016-06-14 11:36:14.844000 221015.82 3.315 58.899 35.196 62.226 4.02 3.702 3.5187 27.8101 26.8454 36.432 7.5775 3.8708 43.5388 40.1835 8.022 0.0
2016-06-14 11:37:58.125000 221119.101 3.53 58.898 35.002 62.224 4.02 3.7024 3.5189 27.8111 26.8448 36.4235 7.5758 3.8713 43.4773 40.1 8.022 0.0
2016-06-14 11:39:39.806000 221220.782 3.476 58.9 34.881 62.227 4.02 3.7021 3.5186 27.8098 26.8448 36.4178 7.5741 3.871 43.5025 40.1318 8.022 27.9155741777
2016-06-14 11:41:21.586000 221322.562 3.494 58.902 35.275 62.227 3.976 3.702 3.5181 27.8101 26.8439 36.4074 7.5721 3.871 43.4948 40.0753 8.022 0.0
2016-06-14 11:43:03.368000 221424.344 3.523 58.9 35.1 62.229 4.019 3.7014 3.5174 27.8108 26.8441 36.4023 7.5701 3.8699 43.5036 40.0698 8.022 36.5571035979
2016-06-14 11:44:46.760000 221527.736 3.522 58.903 35.139 62.23 4.02 3.7017 3.5186 27.8105 26.8457 36.3939 7.5682 3.8713 43.4981 40.1197 8.022 0.0
2016-06-14 11:46:28.540000 221629.516 3.436 58.901 35.469 62.23 4.02 3.7021 3.5191 27.8108 26.8444 36.3861 7.5663 3.8716 43.4937 40.0994 8.023 0.0
2016-06-14 11:48:10.310000 221731.286 3.462 58.905 35.423 62.233 4.02 3.7015 3.5183 27.8095 26.8441 36.3794 7.5643 3.8708 43.4113 40.0654 8.022 29.4280750612
2016-06-14 11:49:52.142000 221833.118 3.504 58.905 35.227 62.233 3.63 3.7019 3.5188 27.8101 26.8444 36.3717 7.5624 3.8715 43.4597 40.0698 8.023 0.0
2016-06-14 11:51:35.562000 221936.538 3.481 58.904 35.427 62.232 4.01 3.7011 3.5174 27.8098 26.8449 36.3622 7.5606 3.8693 43.4432 40.05 8.023 28.3193861266
2016-06-14 11:53:17.333000 222038.309 3.338 58.907 35.509 62.232 4.02 3.7014 3.518 27.8095 26.8448 36.3548 7.5587 3.87 43.4004 40.0544 8.023 0.0
2016-06-14 11:54:59.217000 222140.193 3.397 58.904 35.489 62.234 4.02 3.702 3.5187 27.8122 26.8435 36.3486 7.557 3.8704 43.4399 40.0654 8.023 23.4732444737
2016-06-14 11:56:40.897000 222241.873 3.31 58.906 35.347 62.234 4.02 3.7015 3.5181 27.8108 26.8448 36.3398 7.5551 3.8697 43.4443 40.0434 8.023 0.0
2016-06-14 11:58:24.408000 222345.384 3.31 58.905 35.31 62.233 4.02 3.7021 3.5185 27.8108 26.8441 36.3314 7.5532 3.8711 43.3938 40.0022 8.023 28.0472764438
2016-06-14 12:00:06.318000 222447.294 3.317 58.909 35.45 62.236 3.591 3.7012 3.5177 27.8111 26.8441 36.3219 7.5513 3.8703 43.4267 40.0071 8.023 0.0
2016-06-14 12:01:48.049000 222549.025 3.35 58.908 35.502 62.235 4.02 3.7019 3.5182 27.8108 26.8441 36.316 7.5493 3.8708 43.419 39.9758 8.023 0.0
2016-06-14 12:03:29.920000 222650.896 3.432 58.907 35.474 62.234 4.02 3.702 3.5184 27.8105 26.8435 36.3082 7.5477 3.8711 43.3905 39.9846 8.023 27.2686520563
2016-06-14 12:05:13.621000 222754.597 3.427 58.908 35.49 62.234 4.02 3.7016 3.518 27.8108 26.8444 36.3029 7.5457 3.8701 43.3839 39.9736 8.023 0.0
2016-06-14 12:06:55.341000 222856.317 3.457 58.908 35.377 62.234 4.019 3.7013 3.5181 27.8101 26.8441 36.2919 7.544 3.8697 43.3982 39.9692 8.023 35.0581837494
2016-06-14 12:08:37.333000 222958.309 3.489 58.909 35.454 62.236 3.998 3.7016 3.5184 27.8098 26.8449 36.2851 7.542 3.8699 43.3795 40.0022 8.023 0.0
2016-06-14 12:10:21.113000 223062.089 3.467 58.91 35.349 62.238 4.02 3.7016 3.5181 27.8111 26.8441 36.2768 7.54 3.8708 43.341 39.9637 8.023 28.3193861266
2016-06-14 12:12:03.084000 223164.06 3.497 58.91 35.246 62.236 4.019 3.7008 3.5171 27.8101 26.8435 36.2706 7.5382 3.8695 43.3432 39.9571 8.023 0.0
2016-06-14 12:13:44.925000 223265.901 3.525 58.91 35.125 62.241 4.019 3.7009 3.5173 27.8115 26.8441 36.2598 7.5362 3.8699 43.3169 39.9571 8.023 33.4789837029
2016-06-14 12:15:26.935000 223367.911 3.511 58.914 34.951 62.239 4.019 3.7008 3.5172 27.8105 26.8454 36.2545 7.5341 3.8699 43.33 39.9472 8.023 0.0
2016-06-14 12:17:10.787000 223471.763 3.333 58.912 35.048 62.24 4.018 3.7 3.5163 27.8101 26.8449 36.2466 7.5322 3.8682 43.3169 39.9406 8.022 33.8200542471
2016-06-14 12:18:52.818000 223573.794 3.313 58.914 35.219 62.24 4.018 3.6999 3.5162 27.8105 26.8441 36.2388 7.5303 3.8679 43.3322 39.8746 8.023 0.0
2016-06-14 12:20:34.830000 223675.806 3.312 58.913 35.226 62.241 4.019 3.7002 3.5164 27.8098 26.8448 36.2327 7.5284 3.8682 43.2685 39.8735 8.023 31.51847548
2016-06-14 12:22:16.950000 223777.926 3.307 58.913 35.385 62.242 4.017 3.6995 3.5154 27.8111 26.8444 36.2222 7.5265 3.8679 43.33 39.8944 8.022 31.6750189545
2016-06-14 12:24:00.731000 223881.707 3.436 58.917 35.273 62.245 3.891 3.699 3.5156 27.809 26.8441 36.2145 7.5243 3.8679 43.2784 39.9065 8.022 0.0
2016-06-14 12:25:42.805000 223983.781 3.472 58.916 35.371 62.246 3.945 3.6993 3.5162 27.8108 26.8454 36.2092 7.5225 3.8679 43.2564 39.8405 8.023 0.0
2016-06-14 12:27:24.895000 224085.871 3.505 58.917 35.221 62.244 3.537 3.7001 3.5168 27.8115 26.8454 36.1988 7.5206 3.8689 43.2707 39.8977 8.023 28.1833312852
2016-06-14 12:29:06.837000 224187.813 3.525 58.918 35.137 62.246 3.94 3.7003 3.5172 27.8095 26.8448 36.1919 7.5188 3.8688 43.2685 39.9219 8.023 0.0
2016-06-14 12:30:50.748000 224291.724 3.357 58.921 34.877 62.25 4.018 3.6996 3.516 27.8105 26.8439 36.1848 7.5169 3.8685 43.274 39.8328 8.023 31.6750189545
2016-06-14 12:32:32.899000 224393.875 3.332 58.924 35.013 62.252 3.493 3.6989 3.515 27.8098 26.8439 36.1753 7.515 3.8677 43.229 39.8449 8.023 0.0
2016-06-14 12:34:14.899000 224495.875 3.316 58.927 35.206 62.253 4.016 3.6986 3.5151 27.8115 26.8441 36.1688 7.5129 3.8677 43.2356 39.8427 8.023 27.6568053291
2016-06-14 12:35:57.109000 224598.085 3.447 58.926 35.307 62.256 4.017 3.699 3.5154 27.809 26.8449 36.1619 7.5109 3.8681 43.2026 39.8493 8.023 0.0
2016-06-14 12:37:41.141000 224702.117 3.519 58.928 34.997 62.255 3.804 3.6978 3.5137 27.8101 26.8449 36.1535 7.509 3.8657 43.229 39.8108 8.023 25.2114746914
2016-06-14 12:39:23.151000 224804.127 3.518 58.93 35.473 62.258 4.017 3.6986 3.5145 27.8111 26.8449 36.1448 7.507 3.867 43.2158 39.8416 8.023 0.0
2016-06-14 12:41:05.133000 224906.109 3.449 58.931 35.391 62.259 3.954 3.6983 3.5145 27.8111 26.8444 36.1379 7.5051 3.8669 43.2235 39.7514 8.023 29.8565066546
2016-06-14 12:42:49.254000 225010.23 3.316 58.935 35.166 62.262 3.81 3.6971 3.5134 27.8108 26.8454 36.1314 7.5032 3.8655 43.1982 39.769 8.023 0.0
2016-06-14 12:44:31.316000 225112.292 3.306 58.936 35.304 62.265 4.015 3.6968 3.5131 27.8111 26.8448 36.1213 7.5011 3.8649 43.1927 39.7888 8.023 36.5571035979
2016-06-14 12:46:13.346000 225214.322 3.308 58.937 35.447 62.266 4.014 3.6965 3.5125 27.8098 26.8459 36.1148 7.4992 3.8644 43.1927 39.7888 8.023 0.0
2016-06-14 12:47:55.626000 225316.602 3.496 58.94 35.227 62.27 4.015 3.6971 3.5132 27.8111 26.8441 36.1047 7.4973 3.865 43.2147 39.7822 8.023 39.3908796411
2016-06-14 12:49:39.958000 225420.934 3.384 58.945 34.848 62.274 3.877 3.6964 3.5128 27.8098 26.8457 36.0979 7.4954 3.8649 43.1477 39.7998 8.023 0.0
2016-06-14 12:51:22.279000 225523.255 3.312 58.947 35.466 62.275 4.015 3.6967 3.5131 27.8115 26.8444 36.0937 7.4934 3.8649 43.1499 39.7635 8.023 33.9905895192
2016-06-14 12:53:04.440000 225625.416 3.339 58.948 35.531 62.279 4.015 3.6969 3.5131 27.8101 26.8457 36.0834 7.4916 3.865 43.1641 39.725 8.024 36.3651716986
2016-06-14 12:54:46.812000 225727.788 3.523 58.95 35.119 62.278 4.014 3.6955 3.5112 27.8095 26.8448 36.0776 7.4894 3.8629 43.1081 39.7019 8.023 28.7275506508
2016-06-14 12:56:31.243000 225832.219 3.306 58.953 35.469 62.283 4.014 3.696 3.5123 27.8108 26.8459 36.0666 7.4875 3.8644 43.1257 39.6997 8.024 0.0
2016-06-14 12:58:13.563000 225934.539 3.497 58.955 35.263 62.286 4.014 3.6956 3.512 27.8101 26.8457 36.0601 7.4857 3.8634 43.1004 39.7063 8.024 0.0
2016-06-14 12:59:55.934000 226036.91 3.518 58.959 35.152 62.29 3.632 3.6954 3.5115 27.8111 26.8448 36.0538 7.4837 3.8633 43.0993 39.692 8.024 27.5274209049
2016-06-14 13:01:40.166000 226141.142 3.307 58.958 35.29 62.29 3.628 3.6959 3.5122 27.8095 26.8459 36.0469 7.4818 3.8646 43.0587 39.6722 8.024 39.8184513294
2016-06-14 13:03:22.476000 226243.452 3.455 58.961 35.389 62.294 4.013 3.6952 3.5115 27.8105 26.8444 36.0372 7.4798 3.8636 43.0708 39.6821 8.024 27.5274209049
2016-06-14 13:05:04.637000 226345.613 3.486 58.966 35.312 62.298 4.013 3.6949 3.511 27.8101 26.8439 36.0293 7.4779 3.8628 43.062 39.681 8.024 0.0
2016-06-14 13:06:47.039000 226448.015 3.352 58.972 34.946 62.302 4.012 3.6943 3.5102 27.8111 26.8466 36.02 7.476 3.862 43.0916 39.7041 8.024 0.0
2016-06-14 13:08:31.391000 226552.367 3.304 58.974 35.421 62.306 4.013 3.6947 3.511 27.8101 26.8457 36.0142 7.4739 3.8634 43.0719 39.6722 8.025 35.7972414969
2016-06-14 13:10:13.942000 226654.918 3.453 58.978 35.414 62.309 4.011 3.6933 3.5095 27.8105 26.8466 36.0063 7.4719 3.8613 43.0642 39.6524 8.024 0.0
2016-06-14 13:11:56.192000 226757.168 3.374 58.98 34.864 62.313 4.011 3.6933 3.5093 27.8115 26.8457 35.9982 7.47 3.8607 43.0872 39.6843 8.025 36.1732397994
2016-06-14 13:13:40.499000 226861.475 3.434 58.984 35.503 62.319 3.839 3.6929 3.5091 27.8108 26.8444 35.9906 7.4678 3.8615 43.0125 39.6579 8.025 33.8200542471
2016-06-14 13:15:22.789000 226963.765 3.458 58.988 35.443 62.322 4.006 3.6923 3.5084 27.8126 26.8463 35.9839 7.4658 3.8604 43.0246 39.6447 8.025 0.0
2016-06-14 13:17:05.521000 227066.497 3.307 58.994 34.92 62.325 3.988 3.6916 3.5073 27.8111 26.8454 35.9754 7.4637 3.859 43.0257 39.6172 8.025 36.3651716986
2016-06-14 13:18:47.601000 227168.577 3.299 58.998 35.396 62.33 4.008 3.6914 3.507 27.809 26.8454 35.9681 7.4616 3.8587 43.0301 39.6216 8.025 33.649518975
2016-06-14 13:20:32.073000 227273.049 3.484 59.0 34.971 62.334 4.009 3.6912 3.5075 27.8095 26.8459 35.9587 7.4596 3.8596 42.9993 39.5886 8.025 31.6750189545
2016-06-14 13:22:14.633000 227375.609 3.301 59.004 35.324 62.337 4.01 3.6916 3.5076 27.8115 26.8472 35.9508 7.4578 3.8593 42.9938 39.5886 8.026 0.0
2016-06-14 13:23:57.255000 227478.231 3.454 59.006 35.454 62.338 4.01 3.692 3.5077 27.8111 26.8454 35.942 7.4558 3.8594 42.9982 39.5919 8.026 28.455440968
2016-06-14 13:25:41.677000 227582.653 3.31 59.011 35.196 62.344 3.996 3.6919 3.508 27.8115 26.8454 35.9368 7.454 3.8602 42.9741 39.5446 8.027 0.0
2016-06-14 13:27:24.127000 227685.103 3.437 59.013 35.518 62.348 4.01 3.6917 3.5076 27.8108 26.8466 35.9267 7.4522 3.8593 43.0125 39.6139 8.027 33.1379131587
2016-06-14 13:29:06.779000 227787.755 3.417 59.017 34.884 62.35 4.004 3.6922 3.508 27.8095 26.8476 35.9189 7.4503 3.8598 42.9554 39.5479 8.027 0.0
2016-06-14 13:30:49.240000 227890.216 3.302 59.018 35.425 62.353 3.648 3.6926 3.5086 27.8101 26.8468 35.9128 7.4485 3.8609 42.9158 39.5677 8.028 27.2686520563
2016-06-14 13:32:33.762000 227994.738 3.502 59.021 35.011 62.356 4.011 3.6922 3.5082 27.8108 26.8476 35.9037 7.4467 3.8599 42.9499 39.5721 8.028 0.0
2016-06-14 13:34:16.442000 228097.418 3.417 59.026 35.533 62.359 4.011 3.6929 3.5088 27.8111 26.8468 35.8949 7.4439 3.8611 42.9213 39.5347 8.029 34.8783120441
2016-06-14 13:35:59.113000 228200.089 3.486 59.028 34.976 62.365 3.802 3.6932 3.5094 27.8115 26.8466 35.8892 7.4432 3.8618 42.8906 39.5413 8.029 31.205388531
2016-06-14 13:37:43.645000 228304.621 3.345 59.031 35.554 62.367 4.012 3.6934 3.5093 27.8115 26.8466 35.8797 7.4415 3.8617 42.8763 39.516 8.03 0.0
2016-06-14 13:39:26.165000 228407.141 3.52 59.034 35.079 62.37 4.012 3.6937 3.5097 27.8122 26.8468 35.874 7.4398 3.8621 42.9049 39.5281 8.03 23.4732444737
2016-06-14 13:41:08.886000 228509.862 3.383 59.036 35.568 62.374 4.012 3.6932 3.5096 27.8111 26.8468 35.8656 7.438 3.8619 42.9378 39.4962 8.03 36.1732397994
2016-06-14 13:42:51.427000 228612.403 3.513 59.041 34.983 62.378 4.012 3.693 3.5094 27.8108 26.8463 35.8567 7.436 3.8616 42.8928 39.5237 8.03 27.3980364806
2016-06-14 13:44:36.039000 228717.015 3.336 59.041 35.563 62.379 4.004 3.6935 3.5098 27.8111 26.8476 35.85 7.4342 3.8623 42.9049 39.5138 8.031 36.5571035979
2016-06-14 13:46:18.759000 228819.735 3.332 59.044 35.102 62.381 3.979 3.693 3.5093 27.8111 26.8468 35.8398 7.4315 3.8614 42.9224 39.472 8.031 32.8051951752
2016-06-14 13:48:01.600000 228922.576 3.368 59.05 35.57 62.386 4.01 3.6919 3.5077 27.8108 26.8476 35.8342 7.4304 3.8594 42.9082 39.4632 8.031 0.0
2016-06-14 13:49:46.281000 229027.257 3.306 59.05 35.479 62.391 4.012 3.6929 3.5092 27.8108 26.8454 35.8239 7.4284 3.8613 42.8192 39.4577 8.031 38.551620468
2016-06-14 13:51:28.883000 229129.859 3.501 59.054 35.271 62.392 3.57 3.6924 3.5083 27.8111 26.8476 35.8169 7.4266 3.86 42.8477 39.4413 8.032 0.0
2016-06-14 13:53:11.733000 229232.709 3.311 59.056 35.527 62.394 4.012 3.6934 3.5092 27.8117 26.8484 35.8091 7.4247 3.8613 42.8236 39.4347 8.032 34.3454438692
2016-06-14 13:54:54.408000 229335.384 3.519 59.06 35.178 62.396 4.007 3.6938 3.5101 27.8126 26.8476 35.8017 7.423 3.8627 42.884 39.4489 8.033 32.4781473179
2016-06-14 13:56:39.179000 229440.155 3.476 59.058 35.372 62.399 4.013 3.694 3.5099 27.8122 26.8457 35.7933 7.4214 3.8622 42.8104 39.4424 8.033 29.8565066546
2016-06-14 13:58:21.979000 229542.955 3.373 59.061 34.884 62.4 3.572 3.6948 3.511 27.8128 26.8466 35.7848 7.4195 3.8638 42.7939 39.4489 8.033 0.0
2016-06-14 14:00:04.830000 229645.806 3.486 59.064 35.34 62.406 4.01 3.6948 3.5112 27.8117 26.8466 35.7798 7.4179 3.8634 42.8313 39.4116 8.034 30.4481715855
2016-06-14 14:01:49.822000 229750.798 3.424 59.067 35.534 62.407 4.013 3.6944 3.5107 27.8122 26.8472 35.7693 7.4161 3.8634 42.8159 39.4401 8.034 32.9687191038
2016-06-14 14:03:32.723000 229853.699 3.311 59.068 35.277 62.408 4.014 3.6946 3.511 27.8115 26.8481 35.7616 7.4142 3.863 42.7917 39.3442 8.034 36.7490354971
2016-06-14 14:05:15.234000 229956.21 3.449 59.071 35.482 62.411 4.013 3.694 3.5098 27.8115 26.8472 35.7542 7.4124 3.8617 42.7708 39.3931 8.034 0.0
2016-06-14 14:06:58.165000 230059.141 3.305 59.072 35.322 62.414 3.98 3.6946 3.5104 27.8126 26.8478 35.7458 7.4107 3.8635 42.7488 39.3882 8.034 0.0
2016-06-14 14:08:43.218000 230164.194 3.328 59.075 35.055 62.418 4.012 3.6937 3.5093 27.8132 26.8478 35.7384 7.4086 3.8616 42.751 39.3563 8.034 34.3454438692
2016-06-14 14:10:25.809000 230266.785 3.362 59.079 35.57 62.419 4.012 3.6935 3.5091 27.8115 26.8478 35.7315 7.4067 3.8622 42.751 39.386 8.034 0.0
2016-06-14 14:12:08.760000 230369.736 3.329 59.08 35.045 62.424 3.922 3.694 3.5107 27.8128 26.8481 35.7255 7.4048 3.8632 42.7609 39.321 8.035 26.6410027027
2016-06-14 14:13:53.832000 230474.808 3.379 59.083 34.877 62.424 3.863 3.6937 3.5099 27.8126 26.8476 35.7147 7.4028 3.8625 42.739 39.3337 8.035 30.4481715855
2016-06-14 14:15:36.823000 230577.799 3.45 59.083 35.491 62.426 3.832 3.6938 3.5102 27.8115 26.8472 35.7082 7.4011 3.8622 42.6961 39.3469 8.035 0.0
2016-06-14 14:17:19.845000 230680.821 3.307 59.085 35.344 62.429 4.013 3.6942 3.5101 27.8122 26.8468 35.6965 7.3993 3.8623 42.6961 39.3309 8.036 0.0
2016-06-14 14:19:02.845000 230783.821 3.461 59.087 34.934 62.43 4.014 3.695 3.5111 27.8122 26.8478 35.693 7.3976 3.8639 42.7258 39.326 8.036 0.0
2016-06-14 14:20:47.757000 230888.733 3.521 59.089 35.172 62.434 4.013 3.6942 3.51 27.8122 26.8478 35.684 7.3958 3.8624 42.6939 39.2985 8.036 28.9996603336
2016-06-14 14:22:30.788000 230991.764 3.308 59.094 35.525 62.436 4.013 3.6942 3.5105 27.8117 26.8484 35.6767 7.394 3.8632 42.6862 39.2693 8.036 0.0
2016-06-14 14:24:13.919000 231094.895 3.354 59.098 34.925 62.439 3.745 3.6944 3.5105 27.8132 26.8481 35.6673 7.3922 3.8625 42.7082 39.26 8.037 24.1007671046
2016-06-14 14:25:58.951000 231199.927 3.458 59.099 34.9 62.44 4.014 3.6947 3.5111 27.8122 26.849 35.6609 7.3903 3.8634 42.7225 39.2765 8.037 0.0
2016-06-14 14:27:42.033000 231303.009 3.463 59.099 35.464 62.445 4.013 3.694 3.5098 27.8108 26.8487 35.653 7.3885 3.8619 42.684 39.2501 8.037 39.8184513294
2016-06-14 14:29:25.154000 231406.13 3.445 59.104 35.522 62.448 4.013 3.6941 3.5102 27.8117 26.8493 35.6451 7.3867 3.8625 42.6203 39.2743 8.037 28.0472764438
2016-06-14 14:31:10.215000 231511.191 3.342 59.106 35.572 62.451 3.941 3.6941 3.5099 27.8117 26.8484 35.6357 7.3847 3.8622 42.6599 39.2473 8.038 0.0
2016-06-14 14:32:53.367000 231614.343 3.337 59.108 35.017 62.452 4.013 3.6937 3.5101 27.8128 26.8466 35.6269 7.3829 3.8627 42.6236 39.2402 8.038 29.8565066546
2016-06-14 14:34:36.507000 231717.483 3.346 59.111 35.177 62.456 4.013 3.6935 3.5098 27.8126 26.8478 35.6205 7.3811 3.8618 42.5863 39.2105 8.038 0.0
2016-06-14 14:36:19.649000 231820.625 3.509 59.115 35.236 62.456 4.013 3.6941 3.51 27.8132 26.8484 35.6122 7.3792 3.8625 42.5775 39.2286 8.038 0.0
2016-06-14 14:38:04.553000 231925.529 3.444 59.116 35.499 62.459 4.013 3.6939 3.5099 27.8117 26.8476 35.6034 7.3775 3.8621 42.6126 39.1692 8.039 27.3980364806
2016-06-14 14:39:47.754000 232028.73 3.305 59.117 35.329 62.462 3.887 3.6942 3.5105 27.8117 26.8487 35.5987 7.3758 3.8632 42.5906 39.1857 8.039 0.0
2016-06-14 14:41:30.816000 232131.792 3.474 59.119 34.959 62.464 4.013 3.6939 3.5103 27.8128 26.8478 35.5902 7.374 3.8625 42.6214 39.2105 8.039 34.8783120441
2016-06-14 14:43:15.949000 232236.925 3.339 59.121 35.006 62.467 4.012 3.6935 3.5098 27.8111 26.8493 35.5814 7.3722 3.8623 42.5983 39.1956 8.039 28.9996603336
2016-06-14 14:44:59.199000 232340.175 3.517 59.124 35.198 62.471 4.013 3.6939 3.5099 27.8138 26.8493 35.575 7.3703 3.8618 42.5654 39.1615 8.039 32.8051951752
2016-06-14 14:46:42.011000 232442.987 3.332 59.128 35.585 62.473 4.012 3.6933 3.5089 27.8111 26.849 35.564 7.3683 3.8613 42.5379 39.1395 8.039 35.4277126231
2016-06-14 14:48:27.213000 232548.189 3.305 59.131 35.31 62.479 4.013 3.6937 3.5094 27.8117 26.8487 35.5568 7.3664 3.8618 42.5632 39.1158 8.04 31.0488450565
2016-06-14 14:50:10.513000 232651.489 3.309 59.134 35.247 62.48 4.013 3.6938 3.5103 27.8122 26.8487 35.5473 7.3647 3.8631 42.5379 39.1208 8.04 0.0
2016-06-14 14:51:53.695000 232754.671 3.483 59.133 34.981 62.483 4.013 3.6934 3.5096 27.8128 26.8502 35.5401 7.363 3.8617 42.5511 39.1318 8.04 29.7136961235
2016-06-14 14:53:38.857000 232859.833 3.358 59.139 35.218 62.484 4.012 3.6926 3.5089 27.8136 26.8495 35.5338 7.3609 3.8613 42.4956 39.0801 8.04 0.0
2016-06-14 14:55:22.041000 232963.017 3.495 59.142 35.263 62.487 4.013 3.6938 3.5096 27.8132 26.8484 35.5247 7.3592 3.862 42.5379 39.1054 8.041 30.5978005857
2016-06-14 14:57:05.442000 233066.418 3.482 59.142 35.369 62.493 4.012 3.6928 3.509 27.8128 26.8468 35.5176 7.3573 3.8618 42.5555 39.1483 8.041 0.0
2016-06-14 14:58:50.703000 233171.679 3.419 59.144 35.555 62.493 4.013 3.6935 3.5098 27.8126 26.8476 35.508 7.3555 3.8625 42.4994 39.0949 8.041 27.5274209049
2016-06-14 15:00:33.864000 233274.84 3.37 59.146 35.573 62.496 4.012 3.6927 3.5093 27.8128 26.8484 35.5024 7.3536 3.8611 42.5071 39.0927 8.041 0.0
2016-06-14 15:02:17.246000 233378.222 3.315 59.151 35.234 62.501 4.012 3.6926 3.5083 27.8117 26.849 35.4954 7.3517 3.8606 42.4907 39.0745 8.042 34.1678211442
2016-06-14 15:04:00.587000 233481.563 3.317 59.154 35.171 62.502 4.012 3.6925 3.5087 27.8128 26.8484 35.4846 7.3499 3.8617 42.4929 39.107 8.042 0.0
2016-06-14 15:05:45.887000 233586.863 3.307 59.156 35.515 62.506 4.011 3.6921 3.5083 27.8128 26.8487 35.4767 7.3479 3.8611 42.4506 39.0459 8.042 32.1510994607
2016-06-14 15:07:29.279000 233690.255 3.302 59.159 35.481 62.509 4.011 3.692 3.5079 27.8138 26.849 35.4672 7.3461 3.86 42.4681 39.0602 8.042 25.3277801027
2016-06-14 15:09:12.740000 233793.716 3.301 59.161 34.894 62.51 3.839 3.6921 3.5078 27.8136 26.8493 35.4615 7.3442 3.8604 42.4506 39.0668 8.042 0.0
2016-06-14 15:10:58.091000 233899.067 3.317 59.165 35.162 62.516 4.011 3.6918 3.5075 27.8136 26.8484 35.4546 7.3424 3.8601 42.4467 39.0151 8.043 30.8970585861
2016-06-14 15:12:41.362000 234002.338 3.325 59.168 35.087 62.518 4.011 3.6919 3.5083 27.8117 26.849 35.4451 7.3405 3.861 42.4138 39.0063 8.043 0.0
2016-06-14 15:14:24.814000 234105.79 3.334 59.17 35.031 62.52 4.012 3.6925 3.5085 27.8138 26.8505 35.4369 7.3387 3.8606 42.4203 38.9926 8.043 28.8636054922
2016-06-14 15:16:10.255000 234211.231 3.301 59.171 35.398 62.524 3.947 3.6913 3.507 27.8122 26.8487 35.4313 7.3368 3.859 42.4352 38.9755 8.043 37.7354302879
2016-06-14 15:17:53.855000 234314.831 3.315 59.178 35.166 62.532 4.01 3.6908 3.5067 27.8128 26.8484 35.4224 7.3348 3.8594 42.4357 38.9849 8.043 0.0
2016-06-14 15:19:37.357000 234418.333 3.323 59.18 35.151 62.531 4.01 3.6909 3.507 27.8132 26.8493 35.4133 7.333 3.8591 42.4094 38.9948 8.043 0.0
2016-06-14 15:21:20.708000 234521.684 3.325 59.181 35.091 62.536 4.011 3.6913 3.5069 27.8122 26.8472 35.4081 7.3312 3.8599 42.378 38.9975 8.044 28.1833312852
2016-06-14 15:23:06.389000 234627.365 3.301 59.186 35.461 62.54 3.989 3.6913 3.5072 27.8122 26.8466 35.3997 7.3292 3.8601 42.361 38.9062 8.044 32.4781473179
2016-06-14 15:24:49.772000 234730.748 3.302 59.188 35.422 62.541 4.011 3.6916 3.5078 27.8128 26.8476 35.3905 7.3275 3.8603 42.3676 38.9733 8.045 0.0
2016-06-14 15:26:33.219000 234834.195 3.302 59.189 35.371 62.544 3.992 3.6912 3.507 27.8122 26.849 35.382 7.3258 3.859 42.3852 38.9557 8.045 32.8051951752
2016-06-14 15:28:18.890000 234939.866 3.338 59.194 35.609 62.547 4.01 3.6909 3.5063 27.8128 26.8478 35.3747 7.3239 3.8589 42.3368 38.9513 8.045 0.0
2016-06-14 15:30:02.262000 235043.238 3.322 59.197 35.606 62.552 4.009 3.6904 3.5062 27.8132 26.8472 35.3647 7.3219 3.859 42.3682 38.926 8.045 32.3146233893
2016-06-14 15:31:45.862000 235146.838 3.32 59.201 35.58 62.555 3.892 3.69 3.5058 27.8132 26.8476 35.3574 7.3199 3.8578 42.3396 38.9078 8.045 34.7006893192
2016-06-14 15:33:31.413000 235252.389 3.449 59.203 35.517 62.555 3.915 3.6907 3.5066 27.8142 26.8454 35.348 7.3181 3.8585 42.2781 38.9089 8.046 0.0
2016-06-14 15:35:14.864000 235355.84 3.421 59.204 35.545 62.557 4.01 3.691 3.5072 27.8115 26.8481 35.3411 7.3164 3.86 42.3149 38.9095 8.046 35.2429481863
2016-06-14 15:36:58.485000 235459.461 3.514 59.208 35.105 62.562 3.836 3.6899 3.5059 27.8142 26.8476 35.3355 7.3146 3.858 42.3237 38.9007 8.046 0.0
2016-06-14 15:38:44.037000 235565.013 3.437 59.211 34.953 62.564 4.01 3.6905 3.5067 27.8138 26.8484 35.3238 7.3127 3.8588 42.2951 38.8748 8.046 26.7637950221
2016-06-14 15:40:27.668000 235668.644 3.47 59.214 34.961 62.567 4.009 3.6901 3.5058 27.8126 26.8466 35.3191 7.3108 3.8585 42.3011 38.8517 8.046 26.5182103834
2016-06-14 15:42:11.390000 235772.366 3.496 59.217 35.008 62.572 4.01 3.6899 3.5057 27.8126 26.8493 35.3103 7.3089 3.858 42.2522 38.871 8.047 0.0
2016-06-14 15:43:56.821000 235877.797 3.354 59.219 34.953 62.575 4.009 3.6895 3.506 27.8126 26.849 35.3024 7.3071 3.8577 42.2731 38.8737 8.047 28.3193861266
2016-06-14 15:45:40.584000 235981.56 3.301 59.222 35.487 62.577 3.91 3.6904 3.506 27.8126 26.8487 35.296 7.3054 3.8592 42.2643 38.8385 8.047 0.0
2016-06-14 15:47:24.275000 236085.251 3.299 59.225 35.493 62.582 4.009 3.6897 3.5059 27.8132 26.8511 35.2872 7.3035 3.8581 42.2803 38.8259 8.048 29.2852645301
2016-06-14 15:49:08.007000 236188.983 3.444 59.226 35.525 62.584 4.01 3.6905 3.5064 27.8126 26.8493 35.2774 7.3017 3.8588 42.2336 38.7969 8.048 34.5230665942
2016-06-14 15:50:53.659000 236294.635 3.516 59.229 35.208 62.585 4.01 3.6901 3.5059 27.8136 26.8493 35.2701 7.2999 3.8583 42.2451 38.833 8.048 0.0
2016-06-14 15:52:37.450000 236398.426 3.35 59.233 34.996 62.588 4.009 3.6893 3.5055 27.815 26.8493 35.2611 7.298 3.8578 42.2204 38.7866 8.048 27.7861897534
2016-06-14 15:54:21.173000 236502.149 3.354 59.234 34.94 62.591 4.009 3.69 3.5057 27.8138 26.8466 35.2543 7.2962 3.8583 42.1435 38.7907 8.048 37.7354302879
2016-06-14 15:56:06.884000 236607.86 3.38 59.234 35.603 62.591 4.011 3.6909 3.5067 27.8126 26.8484 35.2479 7.2945 3.8593 42.2045 38.7856 8.049 0.0
2016-06-14 15:57:50.545000 236711.521 3.352 59.235 35.611 62.595 4.01 3.6902 3.5063 27.8132 26.8484 35.2344 7.2927 3.8586 42.1913 38.8016 8.049 37.337085349
2016-06-14 15:59:34.155000 236815.131 3.333 59.238 35.607 62.593 4.01 3.6905 3.5064 27.8142 26.8487 35.2288 7.2909 3.8592 42.1797 38.7651 8.049 0.0
2016-06-14 16:01:19.888000 236920.864 3.492 59.24 35.005 62.596 4.011 3.6907 3.5065 27.8122 26.85 35.2209 7.2891 3.8595 42.1896 38.7743 8.05 32.8051951752
2016-06-14 16:03:03.699000 237024.675 3.316 59.243 35.039 62.6 4.01 3.6904 3.5065 27.8136 26.8495 35.2134 7.2873 3.8586 42.155 38.726 8.05 32.9687191038
2016-06-14 16:04:47.581000 237128.557 3.342 59.244 35.007 62.602 3.995 3.6906 3.5064 27.8122 26.8487 35.2046 7.2856 3.859 42.1918 38.7507 8.05 34.3454438692
2016-06-14 16:06:33.402000 237234.378 3.409 59.247 35.568 62.605 4.01 3.69 3.5058 27.8138 26.8478 35.1976 7.2837 3.8586 42.1808 38.7486 8.05 0.0
2016-06-14 16:08:17.273000 237338.249 3.519 59.248 35.125 62.607 4.01 3.6901 3.5061 27.8132 26.8459 35.1882 7.2818 3.8579 42.1182 38.7322 8.05 29.2852645301
2016-06-14 16:10:01.203000 237442.179 3.336 59.249 35.179 62.609 4.01 3.6906 3.5068 27.8132 26.8484 35.1809 7.2801 3.8595 42.1067 38.7363 8.051 35.0581837494
2016-06-14 16:11:46.875000 237547.851 3.3 59.251 35.407 62.61 4.01 3.6902 3.5064 27.8132 26.8484 35.1738 7.2783 3.8592 42.1484 38.6787 8.051 26.5182103834
2016-06-14 16:13:30.827000 237651.803 3.42 59.254 35.592 62.613 4.01 3.6901 3.5058 27.8128 26.8466 35.168 7.2765 3.8581 42.133 38.6458 8.051 25.5603909254
2016-06-14 16:15:14.768000 237755.744 3.522 59.254 35.078 62.614 4.011 3.6911 3.5076 27.8126 26.8457 35.1569 7.2746 3.8603 42.105 38.7023 8.052 0.0
2016-06-14 16:17:00.500000 237861.476 3.374 59.254 34.924 62.617 3.908 3.691 3.5075 27.8122 26.8468 35.1465 7.2729 3.8599 42.0869 38.6705 8.052 26.8865873414
2016-06-14 16:18:44.460000 237965.436 3.311 59.257 35.24 62.619 3.876 3.6906 3.5064 27.8128 26.8454 35.1401 7.2712 3.8591 42.0732 38.6879 8.052 38.7580918966
2016-06-14 16:20:28.521000 238069.497 3.315 59.259 35.586 62.621 3.963 3.6903 3.5066 27.8126 26.8472 35.1345 7.2693 3.8589 42.0825 38.6489 8.052 0.0
2016-06-14 16:22:12.302000 238173.278 3.477 59.263 35.402 62.62 4.01 3.6903 3.506 27.8126 26.8484 35.1251 7.2673 3.8588 42.0847 38.654 8.052 27.2686520563
2016-06-14 16:23:58.259000 238279.235 3.32 59.265 35.151 62.623 4.01 3.6903 3.5063 27.8128 26.8476 35.1181 7.2655 3.8593 42.0792 38.6602 8.052 0.0
2016-06-14 16:25:42.271000 238383.247 3.312 59.268 35.613 62.628 4.009 3.6889 3.5043 27.8128 26.8454 35.1093 7.2636 3.8564 42.0166 38.6324 8.052 32.3146233893
2016-06-14 16:27:26.242000 238487.218 3.486 59.269 35.369 62.63 4.01 3.6902 3.5063 27.8117 26.8466 35.1014 7.2617 3.8592 42.0666 38.6633 8.053 0.0
2016-06-14 16:29:12.175000 238593.151 3.326 59.27 35.148 62.63 4.01 3.6898 3.506 27.8122 26.8476 35.0916 7.26 3.8586 42.0226 38.6478 8.053 34.8783120441
2016-06-14 16:30:56.105000 238697.081 3.314 59.269 35.033 62.632 3.845 3.6903 3.506 27.8128 26.8476 35.0853 7.2583 3.8584 42.0358 38.6242 8.053 0.0
2016-06-14 16:32:40.226000 238801.202 3.484 59.273 35.372 62.636 4.01 3.6897 3.5058 27.8128 26.8476 35.0768 7.2565 3.8581 42.0397 38.5677 8.053 28.1833312852
2016-06-14 16:34:26.277000 238907.253 3.314 59.276 35.204 62.638 4.009 3.6891 3.5051 27.8132 26.8481 35.0684 7.2546 3.8573 42.0254 38.6293 8.053 0.0
2016-06-14 16:36:10.350000 239011.326 3.347 59.276 35.615 62.64 4.009 3.6895 3.5056 27.8126 26.8495 35.0585 7.2527 3.8586 42.0018 38.5985 8.053 0.0
2016-06-14 16:37:54.492000 239115.468 3.367 59.279 35.303 62.642 4.009 3.689 3.5046 27.8111 26.8478 35.0511 7.2507 3.8567 41.9825 38.5533 8.053 31.9881059035
2016-06-14 16:39:40.583000 239221.559 3.37 59.283 35.618 62.642 3.998 3.6891 3.5047 27.8142 26.8493 35.0406 7.2489 3.8571 41.9633 38.5707 8.054 0.0
2016-06-14 16:41:24.394000 239325.37 3.33 59.286 35.625 62.647 4.008 3.6882 3.5043 27.8115 26.8487 35.0353 7.2469 3.8568 41.9853 38.5615 8.053 33.4789837029
2016-06-14 16:43:08.508000 239429.484 3.358 59.285 34.948 62.646 3.961 3.6896 3.5057 27.8126 26.8495 35.0271 7.2453 3.8585 41.9699 38.581 8.054 0.0
2016-06-14 16:44:54.819000 239535.795 3.37 59.285 35.613 62.649 4.01 3.6896 3.5059 27.8128 26.849 35.0192 7.2435 3.8587 41.9128 38.5389 8.054 25.0951692801
2016-06-14 16:46:38.630000 239639.606 3.517 59.288 35.212 62.653 4.008 3.6892 3.5051 27.8128 26.8481 35.0089 7.2418 3.8573 41.9721 38.5636 8.054 0.0
2016-06-14 16:48:22.872000 239743.848 3.303 59.292 34.982 62.653 4.01 3.6893 3.5057 27.8136 26.8493 35.003 7.2401 3.858 41.9227 38.5276 8.055 0.0
2016-06-14 16:50:09.234000 239850.21 3.517 59.292 35.171 62.657 4.01 3.6892 3.5051 27.8132 26.8493 34.9947 7.2382 3.8573 41.9408 38.5142 8.055 30.8970585861
2016-06-14 16:51:53.255000 239954.231 3.34 59.295 35.022 62.659 4.01 3.6901 3.506 27.8132 26.8509 34.9863 7.2364 3.8591 41.899 38.4762 8.055 36.5571035979
2016-06-14 16:53:37.046000 240058.022 3.304 59.299 35.549 62.662 4.01 3.6896 3.5056 27.8126 26.8487 34.979 7.2346 3.8578 41.9084 38.5173 8.055 33.1379131587
2016-06-14 16:55:23.478000 240164.454 3.324 59.301 35.169 62.667 4.009 3.6892 3.5045 27.8122 26.849 34.9699 7.2329 3.8575 41.9106 38.4978 8.056 0.0
2016-06-14 16:57:07.500000 240268.476 3.313 59.305 35.61 62.669 3.946 3.6883 3.5042 27.8122 26.8495 34.9617 7.2308 3.8566 41.893 38.4731 8.055 39.1770937969
2016-06-14 16:58:51.801000 240372.777 3.422 59.307 35.467 62.673 4.009 3.6885 3.5044 27.8122 26.8487 34.9532 7.2289 3.8572 41.8331 38.4926 8.056 0.0
2016-06-14 17:00:37.884000 240478.86 3.324 59.31 35.619 62.677 4.008 3.6879 3.504 27.8128 26.8487 34.9459 7.2269 3.8567 41.8655 38.4659 8.056 28.7275506508
2016-06-14 17:02:22.215000 240583.191 3.485 59.314 35.378 62.679 3.84 3.6879 3.5034 27.8132 26.849 34.9387 7.225 3.8556 41.8589 38.471 8.056 0.0
2016-06-14 17:04:06.536000 240687.512 3.302 59.316 35.39 62.68 4.009 3.6885 3.5046 27.8136 26.8495 34.9288 7.2232 3.857 41.7958 38.4279 8.057 26.8865873414
2016-06-14 17:05:52.857000 240793.833 3.412 59.319 34.967 62.684 4.009 3.6886 3.5044 27.8136 26.8502 34.9219 7.2206 3.8567 41.8315 38.4083 8.057 0.0
2016-06-14 17:07:37.109000 240898.085 3.306 59.321 35.308 62.689 4.009 3.6886 3.5048 27.8128 26.8509 34.914 7.2197 3.8577 41.8089 38.4186 8.057 28.9996603336
2016-06-14 17:09:21.029000 241002.005 3.392 59.324 35.622 62.694 3.886 3.6889 3.5045 27.8126 26.8484 34.9068 7.2181 3.857 41.8249 38.4392 8.058 28.5914958094
2016-06-14 17:11:07.380000 241108.356 3.299 59.33 35.42 62.694 3.893 3.6887 3.5047 27.8122 26.8476 34.8948 7.2162 3.8575 41.8809 38.4258 8.058 0.0
2016-06-14 17:12:51.803000 241212.779 3.512 59.334 35.093 62.7 4.008 3.6877 3.5032 27.8122 26.8463 34.8894 7.2142 3.8555 41.7991 38.4207 8.058 28.5914958094
2016-06-14 17:14:36.274000 241317.25 3.324 59.336 35.638 62.702 3.997 3.6874 3.5034 27.8132 26.8454 34.8812 7.2124 3.8555 41.7914 38.3826 8.058 0.0
2016-06-14 17:16:22.705000 241423.681 3.31 59.34 35.009 62.707 4.008 3.6878 3.5033 27.8115 26.8444 34.8727 7.2105 3.8554 41.7919 38.4032 8.058 31.3619320055
2016-06-14 17:18:07.216000 241528.192 3.515 59.342 35.224 62.712 4.009 3.688 3.5042 27.8136 26.8441 34.8634 7.2086 3.857 41.7974 38.3754 8.059 33.3084484308
2016-06-14 17:19:51.318000 241632.294 3.35 59.346 34.989 62.715 4.002 3.6883 3.5041 27.8126 26.8454 34.856 7.207 3.857 41.7963 38.3744 8.059 37.9346027573
2016-06-14 17:21:37.590000 241738.566 3.516 59.347 35.615 62.717 4.009 3.6882 3.5043 27.8128 26.8484 34.8482 7.2052 3.8572 41.7677 38.3209 8.059 27.7861897534
2016-06-14 17:23:22.105000 241843.081 3.321 59.351 35.104 62.723 4.008 3.6878 3.5033 27.8126 26.8459 34.8422 7.2034 3.8558 41.7436 38.3507 8.06 0.0
2016-06-14 17:25:07.997000 241948.973 3.437 59.354 35.55 62.724 4.008 3.6873 3.5026 27.8132 26.8468 34.8328 7.2015 3.8558 41.7271 38.3302 8.06 0.0
2016-06-14 17:26:52.478000 242053.454 3.317 59.358 35.172 62.729 4.007 3.687 3.5024 27.8136 26.8476 34.8246 7.1995 3.8546 41.7172 38.3322 8.06 28.0472764438
2016-06-14 17:28:37.018000 242157.994 3.361 59.36 35.314 62.731 4.008 3.6871 3.5034 27.8132 26.8457 34.8158 7.1978 3.856 41.6919 38.323 8.06 0.0
2016-06-14 17:30:23.530000 242264.506 3.514 59.362 35.64 62.733 4.004 3.6875 3.5036 27.8142 26.8481 34.8052 7.1961 3.8559 41.7386 38.2819 8.061 29.7136961235
2016-06-14 17:32:08.101000 242369.077 3.299 59.367 35.557 62.736 4.006 3.6867 3.5027 27.815 26.8487 34.8009 7.1943 3.8554 41.6886 38.2952 8.061 0.0
2016-06-14 17:33:52.713000 242473.689 3.469 59.368 35.033 62.739 4.012 3.6903 3.5069 27.8136 26.849 34.7895 7.1924 3.8599 41.693 38.2664 8.062 29.9993171857
2016-06-14 17:35:39.266000 242580.242 3.473 59.372 35.438 62.744 4.008 3.6873 3.5034 27.8138 26.8484 34.7816 7.1908 3.8562 41.7051 38.2983 8.062 0.0
2016-06-14 17:37:23.917000 242684.893 3.304 59.375 35.34 62.747 4.009 3.6882 3.5041 27.815 26.85 34.7737 7.1889 3.8571 41.6903 38.3107 8.062 29.7136961235
2016-06-14 17:39:08.528000 242789.504 3.339 59.376 35.069 62.75 4.009 3.688 3.5036 27.8132 26.8484 34.7646 7.1873 3.8558 41.6667 38.2716 8.063 32.6416712465
2016-06-14 17:40:54.630000 242895.606 3.426 59.377 35.611 62.752 4.009 3.6879 3.5035 27.8128 26.8495 34.7586 7.1857 3.856 41.6639 38.2901 8.063 39.8184513294
2016-06-14 17:42:39.291000 243000.267 3.324 59.383 35.128 62.756 4.009 3.688 3.5041 27.8136 26.8478 34.7504 7.1838 3.8561 41.6211 38.2348 8.063 29.9993171857
