#Human readable time. Time (s) since start. Lakeshore temperature sensor 218 T1,3,5,6,8 and 224 C2,C3,C4,C5,D2,D3,D5,A,B
2016-08-11 12:57:18.269000 0.0 4.311 49.619 34.07 51.827 6.749 22.1681 49.937 7.1125 7.4746 21.776 14.5955 6.8981 0.0 24.5847 9.351 -1 21.776
2016-08-11 12:58:19.030000 60.761 4.327 49.643 34.426 51.85 6.932 24.1046 49.8358 7.4512 7.7787 22.0354 14.2597 7.0853 0.0 23.9265 9.47 22.9256581723 22.0354
2016-08-11 12:59:19.413000 121.144 4.67 49.665 34.645 51.876 7.109 26.052 49.7364 7.8433 8.1473 22.3265 13.9403 7.2915 0.0 22.926 9.6 17.7785291204 22.3265
2016-08-11 13:00:19.865000 181.596 4.951 49.697 34.337 51.906 7.213 27.828 49.6152 8.2478 8.532 22.6186 13.6437 7.3855 0.0 21.6008 9.712 23.6106090382 22.6186
2016-08-11 13:01:20.296000 242.027 4.677 49.728 33.972 51.933 7.274 29.6554 49.4934 8.6262 8.8981 22.8696 13.36 7.4359 0.0 19.9569 9.786 15.6471354781 22.8696
2016-08-11 13:02:20.765000 302.496 4.521 49.761 34.344 51.968 7.276 31.2194 49.3618 8.959 9.2365 23.1177 13.0854 7.4304 0.0 17.9093 9.822 22.6082087036 23.1177
2016-08-11 13:03:21.267000 362.998 4.528 49.793 34.773 52.0 7.233 32.5365 49.2496 9.2427 9.534 23.3722 12.8188 7.3871 0.0 15.8815 9.812 17.0045377765 23.3722
2016-08-11 13:04:21.810000 423.541 4.811 49.827 34.665 52.033 7.163 33.6065 49.1344 9.4867 9.8008 23.5273 12.5562 7.3101 0.0 14.2179 9.778 18.6190095848 23.5273
2016-08-11 13:05:22.383000 484.114 4.854 49.856 34.239 52.062 7.094 34.6057 49.0149 9.7014 10.0423 23.6092 12.3071 7.2331 0.0 13.0628 9.734 24.7034404896 23.6092
2016-08-11 13:06:23.104000 544.835 4.478 49.887 34.131 52.092 7.041 35.544 48.8943 9.8955 10.2616 23.6416 12.0664 7.1718 0.0 12.2329 9.69 17.3840022418 23.6416
2016-08-11 13:07:23.736000 605.467 4.657 49.916 34.8 52.117 6.991 36.4385 48.7717 10.0737 10.4604 23.6386 11.8412 7.1156 0.0 11.6995 9.654 20.3001434177 23.6386
2016-08-11 13:08:24.428000 666.159 4.818 49.94 34.437 52.145 6.993 37.3026 48.6514 10.2413 10.6541 23.6118 11.6308 7.1206 0.0 11.4217 9.636 19.5396796868 23.6118
2016-08-11 13:09:25.143000 726.874 4.549 49.966 34.095 52.164 6.967 38.1321 48.4985 10.3955 10.8347 23.5692 11.4342 7.0965 0.0 11.0148 9.621 21.3945054378 23.5692
2016-08-11 13:10:25.912000 787.643 4.478 49.988 34.874 52.194 6.974 38.9349 48.3322 10.5344 11.003 23.5148 11.2557 7.1068 0.0 10.7462 9.617 17.5779498805 23.5148
2016-08-11 13:11:26.675000 848.406 4.471 50.01 34.583 52.217 6.97 39.7381 48.1244 10.6661 11.1682 23.4498 11.0872 7.0861 0.0 10.5059 9.62 23.6106090382 23.4498
2016-08-11 13:12:27.497000 909.228 4.353 50.033 34.596 52.239 6.97 40.4933 47.8669 10.78 11.3134 23.3774 10.9333 7.093 0.0 10.2079 9.618 17.7785291204 23.3774
2016-08-11 13:13:28.369000 970.1 4.788 50.056 34.515 52.261 6.956 41.231 47.5995 10.8764 11.4418 23.2971 10.7918 7.0749 0.0 10.0364 9.614 25.8981230568 23.2971
2016-08-11 13:14:29.351000 1031.082 4.337 50.079 34.634 52.284 6.939 41.9611 47.28 10.9585 11.5549 23.2092 10.6584 7.0524 0.0 9.8592 9.608 22.2907592348 23.2092
2016-08-11 13:15:30.413000 1092.144 4.804 50.1 34.462 52.309 6.946 42.6731 46.9368 11.0299 11.6576 23.1156 10.532 7.0602 44.8704 9.6713 9.604 16.6459773131 23.1156
2016-08-11 13:16:31.375000 1153.106 4.328 50.121 34.74 52.328 6.921 43.3699 46.5585 11.0934 11.7455 23.017 10.4193 7.03 44.3892 9.4772 9.597 24.7034404896 23.017
2016-08-11 13:17:32.427000 1214.158 4.784 50.139 34.364 52.353 6.915 44.054 46.1471 11.1449 11.8195 22.9561 10.3141 7.0219 43.8783 9.274 9.589 15.9645795193 22.9561
2016-08-11 13:18:33.459000 1275.19 4.321 50.158 34.843 52.368 6.891 44.7227 45.726 11.1863 11.8808 22.901 10.2142 7.0003 43.3839 9.1645 9.577 25.8981230568 22.901
2016-08-11 13:19:34.531000 1336.262 4.704 50.177 34.318 52.388 6.872 45.3889 45.2705 11.2198 11.9324 22.8437 10.1195 6.9789 42.8466 8.9701 9.565 17.3840022418 22.8437
2016-08-11 13:20:35.650000 1397.381 4.65 50.194 34.866 52.405 6.832 46.0286 44.7995 11.2406 11.9716 22.7836 10.0278 6.9319 42.2165 8.8721 9.543 17.7785291204 22.7836
2016-08-11 13:21:36.794000 1458.525 4.306 50.215 34.451 52.421 6.813 46.656 44.3024 11.2565 12.0041 22.722 9.9415 6.91 41.6612 8.683 9.529 28.685771535 22.722
2016-08-11 13:22:38.038000 1519.769 4.665 50.228 34.611 52.441 6.78 47.2876 43.8028 11.2624 12.0268 22.6586 9.8584 6.8702 41.0437 8.5322 9.505 19.7862512972 22.6586
2016-08-11 13:23:39.309000 1581.04 4.467 50.246 34.918 52.459 6.74 47.9086 43.2923 11.2617 12.0424 22.5928 9.7767 6.825 40.4938 8.3819 9.482 21.1039717721 22.5928
2016-08-11 13:24:40.647000 1642.378 4.237 50.259 34.232 52.476 6.675 48.3091 42.9491 11.2293 12.0265 22.5214 9.678 6.7526 39.7921 8.2018 9.449 20.5650263738 22.5214
2016-08-11 13:25:42.031000 1703.762 4.557 50.271 34.298 52.486 6.588 48.3317 42.7598 11.0391 11.8971 22.4411 9.5288 6.6558 39.1483 7.9857 9.397 20.5650263738 22.4411
2016-08-11 13:26:43.379000 1765.11 4.52 50.284 34.651 52.499 6.492 48.3085 42.6971 10.7112 11.6441 22.3527 9.3522 6.5507 38.4556 7.8424 9.334 20.82990933 22.3527
2016-08-11 13:27:44.742000 1826.473 4.319 50.293 34.878 52.507 6.418 48.2816 42.7231 10.3061 11.3062 22.2601 9.1615 6.4693 37.7113 7.6904 9.278 21.3945054378 22.2601
2016-08-11 13:28:46.150000 1887.881 4.093 50.298 34.768 52.52 6.335 48.2538 42.8298 9.8639 10.9175 22.1684 8.9669 6.3911 36.9157 7.5495 9.226 22.6082087036 22.1684
2016-08-11 13:29:47.611000 1949.342 4.087 50.304 34.299 52.522 6.279 48.2323 42.9815 9.4262 10.5024 22.0792 8.7725 6.3192 36.1536 7.4276 9.177 17.3840022418 22.0792
2016-08-11 13:30:49.073000 2010.804 4.185 50.308 34.641 52.528 6.238 48.2206 43.1718 9.0159 10.0956 21.9927 8.5842 6.279 35.2903 7.3031 9.136 27.6941337518 21.9927
2016-08-11 13:31:50.565000 2072.296 4.414 50.312 34.839 52.54 6.189 48.2186 43.3775 8.6433 9.693 21.9128 8.4061 6.2207 34.3548 7.2288 9.104 16.4687402778 21.9128
2016-08-11 13:32:52.077000 2133.808 4.297 50.313 34.679 52.544 6.152 48.212 43.5772 8.3165 9.3256 21.8375 8.2391 6.182 33.4432 7.1539 9.076 23.2648146287 21.8375
2016-08-11 13:33:53.639000 2195.37 4.056 50.317 34.816 52.537 6.121 48.2076 43.782 8.0281 8.9899 21.766 8.0864 6.1525 32.416 7.0825 9.053 18.6190095848 21.766
2016-08-11 13:34:55.271000 2257.002 3.978 50.318 34.546 52.544 6.096 48.205 43.9882 7.781 8.6936 21.6992 7.9443 6.1184 31.346 6.9887 9.032 24.3280567061 21.6992
2016-08-11 13:35:56.913000 2318.644 4.039 50.323 34.163 52.555 6.065 48.1949 44.1803 7.569 8.4323 21.6357 7.8146 6.0898 30.1332 6.9065 9.009 20.3001434177 21.6357
2016-08-11 13:36:58.576000 2380.307 3.999 50.323 34.296 52.549 6.03 48.188 44.3862 7.3863 8.2011 21.5746 7.6968 6.046 28.855 6.8478 8.988 17.1942700092 21.5746
2016-08-11 13:38:00.288000 2442.019 4.225 50.321 34.11 52.547 5.998 48.1743 44.5557 7.2271 7.9963 21.518 7.5867 6.0098 27.4316 6.7493 8.965 22.2907592348 21.518
2016-08-11 13:39:02.050000 2503.781 4.276 50.32 34.461 52.551 5.923 48.1407 44.7386 7.0845 7.8127 21.4641 7.485 5.9741 25.8096 6.6307 8.94 17.9791083604 21.4641
2016-08-11 13:40:03.852000 2565.583 4.261 50.32 34.135 52.553 5.915 48.0915 44.8912 6.9546 7.6475 21.4124 7.3873 5.9168 24.0105 6.5029 8.91 22.6082087036 21.4124
2016-08-11 13:41:05.696000 2627.427 4.017 50.317 33.971 52.552 5.859 48.0447 45.0414 6.8308 7.4931 21.3626 7.2939 5.8568 21.8625 6.3562 8.874 14.2235706278 21.3626
2016-08-11 13:42:07.532000 2689.263 4.227 50.315 34.267 52.549 5.739 47.9611 45.1641 6.7138 7.349 21.3146 7.2012 5.794 19.1479 6.2102 8.835 22.6082087036 21.3146
2016-08-11 13:43:09.408000 2751.139 4.067 50.311 34.013 52.55 5.733 47.841 45.2158 6.5987 7.2119 21.2674 7.1099 5.7207 15.5965 5.9969 8.79 19.5396796868 21.2674
2016-08-11 13:44:11.320000 2813.051 3.882 50.307 33.914 52.555 5.645 47.6756 45.1641 6.4813 7.0759 21.2202 7.0168 5.6212 10.8883 5.7546 8.736 19.7862512972 21.2202
2016-08-11 13:45:13.292000 2875.023 3.79 50.3 34.03 52.548 5.536 47.4361 45.0038 6.3515 6.9323 21.1705 6.9191 5.5015 7.5401 5.4858 8.667 23.6106090382 21.1705
2016-08-11 13:46:15.354000 2937.085 3.712 50.296 34.287 52.544 5.41 47.1567 45.02 6.2074 6.7795 21.1208 6.8118 5.3638 6.6615 5.2721 8.583 18.8420386917 21.1208
2016-08-11 13:47:17.441000 2999.172 3.666 50.285 34.47 52.531 5.306 46.8848 45.1716 6.065 6.6339 21.0703 6.7018 5.2556 6.3455 5.1054 8.504 13.6027522245 21.0703
2016-08-11 13:48:19.578000 3061.309 3.924 50.275 34.605 52.521 5.207 46.6606 45.3351 5.9259 6.4958 21.0199 6.5911 5.1413 6.1325 4.9977 8.435 24.3280567061 21.0199
2016-08-11 13:49:21.753000 3123.484 3.852 50.267 33.926 52.511 5.14 46.4617 45.5069 5.8044 6.3791 20.9665 6.4878 5.07 6.0166 4.9131 8.383 14.7611253201 20.9665
2016-08-11 13:50:23.953000 3185.684 3.651 50.254 33.756 52.507 5.079 46.2914 45.6792 5.7015 6.2807 20.9137 6.3923 5.0056 5.915 4.8366 8.342 22.9256581723 20.9137
2016-08-11 13:51:26.190000 3247.921 3.612 50.242 34.505 52.498 5.023 46.1308 45.8609 5.611 6.1919 20.8643 6.3063 4.9446 5.817 4.7638 8.305 16.2999367611 20.8643
2016-08-11 13:52:28.481000 3310.212 3.799 50.224 34.421 52.481 4.972 45.9855 46.0331 5.5289 6.1126 20.8182 6.2262 4.8889 5.7007 4.6963 8.271 18.6190095848 20.8182
2016-08-11 13:53:30.804000 3372.535 3.606 50.211 33.693 52.463 4.924 45.8451 46.207 5.4542 6.0404 20.7755 6.153 4.8368 5.6126 4.6322 8.24 20.82990933 20.7755
2016-08-11 13:54:33.181000 3434.912 3.544 50.195 34.432 52.452 4.88 45.7306 46.3699 5.3856 5.9732 20.7363 6.085 4.7896 5.504 4.5791 8.211 15.0424976816 20.7363
2016-08-11 13:55:35.552000 3497.283 3.78 50.179 33.91 52.44 4.839 45.6272 46.546 5.3225 5.9095 20.6995 6.022 4.7455 5.4226 4.5283 8.185 16.8251310432 20.6995
2016-08-11 13:56:37.980000 3559.711 3.501 50.166 33.701 52.423 4.802 45.533 46.7145 5.2657 5.8521 20.6657 5.9617 4.7063 5.369 4.4804 8.16 21.6850391034 20.6657
2016-08-11 13:57:40.447000 3622.178 3.491 50.152 34.288 52.418 4.77 45.4492 46.8789 5.2143 5.8007 20.6328 5.9044 4.6711 5.2532 4.436 8.138 14.2235706278 20.6328
2016-08-11 13:58:42.976000 3684.707 3.523 50.138 33.977 52.399 4.739 45.3721 47.0488 5.1671 5.7529 20.6049 5.8514 4.6375 5.2013 4.395 8.118 20.0352604616 20.6049
2016-08-11 13:59:45.515000 3747.246 3.529 50.124 34.386 52.387 4.711 45.312 47.2082 5.1236 5.7097 20.5781 5.8024 4.6073 5.1553 4.3595 8.099 17.3840022418 20.5781
2016-08-11 14:00:48.093000 3809.824 3.694 50.111 33.714 52.376 4.685 45.2663 47.374 5.0837 5.67 20.5535 5.7557 4.5785 5.0821 4.3291 8.081 15.6471354781 20.5535
2016-08-11 14:01:50.701000 3872.432 3.456 50.098 34.148 52.364 4.661 45.2246 47.5441 5.0474 5.6338 20.5304 5.7123 4.5537 5.0609 4.3 8.065 19.7862512972 20.5304
2016-08-11 14:02:53.381000 3935.112 3.687 50.083 33.999 52.35 4.641 45.1935 47.7077 5.0154 5.6016 20.509 5.6719 4.5304 4.9941 4.2744 8.051 12.926474102 20.509
2016-08-11 14:03:56.150000 3997.881 3.489 50.071 34.338 52.341 4.62 45.1619 47.7886 4.9846 5.571 18.9829 5.6343 4.5091 4.9224 4.2504 8.037 18.1896175408 18.9829
2016-08-11 14:04:58.925000 4060.656 3.457 50.058 33.657 52.328 4.6 45.1427 47.7946 4.9539 5.5411 16.0978 5.5982 4.4875 4.883 4.2283 8.023 15.6471354781 16.0978
2016-08-11 14:06:01.716000 4123.447 3.598 50.046 34.292 52.316 4.583 45.1257 47.7946 4.9253 5.5123 14.5405 5.564 4.4685 4.836 4.207 8.011 18.1896175408 14.5405
2016-08-11 14:07:04.535000 4186.266 3.431 50.033 34.042 52.304 4.568 45.1157 47.7881 4.8977 5.4849 13.5052 5.5315 4.4522 4.764 4.1891 8.0 14.3536093497 13.5052
2016-08-11 14:08:07.389000 4249.12 3.63 50.022 34.021 52.292 4.543 45.1141 47.7825 4.8695 5.4573 12.6554 5.5002 4.422 4.6829 4.1744 7.987 19.3031099936 12.6554
2016-08-11 14:09:10.319000 4312.05 3.449 50.011 34.265 52.281 4.533 45.1171 47.766 4.8423 5.431 11.8727 5.4698 4.418 4.5508 4.1585 7.975 16.6459773131 11.8727
2016-08-11 14:10:13.283000 4375.014 3.44 49.998 33.683 52.272 4.518 45.1213 47.7524 4.8206 5.4097 11.132 5.4427 4.398 4.4701 4.1452 7.966 16.1311332445 11.132
2016-08-11 14:11:16.315000 4438.046 3.639 49.989 33.653 52.259 4.51 45.1229 47.7477 4.803 5.3912 10.4257 5.4183 4.3883 4.4017 4.1303 7.959 15.0424976816 10.4257
2016-08-11 14:12:19.430000 4501.161 3.64 49.979 34.201 52.253 4.5 45.1288 47.7484 4.7868 5.3744 9.7468 5.3962 4.3779 4.3596 4.1173 7.952 16.1311332445 9.7468
2016-08-11 14:13:22.491000 4564.222 3.573 49.968 34.199 52.242 4.49 45.1356 47.7508 4.7706 5.3577 9.1066 5.3751 4.3667 4.3397 4.1063 7.944 19.7862512972 9.1066
2016-08-11 14:14:25.633000 4627.364 3.409 49.96 34.004 52.234 4.484 45.1451 47.7547 4.7573 5.344 8.5108 5.3561 4.3602 4.3155 4.0955 7.939 13.4829728585 8.5108
2016-08-11 14:15:28.806000 4690.537 3.474 49.95 33.469 52.224 4.477 45.1549 47.7603 4.7458 5.3319 7.9572 5.3389 4.3528 4.298 4.0856 7.934 17.5779498805 7.9572
2016-08-11 14:16:32.084000 4753.815 3.455 49.939 33.488 52.214 4.471 45.1482 47.7699 13.3277 5.3175 7.4559 5.3224 4.347 4.2843 4.074 7.929 14.093531906 7.4559
2016-08-11 14:17:35.300000 4817.031 4.146 49.933 33.768 52.207 5.846 44.0686 47.8587 16.2708 5.8304 7.0181 5.5106 5.9638 4.3789 4.1476 8.36 15.8058574987 7.0181
2016-08-11 14:18:38.625000 4880.356 4.871 49.917 33.847 52.192 7.159 41.3712 47.8779 18.1442 6.8961 6.6768 6.1752 7.3594 4.3701 4.0956 9.26 12.5095790029 6.6768
2016-08-11 14:19:41.972000 4943.703 5.21 49.932 34.298 52.211 7.724 38.6488 47.8593 19.3636 7.6463 6.3857 6.7613 7.9285 4.289 4.0094 9.868 17.7785291204 6.3857
2016-08-11 14:20:45.316000 5007.047 4.858 49.987 34.758 52.254 7.871 36.1889 47.8321 20.19 8.06 6.1236 7.1929 8.059 4.1697 3.8862 10.165 14.6218030057 6.1236
2016-08-11 14:21:48.750000 5070.481 4.835 50.051 34.84 52.308 7.827 33.8429 47.7993 20.7504 8.2385 5.8741 7.4913 7.9946 4.0158 3.7437 10.253 16.1311332445 5.8741
2016-08-11 14:22:52.198000 5133.929 4.798 50.113 34.889 52.359 7.694 31.4932 47.7493 21.1069 8.2743 5.6258 7.6765 7.843 3.8514 3.5852 10.225 12.1233583136 5.6258
2016-08-11 14:23:55.732000 5197.463 4.795 50.167 34.897 52.408 7.519 28.9988 47.6751 21.3106 8.2177 5.3868 7.7728 7.649 3.6668 3.414 10.136 17.1942700092 5.3868
2016-08-11 14:24:59.280000 5261.011 4.689 50.21 34.908 52.45 7.333 26.5397 47.5844 21.4288 8.1013 5.1561 7.8001 7.4375 3.4697 3.2345 10.013 11.9359585918 5.1561
2016-08-11 14:26:02.820000 5324.551 4.682 50.248 34.893 52.486 7.137 24.4073 47.4668 21.4819 7.9459 4.933 7.7752 7.2261 3.2491 3.0514 9.873 22.6082087036 4.933
2016-08-11 14:27:06.420000 5388.151 4.817 50.28 34.405 52.517 6.939 22.6729 47.2752 21.4889 7.7673 4.7173 7.7108 7.012 2.9993 2.8762 9.725 12.2197331406 4.7173
2016-08-11 14:28:10.062000 5451.793 4.708 50.307 34.412 52.547 6.747 21.2704 47.0846 21.4636 7.5747 4.5123 7.6147 6.8054 2.8546 2.708 9.573 13.3705107397 4.5123
2016-08-11 14:29:13.780000 5515.511 4.609 50.332 34.36 52.571 6.569 20.0764 46.8643 21.4176 7.3822 4.3185 7.5011 6.6101 2.7048 2.5389 9.438 17.0045377765 4.3185
2016-08-11 14:30:17.523000 5579.254 4.148 50.352 34.298 52.589 6.391 18.9294 46.7145 21.3578 7.1887 4.1834 7.3724 6.4201 2.5863 2.3584 9.311 12.1233583136 4.1834
2016-08-11 14:31:21.303000 5643.034 4.068 50.367 34.31 52.605 6.226 17.8698 46.5163 21.2904 7.0004 4.085 7.2376 6.2409 2.4376 2.1932 9.192 16.4687402778 4.085
2016-08-11 14:32:25.125000 5706.856 4.076 50.378 34.813 52.617 6.082 17.0798 46.326 21.2235 6.825 3.9548 7.0981 6.0872 2.2864 2.0801 9.08 11.7580695465 3.9548
2016-08-11 14:33:28.979000 5770.71 4.303 50.383 34.287 52.625 5.955 16.2568 46.1668 21.1578 6.6698 3.8055 6.9625 5.9504 2.1527 1.9628 8.984 15.8058574987 3.8055
2016-08-11 14:34:32.919000 5834.65 3.913 50.389 34.115 52.631 5.829 15.3999 46.0211 21.0938 6.5236 3.6446 6.8322 5.814 2.0204 1.8331 8.893 11.5801805013 3.6446
2016-08-11 14:35:36.899000 5898.63 3.84 50.392 34.701 52.635 5.702 14.4971 45.8741 21.0314 6.3834 3.4958 6.7045 5.6767 1.8807 1.6956 8.802 13.9660068678 3.4958
2016-08-11 14:36:40.960000 5962.691 4.094 50.39 34.373 52.637 5.574 13.6005 45.732 20.9639 6.2484 3.3552 6.5786 5.5383 1.7341 1.554 8.71 12.2197331406 3.3552
2016-08-11 14:37:45.072000 6026.803 3.79 50.385 33.944 52.636 5.444 12.7097 45.6089 20.8896 6.1138 3.2218 6.4539 5.3978 1.5905 1.4145 8.618 14.3536093497 3.2218
2016-08-11 14:38:49.218000 6090.949 3.663 50.381 34.393 52.63 5.31 11.807 45.5438 20.8181 5.9766 3.1123 6.3302 5.2517 1.478 1.2845 8.523 10.9252160829 3.1123
2016-08-11 14:39:53.361000 6155.092 3.861 50.373 34.544 52.626 5.18 10.9628 45.4902 20.7484 5.8351 3.0066 6.2073 5.1078 1.3663 1.1793 8.436 14.4836480716 3.0066
2016-08-11 14:40:57.589000 6219.32 3.577 50.365 34.218 52.62 5.05 10.1395 45.4602 20.6824 5.6978 2.911 6.0863 4.9678 1.2774 1.1067 8.355 10.2694749088 2.911
2016-08-11 14:42:01.913000 6283.644 3.784 50.355 33.967 52.61 4.928 9.2863 45.4746 20.6205 5.566 2.8329 5.9677 4.8364 1.2193 1.0711 8.28 13.3705107397 2.8329
2016-08-11 14:43:06.363000 6348.094 3.544 50.343 33.979 52.599 4.814 8.4574 45.4948 20.5621 5.4406 2.7733 5.8473 4.7129 1.1867 1.0536 8.208 12.1233583136 2.7733
2016-08-11 14:44:10.817000 6412.548 3.509 50.327 34.052 52.586 4.71 7.6727 45.5339 20.5085 5.3239 2.722 5.7311 4.6015 1.1669 1.0429 8.141 12.4124827945 2.722
2016-08-11 14:45:15.377000 6477.108 3.656 50.313 34.214 52.576 4.619 7.0138 45.5673 20.4598 5.2171 2.6803 5.6211 4.503 1.1541 1.036 8.081 11.3281196306 2.6803
2016-08-11 14:46:20.069000 6541.8 3.417 50.293 34.265 52.559 4.548 6.5144 45.5728 20.4188 12.0446 2.646 5.5201 4.4273 1.1442 1.0308 8.031 10.9252160829 2.646
2016-08-11 14:47:24.653000 6606.384 3.618 50.274 33.689 52.54 4.81 6.5374 45.2363 20.4141 15.4475 2.6174 5.4348 5.0256 1.1384 1.0273 8.024 11.5801805013 2.6174
2016-08-11 14:48:29.036000 6670.767 4.523 50.25 34.366 52.521 6.821 7.6273 25.3472 20.6021 17.7452 2.7391 6.0891 6.901 0.9859 0.9632 9.141 11.0004996737 2.7391
2016-08-11 14:49:33.267000 6734.998 4.298 50.247 34.269 52.522 5.821 6.7128 12.117 20.5942 18.9216 2.6973 6.3328 5.747 0.5597 0.9003 9.031 10.774730187 2.6973
2016-08-11 14:50:37.428000 6799.159 3.603 50.293 34.665 52.556 4.951 5.904 6.9927 20.5113 19.5242 2.6097 6.1883 4.8212 0.4643 0.8967 8.516 12.7180265524 2.6097
2016-08-11 14:51:41.610000 6863.341 3.698 50.302 34.067 52.556 4.632 5.4657 6.156 20.4456 19.9847 2.5506 5.9474 4.4995 0.4524 0.8943 8.205 9.80661614086 2.5506
2016-08-11 14:52:45.792000 6927.523 3.418 50.276 33.697 52.54 4.508 5.1976 5.8904 20.3967 20.3423 2.5121 5.7211 4.3751 0.4455 0.8923 8.053 11.9359585918 2.5121
2016-08-11 14:53:50.024000 6991.755 3.591 50.254 34.129 52.523 4.443 5.0095 5.7332 20.3594 20.6304 2.4836 5.5381 4.3083 0.4406 0.8911 7.976 9.86929258736 2.4836
2016-08-11 14:54:54.297000 7056.028 3.374 50.234 33.617 52.504 4.401 4.8688 5.6187 20.3301 20.8635 2.4624 5.3983 4.2664 0.4368 0.8904 7.933 12.3161079675 2.4624
2016-08-11 14:55:58.609000 7120.34 3.547 50.218 34.188 52.488 4.373 4.7613 5.5245 20.3079 21.0471 2.4466 5.2939 4.2368 0.4333 0.8899 7.907 9.55591035487 2.4466
2016-08-11 14:57:02.931000 7184.662 3.366 50.196 33.967 52.473 4.353 4.6772 5.4427 20.2903 21.1778 2.4345 5.2185 4.2164 0.4302 0.8897 7.889 10.407152859 2.4345
2016-08-11 14:58:07.393000 7249.124 3.59 50.179 33.895 52.458 4.337 4.6091 5.3691 20.277 21.2856 2.4256 5.1622 4.1986 0.4275 0.8896 7.875 9.32415401512 2.4256
2016-08-11 14:59:11.815000 7313.546 3.418 50.165 33.52 52.442 4.325 4.5552 5.3031 20.2654 21.3758 2.4185 5.1198 4.1845 0.425 0.8896 7.865 10.774730187 2.4185
2016-08-11 15:00:16.247000 7377.978 3.528 50.147 34.167 52.425 4.314 4.5101 5.2422 20.2579 21.4499 2.413 5.0874 4.1708 0.4226 0.8896 7.857 10.9252160829 2.413
2016-08-11 15:01:20.721000 7442.452 3.353 50.133 33.955 52.411 4.305 4.4729 5.1859 20.2508 21.5107 2.4085 5.0616 4.1609 0.4204 0.8898 7.85 8.53049810849 2.4085
2016-08-11 15:02:25.273000 7507.004 3.574 50.116 33.657 52.395 4.298 4.4415 5.1334 20.2459 21.562 2.405 5.0406 4.1518 0.4184 0.89 7.843 10.9252160829 2.405
2016-08-11 15:03:29.875000 7571.606 3.58 50.099 33.826 52.379 4.291 4.4153 5.084 20.2411 21.604 2.402 5.0231 4.1429 0.4166 0.8902 7.837 10.2694749088 2.402
2016-08-11 15:04:34.507000 7636.238 3.358 50.085 34.204 52.365 4.285 4.3926 5.0384 20.2381 21.6385 2.3994 5.0079 4.1361 0.4146 0.8904 7.832 10.0629579836 2.3994
2016-08-11 15:05:39.169000 7700.9 3.418 50.07 33.47 52.353 4.28 4.3727 4.9947 20.2347 21.6668 2.3971 4.9944 4.1293 0.4129 0.8906 7.828 9.09783656199 2.3971
2016-08-11 15:06:43.861000 7765.592 3.525 50.058 34.144 52.338 4.274 4.3552 4.9531 20.2328 21.6901 2.395 4.9821 4.1222 0.4114 0.8908 7.823 11.0824046629 2.395
2016-08-11 15:07:48.543000 7830.274 3.44 50.049 34.263 52.331 4.268 4.3394 4.9128 20.2308 21.7094 2.3933 4.9708 4.1153 0.4102 0.891 7.818 9.80661614086 2.3933
2016-08-11 15:08:53.296000 7895.027 3.372 50.036 33.584 52.318 4.264 4.3266 4.8763 20.2291 21.7248 2.3916 4.9603 4.1104 0.409 0.8913 7.814 8.93564240511 2.3916
2016-08-11 15:09:58.128000 7959.859 3.413 50.026 33.455 52.306 4.26 4.3139 4.8414 20.2276 21.7381 2.3901 4.9504 4.1053 0.4081 0.8914 7.81 11.2462146413 2.3901
2016-08-11 15:11:02.990000 8024.721 3.46 50.014 33.463 52.297 4.257 4.3039 4.809 20.2256 21.7488 2.3886 4.9414 4.101 0.407 0.8917 7.807 8.07848712666 2.3886
2016-08-11 15:12:07.852000 8089.583 3.554 50.002 33.634 52.286 4.253 4.2942 4.778 20.2253 21.7574 2.3874 4.9334 4.0963 0.4059 0.8919 7.803 10.5490013431 2.3874
2016-08-11 15:13:12.734000 8154.465 3.361 49.994 34.177 52.276 4.25 4.2851 4.7478 20.2241 21.7646 2.3859 4.9256 4.0927 0.4049 0.8921 7.8 8.1681918757 2.3859
2016-08-11 15:14:17.676000 8219.407 3.341 49.984 33.961 52.269 4.246 4.2774 4.7197 20.2232 21.7696 2.3847 4.9181 4.089 0.404 0.8922 7.797 9.49389210497 2.3847
2016-08-11 15:15:22.679000 8284.41 3.35 49.975 33.758 52.256 4.243 4.2698 4.6934 20.2224 21.775 2.3837 4.9111 4.0852 0.4033 0.8925 7.794 8.21304425022 2.3837
2016-08-11 15:16:27.661000 8349.392 3.379 49.966 33.54 52.249 4.24 4.2634 4.6669 20.2217 21.7787 2.3806 4.9046 4.0819 0.4029 0.8927 7.791 9.61858680137 2.3806
2016-08-11 15:17:32.713000 8414.444 3.402 49.956 33.4 52.239 4.238 4.2576 4.6429 20.221 21.7811 2.3812 4.8982 4.0789 0.4022 0.893 7.789 8.53049810849 2.3812
2016-08-11 15:18:37.815000 8479.546 3.345 49.947 33.441 52.227 4.236 4.2525 4.6211 20.2206 21.784 2.3802 4.8924 4.0761 0.4015 0.8932 7.786 10.475991834 2.3802
2016-08-11 15:19:42.927000 8544.658 3.382 49.939 33.514 52.223 4.233 4.2468 4.5997 20.2199 21.7859 2.3794 4.8869 4.0731 0.4008 0.8934 7.784 8.21304425022 2.3794
2016-08-11 15:20:48.039000 8609.77 3.406 49.933 33.394 52.216 4.231 4.242 4.5794 20.2189 21.7873 2.3784 4.8816 4.0698 0.4001 0.8935 7.782 9.49389210497 2.3784
2016-08-11 15:21:53.272000 8675.003 3.481 49.925 33.416 52.207 4.229 4.2382 4.5606 20.2189 21.788 2.3775 4.8764 4.0676 0.3994 0.8937 7.78 9.86929258736 2.3775
2016-08-11 15:22:58.524000 8740.255 3.376 49.918 33.491 52.2 4.227 4.2336 4.543 20.2185 21.7886 2.3764 4.8717 4.0653 0.3989 0.8938 7.778 7.87141519439 2.3764
2016-08-11 15:24:03.806000 8805.537 3.41 49.912 33.392 52.194 4.224 4.2288 4.5256 20.2181 21.7883 2.3756 4.8667 4.0621 0.3984 0.8939 7.775 8.98628544218 2.3756
2016-08-11 15:25:09.118000 8870.849 3.348 49.907 33.684 52.188 4.222 4.2248 4.5092 20.217 21.789 2.3743 4.8619 4.0595 0.3979 0.894 7.773 8.53049810849 2.3743
2016-08-11 15:26:14.440000 8936.171 3.352 49.901 34.142 52.18 4.221 4.2224 4.4946 20.2172 21.7895 2.3736 4.8578 4.0577 0.3975 0.8941 7.771 9.68126324787 2.3736
2016-08-11 15:27:19.802000 9001.533 3.337 49.892 34.02 52.172 4.22 4.2189 4.4812 20.217 21.7902 2.3726 4.8537 4.0565 0.3971 0.8942 7.77 7.47838956745 2.3726
2016-08-11 15:28:25.225000 9066.956 3.459 49.885 34.15 52.168 4.218 4.2152 4.467 20.2168 21.7888 2.3717 4.8499 4.0537 0.3966 0.8943 7.768 9.26757465184 2.3717
2016-08-11 15:29:30.636000 9132.367 3.527 49.879 33.881 52.161 4.217 4.2132 4.4547 20.2166 21.7879 2.3711 4.8463 4.0523 0.3961 0.8944 7.766 9.21099528855 2.3711
2016-08-11 15:30:36.099000 9197.83 3.487 49.874 33.464 52.154 4.216 4.2105 4.4435 20.2155 21.7889 2.3702 4.8429 4.0509 0.3956 0.8944 7.765 7.71316188867 2.3702
2016-08-11 15:31:41.602000 9263.333 3.362 49.869 33.583 52.15 4.215 4.2083 4.4325 20.2159 21.7875 2.3693 4.8396 4.0507 0.3952 0.8945 7.764 8.53049810849 2.3693
2016-08-11 15:32:47.164000 9328.895 3.338 49.864 34.02 52.145 4.214 4.2068 4.4229 20.2157 21.7871 2.3687 4.8366 4.0498 0.3947 0.8946 7.763 8.53049810849 2.3687
2016-08-11 15:33:52.746000 9394.477 3.461 49.857 34.167 52.137 4.213 4.2034 4.4128 20.2154 21.7877 2.3678 4.8337 4.0475 0.3945 0.895 7.761 8.7330702568 2.3678
2016-08-11 15:34:58.348000 9460.079 3.554 49.854 33.781 52.135 4.209 4.1391 4.3996 20.2137 21.788 2.3682 4.8313 4.0422 0.3946 1.015 7.759 7.99010517368 2.3682
2016-08-11 15:36:03.960000 9525.691 3.332 49.848 33.864 52.13 4.203 4.0793 4.3827 20.2119 21.7874 2.3866 4.8306 4.0358 0.3993 1.1203 7.755 9.43731274169 2.3866
2016-08-11 15:37:09.623000 9591.354 3.394 49.843 34.184 52.124 4.191 4.0431 4.1857 20.2099 21.7781 2.4108 4.8263 4.0208 0.7558 1.182 7.75 7.87141519439 2.4108
2016-08-11 15:38:15.365000 9657.096 3.495 49.838 34.008 52.118 4.166 4.0116 3.863 20.2057 21.7634 2.4581 4.8148 3.9921 1.3762 1.2316 7.739 8.78371329388 2.4581
2016-08-11 15:39:21.117000 9722.848 3.337 49.832 33.581 52.112 4.144 3.9967 3.6892 20.2031 21.7569 2.5562 4.7979 3.9692 1.9613 1.272 7.725 9.0412571987 2.5562
2016-08-11 15:40:26.959000 9788.69 3.492 49.829 33.969 52.106 4.135 4.0017 3.6258 20.2017 21.7561 2.6385 4.7826 3.9595 2.3829 1.2991 7.717 7.55490858294 2.6385
2016-08-11 15:41:32.771000 9854.502 3.527 49.822 33.548 52.097 4.131 4.0136 3.5971 20.2014 21.7561 2.6925 4.7713 3.9553 2.7267 1.3179 7.713 9.15441592527 2.6925
2016-08-11 15:42:38.765000 9920.496 3.318 49.814 34.035 52.094 4.131 4.0298 3.5831 20.2013 21.7577 2.7237 4.7633 3.9564 3.0185 1.3315 7.711 7.7527252151 2.7237
2016-08-11 15:43:44.687000 9986.418 3.519 49.811 33.495 52.088 4.131 4.0451 3.5752 20.2015 21.7585 2.7401 4.7579 3.9557 3.271 1.3429 7.71 8.88499936803 2.7401
2016-08-11 15:44:50.639000 10052.37 3.329 49.803 34.105 52.081 4.132 4.0608 3.5702 20.2014 21.7603 2.7482 4.7543 3.9579 3.4964 1.3514 7.71 8.25789662474 2.7482
2016-08-11 15:45:56.673000 10118.404 3.455 49.8 33.432 52.077 4.132 4.0732 3.5673 20.2016 21.7604 2.7512 4.7516 3.9573 3.698 1.3579 7.71 8.63178418265 2.7512
2016-08-11 15:47:02.703000 10184.434 3.348 49.793 34.143 52.072 4.133 4.0856 3.5651 20.2017 21.7606 2.7516 4.7496 3.9594 3.8827 1.363 7.71 8.34760137377 2.7516
2016-08-11 15:48:08.779000 10250.51 3.435 49.791 33.387 52.065 4.134 4.0959 3.5639 20.2019 21.7608 2.7507 4.7479 3.9594 4.0573 1.3672 7.709 9.15441592527 2.7507
2016-08-11 15:49:14.867000 10316.598 3.532 49.784 34.154 52.064 4.135 4.1055 3.5627 20.2016 21.7627 2.7493 4.7466 3.9613 4.2328 1.3706 7.709 7.79228854153 2.7493
2016-08-11 15:50:21.049000 10382.78 3.316 49.78 33.889 52.057 4.136 4.1132 3.562 20.2017 21.7647 2.7477 4.7455 3.9615 4.4154 1.3736 7.709 8.43730612281 2.7477
2016-08-11 15:51:27.261000 10448.992 3.534 49.779 33.7 52.056 4.135 4.1196 3.5596 20.2017 21.7658 2.7461 4.744 3.9598 4.6222 1.3765 7.708 8.63178418265 2.7461
2016-08-11 15:52:33.513000 10515.244 3.467 49.776 34.072 52.052 4.135 4.1261 3.5587 20.2023 21.7654 2.7447 4.7428 3.9613 4.8512 1.3792 7.708 8.30274899925 2.7447
2016-08-11 15:53:39.766000 10581.497 3.354 49.771 33.43 52.045 4.135 4.1324 3.5586 20.2024 21.7663 2.7435 4.7415 3.9609 5.0847 1.3821 7.708 8.88499936803 2.7435
2016-08-11 15:54:46.089000 10647.82 3.497 49.767 33.489 52.045 4.136 4.138 3.5578 20.2027 21.766 2.7425 4.7403 3.961 5.2965 1.3849 7.707 8.58114114557 2.7425
2016-08-11 15:55:52.421000 10714.152 3.52 49.763 33.828 52.042 4.137 4.1443 3.5587 20.2027 21.7658 2.7415 4.7393 3.9629 5.4757 1.3877 7.707 8.1681918757 2.7415
2016-08-11 15:56:58.843000 10780.574 3.426 49.761 34.128 52.036 4.137 4.1506 3.5587 20.2028 21.7653 2.7409 4.7384 3.9632 5.6327 1.3904 7.707 7.83185186796 2.7409
2016-08-11 15:58:05.305000 10847.036 3.322 49.757 33.381 52.035 4.138 4.157 3.5589 20.2031 21.7661 2.7402 4.7376 3.964 5.7602 1.3928 7.707 9.15441592527 2.7402
2016-08-11 15:59:11.808000 10913.539 3.329 49.756 33.648 52.031 4.138 4.1619 3.5589 20.2031 21.7658 2.74 4.7368 3.9647 5.8739 1.395 7.707 8.07848712666 2.74
2016-08-11 16:00:18.320000 10980.051 3.382 49.753 33.349 52.03 4.138 4.1662 3.5572 20.2027 21.7666 2.74 4.7359 3.9643 5.9671 1.3969 7.707 7.51534525651 2.74
2016-08-11 16:01:24.872000 11046.603 3.544 49.748 33.605 52.024 4.14 4.1714 3.5586 20.2036 21.768 2.7398 4.735 3.966 6.045 1.3985 7.707 8.88499936803 2.7398
2016-08-11 16:02:31.434000 11113.165 3.485 49.745 34.006 52.019 4.14 4.1759 3.559 20.2036 21.7684 2.7393 4.7342 3.9662 6.117 1.3999 7.707 7.40778273543 2.7393
2016-08-11 16:03:38.047000 11179.778 3.352 49.742 34.143 52.017 4.141 4.1799 3.5592 20.204 21.768 2.7388 4.7336 3.967 6.1798 1.4012 7.707 8.58114114557 2.7388
2016-08-11 16:04:44.709000 11246.44 3.439 49.74 33.784 52.016 4.141 4.1837 3.5589 20.2038 21.7687 2.7383 4.7329 3.9665 6.2359 1.4023 7.707 7.40778273543 2.7383
2016-08-11 16:05:51.432000 11313.163 3.319 49.738 34.003 52.015 4.14 4.186 3.5583 20.2034 21.7695 2.7378 4.7319 3.9664 6.2841 1.4033 7.707 8.58114114557 2.7378
2016-08-11 16:06:58.194000 11379.925 3.342 49.736 33.517 52.011 4.14 4.188 3.5573 20.2039 21.7685 2.7375 4.731 3.966 6.3283 1.4042 7.706 7.87141519439 2.7375
2016-08-11 16:08:05.086000 11446.817 3.318 49.733 33.82 52.009 4.14 4.1904 3.5576 20.204 21.7677 2.7374 4.73 3.9661 6.3709 1.4049 7.706 8.58114114557 2.7374
2016-08-11 16:09:11.869000 11513.6 3.329 49.733 34.085 52.009 4.139 4.1921 3.5565 20.2041 21.7683 2.7371 4.7289 3.9653 6.4107 1.4056 7.705 7.67359856223 2.7371
2016-08-11 16:10:18.681000 11580.412 3.327 49.732 33.652 52.005 4.14 4.1942 3.5562 20.2042 21.7678 2.7368 4.7277 3.9658 6.4491 1.4062 7.705 7.91097852082 2.7368
2016-08-11 16:11:25.563000 11647.294 3.316 49.727 33.917 52.0 4.141 4.1962 3.5567 20.2043 21.7675 2.7363 4.7271 3.9665 6.4851 1.4068 7.705 8.43730612281 2.7363
2016-08-11 16:12:32.484000 11714.215 3.336 49.727 34.108 52.0 4.14 4.1976 3.5562 20.2042 21.7679 2.7355 4.7261 3.9657 6.5196 1.4073 7.705 8.7330702568 2.7355
2016-08-11 16:13:39.417000 11781.148 3.415 49.724 34.125 51.998 4.141 4.1996 3.5573 20.2039 21.768 2.7352 4.7253 3.9671 6.5496 1.4078 7.705 7.99010517368 2.7352
2016-08-11 16:14:46.389000 11848.12 3.488 49.72 33.992 51.993 4.142 4.2008 3.557 20.2047 21.7676 2.7343 4.7248 3.9675 6.5797 1.4081 7.705 7.95054184725 2.7343
2016-08-11 16:15:53.401000 11915.132 3.503 49.719 33.924 51.996 4.141 4.2021 3.5563 20.2046 21.7667 2.7338 4.724 3.9674 6.6082 1.4086 7.705 9.32415401512 2.7338
2016-08-11 16:17:00.434000 11982.165 3.538 49.721 33.693 51.992 4.142 4.2032 3.5573 20.2043 21.7666 2.7332 4.7233 3.9684 6.6388 1.4089 7.705 7.40778273543 2.7332
2016-08-11 16:18:07.527000 12049.258 3.526 49.716 33.526 51.991 4.141 4.2036 3.5567 20.2048 21.7675 2.7325 4.7224 3.9681 6.6667 1.4093 7.705 9.21099528855 2.7325
2016-08-11 16:19:14.649000 12116.38 3.442 49.714 33.338 51.989 4.143 4.2064 3.5576 20.2051 21.7672 2.732 4.7218 3.9693 6.6941 1.4097 7.705 7.79228854153 2.732
2016-08-11 16:20:21.791000 12183.522 3.327 49.71 34.049 51.986 4.142 4.2062 3.5565 20.2049 21.7673 2.7314 4.7213 3.9686 6.721 1.4099 7.705 7.87141519439 2.7314
2016-08-11 16:21:29.005000 12250.736 3.38 49.709 34.143 51.983 4.143 4.207 3.5575 20.2049 21.7679 2.7306 4.7205 3.9688 6.7459 1.4102 7.705 8.98628544218 2.7306
2016-08-11 16:22:36.452000 12318.183 3.489 49.707 33.456 51.982 4.142 4.2072 3.5564 20.2044 21.7691 2.7301 4.7197 3.9686 6.7689 1.4105 7.704 10.774730187 2.7301
2016-08-11 16:23:43.929000 12385.66 3.32 49.707 33.954 51.979 4.142 4.208 3.557 20.2049 21.7698 2.7293 4.7189 3.9687 6.7923 1.4108 7.704 7.55490858294 2.7293
2016-08-11 16:24:51.422000 12453.153 3.517 49.703 33.818 51.976 4.142 4.208 3.5557 20.2042 21.7705 2.7288 4.7179 3.9676 6.8167 1.4111 7.703 8.1681918757 2.7288
2016-08-11 16:25:58.967000 12520.698 3.349 49.704 33.513 51.974 4.141 4.2082 3.5555 20.2044 21.7709 2.7279 4.7168 3.9679 6.8367 1.4113 7.703 8.25789662474 2.7279
2016-08-11 16:27:06.355000 12588.086 3.417 49.702 34.141 51.974 4.142 4.209 3.5552 20.2039 21.7716 2.7275 4.7159 3.9675 6.8586 1.4116 7.703 8.88499936803 2.7275
2016-08-11 16:28:13.767000 12655.498 3.532 49.701 34.11 51.974 4.14 4.2086 3.5541 20.2044 21.7708 2.7269 4.715 3.9669 6.8789 1.4119 7.702 7.99010517368 2.7269
2016-08-11 16:29:21.229000 12722.96 3.428 49.7 33.445 51.973 4.14 4.2086 3.5531 20.2039 21.7703 2.7261 4.7137 3.9669 6.8986 1.4121 7.701 8.43730612281 2.7261
2016-08-11 16:30:28.901000 12790.632 3.494 49.695 33.963 51.969 4.141 4.2098 3.5544 20.2047 21.7704 2.7256 4.713 3.9671 6.9198 1.4122 7.702 7.83185186796 2.7256
2016-08-11 16:31:36.475000 12858.206 3.36 49.694 33.398 51.966 4.141 4.2103 3.5544 20.2041 21.7698 2.7251 4.7124 3.9684 6.9371 1.4125 7.702 8.39245374829 2.7251
2016-08-11 16:32:44.027000 12925.758 3.367 49.69 34.151 51.964 4.141 4.2106 3.5543 20.2046 21.7705 2.7244 4.7117 3.9672 6.957 1.4127 7.702 8.43730612281 2.7244
2016-08-11 16:33:51.659000 12993.39 3.504 49.69 33.475 51.962 4.141 4.2109 3.5538 20.2047 21.7712 2.7239 4.711 3.9682 6.9758 1.4129 7.701 8.03363475214 2.7239
2016-08-11 16:34:59.291000 13061.022 3.466 49.691 34.062 51.959 4.142 4.2118 3.5551 20.2046 21.7715 2.7234 4.7103 3.9675 6.9954 1.4131 7.701 8.48215849733 2.7234
2016-08-11 16:36:06.954000 13128.685 3.398 49.687 33.328 51.959 4.141 4.2114 3.554 20.2046 21.7716 2.7228 4.7095 3.9681 7.0134 1.4133 7.701 7.83185186796 2.7228
2016-08-11 16:37:14.676000 13196.407 3.333 49.681 34.107 51.957 4.141 4.2123 3.554 20.2043 21.7698 2.7221 4.7088 3.9672 7.029 1.4135 7.701 9.0412571987 2.7221
2016-08-11 16:38:22.448000 13264.179 3.342 49.683 33.515 51.952 4.142 4.2123 3.5545 20.2047 21.7709 2.7217 4.7082 3.9686 7.0452 1.4136 7.701 7.40778273543 2.7217
2016-08-11 16:39:30.290000 13332.021 3.538 49.679 33.54 51.951 4.143 4.2133 3.5551 20.204 21.7715 2.7212 4.7075 3.9688 7.0612 1.4138 7.701 8.39245374829 2.7212
2016-08-11 16:40:38.123000 13399.854 3.322 49.678 33.832 51.951 4.142 4.2135 3.5553 20.2046 21.77 2.7207 4.707 3.9691 7.0781 1.414 7.701 9.09783656199 2.7207
2016-08-11 16:41:45.955000 13467.686 3.41 49.68 33.331 51.951 4.142 4.2132 3.5539 20.2044 21.7707 2.7201 4.7063 3.9682 7.0942 1.4142 7.7 7.59447190937 2.7201
2016-08-11 16:42:53.908000 13535.639 3.513 49.677 33.866 51.95 4.141 4.213 3.5535 20.2045 21.7706 2.7196 4.7055 3.9671 7.1083 1.4143 7.7 8.78371329388 2.7196
2016-08-11 16:44:01.839000 13603.57 3.345 49.677 34.105 51.947 4.141 4.2134 3.5541 20.2045 21.7715 2.7191 4.7046 3.968 7.1228 1.4144 7.7 8.7330702568 2.7191
2016-08-11 16:45:09.830000 13671.561 3.346 49.675 33.475 51.948 4.141 4.2133 3.5529 20.2045 21.7703 2.7186 4.7037 3.9675 7.1372 1.4146 7.699 8.03363475214 2.7186
2016-08-11 16:46:17.853000 13739.584 3.535 49.674 33.539 51.944 4.142 4.2144 3.5537 20.2045 21.7703 2.7179 4.7031 3.9676 7.1494 1.4148 7.699 6.98284297435 2.7179
2016-08-11 16:47:26.115000 13807.846 3.535 49.669 34.114 51.94 4.142 4.2145 3.5545 20.2044 21.7712 2.7175 4.7026 3.9686 7.1628 1.4149 7.7 6.93285882554 2.7175
2016-08-11 16:48:34.237000 13875.968 3.459 49.667 34.082 51.936 4.142 4.2145 3.5538 20.2045 21.7715 2.717 4.7021 3.9688 7.1773 1.415 7.7 6.90474274184 2.717
2016-08-11 16:49:42.369000 13944.1 3.32 49.664 33.831 51.933 4.142 4.2151 3.554 20.2041 21.7719 2.7166 4.7017 3.9692 7.1886 1.4152 7.7 0.0 2.7166
2016-08-11 16:50:50.551000 14012.282 3.43 49.659 33.32 51.932 4.143 4.216 3.5541 20.2046 21.7708 2.716 4.7011 3.969 7.2023 1.4152 7.7 8.1681918757 2.716
2016-08-11 16:51:58.793000 14080.524 3.431 49.657 33.35 51.927 4.143 4.216 3.5544 20.2046 21.7695 2.7155 4.7007 3.9692 7.2143 1.4154 7.7 8.39245374829 2.7155
2016-08-11 16:53:07.145000 14148.876 3.432 49.655 33.935 51.925 4.144 4.2167 3.5548 20.2046 21.7701 2.715 4.7003 3.9703 7.2263 1.4156 7.7 8.25789662474 2.715
2016-08-11 16:54:15.487000 14217.218 3.508 49.651 33.896 51.922 4.144 4.2171 3.555 20.204 21.7706 2.7145 4.6998 3.97 7.2386 1.4157 7.7 8.21304425022 2.7145
2016-08-11 16:55:23.879000 14285.61 3.508 49.654 33.903 51.921 4.144 4.2177 3.555 20.2046 21.7706 2.714 4.6993 3.97 7.2491 1.4158 7.7 8.07848712666 2.714
2016-08-11 16:56:32.281000 14354.012 3.496 49.652 33.905 51.922 4.143 4.2166 3.5546 20.2047 21.7713 2.7135 4.6985 3.9688 7.261 1.4159 7.699 8.53049810849 2.7135
2016-08-11 16:57:40.723000 14422.454 3.506 49.651 33.906 51.922 4.142 4.2163 3.5538 20.2045 21.7705 2.7128 4.6976 3.9685 7.2713 1.416 7.698 8.12333950118 2.7128
2016-08-11 16:58:49.224000 14490.955 3.477 49.652 34.024 51.919 4.143 4.2166 3.5539 20.2045 21.7704 2.7125 4.6969 3.9693 7.2833 1.4161 7.698 8.48215849733 2.7125
2016-08-11 16:59:57.783000 14559.514 3.477 49.646 33.985 51.915 4.143 4.2173 3.5539 20.2047 21.7712 2.7119 4.6964 3.9697 7.2946 1.4161 7.698 8.12333950118 2.7119
2016-08-11 17:01:06.369000 14628.1 3.486 49.645 34.003 51.913 4.143 4.2171 3.5535 20.2041 21.7714 2.7114 4.6958 3.9689 7.3043 1.4163 7.698 8.30274899925 2.7114
2016-08-11 17:02:14.961000 14696.692 3.486 49.644 33.989 51.913 4.143 4.2177 3.5543 20.2046 21.7714 2.711 4.6952 3.9697 7.3162 1.4164 7.698 8.39245374829 2.711
2016-08-11 17:03:23.583000 14765.314 3.486 49.642 33.997 51.913 4.143 4.218 3.5545 20.2046 21.772 2.7104 4.6946 3.9696 7.3241 1.4164 7.698 8.25789662474 2.7104
2016-08-11 17:04:32.444000 14834.175 3.464 49.643 33.376 51.911 4.143 4.2179 3.5546 20.2047 21.7723 2.7101 4.6939 3.969 7.335 1.4166 7.698 8.68242721972 2.7101
2016-08-11 17:05:41.237000 14902.968 3.324 49.639 33.748 51.908 4.144 4.2181 3.5549 20.2046 21.7724 2.7093 4.6934 3.9697 7.3467 1.4166 7.698 7.91097852082 2.7093
2016-08-11 17:06:49.949000 14971.68 3.322 49.638 33.809 51.909 4.143 4.218 3.5544 20.2046 21.7716 2.7089 4.6928 3.9698 7.3535 1.4166 7.697 8.53049810849 2.7089
2016-08-11 17:07:58.761000 15040.492 3.47 49.637 34.053 51.906 4.143 4.2178 3.554 20.2047 21.7712 2.7084 4.6922 3.9694 7.3643 1.4167 7.697 8.48215849733 2.7084
2016-08-11 17:09:07.633000 15109.364 3.505 49.638 33.449 51.906 4.143 4.2175 3.5539 20.2047 21.7707 2.7079 4.6915 3.9696 7.3732 1.4167 7.697 8.03363475214 2.7079
2016-08-11 17:10:16.475000 15178.206 3.503 49.635 33.456 51.904 4.143 4.2174 3.5531 20.2046 21.7693 2.7074 4.6907 3.9685 7.3814 1.4167 7.696 8.63178418265 2.7074
2016-08-11 17:11:25.366000 15247.097 3.333 49.636 33.608 51.904 4.142 4.2173 3.5529 20.2046 21.769 2.7067 4.69 3.9684 7.3915 1.4168 7.696 8.1681918757 2.7067
2016-08-11 17:12:34.299000 15316.03 3.417 49.632 34.118 51.902 4.143 4.218 3.5544 20.2047 21.7694 2.7064 4.6895 3.9703 7.3998 1.4168 7.696 8.68242721972 2.7064
2016-08-11 17:13:43.241000 15384.972 3.549 49.63 33.572 51.898 4.144 4.2178 3.5538 20.2046 21.7692 2.7059 4.689 3.9701 7.4075 1.4168 7.696 8.34760137377 2.7059
2016-08-11 17:14:52.263000 15453.994 3.356 49.628 33.421 51.899 4.144 4.2186 3.5541 20.2047 21.7694 2.7055 4.6888 3.9704 7.4142 1.4169 7.696 8.21304425022 2.7055
2016-08-11 17:16:01.315000 15523.046 3.351 49.626 34.177 51.895 4.144 4.2188 3.5552 20.2049 21.7694 2.705 4.6883 3.971 7.4221 1.4169 7.696 8.25789662474 2.705
2016-08-11 17:17:10.387000 15592.118 3.538 49.623 33.751 51.893 4.143 4.218 3.5539 20.2046 21.7691 2.7045 4.6878 3.9699 7.4307 1.417 7.696 8.03363475214 2.7045
2016-08-11 17:18:19.538000 15661.269 3.328 49.625 33.365 51.891 4.143 4.218 3.5531 20.2046 21.7681 2.7039 4.6867 3.9689 7.4385 1.417 7.696 8.39245374829 2.7039
2016-08-11 17:19:28.681000 15730.412 3.503 49.622 33.917 51.89 4.143 4.2177 3.5531 20.2047 21.7674 2.7033 4.6861 3.9688 7.4435 1.4169 7.695 8.30274899925 2.7033
2016-08-11 17:20:38.033000 15799.764 3.32 49.622 33.349 51.891 4.141 4.2171 3.5523 20.2045 21.7673 2.7029 4.6852 3.9674 7.4525 1.4171 7.694 8.03363475214 2.7029
2016-08-11 17:21:47.295000 15869.026 3.463 49.625 34.066 51.891 4.14 4.2161 3.5504 20.2044 21.7681 2.7022 4.6838 3.9659 7.4576 1.4171 7.693 8.39245374829 2.7022
2016-08-11 17:22:56.707000 15938.438 3.327 49.625 33.646 51.891 4.139 4.2163 3.5504 20.2044 21.7693 2.7017 4.6827 3.966 7.4653 1.4172 7.693 8.07848712666 2.7017
2016-08-11 17:24:06.409000 16008.14 3.543 49.623 33.537 51.887 4.14 4.2159 3.5501 20.2039 21.7699 2.701 4.6818 3.9666 7.4718 1.4171 7.693 8.07848712666 2.701
2016-08-11 17:25:16.262000 16077.993 3.538 49.621 33.724 51.886 4.14 4.2154 3.5499 20.204 21.7704 2.7006 4.6811 3.9659 7.4783 1.4171 7.693 8.25789662474 2.7006
2016-08-11 17:26:26.176000 16147.907 3.496 49.622 33.924 51.887 4.139 4.2155 3.55 20.2042 21.771 2.7 4.6804 3.9654 7.4859 1.4172 7.692 8.63178418265 2.7
2016-08-11 17:27:36.276000 16218.007 3.46 49.618 34.074 51.887 4.14 4.2157 3.5504 20.2036 21.7704 2.6995 4.6798 3.9658 7.4901 1.4172 7.693 8.21304425022 2.6995
2016-08-11 17:28:46.257000 16287.988 3.398 49.617 34.129 51.885 4.141 4.2163 3.5501 20.2042 21.7699 2.699 4.6795 3.9664 7.4968 1.4173 7.693 7.91097852082 2.699
2016-08-11 17:29:56.261000 16357.992 3.33 49.617 34.094 51.885 4.139 4.2153 3.55 20.2041 21.7703 2.6985 4.6787 3.9655 7.5041 1.4173 7.692 8.30274899925 2.6985
2016-08-11 17:31:06.281000 16428.012 3.319 49.618 33.948 51.886 4.14 4.2159 3.55 20.2039 21.7705 2.6978 4.678 3.9663 7.5084 1.4173 7.692 8.53049810849 2.6978
2016-08-11 17:32:16.207000 16497.938 3.324 49.617 33.754 51.885 4.14 4.2159 3.5499 20.2043 21.7714 2.6973 4.6773 3.9667 7.5159 1.4173 7.692 7.95054184725 2.6973
2016-08-11 17:33:26.369000 16568.1 3.342 49.617 33.497 51.882 4.14 4.2159 3.5506 20.2041 21.7711 2.6968 4.6767 3.9642 7.5201 1.4174 7.692 8.43730612281 2.6968
2016-08-11 17:34:36.398000 16638.129 3.324 49.616 33.341 51.883 4.14 4.2161 3.5499 20.2038 21.7699 2.6962 4.6762 3.9669 7.5237 1.4173 7.692 8.48215849733 2.6962
2016-08-11 17:35:46.430000 16708.161 3.332 49.614 33.459 51.879 4.14 4.216 3.5506 20.2043 21.7687 2.6957 4.6759 3.9672 7.5322 1.4175 7.692 8.1681918757 2.6957
2016-08-11 17:36:56.472000 16778.203 3.355 49.613 33.412 51.88 4.141 4.2172 3.5508 20.2043 21.7687 2.6951 4.6754 3.9675 7.5357 1.4174 7.692 8.1681918757 2.6951
2016-08-11 17:38:06.543000 16848.274 3.387 49.611 33.306 51.878 4.141 4.2169 3.5515 20.2041 21.769 2.6947 4.675 3.9679 7.5415 1.4174 7.692 8.63178418265 2.6947
2016-08-11 17:39:16.609000 16918.34 3.482 49.611 33.397 51.877 4.142 4.2174 3.5521 20.2046 21.7683 2.6942 4.6748 3.9681 7.5452 1.4174 7.693 8.34760137377 2.6942
2016-08-11 17:40:26.699000 16988.43 3.544 49.609 33.524 51.878 4.142 4.2179 3.5514 20.2046 21.7676 2.6938 4.6745 3.9676 7.5498 1.4174 7.693 8.1681918757 2.6938
2016-08-11 17:41:36.841000 17058.572 3.526 49.61 33.757 51.876 4.141 4.2171 3.5511 20.204 21.7673 2.6931 4.674 3.9667 7.555 1.4174 7.692 8.43730612281 2.6931
2016-08-11 17:42:46.973000 17128.704 3.474 49.611 33.357 51.877 4.141 4.2169 3.5504 20.2044 21.7686 2.6927 4.6731 3.9667 7.5588 1.4174 7.692 8.1681918757 2.6927
2016-08-11 17:43:57.134000 17198.865 3.53 49.611 33.498 51.877 4.141 4.2168 3.551 20.2044 21.7692 2.692 4.6724 3.9667 7.5631 1.4175 7.692 8.63178418265 2.692
2016-08-11 17:45:07.351000 17269.082 3.539 49.61 33.726 51.877 4.142 4.2174 3.5513 20.2044 21.7704 2.6917 4.672 3.9673 7.5681 1.4174 7.692 8.58114114557 2.6917
2016-08-11 17:46:17.758000 17339.489 3.441 49.607 33.319 51.874 4.143 4.2186 3.5522 20.2045 21.7711 2.691 4.6719 3.9686 7.5721 1.4174 7.693 8.34760137377 2.691
2016-08-11 17:47:28.042000 17409.773 3.346 49.607 33.551 51.874 4.143 4.2183 3.5526 20.2046 21.7716 2.6906 4.6716 3.9691 7.5768 1.4174 7.693 8.58114114557 2.6906
2016-08-11 17:48:38.329000 17480.06 3.329 49.608 33.389 51.872 4.141 4.2176 3.5515 20.2045 21.7712 2.6902 4.6711 3.9676 7.5817 1.4174 7.692 8.21304425022 2.6902
2016-08-11 17:49:48.671000 17550.402 3.322 49.607 33.803 51.872 4.142 4.2175 3.5516 20.2042 21.77 2.6897 4.6703 3.9684 7.5847 1.4174 7.692 8.1681918757 2.6897
2016-08-11 17:50:59.054000 17620.785 3.373 49.604 34.118 51.87 4.141 4.2173 3.5517 20.2046 21.7688 2.6891 4.6697 3.9677 7.5882 1.4174 7.692 8.48215849733 2.6891
2016-08-11 17:52:09.528000 17691.259 3.499 49.605 34.005 51.87 4.141 4.2174 3.551 20.2041 21.7687 2.6885 4.6691 3.9673 7.5932 1.4173 7.692 8.21304425022 2.6885
2016-08-11 17:53:20.002000 17761.733 3.536 49.601 33.531 51.868 4.141 4.2173 3.5513 20.2046 21.7696 2.688 4.6686 3.9671 7.598 1.4174 7.692 8.43730612281 2.688
2016-08-11 17:54:30.448000 17832.179 3.374 49.603 33.342 51.867 4.141 4.217 3.5509 20.204 21.7704 2.6873 4.6679 3.967 7.6013 1.4173 7.692 8.1681918757 2.6873
2016-08-11 17:55:40.990000 17902.721 3.324 49.602 33.731 51.864 4.141 4.217 3.5505 20.2044 21.7701 2.6868 4.6672 3.9674 7.6029 1.4173 7.691 8.43730612281 2.6868
2016-08-11 17:56:51.552000 17973.283 3.35 49.6 34.109 51.864 4.141 4.2171 3.5508 20.2039 21.7698 2.6862 4.6667 3.9681 7.6088 1.4173 7.691 8.34760137377 2.6862
2016-08-11 17:58:02.271000 18044.002 3.484 49.6 33.954 51.863 4.141 4.2169 3.5517 20.2046 21.7698 2.6857 4.6662 3.9673 7.6125 1.4173 7.691 8.34760137377 2.6857
2016-08-11 17:59:13.141000 18114.872 3.344 49.599 33.488 51.864 4.141 4.2169 3.5508 20.2045 21.7695 2.6853 4.6657 3.9672 7.6161 1.4173 7.691 8.12333950118 2.6853
2016-08-11 18:00:23.835000 18185.566 3.493 49.601 33.997 51.864 4.139 4.2163 3.5492 20.2044 21.7701 2.6848 4.6647 3.9661 7.6183 1.4172 7.69 8.68242721972 2.6848
2016-08-11 18:01:34.582000 18256.313 3.543 49.603 33.627 51.866 4.14 4.2157 3.5493 20.2045 21.7699 2.6841 4.6637 3.9657 7.6235 1.4172 7.69 8.34760137377 2.6841
2016-08-11 18:02:45.258000 18326.989 3.403 49.598 33.301 51.863 4.141 4.2163 3.5507 20.2046 21.7686 2.6836 4.6632 3.9668 7.6257 1.4172 7.691 7.91097852082 2.6836
2016-08-11 18:03:55.967000 18397.698 3.409 49.597 34.115 51.862 4.141 4.2163 3.5509 20.2045 21.7682 2.6832 4.6629 3.9673 7.6282 1.4172 7.691 8.43730612281 2.6832
2016-08-11 18:05:06.750000 18468.481 3.526 49.599 33.788 51.859 4.141 4.217 3.5511 20.2042 21.7685 2.6828 4.6625 3.9676 7.6318 1.4171 7.691 8.58114114557 2.6828
2016-08-11 18:06:17.522000 18539.253 3.331 49.596 33.724 51.862 4.142 4.2173 3.5522 20.2047 21.7696 2.6821 4.6623 3.9687 7.634 1.4171 7.691 8.25789662474 2.6821
2016-08-11 18:07:28.325000 18610.056 3.339 49.593 34.061 51.86 4.142 4.2173 3.5518 20.2045 21.7694 2.6816 4.6621 3.969 7.6373 1.417 7.691 8.48215849733 2.6816
2016-08-11 18:08:39.162000 18680.893 3.479 49.592 33.378 51.858 4.143 4.2184 3.553 20.2049 21.7681 2.6811 4.6619 3.9687 7.6414 1.417 7.691 8.03363475214 2.6811
2016-08-11 18:09:50.123000 18751.854 3.355 49.591 34.086 51.857 4.144 4.2184 3.5542 20.2049 21.7691 2.6807 4.6618 3.9705 7.6442 1.417 7.692 8.03363475214 2.6807
2016-08-11 18:11:01.053000 18822.784 3.442 49.591 33.342 51.856 4.143 4.2182 3.5525 20.2049 21.7698 2.6802 4.6615 3.9689 7.6467 1.4169 7.692 8.68242721972 2.6802
2016-08-11 18:12:12.234000 18893.965 3.357 49.591 34.098 51.856 4.143 4.218 3.5528 20.2051 21.7692 2.6797 4.661 3.97 7.648 1.417 7.692 8.58114114557 2.6797
2016-08-11 18:13:23.224000 18964.955 3.536 49.59 33.45 51.856 4.144 4.2181 3.5534 20.2049 21.7699 2.6792 4.6605 3.9692 7.6515 1.4169 7.692 8.21304425022 2.6792
2016-08-11 18:14:34.332000 19036.063 3.33 49.591 34.025 51.857 4.143 4.2176 3.5523 20.2049 21.7696 2.6787 4.66 3.9693 7.6548 1.4168 7.692 8.53049810849 2.6787
2016-08-11 18:15:45.392000 19107.123 3.337 49.589 33.439 51.854 4.143 4.218 3.5534 20.205 21.7682 2.6782 4.6593 3.9691 7.6579 1.4168 7.692 8.43730612281 2.6782
2016-08-11 18:16:56.498000 19178.229 3.52 49.589 33.833 51.852 4.143 4.2179 3.5537 20.205 21.7678 2.6777 4.6588 3.97 7.6602 1.4167 7.692 8.21304425022 2.6777
2016-08-11 18:18:07.650000 19249.381 3.329 49.587 33.662 51.852 4.142 4.2167 3.5516 20.205 21.7673 2.6771 4.6582 3.9679 7.6616 1.4167 7.691 8.39245374829 2.6771
2016-08-11 18:19:18.881000 19320.612 3.385 49.588 33.381 51.85 4.142 4.2168 3.5512 20.2042 21.7668 2.6766 4.6573 3.9683 7.6663 1.4167 7.691 8.68242721972 2.6766
2016-08-11 18:20:30.051000 19391.782 3.425 49.588 34.152 51.849 4.143 4.2177 3.5526 20.2048 21.766 2.6761 4.6568 3.97 7.6684 1.4167 7.691 8.43730612281 2.6761
2016-08-11 18:21:41.316000 19463.047 3.326 49.583 33.413 51.85 4.143 4.2169 3.5526 20.2048 21.7676 2.6755 4.6565 3.9685 7.6695 1.4166 7.691 8.25789662474 2.6755
2016-08-11 18:22:52.823000 19534.554 3.341 49.583 33.472 51.848 4.143 4.2166 3.5525 20.2049 21.7687 2.6751 4.6559 3.969 7.672 1.4166 7.691 8.25789662474 2.6751
2016-08-11 18:24:04.115000 19605.846 3.501 49.578 33.878 51.845 4.143 4.2169 3.5523 20.2048 21.7696 2.6725 4.6555 3.9697 7.6728 1.4165 7.691 8.58114114557 2.6725
2016-08-11 18:25:15.419000 19677.15 3.379 49.579 34.109 51.846 4.143 4.2169 3.5529 20.205 21.7686 2.6738 4.6549 3.9689 7.6759 1.4164 7.691 8.12333950118 2.6738
2016-08-11 18:26:26.783000 19748.514 3.323 49.579 33.362 51.846 4.143 4.2175 3.5533 20.2051 21.7699 2.6735 4.6546 3.9695 7.6783 1.4164 7.691 8.07848712666 2.6735
2016-08-11 18:27:38.178000 19819.909 3.552 49.579 33.649 51.845 4.143 4.2168 3.5533 20.2049 21.7705 2.673 4.6541 3.9697 7.6819 1.4163 7.691 8.34760137377 2.673
2016-08-11 18:28:49.601000 19891.332 3.479 49.578 34.046 51.844 4.142 4.216 3.5523 20.2049 21.7695 2.6725 4.6536 3.9689 7.6817 1.4163 7.69 8.58114114557 2.6725
2016-08-11 18:30:01.026000 19962.757 3.349 49.576 34.144 51.841 4.143 4.2166 3.5527 20.2042 21.7684 2.672 4.6529 3.969 7.6839 1.4164 7.69 8.1681918757 2.672
2016-08-11 18:31:12.505000 20034.236 3.328 49.577 33.701 51.841 4.142 4.2161 3.5522 20.2042 21.7686 2.6712 4.6523 3.9687 7.6868 1.4162 7.69 8.39245374829 2.6712
2016-08-11 18:32:24.058000 20105.789 3.389 49.572 33.307 51.838 4.143 4.217 3.5529 20.2048 21.7697 2.6708 4.652 3.9701 7.6883 1.4161 7.69 8.63178418265 2.6708
2016-08-11 18:33:35.809000 20177.54 3.35 49.572 33.516 51.837 4.143 4.2169 3.5531 20.2048 21.7707 2.6703 4.6516 3.97 7.6908 1.4161 7.69 8.07848712666 2.6703
2016-08-11 18:34:47.371000 20249.102 3.419 49.572 33.315 51.836 4.143 4.2164 3.5534 20.2046 21.7711 2.6698 4.6513 3.97 7.6917 1.416 7.69 8.30274899925 2.6698
2016-08-11 18:35:58.986000 20320.717 3.553 49.572 33.631 51.836 4.144 4.2165 3.5537 20.2049 21.7719 2.6693 4.6508 3.9702 7.6934 1.416 7.69 8.39245374829 2.6693
2016-08-11 18:37:10.575000 20392.306 3.464 49.572 34.134 51.835 4.145 4.2168 3.5537 20.205 21.7724 2.6689 4.6507 3.9704 7.6952 1.4159 7.691 8.63178418265 2.6689
2016-08-11 18:38:22.270000 20464.001 3.515 49.569 33.855 51.836 4.145 4.2168 3.5537 20.205 21.7707 2.6685 4.6503 3.9702 7.6968 1.4159 7.69 8.07848712666 2.6685
2016-08-11 18:39:34.117000 20535.848 3.552 49.571 34.113 51.832 4.144 4.2164 3.5533 20.205 21.7711 2.6679 4.6499 3.9698 7.6986 1.4158 7.69 8.53049810849 2.6679
2016-08-11 18:40:45.912000 20607.643 3.468 49.57 34.092 51.833 4.143 4.2158 3.5527 20.2044 21.7714 2.6673 4.6491 3.969 7.6993 1.4157 7.69 8.53049810849 2.6673
2016-08-11 18:41:57.676000 20679.407 3.528 49.57 33.793 51.83 4.143 4.2155 3.5528 20.2044 21.772 2.6668 4.6483 3.9687 7.7019 1.4157 7.69 8.03363475214 2.6668
2016-08-11 18:43:09.485000 20751.216 3.436 49.566 34.072 51.83 4.143 4.2153 3.553 20.2047 21.7716 2.6663 4.6477 3.9695 7.705 1.4156 7.689 8.1681918757 2.6663
2016-08-11 18:44:21.579000 20823.31 3.455 49.564 33.942 51.829 4.144 4.2157 3.5539 20.2044 21.7719 2.6656 4.6473 3.9699 7.7046 1.4155 7.69 8.21304425022 2.6656
2016-08-11 18:45:33.443000 20895.174 3.534 49.563 33.766 51.826 4.144 4.2156 3.5539 20.2049 21.7723 2.6651 4.6469 3.9698 7.7063 1.4155 7.69 8.58114114557 2.6651
2016-08-11 18:46:45.420000 20967.151 3.548 49.563 33.685 51.826 4.144 4.2152 3.5536 20.205 21.7725 2.6646 4.6466 3.9695 7.7072 1.4155 7.689 8.12333950118 2.6646
2016-08-11 18:47:57.387000 21039.118 3.554 49.564 33.658 51.828 4.144 4.2153 3.5541 20.2052 21.7725 2.664 4.6461 3.9702 7.7116 1.4154 7.69 8.53049810849 2.664
2016-08-11 18:49:09.433000 21111.164 3.503 49.562 33.413 51.824 4.144 4.2151 3.5538 20.2049 21.7711 2.6637 4.6459 3.9704 7.7101 1.4154 7.69 8.53049810849 2.6637
2016-08-11 18:50:21.439000 21183.17 3.399 49.563 33.28 51.825 4.144 4.2147 3.5532 20.2049 21.7715 2.6632 4.6452 3.9701 7.7117 1.4153 7.689 8.53049810849 2.6632
2016-08-11 18:51:34.281000 21256.012 3.489 49.56 33.933 51.825 4.144 4.2152 3.5536 20.2049 21.7724 2.6627 4.6447 3.9702 7.7144 1.4152 7.689 8.1681918757 2.6627
2016-08-11 18:52:46.422000 21328.153 3.544 49.559 33.713 51.822 4.144 4.2146 3.553 20.2049 21.7726 2.6621 4.6443 3.9695 7.716 1.4152 7.689 8.34760137377 2.6621
2016-08-11 18:53:58.816000 21400.547 3.345 49.559 33.504 51.822 4.144 4.2145 3.5543 20.2052 21.7728 2.6617 4.6437 3.9712 7.7154 1.4151 7.689 8.63178418265 2.6617
2016-08-11 18:55:10.974000 21472.705 3.326 49.56 33.802 51.821 4.145 4.2146 3.5544 20.205 21.7732 2.6611 4.6435 3.9713 7.7175 1.415 7.689 8.58114114557 2.6611
2016-08-11 18:56:23.220000 21544.951 3.516 49.557 34.025 51.823 4.144 4.2141 3.5537 20.2048 21.7732 2.6606 4.6429 3.9696 7.7188 1.415 7.689 8.25789662474 2.6606
2016-08-11 18:57:35.532000 21617.263 3.549 49.558 33.669 51.821 4.144 4.2135 3.553 20.205 21.7724 2.66 4.6422 3.9691 7.7197 1.4149 7.689 8.1681918757 2.66
2016-08-11 18:58:47.844000 21689.575 3.335 49.559 33.622 51.824 4.143 4.2139 3.5528 20.2049 21.7718 2.6596 4.6416 3.9698 7.721 1.4148 7.689 8.58114114557 2.6596
2016-08-11 19:00:00.157000 21761.888 3.331 49.56 33.75 51.825 4.143 4.2138 3.5531 20.2049 21.7719 2.6591 4.641 3.9701 7.7229 1.4148 7.689 8.63178418265 2.6591
2016-08-11 19:01:12.545000 21834.276 3.502 49.561 33.913 51.822 4.143 4.2131 3.5532 20.2048 21.7723 2.6584 4.6403 3.9693 7.7226 1.4146 7.689 8.12333950118 2.6584
2016-08-11 19:02:25.021000 21906.752 3.372 49.559 33.34 51.823 4.143 4.2124 3.5526 20.2045 21.7728 2.658 4.6398 3.9693 7.7272 1.4147 7.689 8.1681918757 2.658
2016-08-11 19:03:37.468000 21979.199 3.382 49.56 34.111 51.824 4.143 4.2121 3.5515 20.2046 21.773 2.6574 4.6391 3.9692 7.725 1.4145 7.688 8.21304425022 2.6574
2016-08-11 19:04:50.226000 22051.957 3.338 49.56 33.628 51.824 4.142 4.2115 3.551 20.2047 21.7719 2.6569 4.6382 3.9683 7.7259 1.4145 7.688 8.63178418265 2.6569
2016-08-11 19:06:02.750000 22124.481 3.426 49.562 34.093 51.821 4.142 4.2115 3.5522 20.2048 21.7717 2.6563 4.6375 3.9684 7.7262 1.4143 7.688 8.58114114557 2.6563
2016-08-11 19:07:15.357000 22197.088 3.547 49.56 33.546 51.82 4.142 4.2114 3.5517 20.2046 21.7718 2.6557 4.637 3.9677 7.7281 1.4143 7.688 8.21304425022 2.6557
2016-08-11 19:08:27.945000 22269.676 3.326 49.558 33.841 51.819 4.143 4.211 3.5518 20.2041 21.7726 2.6553 4.6364 3.9693 7.7292 1.4142 7.688 8.07848712666 2.6553
2016-08-11 19:09:40.625000 22342.356 3.499 49.556 33.88 51.815 4.142 4.2107 3.5509 20.2047 21.7713 2.6549 4.636 3.9678 7.731 1.4142 7.688 8.1681918757 2.6549
2016-08-11 19:10:53.330000 22415.061 3.33 49.554 34.05 51.817 4.143 4.2109 3.5524 20.2047 21.7719 2.6542 4.6355 3.9693 7.7319 1.4142 7.688 8.68242721972 2.6542
2016-08-11 19:12:06.088000 22487.819 3.547 49.552 33.64 51.814 4.143 4.2108 3.5518 20.2047 21.7722 2.6539 4.6351 3.968 7.7324 1.414 7.688 8.25789662474 2.6539
2016-08-11 19:13:19.104000 22560.835 3.386 49.552 34.09 51.814 4.143 4.2106 3.5517 20.2043 21.7726 2.6534 4.6346 3.9691 7.7343 1.414 7.688 7.91097852082 2.6534
2016-08-11 19:14:31.889000 22633.62 3.339 49.553 33.642 51.814 4.143 4.2103 3.5525 20.2048 21.7713 2.6527 4.6343 3.9692 7.7322 1.4139 7.688 8.68242721972 2.6527
2016-08-11 19:15:44.698000 22706.429 3.531 49.553 34.051 51.813 4.143 4.2102 3.5529 20.2048 21.7699 2.6523 4.6337 3.9691 7.7339 1.4139 7.688 8.53049810849 2.6523
2016-08-11 19:16:57.533000 22779.264 3.327 49.552 33.803 51.814 4.142 4.2098 3.5516 20.2045 21.7702 2.6518 4.6333 3.9692 7.7346 1.4138 7.687 8.21304425022 2.6518
2016-08-11 19:18:10.465000 22852.196 3.43 49.551 33.299 51.813 4.143 4.2102 3.5525 20.2049 21.7693 2.6513 4.6328 3.9691 7.7339 1.4137 7.688 8.7330702568 2.6513
2016-08-11 19:19:23.477000 22925.208 3.507 49.55 33.896 51.814 4.142 4.2091 3.5522 20.2046 21.7702 2.6508 4.6324 3.968 7.7364 1.4136 7.687 8.1681918757 2.6508
2016-08-11 19:20:36.542000 22998.273 3.341 49.551 34.086 51.814 4.142 4.2094 3.5516 20.2048 21.7685 2.6502 4.6317 3.9693 7.7377 1.4136 7.687 8.1681918757 2.6502
2016-08-11 19:21:49.561000 23071.292 3.366 49.548 33.36 51.811 4.142 4.2087 3.5512 20.2046 21.7683 2.6496 4.6312 3.9678 7.7378 1.4135 7.687 8.53049810849 2.6496
2016-08-11 19:23:02.854000 23144.585 3.365 49.548 33.365 51.81 4.142 4.2086 3.5521 20.2046 21.7695 2.6491 4.6307 3.9682 7.7383 1.4134 7.687 8.43730612281 2.6491
2016-08-11 19:24:16.026000 23217.757 3.554 49.548 33.616 51.81 4.143 4.2091 3.5524 20.2039 21.7704 2.6487 4.6301 3.9689 7.7384 1.4133 7.687 8.30274899925 2.6487
2016-08-11 19:25:29.197000 23290.928 3.552 49.548 33.562 51.809 4.143 4.2082 3.552 20.2044 21.7702 2.6482 4.6297 3.969 7.7418 1.4132 7.687 8.12333950118 2.6482
2016-08-11 19:26:42.470000 23364.201 3.438 49.548 34.083 51.809 4.143 4.209 3.5518 20.2046 21.7693 2.6477 4.6292 3.9697 7.7427 1.4132 7.687 8.39245374829 2.6477
2016-08-11 19:27:55.713000 23437.444 3.445 49.545 34.139 51.809 4.145 4.2091 3.5537 20.2048 21.7709 2.6473 4.6292 3.9706 7.7405 1.4131 7.688 8.7330702568 2.6473
2016-08-11 19:29:09.112000 23510.843 3.447 49.542 34.068 51.804 4.144 4.2096 3.5533 20.2048 21.7712 2.6467 4.6291 3.9704 7.7416 1.4129 7.688 8.39245374829 2.6467
2016-08-11 19:30:22.530000 23584.261 3.329 49.546 33.721 51.806 4.143 4.2086 3.5526 20.2046 21.7715 2.6463 4.6285 3.9694 7.7418 1.4129 7.687 8.30274899925 2.6463
2016-08-11 19:31:36.220000 23657.951 3.393 49.543 34.109 51.804 4.143 4.2082 3.5518 20.2047 21.7713 2.6459 4.6279 3.9688 7.7437 1.4128 7.687 8.30274899925 2.6459
2016-08-11 19:32:49.702000 23731.433 3.422 49.544 34.083 51.805 4.143 4.208 3.5523 20.2044 21.7708 2.6452 4.6272 3.969 7.7431 1.4127 7.687 8.43730612281 2.6452
2016-08-11 19:34:03.256000 23804.987 3.428 49.542 34.075 51.804 4.143 4.208 3.5521 20.2046 21.7692 2.6447 4.6267 3.9691 7.7445 1.4128 7.687 8.63178418265 2.6447
2016-08-11 19:35:16.802000 23878.533 3.45 49.541 34.062 51.803 4.144 4.2075 3.5527 20.2044 21.7699 2.6442 4.6261 3.9691 7.7455 1.4126 7.687 8.58114114557 2.6442
2016-08-11 19:36:30.416000 23952.147 3.452 49.539 34.075 51.802 4.143 4.2075 3.552 20.2047 21.7705 2.6438 4.6259 3.9696 7.7457 1.4126 7.687 8.43730612281 2.6438
2016-08-11 19:37:44.072000 24025.803 3.54 49.542 33.442 51.803 4.142 4.2064 3.552 20.2044 21.7711 2.6434 4.6251 3.9689 7.7444 1.4124 7.686 8.48215849733 2.6434
2016-08-11 19:38:57.746000 24099.477 3.516 49.543 33.428 51.804 4.142 4.2059 3.5508 20.2043 21.771 2.6428 4.6244 3.9685 7.7461 1.4124 7.686 8.1681918757 2.6428
2016-08-11 19:40:11.830000 24173.561 3.345 49.541 33.512 51.803 4.143 4.2065 3.5532 20.2042 21.7719 2.6422 4.624 3.9695 7.747 1.4122 7.687 8.25789662474 2.6422
2016-08-11 19:41:25.620000 24247.351 3.381 49.541 34.092 51.801 4.143 4.2061 3.5515 20.2044 21.7723 2.6398 4.6235 3.9683 7.7471 1.4122 7.686 8.58114114557 2.6398
2016-08-11 19:42:39.436000 24321.167 3.368 49.54 34.16 51.803 4.143 4.2064 3.5522 20.2046 21.7719 2.641 4.623 3.969 7.7482 1.4121 7.687 8.25789662474 2.641
2016-08-11 19:43:53.278000 24395.009 3.517 49.539 33.843 51.8 4.144 4.206 3.5528 20.2043 21.7725 2.6408 4.6228 3.9694 7.7466 1.412 7.687 8.39245374829 2.6408
2016-08-11 19:45:07.198000 24468.929 3.41 49.535 33.271 51.795 4.143 4.2058 3.5523 20.2039 21.7726 2.6404 4.6222 3.97 7.7484 1.412 7.686 8.63178418265 2.6404
2016-08-11 19:46:21.142000 24542.873 3.328 49.533 33.814 51.793 4.144 4.2068 3.5538 20.2046 21.7724 2.6399 4.622 3.9702 7.7472 1.4119 7.687 8.63178418265 2.6399
2016-08-11 19:47:35.114000 24616.845 3.48 49.531 34.004 51.792 4.144 4.206 3.5533 20.2046 21.7708 2.6393 4.6218 3.9701 7.7492 1.4118 7.687 8.21304425022 2.6393
2016-08-11 19:48:49.139000 24690.87 3.528 49.531 33.433 51.79 4.144 4.206 3.5536 20.2041 21.7702 2.6389 4.6215 3.9707 7.7501 1.4118 7.687 8.43730612281 2.6389
2016-08-11 19:50:03.478000 24765.209 3.341 49.53 33.557 51.789 4.143 4.2058 3.5529 20.2045 21.7702 2.6385 4.6209 3.9689 7.7506 1.4117 7.686 8.30274899925 2.6385
2016-08-11 19:51:17.562000 24839.293 3.554 49.529 33.642 51.789 4.143 4.2049 3.5526 20.2045 21.7712 2.6378 4.6202 3.969 7.7518 1.4116 7.686 8.07848712666 2.6378
2016-08-11 19:52:31.666000 24913.397 3.376 49.527 33.346 51.789 4.144 4.2048 3.5528 20.2044 21.7717 2.6374 4.6197 3.9705 7.7491 1.4115 7.686 8.39245374829 2.6374
2016-08-11 19:53:45.890000 24987.621 3.339 49.531 34.02 51.791 4.142 4.204 3.5519 20.2037 21.7711 2.637 4.619 3.9682 7.7507 1.4114 7.685 8.53049810849 2.637
2016-08-11 19:55:00.181000 25061.912 3.406 49.528 33.289 51.789 4.143 4.2045 3.5517 20.2045 21.7721 2.6364 4.6185 3.9693 7.7496 1.4113 7.685 8.34760137377 2.6364
2016-08-11 19:56:14.442000 25136.173 3.326 49.531 33.784 51.791 4.142 4.2029 3.5512 20.2043 21.7722 2.6358 4.6175 3.9665 7.7521 1.4112 7.685 8.25789662474 2.6358
2016-08-11 19:57:29.024000 25210.755 3.342 49.531 33.445 51.788 4.141 4.2021 3.551 20.2042 21.7723 2.6354 4.6169 3.968 7.7521 1.4111 7.685 8.63178418265 2.6354
2016-08-11 19:58:43.415000 25285.146 3.387 49.528 34.09 51.788 4.142 4.2021 3.5507 20.2043 21.7724 2.6349 4.616 3.9672 7.7529 1.411 7.685 8.30274899925 2.6349
2016-08-11 19:59:57.829000 25359.56 3.362 49.53 33.374 51.788 4.142 4.2021 3.5508 20.2036 21.7722 2.6343 4.6155 3.967 7.7525 1.4109 7.685 8.1681918757 2.6343
2016-08-11 20:01:12.325000 25434.056 3.517 49.526 33.85 51.79 4.144 4.2032 3.5527 20.2043 21.7729 2.6338 4.6154 3.9692 7.753 1.4109 7.685 8.21304425022 2.6338
2016-08-11 20:02:26.786000 25508.517 3.326 49.527 33.801 51.788 4.143 4.2024 3.553 20.2041 21.7728 2.6333 4.6153 3.9695 7.754 1.4108 7.685 8.63178418265 2.6333
2016-08-11 20:03:41.327000 25583.058 3.518 49.528 33.429 51.788 4.142 4.2016 3.5514 20.2043 21.7729 2.633 4.6148 3.9682 7.7517 1.4107 7.685 8.1681918757 2.633
2016-08-11 20:04:55.890000 25657.621 3.422 49.526 34.088 51.785 4.143 4.2018 3.5515 20.2044 21.7732 2.6324 4.6144 3.9693 7.7542 1.4106 7.685 8.07848712666 2.6324
2016-08-11 20:06:10.771000 25732.502 3.339 49.524 34.04 51.786 4.143 4.202 3.5521 20.2044 21.7732 2.6319 4.6142 3.9699 7.7538 1.4105 7.685 8.30274899925 2.6319
2016-08-11 20:07:25.475000 25807.206 3.332 49.523 33.317 51.784 4.144 4.2021 3.5528 20.2043 21.7733 2.6315 4.6139 3.9704 7.7534 1.4105 7.685 8.63178418265 2.6315
2016-08-11 20:08:40.183000 25881.914 3.55 49.523 33.511 51.782 4.144 4.2021 3.5533 20.2039 21.7736 2.631 4.6135 3.9696 7.7537 1.4103 7.686 8.68242721972 2.631
2016-08-11 20:09:54.927000 25956.658 3.364 49.524 34.091 51.785 4.142 4.2008 3.5513 20.2037 21.7727 2.6304 4.6128 3.9682 7.7545 1.4103 7.685 8.30274899925 2.6304
2016-08-11 20:11:09.675000 26031.406 3.329 49.526 33.973 51.785 4.142 4.2005 3.551 20.2044 21.7728 2.6299 4.6119 3.9688 7.7547 1.4102 7.685 8.07848712666 2.6299
2016-08-11 20:12:24.528000 26106.259 3.33 49.525 33.708 51.787 4.142 4.2002 3.5505 20.2041 21.7728 2.6293 4.6111 3.9683 7.7548 1.4101 7.684 8.25789662474 2.6293
2016-08-11 20:13:39.722000 26181.453 3.344 49.524 33.518 51.785 4.142 4.1996 3.5511 20.2041 21.7729 2.6289 4.6106 3.9686 7.755 1.4101 7.684 8.7330702568 2.6289
2016-08-11 20:14:54.670000 26256.401 3.38 49.523 33.31 51.785 4.142 4.1999 3.5513 20.2042 21.7715 2.6283 4.6102 3.968 7.756 1.4099 7.684 8.53049810849 2.6283
2016-08-11 20:16:09.697000 26331.428 3.449 49.527 33.269 51.784 4.143 4.1994 3.552 20.2041 21.7716 2.6277 4.6095 3.9684 7.756 1.4099 7.684 8.07848712666 2.6277
2016-08-11 20:17:24.769000 26406.5 3.544 49.521 33.459 51.783 4.142 4.1988 3.5515 20.2042 21.7715 2.6274 4.6093 3.9675 7.7548 1.4097 7.684 8.25789662474 2.6274
2016-08-11 20:18:39.868000 26481.599 3.55 49.521 33.68 51.782 4.142 4.1984 3.5509 20.2039 21.7717 2.6267 4.6087 3.9671 7.7544 1.4096 7.684 8.68242721972 2.6267
2016-08-11 20:19:55.020000 26556.751 3.422 49.525 33.292 51.783 4.141 4.1977 3.5502 20.2033 21.7722 2.6261 4.6078 3.9663 7.7546 1.4096 7.684 8.68242721972 2.6261
2016-08-11 20:21:10.587000 26632.318 3.343 49.523 33.531 51.783 4.141 4.1974 3.5499 20.2039 21.7725 2.6258 4.6072 3.9669 7.7564 1.4095 7.684 8.34760137377 2.6258
2016-08-11 20:22:25.875000 26707.606 3.329 49.523 33.288 51.782 4.142 4.1977 3.5508 20.2041 21.7725 2.6253 4.6068 3.9676 7.7575 1.4093 7.684 8.12333950118 2.6253
2016-08-11 20:23:41.219000 26782.95 3.327 49.522 33.768 51.781 4.141 4.1969 3.5506 20.2041 21.7728 2.6248 4.6064 3.9674 7.7574 1.4093 7.684 8.63178418265 2.6248
2016-08-11 20:24:56.661000 26858.392 3.379 49.521 34.083 51.779 4.142 4.1974 3.5519 20.2041 21.7725 2.6244 4.6059 3.9687 7.7551 1.4093 7.685 8.78371329388 2.6244
2016-08-11 20:26:12.205000 26933.936 3.476 49.521 34.013 51.779 4.142 4.1975 3.5515 20.2042 21.7707 2.6239 4.6057 3.9683 7.756 1.4092 7.685 8.39245374829 2.6239
2016-08-11 20:27:27.826000 27009.557 3.554 49.518 33.584 51.781 4.141 4.1964 3.5505 20.204 21.7698 2.6234 4.6051 3.967 7.7559 1.409 7.685 8.12333950118 2.6234
2016-08-11 20:28:43.528000 27085.259 3.327 49.518 33.855 51.778 4.142 4.1962 3.5509 20.2036 21.7709 2.6229 4.6045 3.9673 7.7555 1.409 7.684 8.25789662474 2.6229
2016-08-11 20:29:59.534000 27161.265 3.553 49.518 33.522 51.78 4.142 4.1961 3.5515 20.2043 21.7717 2.6224 4.6041 3.9688 7.7558 1.4089 7.685 8.21304425022 2.6224
2016-08-11 20:31:15.285000 27237.016 3.389 49.517 33.313 51.778 4.142 4.1964 3.5509 20.2042 21.7718 2.6219 4.6038 3.9674 7.7577 1.4088 7.685 8.25789662474 2.6219
2016-08-11 20:32:30.848000 27312.579 3.437 49.52 33.655 51.78 4.142 4.1954 3.5507 20.2041 21.7716 2.6215 4.6032 3.9678 7.7569 1.4088 7.684 8.63178418265 2.6215
2016-08-11 20:33:46.249000 27387.98 3.369 49.519 34.084 51.78 4.142 4.1951 3.5506 20.2037 21.7724 2.6211 4.6027 3.968 7.755 1.4086 7.684 8.58114114557 2.6211
2016-08-11 20:35:01.691000 27463.422 3.514 49.519 33.862 51.783 4.142 4.1953 3.5511 20.2041 21.7709 2.6205 4.6022 3.9686 7.7559 1.4085 7.685 8.58114114557 2.6205
2016-08-11 20:36:17.064000 27538.795 3.532 49.52 33.394 51.778 4.143 4.1953 3.552 20.2043 21.7718 2.62 4.6021 3.9696 7.7566 1.4083 7.685 8.48215849733 2.62
2016-08-11 20:37:32.816000 27614.547 3.341 49.518 34.029 51.779 4.143 4.195 3.5518 20.2044 21.7703 2.6196 4.602 3.9679 7.7567 1.4083 7.685 8.34760137377 2.6196
2016-08-11 20:38:48.318000 27690.049 3.464 49.521 34.015 51.778 4.142 4.1952 3.5513 20.2044 21.7712 2.6191 4.6014 3.9682 7.757 1.4082 7.685 8.03363475214 2.6191
2016-08-11 20:40:03.892000 27765.623 3.557 49.519 33.58 51.78 4.143 4.1947 3.5515 20.2044 21.7707 2.6187 4.6008 3.969 7.758 1.408 7.685 8.39245374829 2.6187
2016-08-11 20:41:19.504000 27841.235 3.401 49.517 33.263 51.776 4.143 4.1944 3.5509 20.2037 21.7704 2.618 4.6004 3.9692 7.7556 1.408 7.685 8.34760137377 2.618
2016-08-11 20:42:35.096000 27916.827 3.338 49.513 33.673 51.775 4.143 4.1944 3.5518 20.2044 21.7713 2.6178 4.6002 3.9688 7.7575 1.4079 7.685 8.58114114557 2.6178
2016-08-11 20:43:50.789000 27992.52 3.539 49.515 33.742 51.774 4.143 4.1942 3.5523 20.2043 21.7718 2.6171 4.5997 3.9688 7.7587 1.4079 7.685 8.63178418265 2.6171
2016-08-11 20:45:06.901000 28068.632 3.333 49.514 33.664 51.775 4.141 4.1931 3.5503 20.2042 21.7713 2.6168 4.5989 3.9678 7.756 1.4077 7.685 8.39245374829 2.6168
2016-08-11 20:46:22.575000 28144.306 3.345 49.514 34.049 51.772 4.143 4.1934 3.5515 20.2038 21.7722 2.6163 4.5984 3.9684 7.7574 1.4076 7.685 8.21304425022 2.6163
2016-08-11 20:47:38.367000 28220.098 3.485 49.512 33.338 51.772 4.144 4.1937 3.553 20.2043 21.7728 2.6157 4.5983 3.9701 7.7577 1.4076 7.685 8.53049810849 2.6157
2016-08-11 20:48:54.199000 28295.93 3.365 49.511 33.466 51.771 4.143 4.1931 3.5527 20.2043 21.7727 2.6154 4.598 3.969 7.7569 1.4074 7.685 8.68242721972 2.6154
2016-08-11 20:50:10.092000 28371.823 3.499 49.516 34.007 51.775 4.142 4.1923 3.5514 20.2037 21.7725 2.6147 4.5972 3.9676 7.7559 1.4074 7.684 8.48215849733 2.6147
2016-08-11 20:51:25.954000 28447.685 3.353 49.515 33.451 51.777 4.142 4.1915 3.5504 20.2042 21.7711 2.6142 4.5964 3.968 7.755 1.4073 7.683 8.48215849733 2.6142
2016-08-11 20:52:42.108000 28523.839 3.492 49.518 33.916 51.779 4.14 4.1899 3.5491 20.2041 21.7713 2.6138 4.5952 3.9654 7.7548 1.4072 7.683 8.12333950118 2.6138
2016-08-11 20:53:58.080000 28599.811 3.346 49.518 33.492 51.777 4.14 4.1897 3.5486 20.2035 21.7714 2.613 4.5942 3.9663 7.7572 1.4071 7.682 8.07848712666 2.613
2016-08-11 20:55:07.682000 28669.413 3.38 49.517 33.293 51.778 4.141 4.1897 3.5495 20.2041 21.772 2.6127 4.5936 3.9666 7.756 1.407 7.682 8.53049810849 2.6127
2016-08-11 20:56:16.964000 28738.695 3.331 49.515 33.994 51.777 4.139 4.1883 3.5476 20.2039 21.772 2.6123 4.5929 3.9656 7.7577 1.4069 7.682 8.30274899925 2.6123
2016-08-11 20:57:26.307000 28808.038 3.423 49.518 33.29 51.778 4.139 4.1878 3.5476 20.2038 21.7722 2.6117 4.592 3.9643 7.7583 1.4068 7.682 8.07848712666 2.6117
2016-08-11 20:58:35.609000 28877.34 3.457 49.518 33.815 51.778 4.139 4.1875 3.5482 20.2038 21.7724 2.6113 4.5914 3.9654 7.7573 1.4068 7.682 8.63178418265 2.6113
2016-08-11 20:59:45.262000 28946.993 3.34 49.518 33.557 51.778 4.14 4.1882 3.5484 20.2039 21.7724 2.6108 4.591 3.9657 7.7587 1.4067 7.682 8.1681918757 2.6108
2016-08-11 21:00:54.645000 29016.376 3.55 49.518 33.652 51.777 4.139 4.1878 3.5483 20.2037 21.7702 2.6103 4.5905 3.9653 7.7565 1.4065 7.682 8.43730612281 2.6103
2016-08-11 21:02:04.021000 29085.752 3.361 49.518 33.421 51.777 4.139 4.1868 3.5476 20.2037 21.7705 2.6099 4.5901 3.9649 7.7573 1.4066 7.682 8.30274899925 2.6099
2016-08-11 21:03:13.301000 29155.032 3.53 49.518 33.78 51.778 4.139 4.1864 3.5475 20.2029 21.7694 2.6095 4.5897 3.9644 7.7563 1.4064 7.682 8.1681918757 2.6095
2016-08-11 21:04:22.584000 29224.315 3.445 49.517 33.285 51.778 4.139 4.1862 3.5478 20.203 21.7703 2.6092 4.589 3.9645 7.7584 1.4064 7.682 8.48215849733 2.6092
2016-08-11 21:05:31.918000 29293.649 3.461 49.518 34.048 51.779 4.139 4.1859 3.5474 20.2036 21.7706 2.6086 4.5885 3.9644 7.7551 1.4063 7.682 8.63178418265 2.6086
2016-08-11 21:06:41.567000 29363.298 3.339 49.519 33.571 51.778 4.139 4.1859 3.5485 20.2038 21.7711 2.6082 4.5882 3.9655 7.756 1.4062 7.682 8.12333950118 2.6082
2016-08-11 21:07:50.901000 29432.632 3.548 49.519 33.662 51.778 4.137 4.1843 3.5464 20.2035 21.7711 2.6077 4.5876 3.9625 7.7565 1.4061 7.681 8.21304425022 2.6077
2016-08-11 21:09:00.296000 29502.027 3.339 49.523 34.044 51.783 4.137 4.1837 3.5456 20.2035 21.7711 2.6072 4.5864 3.9631 7.7578 1.4061 7.681 8.43730612281 2.6072
2016-08-11 21:10:09.724000 29571.455 3.39 49.524 33.276 51.78 4.138 4.1843 3.5466 20.2034 21.7709 2.6069 4.5858 3.9629 7.7565 1.406 7.681 7.99010517368 2.6069
2016-08-11 21:11:19.137000 29640.868 3.484 49.523 33.974 51.783 4.137 4.1832 3.5457 20.203 21.771 2.6063 4.5854 3.9635 7.7575 1.4059 7.681 8.1681918757 2.6063
2016-08-11 21:12:28.842000 29710.573 3.331 49.521 33.637 51.783 4.137 4.183 3.5458 20.2033 21.7717 2.6058 4.5847 3.9629 7.7551 1.4058 7.681 8.25789662474 2.6058
2016-08-11 21:13:38.280000 29780.011 3.554 49.521 33.528 51.781 4.138 4.1827 3.5462 20.2035 21.7718 2.6054 4.5844 3.9634 7.7582 1.4057 7.681 8.25789662474 2.6054
2016-08-11 21:14:47.684000 29849.415 3.354 49.523 34.067 51.782 4.138 4.1831 3.547 20.2036 21.772 2.6051 4.5841 3.9638 7.7579 1.4056 7.681 8.58114114557 2.6051
2016-08-11 21:15:56.598000 29918.329 3.532 49.522 33.765 51.782 4.138 4.1822 3.5464 20.2035 21.772 2.6048 4.5838 3.9638 7.7565 1.4056 7.681 8.1681918757 2.6048
2016-08-11 21:17:05.511000 29987.242 3.524 49.519 33.745 51.78 4.138 4.1824 3.5471 20.2036 21.7722 2.6043 4.5834 3.9643 7.7567 1.4055 7.681 8.63178418265 2.6043
2016-08-11 21:18:14.445000 30056.176 3.402 49.52 33.264 51.779 4.139 4.1829 3.5476 20.2037 21.7707 2.6039 4.5833 3.9645 7.7572 1.4054 7.682 8.1681918757 2.6039
2016-08-11 21:19:23.742000 30125.473 3.477 49.517 33.988 51.778 4.138 4.1824 3.5472 20.2035 21.7706 2.6034 4.5831 3.9645 7.7588 1.4053 7.682 8.39245374829 2.6034
2016-08-11 21:20:32.700000 30194.431 3.552 49.52 33.541 51.778 4.138 4.1817 3.5469 20.2036 21.7708 2.6031 4.5824 3.9643 7.7587 1.4052 7.681 8.39245374829 2.6031
2016-08-11 21:21:41.638000 30263.369 3.549 49.518 33.661 51.78 4.137 4.1809 3.5456 20.2035 21.7694 2.6025 4.5819 3.9624 7.7559 1.4051 7.681 8.63178418265 2.6025
2016-08-11 21:22:50.612000 30332.343 3.368 49.519 33.333 51.778 4.138 4.1814 3.5467 20.2032 21.7698 2.6021 4.5813 3.9637 7.757 1.4051 7.681 8.43730612281 2.6021
2016-08-11 21:23:59.566000 30401.297 3.332 49.519 33.999 51.779 4.137 4.1804 3.5461 20.2031 21.77 2.6018 4.5808 3.9634 7.7558 1.4049 7.681 8.21304425022 2.6018
2016-08-11 21:25:08.895000 30470.626 3.419 49.519 33.27 51.781 4.138 4.1807 3.5466 20.2033 21.7704 2.6013 4.5803 3.9631 7.7566 1.4049 7.681 8.39245374829 2.6013
2016-08-11 21:26:17.890000 30539.621 3.323 49.52 33.875 51.778 4.138 4.1806 3.5467 20.2031 21.7706 2.6009 4.5798 3.9637 7.7587 1.4048 7.681 8.12333950118 2.6009
2016-08-11 21:27:26.902000 30608.633 3.471 49.517 34.025 51.777 4.137 4.1797 3.5464 20.203 21.7692 2.6002 4.5793 3.9628 7.7559 1.4048 7.681 8.53049810849 2.6002
2016-08-11 21:28:35.936000 30677.667 3.51 49.518 33.423 51.778 4.137 4.1791 3.5453 20.2031 21.7691 2.5999 4.5787 3.9616 7.7571 1.4046 7.681 8.12333950118 2.5999
2016-08-11 21:29:44.945000 30746.676 3.336 49.518 33.569 51.777 4.136 4.1789 3.5454 20.203 21.7696 2.5995 4.578 3.9625 7.7563 1.4046 7.68 8.63178418265 2.5995
2016-08-11 21:30:54.338000 30816.069 3.553 49.517 33.58 51.778 4.137 4.1788 3.5462 20.2029 21.7698 2.599 4.5776 3.9623 7.7563 1.4045 7.68 8.1681918757 2.599
2016-08-11 21:32:03.433000 30885.164 3.352 49.514 33.432 51.775 4.137 4.179 3.5459 20.203 21.77 2.5985 4.5773 3.9624 7.7555 1.4044 7.68 8.48215849733 2.5985
2016-08-11 21:33:12.532000 30954.263 3.35 49.516 34.078 51.774 4.136 4.1782 3.5443 20.2029 21.77 2.5982 4.5767 3.9619 7.7558 1.4043 7.68 8.63178418265 2.5982
2016-08-11 21:34:21.596000 31023.327 3.389 49.517 33.761 51.777 4.136 4.1779 3.5448 20.203 21.7702 2.5977 4.576 3.9617 7.7562 1.4042 7.68 8.07848712666 2.5977
2016-08-11 21:35:30.189000 31091.92 3.381 49.514 33.279 51.773 4.138 4.1781 3.5468 20.2031 21.7706 2.5971 4.5759 3.9634 7.7563 1.4042 7.68 8.63178418265 2.5971
2016-08-11 21:36:38.799000 31160.53 3.381 49.513 33.313 51.773 4.138 4.178 3.5461 20.2031 21.7707 2.5968 4.5757 3.9629 7.7563 1.4041 7.681 8.12333950118 2.5968
2016-08-11 21:37:47.783000 31229.514 3.331 49.514 34.016 51.775 4.137 4.1775 3.5457 20.2031 21.7694 2.5963 4.5754 3.9625 7.7546 1.4039 7.681 8.25789662474 2.5963
2016-08-11 21:38:56.366000 31298.097 3.338 49.514 34.049 51.775 4.138 4.1777 3.5465 20.2031 21.7693 2.596 4.5751 3.9637 7.7552 1.4039 7.681 8.58114114557 2.596
2016-08-11 21:40:04.960000 31366.691 3.357 49.515 34.071 51.775 4.137 4.1773 3.546 20.203 21.7698 2.5957 4.5746 3.9633 7.755 1.4039 7.681 8.39245374829 2.5957
2016-08-11 21:41:13.619000 31435.35 3.545 49.515 33.694 51.774 4.138 4.1772 3.5462 20.2025 21.7699 2.5953 4.5742 3.9633 7.754 1.4038 7.681 8.12333950118 2.5953
2016-08-11 21:42:22.282000 31504.013 3.545 49.515 33.643 51.775 4.138 4.1772 3.5462 20.2028 21.7699 2.5947 4.574 3.9637 7.7549 1.4037 7.681 8.12333950118 2.5947
2016-08-11 21:43:31.247000 31572.978 3.359 49.515 33.389 51.775 4.137 4.1768 3.5457 20.2025 21.77 2.5943 4.5736 3.9634 7.7542 1.4035 7.681 8.68242721972 2.5943
2016-08-11 21:44:39.886000 31641.617 3.361 49.516 33.368 51.773 4.137 4.1769 3.5459 20.203 21.7703 2.5938 4.573 3.9626 7.7553 1.4035 7.68 8.53049810849 2.5938
2016-08-11 21:45:48.529000 31710.26 3.35 49.515 34.058 51.774 4.137 4.1767 3.5466 20.2031 21.7707 2.5934 4.5726 3.9626 7.7545 1.4034 7.681 8.12333950118 2.5934
2016-08-11 21:46:57.253000 31778.984 3.328 49.513 33.953 51.771 4.137 4.1759 3.5462 20.2031 21.771 2.5929 4.5722 3.9625 7.7549 1.4033 7.68 8.63178418265 2.5929
2016-08-11 21:48:06.432000 31848.163 3.509 49.513 33.864 51.77 4.137 4.1756 3.5457 20.2033 21.7711 2.5926 4.5716 3.9632 7.7526 1.4032 7.68 8.43730612281 2.5926
2016-08-11 21:49:15.466000 31917.197 3.405 49.513 33.261 51.771 4.138 4.1763 3.5467 20.2031 21.7711 2.5921 4.5712 3.9633 7.7524 1.4031 7.68 8.25789662474 2.5921
2016-08-11 21:50:24.149000 31985.88 3.324 49.512 33.821 51.772 4.137 4.175 3.5462 20.2032 21.7712 2.5917 4.5709 3.9628 7.7539 1.4031 7.68 8.12333950118 2.5917
2016-08-11 21:51:32.893000 32054.624 3.324 49.513 33.872 51.772 4.137 4.1746 3.5453 20.2031 21.7705 2.5914 4.5704 3.9621 7.7539 1.403 7.68 8.58114114557 2.5914
2016-08-11 21:52:41.532000 32123.263 3.485 49.511 33.977 51.773 4.138 4.1748 3.5459 20.2032 21.7694 2.591 4.57 3.9629 7.7535 1.4029 7.681 8.1681918757 2.591
2016-08-11 21:53:50.225000 32191.956 3.482 49.511 33.946 51.772 4.137 4.1744 3.5448 20.203 21.7698 2.5905 4.5696 3.9618 7.7545 1.4028 7.68 8.63178418265 2.5905
2016-08-11 21:54:59.250000 32260.981 3.49 49.515 33.353 51.774 4.137 4.174 3.5453 20.2029 21.7702 2.5901 4.5689 3.9627 7.7529 1.4028 7.68 8.30274899925 2.5901
2016-08-11 21:56:07.970000 32329.701 3.329 49.511 33.336 51.771 4.137 4.1739 3.5452 20.2032 21.7705 2.5897 4.5687 3.9632 7.7543 1.4026 7.68 8.48215849733 2.5897
2016-08-11 21:57:16.733000 32398.464 3.327 49.511 33.796 51.771 4.137 4.1739 3.5453 20.2025 21.7704 2.5893 4.5684 3.9632 7.7537 1.4025 7.68 8.63178418265 2.5893
2016-08-11 21:58:25.437000 32467.168 3.479 49.511 33.842 51.771 4.138 4.174 3.5459 20.2026 21.7709 2.5888 4.5679 3.9625 7.7544 1.4023 7.68 8.34760137377 2.5888
2016-08-11 21:59:34.191000 32535.922 3.479 49.51 33.994 51.771 4.138 4.1737 3.5464 20.2033 21.7705 2.5883 4.5676 3.9629 7.7532 1.4023 7.68 8.07848712666 2.5883
2016-08-11 22:00:43.330000 32605.061 3.477 49.511 33.35 51.771 4.137 4.1733 3.5456 20.2028 21.7707 2.588 4.5673 3.9629 7.7524 1.4023 7.68 8.48215849733 2.588
2016-08-11 22:01:52.083000 32673.814 3.333 49.513 33.697 51.772 4.137 4.1734 3.5456 20.2034 21.7708 2.5877 4.5669 3.9636 7.7525 1.4021 7.68 8.25789662474 2.5877
2016-08-11 22:03:00.907000 32742.638 3.428 49.511 33.63 51.771 4.138 4.1739 3.5469 20.2031 21.771 2.5873 4.5667 3.9641 7.7517 1.4025 7.681 8.12333950118 2.5873
2016-08-11 22:04:09.696000 32811.427 3.446 49.51 34.038 51.768 4.136 4.1205 3.5437 20.2022 21.7711 2.6178 4.5674 3.9616 7.7554 2.0408 7.68 8.39245374829 2.6178
2016-08-11 22:05:18.519000 32880.25 3.548 49.509 33.514 51.766 4.131 4.0507 3.5362 20.2 21.7698 2.734 4.5702 3.9546 7.7546 2.5169 7.678 8.30274899925 2.734
2016-08-11 22:06:27.704000 32949.435 3.342 49.507 33.502 51.766 4.125 3.9972 3.5285 20.1984 21.7693 2.8972 4.5712 3.9498 7.7594 2.9019 7.675 8.53049810849 2.8972
2016-08-11 22:07:36.473000 33018.204 3.387 49.51 34.086 51.766 4.12 3.9544 3.5231 20.1969 21.7685 3.0667 4.5704 3.9445 7.7633 3.219 7.672 8.48215849733 3.0667
2016-08-11 22:08:45.256000 33086.987 3.411 49.507 34.079 51.766 4.118 3.9219 3.5202 20.1962 21.7683 3.2336 4.5691 3.942 7.7676 3.4916 7.67 8.07848712666 3.2336
2016-08-11 22:09:54.069000 33155.8 3.545 49.506 33.597 51.766 4.115 3.8942 3.5151 20.1954 21.7676 3.3906 4.5681 3.9372 7.7763 3.7291 7.669 8.58114114557 3.3906
2016-08-11 22:11:02.913000 33224.644 3.364 49.508 33.322 51.766 4.113 3.872 3.5118 20.1947 21.7672 3.538 4.5668 3.9348 7.7852 3.9424 7.667 8.12333950118 3.538
2016-08-11 22:12:12.043000 33293.774 3.335 49.507 34.02 51.766 4.111 3.8543 3.511 20.1943 21.7672 3.6737 4.5656 3.9345 7.7965 4.1354 7.666 8.53049810849 3.6737
2016-08-11 22:13:20.905000 33362.636 3.524 49.506 33.766 51.765 4.11 3.8388 3.5088 20.1939 21.767 3.7996 4.5651 3.933 7.8112 4.3133 7.665 8.21304425022 3.7996
2016-08-11 22:14:29.769000 33431.5 3.534 49.508 33.657 51.764 4.109 3.8258 3.5067 20.1937 21.7667 3.9174 4.5644 3.9309 7.8249 4.4751 7.664 8.07848712666 3.9174
2016-08-11 22:15:38.679000 33500.41 3.376 49.505 33.309 51.764 4.107 3.8146 3.5049 20.1933 21.7664 4.0272 4.5639 3.929 7.8418 4.6223 7.664 8.34760137377 4.0272
2016-08-11 22:16:47.544000 33569.275 3.321 49.505 33.906 51.764 4.106 3.8053 3.5043 20.1931 21.7664 4.1291 4.5637 3.9291 7.858 4.763 7.663 8.39245374829 4.1291
2016-08-11 22:17:56.767000 33638.498 3.426 49.505 33.835 51.764 4.106 3.7971 3.503 20.1929 21.7662 4.2258 4.5635 3.9279 7.8758 4.89 7.662 8.43730612281 4.2258
2016-08-11 22:19:05.711000 33707.442 3.481 49.504 33.36 51.763 4.104 3.789 3.5006 20.1926 21.766 4.316 4.5633 3.9254 7.8921 5.0147 7.662 8.68242721972 4.316
2016-08-11 22:20:14.600000 33776.331 3.344 49.505 33.43 51.764 4.105 3.7842 3.5018 20.1927 21.7646 4.4001 4.5633 3.927 7.9112 5.1259 7.662 8.34760137377 4.4001
2016-08-11 22:21:23.504000 33845.235 3.353 49.501 34.047 51.761 4.105 3.7789 3.502 20.1927 21.7649 4.4804 4.5637 3.9274 7.9287 5.2341 7.662 8.1681918757 4.4804
2016-08-11 22:22:32.405000 33914.136 3.529 49.502 34.063 51.761 4.104 3.7734 3.5002 20.1924 21.765 4.5562 4.564 3.9262 7.9466 5.3378 7.661 8.58114114557 4.5562
2016-08-11 22:23:41.634000 33983.365 3.379 49.502 33.296 51.762 4.104 3.7697 3.5001 20.1926 21.7653 4.6281 4.5642 3.9254 7.9637 5.4323 7.661 8.07848712666 4.6281
2016-08-11 22:24:50.528000 34052.259 3.32 49.502 34.008 51.762 4.104 3.766 3.5008 20.1923 21.7641 4.6967 4.5646 3.9263 7.9816 5.5259 7.661 8.7330702568 4.6967
2016-08-11 22:25:59.452000 34121.183 3.494 49.502 33.892 51.761 4.103 3.7621 3.4996 20.1921 21.764 4.7618 4.5648 3.9256 8.0017 5.6138 7.661 8.07848712666 4.7618
2016-08-11 22:27:08.360000 34190.091 3.414 49.499 33.837 51.759 4.104 3.7601 3.4997 20.1923 21.7645 4.8243 4.5652 3.9259 8.0199 5.6959 7.661 8.48215849733 4.8243
2016-08-11 22:28:17.302000 34259.033 3.412 49.498 33.269 51.756 4.103 3.7572 3.4992 20.1923 21.7649 4.884 4.5658 3.9247 8.0367 5.7763 7.661 8.39245374829 4.884
2016-08-11 22:29:26.634000 34328.365 3.443 49.496 34.023 51.756 4.104 3.7544 3.4997 20.1922 21.7651 4.941 4.5661 3.9257 8.0521 5.8532 7.661 8.34760137377 4.941
2016-08-11 22:30:35.626000 34397.357 3.506 49.494 33.394 51.753 4.104 3.7522 3.4992 20.1924 21.7641 4.9959 4.5665 3.925 8.0691 5.9269 7.661 8.53049810849 4.9959
2016-08-11 22:31:44.597000 34466.328 3.331 49.494 33.558 51.751 4.102 3.7496 3.4985 20.1922 21.7639 5.0482 4.5669 3.9241 8.0864 5.996 7.66 8.12333950118 5.0482
2016-08-11 22:32:53.509000 34535.24 3.388 49.495 34.082 51.755 4.101 3.7466 3.4972 20.192 21.7627 5.0986 4.5667 3.923 8.1042 6.0627 7.66 8.63178418265 5.0986
2016-08-11 22:34:02.821000 34604.552 3.538 49.494 33.617 51.755 4.101 3.7445 3.4969 20.192 21.7629 5.1477 4.5666 3.9227 8.1231 6.1286 7.659 8.07848712666 5.1477
2016-08-11 22:35:11.775000 34673.506 3.359 49.494 33.34 51.751 4.101 3.7431 3.4966 20.1919 21.7637 5.1949 4.5669 3.9223 8.1391 6.1892 7.659 8.78371329388 5.1949
2016-08-11 22:36:20.736000 34742.467 3.328 49.494 34.012 51.755 4.101 3.7418 3.4974 20.192 21.7641 5.2399 4.567 3.9236 8.1589 6.2508 7.659 8.07848712666 5.2399
2016-08-11 22:37:29.688000 34811.419 3.514 49.492 33.809 51.754 4.101 3.7399 3.4967 20.1918 21.7643 5.283 4.5675 3.923 8.173 6.3071 7.659 8.48215849733 5.283
2016-08-11 22:38:38.669000 34880.4 3.46 49.497 33.322 51.753 4.101 3.7389 3.4966 20.1917 21.7645 5.3253 4.5676 3.9225 8.1916 6.3604 7.659 8.34760137377 5.3253
2016-08-11 22:39:47.981000 34949.712 3.427 49.496 34.069 51.753 4.102 3.738 3.4972 20.1919 21.765 5.3665 4.568 3.9232 8.2086 6.4166 7.659 8.1681918757 5.3665
2016-08-11 22:40:56.983000 35018.714 3.535 49.496 33.492 51.757 4.101 3.7357 3.4961 20.1918 21.7637 5.4062 4.5681 3.9226 8.2281 6.4703 7.659 8.53049810849 5.4062
2016-08-11 22:42:05.926000 35087.657 3.341 49.496 33.503 51.753 4.101 3.735 3.4961 20.1917 21.7637 5.4442 4.5682 3.9224 8.2439 6.5204 7.659 8.43730612281 5.4442
2016-08-11 22:43:14.998000 35156.729 3.356 49.495 34.061 51.751 4.101 3.7347 3.4967 20.1916 21.7641 5.4811 4.5685 3.9226 8.2631 6.5699 7.659 8.25789662474 5.4811
2016-08-11 22:44:24.270000 35226.001 3.532 49.492 33.716 51.752 4.101 3.7334 3.4972 20.1916 21.7634 5.5174 4.5689 3.9229 8.2816 6.6162 7.659 8.39245374829 5.5174
2016-08-11 22:45:33.311000 35295.042 3.368 49.494 33.295 51.753 4.101 3.7325 3.4967 20.1917 21.7632 5.5523 4.5691 3.9223 8.2986 6.6659 7.659 8.34760137377 5.5523
2016-08-11 22:46:42.253000 35363.984 3.325 49.493 33.994 51.752 4.102 3.7325 3.4976 20.1917 21.7637 5.5861 4.5696 3.9237 8.3143 6.7139 7.659 8.58114114557 5.5861
2016-08-11 22:47:51.276000 35433.007 3.497 49.494 33.836 51.751 4.102 3.7314 3.4977 20.1918 21.7631 5.6192 4.5697 3.9234 8.3347 6.7584 7.659 8.12333950118 5.6192
2016-08-11 22:49:00.318000 35502.049 3.319 49.492 33.263 51.752 4.102 3.7306 3.4974 20.1918 21.763 5.6511 4.57 3.9229 8.3534 6.802 7.659 8.63178418265 5.6511
2016-08-11 22:50:09.730000 35571.461 3.446 49.494 34.013 51.751 4.101 3.73 3.4964 20.1917 21.7633 5.6821 4.5701 3.9231 8.37 6.8443 7.659 8.21304425022 5.6821
2016-08-11 22:51:18.732000 35640.463 3.497 49.492 33.389 51.751 4.101 3.7293 3.4969 20.1917 21.7639 5.7125 4.5702 3.9225 8.3854 6.8829 7.659 8.63178418265 5.7125
2016-08-11 22:52:27.783000 35709.514 3.328 49.492 33.587 51.751 4.1 3.7273 3.4954 20.1916 21.7632 5.7422 4.5702 3.9207 8.4037 6.9239 7.658 8.48215849733 5.7422
2016-08-11 22:53:36.846000 35778.577 3.544 49.496 33.559 51.751 4.099 3.7266 3.4943 20.1916 21.7626 5.7713 4.57 3.9212 8.4225 6.9636 7.658 8.21304425022 5.7713
2016-08-11 22:54:46.348000 35848.079 3.329 49.492 33.458 51.755 4.099 3.7254 3.4949 20.1915 21.7629 5.7997 4.5699 3.9206 8.4409 7.0039 7.658 8.63178418265 5.7997
2016-08-11 22:55:55.390000 35917.121 3.517 49.492 33.777 51.751 4.1 3.7248 3.4949 20.1917 21.7632 5.8265 4.57 3.9211 8.4589 7.04 7.658 8.03363475214 5.8265
2016-08-11 22:57:04.692000 35986.423 3.379 49.493 33.262 51.75 4.1 3.7249 3.4951 20.191 21.7631 5.8527 4.5702 3.9214 8.4714 7.0765 7.658 8.63178418265 5.8527
2016-08-11 22:58:14.144000 36055.875 3.483 49.491 33.904 51.749 4.1 3.7243 3.4952 20.1914 21.7627 5.8786 4.5706 3.9221 8.4902 7.1107 7.658 8.30274899925 5.8786
2016-08-11 22:59:23.767000 36125.498 3.455 49.492 33.758 51.749 4.1 3.7236 3.4952 20.1914 21.7632 5.9038 4.5708 3.9214 8.5073 7.146 7.658 8.25789662474 5.9038
2016-08-11 23:00:33.609000 36195.34 3.336 49.49 33.503 51.749 4.1 3.7235 3.4962 20.1915 21.7637 5.9287 4.5709 3.9223 8.525 7.1791 7.658 8.25789662474 5.9287
2016-08-11 23:01:43.280000 36265.011 3.369 49.492 33.669 51.75 4.1 3.7234 3.4951 20.1914 21.7634 5.9528 4.5711 3.9223 8.543 7.211 7.658 8.48215849733 5.9528
2016-08-11 23:02:52.804000 36334.535 3.504 49.493 33.794 51.751 4.099 3.7218 3.4947 20.1908 21.7639 5.9766 4.571 3.9204 8.5599 7.2424 7.658 8.21304425022 5.9766
2016-08-11 23:04:02.356000 36404.087 3.317 49.492 33.829 51.75 4.099 3.7206 3.4934 20.1913 21.7642 6.0 4.5709 3.9205 8.5766 7.275 7.657 8.58114114557 6.0
2016-08-11 23:05:12.198000 36473.929 3.476 49.491 33.331 51.749 4.101 3.7218 3.4959 20.1914 21.7648 6.0213 4.5711 3.9225 8.5959 7.3082 7.658 8.34760137377 6.0213
2016-08-11 23:06:21.652000 36543.383 3.415 49.489 34.076 51.751 4.099 3.72 3.4947 20.1914 21.7645 6.042 4.5712 3.9207 8.6119 7.3378 7.658 8.1681918757 6.042
2016-08-11 23:07:31.110000 36612.841 3.344 49.491 33.417 51.749 4.1 3.7211 3.4948 20.1915 21.7643 6.0626 4.5714 3.9219 8.6311 7.3679 7.658 8.68242721972 6.0626
2016-08-11 23:08:40.564000 36682.295 3.538 49.488 33.675 51.746 4.102 3.7211 3.4965 20.1909 21.7647 6.0827 4.5717 3.9224 8.6443 7.3972 7.658 8.48215849733 6.0827
2016-08-11 23:09:50.386000 36752.117 3.492 49.488 33.859 51.746 4.101 3.7204 3.4953 20.1915 21.7651 6.1025 4.5721 3.9218 8.6635 7.4253 7.658 8.21304425022 6.1025
2016-08-11 23:10:59.820000 36821.551 3.322 49.488 33.688 51.748 4.101 3.7197 3.4961 20.1917 21.7643 6.1217 4.5723 3.9227 8.6808 7.4512 7.658 8.53049810849 6.1217
2016-08-11 23:12:09.138000 36890.869 3.453 49.488 34.032 51.747 4.1 3.719 3.4951 20.1916 21.7635 6.1407 4.5723 3.9216 8.6923 7.4794 7.658 8.21304425022 6.1407
2016-08-11 23:13:18.516000 36960.247 3.331 49.489 33.55 51.749 4.1 3.7187 3.4954 20.1916 21.7638 6.1594 4.5722 3.9218 8.7121 7.5045 7.658 8.53049810849 6.1594
2016-08-11 23:14:27.844000 37029.575 3.546 49.493 33.575 51.751 4.1 3.7186 3.4954 20.1915 21.7641 6.1775 4.572 3.9208 8.7306 7.5295 7.658 8.7330702568 6.1775
2016-08-11 23:15:37.616000 37099.347 3.532 49.49 34.072 51.75 4.099 3.7172 3.4939 20.1908 21.7639 6.1955 4.5719 3.9207 8.7462 7.5539 7.657 8.53049810849 6.1955
2016-08-11 23:16:46.956000 37168.687 3.366 49.492 33.285 51.75 4.1 3.7177 3.4954 20.1908 21.7646 6.2133 4.5717 3.9215 8.7583 7.5794 7.658 8.25789662474 6.2133
2016-08-11 23:17:56.312000 37238.043 3.5 49.489 33.865 51.749 4.101 3.7179 3.4951 20.1915 21.7649 6.2306 4.572 3.9221 8.7778 7.6023 7.658 8.1681918757 6.2306
2016-08-11 23:19:05.674000 37307.405 3.321 49.488 33.724 51.745 4.1 3.7174 3.4953 20.1916 21.7648 6.2478 4.5723 3.9214 8.7929 7.6275 7.658 8.68242721972 6.2478
2016-08-11 23:20:15.427000 37377.158 3.534 49.488 33.46 51.747 4.1 3.7168 3.4953 20.1914 21.7651 6.2648 4.5723 3.9211 8.8079 7.6505 7.658 8.34760137377 6.2648
2016-08-11 23:21:24.765000 37446.496 3.362 49.488 34.058 51.746 4.1 3.7172 3.4958 20.1914 21.7651 6.2813 4.5724 3.9224 8.8199 7.6732 7.658 8.7330702568 6.2813
2016-08-11 23:22:34.203000 37515.934 3.372 49.487 33.317 51.745 4.1 3.7167 3.4949 20.1914 21.7646 6.2975 4.5725 3.9209 8.8385 7.6962 7.658 8.30274899925 6.2975
2016-08-11 23:23:43.633000 37585.364 3.512 49.489 33.812 51.748 4.1 3.7161 3.4945 20.1907 21.7645 6.3136 4.5722 3.922 8.8503 7.7191 7.658 8.68242721972 6.3136
2016-08-11 23:24:53.485000 37655.216 3.32 49.486 33.836 51.745 4.101 3.7164 3.4957 20.1914 21.7652 6.3298 4.5723 3.9227 8.8703 7.741 7.658 8.53049810849 6.3298
2016-08-11 23:26:02.891000 37724.622 3.491 49.485 33.351 51.742 4.102 3.7166 3.4961 20.1916 21.7653 6.3451 4.5727 3.9225 8.8853 7.7618 7.658 8.1681918757 6.3451
2016-08-11 23:27:12.230000 37793.961 3.428 49.484 34.069 51.744 4.101 3.7158 3.4957 20.1915 21.7651 6.3604 4.573 3.9226 8.8986 7.7828 7.658 8.48215849733 6.3604
2016-08-11 23:28:21.705000 37863.436 3.342 49.486 33.454 51.742 4.1 3.7154 3.4959 20.1914 21.7649 6.3754 4.5728 3.9215 8.9151 7.8041 7.658 8.63178418265 6.3754
2016-08-11 23:29:31.537000 37933.268 3.377 49.483 33.702 51.745 4.1 3.7155 3.4954 20.1912 21.7647 6.3903 4.5727 3.9219 8.932 7.8229 7.658 8.25789662474 6.3903
2016-08-11 23:30:40.982000 38002.713 3.321 49.484 33.908 51.743 4.1 3.715 3.4954 20.1908 21.7649 6.4051 4.5726 3.9221 8.9463 7.8432 7.658 8.78371329388 6.4051
2016-08-11 23:31:50.302000 38072.033 3.453 49.484 33.282 51.742 4.1 3.7143 3.4941 20.1912 21.7648 6.4197 4.5725 3.9206 8.9616 7.8611 7.657 8.25789662474 6.4197
2016-08-11 23:32:59.738000 38141.469 3.388 49.483 34.071 51.743 4.1 3.7142 3.4951 20.1912 21.7649 6.434 4.5723 3.9216 8.9757 7.8799 7.657 8.53049810849 6.434
2016-08-11 23:34:09.601000 38211.332 3.331 49.482 33.3 51.741 4.101 3.7152 3.4965 20.1914 21.7654 6.4482 4.5725 3.9227 8.991 7.8977 7.658 8.78371329388 6.4482
2016-08-11 23:35:19.080000 38280.811 3.411 49.482 33.852 51.741 4.101 3.7152 3.4959 20.1913 21.7652 6.4621 4.5728 3.9223 9.007 7.9189 7.658 8.21304425022 6.4621
2016-08-11 23:36:28.520000 38350.251 3.321 49.483 33.795 51.739 4.102 3.7155 3.4973 20.1914 21.7649 6.4758 4.5729 3.9237 9.0187 7.9347 7.658 8.7330702568 6.4758
2016-08-11 23:37:38.003000 38419.734 3.48 49.48 33.351 51.739 4.102 3.715 3.4964 20.1909 21.7651 6.4894 4.5731 3.9227 9.0307 7.9547 7.658 8.30274899925 6.4894
2016-08-11 23:38:47.930000 38489.661 3.552 49.481 33.534 51.738 4.103 3.7149 3.4972 20.1914 21.7634 6.5028 4.5732 3.9238 9.0457 7.9723 7.658 8.21304425022 6.5028
2016-08-11 23:39:57.375000 38559.106 3.34 49.478 34.021 51.737 4.102 3.7154 3.4971 20.1916 21.7638 6.5159 4.5735 3.9242 9.0612 7.9911 7.658 8.7330702568 6.5159
2016-08-11 23:41:06.907000 38628.638 3.398 49.479 33.238 51.736 4.102 3.715 3.4975 20.1916 21.7639 6.5286 4.5734 3.9227 9.0748 8.0076 7.658 8.12333950118 6.5286
2016-08-11 23:42:16.423000 38698.154 3.475 49.478 34.048 51.738 4.102 3.7155 3.4971 20.1917 21.7638 6.5412 4.5733 3.9245 9.0875 8.0236 7.658 8.78371329388 6.5412
2016-08-11 23:43:26.336000 38768.067 3.422 49.478 34.136 51.738 4.103 3.715 3.4977 20.1917 21.7644 6.5537 4.5736 3.9247 9.1036 8.0414 7.658 8.34760137377 6.5537
2016-08-11 23:44:35.799000 38837.53 3.355 49.473 33.375 51.735 4.104 3.7152 3.498 20.1914 21.7648 6.566 4.5739 3.9245 9.1152 8.0563 7.659 8.63178418265 6.566
2016-08-11 23:45:45.353000 38907.084 3.523 49.475 33.77 51.732 4.104 3.7154 3.4986 20.1917 21.7648 6.5781 4.5741 3.9252 9.1296 8.0711 7.659 8.34760137377 6.5781
2016-08-11 23:46:54.895000 38976.626 3.322 49.476 33.887 51.734 4.103 3.7143 3.4978 20.1915 21.7646 6.5901 4.5739 3.9239 9.1415 8.0903 7.658 8.68242721972 6.5901
2016-08-11 23:48:04.460000 39046.191 3.497 49.476 33.319 51.732 4.102 3.7146 3.497 20.1914 21.764 6.6018 4.5736 3.9219 9.1552 8.1049 7.658 8.48215849733 6.6018
2016-08-11 23:49:14.316000 39116.047 3.542 49.474 33.488 51.732 4.102 3.7134 3.4961 20.1914 21.7645 6.6138 4.5734 3.9234 9.1666 8.1212 7.658 8.48215849733 6.6138
2016-08-11 23:50:23.837000 39185.568 3.371 49.474 34.064 51.732 4.102 3.7132 3.4968 20.1914 21.7644 6.6252 4.5731 3.9232 9.1805 8.1357 7.657 8.83435633095 6.6252
2016-08-11 23:51:33.419000 39255.15 3.363 49.474 33.313 51.732 4.101 3.7124 3.4963 20.1911 21.7644 6.6367 4.5727 3.9221 9.1888 8.1495 7.657 8.63178418265 6.6367
2016-08-11 23:52:43.419000 39325.15 3.401 49.471 33.238 51.731 4.102 3.7142 3.4971 20.1913 21.7641 6.648 4.5728 3.9237 9.2048 8.164 7.657 8.34760137377 6.648
2016-08-11 23:53:52.939000 39394.67 3.48 49.473 33.905 51.73 4.102 3.713 3.497 20.1906 21.7643 6.6593 4.5728 3.9238 9.2177 8.179 7.657 8.21304425022 6.6593
2016-08-11 23:55:02.441000 39464.172 3.453 49.471 33.799 51.732 4.102 3.7128 3.4962 20.1914 21.7647 6.6702 4.5728 3.9228 9.2303 8.1941 7.657 8.48215849733 6.6702
2016-08-11 23:56:11.953000 39533.684 3.335 49.474 33.524 51.729 4.101 3.712 3.4964 20.1913 21.7645 6.6809 4.5726 3.9231 9.2436 8.2082 7.657 8.63178418265 6.6809
2016-08-11 23:57:21.875000 39603.606 3.357 49.473 33.58 51.73 4.101 3.7114 3.4956 20.1912 21.7645 6.6917 4.5721 3.9225 9.2554 8.2218 7.656 8.58114114557 6.6917
2016-08-11 23:58:31.277000 39673.008 3.343 49.472 34.052 51.73 4.1 3.7113 3.4952 20.191 21.7639 6.7021 4.5718 3.9212 9.2696 8.2363 7.656 8.43730612281 6.7021
2016-08-11 23:59:40.759000 39742.49 3.378 49.47 33.329 51.728 4.1 3.7107 3.4944 20.1905 21.764 6.7125 4.5714 3.9217 9.2804 8.2496 7.656 8.25789662474 6.7125
