2016-06-02 00:00:35.910000 163964.748 3.329 59.844 35.645 63.279 3.962 3.9315 3.4534 3.7597 4.3263 3.7433 4.0859 3.7886 3.5338 3.5092 7.785 3.4846331947
2016-06-02 00:02:03.566000 164052.404 3.544 59.842 35.211 63.277 3.934 3.9314 3.4534 3.7593 4.326 3.7434 4.0857 3.7894 3.5344 3.5092 7.785 3.45588222811
2016-06-02 00:03:31.134000 164139.972 3.326 59.841 35.303 63.276 3.955 3.9311 3.4534 3.7593 4.326 3.7433 4.0856 3.791 3.5346 3.5092 7.787 3.52615006642
2016-06-02 00:04:58.731000 164227.569 3.496 59.842 35.022 63.276 3.964 3.9308 3.4535 3.76 4.3266 3.7435 4.086 3.7919 3.5348 3.5094 7.786 3.55636318052
2016-06-02 00:06:26.182000 164315.02 3.314 59.84 34.984 63.276 3.962 3.9307 3.4536 3.76 4.3265 3.7434 4.0862 3.7894 3.5346 3.5094 7.785 3.40413048824
2016-06-02 00:07:53.639000 164402.477 3.317 59.839 35.474 63.276 3.964 3.9305 3.4537 3.7602 4.3267 3.7434 4.0862 3.7908 3.5347 3.5091 7.785 3.40988068156
2016-06-02 00:09:21.267000 164490.105 3.437 59.84 34.991 63.274 3.964 3.9304 3.4538 3.7613 4.3275 3.7436 4.0869 3.7918 3.5348 3.5093 7.787 3.49038338802
2016-06-02 00:10:48.894000 164577.732 3.321 59.84 35.612 63.276 3.963 3.9303 3.4538 3.7604 4.3269 3.7438 4.0866 3.7916 3.535 3.5097 7.788 3.43288145483
2016-06-02 00:12:16.512000 164665.35 3.535 59.842 35.283 63.276 3.841 3.93 3.4538 3.76 4.3265 3.7438 4.0864 3.7905 3.5349 3.5094 7.787 3.49613358134
2016-06-02 00:13:44.180000 164753.018 3.348 59.839 35.166 63.275 3.963 3.9299 3.4538 3.7601 4.3268 3.7438 4.0863 3.79 3.5347 3.5095 7.786 3.46163242143
2016-06-02 00:15:11.737000 164840.575 3.543 59.839 35.142 63.275 3.951 3.9296 3.4539 3.7603 4.3269 3.7438 4.0865 3.7914 3.5351 3.5094 7.785 3.50197957514
2016-06-02 00:16:39.305000 164928.143 3.324 59.84 35.331 63.275 3.964 3.9295 3.4539 3.7606 4.3271 3.7439 4.0867 3.7923 3.5352 3.5094 7.785 3.47313280806
2016-06-02 00:18:07.052000 165015.89 3.477 59.841 35.541 63.277 3.963 3.9293 3.4539 3.7601 4.3266 3.7439 4.0865 3.7909 3.5348 3.5094 7.784 3.40413048824
2016-06-02 00:19:34.470000 165103.308 3.41 59.841 34.979 63.276 3.963 3.9291 3.4539 3.7601 4.3267 3.7439 4.0864 3.7899 3.5352 3.5099 7.786 3.49038338802
2016-06-02 00:21:02.187000 165191.025 3.5 59.842 35.395 63.277 3.962 3.929 3.4538 3.7594 4.3261 3.7439 4.086 3.7888 3.5357 3.5094 7.784 3.47313280806
2016-06-02 00:22:29.925000 165278.763 3.368 59.842 35.015 63.277 3.963 3.9287 3.4539 3.7589 4.3259 3.7439 4.0855 3.7905 3.5352 3.5097 7.785 3.47888300138
2016-06-02 00:23:57.562000 165366.4 3.366 59.841 35.647 63.278 3.964 3.9285 3.4539 3.7601 4.3266 3.7439 4.0861 3.7925 3.5349 3.5099 7.785 3.38753311406
2016-06-02 00:25:25.182000 165454.02 3.337 59.842 35.215 63.275 3.916 3.9284 3.454 3.7608 4.3271 3.744 4.0867 3.7914 3.5351 3.5101 7.786 3.50197957514
2016-06-02 00:26:52.992000 165541.83 3.435 59.842 35.633 63.277 3.963 3.9281 3.4541 3.7602 4.3268 3.744 4.0866 3.7894 3.5352 3.5098 7.785 3.50802219796
2016-06-02 00:28:20.620000 165629.458 3.327 59.84 35.346 63.277 3.963 3.928 3.4541 3.7604 4.3269 3.744 4.0865 3.7916 3.5352 3.5095 7.786 3.45588222811
2016-06-02 00:29:48.447000 165717.285 3.479 59.84 35.527 63.276 3.964 3.9278 3.4543 3.761 4.3272 3.7441 4.0868 3.7923 3.5355 3.5102 7.786 3.47888300138
2016-06-02 00:31:16.245000 165805.083 3.325 59.838 35.353 63.273 3.966 3.9276 3.4543 3.7624 4.3284 3.7442 4.0877 3.794 3.535 3.5102 7.787 3.47313280806
2016-06-02 00:32:43.942000 165892.78 3.475 59.838 35.502 63.273 3.966 3.9274 3.4544 3.7623 4.3283 3.7444 4.088 3.7922 3.5352 3.5097 7.79 3.39846093465
2016-06-02 00:34:11.669000 165980.507 3.32 59.838 35.389 63.274 3.943 3.9272 3.4546 3.7617 4.328 3.7444 4.0878 3.7917 3.5353 3.5099 7.787 3.49613358134
2016-06-02 00:35:39.507000 166068.345 3.48 59.836 35.484 63.273 3.965 3.927 3.4545 3.7615 4.3278 3.7446 4.0875 3.793 3.5356 3.5099 7.786 3.50802219796
2016-06-02 00:37:07.185000 166156.023 3.317 59.836 35.54 63.272 3.965 3.9269 3.4546 3.7618 4.3281 3.7447 4.0878 3.7917 3.5355 3.5102 7.786 3.41563087488
2016-06-02 00:38:35.063000 166243.901 3.514 59.835 35.384 63.27 3.964 3.9266 3.4547 3.7615 4.3279 3.7446 4.0877 3.791 3.5354 3.5106 7.785 3.46163242143
2016-06-02 00:40:02.800000 166331.638 3.326 59.834 35.613 63.269 3.963 3.9265 3.4547 3.7609 4.3272 3.7448 4.0873 3.7915 3.5353 3.5103 7.786 3.46738261475
2016-06-02 00:41:30.758000 166419.596 3.368 59.834 35.021 63.27 3.963 3.9263 3.4547 3.7603 4.3271 3.7448 4.0869 3.7911 3.5358 3.5104 7.785 3.46738261475
2016-06-02 00:42:58.495000 166507.333 3.35 59.834 35.644 63.269 3.964 3.9262 3.4548 3.7601 4.3269 3.7447 4.0865 3.7905 3.5356 3.5099 7.786 3.59261891743
2016-06-02 00:44:26.441000 166595.279 3.342 59.831 35.219 63.266 3.963 3.9259 3.4546 3.7609 4.3273 3.7448 4.087 3.7913 3.5356 3.5101 7.785 3.49613358134
2016-06-02 00:45:54.248000 166683.086 3.546 59.831 35.12 63.267 3.963 3.9258 3.4548 3.7612 4.3276 3.7447 4.0871 3.7933 3.5356 3.5104 7.787 3.49038338802
2016-06-02 00:47:21.876000 166770.714 3.324 59.829 35.336 63.267 3.956 3.9256 3.4548 3.7619 4.328 3.7448 4.0876 3.7924 3.5358 3.5105 7.786 3.45588222811
2016-06-02 00:48:49.794000 166858.632 3.481 59.828 34.999 63.264 3.967 3.9253 3.4549 3.7626 4.3286 3.7447 4.0881 3.7938 3.5359 3.5102 7.786 3.46738261475
2016-06-02 00:50:17.882000 166946.72 3.469 59.828 35.554 63.264 3.965 3.9252 3.4551 3.7619 4.328 3.7448 4.088 3.7929 3.5364 3.5103 7.785 3.49613358134
2016-06-02 00:51:45.809000 167034.647 3.32 59.828 35.475 63.263 3.939 3.925 3.4551 3.7621 4.3282 3.745 4.0881 3.7938 3.5362 3.5104 7.786 3.45013203479
2016-06-02 00:53:13.713000 167122.551 3.413 59.828 34.961 63.259 3.966 3.9249 3.4553 3.7625 4.3287 3.7451 4.0884 3.7932 3.5357 3.5105 7.786 3.50197957514
2016-06-02 00:54:41.720000 167210.558 3.494 59.825 35.425 63.261 3.965 3.9247 3.4552 3.7623 4.3284 3.7452 4.0883 3.7931 3.5358 3.5102 7.787 3.45013203479
2016-06-02 00:56:09.697000 167298.535 3.32 59.823 35.463 63.259 3.958 3.9244 3.4554 3.7626 4.3287 3.7454 4.0884 3.7942 3.5363 3.5105 7.785 3.43863164815
2016-06-02 00:57:37.736000 167386.574 3.506 59.823 35.023 63.259 3.964 3.9242 3.4554 3.762 4.328 3.7453 4.0882 3.7908 3.5359 3.5109 7.784 3.43863164815
2016-06-02 00:59:05.854000 167474.692 3.468 59.824 35.549 63.259 3.966 3.9242 3.4554 3.7617 4.3281 3.7453 4.0878 3.7938 3.5362 3.5107 7.785 3.50197957514
2016-06-02 01:00:33.762000 167562.6 3.319 59.824 35.474 63.259 3.965 3.924 3.4555 3.7617 4.3281 3.7454 4.0879 3.7929 3.5362 3.5106 7.785 3.50802219796
2016-06-02 01:02:01.845000 167650.683 3.436 59.824 34.98 63.259 3.964 3.9237 3.4555 3.7615 4.3279 3.7455 4.0878 3.7912 3.536 3.5111 7.785 3.40988068156
2016-06-02 01:03:31.393000 167740.231 3.442 59.822 35.607 63.258 3.965 3.9236 3.4554 3.7618 4.3283 3.7454 4.0879 3.7928 3.5363 3.5109 7.786 3.50197957514
2016-06-02 01:04:59.430000 167828.268 3.324 59.825 35.388 63.258 3.965 3.9234 3.4554 3.7617 4.328 3.7454 4.0878 3.792 3.5366 3.5107 7.785 3.45013203479
2016-06-02 01:06:27.359000 167916.197 3.47 59.82 34.995 63.256 3.964 3.9232 3.4554 3.7613 4.3277 3.7453 4.0876 3.7928 3.5367 3.511 7.786 3.52615006642
2016-06-02 01:07:55.416000 168004.254 3.472 59.822 35.511 63.256 3.964 3.9229 3.4553 3.7615 4.3278 3.7454 4.0877 3.7919 3.5363 3.5109 7.785 3.43863164815
2016-06-02 01:09:23.504000 168092.342 3.472 59.822 35.546 63.257 3.954 3.9228 3.4555 3.7612 4.3276 3.7454 4.0875 3.7913 3.5367 3.5119 7.786 3.56844842616
2016-06-02 01:10:51.632000 168180.47 3.316 59.821 35.468 63.257 3.963 3.9227 3.4555 3.7609 4.3274 3.7453 4.0874 3.7918 3.5369 3.511 7.791 3.39846093465
2016-06-02 01:12:19.750000 168268.588 3.407 59.824 34.953 63.256 3.956 3.9224 3.4554 3.7609 4.3274 3.7453 4.0871 3.7911 3.5363 3.5108 7.789 3.51406482078
2016-06-02 01:13:47.858000 168356.696 3.506 59.819 35.412 63.256 3.964 3.9223 3.4553 3.7609 4.3274 3.7453 4.0871 3.7918 3.5365 3.5111 7.788 3.38753311406
2016-06-02 01:15:15.865000 168444.703 3.493 59.822 35.597 63.257 3.962 3.9221 3.4554 3.7601 4.3267 3.7452 4.0868 3.791 3.5368 3.5113 7.785 3.5201074436
2016-06-02 01:16:44.073000 168532.911 3.326 59.824 35.619 63.256 3.963 3.9218 3.4554 3.76 4.3269 3.7452 4.0865 3.7895 3.5366 3.5111 7.786 3.36567747288
2016-06-02 01:18:12.260000 168621.098 3.364 59.825 35.024 63.259 3.961 3.9217 3.4551 3.7581 4.3251 3.745 4.0851 3.7888 3.5368 3.5115 7.781 3.4846331947
2016-06-02 01:19:40.438000 168709.276 3.375 59.821 34.986 63.257 3.963 3.9214 3.455 3.7598 4.3265 3.7448 4.0858 3.7912 3.5364 3.5107 7.78 3.44438184147
2016-06-02 01:21:08.668000 168797.506 3.531 59.819 35.258 63.255 3.964 3.9213 3.455 3.7605 4.327 3.7448 4.0864 3.7908 3.5371 3.511 7.783 3.40413048824
2016-06-02 01:22:36.736000 168885.574 3.354 59.82 35.65 63.255 3.964 3.9211 3.4552 3.7609 4.3271 3.7448 4.0868 3.7925 3.5369 3.5111 7.782 3.55636318052
2016-06-02 01:24:04.995000 168973.833 3.344 59.82 35.625 63.253 3.965 3.9209 3.4552 3.761 4.3274 3.7449 4.0869 3.7924 3.5371 3.5115 7.785 3.45588222811
2016-06-02 01:25:33.162000 169062.0 3.347 59.819 35.129 63.252 3.963 3.9206 3.4553 3.7608 4.3272 3.7448 4.0869 3.791 3.5369 3.5113 7.784 3.5201074436
2016-06-02 01:27:01.310000 169150.148 3.35 59.818 35.109 63.252 3.964 3.9206 3.4552 3.7608 4.3274 3.7449 4.0869 3.7929 3.5372 3.511 7.782 3.47313280806
2016-06-02 01:28:29.608000 169238.446 3.548 59.817 35.163 63.252 3.965 3.9203 3.4553 3.7612 4.3276 3.7449 4.0871 3.7912 3.5372 3.511 7.784 3.50802219796
2016-06-02 01:29:57.566000 169326.404 3.401 59.818 35.647 63.252 3.965 3.92 3.4553 3.7615 4.3279 3.7451 4.0873 3.7931 3.5373 3.5114 7.783 3.54427793488
2016-06-02 01:31:25.813000 169414.651 3.377 59.816 35.651 63.25 3.965 3.9199 3.4555 3.7617 4.3279 3.7451 4.0876 3.7921 3.5371 3.5109 7.782 3.40988068156
2016-06-02 01:32:53.951000 169502.789 3.337 59.817 35.242 63.251 3.964 3.9198 3.4554 3.7608 4.3273 3.7452 4.0873 3.7906 3.5371 3.5116 7.782 3.50197957514
2016-06-02 01:34:22.228000 169591.066 3.339 59.817 35.185 63.251 3.965 3.9196 3.4554 3.7615 4.3278 3.7452 4.0874 3.7936 3.5367 3.5114 7.782 3.46738261475
2016-06-02 01:35:50.527000 169679.365 3.547 59.815 35.155 63.248 3.966 3.9194 3.4555 3.7622 4.3285 3.7453 4.0878 3.7925 3.5369 3.5113 7.785 3.46738261475
2016-06-02 01:37:18.865000 169767.703 3.547 59.816 35.148 63.249 3.962 3.9192 3.4556 3.7618 4.3282 3.7454 4.0879 3.7928 3.5366 3.5116 7.782 3.50197957514
2016-06-02 01:38:47.232000 169856.07 3.549 59.815 35.197 63.25 3.965 3.9189 3.4556 3.7621 4.3283 3.7454 4.088 3.7932 3.5374 3.5115 7.782 3.45013203479
2016-06-02 01:40:15.590000 169944.428 3.384 59.816 35.653 63.251 3.963 3.9188 3.4558 3.7609 4.3274 3.7454 4.0873 3.7907 3.5375 3.5117 7.781 3.49613358134
2016-06-02 01:41:43.957000 170032.795 3.383 59.817 35.639 63.249 3.964 3.9186 3.4556 3.7608 4.3274 3.7454 4.087 3.7921 3.5374 3.5114 7.782 3.46738261475
2016-06-02 01:43:13.844000 170122.682 3.32 59.815 35.605 63.251 3.963 3.9183 3.4556 3.7601 4.327 3.7454 4.0867 3.7913 3.5373 3.5116 7.781 3.47313280806
2016-06-02 01:44:42.072000 170210.91 3.371 59.816 35.007 63.25 3.964 3.9182 3.4555 3.7604 4.3271 3.7453 4.0865 3.7912 3.5372 3.5117 7.782 3.50197957514
2016-06-02 01:46:10.660000 170299.498 3.323 59.815 35.571 63.248 3.965 3.918 3.4556 3.7616 4.3281 3.7453 4.0874 3.7929 3.5378 3.5116 7.784 3.36021356258
2016-06-02 01:47:39.048000 170387.886 3.38 59.815 34.991 63.25 3.964 3.918 3.4558 3.7613 4.3278 3.7453 4.0874 3.7913 3.5373 3.5118 7.784 3.42138106819
2016-06-02 01:49:07.466000 170476.304 3.38 59.814 35.023 63.246 3.964 3.9177 3.4557 3.7609 4.3274 3.7454 4.0874 3.7906 3.5375 3.5116 7.784 3.4846331947
2016-06-02 01:50:35.943000 170564.781 3.38 59.817 34.983 63.248 3.851 3.9174 3.4556 3.7604 4.3271 3.7454 4.0868 3.7913 3.5371 3.5118 7.782 3.54427793488
2016-06-02 01:52:04.401000 170653.239 3.38 59.816 34.98 63.248 3.964 3.9173 3.4556 3.7605 4.3272 3.7452 4.0868 3.7905 3.5374 3.5119 7.781 3.45013203479
2016-06-02 01:53:32.829000 170741.667 3.381 59.815 34.979 63.247 3.85 3.9171 3.4556 3.7608 4.3273 3.7453 4.0868 3.7928 3.5376 3.5115 7.782 3.45588222811
2016-06-02 01:55:01.156000 170829.994 3.392 59.815 34.977 63.249 3.942 3.9169 3.4557 3.76 4.3267 3.7452 4.0866 3.7893 3.5376 3.5117 7.784 3.53219268924
2016-06-02 01:56:29.644000 170918.482 3.49 59.814 34.982 63.246 3.964 3.9167 3.4555 3.7606 4.3272 3.7452 4.0866 3.7925 3.5374 3.5115 7.784 3.44438184147
2016-06-02 01:57:58.327000 171007.165 3.513 59.81 35.049 63.245 3.965 3.9165 3.4556 3.7615 4.3277 3.7453 4.0873 3.7916 3.5377 3.5121 7.784 3.44438184147
2016-06-02 01:59:26.755000 171095.593 3.512 59.81 35.056 63.245 3.965 3.9164 3.4556 3.7616 4.328 3.7453 4.0875 3.7926 3.5379 3.5117 7.783 3.49038338802
2016-06-02 02:00:55.283000 171184.121 3.532 59.809 35.052 63.242 3.964 3.9163 3.4558 3.7612 4.3276 3.7453 4.0874 3.7915 3.5378 3.512 7.783 3.49038338802
2016-06-02 02:02:23.850000 171272.688 3.533 59.811 35.094 63.242 3.965 3.9159 3.4556 3.7612 4.3277 3.7454 4.0874 3.7922 3.5378 3.5115 7.783 3.50802219796
2016-06-02 02:03:52.388000 171361.226 3.543 59.808 35.131 63.24 3.847 3.9158 3.4558 3.7609 4.3275 3.7454 4.0873 3.7914 3.5379 3.5118 7.783 3.41563087488
2016-06-02 02:05:20.972000 171449.81 3.348 59.809 35.184 63.241 3.783 3.9156 3.4557 3.7608 4.3274 3.7454 4.0871 3.7902 3.5379 3.512 7.782 3.50197957514
2016-06-02 02:06:49.508000 171538.346 3.358 59.807 35.205 63.242 3.963 3.9154 3.4558 3.7604 4.327 3.7454 4.0869 3.7912 3.5384 3.5121 7.781 3.46163242143
2016-06-02 02:08:18.106000 171626.944 3.377 59.806 35.027 63.239 3.964 3.9153 3.4558 3.761 4.3275 3.7455 4.087 3.7921 3.5379 3.5123 7.781 3.52615006642
2016-06-02 02:09:46.704000 171715.542 3.388 59.806 34.968 63.236 3.964 3.9152 3.4558 3.7614 4.3277 3.7455 4.0873 3.7924 3.5376 3.512 7.781 3.49038338802
2016-06-02 02:11:15.322000 171804.16 3.375 59.805 34.99 63.236 3.963 3.9148 3.4558 3.7606 4.3271 3.7455 4.0869 3.7905 3.5379 3.5124 7.78 3.46163242143
2016-06-02 02:12:45.510000 171894.348 3.327 59.804 35.308 63.235 3.965 3.9147 3.4558 3.7613 4.3278 3.7454 4.0871 3.7915 3.5379 3.512 7.781 3.43288145483
2016-06-02 02:14:14.178000 171983.016 3.323 59.803 35.313 63.235 3.962 3.9145 3.4556 3.7598 4.3265 3.7454 4.0867 3.7903 3.538 3.512 7.78 3.4846331947
2016-06-02 02:15:42.535000 172071.373 3.331 59.805 35.245 63.237 3.812 3.9142 3.4556 3.7595 4.3264 3.7454 4.0861 3.79 3.538 3.5121 7.779 3.46738261475
2016-06-02 02:17:11.193000 172160.031 3.336 59.802 35.263 63.235 3.964 3.9141 3.4556 3.7606 4.3271 3.7453 4.0866 3.7921 3.5379 3.512 7.779 3.49038338802
2016-06-02 02:18:39.871000 172248.709 3.331 59.802 35.252 63.234 3.963 3.9139 3.4556 3.7604 4.3269 3.7453 4.0865 3.7902 3.5381 3.5119 7.781 3.44438184147
2016-06-02 02:20:08.568000 172337.406 3.366 59.802 35.639 63.23 3.882 3.9137 3.4557 3.7612 4.3276 3.7453 4.0871 3.7928 3.5379 3.5121 7.785 3.49038338802
2016-06-02 02:21:37.296000 172426.134 3.35 59.798 35.643 63.23 3.964 3.9137 3.4558 3.7614 4.3277 3.7453 4.0873 3.7913 3.5377 3.5121 7.783 3.49038338802
2016-06-02 02:23:05.985000 172514.823 3.519 59.799 35.309 63.229 3.965 3.9134 3.4558 3.7615 4.3278 3.7455 4.0874 3.793 3.5381 3.512 7.782 3.54427793488
2016-06-02 02:24:34.732000 172603.57 3.509 59.795 35.399 63.227 3.965 3.9131 3.456 3.7622 4.3284 3.7455 4.0879 3.7921 3.538 3.512 7.782 3.50802219796
2016-06-02 02:26:03.463000 172692.301 3.407 59.795 34.953 63.225 3.965 3.913 3.456 3.7622 4.3284 3.7457 4.088 3.7932 3.5383 3.5122 7.782 3.52615006642
2016-06-02 02:27:32.241000 172781.079 3.431 59.793 34.946 63.226 3.967 3.9129 3.4561 3.7629 4.3288 3.7456 4.0884 3.7944 3.5381 3.5124 7.782 3.44438184147
2016-06-02 02:29:01.004000 172869.842 3.325 59.792 35.398 63.223 3.966 3.9127 3.4563 3.7634 4.3293 3.746 4.0889 3.7947 3.5381 3.5124 7.781 3.43288145483
2016-06-02 02:30:29.852000 172958.69 3.431 59.79 35.352 63.222 3.965 3.9125 3.4564 3.7624 4.3285 3.7461 4.0885 3.7921 3.5384 3.5126 7.78 3.43863164815
2016-06-02 02:31:58.660000 173047.498 3.433 59.789 35.609 63.22 3.963 3.9123 3.4564 3.7625 4.3287 3.7461 4.0885 3.7938 3.5384 3.5127 7.78 3.42713126151
2016-06-02 02:33:27.418000 173136.256 3.549 59.788 35.144 63.22 3.965 3.9121 3.4565 3.7626 4.3286 3.7461 4.0885 3.7933 3.5383 3.5125 7.782 3.45588222811
2016-06-02 02:34:56.256000 173225.094 3.531 59.79 35.306 63.222 3.965 3.9119 3.4564 3.7621 4.3284 3.7463 4.0881 3.7925 3.539 3.5124 7.78 3.43863164815
2016-06-02 02:36:25.097000 173313.935 3.394 59.786 34.955 63.216 3.966 3.9118 3.4566 3.763 4.329 3.7463 4.0887 3.7945 3.5387 3.5125 7.783 3.43863164815
2016-06-02 02:37:55.455000 173404.293 3.333 59.787 35.286 63.217 3.965 3.9117 3.4567 3.7623 4.3285 3.7464 4.0885 3.793 3.5384 3.5127 7.785 3.43863164815
2016-06-02 02:39:24.283000 173493.121 3.334 59.786 35.236 63.218 3.961 3.9114 3.4566 3.7613 4.328 3.7463 4.0878 3.7911 3.5384 3.5125 7.78 3.49613358134
2016-06-02 02:40:53.160000 173581.998 3.378 59.786 35.647 63.216 3.964 3.9112 3.4565 3.7615 4.3279 3.7462 4.0877 3.7924 3.5388 3.5128 7.78 3.53823531206
2016-06-02 02:42:22.068000 173670.906 3.543 59.784 35.239 63.214 3.964 3.9111 3.4565 3.7613 4.3279 3.7463 4.0876 3.7913 3.5387 3.5126 7.78 3.51406482078
2016-06-02 02:43:50.956000 173759.794 3.373 59.784 34.998 63.217 3.964 3.911 3.4565 3.7609 4.3275 3.7463 4.0872 3.7921 3.5387 3.5128 7.78 3.56240580334
2016-06-02 02:45:19.573000 173848.411 3.375 59.786 34.985 63.216 3.961 3.9106 3.4563 3.7608 4.3274 3.7462 4.0872 3.7915 3.5388 3.5128 7.779 3.5201074436
2016-06-02 02:46:48.488000 173937.326 3.319 59.786 35.515 63.212 3.935 3.9105 3.4564 3.7609 4.3274 3.7461 4.0873 3.7921 3.5388 3.5126 7.779 3.45013203479
2016-06-02 02:48:17.426000 174026.264 3.479 59.783 35.512 63.212 3.965 3.9104 3.4564 3.7619 4.3281 3.746 4.0877 3.7929 3.5389 3.5128 7.78 3.45013203479
2016-06-02 02:49:46.253000 174115.091 3.482 59.783 34.965 63.212 3.965 3.9102 3.4563 3.7613 4.3277 3.7461 4.0876 3.7923 3.539 3.5131 7.779 3.47888300138
2016-06-02 02:51:15.211000 174204.049 3.343 59.781 35.101 63.21 3.966 3.9101 3.4564 3.7624 4.3286 3.7461 4.0881 3.7943 3.539 3.5126 7.78 3.41563087488
2016-06-02 02:52:44.129000 174292.967 3.347 59.779 35.129 63.209 3.964 3.9098 3.4565 3.7621 4.3284 3.7461 4.088 3.7912 3.5391 3.5131 7.78 3.45013203479
2016-06-02 02:54:12.927000 174381.765 3.343 59.78 35.633 63.208 3.964 3.9097 3.4565 3.7616 4.3281 3.7461 4.0878 3.7928 3.5393 3.5132 7.779 3.47313280806
2016-06-02 02:55:41.914000 174470.752 3.523 59.78 35.334 63.208 3.965 3.9095 3.4566 3.7617 4.3282 3.7464 4.0879 3.7919 3.5386 3.5129 7.78 3.42713126151
2016-06-02 02:57:10.912000 174559.75 3.402 59.776 34.965 63.207 3.964 3.9092 3.4566 3.762 4.3283 3.7463 4.0881 3.7926 3.5385 3.5127 7.779 3.42713126151
2016-06-02 02:58:39.785000 174648.623 3.316 59.779 35.47 63.207 3.937 3.909 3.4565 3.7612 4.3277 3.7463 4.0875 3.7904 3.5389 3.5128 7.778 3.39846093465
2016-06-02 03:00:08.852000 174737.69 3.463 59.777 35.564 63.207 3.964 3.9088 3.4565 3.7613 4.3279 3.7463 4.0874 3.7914 3.5397 3.5132 7.78 3.43863164815
2016-06-02 03:01:39.581000 174828.419 3.543 59.779 35.192 63.207 3.964 3.9087 3.4564 3.7609 4.3274 3.7453 4.0871 3.7906 3.5389 3.5129 7.778 3.40988068156
2016-06-02 03:03:08.608000 174917.446 3.391 59.78 34.967 63.208 3.959 3.9084 3.4563 3.7601 4.3269 3.7461 4.0867 3.7906 3.5393 3.5131 7.777 3.52615006642
2016-06-02 03:04:37.606000 175006.444 3.317 59.779 35.45 63.207 3.947 3.9083 3.4563 3.7603 4.3271 3.746 4.0867 3.7903 3.539 3.5128 7.778 3.51406482078
2016-06-02 03:06:06.679000 175095.517 3.538 59.776 35.569 63.206 3.964 3.9082 3.4563 3.7609 4.3273 3.746 4.0869 3.7924 3.5391 3.5131 7.777 3.43288145483
2016-06-02 03:07:35.774000 175184.612 3.341 59.776 35.221 63.206 3.964 3.9079 3.4563 3.7607 4.3273 3.746 4.0869 3.7922 3.5387 3.5128 7.778 3.49038338802
2016-06-02 03:09:04.912000 175273.75 3.376 59.773 35.645 63.204 3.964 3.9078 3.4562 3.7614 4.3277 3.7458 4.0874 3.7908 3.5393 3.513 7.778 3.52615006642
2016-06-02 03:10:33.821000 175362.659 3.54 59.777 35.264 63.206 3.953 3.9075 3.4563 3.7607 4.3272 3.7459 4.087 3.791 3.5395 3.513 7.781 3.49613358134
2016-06-02 03:12:02.929000 175451.767 3.365 59.778 35.022 63.206 3.963 3.9074 3.4563 3.7601 4.3269 3.7458 4.0867 3.7903 3.539 3.513 7.78 3.47313280806
2016-06-02 03:13:32.076000 175540.914 3.509 59.775 35.389 63.205 3.963 3.9072 3.4563 3.7603 4.3269 3.7457 4.0866 3.7906 3.5393 3.5132 7.779 3.42713126151
2016-06-02 03:15:01.224000 175630.062 3.425 59.773 34.961 63.202 3.964 3.9071 3.4563 3.7611 4.3276 3.7459 4.0872 3.7921 3.5395 3.5128 7.78 3.40988068156
2016-06-02 03:16:30.340000 175719.178 3.32 59.774 35.41 63.205 3.929 3.9069 3.4563 3.7612 4.3275 3.7459 4.0873 3.7912 3.5396 3.5133 7.779 3.46163242143
2016-06-02 03:17:59.468000 175808.306 3.536 59.771 35.593 63.203 3.964 3.9067 3.4563 3.761 4.3273 3.7459 4.087 3.792 3.5397 3.513 7.778 3.47888300138
2016-06-02 03:19:28.615000 175897.453 3.344 59.775 35.139 63.204 3.879 3.9065 3.4562 3.7603 4.3269 3.7458 4.0856 3.7909 3.5391 3.5132 7.778 3.5201074436
2016-06-02 03:20:57.813000 175986.651 3.337 59.777 35.624 63.204 3.964 3.9063 3.4562 3.7603 4.3269 3.7458 4.0865 3.7908 3.5395 3.5132 7.78 3.52615006642
2016-06-02 03:22:28.512000 176077.35 3.504 59.776 35.03 63.202 3.954 3.906 3.4563 3.7603 4.3269 3.7458 4.0866 3.7903 3.5389 3.5131 7.779 3.47313280806
2016-06-02 03:23:57.440000 176166.278 3.332 59.774 35.017 63.205 3.965 3.9059 3.4562 3.7609 4.3274 3.7459 4.0868 3.7936 3.5394 3.5131 7.778 3.45588222811
2016-06-02 03:25:26.398000 176255.236 3.393 59.771 35.272 63.202 3.918 3.9058 3.4562 3.7613 4.3276 3.7458 4.0873 3.7905 3.5393 3.5129 7.778 3.47313280806
2016-06-02 03:26:55.660000 176344.498 3.541 59.774 35.261 63.202 3.74 3.9056 3.4563 3.7609 4.3272 3.7453 4.0871 3.7907 3.5395 3.5131 7.778 3.44438184147
2016-06-02 03:28:24.908000 176433.746 3.323 59.773 35.019 63.2 3.964 3.9053 3.4563 3.7608 4.3274 3.7459 4.087 3.7909 3.5395 3.5133 7.778 3.46163242143
2016-06-02 03:29:54.216000 176523.054 3.485 59.772 35.492 63.201 3.962 3.9053 3.4563 3.7599 4.3265 3.7458 4.0864 3.7893 3.5397 3.5131 7.777 3.42713126151
2016-06-02 03:31:23.454000 176612.292 3.327 59.773 35.296 63.201 3.964 3.9051 3.4561 3.7604 4.3268 3.7458 4.0865 3.7912 3.5397 3.5133 7.777 3.44438184147
2016-06-02 03:32:52.743000 176701.581 3.407 59.773 35.644 63.2 3.963 3.9048 3.4563 3.7605 4.327 3.7458 4.0867 3.791 3.5398 3.5132 7.778 3.53823531206
2016-06-02 03:34:22.070000 176790.908 3.354 59.772 35.078 63.2 3.964 3.9047 3.4561 3.7607 4.3272 3.7458 4.0867 3.7914 3.5394 3.5135 7.779 3.54427793488
2016-06-02 03:35:51.358000 176880.196 3.514 59.771 35.608 63.199 3.962 3.9045 3.4561 3.7609 4.3273 3.7457 4.087 3.7911 3.5402 3.5134 7.779 3.47313280806
2016-06-02 03:37:20.706000 176969.544 3.402 59.77 34.942 63.2 3.965 3.9043 3.4563 3.7617 4.3278 3.7458 4.0873 3.7935 3.5395 3.513 7.779 3.45013203479
2016-06-02 03:38:50.014000 177058.852 3.456 59.768 35.582 63.198 3.965 3.9042 3.4563 3.7618 4.3281 3.746 4.0876 3.7922 3.5397 3.5131 7.779 3.44438184147
2016-06-02 03:40:20.622000 177149.46 3.542 59.77 35.246 63.197 3.965 3.9039 3.4563 3.7613 4.3278 3.746 4.0875 3.7919 3.54 3.5132 7.778 3.49613358134
2016-06-02 03:41:49.940000 177238.778 3.325 59.767 35.557 63.197 3.965 3.9038 3.4564 3.7623 4.3283 3.7461 4.0879 3.7926 3.5395 3.5134 7.778 3.50802219796
2016-06-02 03:43:19.328000 177328.166 3.436 59.768 34.957 63.196 3.965 3.9035 3.4565 3.7619 4.3283 3.7461 4.0879 3.7936 3.5399 3.5135 7.778 3.52615006642
2016-06-02 03:44:48.210000 177417.048 3.321 59.768 34.968 63.196 3.913 3.9034 3.4566 3.7619 4.3281 3.7463 4.088 3.7913 3.5397 3.5136 7.778 3.43863164815
2016-06-02 03:46:17.468000 177506.306 3.428 59.767 35.604 63.196 3.965 3.9033 3.4566 3.7621 4.3282 3.7463 4.0879 3.7931 3.5401 3.5134 7.779 3.42713126151
2016-06-02 03:47:46.856000 177595.694 3.351 59.764 35.15 63.194 3.966 3.9031 3.4567 3.7626 4.3286 3.7463 4.0883 3.7947 3.5398 3.5137 7.779 3.47888300138
2016-06-02 03:49:16.283000 177685.121 3.524 59.764 35.296 63.196 3.964 3.9029 3.4567 3.7618 4.3281 3.7465 4.088 3.7917 3.5402 3.5134 7.778 3.4846331947
2016-06-02 03:50:45.671000 177774.509 3.321 59.765 34.944 63.192 3.966 3.9027 3.4567 3.7625 4.3286 3.7465 4.0882 3.7931 3.5399 3.5137 7.778 3.50197957514
2016-06-02 03:52:15.149000 177863.987 3.495 59.762 35.508 63.193 3.965 3.9027 3.4568 3.763 4.3291 3.7466 4.0886 3.7952 3.5401 3.5137 7.78 3.45013203479
2016-06-02 03:53:44.587000 177953.425 3.329 59.762 35.302 63.191 3.924 3.9025 3.4567 3.7624 4.3285 3.7466 4.0886 3.7927 3.5397 3.5133 7.778 3.46163242143
2016-06-02 03:55:14.035000 178042.873 3.548 59.763 35.211 63.192 3.918 3.9022 3.4569 3.7623 4.3285 3.7468 4.0883 3.7927 3.5399 3.5133 7.778 3.5201074436
2016-06-02 03:56:45.074000 178133.912 3.33 59.763 35.276 63.192 3.965 3.9021 3.4568 3.7619 4.3282 3.7467 4.088 3.7926 3.54 3.5136 7.779 3.51406482078
2016-06-02 03:58:14.582000 178223.42 3.553 59.76 35.187 63.188 3.958 3.9019 3.457 3.7631 4.3292 3.7469 4.0887 3.7937 3.5401 3.5135 7.778 3.43288145483
2016-06-02 03:59:44.069000 178312.907 3.333 59.761 35.604 63.188 3.966 3.9017 3.4571 3.763 4.3289 3.7468 4.0889 3.7938 3.5402 3.5137 7.779 3.42713126151
2016-06-02 04:01:13.457000 178402.295 3.424 59.761 34.949 63.19 3.966 3.9015 3.457 3.7624 4.3287 3.7469 4.0885 3.7934 3.5401 3.5138 7.78 3.57449104897
2016-06-02 04:02:42.705000 178491.543 3.396 59.76 35.625 63.189 3.938 3.9013 3.4571 3.762 4.3283 3.7469 4.0882 3.7921 3.5397 3.5141 7.779 3.46738261475
2016-06-02 04:04:12.253000 178581.091 3.367 59.76 35.026 63.189 3.964 3.9012 3.4572 3.7616 4.328 3.7469 4.0882 3.7914 3.5398 3.5139 7.777 3.49613358134
2016-06-02 04:05:41.819000 178670.657 3.492 59.759 35.423 63.187 3.967 3.9011 3.457 3.7624 4.3287 3.7468 4.0882 3.7952 3.5402 3.514 7.778 3.51406482078
2016-06-02 04:07:11.387000 178760.225 3.322 59.759 35.388 63.187 3.966 3.9009 3.4571 3.7628 4.3288 3.7469 4.0886 3.7936 3.5402 3.5138 7.779 3.51406482078
2016-06-02 04:08:40.984000 178849.822 3.549 59.758 35.132 63.186 3.955 3.9008 3.4572 3.7626 4.3287 3.7471 4.0887 3.792 3.5402 3.5138 7.779 3.44438184147
2016-06-02 04:10:10.602000 178939.44 3.527 59.759 35.62 63.186 3.878 3.9005 3.4572 3.7621 4.3284 3.747 4.0883 3.7933 3.5405 3.5139 7.779 3.53823531206
2016-06-02 04:11:40.210000 179029.048 3.321 59.757 35.494 63.185 3.966 3.9003 3.4573 3.7625 4.3286 3.747 4.0883 3.7947 3.54 3.5136 7.778 3.50197957514
2016-06-02 04:13:09.808000 179118.646 3.511 59.756 35.005 63.183 3.965 3.9002 3.4571 3.763 4.329 3.7471 4.0888 3.7928 3.5408 3.5139 7.779 3.45588222811
2016-06-02 04:14:41.206000 179210.044 3.509 59.759 35.349 63.184 3.965 3.9 3.4572 3.7618 4.3281 3.7469 4.0881 3.7935 3.5403 3.5141 7.778 3.47888300138
2016-06-02 04:16:10.824000 179299.662 3.321 59.755 35.458 63.184 3.966 3.8998 3.4573 3.7625 4.3287 3.7471 4.0884 3.7939 3.5404 3.5138 7.778 3.42713126151
2016-06-02 04:17:40.472000 179389.31 3.527 59.756 35.067 63.184 3.92 3.8996 3.4572 3.7629 4.329 3.747 4.0886 3.7923 3.54 3.5139 7.781 3.41563087488
2016-06-02 04:19:10.140000 179478.978 3.544 59.756 35.192 63.183 3.966 3.8995 3.4573 3.7627 4.3289 3.7471 4.0886 3.7933 3.5402 3.514 7.779 3.51406482078
2016-06-02 04:20:39.809000 179568.647 3.326 59.755 35.598 63.18 3.966 3.8993 3.4573 3.7632 4.3291 3.7471 4.0889 3.7946 3.54 3.5142 7.781 3.44438184147
2016-06-02 04:22:09.466000 179658.304 3.321 59.756 34.928 63.181 3.967 3.8992 3.4574 3.7632 4.3292 3.7471 4.0889 3.7942 3.5403 3.514 7.78 3.51406482078
2016-06-02 04:23:39.094000 179747.932 3.526 59.753 35.05 63.181 3.913 3.899 3.4574 3.7631 4.3291 3.7473 4.089 3.793 3.5403 3.5142 7.78 3.43288145483
2016-06-02 04:25:08.662000 179837.5 3.362 59.753 35.625 63.181 3.812 3.8988 3.4576 3.763 4.3291 3.7471 4.0889 3.7938 3.5405 3.5142 7.779 3.49613358134
2016-06-02 04:26:38.413000 179927.251 3.319 59.754 34.963 63.182 3.965 3.8987 3.4574 3.7623 4.3285 3.7473 4.0886 3.7929 3.5403 3.5139 7.779 3.5201074436
2016-06-02 04:28:08.101000 180016.939 3.457 59.753 34.96 63.18 3.966 3.8985 3.4574 3.7624 4.3286 3.7472 4.0883 3.7941 3.5404 3.5142 7.78 3.42138106819
2016-06-02 04:29:39.459000 180108.297 3.532 59.751 35.302 63.178 3.966 3.8983 3.4576 3.7634 4.3294 3.7473 4.0889 3.7956 3.5401 3.5142 7.779 3.50197957514
2016-06-02 04:31:09.218000 180198.056 3.323 59.75 35.505 63.178 3.967 3.8982 3.4576 3.7637 4.3295 3.7473 4.0893 3.7954 3.5404 3.514 7.779 3.49613358134
2016-06-02 04:32:38.957000 180287.795 3.329 59.75 35.35 63.178 3.967 3.898 3.4577 3.7638 4.3297 3.7475 4.0895 3.7939 3.541 3.5142 7.779 3.49613358134
2016-06-02 04:34:08.535000 180377.373 3.554 59.749 35.109 63.177 3.967 3.8979 3.4578 3.7636 4.3296 3.7475 4.0894 3.7937 3.5407 3.5144 7.78 3.44438184147
2016-06-02 04:35:38.448000 180467.286 3.522 59.748 35.343 63.177 3.967 3.8976 3.4577 3.7635 4.3295 3.7476 4.0895 3.794 3.5407 3.5146 7.78 3.47313280806
2016-06-02 04:37:07.817000 180556.655 3.32 59.748 34.941 63.175 3.966 3.8976 3.4578 3.763 4.3292 3.7476 4.0892 3.7943 3.5407 3.5146 7.779 3.51406482078
2016-06-02 04:38:37.515000 180646.353 3.542 59.749 35.072 63.175 3.782 3.8973 3.4578 3.7635 4.3296 3.7476 4.0894 3.7946 3.5405 3.5148 7.779 3.42138106819
2016-06-02 04:40:07.343000 180736.181 3.529 59.746 35.274 63.175 3.967 3.8972 3.4579 3.7637 4.3297 3.7477 4.0895 3.7934 3.5411 3.5149 7.781 3.54427793488
2016-06-02 04:41:37.202000 180826.04 3.324 59.745 35.541 63.174 3.966 3.897 3.4579 3.7637 4.3296 3.7477 4.0897 3.7939 3.5409 3.5143 7.78 3.50802219796
2016-06-02 04:43:07.070000 180915.908 3.328 59.747 35.294 63.174 3.965 3.8969 3.4578 3.7625 4.3286 3.7477 4.0889 3.7935 3.5411 3.5145 7.78 3.47888300138
2016-06-02 04:44:38.499000 181007.337 3.397 59.747 34.952 63.172 3.964 3.8967 3.458 3.7627 4.3289 3.7477 4.0888 3.7917 3.5409 3.5145 7.779 3.44438184147
2016-06-02 04:46:08.274000 181097.112 3.525 59.747 35.057 63.173 3.937 3.8964 3.4579 3.762 4.3283 3.7476 4.0884 3.7924 3.5412 3.5144 7.778 3.49613358134
2016-06-02 04:47:38.152000 181186.99 3.377 59.749 35.628 63.175 3.965 3.8963 3.4577 3.762 4.3285 3.7476 4.0883 3.7937 3.5411 3.5147 7.78 3.49038338802
2016-06-02 04:49:08.060000 181276.898 3.326 59.747 35.595 63.173 3.965 3.8961 3.4577 3.7624 4.3286 3.7476 4.0883 3.7936 3.5413 3.5148 7.778 3.49038338802
2016-06-02 04:50:37.978000 181366.816 3.318 59.75 35.446 63.175 3.964 3.896 3.4576 3.7617 4.328 3.7474 4.0881 3.7915 3.5407 3.5146 7.775 3.44438184147
2016-06-02 04:52:07.906000 181456.744 3.341 59.75 35.164 63.175 3.965 3.8957 3.4576 3.7614 4.3279 3.7473 4.0878 3.7919 3.5408 3.5143 7.776 3.49613358134
2016-06-02 04:53:37.810000 181546.648 3.376 59.748 35.006 63.177 3.966 3.8956 3.4576 3.7618 4.3282 3.7474 4.0879 3.7931 3.541 3.5145 7.778 3.47888300138
2016-06-02 04:55:07.778000 181636.616 3.423 59.748 34.948 63.176 3.931 3.8954 3.4576 3.7621 4.3283 3.7473 4.0881 3.793 3.541 3.5148 7.779 3.53219268924
2016-06-02 04:56:37.576000 181726.414 3.438 59.747 35.604 63.175 3.918 3.8952 3.4576 3.7626 4.3287 3.7473 4.0885 3.794 3.5409 3.5146 7.778 3.50802219796
2016-06-02 04:58:09.165000 181818.003 3.484 59.751 35.488 63.177 3.965 3.895 3.4576 3.7619 4.3281 3.7472 4.0881 3.7921 3.5411 3.5147 7.776 3.53219268924
2016-06-02 04:59:39.092000 181907.93 3.403 59.748 35.262 63.175 3.958 3.8948 3.4577 3.7631 4.3292 3.7473 4.0886 3.7944 3.5412 3.5143 7.778 3.35474965229
2016-06-02 05:01:09.120000 181997.958 3.325 59.748 35.593 63.175 3.964 3.8946 3.4577 3.7627 4.3286 3.7474 4.0886 3.7925 3.541 3.5147 7.778 3.43288145483
2016-06-02 05:02:39.159000 182087.997 3.317 59.752 35.415 63.178 3.959 3.8945 3.4575 3.7584 4.3253 3.7472 4.0863 3.7873 3.5411 3.5147 7.773 3.50802219796
2016-06-02 05:04:09.187000 182178.025 3.338 59.755 35.155 63.18 3.688 3.8943 3.4571 3.7576 4.3249 3.7468 4.0849 3.7893 3.5411 3.5145 7.774 3.45013203479
2016-06-02 05:05:38.927000 182267.765 3.529 59.751 35.305 63.177 3.941 3.894 3.4571 3.7602 4.3269 3.7466 4.0862 3.7907 3.5413 3.5144 7.775 3.5201074436
2016-06-02 05:07:08.856000 182357.694 3.483 59.749 35.494 63.176 3.68 3.8938 3.4569 3.7614 4.3277 3.7465 4.087 3.792 3.5417 3.5149 7.776 3.45013203479
2016-06-02 05:08:38.864000 182447.702 3.398 59.75 35.628 63.179 3.7 3.8937 3.4571 3.7617 4.3278 3.7467 4.0875 3.7923 3.5406 3.5144 7.775 3.46738261475
2016-06-02 05:10:08.872000 182537.71 3.332 59.753 35.595 63.18 3.965 3.8935 3.4571 3.7618 4.328 3.7467 4.0876 3.7929 3.5411 3.5147 7.777 3.49038338802
2016-06-02 05:11:38.920000 182627.758 3.319 59.754 35.485 63.178 3.965 3.8934 3.4572 3.7617 4.328 3.7468 4.0879 3.7931 3.5413 3.5147 7.776 3.5201074436
2016-06-02 05:13:10.658000 182719.496 3.329 59.752 35.593 63.18 3.966 3.8932 3.4573 3.7625 4.3286 3.7469 4.0881 3.7934 3.5414 3.5141 7.776 3.4846331947
2016-06-02 05:14:40.770000 182809.608 3.32 59.753 35.404 63.18 3.965 3.8931 3.4573 3.7622 4.3283 3.747 4.0882 3.7928 3.5412 3.5144 7.776 3.45588222811
2016-06-02 05:16:10.867000 182899.705 3.347 59.753 35.175 63.178 3.965 3.8929 3.4573 3.762 4.3284 3.747 4.088 3.7937 3.5412 3.5143 7.777 3.53219268924
2016-06-02 05:17:40.795000 182989.633 3.386 59.753 34.966 63.18 3.966 3.8928 3.4574 3.763 4.3291 3.7471 4.0886 3.7944 3.5411 3.515 7.776 3.46163242143
2016-06-02 05:19:10.914000 183079.752 3.334 59.754 34.97 63.179 3.967 3.8925 3.4574 3.7637 4.3295 3.7473 4.0891 3.7951 3.5413 3.5145 7.776 3.50197957514
2016-06-02 05:20:41.042000 183169.88 3.36 59.753 35.062 63.18 3.966 3.8924 3.4576 3.7632 4.3291 3.7473 4.0892 3.7935 3.5409 3.5146 7.778 3.52615006642
2016-06-02 05:22:11.050000 183259.888 3.424 59.757 34.945 63.182 3.965 3.8922 3.4575 3.7624 4.3286 3.7473 4.0886 3.792 3.5413 3.5148 7.776 3.49038338802
2016-06-02 05:23:41.238000 183350.076 3.548 59.758 35.088 63.183 3.965 3.8921 3.4575 3.762 4.3283 3.7474 4.0884 3.792 3.5414 3.5145 7.775 3.45013203479
2016-06-02 05:25:11.362000 183440.2 3.529 59.756 35.266 63.184 3.966 3.8918 3.4575 3.7624 4.3285 3.7475 4.0884 3.7928 3.5412 3.5149 7.777 3.47313280806
2016-06-02 05:26:43.383000 183532.221 3.345 59.755 35.117 63.183 3.965 3.8917 3.4576 3.7622 4.3285 3.7474 4.0884 3.7928 3.5415 3.5145 7.774 3.45588222811
2016-06-02 05:28:13.641000 183622.479 3.383 59.756 34.969 63.184 3.909 3.8915 3.4576 3.7622 4.3284 3.7473 4.0882 3.7926 3.5415 3.5149 7.776 3.45588222811
2016-06-02 05:29:43.819000 183712.657 3.33 59.758 34.988 63.187 3.965 3.8914 3.4577 3.7623 4.3285 3.7474 4.0883 3.7917 3.5412 3.5144 7.779 3.49038338802
2016-06-02 05:31:14.081000 183802.919 3.359 59.757 35.06 63.184 3.966 3.8912 3.4575 3.7626 4.3288 3.7474 4.0884 3.7926 3.5413 3.5148 7.779 3.49613358134
2016-06-02 05:32:44.299000 183893.137 3.405 59.758 34.951 63.185 3.965 3.891 3.4576 3.7624 4.3286 3.7474 4.0884 3.7916 3.5416 3.5149 7.778 3.50802219796
2016-06-02 05:34:14.547000 183983.385 3.339 59.758 35.184 63.187 3.807 3.8909 3.4577 3.7619 4.3283 3.7474 4.0882 3.7924 3.5417 3.5149 7.778 3.46163242143
2016-06-02 05:35:44.786000 184073.624 3.323 59.759 35.004 63.187 3.965 3.8906 3.4576 3.7626 4.3287 3.7474 4.0885 3.7926 3.5413 3.5148 7.776 3.53219268924
2016-06-02 05:37:14.914000 184163.752 3.323 59.759 35.366 63.186 3.965 3.8904 3.4576 3.7619 4.3281 3.7475 4.0882 3.793 3.5414 3.5149 7.779 3.47888300138
2016-06-02 05:38:46.812000 184255.65 3.321 59.762 35.523 63.188 3.965 3.8903 3.4576 3.7618 4.328 3.7474 4.0878 3.7909 3.5417 3.5153 7.778 3.39299702436
2016-06-02 05:40:17.150000 184345.988 3.324 59.76 35.333 63.189 3.96 3.8902 3.4575 3.7613 4.3277 3.7474 4.0878 3.7908 3.5415 3.5148 7.777 3.50802219796
2016-06-02 05:41:47.478000 184436.316 3.334 59.76 35.617 63.187 3.964 3.8899 3.4574 3.7611 4.3276 3.7473 4.0873 3.7915 3.5415 3.5153 7.777 3.50197957514
2016-06-02 05:43:17.779000 184526.617 3.477 59.761 35.515 63.187 3.965 3.8898 3.4575 3.7616 4.328 3.7473 4.0874 3.7919 3.5413 3.5149 7.778 3.47888300138
2016-06-02 05:44:48.117000 184616.955 3.385 59.76 35.641 63.187 3.964 3.8897 3.4573 3.7614 4.3279 3.7471 4.0875 3.7916 3.5416 3.5153 7.777 3.46163242143
2016-06-02 05:46:18.445000 184707.283 3.515 59.762 35.367 63.188 3.964 3.8894 3.4574 3.7609 4.3276 3.747 4.0874 3.7916 3.5416 3.5155 7.776 3.46163242143
2016-06-02 05:47:48.613000 184797.451 3.401 59.76 35.627 63.187 3.964 3.8893 3.4573 3.7612 4.3275 3.7472 4.0875 3.7917 3.5413 3.515 7.78 3.5201074436
2016-06-02 05:49:18.861000 184887.699 3.51 59.76 35.339 63.187 3.963 3.8891 3.4573 3.7603 4.3268 3.747 4.0868 3.7913 3.5417 3.5145 7.777 3.55636318052
2016-06-02 05:50:50.859000 184979.697 3.544 59.76 35.226 63.188 3.721 3.8889 3.4572 3.7603 4.3268 3.7469 4.0867 3.7898 3.5421 3.515 7.776 3.44438184147
2016-06-02 05:52:21.267000 185070.105 3.417 59.76 34.945 63.187 3.964 3.8886 3.4571 3.7607 4.3271 3.7468 4.0869 3.7907 3.5413 3.515 7.776 3.50197957514
2016-06-02 05:53:51.676000 185160.514 3.331 59.761 35.256 63.187 3.964 3.8884 3.4571 3.761 4.3275 3.7463 4.0872 3.7908 3.5418 3.5148 7.777 3.49613358134
2016-06-02 05:55:22.091000 185250.929 3.373 59.759 34.992 63.185 3.853 3.8883 3.457 3.7613 4.3277 3.7468 4.0872 3.7919 3.5419 3.5155 7.777 3.47888300138
2016-06-02 05:56:52.369000 185341.207 3.322 59.758 35.373 63.186 3.964 3.8881 3.4572 3.7611 4.3274 3.7469 4.0871 3.7918 3.5416 3.5149 7.777 3.49038338802
2016-06-02 05:58:22.787000 185431.625 3.356 59.759 35.628 63.185 3.964 3.8881 3.4571 3.761 4.3275 3.7469 4.0874 3.7916 3.5418 3.5142 7.776 3.49613358134
2016-06-02 05:59:53.195000 185522.033 3.486 59.758 35.486 63.182 3.964 3.8879 3.4572 3.7611 4.3274 3.7469 4.0873 3.791 3.5416 3.5151 7.777 3.47313280806
2016-06-02 06:01:23.603000 185612.441 3.547 59.759 35.606 63.183 3.725 3.8877 3.457 3.7605 4.3269 3.7469 4.087 3.7914 3.542 3.5147 7.778 3.53219268924
2016-06-02 06:02:55.685000 185704.523 3.51 59.756 34.985 63.184 3.964 3.8875 3.457 3.7609 4.3274 3.7469 4.087 3.7911 3.5419 3.5149 7.777 3.49613358134
2016-06-02 06:04:26.204000 185795.042 3.37 59.757 35.032 63.181 3.964 3.8872 3.457 3.7609 4.3273 3.7468 4.087 3.7914 3.5418 3.5149 7.776 3.53219268924
2016-06-02 06:05:56.732000 185885.57 3.321 59.755 35.435 63.18 3.964 3.8872 3.457 3.7615 4.3277 3.7467 4.0873 3.7916 3.5415 3.5149 7.776 3.49613358134
2016-06-02 06:07:27.311000 185976.149 3.326 59.754 35.595 63.18 3.963 3.887 3.457 3.7605 4.3269 3.7467 4.0869 3.7894 3.542 3.5147 7.775 3.4846331947
2016-06-02 06:08:57.865000 186066.703 3.455 59.756 35.543 63.181 3.964 3.8868 3.457 3.7603 4.327 3.7467 4.0867 3.7909 3.5416 3.5149 7.777 3.43863164815
2016-06-02 06:10:28.475000 186157.313 3.542 59.754 35.192 63.18 3.964 3.8866 3.4569 3.7608 4.3272 3.7466 4.0869 3.7914 3.5415 3.5154 7.776 3.45013203479
2016-06-02 06:11:59.039000 186247.877 3.323 59.752 34.972 63.179 3.963 3.8863 3.457 3.7612 4.3275 3.7468 4.0873 3.7902 3.5424 3.5149 7.777 3.42713126151
2016-06-02 06:13:29.559000 186338.397 3.355 59.753 35.627 63.179 3.891 3.8863 3.4569 3.7595 4.3263 3.7461 4.0864 3.7891 3.5421 3.5151 7.775 3.4846331947
2016-06-02 06:15:01.753000 186430.591 3.429 59.753 35.591 63.179 3.962 3.8861 3.4568 3.7594 4.3263 3.7467 4.086 3.7902 3.5423 3.5148 7.775 3.43288145483
2016-06-02 06:16:32.401000 186521.239 3.534 59.751 35.273 63.178 3.962 3.8859 3.4566 3.7591 4.3261 3.7465 4.0857 3.7907 3.5412 3.5151 7.776 3.52615006642
2016-06-02 06:18:03.026000 186611.864 3.325 59.753 35.292 63.177 3.961 3.8857 3.4565 3.7588 4.3256 3.7463 4.0853 3.7897 3.5421 3.5147 7.775 3.5503205577
2016-06-02 06:19:33.521000 186702.359 3.337 59.75 35.615 63.175 3.963 3.8854 3.4565 3.7598 4.3264 3.7462 4.0858 3.7906 3.5424 3.515 7.775 3.57449104897
2016-06-02 06:21:04.175000 186793.013 3.47 59.751 35.496 63.175 3.962 3.8852 3.4565 3.7595 4.3262 3.7462 4.0859 3.79 3.542 3.5152 7.774 3.51406482078
2016-06-02 06:22:34.795000 186883.633 3.55 59.749 35.155 63.173 3.601 3.8852 3.4565 3.7611 4.3275 3.7462 4.0867 3.7926 3.5423 3.5144 7.776 3.47313280806
2016-06-02 06:24:05.259000 186974.097 3.396 59.748 34.947 63.173 3.964 3.8849 3.4565 3.7612 4.3274 3.7463 4.087 3.7919 3.5416 3.5145 7.776 3.53219268924
2016-06-02 06:25:35.984000 187064.822 3.379 59.749 35.635 63.174 3.562 3.8848 3.4567 3.7615 4.3278 3.7464 4.0873 3.7921 3.542 3.5144 7.776 3.4846331947
2016-06-02 06:27:08.319000 187157.157 3.436 59.749 35.586 63.173 3.963 3.8845 3.4567 3.7606 4.3271 3.7464 4.0869 3.7907 3.5421 3.5146 7.775 3.4846331947
2016-06-02 06:28:39.009000 187247.847 3.372 59.751 34.992 63.174 3.964 3.8844 3.4567 3.7606 4.3271 3.7464 4.0868 3.7913 3.5422 3.5145 7.776 3.49038338802
2016-06-02 06:30:09.394000 187338.232 3.341 59.748 35.05 63.173 3.964 3.8842 3.4568 3.7609 4.3273 3.7465 4.087 3.7908 3.5418 3.5148 7.778 3.41563087488
2016-06-02 06:31:40.124000 187428.962 3.325 59.746 35.588 63.173 3.963 3.884 3.4568 3.7609 4.3271 3.7465 4.0871 3.7909 3.5419 3.5148 7.777 3.47313280806
2016-06-02 06:33:10.658000 187519.496 3.447 59.746 35.605 63.175 3.947 3.8839 3.4568 3.7599 4.3267 3.7465 4.0865 3.7895 3.5423 3.5148 7.778 3.42138106819
2016-06-02 06:34:41.428000 187610.266 3.38 59.749 34.966 63.177 3.914 3.8836 3.4567 3.7583 4.3254 3.7463 4.0853 3.7887 3.5421 3.5146 7.776 3.41563087488
2016-06-02 06:36:12.064000 187700.902 3.328 59.75 35.266 63.173 3.962 3.8835 3.4564 3.7591 4.326 3.7462 4.0853 3.7902 3.542 3.5149 7.776 3.41563087488
2016-06-02 06:37:44.683000 187793.521 3.47 59.75 35.541 63.174 3.961 3.8833 3.4563 3.7587 4.3256 3.746 4.0853 3.788 3.5421 3.5148 7.777 3.42713126151
2016-06-02 06:39:15.524000 187884.362 3.361 59.751 35.039 63.177 3.961 3.8831 3.4563 3.7582 4.3252 3.746 4.0849 3.7875 3.542 3.5145 7.776 3.43288145483
2016-06-02 06:40:46.083000 187974.921 3.321 59.752 35.362 63.175 3.961 3.883 3.4562 3.7584 4.3254 3.7459 4.085 3.7883 3.5416 3.5148 7.775 3.51406482078
2016-06-02 06:42:16.731000 188065.569 3.337 59.752 35.625 63.178 3.961 3.8827 3.456 3.7584 4.3254 3.7458 4.0849 3.7879 3.542 3.5145 7.776 3.45588222811
2016-06-02 06:43:47.513000 188156.351 3.498 59.754 35.028 63.178 3.962 3.8826 3.456 3.7587 4.3256 3.7452 4.0851 3.789 3.5424 3.5145 7.775 3.45588222811
2016-06-02 06:45:17.991000 188246.829 3.363 59.753 35.035 63.178 3.961 3.8824 3.4559 3.7589 4.3256 3.7455 4.085 3.7882 3.5419 3.5144 7.775 3.47888300138
2016-06-02 06:46:48.779000 188337.617 3.461 59.757 35.456 63.179 3.961 3.8821 3.4559 3.7587 4.3255 3.7457 4.0851 3.7884 3.5414 3.5142 7.775 3.47313280806
2016-06-02 06:48:21.057000 188429.895 3.489 59.758 35.43 63.18 3.961 3.8821 3.4557 3.7581 4.3251 3.7456 4.0846 3.7887 3.5419 3.5146 7.775 3.47888300138
2016-06-02 06:49:51.755000 188520.593 3.345 59.759 35.133 63.181 3.959 3.8818 3.4558 3.7568 4.3243 3.7454 4.0839 3.7869 3.5418 3.5148 7.777 3.47313280806
2016-06-02 06:51:22.623000 188611.461 3.318 59.759 35.525 63.182 3.884 3.8817 3.4556 3.7574 4.3246 3.7453 4.0837 3.7889 3.542 3.5141 7.776 3.46738261475
2016-06-02 06:52:53.533000 188702.371 3.546 59.758 35.189 63.182 3.941 3.8814 3.4556 3.7579 4.3249 3.7453 4.0842 3.788 3.5423 3.5142 7.775 3.49613358134
2016-06-02 06:54:24.381000 188793.219 3.318 59.757 35.417 63.18 3.963 3.8813 3.4556 3.7591 4.3259 3.7452 4.0849 3.7898 3.5419 3.5145 7.776 3.45588222811
2016-06-02 06:55:55.238000 188884.076 3.53 59.756 35.642 63.181 3.963 3.8811 3.4557 3.7599 4.3265 3.7452 4.0857 3.7898 3.5419 3.5145 7.776 3.51406482078
2016-06-02 06:57:26.116000 188974.954 3.472 59.758 34.982 63.181 3.961 3.881 3.4556 3.7603 4.3267 3.7454 4.0861 3.7906 3.542 3.5146 7.776 3.4846331947
2016-06-02 06:58:58.486000 189067.324 3.317 59.758 35.503 63.182 3.963 3.8807 3.4557 3.7599 4.3264 3.7455 4.0861 3.791 3.5423 3.5143 7.777 3.45013203479
2016-06-02 07:00:29.384000 189158.222 3.549 59.759 35.182 63.182 3.964 3.8807 3.4559 3.7605 4.3268 3.7456 4.0863 3.7915 3.5418 3.5144 7.778 3.47313280806
2016-06-02 07:02:00.312000 189249.15 3.316 59.759 35.481 63.184 3.962 3.8805 3.456 3.7598 4.3264 3.7457 4.0861 3.7894 3.5419 3.5145 7.776 3.43288145483
2016-06-02 07:03:31.241000 189340.079 3.54 59.759 35.257 63.184 3.963 3.8803 3.4559 3.7597 4.3263 3.7457 4.0859 3.7898 3.5421 3.5146 7.775 3.47888300138
2016-06-02 07:05:02.170000 189431.008 3.322 59.758 34.976 63.183 3.962 3.8801 3.456 3.7603 4.3268 3.7457 4.0862 3.789 3.5422 3.5148 7.779 3.55636318052
2016-06-02 07:06:33.152000 189521.99 3.524 59.759 35.285 63.183 3.964 3.88 3.456 3.7599 4.3265 3.7459 4.0861 3.7906 3.5422 3.5141 7.781 3.53823531206
2016-06-02 07:08:04.140000 189612.978 3.322 59.758 35.353 63.184 3.793 3.8798 3.456 3.7601 4.3266 3.7458 4.0862 3.79 3.5425 3.5143 7.778 3.46738261475
2016-06-02 07:09:41.249000 189710.087 3.317 59.759 35.522 63.182 3.943 3.8796 3.456 3.7597 4.3264 3.7459 4.0859 3.7887 3.5422 3.5147 7.778 3.41563087488
2016-06-02 07:11:12.207000 189801.045 3.545 59.757 35.204 63.182 3.962 3.8795 3.4559 3.7593 4.3261 3.7459 4.0857 3.7888 3.542 3.5143 7.777 3.4846331947
2016-06-02 07:12:43.265000 189892.103 3.316 59.756 35.505 63.182 3.961 3.8792 3.4559 3.7586 4.3256 3.7459 4.0852 3.7888 3.5424 3.5143 7.776 3.56240580334
2016-06-02 07:14:14.314000 189983.152 3.541 59.758 35.233 63.181 3.962 3.8791 3.4558 3.7588 4.3258 3.7457 4.0851 3.7898 3.5421 3.5147 7.775 3.47313280806
2016-06-02 07:15:45.212000 190074.05 3.319 59.757 35.415 63.183 3.962 3.879 3.4557 3.7586 4.3255 3.7457 4.0851 3.7901 3.5421 3.5142 7.775 3.4846331947
2016-06-02 07:17:16.241000 190165.079 3.527 59.757 35.301 63.182 3.918 3.8787 3.4557 3.7585 4.3253 3.7455 4.0849 3.7896 3.542 3.5141 7.775 3.49038338802
2016-06-02 07:18:49.009000 190257.847 3.34 59.758 35.115 63.182 3.93 3.8785 3.4557 3.7592 4.3259 3.7456 4.0852 3.789 3.5425 3.5141 7.776 3.43288145483
2016-06-02 07:20:19.917000 190348.755 3.471 59.758 35.542 63.182 3.878 3.8783 3.4558 3.7586 4.3254 3.7455 4.0851 3.7883 3.5423 3.5146 7.775 3.43288145483
2016-06-02 07:21:51.008000 190439.846 3.333 59.756 35.074 63.182 3.709 3.8782 3.4554 3.7592 4.3259 3.7455 4.0852 3.7903 3.5419 3.5144 7.776 3.53823531206
2016-06-02 07:23:22.066000 190530.904 3.527 59.756 35.05 63.182 3.962 3.878 3.4555 3.7589 4.3257 3.7454 4.0851 3.7899 3.542 3.5145 7.775 3.40988068156
2016-06-02 07:24:53.154000 190621.992 3.322 59.758 35.559 63.183 3.906 3.8777 3.4555 3.7586 4.3255 3.7454 4.0848 3.7896 3.5415 3.5149 7.776 3.46163242143
2016-06-02 07:26:37.890000 190726.728 3.474 59.756 34.989 63.18 3.963 3.8777 3.4555 3.7597 4.3263 3.7455 4.0855 3.7908 3.542 3.5141 7.777 3.47313280806
2016-06-02 07:28:08.704000 190817.542 3.338 59.754 35.636 63.18 3.961 3.8775 3.4555 3.7589 4.3258 3.7454 4.0853 3.7891 3.5422 3.5143 7.776 3.46163242143
