#Human readable time. Time (s) since start. Lakeshore temperature sensor 218 T1,3,5,6,8 and 224 C2,C3,C4,C5,D2,D3,D5,A,B
2016-05-10 16:39:39.095000 0.001 263.61 291.99 248.49 293.09 292.56 294.063 293.932 293.826 293.975 293.896 294.186 291.493 0.0 0.0 291.95 

2016-05-10 16:40:40.893000 61.798 257.72 291.92 238.93 292.98 292.54 294.057 293.914 293.811 293.962 293.876 294.171 291.447 0.0 0.0 291.88 -002.073 KOHM R   

2016-05-10 16:41:42.225000 123.13 252.53 291.83 229.83 292.83 292.51 294.047 293.885 293.78 293.94 293.849 294.149 291.378 0.0 0.0 291.77 -002.089 KOHM R   

2016-05-10 16:42:43.547000 184.452 247.79 291.72 221.16 292.62 292.45 294.033 293.845 293.736 293.906 293.816 294.121 291.286 0.0 0.0 291.63 -002.078 KOHM R   

2016-05-10 16:43:44.890000 245.795 243.51 291.6 212.95 292.37 292.38 294.013 293.789 293.675 293.858 293.774 294.082 291.175 0.0 0.0 291.47 -002.074 KOHM R   

2016-05-10 16:44:46.283000 307.188 239.61 291.46 205.08 292.07 292.29 293.991 293.723 293.602 293.799 293.728 294.038 291.043 0.0 0.0 291.28 -002.074 KOHM R   

2016-05-10 16:45:47.695000 368.6 236.0 291.32 197.52 291.73 292.18 293.965 293.644 293.51 293.725 293.676 293.985 290.898 0.0 0.0 291.07 -002.034 KOHM R   

2016-05-10 16:46:49.137000 430.042 232.62 291.16 190.29 291.35 292.06 293.931 293.553 293.405 293.638 293.617 293.924 290.732 0.0 0.0 290.85 -002.066 KOHM R   

2016-05-10 16:47:50.619000 491.524 229.44 290.99 183.31 290.94 291.92 293.899 293.447 293.285 293.537 293.553 293.858 290.558 0.0 0.0 290.61 -002.066 KOHM R   

2016-05-10 16:48:52.142000 553.047 226.44 290.81 176.56 290.49 291.76 293.859 293.33 293.152 293.424 293.483 293.785 290.372 0.0 0.0 290.36 -002.055 KOHM R   

2016-05-10 16:49:53.684000 614.589 223.55 290.63 170.09 290.02 291.6 293.818 293.203 293.006 293.297 293.409 293.705 290.177 0.0 0.0 290.1 -002.047 KOHM R   

2016-05-10 16:50:55.256000 676.161 220.78 290.44 163.86 289.52 291.42 293.77 293.062 292.846 293.16 293.327 293.618 289.968 0.0 0.0 289.84 -002.065 KOHM R   

2016-05-10 16:51:56.858000 737.763 218.07 290.25 157.95 288.99 291.23 293.721 292.913 292.678 293.011 293.243 293.525 289.753 0.0 0.0 289.56 -002.074 KOHM R   

2016-05-10 16:52:58.471000 799.376 215.39 290.05 152.27 288.44 291.04 293.669 292.754 292.495 292.851 293.154 293.425 289.534 0.0 0.0 289.29 -002.052 KOHM R   

2016-05-10 16:54:00.123000 861.028 212.78 289.84 146.95 287.86 290.84 293.61 292.585 292.305 292.68 293.06 293.321 289.303 0.0 0.0 289.0 -002.048 KOHM R   

2016-05-10 16:55:01.795000 922.7 210.2 289.63 141.9 287.27 290.62 293.552 292.405 292.105 292.503 292.961 293.21 289.07 0.0 0.0 288.71 -002.073 KOHM R   

2016-05-10 16:56:03.519000 984.424 207.64 289.42 137.06 286.66 290.4 293.486 292.219 291.899 292.314 292.855 293.094 288.826 0.0 0.0 288.42 -002.025 KOHM R   

2016-05-10 16:57:05.251000 1046.156 205.13 289.19 132.5 286.04 290.18 293.42 292.025 291.682 292.116 292.747 292.972 288.58 0.0 0.0 288.12 -002.039 KOHM R   

2016-05-10 16:58:07.053000 1107.958 202.6 288.97 128.12 285.4 289.94 293.346 291.82 291.457 291.91 292.633 292.842 288.326 0.0 0.0 287.82 -002.083 KOHM R   

2016-05-10 16:59:08.846000 1169.751 200.12 288.74 124.02 284.75 289.7 293.274 291.609 291.228 291.698 292.514 292.71 288.068 0.0 0.0 287.51 -002.034 KOHM R   

2016-05-10 17:00:10.708000 1231.613 197.64 288.5 120.15 284.08 289.46 293.194 291.387 290.989 291.477 292.391 292.572 287.805 0.0 0.0 287.2 -002.091 KOHM R   

2016-05-10 17:01:12.590000 1293.495 195.19 288.26 116.5 283.41 289.2 293.112 291.162 290.741 291.244 292.26 292.428 287.533 0.0 0.0 286.88 -001.951 KOHM R   

2016-05-10 17:02:14.973000 1355.878 192.74 288.02 113.08 282.72 288.95 293.027 290.927 290.49 291.01 292.127 292.276 287.257 0.0 0.0 286.56 -002.025 KOHM R   

2016-05-10 17:03:17.385000 1418.29 190.31 287.77 109.92 282.02 288.68 292.937 290.688 290.231 290.766 291.991 292.118 286.982 0.0 0.0 286.24 -002.060 KOHM R   

2016-05-10 17:04:19.397000 1480.302 187.91 287.52 106.95 281.32 288.42 292.842 290.44 289.968 290.517 291.847 291.964 286.696 0.0 0.0 285.91 -002.040 KOHM R   

2016-05-10 17:05:21.831000 1542.736 185.52 287.26 104.22 280.62 288.14 292.748 290.185 289.698 290.261 291.698 291.799 286.407 0.0 0.0 285.58 -002.082 KOHM R   

2016-05-10 17:06:24.424000 1605.329 183.17 286.99 101.7 279.9 287.87 292.646 289.921 289.419 289.996 291.547 291.63 286.109 0.0 0.0 285.23 -002.003 KOHM R   

2016-05-10 17:07:27.298000 1668.203 180.84 286.73 99.39 279.19 287.58 292.542 289.655 289.138 289.728 291.39 291.457 285.814 0.0 0.0 284.89 

2016-05-10 17:08:29.480000 1730.385 178.58 286.46 97.254 278.48 287.3 292.434 289.382 288.851 289.456 291.232 291.28 285.513 0.0 0.0 284.54 -002.041 KOHM R   

2016-05-10 17:09:31.572000 1792.477 176.37 286.18 95.316 277.77 287.01 292.323 289.106 288.564 289.177 291.067 291.096 285.207 0.0 0.0 284.2 -002.029 KOHM R   

2016-05-10 17:10:33.715000 1854.62 174.21 285.91 93.544 277.06 286.72 292.208 288.822 288.271 288.894 290.898 290.912 284.895 0.0 0.0 283.84 -002.032 KOHM R   

2016-05-10 17:11:35.907000 1916.812 172.09 285.63 91.908 276.35 286.42 292.089 288.536 287.974 288.607 290.728 290.722 284.581 0.0 0.0 283.49 -002.122 KOHM R   

2016-05-10 17:12:38.130000 1979.035 170.05 285.34 90.441 275.64 286.11 291.968 288.243 287.671 288.313 290.552 290.526 284.265 0.0 0.0 283.13 -002.067 KOHM R   

2016-05-10 17:13:40.362000 2041.267 168.05 285.06 89.083 274.94 285.81 291.844 287.945 287.366 288.016 290.373 290.331 283.942 0.0 0.0 282.77 -002.054 KOHM R   

2016-05-10 17:14:42.614000 2103.519 166.14 284.77 87.852 274.24 285.5 291.714 287.643 287.058 287.717 290.192 290.129 283.616 0.0 0.0 282.4 -002.022 KOHM R   

2016-05-10 17:15:44.917000 2165.822 164.28 284.47 86.728 273.55 285.19 291.582 287.34 286.746 287.413 290.006 289.922 283.288 0.0 0.0 282.03 -002.100 KOHM R   

2016-05-10 17:16:47.259000 2228.164 162.51 284.17 85.716 272.85 284.87 291.446 287.028 286.427 287.103 289.814 289.711 282.955 0.0 0.0 281.66 -002.085 KOHM R   

2016-05-10 17:17:49.592000 2290.497 160.81 283.87 84.791 272.16 284.55 291.308 286.715 286.107 286.789 289.62 289.5 282.623 0.0 0.0 281.29 -002.027 KOHM R   

2016-05-10 17:18:51.964000 2352.869 159.19 283.57 83.901 271.49 284.22 291.166 286.395 285.785 286.473 289.423 289.282 282.286 0.0 0.0 280.92 -002.101 KOHM R   

2016-05-10 17:19:54.397000 2415.302 157.64 283.26 83.113 270.81 283.9 291.021 286.075 285.458 286.154 289.223 289.062 281.947 0.0 0.0 280.55 -002.046 KOHM R   

2016-05-10 17:20:56.820000 2477.725 156.18 282.96 82.391 270.14 283.57 290.872 285.749 285.132 285.831 289.02 288.838 281.608 0.0 0.0 280.17 -002.080 KOHM R   

2016-05-10 17:21:59.272000 2540.177 154.8 282.65 81.751 269.47 283.24 290.718 285.421 284.802 285.508 288.814 288.613 281.264 0.0 0.0 279.79 -002.112 KOHM R   

2016-05-10 17:23:01.765000 2602.67 153.49 282.34 81.146 268.82 282.91 290.563 285.089 284.469 285.179 288.606 288.383 280.92 0.0 0.0 279.42 -001.949 KOHM R   

2016-05-10 17:24:04.297000 2665.202 152.26 282.03 80.595 268.16 282.57 290.407 284.757 284.133 284.849 288.394 288.154 280.576 0.0 0.0 279.04 -002.077 KOHM R   

2016-05-10 17:25:06.830000 2727.735 151.1 281.71 80.103 267.52 282.23 290.245 284.422 283.796 284.515 288.179 287.92 280.232 0.0 0.0 278.66 -002.151 KOHM R   

2016-05-10 17:26:09.402000 2790.307 150.0 281.4 79.637 266.88 281.9 290.082 284.084 283.459 284.179 287.962 287.681 279.885 0.0 0.0 278.29 -001.857 KOHM R   

2016-05-10 17:27:11.995000 2852.9 148.97 281.09 79.197 266.25 281.56 289.914 283.743 283.12 283.845 287.746 287.444 279.536 0.0 0.0 277.91 -001.891 KOHM R   

2016-05-10 17:28:14.647000 2915.552 148.01 280.77 78.802 265.62 281.22 289.744 283.403 282.777 283.504 287.523 287.205 279.19 0.0 0.0 277.54 -001.955 KOHM R   

2016-05-10 17:29:17.300000 2978.205 147.1 280.46 78.439 265.01 280.88 289.57 283.064 282.436 283.166 287.301 286.959 278.843 0.0 0.0 277.17 -002.092 KOHM R   

2016-05-10 17:30:19.992000 3040.897 146.25 280.14 78.091 264.4 280.54 289.393 282.719 282.092 282.822 287.075 286.714 278.499 0.0 0.0 276.79 -002.085 KOHM R   

2016-05-10 17:31:22.706000 3103.611 145.46 279.83 77.762 263.79 280.2 289.217 282.377 281.751 282.482 286.85 286.465 278.15 0.0 0.0 276.43 -002.015 KOHM R   

2016-05-10 17:32:25.438000 3166.343 144.71 279.51 77.465 263.19 279.86 289.036 282.03 281.403 282.137 286.621 286.219 277.807 0.0 0.0 276.06 -001.912 KOHM R   

2016-05-10 17:33:28.181000 3229.086 144.0 279.2 77.2 262.59 279.52 288.856 281.689 281.061 281.794 286.391 285.967 277.462 0.0 0.0 275.69 -001.983 KOHM R   

2016-05-10 17:34:30.953000 3291.858 143.33 278.89 76.943 262.01 279.18 288.669 281.341 280.715 281.447 286.158 285.713 277.122 0.0 0.0 275.33 -002.177 KOHM R   

2016-05-10 17:35:33.766000 3354.671 142.71 278.57 76.683 261.43 278.84 288.481 280.994 280.369 281.104 285.926 285.462 276.777 0.0 0.0 274.97 -002.057 KOHM R   

2016-05-10 17:36:36.608000 3417.513 142.12 278.26 76.447 260.85 278.5 288.292 280.649 280.028 280.759 285.691 285.205 276.436 0.0 0.0 274.61 -002.080 KOHM R   

2016-05-10 17:37:39.521000 3480.426 141.56 277.95 76.224 260.29 278.16 288.1 280.307 279.683 280.412 285.453 284.947 276.094 0.0 0.0 274.25 -002.058 KOHM R   

2016-05-10 17:38:42.443000 3543.348 141.04 277.64 76.005 259.72 277.82 287.906 279.963 279.34 280.066 285.216 284.689 275.759 0.0 0.0 273.9 -002.048 KOHM R   

2016-05-10 17:39:45.376000 3606.281 140.54 277.32 75.802 259.17 277.49 287.711 279.616 278.997 279.721 284.976 284.43 275.421 0.0 0.0 273.55 -002.074 KOHM R   

2016-05-10 17:40:48.338000 3669.243 140.07 277.01 75.608 258.62 277.15 287.512 279.272 278.656 279.376 284.736 284.172 275.085 0.0 0.0 273.2 -002.063 KOHM R   

2016-05-10 17:41:51.361000 3732.266 139.63 276.7 75.426 258.07 276.82 287.313 278.929 278.316 279.031 284.494 283.908 274.75 0.0 0.0 272.85 -002.060 KOHM R   

2016-05-10 17:42:54.384000 3795.289 139.2 276.39 75.249 257.54 276.49 287.112 278.585 277.978 278.686 284.252 283.647 274.417 0.0 0.0 272.5 -002.058 KOHM R   

2016-05-10 17:43:57.427000 3858.332 138.8 276.09 75.087 257.01 276.16 286.909 278.242 277.641 278.345 284.008 283.384 274.087 0.0 0.0 272.16 -002.070 KOHM R   

2016-05-10 17:45:00.539000 3921.444 138.41 275.78 74.923 256.48 275.83 286.703 277.903 277.306 278.006 283.764 283.122 273.755 0.0 0.0 271.82 -002.077 KOHM R   

2016-05-10 17:46:03.672000 3984.577 138.04 275.48 74.748 255.96 275.5 286.495 277.562 276.974 277.669 283.519 282.857 273.426 0.0 0.0 271.48 -002.053 KOHM R   

2016-05-10 17:47:06.805000 4047.71 137.69 275.17 74.592 255.44 275.17 286.289 277.223 276.639 277.332 283.274 282.594 273.1 0.0 0.0 271.14 -002.083 KOHM R   

2016-05-10 17:48:09.957000 4110.862 137.35 274.87 74.443 254.93 274.85 286.078 276.888 276.309 276.992 283.026 282.329 272.776 0.0 0.0 270.81 -002.036 KOHM R   

2016-05-10 17:49:13.180000 4174.085 137.02 274.56 74.298 254.43 274.52 285.865 276.552 275.983 276.658 282.78 282.064 272.447 0.0 0.0 270.47 -002.038 KOHM R   

2016-05-10 17:50:16.419000 4237.324 136.71 274.26 74.156 253.93 274.2 285.654 276.218 275.655 276.327 282.532 281.801 272.129 0.0 0.0 270.14 -002.078 KOHM R   

2016-05-10 17:51:19.679000 4300.584 136.41 273.96 74.02 253.43 273.88 285.441 275.887 275.331 275.993 282.282 281.533 271.809 0.0 0.0 269.82 -002.062 KOHM R   

2016-05-10 17:52:23.019000 4363.924 136.11 273.66 73.9 252.94 273.56 285.224 275.555 275.007 275.666 282.036 281.267 271.487 0.0 0.0 269.49 -002.082 KOHM R   

2016-05-10 17:53:26.349000 4427.254 135.82 273.36 73.76 252.46 273.23 285.009 275.226 274.687 275.336 281.784 281.001 271.171 0.0 0.0 269.16 -002.088 KOHM R   

2016-05-10 17:54:29.700000 4490.605 135.55 273.06 73.634 251.98 272.92 284.79 274.896 274.365 275.008 281.533 280.735 270.854 0.0 0.0 268.84 -002.038 KOHM R   

2016-05-10 17:55:33.120000 4554.025 135.28 272.76 73.498 251.5 272.6 284.57 274.569 274.051 274.686 281.285 280.471 270.538 0.0 0.0 268.52 -002.048 KOHM R   

2016-05-10 17:56:36.560000 4617.465 135.01 272.46 73.391 251.03 272.29 284.349 274.247 273.733 274.361 281.035 280.203 270.226 0.0 0.0 268.2 -002.074 KOHM R   

2016-05-10 17:57:40.030000 4680.935 134.75 272.17 73.272 250.56 271.97 284.125 273.922 273.417 274.039 280.783 279.935 269.913 0.0 0.0 267.88 -002.081 KOHM R   

2016-05-10 17:58:43.520000 4744.425 134.5 271.87 73.138 250.1 271.66 283.903 273.599 273.104 273.717 280.531 279.669 269.599 0.0 0.0 267.57 -002.039 KOHM R   

2016-05-10 17:59:47.040000 4807.945 134.25 271.58 73.036 249.63 271.35 283.679 273.279 272.792 273.402 280.283 279.402 269.289 0.0 0.0 267.25 -002.053 KOHM R   

2016-05-10 18:00:50.580000 4871.485 134.0 271.28 72.931 249.18 271.04 283.453 272.958 272.484 273.085 280.03 279.135 268.979 0.0 0.0 266.94 -002.060 KOHM R   

2016-05-10 18:01:54.160000 4935.065 133.76 270.99 72.809 248.72 270.73 283.225 272.639 272.175 272.771 279.779 278.867 268.673 0.0 0.0 266.63 -002.053 KOHM R   

2016-05-10 18:02:57.780000 4998.685 133.52 270.7 72.71 248.27 270.42 282.998 272.324 271.868 272.455 279.525 278.6 268.365 0.0 0.0 266.32 -002.048 KOHM R   

2016-05-10 18:04:01.410000 5062.315 133.29 270.41 72.585 247.82 270.11 282.768 272.009 271.56 272.144 279.272 278.331 268.061 0.0 0.0 266.01 -002.063 KOHM R   

2016-05-10 18:05:05.090000 5125.995 133.06 270.11 72.479 247.38 269.81 282.54 271.696 271.257 271.834 279.019 278.066 267.758 0.0 0.0 265.7 -002.049 KOHM R   

2016-05-10 18:06:08.800000 5189.705 132.83 269.83 72.373 246.95 269.5 282.31 271.384 270.953 271.52 278.763 277.801 267.454 0.0 0.0 265.39 -002.126 KOHM R   

2016-05-10 18:07:12.541000 5253.446 132.61 269.53 72.279 246.51 269.2 282.078 271.075 270.652 271.214 278.512 277.531 267.152 0.0 0.0 265.09 -002.048 KOHM R   

2016-05-10 18:08:16.321000 5317.226 132.39 269.25 72.183 246.08 268.89 281.846 270.765 270.352 270.907 278.26 277.266 266.849 0.0 0.0 264.78 -002.079 KOHM R   

2016-05-10 18:09:20.121000 5381.026 132.18 268.95 72.077 245.65 268.59 281.613 270.455 270.053 270.604 278.008 276.999 266.551 0.0 0.0 264.48 -002.039 KOHM R   

2016-05-10 18:10:23.931000 5444.836 131.97 268.67 71.994 245.22 268.29 281.38 270.15 269.754 270.297 277.751 276.731 266.251 0.0 0.0 264.18 -002.078 KOHM R   

2016-05-10 18:11:27.881000 5508.786 131.76 268.38 71.891 244.8 267.99 281.143 269.841 269.453 269.996 277.499 276.466 265.949 0.0 0.0 263.87 -002.028 KOHM R   

2016-05-10 18:12:31.781000 5572.686 131.54 268.09 71.792 244.38 267.69 280.908 269.536 269.157 269.691 277.243 276.198 265.653 0.0 0.0 263.57 -002.094 KOHM R   

2016-05-10 18:13:35.701000 5636.606 131.33 267.81 71.717 243.96 267.39 280.671 269.23 268.859 269.389 276.989 275.932 265.356 0.0 0.0 263.27 -002.087 KOHM R   

2016-05-10 18:14:39.621000 5700.526 131.13 267.52 71.608 243.55 267.1 280.436 268.927 268.565 269.087 276.734 275.666 265.062 0.0 0.0 262.98 -002.036 KOHM R   

2016-05-10 18:15:43.581000 5764.486 130.92 267.23 71.517 243.14 266.8 280.196 268.621 268.27 268.785 276.481 275.4 264.763 0.0 0.0 262.68 -002.063 KOHM R   

2016-05-10 18:16:47.632000 5828.537 130.72 266.95 71.415 242.74 266.5 279.957 268.319 267.978 268.489 276.228 275.136 264.467 0.0 0.0 262.38 -002.065 KOHM R   

2016-05-10 18:17:51.705000 5892.61 130.52 266.66 71.337 242.33 266.21 279.715 268.022 267.685 268.19 275.972 274.869 264.169 0.0 0.0 262.08 -002.054 KOHM R   

2016-05-10 18:18:55.821000 5956.726 130.32 266.38 71.244 241.93 265.91 279.474 267.722 267.394 267.893 275.718 274.603 263.876 0.0 0.0 261.79 -002.049 KOHM R   

2016-05-10 18:19:59.982000 6020.887 130.12 266.09 71.137 241.53 265.62 279.232 267.422 267.102 267.596 275.465 274.337 263.582 0.0 0.0 261.49 -002.057 KOHM R   

2016-05-10 18:21:04.178000 6085.083 129.92 265.81 71.073 241.13 265.33 278.99 267.123 266.812 267.299 275.209 274.071 263.287 0.0 0.0 261.2 -002.074 KOHM R   

2016-05-10 18:22:08.349000 6149.254 129.72 265.52 70.991 240.74 265.04 278.747 266.824 266.522 267.007 274.954 273.806 262.997 0.0 0.0 260.9 -002.041 KOHM R   

2016-05-10 18:23:12.509000 6213.414 129.53 265.24 70.888 240.35 264.74 278.502 266.529 266.234 266.712 274.701 273.54 262.703 0.0 0.0 260.61 -002.061 KOHM R   

2016-05-10 18:24:16.709000 6277.614 129.33 264.95 70.824 239.96 264.45 278.258 266.234 265.946 266.42 274.447 273.277 262.411 0.0 0.0 260.32 -002.082 KOHM R   

2016-05-10 18:25:20.939000 6341.844 129.14 264.67 70.747 239.58 264.16 278.013 265.94 265.661 266.129 274.193 273.012 262.119 0.0 0.0 260.03 -002.042 KOHM R   

2016-05-10 18:26:25.179000 6406.084 128.94 264.39 70.658 239.2 263.86 277.769 265.647 265.375 265.839 273.938 272.747 261.832 0.0 0.0 259.74 -002.048 KOHM R   

2016-05-10 18:27:29.439000 6470.344 128.75 264.1 70.575 238.81 263.57 277.521 265.355 265.088 265.549 273.686 272.482 261.541 0.0 0.0 259.45 -002.054 KOHM R   

2016-05-10 18:28:33.729000 6534.634 128.56 263.82 70.504 238.44 263.28 277.273 265.063 264.804 265.26 273.433 272.217 261.248 0.0 0.0 259.16 -002.068 KOHM R   

2016-05-10 18:29:38.069000 6598.974 128.37 263.54 70.434 238.06 262.99 277.027 264.769 264.52 264.972 273.178 271.955 260.961 0.0 0.0 258.87 -002.039 KOHM R   

2016-05-10 18:30:42.449000 6663.354 128.18 263.25 70.362 237.69 262.7 276.779 264.481 264.236 264.683 272.922 271.691 260.672 0.0 0.0 258.58 -002.061 KOHM R   

2016-05-10 18:31:46.839000 6727.744 127.99 262.97 70.267 237.32 262.41 276.531 264.191 263.954 264.397 272.67 271.426 260.384 0.0 0.0 258.29 -002.062 KOHM R   

2016-05-10 18:32:51.259000 6792.164 127.81 262.69 70.186 236.95 262.13 276.28 263.9 263.673 264.109 272.416 271.162 260.096 0.0 0.0 258.0 -002.049 KOHM R   

2016-05-10 18:33:55.690000 6856.595 127.62 262.4 70.111 236.58 261.84 276.03 263.613 263.387 263.825 272.161 270.899 259.809 0.0 0.0 257.72 -002.050 KOHM R   

2016-05-10 18:35:00.170000 6921.075 127.44 262.12 70.044 236.22 261.55 275.78 263.326 263.109 263.541 271.91 270.634 259.521 0.0 0.0 257.43 -002.077 KOHM R   

2016-05-10 18:36:04.680000 6985.585 127.26 261.84 69.983 235.85 261.26 275.533 263.038 262.825 263.254 271.655 270.373 259.236 0.0 0.0 257.14 -002.051 KOHM R   

2016-05-10 18:37:09.210000 7050.115 127.07 261.56 69.914 235.49 260.98 275.28 262.753 262.546 262.971 271.403 270.107 258.95 0.0 0.0 256.86 -002.050 KOHM R   

2016-05-10 18:38:13.770000 7114.675 126.9 261.28 69.849 235.14 260.69 275.032 262.465 262.265 262.686 271.147 269.843 258.665 0.0 0.0 256.57 -002.060 KOHM R   

2016-05-10 18:39:18.350000 7179.255 126.72 261.0 69.782 234.78 260.4 274.778 262.181 261.986 262.405 270.895 269.577 258.378 0.0 0.0 256.29 -002.075 KOHM R   

2016-05-10 18:40:22.990000 7243.895 126.54 260.72 69.704 234.42 260.11 274.524 261.897 261.708 262.123 270.64 269.313 258.092 0.0 0.0 256.0 -002.051 KOHM R   

2016-05-10 18:41:27.630000 7308.535 126.36 260.43 69.639 234.07 259.83 274.276 261.612 261.428 261.84 270.387 269.047 257.809 0.0 0.0 255.72 -002.058 KOHM R   

2016-05-10 18:42:32.320000 7373.225 126.18 260.15 69.574 233.71 259.54 274.023 261.327 261.151 261.558 270.131 268.784 257.526 0.0 0.0 255.44 -002.051 KOHM R   

2016-05-10 18:43:37.020000 7437.925 126.01 259.87 69.501 233.36 259.26 273.767 261.043 260.873 261.28 269.879 268.519 257.24 0.0 0.0 255.15 -002.044 KOHM R   

2016-05-10 18:44:41.770000 7502.675 125.83 259.59 69.44 233.01 258.97 273.514 260.76 260.594 260.999 269.624 268.256 256.957 0.0 0.0 254.87 -002.076 KOHM R   

2016-05-10 18:45:46.601000 7567.506 125.66 259.31 69.362 232.66 258.69 273.261 260.478 260.316 260.718 269.369 267.99 256.673 0.0 0.0 254.59 -002.073 KOHM R   

2016-05-10 18:46:51.421000 7632.326 125.48 259.03 69.312 232.32 258.41 273.007 260.195 260.04 260.438 269.112 267.729 256.39 0.0 0.0 254.31 -002.055 KOHM R   

2016-05-10 18:47:56.261000 7697.166 125.31 258.75 69.236 231.97 258.12 272.751 259.913 259.762 260.159 268.857 267.464 256.108 0.0 0.0 254.02 -002.068 KOHM R   

2016-05-10 18:49:01.151000 7762.056 125.13 258.47 69.161 231.63 257.84 272.496 259.629 259.486 259.879 268.601 267.199 255.825 0.0 0.0 253.74 -002.049 KOHM R   

2016-05-10 18:50:06.041000 7826.946 124.97 258.19 69.102 231.29 257.55 272.241 259.348 259.208 259.598 268.347 266.932 255.542 0.0 0.0 253.46 -002.081 KOHM R   

2016-05-10 18:51:10.991000 7891.896 124.79 257.91 69.048 230.95 257.27 271.984 259.067 258.932 259.319 268.091 266.67 255.258 0.0 0.0 253.18 -002.044 KOHM R   

2016-05-10 18:52:15.991000 7956.896 124.62 257.63 68.983 230.61 256.99 271.726 258.782 258.656 259.04 267.837 266.406 254.978 0.0 0.0 252.9 -002.076 KOHM R   

2016-05-10 18:53:20.991000 8021.896 124.45 257.35 68.934 230.28 256.7 271.471 258.5 258.377 258.76 267.581 266.143 254.696 0.0 0.0 252.62 -002.105 KOHM R   

2016-05-10 18:54:26.041000 8086.946 124.28 257.07 68.851 229.94 256.42 271.213 258.221 258.102 258.482 267.327 265.879 254.415 0.0 0.0 252.34 -002.041 KOHM R   

2016-05-10 18:55:31.081000 8151.986 124.1 256.79 68.796 229.61 256.14 270.959 257.939 257.825 258.205 267.072 265.615 254.133 0.0 0.0 252.06 -002.060 KOHM R   

2016-05-10 18:56:36.171000 8217.076 123.93 256.51 68.751 229.28 255.86 270.7 257.659 257.55 257.925 266.817 265.352 253.853 0.0 0.0 251.77 -002.073 KOHM R   

2016-05-10 18:57:41.272000 8282.177 123.76 256.22 68.697 228.95 255.58 270.441 257.377 257.272 257.647 266.563 265.09 253.571 0.0 0.0 251.5 -002.062 KOHM R   

2016-05-10 18:58:46.422000 8347.327 123.59 255.95 68.622 228.62 255.29 270.183 257.099 257.0 257.369 266.306 264.825 253.29 0.0 0.0 251.22 -002.060 KOHM R   

2016-05-10 18:59:51.622000 8412.527 123.42 255.67 68.56 228.29 255.01 269.924 256.819 256.723 257.092 266.049 264.559 253.013 0.0 0.0 250.94 -002.071 KOHM R   

2016-05-10 19:00:56.852000 8477.757 123.24 255.39 68.512 227.97 254.73 269.663 256.539 256.445 256.815 265.798 264.299 252.729 0.0 0.0 250.66 -002.042 KOHM R   

2016-05-10 19:02:02.102000 8543.007 123.07 255.11 68.433 227.64 254.45 269.403 256.261 256.175 256.538 265.541 264.035 252.45 0.0 0.0 250.38 -002.062 KOHM R   

2016-05-10 19:03:07.352000 8608.257 122.9 254.83 68.367 227.32 254.17 269.143 255.982 255.9 256.262 265.286 263.771 252.17 0.0 0.0 250.1 -002.053 KOHM R   

2016-05-10 19:04:12.762000 8673.667 122.73 254.55 68.334 227.0 253.88 268.882 255.703 255.626 255.985 265.032 263.507 251.891 0.0 0.0 249.82 -002.087 KOHM R   

2016-05-10 19:05:18.532000 8739.437 122.57 254.26 68.248 226.68 253.6 268.618 255.421 255.349 255.709 264.775 263.244 251.609 0.0 0.0 249.54 -002.044 KOHM R   

2016-05-10 19:06:24.452000 8805.357 122.4 253.98 68.196 226.36 253.32 268.353 255.141 255.074 255.43 264.518 262.979 251.326 0.0 0.0 249.26 -002.095 KOHM R   

2016-05-10 19:07:29.832000 8870.737 122.23 253.7 68.154 226.04 253.04 268.094 254.863 254.804 255.156 264.26 262.716 251.048 0.0 0.0 248.98 -002.048 KOHM R   

2016-05-10 19:08:35.252000 8936.157 122.07 253.42 68.085 225.72 252.76 267.829 254.584 254.527 254.88 264.009 262.453 250.767 0.0 0.0 248.7 -002.072 KOHM R   

2016-05-10 19:09:40.723000 9001.628 121.9 253.14 68.049 225.41 252.48 267.569 254.308 254.254 254.606 263.753 262.191 250.491 0.0 0.0 248.42 -002.048 KOHM R   

2016-05-10 19:10:46.163000 9067.068 121.74 252.86 67.986 225.09 252.2 267.305 254.031 253.981 254.329 263.499 261.928 250.211 0.0 0.0 248.14 -002.059 KOHM R   

2016-05-10 19:11:51.633000 9132.538 121.58 252.58 67.94 224.78 251.92 267.043 253.754 253.706 254.054 263.243 261.665 249.934 0.0 0.0 247.86 -002.055 KOHM R   

2016-05-10 19:12:57.123000 9198.028 121.41 252.3 67.893 224.47 251.64 266.781 253.48 253.435 253.78 262.989 261.401 249.654 0.0 0.0 247.58 -002.088 KOHM R   

2016-05-10 19:14:02.733000 9263.638 121.25 252.02 67.835 224.16 251.36 266.515 253.203 253.163 253.506 262.735 261.14 249.371 0.0 0.0 247.3 -002.049 KOHM R   

2016-05-10 19:15:08.283000 9329.188 121.09 251.74 67.8 223.85 251.08 266.253 252.924 252.891 253.232 262.48 260.877 249.094 0.0 0.0 247.03 -002.087 KOHM R   

2016-05-10 19:16:13.873000 9394.778 120.93 251.46 67.729 223.55 250.8 265.989 252.649 252.617 252.958 262.224 260.615 248.813 0.0 0.0 246.75 -002.045 KOHM R   

2016-05-10 19:17:19.493000 9460.398 120.76 251.18 67.696 223.24 250.51 265.727 252.373 252.347 252.687 261.97 260.35 248.535 0.0 0.0 246.47 -002.043 KOHM R   

2016-05-10 19:18:25.153000 9526.058 120.6 250.9 67.645 222.94 250.23 265.461 252.097 252.073 252.413 261.717 260.09 248.255 0.0 0.0 246.19 -002.092 KOHM R   

2016-05-10 19:19:30.833000 9591.738 120.44 250.62 67.575 222.63 249.96 265.198 251.82 251.801 252.14 261.46 259.826 247.977 0.0 0.0 245.92 -002.063 KOHM R   

2016-05-10 19:20:36.543000 9657.448 120.27 250.34 67.541 222.33 249.68 264.932 251.545 251.53 251.867 261.206 259.563 247.694 0.0 0.0 245.64 -002.054 KOHM R   

2016-05-10 19:21:42.284000 9723.189 120.11 250.06 67.466 222.03 249.4 264.67 251.27 251.26 251.593 260.951 259.298 247.417 0.0 0.0 245.36 -002.051 KOHM R   

2016-05-10 19:22:48.054000 9788.959 119.95 249.78 67.442 221.73 249.11 264.404 250.995 250.987 251.32 260.696 259.035 247.138 0.0 0.0 245.08 -002.063 KOHM R   

2016-05-10 19:23:53.864000 9854.769 119.79 249.49 67.371 221.43 248.83 264.137 250.718 250.719 251.051 260.445 258.772 246.858 0.0 0.0 244.8 -002.048 KOHM R   

2016-05-10 19:24:59.694000 9920.599 119.62 249.21 67.304 221.13 248.55 263.874 250.446 250.445 250.775 260.188 258.507 246.58 0.0 0.0 244.53 -002.081 KOHM R   

2016-05-10 19:26:05.554000 9986.459 119.46 248.93 67.284 220.84 248.27 263.608 250.169 250.174 250.502 259.933 258.243 246.301 0.0 0.0 244.25 -002.039 KOHM R   

2016-05-10 19:27:11.454000 10052.359 119.3 248.65 67.228 220.54 247.99 263.342 249.894 249.901 250.229 259.675 257.981 246.021 0.0 0.0 243.97 -002.085 KOHM R   

2016-05-10 19:28:17.394000 10118.299 119.13 248.36 67.164 220.24 247.71 263.076 249.616 249.628 249.96 259.421 257.717 245.744 0.0 0.0 243.69 -002.061 KOHM R   

2016-05-10 19:29:23.594000 10184.499 118.97 248.08 67.117 219.95 247.43 262.81 249.338 249.355 249.684 259.161 257.451 245.465 0.0 0.0 243.42 -002.034 KOHM R   

2016-05-10 19:30:29.614000 10250.519 118.8 247.8 67.065 219.65 247.14 262.543 249.062 249.082 249.408 258.907 257.187 245.185 0.0 0.0 243.14 -002.066 KOHM R   

2016-05-10 19:31:35.694000 10316.599 118.64 247.52 67.028 219.36 246.86 262.277 248.785 248.809 249.135 258.649 256.924 244.906 0.0 0.0 242.86 -002.108 KOHM R   

2016-05-10 19:32:41.825000 10382.73 118.48 247.23 66.994 219.06 246.58 262.009 248.508 248.538 248.861 258.394 256.66 244.627 0.0 0.0 242.58 -002.083 KOHM R   

2016-05-10 19:33:48.015000 10448.92 118.32 246.95 66.937 218.77 246.3 261.743 248.231 248.262 248.588 258.135 256.398 244.348 0.0 0.0 242.31 -002.043 KOHM R   

2016-05-10 19:34:54.115000 10515.02 118.16 246.67 66.894 218.48 246.02 261.477 247.953 247.99 248.313 257.877 256.135 244.069 0.0 0.0 242.03 -002.090 KOHM R   

2016-05-10 19:36:00.235000 10581.14 118.0 246.39 66.823 218.19 245.74 261.21 247.678 247.718 248.04 257.622 255.869 243.793 0.0 0.0 241.75 -002.050 KOHM R   

2016-05-10 19:37:06.385000 10647.29 117.83 246.1 66.772 217.9 245.46 260.944 247.403 247.445 247.766 257.367 255.607 243.512 0.0 0.0 241.48 -002.062 KOHM R   

2016-05-10 19:38:12.575000 10713.48 117.67 245.82 66.743 217.61 245.18 260.673 247.126 247.173 247.495 257.112 255.343 243.234 0.0 0.0 241.2 -002.054 KOHM R   

2016-05-10 19:39:18.785000 10779.69 117.52 245.54 66.688 217.32 244.9 260.407 246.85 246.9 247.219 256.852 255.082 242.956 0.0 0.0 240.92 -002.066 KOHM R   

2016-05-10 19:40:25.105000 10846.01 117.35 245.26 66.635 217.04 244.62 260.14 246.572 246.63 246.949 256.596 254.817 242.678 0.0 0.0 240.65 -002.062 KOHM R   

2016-05-10 19:41:31.455000 10912.36 117.2 244.97 66.612 216.75 244.34 259.871 246.298 246.355 246.673 256.338 254.55 242.4 0.0 0.0 240.37 -002.065 KOHM R   

2016-05-10 19:42:37.775000 10978.68 117.03 244.69 66.566 216.46 244.06 259.599 246.021 246.085 246.401 256.085 254.289 242.12 0.0 0.0 240.09 -002.078 KOHM R   

2016-05-10 19:43:44.125000 11045.03 116.87 244.41 66.512 216.18 243.78 259.332 245.746 245.81 246.127 255.826 254.025 241.843 0.0 0.0 239.82 -002.053 KOHM R   

2016-05-10 19:44:50.526000 11111.431 116.71 244.13 66.478 215.9 243.5 259.063 245.469 245.538 245.853 255.568 253.763 241.567 0.0 0.0 239.54 -002.068 KOHM R   

2016-05-10 19:45:56.956000 11177.861 116.55 243.84 66.432 215.61 243.21 258.79 245.193 245.267 245.581 255.313 253.498 241.286 0.0 0.0 239.26 -002.070 KOHM R   

2016-05-10 19:47:03.386000 11244.291 116.39 243.56 66.386 215.33 242.93 258.521 244.92 244.993 245.307 255.056 253.236 241.009 0.0 0.0 238.98 -002.055 KOHM R   

2016-05-10 19:48:09.846000 11310.751 116.23 243.27 66.339 215.05 242.65 258.252 244.643 244.722 245.035 254.799 252.973 240.733 0.0 0.0 238.71 -002.075 KOHM R   

2016-05-10 19:49:16.356000 11377.261 116.07 242.99 66.283 214.77 242.37 257.98 244.367 244.449 244.758 254.542 252.711 240.453 0.0 0.0 238.43 -002.061 KOHM R   

2016-05-10 19:50:22.886000 11443.791 115.91 242.71 66.227 214.49 242.09 257.709 244.093 244.178 244.49 254.288 252.45 240.177 0.0 0.0 238.16 -002.049 KOHM R   

2016-05-10 19:51:29.446000 11510.351 115.75 242.43 66.185 214.21 241.81 257.439 243.815 243.905 244.217 254.031 252.186 239.898 0.0 0.0 237.88 -002.085 KOHM R   

2016-05-10 19:52:36.076000 11576.981 115.59 242.15 66.14 213.94 241.53 257.166 243.54 243.632 243.943 253.774 251.922 239.622 0.0 0.0 237.61 -002.044 KOHM R   

2016-05-10 19:53:42.836000 11643.741 115.44 241.86 66.122 213.66 241.25 256.895 243.264 243.361 243.668 253.515 251.659 239.343 0.0 0.0 237.33 -002.084 KOHM R   

2016-05-10 19:54:49.486000 11710.391 115.28 241.58 66.076 213.39 240.97 256.626 242.99 243.09 243.396 253.259 251.393 239.066 0.0 0.0 237.05 -002.045 KOHM R   

2016-05-10 19:55:56.166000 11777.071 115.12 241.3 66.003 213.11 240.69 256.355 242.715 242.818 243.124 253.001 251.132 238.788 0.0 0.0 236.78 -002.058 KOHM R   

2016-05-10 19:57:02.907000 11843.812 114.96 241.01 65.956 212.84 240.41 256.081 242.441 242.547 242.85 252.745 250.868 238.509 0.0 0.0 236.5 -002.054 KOHM R   

2016-05-10 19:58:09.637000 11910.542 114.8 240.73 65.934 212.56 240.13 255.811 242.165 242.275 242.579 252.491 250.606 238.233 0.0 0.0 236.23 -002.074 KOHM R   

2016-05-10 19:59:16.447000 11977.352 114.64 240.45 65.9 212.29 239.85 255.54 241.889 242.0 242.304 252.232 250.342 237.957 0.0 0.0 235.95 -002.063 KOHM R   

2016-05-10 20:00:23.307000 12044.212 114.48 240.16 65.835 212.02 239.57 255.267 241.615 241.731 242.032 251.976 250.08 237.677 0.0 0.0 235.67 -002.061 KOHM R   

2016-05-10 20:01:30.097000 12111.002 114.32 239.88 65.789 211.75 239.29 254.996 241.338 241.458 241.76 251.721 249.815 237.401 0.0 0.0 235.4 -002.050 KOHM R   

2016-05-10 20:02:36.947000 12177.852 114.16 239.6 65.761 211.48 239.01 254.724 241.065 241.187 241.486 251.463 249.549 237.124 0.0 0.0 235.12 -002.059 KOHM R   

2016-05-10 20:03:43.827000 12244.732 114.0 239.32 65.733 211.21 238.73 254.452 240.788 240.916 241.214 251.208 249.285 236.846 0.0 0.0 234.84 -002.050 KOHM R   

2016-05-10 20:04:50.717000 12311.622 113.83 239.04 65.661 210.94 238.45 254.181 240.515 240.642 240.943 250.95 249.02 236.571 0.0 0.0 234.57 -002.065 KOHM R   

2016-05-10 20:05:57.637000 12378.542 113.68 238.76 65.639 210.67 238.17 253.907 240.239 240.373 240.67 250.695 248.756 236.292 0.0 0.0 234.29 -002.064 KOHM R   

2016-05-10 20:07:04.617000 12445.522 113.52 238.48 65.59 210.4 237.89 253.636 239.966 240.101 240.399 250.44 248.49 236.016 0.0 0.0 234.01 -002.078 KOHM R   

2016-05-10 20:08:11.617000 12512.522 113.37 238.19 65.524 210.14 237.61 253.362 239.689 239.826 240.124 250.181 248.226 235.739 0.0 0.0 233.73 -002.047 KOHM R   

2016-05-10 20:09:18.638000 12579.543 113.21 237.91 65.509 209.87 237.33 253.091 239.41 239.556 239.853 249.925 247.961 235.46 0.0 0.0 233.46 -002.075 KOHM R   

2016-05-10 20:10:25.688000 12646.593 113.05 237.63 65.463 209.6 237.05 252.82 239.136 239.28 239.577 249.668 247.696 235.184 0.0 0.0 233.18 -002.068 KOHM R   

2016-05-10 20:11:32.798000 12713.703 112.89 237.35 65.402 209.34 236.78 252.548 238.859 239.007 239.302 249.409 247.431 234.908 0.0 0.0 232.9 -002.076 KOHM R   

2016-05-10 20:12:39.948000 12780.853 112.74 237.07 65.386 209.08 236.49 252.274 238.582 238.734 239.028 249.15 247.165 234.628 0.0 0.0 232.62 -002.037 KOHM R   

2016-05-10 20:13:47.088000 12847.993 112.58 236.79 65.317 208.81 236.22 252.002 238.306 238.46 238.755 248.893 246.904 234.349 0.0 0.0 232.35 -002.064 KOHM R   

2016-05-10 20:14:54.248000 12915.153 112.42 236.51 65.307 208.55 235.94 251.729 238.029 238.187 238.48 248.633 246.639 234.071 0.0 0.0 232.07 -002.075 KOHM R   

2016-05-10 20:16:01.448000 12982.353 112.26 236.23 65.247 208.29 235.66 251.455 237.752 237.914 238.206 248.377 246.375 233.794 0.0 0.0 231.79 -002.042 KOHM R   

2016-05-10 20:17:08.688000 13049.593 112.11 235.95 65.227 208.03 235.38 251.183 237.478 237.641 237.931 248.119 246.11 233.515 0.0 0.0 231.52 -002.095 KOHM R   

2016-05-10 20:18:15.928000 13116.833 111.96 235.67 65.162 207.77 235.1 250.909 237.201 237.368 237.659 247.86 245.843 233.236 0.0 0.0 231.24 -002.068 KOHM R   

2016-05-10 20:19:23.248000 13184.153 111.8 235.39 65.144 207.51 234.82 250.636 236.925 237.095 237.387 247.603 245.58 232.959 0.0 0.0 230.96 -002.076 KOHM R   

2016-05-10 20:20:30.579000 13251.484 111.65 235.12 65.08 207.25 234.54 250.36 236.649 236.823 237.112 247.347 245.315 232.677 0.0 0.0 230.68 -002.037 KOHM R   

2016-05-10 20:21:37.989000 13318.894 111.49 234.84 65.05 206.99 234.26 250.089 236.374 236.548 236.84 247.09 245.052 232.401 0.0 0.0 230.41 -002.085 KOHM R   

2016-05-10 20:22:45.519000 13386.424 111.34 234.56 65.031 206.73 233.98 249.814 236.098 236.276 236.564 246.831 244.788 232.123 0.0 0.0 230.13 -002.052 KOHM R   

2016-05-10 20:23:52.939000 13453.844 111.18 234.28 64.97 206.48 233.7 249.538 235.819 236.006 236.292 246.575 244.525 231.845 0.0 0.0 229.86 -002.067 KOHM R   

2016-05-10 20:25:00.399000 13521.304 111.02 234.0 64.953 206.22 233.42 249.264 235.545 235.732 236.016 246.314 244.258 231.569 0.0 0.0 229.58 -002.065 KOHM R   

2016-05-10 20:26:07.889000 13588.794 110.86 233.72 64.885 205.96 233.14 248.985 235.269 235.46 235.745 246.057 243.995 231.289 0.0 0.0 229.3 -002.058 KOHM R   

2016-05-10 20:27:15.389000 13656.294 110.71 233.44 64.84 205.71 232.86 248.711 234.995 235.186 235.471 245.799 243.731 231.014 0.0 0.0 229.03 -002.075 KOHM R   

2016-05-10 20:28:22.949000 13723.854 110.55 233.16 64.829 205.45 232.58 248.434 234.72 234.916 235.2 245.543 243.469 230.736 0.0 0.0 228.75 -002.076 KOHM R   

2016-05-10 20:29:30.489000 13791.394 110.39 232.88 64.787 205.2 232.31 248.16 234.445 234.642 234.925 245.285 243.203 230.46 0.0 0.0 228.48 -002.044 KOHM R   

2016-05-10 20:30:38.109000 13859.014 110.24 232.6 64.715 204.94 232.03 247.883 234.167 234.37 234.652 245.026 242.941 230.183 0.0 0.0 228.2 -002.084 KOHM R   

2016-05-10 20:31:45.749000 13926.654 110.08 232.32 64.676 204.69 231.75 247.607 233.895 234.1 234.381 244.771 242.679 229.904 0.0 0.0 227.93 -002.034 KOHM R   

2016-05-10 20:32:53.380000 13994.285 109.93 232.04 64.654 204.44 231.47 247.334 233.621 233.829 234.109 244.512 242.411 229.627 0.0 0.0 227.65 -002.085 KOHM R   

2016-05-10 20:34:01.090000 14061.995 109.76 231.76 64.612 204.18 231.19 247.057 233.348 233.556 233.835 244.256 242.148 229.353 0.0 0.0 227.37 -002.051 KOHM R   

2016-05-10 20:35:08.850000 14129.755 109.6 231.48 64.546 203.93 230.91 246.781 233.071 233.284 233.562 243.997 241.883 229.078 0.0 0.0 227.1 -002.066 KOHM R   

2016-05-10 20:36:16.590000 14197.495 109.45 231.21 64.506 203.67 230.64 246.505 232.797 233.012 233.29 243.741 241.621 228.799 0.0 0.0 226.83 -002.074 KOHM R   

2016-05-10 20:37:24.370000 14265.275 109.29 230.93 64.492 203.42 230.36 246.229 232.523 232.741 233.018 243.482 241.349 228.524 0.0 0.0 226.55 -002.054 KOHM R   

2016-05-10 20:38:32.180000 14333.085 109.14 230.65 64.454 203.17 230.08 245.953 232.249 232.47 232.747 243.225 241.096 228.247 0.0 0.0 226.28 -002.085 KOHM R   

2016-05-10 20:39:40.010000 14400.915 108.99 230.37 64.421 202.92 229.8 245.677 231.976 232.201 232.475 242.968 240.83 227.972 0.0 0.0 226.0 -002.056 KOHM R   

2016-05-10 20:40:47.900000 14468.805 108.83 230.09 64.374 202.67 229.52 245.4 231.702 231.929 232.205 242.712 240.567 227.697 0.0 0.0 225.73 -002.074 KOHM R   

2016-05-10 20:41:55.790000 14536.695 108.68 229.82 64.338 202.42 229.25 245.126 231.429 231.658 231.933 242.457 240.304 227.421 0.0 0.0 225.45 -002.035 KOHM R   

2016-05-10 20:43:03.700000 14604.605 108.52 229.54 64.295 202.17 228.97 244.846 231.156 231.39 231.662 242.199 240.042 227.145 0.0 0.0 225.18 -002.081 KOHM R   

2016-05-10 20:44:11.661000 14672.566 108.37 229.27 64.244 201.92 228.7 244.572 230.881 231.118 231.391 241.945 239.778 226.869 0.0 0.0 224.91 -002.084 KOHM R   

2016-05-10 20:45:19.651000 14740.556 108.22 228.99 64.201 201.67 228.42 244.297 230.609 230.847 231.119 241.685 239.51 226.595 0.0 0.0 224.63 -002.080 KOHM R   

2016-05-10 20:46:27.851000 14808.756 108.06 228.71 64.172 201.43 228.14 244.017 230.337 230.577 230.85 241.43 239.247 226.32 0.0 0.0 224.36 -002.028 KOHM R   

2016-05-10 20:47:35.931000 14876.836 107.92 228.44 64.137 201.18 227.86 243.744 230.063 230.309 230.577 241.172 238.982 226.044 0.0 0.0 224.09 -002.059 KOHM R   

2016-05-10 20:48:44.001000 14944.906 107.77 228.16 64.089 200.93 227.59 243.465 229.786 230.039 230.307 240.917 238.718 225.769 0.0 0.0 223.81 -002.071 KOHM R   

2016-05-10 20:49:52.101000 15013.006 107.61 227.88 64.05 200.69 227.31 243.193 229.512 229.766 230.036 240.659 238.452 225.497 0.0 0.0 223.54 -002.044 KOHM R   

2016-05-10 20:51:00.232000 15081.137 107.46 227.61 64.01 200.44 227.04 242.913 229.237 229.495 229.765 240.404 238.189 225.221 0.0 0.0 223.27 -002.080 KOHM R   

2016-05-10 20:52:08.498000 15149.403 107.32 227.33 63.973 200.2 226.76 242.638 228.963 229.223 229.492 240.148 237.923 224.946 0.0 0.0 222.99 -002.048 KOHM R   

2016-05-10 20:53:16.827000 15217.732 107.16 227.05 63.935 199.95 226.49 242.361 228.688 228.95 229.218 239.89 237.659 224.673 0.0 0.0 222.72 -002.074 KOHM R   

2016-05-10 20:54:25.175000 15286.08 107.02 226.78 63.924 199.71 226.21 242.086 228.414 228.679 228.945 239.633 237.393 224.398 0.0 0.0 222.45 -002.026 KOHM R   

2016-05-10 20:55:33.609000 15354.514 106.86 226.51 63.893 199.47 225.93 241.808 228.139 228.406 228.671 239.374 237.128 224.124 0.0 0.0 222.17 -002.069 KOHM R   

2016-05-10 20:56:42.043000 15422.948 106.71 226.23 63.829 199.22 225.66 241.534 227.864 228.134 228.4 239.116 236.864 223.851 0.0 0.0 221.9 -002.037 KOHM R   

2016-05-10 20:57:50.313000 15491.218 106.56 225.95 63.803 198.98 225.34 241.256 227.591 227.864 228.127 238.857 236.599 223.577 0.0 0.0 221.63 -002.078 KOHM R   

2016-05-10 20:58:58.643000 15559.548 106.41 225.68 63.749 198.74 225.11 240.979 227.315 227.591 227.854 238.6 236.336 223.303 0.0 0.0 221.36 -002.056 KOHM R   

2016-05-10 21:00:07.024000 15627.929 106.26 225.4 63.734 198.5 224.46 240.702 227.042 227.321 227.584 238.343 236.074 223.031 0.0 0.0 221.09 -002.061 KOHM R   

2016-05-10 21:01:15.394000 15696.299 106.11 225.13 63.689 198.26 224.56 240.426 226.769 227.05 227.312 238.087 235.809 222.758 0.0 0.0 220.82 -002.085 KOHM R   

2016-05-10 21:02:23.844000 15764.749 105.96 224.86 63.667 198.02 224.29 240.151 226.496 226.782 227.042 237.83 235.546 222.485 0.0 0.0 220.54 -002.057 KOHM R   

2016-05-10 21:03:32.264000 15833.169 105.8 224.58 63.618 197.78 223.97 239.874 226.223 226.51 226.771 237.572 235.283 222.212 0.0 0.0 220.28 -002.093 KOHM R   

2016-05-10 21:04:40.704000 15901.609 105.66 224.31 63.56 197.55 223.74 239.597 225.95 226.239 226.5 237.317 235.021 221.94 0.0 0.0 220.0 -002.047 KOHM R   

2016-05-10 21:05:49.394000 15970.299 105.51 224.03 63.531 197.31 223.45 239.317 225.677 225.971 226.228 237.061 234.757 221.666 0.0 0.0 219.73 -002.076 KOHM R   

2016-05-10 21:06:57.944000 16038.849 105.36 223.76 63.512 197.07 223.19 239.04 225.404 225.7 225.961 236.806 234.493 221.396 0.0 0.0 219.46 -002.074 KOHM R   

2016-05-10 21:08:06.484000 16107.389 105.21 223.49 63.449 196.83 222.92 238.763 225.131 225.432 225.687 236.548 234.232 221.124 0.0 0.0 219.18 -002.050 KOHM R   

2016-05-10 21:09:15.114000 16176.019 105.06 223.21 63.422 196.6 222.65 238.486 224.861 225.162 225.418 236.292 233.967 220.85 0.0 0.0 218.91 -002.081 KOHM R   

2016-05-10 21:10:23.754000 16244.659 104.91 222.94 63.414 196.36 222.37 238.207 224.586 224.892 225.15 236.035 233.704 220.58 0.0 0.0 218.64 -002.080 KOHM R   

2016-05-10 21:11:32.425000 16313.33 104.76 222.67 63.337 196.13 222.1 237.929 224.315 224.623 224.878 235.778 233.441 220.31 0.0 0.0 218.37 -002.065 KOHM R   

2016-05-10 21:12:41.065000 16381.97 104.61 222.39 63.317 195.89 221.83 237.651 224.042 224.356 224.611 235.524 233.178 220.037 0.0 0.0 218.09 -002.071 KOHM R   

2016-05-10 21:13:49.775000 16450.68 104.46 222.12 63.302 195.66 221.55 237.376 223.773 224.086 224.339 235.266 232.915 219.765 0.0 0.0 217.83 -002.083 KOHM R   

2016-05-10 21:14:58.495000 16519.4 104.31 221.85 63.227 195.42 221.28 237.095 223.5 223.817 224.071 235.011 232.653 219.491 0.0 0.0 217.55 -002.062 KOHM R   

2016-05-10 21:16:07.255000 16588.16 104.16 221.58 63.186 195.19 221.01 236.82 223.231 223.546 223.8 234.755 232.391 219.219 0.0 0.0 217.28 -002.071 KOHM R   

2016-05-10 21:17:16.075000 16656.98 104.01 221.3 63.186 194.96 220.74 236.542 222.959 223.278 223.53 234.499 232.129 218.946 0.0 0.0 217.01 -002.081 KOHM R   

2016-05-10 21:18:24.925000 16725.83 103.85 221.03 63.112 194.73 220.47 236.263 222.687 223.012 223.264 234.247 231.866 218.672 0.0 0.0 216.74 -002.068 KOHM R   

2016-05-10 21:19:33.755000 16794.66 103.71 220.76 63.099 194.5 220.19 235.989 222.42 222.742 222.993 233.991 231.603 218.4 0.0 0.0 216.47 -002.051 KOHM R   

2016-05-10 21:20:42.675000 16863.58 103.55 220.49 63.06 194.26 219.92 235.71 222.146 222.473 222.725 233.735 231.342 218.128 0.0 0.0 216.2 -002.092 KOHM R   

2016-05-10 21:21:51.645000 16932.55 103.41 220.22 63.03 194.03 219.65 235.431 221.878 222.206 222.455 233.479 231.079 217.856 0.0 0.0 215.93 -002.035 KOHM R   

2016-05-10 21:23:00.556000 17001.461 103.25 219.95 62.996 193.8 219.37 235.156 221.606 221.937 222.189 233.225 230.82 217.585 0.0 0.0 215.65 -002.059 KOHM R   

2016-05-10 21:24:09.676000 17070.581 103.1 219.67 62.977 193.57 219.1 234.876 221.336 221.671 221.918 232.972 230.556 217.31 0.0 0.0 215.38 -002.071 KOHM R   

2016-05-10 21:25:18.716000 17139.621 102.95 219.39 62.924 193.34 218.83 234.601 221.064 221.402 221.65 232.716 230.294 217.04 0.0 0.0 215.11 -002.063 KOHM R   

2016-05-10 21:26:27.746000 17208.651 102.8 219.12 62.909 193.12 218.56 234.322 220.796 221.136 221.382 232.463 230.033 216.768 0.0 0.0 214.84 -002.074 KOHM R   

2016-05-10 21:27:36.766000 17277.671 102.65 218.85 62.851 192.89 218.28 234.048 220.527 220.867 221.115 232.207 229.769 216.496 0.0 0.0 214.57 -002.076 KOHM R   

2016-05-10 21:28:45.846000 17346.751 102.5 218.58 62.84 192.66 218.01 233.768 220.256 220.601 220.846 231.954 229.506 216.222 0.0 0.0 214.3 -002.079 KOHM R   

2016-05-10 21:29:54.936000 17415.841 102.36 218.3 62.783 192.44 217.74 233.491 219.985 220.334 220.581 231.702 229.244 215.951 0.0 0.0 214.03 -002.061 KOHM R   

2016-05-10 21:31:04.076000 17484.981 102.21 218.03 62.761 192.21 217.46 233.213 219.715 220.066 220.313 231.447 228.979 215.68 0.0 0.0 213.76 -002.080 KOHM R   

2016-05-10 21:32:13.226000 17554.131 102.06 217.76 62.714 191.98 217.19 232.937 219.444 219.798 220.047 231.194 228.716 215.41 0.0 0.0 213.49 -002.055 KOHM R   

2016-05-10 21:33:22.535000 17623.44 101.91 217.48 62.659 191.76 216.92 232.659 219.169 219.529 219.777 230.94 228.451 215.139 0.0 0.0 213.22 -002.081 KOHM R   

2016-05-10 21:34:31.789000 17692.694 101.77 217.21 62.665 191.53 216.65 232.383 218.898 219.26 219.506 230.684 228.19 214.866 0.0 0.0 212.95 -002.052 KOHM R   

2016-05-10 21:35:41.074000 17761.979 101.62 216.94 62.621 191.31 216.33 232.106 218.63 218.989 219.237 230.432 227.927 214.595 0.0 0.0 212.68 -002.081 KOHM R   

2016-05-10 21:36:50.357000 17831.262 101.46 216.67 62.572 191.08 216.1 231.83 218.358 218.721 218.967 230.178 227.665 214.325 0.0 0.0 212.42 -002.046 KOHM R   

2016-05-10 21:37:59.721000 17900.626 101.32 216.39 62.559 190.86 215.83 231.553 218.087 218.453 218.699 229.927 227.4 214.053 0.0 0.0 212.14 -002.078 KOHM R   

2016-05-10 21:39:09.075000 17969.98 101.17 216.12 62.534 190.64 215.56 231.278 217.814 218.185 218.429 229.672 227.136 213.786 0.0 0.0 211.87 -002.055 KOHM R   

2016-05-10 21:40:18.659000 18039.564 101.02 215.85 62.482 190.41 215.29 231.002 217.543 217.915 218.16 229.417 226.873 213.513 0.0 0.0 211.61 -002.071 KOHM R   

2016-05-10 21:41:28.053000 18108.958 100.87 215.58 62.421 190.19 215.02 230.723 217.271 217.647 217.892 229.165 226.613 213.243 0.0 0.0 211.34 -002.083 KOHM R   

2016-05-10 21:42:37.527000 18178.432 100.72 215.3 62.389 189.97 214.75 230.446 217.003 217.38 217.626 228.913 226.35 212.973 0.0 0.0 211.07 -002.049 KOHM R   

2016-05-10 21:43:46.960000 18247.865 100.58 215.03 62.385 189.74 214.48 230.172 216.733 217.111 217.354 228.657 226.086 212.705 0.0 0.0 210.8 -002.079 KOHM R   

2016-05-10 21:44:56.474000 18317.379 100.44 214.76 62.365 189.52 214.2 229.894 216.464 216.843 217.086 228.402 225.823 212.434 0.0 0.0 210.53 -002.068 KOHM R   

2016-05-10 21:46:06.018000 18386.923 100.3 214.49 62.311 189.3 213.93 229.615 216.194 216.577 216.819 228.148 225.563 212.164 0.0 0.0 210.26 -002.064 KOHM R   

2016-05-10 21:47:15.573000 18456.478 100.16 214.22 62.26 189.08 213.66 229.336 215.924 216.307 216.552 227.896 225.3 211.894 0.0 0.0 210.0 -002.055 KOHM R   

2016-05-10 21:48:25.187000 18526.092 100.02 213.95 62.239 188.85 213.39 229.057 215.654 216.04 216.282 227.641 225.038 211.624 0.0 0.0 209.73 -002.050 KOHM R   

2016-05-10 21:49:34.821000 18595.726 99.871 213.68 62.206 188.63 213.12 228.78 215.387 215.773 216.015 227.387 224.777 211.357 0.0 0.0 209.46 -002.079 KOHM R   

2016-05-10 21:50:44.455000 18665.36 99.726 213.41 62.199 188.41 212.85 228.501 215.115 215.506 215.746 227.134 224.516 211.088 0.0 0.0 209.19 -002.066 KOHM R   

2016-05-10 21:51:54.128000 18735.033 99.585 213.14 62.184 188.19 212.58 228.223 214.848 215.24 215.48 226.881 224.253 210.819 0.0 0.0 208.93 -002.077 KOHM R   

2016-05-10 21:53:03.812000 18804.717 99.44 212.87 62.132 187.97 212.31 227.945 214.578 214.972 215.215 226.629 223.991 210.551 0.0 0.0 208.66 -002.058 KOHM R   

2016-05-10 21:54:13.586000 18874.491 99.299 212.6 62.111 187.75 212.04 227.665 214.311 214.708 214.947 226.375 223.731 210.282 0.0 0.0 208.39 -002.069 KOHM R   

2016-05-10 21:55:23.530000 18944.435 99.156 212.33 62.085 187.53 211.77 227.389 214.042 214.439 214.681 226.119 223.467 210.013 0.0 0.0 208.12 -002.082 KOHM R   

2016-05-10 21:56:33.314000 19014.219 99.012 212.06 62.052 187.31 211.5 227.108 213.773 214.173 214.412 225.867 223.206 209.743 0.0 0.0 207.86 -002.037 KOHM R   

2016-05-10 21:57:43.188000 19084.093 98.875 211.79 62.006 187.09 211.23 226.831 213.504 213.906 214.146 225.616 222.946 209.475 0.0 0.0 207.59 -002.059 KOHM R   

2016-05-10 21:58:53.043000 19153.948 98.738 211.52 61.978 186.87 210.97 226.556 213.236 213.641 213.879 225.36 222.685 209.209 0.0 0.0 207.33 -002.074 KOHM R   

2016-05-10 22:00:02.937000 19223.842 98.594 211.25 61.953 186.66 210.35 226.277 212.966 213.374 213.614 225.111 222.425 208.94 0.0 0.0 207.06 -002.064 KOHM R   

2016-05-10 22:01:12.851000 19293.756 98.454 210.98 61.923 186.44 210.43 226.0 212.701 213.109 213.347 224.855 222.162 208.674 0.0 0.0 206.79 -002.067 KOHM R   

2016-05-10 22:02:22.805000 19363.71 98.312 210.71 61.869 186.22 210.16 225.721 212.431 212.841 213.082 224.604 221.904 208.404 0.0 0.0 206.53 -002.045 KOHM R   

2016-05-10 22:03:32.749000 19433.654 98.173 210.44 61.842 186.01 209.89 225.444 212.165 212.578 212.815 224.353 221.643 208.138 0.0 0.0 206.26 -002.072 KOHM R   

2016-05-10 22:04:42.772000 19503.677 98.031 210.17 61.828 185.79 209.62 225.168 211.897 212.312 212.548 224.099 221.38 207.869 0.0 0.0 206.0 -002.089 KOHM R   

2016-05-10 22:05:52.786000 19573.691 97.887 209.9 61.808 185.57 209.36 224.887 211.629 212.045 212.285 223.849 221.122 207.604 0.0 0.0 205.73 -002.048 KOHM R   

2016-05-10 22:07:02.820000 19643.725 97.741 209.63 61.783 185.36 209.09 224.612 211.365 211.783 212.02 223.596 220.86 207.336 0.0 0.0 205.47 -002.078 KOHM R   

2016-05-10 22:08:12.894000 19713.799 97.596 209.36 61.757 185.14 208.82 224.338 211.098 211.516 211.753 223.344 220.601 207.07 0.0 0.0 205.2 -002.095 KOHM R   

2016-05-10 22:09:23.208000 19784.113 97.453 209.08 61.687 184.93 208.55 224.057 210.83 211.253 211.489 223.091 220.341 206.8 0.0 0.0 204.93 -002.046 KOHM R   

2016-05-10 22:10:33.323000 19854.228 97.311 208.81 61.647 184.71 208.28 223.782 210.562 210.988 211.222 222.839 220.079 206.537 0.0 0.0 204.66 -002.067 KOHM R   

2016-05-10 22:11:43.497000 19924.402 97.174 208.54 61.652 184.5 208.01 223.504 210.294 210.723 210.957 222.586 219.817 206.269 0.0 0.0 204.4 -002.061 KOHM R   

2016-05-10 22:12:53.711000 19994.616 97.03 208.27 61.628 184.28 207.41 223.229 210.028 210.458 210.692 222.335 219.557 206.002 0.0 0.0 204.13 -002.058 KOHM R   

2016-05-10 22:14:03.955000 20064.86 96.885 208.0 61.564 184.07 207.48 222.951 209.761 210.192 210.428 222.084 219.296 205.734 0.0 0.0 203.86 -002.060 KOHM R   

2016-05-10 22:15:14.229000 20135.134 96.742 207.72 61.52 183.86 207.19 222.671 209.489 209.928 210.163 221.832 219.033 205.465 0.0 0.0 203.59 -002.056 KOHM R   

2016-05-10 22:16:24.553000 20205.458 96.603 207.45 61.517 183.64 206.94 222.395 209.218 209.661 209.898 221.58 218.772 205.201 0.0 0.0 203.32 -002.051 KOHM R   

2016-05-10 22:17:34.887000 20275.792 96.458 207.19 61.488 183.43 206.67 222.12 208.95 209.391 209.629 221.33 218.51 204.932 0.0 0.0 203.06 -002.097 KOHM R   

2016-05-10 22:18:45.221000 20346.126 96.321 206.92 61.445 183.22 206.4 221.844 208.682 209.125 209.362 221.078 218.247 204.665 0.0 0.0 202.79 -002.078 KOHM R   

2016-05-10 22:19:55.595000 20416.5 96.181 206.64 61.401 183.01 206.14 221.568 208.414 208.86 209.095 220.827 217.987 204.394 0.0 0.0 202.52 -002.047 KOHM R   

2016-05-10 22:21:06.049000 20486.954 96.04 206.37 61.409 182.8 205.87 221.29 208.144 208.592 208.829 220.578 217.726 204.124 0.0 0.0 202.25 -002.084 KOHM R   

2016-05-10 22:22:16.514000 20557.419 95.898 206.11 61.337 182.59 205.6 221.016 207.875 208.326 208.56 220.327 217.462 203.857 0.0 0.0 201.99 -002.055 KOHM R   

2016-05-10 22:23:27.178000 20628.083 95.761 205.84 61.331 182.38 205.33 220.739 207.605 208.058 208.292 220.075 217.204 203.588 0.0 0.0 201.72 -002.061 KOHM R   

2016-05-10 22:24:37.662000 20698.567 95.621 205.57 61.306 182.16 205.07 220.462 207.339 207.794 208.027 219.823 216.941 203.318 0.0 0.0 201.45 -002.077 KOHM R   

2016-05-10 22:25:48.157000 20769.062 95.478 205.3 61.246 181.96 204.8 220.185 207.069 207.526 207.758 219.572 216.672 203.051 0.0 0.0 201.18 -002.057 KOHM R   

2016-05-10 22:26:58.711000 20839.616 95.34 205.03 61.256 181.74 204.53 219.909 206.802 207.261 207.494 219.32 216.419 202.781 0.0 0.0 200.92 -002.067 KOHM R   

2016-05-10 22:28:09.345000 20910.25 95.199 204.76 61.18 181.54 204.26 219.632 206.532 206.994 207.226 219.066 216.158 202.516 0.0 0.0 200.65 -002.083 KOHM R   

2016-05-10 22:29:19.999000 20980.904 95.06 204.49 61.199 181.33 203.99 219.353 206.264 206.727 206.959 218.814 215.899 202.245 0.0 0.0 200.38 -002.046 KOHM R   

2016-05-10 22:30:30.603000 21051.508 94.916 204.22 61.153 181.12 203.72 219.074 205.998 206.463 206.694 218.565 215.638 201.978 0.0 0.0 200.12 -002.087 KOHM R   

2016-05-10 22:31:41.267000 21122.172 94.778 203.95 61.132 180.91 203.45 218.797 205.731 206.198 206.427 218.311 215.377 201.71 0.0 0.0 199.85 -002.051 KOHM R   

2016-05-10 22:32:51.951000 21192.856 94.634 203.68 61.087 180.7 203.19 218.521 205.463 205.932 206.162 218.057 215.115 201.442 0.0 0.0 199.58 -002.054 KOHM R   

2016-05-10 22:34:02.706000 21263.611 94.495 203.41 61.034 180.5 202.92 218.241 205.194 205.666 205.895 217.806 214.854 201.173 0.0 0.0 199.32 -002.084 KOHM R   

2016-05-10 22:35:13.660000 21334.565 94.346 203.14 61.02 180.29 202.65 217.963 204.927 205.4 205.629 217.555 214.595 200.904 0.0 0.0 199.05 -002.052 KOHM R   

2016-05-10 22:36:24.464000 21405.369 94.212 202.87 61.014 180.08 202.38 217.685 204.659 205.134 205.362 217.303 214.334 200.637 0.0 0.0 198.78 -002.075 KOHM R   

2016-05-10 22:37:35.288000 21476.193 94.069 202.6 60.94 179.88 202.11 217.405 204.392 204.868 205.096 217.052 214.073 200.369 0.0 0.0 198.52 -002.085 KOHM R   

2016-05-10 22:38:46.142000 21547.047 93.927 202.33 60.95 179.67 201.84 217.13 204.123 204.603 204.831 216.801 213.813 200.104 0.0 0.0 198.25 -002.083 KOHM R   

2016-05-10 22:39:56.997000 21617.902 93.783 202.06 60.884 179.46 201.58 216.853 203.855 204.338 204.567 216.55 213.555 199.837 0.0 0.0 197.99 -002.055 KOHM R   

2016-05-10 22:41:07.901000 21688.806 93.642 201.79 60.86 179.26 201.31 216.576 203.589 204.074 204.303 216.3 213.295 199.571 0.0 0.0 197.72 -002.079 KOHM R   

2016-05-10 22:42:18.875000 21759.78 93.506 201.52 60.862 179.05 201.04 216.299 203.322 203.808 204.035 216.046 213.036 199.303 0.0 0.0 197.45 -002.079 KOHM R   

2016-05-10 22:43:29.869000 21830.774 93.365 201.26 60.793 178.84 200.77 216.02 203.056 203.544 203.77 215.796 212.774 199.036 0.0 0.0 197.19 -002.088 KOHM R   

2016-05-10 22:44:40.853000 21901.758 93.224 200.99 60.777 178.64 200.51 215.743 202.789 203.28 203.506 215.545 212.515 198.767 0.0 0.0 196.92 -002.037 KOHM R   

2016-05-10 22:45:51.868000 21972.773 93.088 200.72 60.781 178.43 200.24 215.466 202.522 203.015 203.239 215.294 212.258 198.502 0.0 0.0 196.66 -002.081 KOHM R   

2016-05-10 22:47:02.902000 22043.807 92.949 200.45 60.711 178.23 199.97 215.192 202.257 202.751 202.975 215.044 211.997 198.237 0.0 0.0 196.39 -002.077 KOHM R   

2016-05-10 22:48:14.257000 22115.162 92.809 200.18 60.68 178.02 199.7 214.914 201.991 202.486 202.709 214.792 211.736 197.969 0.0 0.0 196.13 -002.087 KOHM R   

2016-05-10 22:49:25.361000 22186.266 92.668 199.91 60.673 177.82 199.44 214.635 201.725 202.221 202.447 214.542 211.477 197.7 0.0 0.0 195.86 -002.066 KOHM R   

2016-05-10 22:50:36.515000 22257.42 92.53 199.65 60.67 177.62 199.17 214.36 201.459 201.958 202.181 214.289 211.218 197.436 0.0 0.0 195.6 -002.048 KOHM R   

2016-05-10 22:51:47.759000 22328.664 92.394 199.38 60.633 177.41 198.91 214.083 201.192 201.692 201.917 214.037 210.957 197.171 0.0 0.0 195.33 -002.059 KOHM R   

2016-05-10 22:52:58.943000 22399.848 92.256 199.11 60.563 177.21 198.64 213.805 200.927 201.429 201.654 213.789 210.7 196.904 0.0 0.0 195.07 -002.080 KOHM R   

2016-05-10 22:54:10.207000 22471.112 92.123 198.85 60.536 177.01 198.37 213.528 200.661 201.167 201.389 213.536 210.442 196.638 0.0 0.0 194.8 -002.072 KOHM R   

2016-05-10 22:55:21.462000 22542.367 91.983 198.58 60.554 176.81 198.11 213.254 200.395 200.902 201.125 213.286 210.182 196.374 0.0 0.0 194.54 -002.059 KOHM R   

2016-05-10 22:56:32.756000 22613.661 91.849 198.31 60.534 176.61 197.84 212.977 200.13 200.641 200.859 213.036 209.922 196.109 0.0 0.0 194.28 -002.078 KOHM R   

2016-05-10 22:57:44.091000 22684.996 91.712 198.04 60.497 176.41 197.58 212.7 199.865 200.375 200.595 212.788 209.663 195.842 0.0 0.0 194.01 -002.047 KOHM R   

2016-05-10 22:58:55.665000 22756.57 91.576 197.78 60.466 176.2 197.31 212.425 199.596 200.114 200.332 212.538 209.401 195.578 0.0 0.0 193.75 -002.091 KOHM R   

2016-05-10 23:00:07.060000 22827.965 91.442 197.51 60.435 176.01 197.04 212.149 199.329 199.85 200.069 212.289 209.141 195.313 0.0 0.0 193.49 -002.057 KOHM R   

2016-05-10 23:01:18.494000 22899.399 91.307 197.24 60.37 175.81 196.78 211.874 199.061 199.584 199.804 212.039 208.88 195.05 0.0 0.0 193.22 -002.041 KOHM R   

2016-05-10 23:02:29.938000 22970.843 91.169 196.97 60.342 175.61 196.51 211.599 198.795 199.32 199.541 211.79 208.619 194.778 0.0 0.0 192.96 -002.012 KOHM R   

2016-05-10 23:03:41.402000 23042.307 91.035 196.7 60.324 175.41 196.25 211.319 198.528 199.055 199.273 211.538 208.359 194.517 0.0 0.0 192.7 -002.086 KOHM R   

2016-05-10 23:04:52.926000 23113.831 90.904 196.44 60.306 175.21 195.98 211.045 198.257 198.792 199.009 211.29 208.098 194.253 0.0 0.0 192.43 -002.057 KOHM R   

2016-05-10 23:06:04.421000 23185.326 90.77 196.17 60.294 175.01 195.71 210.771 197.993 198.525 198.745 211.039 207.839 193.99 0.0 0.0 192.17 -002.083 KOHM R   

2016-05-10 23:07:15.955000 23256.86 90.635 195.91 60.28 174.81 195.43 210.495 197.727 198.262 198.478 210.787 207.577 193.727 0.0 0.0 191.91 -002.039 KOHM R   

2016-05-10 23:08:27.519000 23328.424 90.503 195.64 60.22 174.62 195.19 210.221 197.46 197.997 198.213 210.538 207.317 193.46 0.0 0.0 191.64 -002.094 KOHM R   

2016-05-10 23:09:39.104000 23400.009 90.369 195.38 60.198 174.42 194.92 209.944 197.194 197.734 197.95 210.29 207.057 193.196 0.0 0.0 191.38 -002.067 KOHM R   

2016-05-10 23:10:50.999000 23471.904 90.242 195.11 60.176 174.22 194.65 209.668 196.93 197.468 197.685 210.038 206.797 192.933 0.0 0.0 191.12 -002.053 KOHM R   

2016-05-10 23:12:02.703000 23543.608 90.107 194.84 60.145 174.02 194.39 209.388 196.663 197.204 197.419 209.785 206.536 192.666 0.0 0.0 190.85 -002.050 KOHM R   

2016-05-10 23:13:14.457000 23615.362 89.975 194.58 60.152 173.83 194.12 209.109 196.398 196.941 197.156 209.533 206.276 192.403 0.0 0.0 190.59 -002.065 KOHM R   

2016-05-10 23:14:26.212000 23687.117 89.843 194.31 60.118 173.63 193.3 208.834 196.13 196.676 196.89 209.282 206.014 192.141 0.0 0.0 190.33 -002.076 KOHM R   

2016-05-10 23:15:37.986000 23758.891 89.705 194.05 60.113 173.44 193.6 208.556 195.865 196.415 196.628 209.03 205.757 191.876 0.0 0.0 190.07 -002.052 KOHM R   

2016-05-10 23:16:49.800000 23830.705 89.572 193.78 60.093 173.24 193.0 208.279 195.599 196.148 196.364 208.778 205.497 191.614 0.0 0.0 189.8 -002.045 KOHM R   

2016-05-10 23:18:01.595000 23902.5 89.432 193.52 60.044 173.05 193.07 208.0 195.334 195.885 196.099 208.525 205.239 191.351 0.0 0.0 189.54 -002.090 KOHM R   

2016-05-10 23:19:13.459000 23974.364 89.294 193.25 59.984 172.86 192.8 207.723 195.07 195.62 195.836 208.274 204.979 191.087 0.0 0.0 189.27 -002.061 KOHM R   

2016-05-10 23:20:25.323000 24046.228 89.16 192.99 59.965 172.66 192.54 207.446 194.805 195.36 195.573 208.022 204.718 190.825 0.0 0.0 189.01 -002.059 KOHM R   

2016-05-10 23:21:37.479000 24118.384 89.022 192.72 59.98 172.47 192.27 207.168 194.537 195.095 195.309 207.769 204.459 190.56 0.0 0.0 188.74 -002.073 KOHM R   

2016-05-10 23:22:49.403000 24190.308 88.885 192.46 59.94 172.28 192.01 206.89 194.269 194.832 195.045 207.517 204.2 190.297 0.0 0.0 188.48 -002.077 KOHM R   

2016-05-10 23:24:01.397000 24262.302 88.746 192.2 59.88 172.09 191.75 206.614 194.004 194.567 194.782 207.267 203.941 190.033 0.0 0.0 188.22 -002.046 KOHM R   

2016-05-10 23:25:13.392000 24334.297 88.618 191.93 59.867 171.89 190.87 206.338 193.736 194.304 194.517 207.016 203.682 189.769 0.0 0.0 187.95 -002.063 KOHM R   

2016-05-10 23:26:25.426000 24406.331 88.485 191.67 59.866 171.7 191.22 206.062 193.474 194.041 194.252 206.763 203.424 189.504 0.0 0.0 187.69 -002.087 KOHM R   

2016-05-10 23:27:37.440000 24478.345 88.344 191.4 59.839 171.51 190.96 205.786 193.208 193.777 193.989 206.512 203.164 189.239 0.0 0.0 187.43 -002.032 KOHM R   

2016-05-10 23:28:49.525000 24550.43 88.208 191.14 59.777 171.32 190.69 205.51 192.941 193.511 193.725 206.262 202.907 188.975 0.0 0.0 187.16 -002.077 KOHM R   

2016-05-10 23:30:01.629000 24622.534 88.081 190.87 59.742 171.13 190.43 205.234 192.677 193.248 193.459 206.009 202.65 188.709 0.0 0.0 186.9 -002.092 KOHM R   

2016-05-10 23:31:13.773000 24694.678 87.944 190.61 59.754 170.94 190.17 204.957 192.41 192.984 193.196 205.758 202.39 188.446 0.0 0.0 186.64 -002.081 KOHM R   

2016-05-10 23:32:26.228000 24767.133 87.815 190.35 59.708 170.75 189.9 204.68 192.144 192.72 192.931 205.505 202.133 188.181 0.0 0.0 186.37 -002.046 KOHM R   

2016-05-10 23:33:38.423000 24839.328 87.684 190.08 59.705 170.56 189.63 204.404 191.88 192.459 192.667 205.256 201.871 187.918 0.0 0.0 186.11 -002.072 KOHM R   

2016-05-10 23:34:50.988000 24911.893 87.545 189.82 59.654 170.37 189.37 204.127 191.613 192.191 192.401 205.003 201.613 187.65 0.0 0.0 185.85 -002.091 KOHM R   

2016-05-10 23:36:03.272000 24984.177 87.413 189.55 59.62 170.18 189.1 203.85 191.347 191.93 192.139 204.754 201.356 187.388 0.0 0.0 185.58 -002.050 KOHM R   

2016-05-10 23:37:15.546000 25056.451 87.28 189.28 59.643 169.99 188.84 203.576 191.083 191.665 191.874 204.502 201.096 187.123 0.0 0.0 185.32 -002.076 KOHM R   

2016-05-10 23:38:27.841000 25128.746 87.146 189.02 59.568 169.8 188.57 203.3 190.816 191.403 191.614 204.252 200.839 186.857 0.0 0.0 185.06 -002.066 KOHM R   

2016-05-10 23:39:40.185000 25201.09 87.022 188.75 59.564 169.61 188.31 203.025 190.553 191.141 191.347 204.0 200.582 186.595 0.0 0.0 184.8 -002.070 KOHM R   

2016-05-10 23:40:52.550000 25273.455 86.887 188.49 59.534 169.43 188.04 202.749 190.289 190.876 191.088 203.752 200.325 186.333 0.0 0.0 184.53 -002.063 KOHM R   

2016-05-10 23:42:05.194000 25346.099 86.758 188.22 59.523 169.24 187.77 202.471 190.022 190.612 190.823 203.502 200.068 186.065 0.0 0.0 184.27 -002.073 KOHM R   

2016-05-10 23:43:17.618000 25418.523 86.62 187.96 59.482 169.05 187.51 202.198 189.759 190.352 190.561 203.252 199.809 185.802 0.0 0.0 184.01 -002.079 KOHM R   

2016-05-10 23:44:30.193000 25491.098 86.495 187.69 59.471 168.86 187.24 201.919 189.491 190.089 190.297 203.003 199.55 185.537 0.0 0.0 183.75 -002.055 KOHM R   

2016-05-10 23:45:42.678000 25563.583 86.36 187.43 59.441 168.67 186.98 201.649 189.226 189.825 190.033 202.752 199.289 185.278 0.0 0.0 183.48 -002.052 KOHM R   

2016-05-10 23:46:55.173000 25636.078 86.237 187.16 59.425 168.49 186.71 201.374 188.962 189.562 189.769 202.501 199.029 185.013 0.0 0.0 183.22 -002.084 KOHM R   

2016-05-10 23:48:07.737000 25708.642 86.107 186.89 59.381 168.3 186.06 201.098 188.697 189.298 189.503 202.25 198.772 184.75 0.0 0.0 182.96 -002.059 KOHM R   

2016-05-10 23:49:20.372000 25781.277 85.974 186.63 59.392 168.11 186.18 200.824 188.431 189.034 189.241 202.0 198.51 184.487 0.0 0.0 182.7 -002.045 KOHM R   

2016-05-10 23:50:33.016000 25853.921 85.849 186.37 59.334 167.93 185.92 200.548 188.165 188.77 188.978 201.749 198.251 184.223 0.0 0.0 182.44 -002.085 KOHM R   

2016-05-10 23:51:45.881000 25926.786 85.715 186.1 59.297 167.74 185.65 200.273 187.9 188.509 188.715 201.503 197.994 183.958 0.0 0.0 182.17 -002.090 KOHM R   

2016-05-10 23:52:58.545000 25999.45 85.589 185.84 59.326 167.56 185.39 200.0 187.635 188.245 188.451 201.254 197.735 183.697 0.0 0.0 181.91 -002.055 KOHM R   

2016-05-10 23:54:11.280000 26072.185 85.455 185.57 59.278 167.37 185.12 199.723 187.369 187.981 188.186 201.003 197.478 183.433 0.0 0.0 181.65 -002.068 KOHM R   

2016-05-10 23:55:24.024000 26144.929 85.321 185.31 59.246 167.18 184.86 199.447 187.107 187.718 187.924 200.756 197.218 183.174 0.0 0.0 181.39 -002.078 KOHM R   

2016-05-10 23:56:36.760000 26217.665 85.197 185.04 59.252 167.0 184.6 199.171 186.841 187.455 187.66 200.506 196.961 182.912 0.0 0.0 181.13 -002.049 KOHM R   

2016-05-10 23:57:49.534000 26290.439 85.07 184.78 59.184 166.82 184.33 198.893 186.576 187.196 187.399 200.258 196.703 182.646 0.0 0.0 180.87 -002.035 KOHM R   

2016-05-10 23:59:02.349000 26363.254 84.941 184.51 59.161 166.63 184.07 198.618 186.313 186.933 187.135 200.01 196.445 182.385 0.0 0.0 180.61 -002.086 KOHM R   

