#Human readable time. Time (s) since start. Lakeshore temperature sensor 218 T1,3,5,6,8 and 224 C2,C3,C4,C5,D2,D3,D5,A,B
2016-06-20 06:45:00.746000 0.019 3.396 60.842 35.899 64.378 3.984 3.6383 3.4508 27.8142 26.8524 5.2352 4.1103 3.8134 3.6754 3.6475 8.086 -1
2016-06-20 06:46:01.604000 60.877 3.476 60.842 35.727 64.376 3.983 3.6377 3.4499 27.815 26.852 5.2352 4.1103 3.8125 3.6752 3.6473 8.086 3.96959437777
2016-06-20 06:47:01.961000 121.234 3.5 60.843 35.333 64.376 3.983 3.6378 3.4497 27.8138 26.852 5.2352 4.1102 3.812 3.6751 3.6474 8.086 3.6302980732
2016-06-20 06:48:02.394000 181.667 3.34 60.841 35.406 64.374 3.983 3.6378 3.4501 27.8148 26.8524 5.2353 4.1102 3.8124 3.6753 3.6475 8.086 3.53823531206
2016-06-20 06:49:02.826000 242.099 3.313 60.841 35.831 64.376 3.983 3.6375 3.4496 27.8154 26.8517 5.2352 4.1101 3.8119 3.6755 3.6474 8.086 3.91872015875
2016-06-20 06:50:03.306000 302.579 3.434 60.843 35.861 64.376 3.984 3.6384 3.4506 27.816 26.852 5.2353 4.1102 3.813 3.675 3.6476 8.086 3.60493606176
2016-06-20 06:51:03.786000 363.059 3.508 60.84 35.623 64.375 3.985 3.6394 3.4515 27.8154 26.8524 5.2353 4.1106 3.8142 3.6752 3.6476 8.086 3.47888300138
2016-06-20 06:52:04.726000 423.999 3.337 60.837 35.37 64.371 3.985 3.6393 3.4513 27.816 26.8527 5.2354 4.1109 3.8142 3.6753 3.6472 8.086 3.58053367179
2016-06-20 06:53:05.276000 484.549 3.318 60.837 35.856 64.371 3.984 3.6388 3.4509 27.8138 26.852 5.2353 4.1109 3.8137 3.6753 3.6474 8.086 3.86228187823
2016-06-20 06:54:05.976000 545.249 3.393 60.837 35.902 64.37 3.983 3.6369 3.4487 25.0853 24.4728 14.5996 4.1108 3.8128 3.6752 3.6474 8.086 3.7930679085
2016-06-20 06:55:07.013000 606.286 3.374 60.837 35.292 64.371 3.982 3.6345 3.4466 22.294 22.2912 15.2058 4.1124 3.8119 3.6752 3.6485 8.085 3.39846093465
2016-06-20 06:56:07.716000 666.989 3.314 60.835 35.659 64.369 3.981 3.6329 3.4449 19.7258 20.446 11.4157 4.115 3.8111 3.6754 3.6517 8.084 3.40413048824
2016-06-20 06:57:08.423000 727.696 3.498 60.834 35.674 64.368 3.979 3.6303 3.4426 17.0733 18.6543 9.6109 4.1155 3.8086 3.6752 3.6568 8.084 3.45013203479
2016-06-20 06:58:09.165000 788.438 3.476 60.834 35.285 64.367 3.979 3.629 3.4403 14.2578 16.7394 8.6042 4.114 3.8073 3.6755 3.6627 8.083 3.7930679085
2016-06-20 06:59:09.925000 849.198 3.345 60.832 35.903 64.365 3.977 3.6298 3.4377 11.7008 14.6796 7.8929 4.1124 3.8051 3.6758 3.669 8.083 3.49038338802
2016-06-20 07:00:10.725000 909.998 3.488 60.831 35.663 64.365 3.975 3.6314 3.4353 9.5022 12.7443 7.318 4.1103 3.8027 3.6764 3.6747 8.081 3.94052339548
2016-06-20 07:01:11.535000 970.808 3.316 60.831 35.598 64.362 3.974 3.6321 3.4359 7.5151 11.0038 6.824 4.1086 3.8026 3.6771 3.6797 8.081 3.44438184147
2016-06-20 07:02:12.375000 1031.648 3.508 60.831 35.613 64.365 3.973 3.6325 3.4372 5.9126 9.3621 6.3957 4.107 3.8019 3.677 3.6846 8.08 3.64931958178
2016-06-20 07:03:13.225000 1092.498 3.313 60.829 35.245 64.365 3.974 3.6328 3.439 4.7812 7.8854 6.0358 4.1059 3.8034 3.6777 3.6883 8.08 3.3328940111
2016-06-20 07:04:14.145000 1153.418 3.349 60.828 35.903 64.362 3.973 3.633 3.4407 4.1571 6.7013 5.7018 4.105 3.8028 3.6786 3.6914 8.08 4.00632397522
2016-06-20 07:05:15.125000 1214.398 3.502 60.827 35.339 64.361 3.973 3.6333 3.4423 3.9025 5.9148 5.4075 4.104 3.8013 3.6792 3.694 8.08 3.7465568017
2016-06-20 07:06:16.095000 1275.368 3.31 60.826 35.821 64.362 3.972 3.6336 3.4438 3.8135 5.3751 5.1485 4.1031 3.8002 3.68 3.6959 8.079 3.70669013873
2016-06-20 07:07:17.105000 1336.378 3.528 60.827 35.368 64.357 3.973 3.6338 3.4449 3.7857 5.042 4.9283 4.1025 3.8007 3.6809 3.6967 8.08 3.32743010081
2016-06-20 07:08:18.136000 1397.409 3.309 60.826 35.742 64.359 3.972 3.6341 3.4461 3.7768 4.8298 4.7382 4.1019 3.8014 3.6824 3.6974 8.079 3.71997902639
2016-06-20 07:09:19.216000 1458.489 3.534 60.826 35.424 64.359 3.973 3.6343 3.4471 3.774 4.6887 4.5779 4.1014 3.8023 3.683 3.6976 8.079 3.34928574199
2016-06-20 07:10:20.326000 1519.599 3.314 60.823 35.813 64.356 3.974 3.6345 3.4481 3.7736 4.5908 4.4439 4.1014 3.8035 3.6839 3.6973 8.08 3.43863164815
2016-06-20 07:11:21.466000 1580.739 3.326 60.822 35.507 64.353 3.973 3.6348 3.4489 3.7731 4.5201 4.3328 4.1014 3.8021 3.6847 3.6966 8.08 3.27418825466
2016-06-20 07:12:22.646000 1641.919 3.501 60.822 35.609 64.353 3.974 3.6351 3.4496 3.7728 4.4692 4.2413 4.1011 3.8015 3.6853 3.6954 8.08 3.94052339548
2016-06-20 07:13:23.836000 1703.109 3.412 60.821 35.623 64.355 3.972 3.6353 3.4504 3.7717 4.4316 4.166 4.1004 3.8011 3.6861 3.6947 8.079 3.31103836992
2016-06-20 07:14:25.116000 1764.389 3.372 60.823 35.277 64.355 3.973 3.6355 3.451 3.771 4.4052 4.1049 4.0998 3.8024 3.6866 3.6932 8.079 3.81360627986
2016-06-20 07:15:26.376000 1825.649 3.523 60.821 35.389 64.353 3.972 3.6357 3.4515 3.7708 4.386 4.0547 4.0995 3.8006 3.6874 3.6917 8.079 3.75320124553
2016-06-20 07:16:27.686000 1886.959 3.318 60.822 35.854 64.351 3.973 3.636 3.4519 3.7708 4.3723 4.0143 4.0992 3.8011 3.6877 3.6899 8.079 3.26900493112
2016-06-20 07:17:29.036000 1948.309 3.317 60.818 35.57 64.351 3.972 3.6363 3.4524 3.7706 4.3625 3.9812 4.0991 3.8009 3.6884 3.6878 8.079 3.91145241318
2016-06-20 07:18:30.416000 2009.689 3.384 60.821 35.248 64.35 3.972 3.6365 3.4528 3.7703 4.3552 3.9541 4.0988 3.8017 3.6883 3.6864 8.079 3.22753834286
2016-06-20 07:19:31.816000 2071.089 3.535 60.818 35.886 64.348 3.973 3.6366 3.4532 3.7702 4.3501 3.9323 4.0986 3.8013 3.6892 3.6844 8.079 3.86228187823
2016-06-20 07:20:33.247000 2132.52 3.31 60.816 35.802 64.35 3.972 3.637 3.4536 3.7705 4.3468 3.9146 4.0987 3.801 3.689 3.6824 8.079 3.77313457701
2016-06-20 07:21:34.687000 2193.96 3.328 60.816 35.477 64.349 3.972 3.637 3.4539 3.7701 4.344 3.9 4.0985 3.8011 3.6896 3.6801 8.078 3.50197957514
2016-06-20 07:22:36.167000 2255.44 3.42 60.817 35.265 64.349 3.97 3.6374 3.4542 3.7693 4.3415 3.888 4.0981 3.7999 3.6906 3.6785 8.078 3.78642346467
2016-06-20 07:23:37.697000 2316.97 3.526 60.818 35.52 64.349 3.97 3.6374 3.4544 3.7686 4.3396 3.8779 4.0975 3.7981 3.6903 3.6767 8.077 3.75984568936
2016-06-20 07:24:39.287000 2378.56 3.482 60.819 35.817 64.349 3.97 3.6376 3.4545 3.768 4.3382 3.8696 4.0969 3.7988 3.6904 3.6747 8.077 3.71997902639
2016-06-20 07:25:40.877000 2440.15 3.506 60.818 35.617 64.348 3.969 3.6378 3.4547 3.7671 4.3369 3.8627 4.0964 3.7974 3.6907 3.6725 8.077 3.58657629461
2016-06-20 07:26:42.507000 2501.78 3.412 60.818 35.887 64.348 3.97 3.6381 3.4548 3.7669 4.3363 3.8568 4.096 3.798 3.6912 3.6706 8.077 3.31103836992
2016-06-20 07:28:02.469000 2581.742 3.323 60.816 35.903 64.349 3.969 3.6382 3.4551 3.767 4.3358 3.8504 4.0959 3.7968 3.6902 3.668 8.077 3.99866536007
2016-06-20 07:29:04.142000 2643.415 3.311 60.817 35.627 64.348 3.97 3.6384 3.4551 3.7668 4.3354 3.8462 4.0957 3.7994 3.6908 3.6659 8.077 3.57449104897
2016-06-20 07:30:05.864000 2705.137 3.309 60.817 35.857 64.348 3.969 3.6385 3.4553 3.7667 4.335 3.8428 4.0956 3.797 3.6908 3.664 8.077 3.95505888663
2016-06-20 07:31:07.586000 2766.859 3.325 60.819 35.477 64.351 3.969 3.6387 3.4554 3.7662 4.3345 3.8396 4.0951 3.798 3.6902 3.6626 8.076 3.39299702436
2016-06-20 07:32:09.360000 2828.633 3.309 60.818 35.719 64.347 3.969 3.6389 3.4555 3.7663 4.3347 3.8371 4.0953 3.7987 3.6902 3.6609 8.076 4.02181705615
2016-06-20 07:33:11.162000 2890.435 3.346 60.818 35.342 64.349 3.969 3.639 3.4556 3.7666 4.3345 3.8346 4.0952 3.7969 3.6904 3.6585 8.076 3.68102209607
2016-06-20 07:34:13.014000 2952.287 3.315 60.819 35.619 64.349 3.969 3.6392 3.4557 3.766 4.3342 3.8324 4.0949 3.7983 3.6899 3.6576 8.076 3.49613358134
2016-06-20 07:35:14.877000 3014.15 3.31 60.817 35.82 64.347 3.968 3.6392 3.4558 3.7664 4.3345 3.8304 4.095 3.7984 3.6897 3.6554 8.076 3.70669013873
2016-06-20 07:36:16.749000 3076.022 3.36 60.816 35.513 64.346 3.97 3.6394 3.456 3.767 4.3348 3.8286 4.0953 3.7988 3.6893 3.6535 8.077 3.78642346467
2016-06-20 07:37:18.691000 3137.964 3.451 60.818 35.763 64.347 3.969 3.6395 3.4562 3.7667 4.3343 3.827 4.0953 3.7984 3.6889 3.6521 8.076 3.30011054933
2016-06-20 07:38:20.624000 3199.897 3.32 60.819 35.88 64.349 3.969 3.6396 3.4563 3.7663 4.3341 3.8257 4.095 3.7976 3.6887 3.6507 8.076 3.86923553514
2016-06-20 07:39:22.596000 3261.869 3.403 60.819 35.906 64.347 3.969 3.6397 3.4563 3.7662 4.3342 3.8242 4.0948 3.7988 3.6883 3.6495 8.076 4.00632397522
2016-06-20 07:40:24.588000 3323.861 3.462 60.819 35.8 64.349 3.969 3.64 3.4564 3.7658 4.3337 3.8229 4.0947 3.7968 3.6879 3.6473 8.076 3.36567747288
2016-06-20 07:41:26.631000 3385.904 3.512 60.822 35.594 64.351 3.968 3.6401 3.4565 3.7655 4.3334 3.8216 4.0945 3.7978 3.6881 3.6457 8.076 4.052803218
2016-06-20 07:42:28.693000 3447.966 3.324 60.822 35.35 64.352 3.968 3.6402 3.4566 3.7651 4.3332 3.8206 4.0941 3.7964 3.6875 3.6446 8.076 3.43863164815
2016-06-20 07:43:30.806000 3510.079 3.304 60.823 35.738 64.353 3.967 3.6404 3.4566 3.7648 4.3329 3.8196 4.094 3.7967 3.6875 3.6431 8.075 3.92598790433
2016-06-20 07:44:32.939000 3572.212 3.324 60.821 35.88 64.352 3.969 3.6405 3.4567 3.7654 4.3334 3.8185 4.094 3.7981 3.6865 3.6419 8.076 3.49613358134
2016-06-20 07:45:35.091000 3634.364 3.392 60.82 35.903 64.349 3.97 3.6406 3.4569 3.7663 4.334 3.8174 4.0945 3.7991 3.6863 3.641 8.076 3.75320124553
2016-06-20 07:46:37.323000 3696.596 3.455 60.821 35.314 64.35 3.966 3.6407 3.457 3.7662 4.334 3.8166 4.0948 3.7975 3.6857 3.6394 8.076 3.96959437777
2016-06-20 07:47:39.566000 3758.839 3.358 60.823 35.329 64.351 3.968 3.6409 3.457 3.7653 4.333 3.8157 4.0942 3.7966 3.6852 3.6377 8.076 3.41563087488
2016-06-20 07:48:41.818000 3821.091 3.357 60.822 35.905 64.35 3.969 3.641 3.4572 3.7656 4.3334 3.8149 4.0943 3.7982 3.6849 3.6367 8.076 4.06054975846
2016-06-20 07:49:44.131000 3883.404 3.495 60.822 35.836 64.352 3.969 3.6411 3.4573 3.766 4.3337 3.8142 4.0945 3.7984 3.6842 3.635 8.076 3.43863164815
2016-06-20 07:50:46.463000 3945.736 3.388 60.821 35.265 64.352 3.969 3.6412 3.4573 3.7658 4.3336 3.8133 4.0946 3.797 3.6838 3.6345 8.076 3.94052339548
2016-06-20 07:51:48.845000 4008.118 3.323 60.824 35.902 64.351 3.968 3.6414 3.4574 3.7656 4.3335 3.8125 4.0944 3.7978 3.683 3.6336 8.076 3.53219268924
2016-06-20 07:52:51.228000 4070.501 3.53 60.823 35.463 64.351 3.97 3.6413 3.4574 3.7659 4.3334 3.8119 4.0944 3.7979 3.6826 3.6317 8.076 3.8414209075
2016-06-20 07:53:53.660000 4132.933 3.316 60.822 35.314 64.351 3.97 3.6416 3.4577 3.766 4.3337 3.811 4.0946 3.7995 3.6823 3.6307 8.076 3.98412986892
2016-06-20 07:54:56.123000 4195.396 3.307 60.821 35.803 64.352 3.97 3.6417 3.4577 3.7666 4.3341 3.8103 4.0949 3.7981 3.6818 3.6296 8.077 3.55636318052
2016-06-20 07:55:58.636000 4257.909 3.362 60.822 35.564 64.352 3.971 3.6418 3.4579 3.7665 4.3342 3.8098 4.095 3.8001 3.6813 3.6284 8.077 3.43288145483
2016-06-20 07:57:01.219000 4320.492 3.355 60.822 35.919 64.352 3.97 3.642 3.4581 3.7668 4.3342 3.8091 4.0951 3.7981 3.6809 3.6276 8.077 4.02181705615
2016-06-20 07:58:03.821000 4383.094 3.474 60.824 35.321 64.353 3.97 3.6421 3.4581 3.7662 4.3339 3.8085 4.0949 3.7988 3.6801 3.6264 8.077 3.62395757034
2016-06-20 07:59:06.434000 4445.707 3.311 60.825 35.69 64.354 3.97 3.6421 3.4581 3.7666 4.3341 3.8079 4.0949 3.7996 3.6795 3.6258 8.077 3.43288145483
2016-06-20 08:00:09.166000 4508.439 3.397 60.823 35.693 64.354 3.97 3.6423 3.4583 3.7663 4.334 3.8074 4.095 3.7982 3.6789 3.6243 8.077 4.02956359661
2016-06-20 08:01:11.849000 4571.122 3.32 60.824 35.918 64.355 3.969 3.6424 3.4583 3.7661 4.3337 3.8069 4.0948 3.7982 3.6783 3.6236 8.077 3.32196619051
2016-06-20 08:02:14.591000 4633.864 3.53 60.828 35.453 64.355 3.969 3.6426 3.4584 3.7658 4.3335 3.8063 4.0945 3.7975 3.6777 3.6222 8.076 3.79971235233
2016-06-20 08:03:17.334000 4696.607 3.42 60.827 35.92 64.358 3.969 3.6427 3.4585 3.7657 4.3334 3.8058 4.0944 3.7973 3.677 3.6216 8.076 3.43863164815
2016-06-20 08:04:20.096000 4759.369 3.307 60.824 35.267 64.359 3.97 3.6426 3.4586 3.7659 4.3336 3.8051 4.0946 3.7991 3.6771 3.6206 8.077 3.77977902084
2016-06-20 08:05:22.889000 4822.162 3.499 60.827 35.651 64.356 3.97 3.6428 3.4587 3.7663 4.3339 3.8047 4.0947 3.7986 3.676 3.6198 8.077 3.26382160759
2016-06-20 08:06:25.741000 4885.014 3.33 60.826 35.928 64.357 3.969 3.643 3.4588 3.7663 4.3339 3.8041 4.0948 3.7981 3.6755 3.6187 8.077 3.61127656462
2016-06-20 08:07:28.615000 4947.888 3.336 60.829 35.414 64.359 3.969 3.6429 3.4588 3.7658 4.3334 3.8037 4.0946 3.7991 3.6749 3.6179 8.077 3.90418466761
2016-06-20 08:08:31.507000 5010.78 3.42 60.829 35.894 64.358 3.97 3.643 3.4589 3.7662 4.3339 3.8032 4.0946 3.7983 3.6749 3.6174 8.077 3.86228187823
2016-06-20 08:09:34.440000 5073.713 3.306 60.829 35.748 64.362 3.968 3.6432 3.459 3.7655 4.3331 3.8026 4.0944 3.7972 3.6738 3.6163 8.077 3.26900493112
2016-06-20 08:10:37.392000 5136.665 3.398 60.83 35.264 64.361 3.97 3.6434 3.4591 3.7654 4.3332 3.8021 4.0943 3.7989 3.6735 3.6152 8.077 3.89705016278
2016-06-20 08:11:40.445000 5199.718 3.504 60.833 35.638 64.362 3.969 3.6435 3.459 3.7656 4.3333 3.8016 4.0943 3.7973 3.6727 3.6146 8.077 3.29492154879
2016-06-20 08:12:43.477000 5262.75 3.337 60.832 35.917 64.365 3.969 3.6436 3.4592 3.7654 4.333 3.8011 4.0942 3.7971 3.6725 3.6136 8.077 3.58053367179
2016-06-20 08:13:46.530000 5325.803 3.333 60.836 35.456 64.363 3.968 3.6437 3.4591 3.7648 4.3327 3.8007 4.0939 3.7968 3.6717 3.6131 8.077 3.57449104897
2016-06-20 08:14:49.622000 5388.895 3.325 60.835 35.531 64.365 3.968 3.6437 3.4591 3.7646 4.3325 3.8002 4.0936 3.7975 3.6712 3.612 8.077 3.89705016278
2016-06-20 08:15:52.755000 5452.028 3.506 60.837 35.406 64.365 3.967 3.6438 3.4592 3.7641 4.3322 3.7997 4.0933 3.7949 3.6706 3.6117 8.076 3.3438218317
2016-06-20 08:16:55.908000 5515.181 3.435 60.837 35.861 64.368 3.968 3.6438 3.4591 3.7637 4.3318 3.7992 4.0929 3.7961 3.6698 3.6105 8.076 3.81360627986
2016-06-20 08:17:59.140000 5578.413 3.445 60.837 35.856 64.368 3.968 3.644 3.4592 3.7643 4.3322 3.7987 4.0931 3.7971 3.6691 3.6099 8.077 3.66834109035
2016-06-20 08:19:02.374000 5641.647 3.303 60.839 35.824 64.37 3.967 3.644 3.4591 3.7643 4.3321 3.7981 4.0921 3.7969 3.6687 3.6091 8.077 3.31103836992
2016-06-20 08:20:05.636000 5704.909 3.307 60.84 35.831 64.371 3.968 3.644 3.4591 3.7642 4.3321 3.7976 4.0931 3.7964 3.6678 3.609 8.077 3.64297907892
2016-06-20 08:21:08.939000 5768.212 3.385 60.84 35.275 64.371 3.967 3.6442 3.4592 3.7641 4.3321 3.7973 4.093 3.7952 3.6677 3.6081 8.077 4.13026862262
2016-06-20 08:22:12.272000 5831.545 3.374 60.841 35.273 64.373 3.967 3.6442 3.4592 3.7638 4.3317 3.7968 4.0927 3.7963 3.667 3.6071 8.077 3.42713126151
2016-06-20 08:23:15.654000 5894.927 3.368 60.842 35.304 64.373 3.967 3.6442 3.4592 3.7636 4.3316 3.7963 4.0926 3.797 3.6664 3.6062 8.077 3.85532822132
2016-06-20 08:24:19.047000 5958.32 3.369 60.841 35.593 64.37 3.968 3.6443 3.4592 3.7642 4.3323 3.7959 4.0929 3.7974 3.6657 3.6057 8.077 3.45588222811
2016-06-20 08:25:22.480000 6021.753 3.519 60.842 35.561 64.372 3.968 3.6445 3.4594 3.7644 4.3321 3.7955 4.0929 3.7961 3.6649 3.6053 8.077 3.94779114105
2016-06-20 08:26:25.912000 6085.185 3.525 60.841 35.528 64.371 3.969 3.6445 3.4592 3.7648 4.3326 3.7951 4.0932 3.797 3.6643 3.6043 8.078 3.31103836992
2016-06-20 08:27:29.365000 6148.638 3.525 60.844 35.521 64.373 3.967 3.6446 3.4593 3.7643 4.332 3.7948 4.0931 3.7959 3.6635 3.604 8.077 4.3430021776
2016-06-20 08:28:32.897000 6212.17 3.526 60.845 35.471 64.375 3.967 3.6447 3.4593 3.7635 4.3316 3.7944 4.0927 3.7962 3.663 3.6029 8.077 3.42713126151
