2016-11-29 00:00:53.400000 57522.425 3.529 48.82 33.591 50.97 4.071 3.6935 3.4935 20.2409 21.7495 6.7052 4.6283 3.919 7.9413 8.1237 7.816 26.5182103834 8.5533
2016-11-29 00:02:05.953000 57594.977 3.372 48.819 33.163 50.971 3.607 3.6945 3.4941 20.241 21.7488 6.712 4.6282 3.9194 7.953 8.1344 7.816 28.3193861266 8.5684
2016-11-29 00:03:17.806000 57666.83 3.345 48.82 33.444 50.969 4.071 3.6946 3.4945 20.2412 21.7492 6.7189 4.6286 3.9195 7.9667 8.1439 7.816 28.1833312852 8.5841
2016-11-29 00:04:29.727000 57738.751 3.342 48.817 33.718 50.969 3.653 3.6942 3.4943 20.2411 21.7489 6.7257 4.6288 3.9193 7.9799 8.1541 7.817 26.5182103834 8.5963
2016-11-29 00:05:42.183000 57811.207 3.546 48.818 33.869 50.969 3.883 3.6934 3.4931 20.2411 21.7481 6.7323 4.6287 3.9185 7.9962 8.1634 7.816 26.5182103834 8.6075
2016-11-29 00:06:54.045000 57883.069 3.455 48.82 33.854 50.971 4.062 3.693 3.4928 20.241 21.7481 6.739 4.6286 3.9186 8.0086 8.1704 7.816 28.1833312852 8.6221
2016-11-29 00:08:06.545000 57955.569 3.462 48.82 33.084 50.972 3.205 3.6918 3.4913 20.2403 21.7482 6.7455 4.6284 3.9175 8.0203 8.1805 7.816 27.5274209049 8.637
2016-11-29 00:09:18.488000 58027.512 3.39 48.821 33.078 50.971 2.194 3.6919 3.4916 20.2404 21.7477 6.752 4.6285 3.9178 8.0341 8.1885 7.816 26.395418064 8.6493
2016-11-29 00:10:30.407000 58099.431 3.362 48.822 33.228 50.972 3.475 3.6922 3.4921 20.2409 21.7475 6.7584 4.6284 3.9181 8.05 8.1985 7.816 27.6568053291 8.6628
2016-11-29 00:11:42.981000 58172.005 3.463 48.819 33.865 50.972 1.0 3.6914 3.4916 20.2401 21.748 6.7649 4.6284 3.9167 8.0606 8.207 7.815 26.8865873414 8.6768
2016-11-29 00:12:54.922000 58243.946 3.516 48.82 33.643 50.971 4.032 3.6908 3.491 20.2402 21.7478 6.7711 4.6284 3.9161 8.0748 8.2181 7.815 26.7637950221 8.69
2016-11-29 00:14:07.502000 58316.526 3.384 48.823 33.097 50.974 4.068 3.6895 3.4901 20.2405 21.7475 6.7774 4.6279 3.9161 8.086 8.228 7.815 27.7861897534 8.7015
2016-11-29 00:15:19.425000 58388.449 3.351 48.821 33.325 50.973 3.687 3.6905 3.4909 20.2408 21.7478 6.7836 4.6281 3.9169 8.0982 8.2347 7.815 27.5274209049 8.7155
2016-11-29 00:16:31.409000 58460.433 3.337 48.823 33.623 50.973 4.069 3.6908 3.4911 20.2407 21.7477 6.7899 4.6284 3.9172 8.1102 8.2482 7.815 26.8865873414 8.7275
2016-11-29 00:17:43.969000 58532.993 3.534 48.823 33.55 50.974 4.069 3.6906 3.491 20.2407 21.7475 6.796 4.6284 3.9168 8.1246 8.2564 7.815 26.7637950221 8.741
2016-11-29 00:18:55.999000 58605.023 3.569 48.823 33.357 50.972 4.07 3.6914 3.4919 20.2408 21.7477 6.802 4.6287 3.9177 8.1356 8.2635 7.816 27.6568053291 8.7528
2016-11-29 00:20:08.674000 58677.698 3.417 48.823 33.901 50.974 3.503 3.6911 3.4917 20.2408 21.7474 6.8083 4.6287 3.9163 8.1465 8.2743 7.815 27.3980364806 8.7666
2016-11-29 00:21:20.701000 58749.725 3.501 48.825 33.753 50.975 4.067 3.69 3.4906 20.2406 21.7472 6.8145 4.6284 3.9153 8.1607 8.2808 7.815 27.0098832078 8.78
2016-11-29 00:22:32.699000 58821.723 3.545 48.822 33.557 50.975 4.07 3.6921 3.4935 20.2406 21.7475 6.8205 4.6285 3.918 8.1728 8.291 7.815 27.5274209049 8.7909
2016-11-29 00:23:45.387000 58894.411 3.37 48.821 33.182 50.97 4.072 3.6928 3.4938 20.2408 21.7472 6.8266 4.6295 3.9201 8.1819 8.299 7.817 27.9155741777 8.8024
2016-11-29 00:24:57.478000 58966.502 3.346 48.819 33.418 50.97 1.0 3.6921 3.4929 20.2407 21.7472 6.8325 4.6301 3.9191 8.194 8.3077 7.817 25.9093071593 8.8142
2016-11-29 00:26:09.520000 59038.544 3.491 48.82 33.67 50.974 4.058 3.6926 3.4934 20.2403 21.7472 6.8384 4.6302 3.9195 8.2052 8.315 7.817 28.455440968 8.822
2016-11-29 00:27:22.213000 59111.237 3.474 48.82 33.09 50.971 4.071 3.6925 3.4934 20.2407 21.7476 6.8444 4.6305 3.9191 8.2199 8.3237 7.817 26.395418064 8.8384
2016-11-29 00:28:34.298000 59183.322 3.404 48.82 33.049 50.971 4.07 3.6918 3.4926 20.2408 21.7474 6.8503 4.6305 3.9182 8.2308 8.3316 7.816 26.395418064 8.8467
2016-11-29 00:29:47.088000 59256.112 3.552 48.821 33.849 50.97 4.032 3.6917 3.4934 20.2408 21.7475 6.8561 4.6303 3.9187 8.2399 8.3428 7.816 27.7861897534 8.8589
2016-11-29 00:30:59.173000 59328.197 3.563 48.82 33.227 50.972 4.07 3.6915 3.4928 20.2407 21.7473 6.8618 4.6305 3.9183 8.2519 8.3499 7.816 27.3980364806 8.8699
2016-11-29 00:32:11.322000 59400.346 3.452 48.82 33.066 50.971 3.931 3.691 3.4923 20.2406 21.7473 6.8676 4.6304 3.9177 8.265 8.3551 7.816 26.1498334253 8.8858
2016-11-29 00:33:24.080000 59473.104 3.518 48.821 33.686 50.968 3.021 3.6921 3.4926 20.2407 21.7469 6.8734 4.6305 3.9184 8.2746 8.3639 7.816 27.3980364806 8.898
2016-11-29 00:34:36.241000 59545.265 3.554 48.822 33.499 50.971 3.478 3.6914 3.4919 20.2403 21.7467 6.8789 4.6305 3.917 8.2879 8.3733 7.816 28.1833312852 8.9076
2016-11-29 00:35:49.083000 59618.107 3.37 48.818 33.262 50.969 4.07 3.6909 3.492 20.2401 21.7479 6.8847 4.6305 3.918 8.3008 8.3811 7.816 26.5182103834 8.9197
2016-11-29 00:37:01.272000 59690.296 3.457 48.818 33.878 50.968 4.069 3.6905 3.4913 20.2407 21.7485 6.8901 4.6306 3.9176 8.3099 8.3892 7.816 28.455440968 8.9303
2016-11-29 00:38:14.035000 59763.059 3.339 48.818 33.04 50.97 4.069 3.6905 3.4917 20.2407 21.7482 6.8956 4.6306 3.9174 8.3201 8.3971 7.816 26.7637950221 8.9429
2016-11-29 00:39:26.355000 59835.379 3.349 48.819 33.793 50.968 3.698 3.6906 3.4926 20.2405 21.748 6.9011 4.6305 3.9176 8.3328 8.4041 7.815 26.1498334253 8.9523
2016-11-29 00:40:38.493000 59907.517 3.571 48.82 33.874 50.969 4.071 3.6916 3.494 20.2404 21.748 6.9065 4.6307 3.9188 8.3386 8.4133 7.816 26.395418064 8.9662
2016-11-29 00:41:51.337000 59980.361 3.351 48.817 33.371 50.968 3.328 3.6926 3.494 20.2408 21.7475 6.9119 4.6312 3.9195 8.3542 8.4183 7.816 26.8865873414 8.9777
2016-11-29 00:43:03.528000 60052.552 3.486 48.816 33.77 50.967 4.072 3.6924 3.4941 20.2409 21.7475 6.9173 4.6317 3.9204 8.3635 8.4291 7.817 28.3193861266 8.9877
2016-11-29 00:44:16.414000 60125.438 3.409 48.815 33.04 50.966 2.744 3.6926 3.4937 20.2408 21.7479 6.9226 4.6321 3.9196 8.37 8.4335 7.817 26.2726257447 8.9985
2016-11-29 00:45:28.635000 60197.659 3.358 48.816 33.828 50.965 3.837 3.6919 3.4935 20.2409 21.7478 6.9279 4.6321 3.9193 8.3833 8.4425 7.817 26.6410027027 9.0095
2016-11-29 00:46:40.832000 60269.856 3.457 48.817 33.867 50.967 4.071 3.6915 3.4939 20.2409 21.7477 6.9331 4.6321 3.9193 8.3929 8.4502 7.816 27.7861897534 9.0162
2016-11-29 00:47:53.777000 60342.801 3.346 48.815 33.42 50.965 2.337 3.6921 3.4939 20.2408 21.7474 6.9383 4.6321 3.919 8.403 8.4567 7.816 27.5274209049 9.0308
2016-11-29 00:49:06.109000 60415.133 3.506 48.815 33.691 50.966 4.062 3.6928 3.4938 20.2409 21.7473 6.9434 4.6322 3.92 8.4139 8.4643 7.816 26.8865873414 9.0407
2016-11-29 00:50:19.066000 60488.09 3.343 48.816 33.744 50.964 4.072 3.6929 3.495 20.2404 21.7478 6.9486 4.6326 3.9203 8.4231 8.4701 7.817 27.9155741777 9.0515
2016-11-29 00:51:31.403000 60560.427 3.556 48.813 33.892 50.964 4.055 3.6923 3.4943 20.2409 21.7477 6.9537 4.6328 3.9198 8.4314 8.478 7.817 27.9155741777 9.0645
2016-11-29 00:52:43.758000 60632.782 3.555 48.816 33.198 50.966 4.059 3.6911 3.4934 20.241 21.7477 6.9587 4.6326 3.919 8.4446 8.4843 7.816 26.8865873414 9.0727
2016-11-29 00:53:56.833000 60705.857 3.487 48.815 33.81 50.965 1.3 3.6927 3.4941 20.2411 21.7476 6.9632 4.6326 3.9199 8.4545 8.4918 7.816 26.2726257447 9.0795
2016-11-29 00:55:09.212000 60778.236 3.418 48.817 33.04 50.966 3.796 3.6913 3.4924 20.2408 21.7469 6.9687 4.6324 3.9178 8.4645 8.5005 7.816 27.0098832078 9.0901
2016-11-29 00:56:22.230000 60851.254 3.537 48.819 33.583 50.968 1.353 3.6901 3.4921 20.2407 21.7488 6.9736 4.6319 3.9179 8.4751 8.506 7.815 28.0472764438 9.1023
2016-11-29 00:57:34.628000 60923.652 3.371 48.816 33.168 50.968 3.544 3.6898 3.4918 20.2406 21.7485 6.9786 4.632 3.9179 8.4839 8.5111 7.815 27.3980364806 9.1114
2016-11-29 00:58:47.071000 60996.095 3.422 48.817 33.879 50.966 3.411 3.6905 3.4925 20.2409 21.7485 6.9833 4.632 3.9184 8.4919 8.5204 7.816 26.395418064 9.1224
2016-11-29 01:00:00.165000 61069.189 3.348 48.817 33.39 50.968 3.016 3.691 3.4928 20.2409 21.7478 6.9881 4.6321 3.918 8.5016 8.5262 7.816 27.9155741777 9.1303
2016-11-29 01:01:12.520000 61141.544 3.507 48.818 33.727 50.968 4.07 3.69 3.4924 20.241 21.7477 6.9929 4.632 3.9175 8.5119 8.5346 7.815 27.0098832078 9.1389
2016-11-29 01:02:25.635000 61214.659 3.343 48.817 33.712 50.966 3.312 3.6906 3.4926 20.241 21.7482 6.9977 4.6321 3.9187 8.5208 8.5414 7.815 26.7637950221 9.1527
2016-11-29 01:03:38.065000 61287.089 3.556 48.817 33.496 50.968 3.948 3.6887 3.4906 20.2407 21.7482 7.0023 4.632 3.9165 8.5318 8.5505 7.815 26.395418064 9.1605
2016-11-29 01:04:50.514000 61359.538 3.357 48.82 33.275 50.97 4.042 3.6899 3.4927 20.241 21.7491 7.0071 4.632 3.9175 8.541 8.5556 7.815 26.7637950221 9.1698
2016-11-29 01:06:03.631000 61432.655 3.521 48.823 33.187 50.97 2.554 3.6886 3.4907 20.2407 21.7483 7.0119 4.6317 3.9166 8.5501 8.5626 7.815 27.9155741777 9.1802
2016-11-29 01:07:16.108000 61505.132 3.336 48.823 33.63 50.972 2.318 3.6887 3.4907 20.2401 21.7485 7.0165 4.6315 3.9169 8.5585 8.5677 7.815 28.1833312852 9.1863
2016-11-29 01:08:29.249000 61578.273 3.339 48.823 33.044 50.973 4.069 3.6894 3.492 20.2408 21.7486 7.0211 4.6317 3.9175 8.5692 8.5749 7.815 27.0098832078 9.1957
2016-11-29 01:09:41.781000 61650.805 3.552 48.823 33.513 50.972 3.215 3.6891 3.4923 20.2408 21.7484 7.0257 4.6316 3.9167 8.5775 8.5819 7.815 26.8865873414 9.2071
2016-11-29 01:10:55.024000 61724.048 3.365 48.822 33.847 50.971 3.749 3.6894 3.4915 20.2403 21.7484 7.0303 4.6317 3.9177 8.5846 8.59 7.815 26.2726257447 9.2155
2016-11-29 01:12:07.500000 61796.524 3.567 48.82 33.249 50.972 4.029 3.6895 3.4915 20.2408 21.7483 7.0347 4.6319 3.9172 8.5985 8.5948 7.815 28.3193861266 9.2246
2016-11-29 01:13:20.089000 61869.113 3.339 48.821 33.54 50.97 1.0 3.6895 3.4926 20.241 21.7484 7.0392 4.6321 3.9179 8.6035 8.6042 7.816 27.5274209049 9.2366
2016-11-29 01:14:33.319000 61942.343 3.341 48.82 33.555 50.972 4.07 3.6902 3.4919 20.2409 21.7478 7.0437 4.6323 3.9181 8.6128 8.6096 7.816 27.2686520563 9.243
2016-11-29 01:15:45.883000 62014.907 3.523 48.822 33.655 50.972 2.568 3.6883 3.4903 20.2402 21.748 7.0483 4.6322 3.9162 8.6226 8.6155 7.815 26.7637950221 9.2569
2016-11-29 01:16:59.165000 62088.189 3.516 48.823 33.768 50.974 3.772 3.6885 3.4915 20.2406 21.7481 7.0527 4.6321 3.9168 8.63 8.6231 7.815 27.5274209049 9.2635
2016-11-29 01:18:11.739000 62160.763 3.394 48.822 33.063 50.974 3.975 3.6886 3.4918 20.2407 21.7481 7.0572 4.632 3.9168 8.6414 8.6283 7.815 27.1392676321 9.2711
2016-11-29 01:19:24.366000 62233.39 3.403 48.825 33.872 50.973 1.0 3.6896 3.4916 20.2409 21.7477 7.0616 4.632 3.9178 8.6465 8.6344 7.815 27.2686520563 9.281
2016-11-29 01:20:37.633000 62306.657 3.406 48.822 33.345 50.973 3.885 3.6891 3.4916 20.2406 21.7483 7.0661 4.6323 3.9172 8.6594 8.6405 7.816 27.7861897534 9.2913
2016-11-29 01:21:50.212000 62379.236 3.546 48.823 33.182 50.975 4.07 3.6886 3.4921 20.2409 21.7483 7.0704 4.6322 3.9175 8.6659 8.6443 7.815 28.3193861266 9.298
2016-11-29 01:23:03.548000 62452.572 3.49 48.824 33.802 50.973 4.07 3.6899 3.4922 20.2409 21.7477 7.0747 4.6325 3.9183 8.6735 8.6518 7.816 25.9093071593 9.3048
2016-11-29 01:24:16.190000 62525.214 3.339 48.826 33.102 50.977 4.067 3.6877 3.4903 20.2401 21.7477 7.0789 4.6323 3.9155 8.6808 8.6579 7.815 26.395418064 9.3157
2016-11-29 01:25:29.536000 62598.56 3.495 48.827 33.078 50.978 4.07 3.6885 3.4918 20.2407 21.748 7.0831 4.6322 3.9169 8.6885 8.6636 7.815 26.8865873414 9.3255
2016-11-29 01:26:42.211000 62671.235 3.501 48.825 33.755 50.974 4.069 3.6893 3.4909 20.2408 21.748 7.0873 4.6323 3.9172 8.6971 8.6676 7.816 28.3193861266 9.3344
2016-11-29 01:27:54.887000 62743.911 3.399 48.827 33.052 50.977 3.946 3.6888 3.4916 20.2403 21.7482 7.0915 4.6322 3.9165 8.7082 8.6771 7.816 26.027041106 9.3403
2016-11-29 01:29:08.267000 62817.291 3.396 48.826 33.063 50.977 2.544 3.688 3.4911 20.2407 21.7478 7.0957 4.6323 3.9166 8.7157 8.6813 7.816 26.8865873414 9.3515
2016-11-29 01:30:20.912000 62889.936 3.366 48.825 33.863 50.977 2.647 3.6883 3.4913 20.2408 21.7479 7.0998 4.6323 3.9171 8.7221 8.6866 7.816 27.9155741777 9.359
2016-11-29 01:31:34.270000 62963.294 3.369 48.827 33.888 50.978 4.069 3.6883 3.4912 20.2404 21.7479 7.1039 4.6325 3.9167 8.7301 8.6923 7.816 26.1498334253 9.3663
2016-11-29 01:32:46.965000 63035.989 3.561 48.828 33.286 50.975 4.012 3.6878 3.491 20.2407 21.7479 7.1079 4.6324 3.9167 8.7386 8.6993 7.816 26.2726257447 9.377
2016-11-29 01:34:00.350000 63109.374 3.566 48.828 33.278 50.977 4.069 3.6894 3.4914 20.2409 21.7476 7.1119 4.6325 3.9169 8.7443 8.7056 7.816 27.6568053291 9.3848
2016-11-29 01:35:13.129000 63182.153 3.464 48.828 33.516 50.979 3.238 3.689 3.4922 20.2403 21.7482 7.1159 4.6326 3.9173 8.7551 8.7106 7.816 26.5182103834 9.3906
2016-11-29 01:36:25.907000 63254.931 3.441 48.827 33.056 50.978 4.069 3.688 3.4912 20.2407 21.7482 7.1198 4.6327 3.917 8.7618 8.7166 7.816 26.5182103834 9.401
2016-11-29 01:37:39.332000 63328.356 3.461 48.828 33.078 50.979 3.953 3.689 3.4912 20.2408 21.7477 7.1237 4.6325 3.917 8.7701 8.7222 7.816 27.3980364806 9.4069
2016-11-29 01:38:52.165000 63401.189 3.522 48.831 33.658 50.98 1.0 3.6878 3.4911 20.2401 21.7481 7.1277 4.6324 3.9165 8.7755 8.7264 7.816 27.5274209049 9.4148
2016-11-29 01:40:05.698000 63474.722 3.526 48.828 33.629 50.98 4.07 3.6885 3.4919 20.2409 21.7484 7.1316 4.6324 3.9173 8.7853 8.7321 7.816 27.0098832078 9.425
2016-11-29 01:41:18.502000 63547.526 3.387 48.828 33.085 50.976 3.655 3.6898 3.4925 20.2409 21.7478 7.1354 4.6327 3.9176 8.7938 8.7353 7.816 26.2726257447 9.433
2016-11-29 01:42:31.964000 63620.988 3.386 48.829 33.091 50.98 2.413 3.6888 3.4921 20.2408 21.7484 7.1393 4.6331 3.9178 8.799 8.7425 7.817 28.0472764438 9.439
2016-11-29 01:43:44.759000 63693.783 3.558 48.83 33.426 50.979 4.07 3.6892 3.4926 20.241 21.7484 7.1431 4.6332 3.9181 8.8044 8.7473 7.817 26.8865873414 9.4459
2016-11-29 01:44:57.642000 63766.666 3.408 48.828 33.896 50.981 3.63 3.6887 3.4921 20.2409 21.7478 7.147 4.6333 3.9171 8.8136 8.7521 7.817 26.6410027027 9.4545
2016-11-29 01:46:11.196000 63840.22 3.438 48.83 33.875 50.98 4.072 3.6899 3.4933 20.2409 21.7484 7.1507 4.6335 3.9191 8.8201 8.7583 7.817 27.1392676321 9.4647
2016-11-29 01:47:24.126000 63913.15 3.346 48.828 33.488 50.98 4.016 3.6909 3.4942 20.2412 21.7488 7.1544 4.6338 3.9194 8.8284 8.7629 7.817 27.6568053291 9.4689
2016-11-29 01:48:37.737000 63986.761 3.345 48.828 33.44 50.98 4.065 3.6901 3.4935 20.241 21.7486 7.1582 4.6341 3.9195 8.8332 8.7678 7.818 28.0472764438 9.4775
2016-11-29 01:49:50.721000 64059.745 3.479 48.828 33.096 50.98 3.782 3.6905 3.4942 20.2411 21.7485 7.1612 4.6343 3.9196 8.8429 8.7744 7.818 27.5274209049 9.4874
2016-11-29 01:51:04.310000 64133.334 3.472 48.831 33.047 50.98 4.072 3.6903 3.4944 20.2407 21.7488 7.1655 4.6343 3.9197 8.8515 8.7782 7.818 26.2726257447 9.494
2016-11-29 01:52:17.300000 64206.324 3.514 48.831 33.696 50.981 3.42 3.6907 3.4944 20.2413 21.7489 7.1692 4.6344 3.9201 8.8568 8.785 7.818 26.8865873414 9.5032
2016-11-29 01:53:30.252000 64279.276 3.344 48.827 33.751 50.978 3.691 3.6917 3.4949 20.2413 21.7486 7.1727 4.6348 3.9201 8.864 8.7881 7.818 28.0472764438 9.5084
2016-11-29 01:54:43.902000 64352.926 3.345 48.828 33.799 50.983 4.069 3.69 3.4937 20.2415 21.7486 7.1764 4.6348 3.9198 8.8737 8.7943 7.818 27.0098832078 9.5116
2016-11-29 01:55:56.860000 64425.884 3.39 48.829 33.083 50.978 3.399 3.6905 3.4945 20.2414 21.7486 7.18 4.6348 3.9197 8.8789 8.7986 7.818 26.2726257447 9.5205
2016-11-29 01:57:10.547000 64499.571 3.345 48.831 33.779 50.983 4.052 3.6883 3.4913 20.2411 21.7481 7.1835 4.6341 3.9175 8.8858 8.804 7.817 27.6568053291 9.5298
2016-11-29 01:58:23.591000 64572.615 3.382 48.831 33.102 50.983 4.07 3.6885 3.4923 20.2412 21.7482 7.1869 4.6339 3.9177 8.8931 8.8081 7.817 28.0472764438 9.5331
2016-11-29 01:59:37.237000 64646.261 3.381 48.834 33.11 50.985 3.7 3.6884 3.4923 20.2407 21.7483 7.1904 4.6336 3.9177 8.9022 8.8148 7.817 26.5182103834 9.5412
2016-11-29 02:00:50.251000 64719.275 3.542 48.833 33.565 50.984 3.256 3.688 3.4914 20.241 21.7482 7.1939 4.6337 3.9173 8.9095 8.819 7.817 26.1498334253 9.5484
2016-11-29 02:02:03.338000 64792.362 3.341 48.835 33.77 50.988 4.068 3.6882 3.4912 20.2409 21.748 7.1972 4.6333 3.9165 8.9156 8.8212 7.816 26.395418064 9.5549
2016-11-29 02:03:17.047000 64866.071 3.513 48.838 33.703 50.99 2.919 3.6865 3.4897 20.2406 21.7478 7.2007 4.633 3.9155 8.9203 8.8269 7.816 27.2686520563 9.563
2016-11-29 02:04:30.084000 64939.108 3.344 48.837 33.769 50.988 4.069 3.6883 3.4915 20.241 21.7481 7.2042 4.6328 3.9168 8.9279 8.8297 7.816 27.7861897534 9.5686
2016-11-29 02:05:43.867000 65012.891 3.344 48.835 33.837 50.987 4.067 3.687 3.4903 20.2405 21.7481 7.2077 4.6331 3.9165 8.9368 8.8358 7.816 27.1392676321 9.5758
2016-11-29 02:06:56.873000 65085.897 3.384 48.835 33.096 50.985 3.821 3.6889 3.4931 20.2411 21.7483 7.211 4.6331 3.9183 8.9431 8.8401 7.817 26.6410027027 9.5858
2016-11-29 02:08:10.741000 65159.765 3.356 48.835 33.844 50.987 4.069 3.6877 3.4912 20.2409 21.7481 7.2145 4.6334 3.9172 8.9481 8.8454 7.817 26.6410027027 9.5908
2016-11-29 02:09:23.778000 65232.802 3.371 48.836 33.166 50.985 1.0 3.688 3.4922 20.241 21.7481 7.2177 4.6334 3.9176 8.9584 8.8497 7.817 27.5274209049 9.5972
2016-11-29 02:10:36.919000 65305.943 3.369 48.835 33.341 50.986 4.027 3.6888 3.493 20.2405 21.7479 7.221 4.6338 3.9181 8.9638 8.8547 7.817 27.9155741777 9.6038
2016-11-29 02:11:50.779000 65379.803 3.362 48.833 33.239 50.986 4.071 3.6888 3.493 20.241 21.7483 7.2243 4.6338 3.9183 8.9728 8.8601 7.817 27.7861897534 9.613
2016-11-29 02:13:03.870000 65452.894 3.361 48.836 33.253 50.987 3.127 3.689 3.4934 20.2409 21.7478 7.2275 4.6338 3.9183 8.9754 8.8639 7.817 26.8865873414 9.6222
2016-11-29 02:14:17.686000 65526.71 3.358 48.836 33.272 50.984 3.572 3.6885 3.4926 20.2407 21.7481 7.2308 4.634 3.9181 8.9828 8.8687 7.818 26.2726257447 9.6243
2016-11-29 02:15:30.858000 65599.882 3.352 48.836 33.178 50.987 4.071 3.6891 3.4935 20.2409 21.7478 7.2341 4.6339 3.9185 8.9879 8.8729 7.818 26.7637950221 9.6331
2016-11-29 02:16:44.758000 65673.782 3.348 48.834 33.367 50.987 3.961 3.6876 3.4914 20.2409 21.748 7.2372 4.6339 3.9169 8.9923 8.8812 7.817 27.5274209049 9.6438
2016-11-29 02:17:57.935000 65746.959 3.349 48.836 33.42 50.986 4.069 3.6882 3.4924 20.2403 21.7477 7.2403 4.6335 3.9173 9.0009 8.8811 7.817 27.7861897534 9.6473
2016-11-29 02:19:11.886000 65820.91 3.447 48.833 33.876 50.985 4.072 3.6895 3.494 20.2412 21.7482 7.2436 4.6339 3.9194 9.0071 8.8879 7.818 27.7861897534 9.6518
2016-11-29 02:20:25.066000 65894.09 3.343 48.833 33.465 50.985 3.961 3.6885 3.4927 20.2403 21.7479 7.2467 4.6341 3.9178 9.0135 8.8907 7.818 26.7637950221 9.6612
2016-11-29 02:21:38.340000 65967.364 3.349 48.833 33.449 50.985 4.071 3.6898 3.4945 20.2411 21.7484 7.2498 4.6342 3.9202 9.0178 8.8965 7.818 26.395418064 9.6667
2016-11-29 02:22:52.294000 66041.318 3.459 48.829 33.483 50.982 2.351 3.6899 3.4944 20.2406 21.7479 7.253 4.6346 3.9194 9.0248 8.9027 7.818 28.3193861266 9.6684
2016-11-29 02:24:05.558000 66114.582 3.343 48.83 33.495 50.98 3.839 3.6893 3.4932 20.2409 21.7482 7.256 4.6347 3.919 9.034 8.904 7.818 28.1833312852 9.6791
2016-11-29 02:25:19.490000 66188.514 3.477 48.831 33.83 50.981 1.835 3.6889 3.4932 20.2405 21.7478 7.2592 4.6345 3.9185 9.0372 8.907 7.818 27.2686520563 9.6812
2016-11-29 02:26:32.725000 66261.749 3.469 48.828 33.509 50.98 3.636 3.6895 3.494 20.2411 21.7481 7.2621 4.6346 3.9194 9.0416 8.9158 7.818 26.5182103834 9.6932
2016-11-29 02:27:46.636000 66335.66 3.486 48.828 33.81 50.979 4.072 3.69 3.4947 20.2413 21.7482 7.2653 4.6347 3.9203 9.0498 8.9184 7.818 27.1392676321 9.6964
2016-11-29 02:28:59.889000 66408.913 3.488 48.828 33.799 50.979 4.021 3.6895 3.4942 20.2412 21.7479 7.2683 4.6349 3.9196 9.0565 8.9233 7.818 27.7861897534 9.7033
2016-11-29 02:30:13.862000 66482.886 3.572 48.829 33.318 50.979 3.998 3.69 3.4944 20.2413 21.7481 7.2716 4.6349 3.92 9.0658 8.9278 7.818 28.1833312852 9.7104
2016-11-29 02:31:27.183000 66556.207 3.452 48.827 33.855 50.98 4.072 3.6902 3.4938 20.2411 21.748 7.2744 4.6348 3.9194 9.0642 8.93 7.818 28.0472764438 9.7138
2016-11-29 02:32:41.252000 66630.276 3.361 48.828 33.259 50.978 4.052 3.6895 3.4945 20.2409 21.7482 7.2775 4.635 3.92 9.075 8.9348 7.818 27.5274209049 9.7225
2016-11-29 02:33:54.612000 66703.636 3.565 48.829 33.237 50.98 4.072 3.69 3.4933 20.2411 21.7476 7.2804 4.6347 3.9196 9.0777 8.9418 7.818 26.8865873414 9.7235
2016-11-29 02:35:07.968000 66776.992 3.564 48.828 33.27 50.978 3.807 3.6901 3.4947 20.2411 21.7483 7.2834 4.635 3.9203 9.0835 8.9443 7.818 27.2686520563 9.7341
2016-11-29 02:36:22.041000 66851.065 3.355 48.828 33.305 50.977 2.423 3.6895 3.4935 20.2405 21.7474 7.2861 4.6349 3.9196 9.0893 8.9468 7.818 27.9155741777 9.7418
2016-11-29 02:37:35.426000 66924.45 3.348 48.827 33.375 50.978 4.071 3.6885 3.4933 20.2408 21.7478 7.2889 4.6347 3.9188 9.0948 8.9514 7.817 27.5274209049 9.7453
2016-11-29 02:38:49.426000 66998.45 3.429 48.826 33.876 50.978 4.071 3.6894 3.4934 20.2406 21.7479 7.2918 4.6345 3.919 9.0988 8.9528 7.818 27.3980364806 9.7528
2016-11-29 02:40:02.805000 67071.829 3.433 48.828 33.881 50.978 1.0 3.6886 3.4936 20.2412 21.7479 7.2945 4.6345 3.9185 9.1059 8.9614 7.817 27.2686520563 9.7557
2016-11-29 02:41:16.917000 67145.941 3.57 48.827 33.398 50.975 3.258 3.6899 3.4941 20.241 21.7482 7.2974 4.6346 3.9197 9.1093 8.9641 7.818 26.6410027027 9.7639
2016-11-29 02:42:30.406000 67219.43 3.571 48.825 33.33 50.978 4.072 3.6897 3.4936 20.2413 21.7478 7.3001 4.6346 3.9193 9.117 8.9696 7.818 27.7861897534 9.7703
2016-11-29 02:43:44.624000 67293.648 3.353 48.827 33.198 50.978 4.07 3.6881 3.4928 20.2411 21.7477 7.303 4.6345 3.9181 9.1232 8.9743 7.817 27.2686520563 9.7734
2016-11-29 02:44:58.188000 67367.212 3.355 48.829 33.827 50.978 4.059 3.6873 3.4913 20.2403 21.7478 7.3057 4.6339 3.9172 9.1265 8.9765 7.817 26.027041106 9.7808
2016-11-29 02:46:11.662000 67440.686 3.349 48.829 33.832 50.979 4.064 3.687 3.4915 20.2409 21.7476 7.3084 4.6335 3.9168 9.1302 8.9794 7.816 28.0472764438 9.7868
2016-11-29 02:47:25.666000 67514.69 3.529 48.829 33.806 50.98 4.069 3.6871 3.4906 20.2408 21.7475 7.3111 4.6333 3.9165 9.1363 8.9826 7.816 26.395418064 9.7936
2016-11-29 02:48:39.461000 67588.485 3.532 48.828 33.608 50.977 4.07 3.688 3.4921 20.2409 21.7477 7.3136 4.6332 3.9174 9.1443 8.9886 7.816 27.2686520563 9.7977
2016-11-29 02:49:54.016000 67663.04 3.337 48.826 33.674 50.979 4.069 3.6876 3.4928 20.2409 21.7475 7.3164 4.6334 3.9178 9.1522 8.9892 7.817 28.0472764438 9.8019
2016-11-29 02:51:07.909000 67736.933 3.501 48.826 33.759 50.978 4.07 3.6874 3.4914 20.2409 21.7475 7.319 4.6335 3.9176 9.1548 8.9973 7.817 27.6568053291 9.8044
2016-11-29 02:52:22.495000 67811.519 3.349 48.826 33.431 50.978 4.07 3.6873 3.4923 20.2403 21.7491 7.3217 4.6334 3.9179 9.1593 8.9995 7.817 27.5274209049 9.8129
2016-11-29 02:53:36.372000 67885.396 3.428 48.827 33.875 50.976 4.07 3.6887 3.4931 20.2409 21.7489 7.3242 4.6335 3.9181 9.1627 9.0013 7.817 26.5182103834 9.8138
2016-11-29 02:54:50.975000 67959.999 3.374 48.823 33.154 50.976 2.966 3.6878 3.4928 20.2407 21.7484 7.3268 4.6336 3.9179 9.1692 9.0065 7.817 27.7861897534 9.8263
2016-11-29 02:56:04.916000 68033.94 3.37 48.827 33.866 50.977 4.069 3.6867 3.4912 20.2407 21.7482 7.3294 4.6335 3.9171 9.1717 9.0117 7.816 27.2686520563 9.828
2016-11-29 02:57:19.663000 68108.687 3.338 48.824 33.649 50.979 3.833 3.6874 3.4922 20.2401 21.748 7.3319 4.6333 3.9174 9.1814 9.0144 7.816 26.395418064 9.8329
2016-11-29 02:58:33.424000 68182.448 3.337 48.827 33.674 50.976 4.069 3.6874 3.491 20.2407 21.7492 7.3343 4.6332 3.9171 9.1856 9.0161 7.816 26.8865873414 9.8403
2016-11-29 02:59:47.401000 68256.425 3.499 48.825 33.718 50.977 4.07 3.6867 3.4919 20.2408 21.749 7.3368 4.6331 3.9174 9.1902 9.0235 7.816 28.1833312852 9.8462
2016-11-29 03:01:01.594000 68330.618 3.339 48.826 33.507 50.975 2.857 3.686 3.4904 20.24 21.7486 7.3392 4.633 3.9156 9.1942 9.0237 7.816 27.5274209049 9.8518
2016-11-29 03:02:15.215000 68404.239 3.337 48.83 33.556 50.979 4.068 3.6859 3.4907 20.2405 21.7483 7.3417 4.6325 3.9163 9.2026 9.0278 7.816 26.6410027027 9.8557
2016-11-29 03:03:29.556000 68478.58 3.541 48.825 33.204 50.977 4.07 3.6869 3.4924 20.2408 21.7484 7.3439 4.6327 3.9176 9.2054 9.0338 7.816 26.5182103834 9.861
2016-11-29 03:04:43.217000 68552.241 3.555 48.824 33.2 50.975 4.052 3.6874 3.4918 20.24 21.7484 7.3464 4.633 3.9174 9.2099 9.0371 7.816 26.1498334253 9.8655
2016-11-29 03:05:57.740000 68626.764 3.407 48.825 33.882 50.974 2.014 3.6878 3.4921 20.2405 21.7479 7.3488 4.633 3.9183 9.2135 9.0384 7.816 27.9155741777 9.8678
2016-11-29 03:07:11.421000 68700.445 3.411 48.823 33.878 50.975 2.978 3.6868 3.4921 20.2404 21.748 7.3512 4.6331 3.9175 9.2217 9.0413 7.816 28.0472764438 9.8729
2016-11-29 03:08:25.810000 68774.834 3.378 48.822 33.127 50.974 2.067 3.6869 3.491 20.2404 21.7481 7.3535 4.6332 3.9168 9.2247 9.045 7.816 26.5182103834 9.8823
2016-11-29 03:09:39.578000 68848.602 3.353 48.824 33.81 50.974 3.784 3.6877 3.4921 20.2407 21.7478 7.3559 4.6329 3.9174 9.2294 9.0499 7.816 26.2726257447 9.8832
2016-11-29 03:10:54.006000 68923.03 3.434 48.823 33.035 50.972 4.07 3.6871 3.4927 20.2409 21.7478 7.3582 4.633 3.9176 9.2361 9.0531 7.816 27.2686520563 9.8869
2016-11-29 03:12:07.665000 68996.689 3.429 48.821 33.038 50.974 4.065 3.6861 3.49 20.24 21.7476 7.3605 4.6327 3.9167 9.2378 9.0552 7.816 27.5274209049 9.8958
2016-11-29 03:13:22.179000 69071.203 3.489 48.825 33.79 50.974 2.622 3.6857 3.4905 20.2398 21.7469 7.3629 4.6323 3.916 9.2458 9.059 7.816 26.1498334253 9.8998
2016-11-29 03:14:35.977000 69145.001 3.51 48.825 33.15 50.974 2.732 3.6861 3.4913 20.2407 21.7475 7.3654 4.6324 3.9166 9.249 9.0626 7.816 26.1498334253 9.9036
2016-11-29 03:15:51.263000 69220.287 3.568 48.823 33.365 50.973 1.0 3.6867 3.4916 20.2406 21.7476 7.3672 4.6323 3.9172 9.2558 9.0658 7.816 27.3980364806 9.9112
2016-11-29 03:17:05.068000 69294.092 3.372 48.822 33.203 50.972 4.058 3.6865 3.4914 20.2407 21.7476 7.3701 4.6324 3.9175 9.2585 9.0691 7.816 27.6568053291 9.911
2016-11-29 03:18:19.593000 69368.617 3.51 48.821 33.715 50.97 1.564 3.6876 3.4932 20.2401 21.7479 7.3723 4.6326 3.9183 9.2613 9.0725 7.816 26.7637950221 9.9205
2016-11-29 03:19:33.535000 69442.559 3.463 48.82 33.074 50.968 1.303 3.688 3.4921 20.2407 21.7477 7.3747 4.6329 3.9182 9.2685 9.0744 7.816 26.027041106 9.9204
2016-11-29 03:20:47.296000 69516.32 3.538 48.821 33.2 50.97 4.07 3.6865 3.4919 20.2404 21.7478 7.3769 4.6329 3.9173 9.2712 9.0794 7.816 26.7637950221 9.9277
2016-11-29 03:22:01.857000 69590.881 3.405 48.821 33.885 50.971 4.067 3.6867 3.4917 20.2408 21.7477 7.3792 4.6328 3.9171 9.279 9.0813 7.816 27.1392676321 9.9323
2016-11-29 03:23:15.741000 69664.765 3.566 48.822 33.408 50.972 3.955 3.6873 3.4913 20.2406 21.747 7.3815 4.6326 3.9175 9.282 9.0865 7.816 27.5274209049 9.9399
2016-11-29 03:24:30.338000 69739.362 3.358 48.818 33.839 50.97 3.187 3.6859 3.4913 20.2406 21.7473 7.3838 4.6325 3.9164 9.2864 9.0879 7.815 27.3980364806 9.9454
2016-11-29 03:25:44.223000 69813.247 3.539 48.82 33.564 50.97 4.069 3.6856 3.4906 20.2404 21.7472 7.3861 4.6323 3.9161 9.291 9.0903 7.815 27.0098832078 9.9499
2016-11-29 03:26:58.866000 69887.89 3.34 48.819 33.712 50.969 4.069 3.6865 3.4911 20.2405 21.7471 7.3883 4.6322 3.9167 9.2962 9.0943 7.815 26.2726257447 9.9557
2016-11-29 03:28:12.730000 69961.754 3.509 48.818 33.722 50.966 4.07 3.6869 3.4915 20.2404 21.7467 7.3904 4.6323 3.9171 9.2993 9.097 7.815 26.395418064 9.96
2016-11-29 03:29:27.317000 70036.341 3.345 48.819 33.424 50.968 3.968 3.6867 3.4927 20.2406 21.7473 7.3926 4.6323 3.9169 9.3057 9.1022 7.815 27.2686520563 9.9642
2016-11-29 03:30:41.276000 70110.3 3.445 48.817 33.863 50.97 4.069 3.6863 3.4909 20.2405 21.7472 7.3948 4.6324 3.9168 9.3087 9.1054 7.815 27.2686520563 9.9659
2016-11-29 03:31:55.974000 70184.998 3.38 48.818 33.873 50.969 4.071 3.6872 3.4919 20.2407 21.7475 7.3969 4.6325 3.9181 9.311 9.1074 7.816 26.027041106 9.9715
2016-11-29 03:33:09.908000 70258.932 3.557 48.821 33.432 50.969 4.069 3.6869 3.4916 20.2405 21.7469 7.3991 4.6324 3.9165 9.3155 9.1109 7.815 26.2726257447 9.9748
2016-11-29 03:34:24.584000 70333.608 3.347 48.818 33.787 50.968 4.069 3.6868 3.4916 20.2404 21.7473 7.4011 4.6321 3.9166 9.3247 9.1128 7.815 26.395418064 9.9782
2016-11-29 03:35:38.548000 70407.572 3.534 48.82 33.598 50.966 4.068 3.685 3.4897 20.2403 21.7473 7.4034 4.632 3.9156 9.3243 9.1192 7.815 26.6410027027 9.9829
2016-11-29 03:36:53.246000 70482.27 3.339 48.82 33.625 50.967 4.022 3.6861 3.4916 20.2405 21.7476 7.4056 4.6317 3.9174 9.3344 9.1194 7.815 27.2686520563 9.9862
2016-11-29 03:38:07.267000 70556.291 3.48 48.815 33.741 50.966 4.057 3.6873 3.4929 20.2402 21.747 7.4075 4.6322 3.9178 9.3359 9.1217 7.816 28.1833312852 9.9956
2016-11-29 03:39:22.072000 70631.096 3.453 48.815 33.848 50.964 4.069 3.6872 3.4921 20.2406 21.747 7.4097 4.6323 3.918 9.3401 9.1252 7.816 27.9155741777 9.9997
2016-11-29 03:40:36.043000 70705.067 3.565 48.814 33.291 50.964 1.0 3.687 3.4925 20.2407 21.7491 7.4118 4.6324 3.9177 9.3432 9.1269 7.816 27.6568053291 10.0049
2016-11-29 03:41:50.900000 70779.924 3.54 48.815 33.566 50.963 3.619 3.6863 3.4921 20.2407 21.7485 7.4139 4.6323 3.917 9.3451 9.1267 7.815 26.1498334253 10.0108
2016-11-29 03:43:04.879000 70853.903 3.399 48.815 33.046 50.964 4.07 3.6873 3.4924 20.2405 21.7483 7.4161 4.6322 3.9179 9.352 9.1318 7.815 27.7861897534 10.0127
2016-11-29 03:44:18.959000 70927.983 3.341 48.814 33.77 50.961 4.07 3.6871 3.4916 20.2404 21.7475 7.418 4.6323 3.9177 9.3554 9.1335 7.815 27.7861897534 10.0173
2016-11-29 03:45:33.817000 71002.841 3.34 48.813 33.593 50.962 4.045 3.6877 3.4926 20.2404 21.7475 7.42 4.6322 3.918 9.3596 9.1377 7.815 27.3980364806 10.0202
2016-11-29 03:46:47.900000 71076.924 3.486 48.812 33.812 50.962 3.224 3.6859 3.4911 20.2405 21.7475 7.422 4.6321 3.9165 9.3636 9.1399 7.815 27.3980364806 10.0255
2016-11-29 03:48:02.738000 71151.762 3.415 48.816 33.889 50.963 4.067 3.6848 3.4898 20.2403 21.7474 7.424 4.6315 3.9152 9.3671 9.1419 7.814 26.7637950221 10.0254
2016-11-29 03:49:16.826000 71225.85 3.534 48.814 33.535 50.965 4.058 3.6844 3.4889 20.2399 21.7472 7.426 4.631 3.9154 9.372 9.1459 7.814 26.395418064 10.0362
2016-11-29 03:50:31.664000 71300.688 3.336 48.816 33.638 50.963 3.114 3.6847 3.4902 20.2399 21.7472 7.4281 4.6308 3.9158 9.3727 9.146 7.814 27.0098832078 10.0373
2016-11-29 03:51:45.819000 71374.843 3.532 48.814 33.14 50.962 4.067 3.6863 3.4912 20.2402 21.7468 7.43 4.6308 3.9165 9.3797 9.1507 7.814 27.6568053291 10.0405
2016-11-29 03:53:00.676000 71449.7 3.432 48.813 33.879 50.961 2.815 3.6867 3.4913 20.2405 21.7473 7.432 4.6309 3.9171 9.3822 9.1519 7.815 26.027041106 10.0442
2016-11-29 03:54:14.777000 71523.801 3.372 48.812 33.152 50.961 4.07 3.6859 3.4914 20.2404 21.7473 7.4338 4.6313 3.917 9.3859 9.1582 7.815 26.6410027027 10.0494
2016-11-29 03:55:29.760000 71598.784 3.399 48.81 33.054 50.962 4.069 3.6851 3.4909 20.2404 21.7486 7.4358 4.6314 3.9163 9.3896 9.1607 7.815 27.7861897534 10.0521
2016-11-29 03:56:43.940000 71672.964 3.336 48.812 33.666 50.962 2.275 3.6852 3.4904 20.2404 21.748 7.4376 4.631 3.9158 9.3925 9.1617 7.814 27.9155741777 10.0522
2016-11-29 03:57:58.925000 71747.949 3.349 48.812 33.394 50.96 4.068 3.6855 3.4905 20.2402 21.7478 7.4393 4.6307 3.916 9.3975 9.1638 7.814 26.027041106 10.062
2016-11-29 03:59:13.107000 71822.131 3.438 48.812 33.878 50.961 3.977 3.685 3.4894 20.2403 21.7472 7.4411 4.6304 3.9156 9.402 9.1682 7.814 27.3980364806 10.0633
2016-11-29 04:00:28.183000 71897.207 3.541 48.812 33.842 50.962 3.89 3.6848 3.4901 20.2403 21.7469 7.4431 4.6304 3.9159 9.406 9.1715 7.814 27.7861897534 10.0654
2016-11-29 04:01:42.428000 71971.452 3.406 48.812 33.03 50.957 3.94 3.6855 3.4919 20.2405 21.7475 7.4448 4.6304 3.9162 9.4083 9.1706 7.814 27.1392676321 10.071
2016-11-29 04:02:57.453000 72046.477 3.492 48.81 33.115 50.961 3.809 3.6852 3.4913 20.2403 21.747 7.4466 4.6304 3.916 9.4136 9.1748 7.814 26.395418064 10.0778
2016-11-29 04:04:11.762000 72120.786 3.46 48.809 33.848 50.959 4.069 3.6851 3.4903 20.2405 21.7471 7.4483 4.6304 3.9161 9.419 9.1764 7.814 26.7637950221 10.0796
2016-11-29 04:05:26.846000 72195.87 3.364 48.807 33.875 50.957 4.069 3.685 3.4903 20.2403 21.747 7.4501 4.6306 3.916 9.4186 9.1827 7.814 27.3980364806 10.0857
2016-11-29 04:06:41.164000 72270.188 3.402 48.812 33.55 50.959 4.039 3.6843 3.4895 20.2401 21.7468 7.4519 4.6305 3.9154 9.4233 9.1816 7.814 27.5274209049 10.0853
2016-11-29 04:07:56.476000 72345.5 3.487 48.812 33.063 50.959 4.035 3.684 3.4897 20.2401 21.7468 7.4536 4.63 3.9153 9.4281 9.1846 7.813 26.027041106 10.0898
2016-11-29 04:09:11.067000 72420.091 3.444 48.809 33.876 50.959 4.068 3.6845 3.4899 20.2401 21.7467 7.4554 4.6299 3.9154 9.4318 9.189 7.813 26.5182103834 10.0943
2016-11-29 04:10:26.246000 72495.27 3.515 48.81 33.682 50.956 1.0 3.6853 3.4912 20.2403 21.7469 7.4571 4.6301 3.9167 9.4327 9.1908 7.814 27.5274209049 10.1004
2016-11-29 04:11:41.060000 72570.084 3.339 48.807 33.576 50.956 4.069 3.6861 3.4914 20.2405 21.7469 7.459 4.6303 3.917 9.4399 9.1915 7.814 27.5274209049 10.0994
2016-11-29 04:12:56.327000 72645.351 3.358 48.809 33.833 50.955 4.069 3.6853 3.4904 20.2403 21.7468 7.4607 4.6305 3.9166 9.4427 9.1947 7.814 26.7637950221 10.1099
