#Human readable time. Time (s) since start. Lakeshore temperature sensor 218 T1,3,5,6,8 and 224 C2,C3,C4,C5,D2,D3,D5,A,B
2016-10-19 13:43:25.325000 0.0 3.327 49.622 33.824 51.938 4.106 7.5712 3.6161 3.878 5.2247 26.8358 5.5084 3.9524 6.7376 4.9253 7.966 -1 7.0522
2016-10-19 13:44:26.105000 60.78 3.552 49.623 34.122 51.938 4.105 7.7323 3.6257 3.8587 4.9661 26.862 5.5104 3.9508 6.7648 5.1939 7.965 4.54449756502 7.0815
2016-10-19 13:45:44.295000 138.97 3.384 49.623 34.109 51.94 4.106 7.9361 3.6363 3.8515 4.7636 20.8505 5.5127 3.952 6.798 5.5068 7.965 4.78589883247 7.1185
2016-10-19 13:46:44.685000 199.36 3.5 49.626 33.83 51.939 4.256 18.1824 3.6764 4.1136 4.8414 18.7763 5.5646 4.1381 6.827 5.8759 7.996 4.81804191078 7.1494
2016-10-19 13:47:45.105000 259.78 3.546 49.623 34.136 51.938 4.663 23.3695 3.9399 5.2698 5.7152 17.4631 5.8992 4.5879 6.8623 5.6784 8.162 4.61665692178 7.1854
2016-10-19 13:48:45.555000 320.23 3.832 49.63 33.868 51.947 4.964 27.9747 4.4252 6.6446 6.8945 16.5063 6.4168 4.9165 6.8968 5.644 8.339 4.64742817827 7.2247
2016-10-19 13:49:46.076000 380.751 3.836 49.638 33.443 51.954 5.196 32.1771 5.0539 8.0597 8.2347 15.7129 7.0202 5.1673 6.9398 5.7016 8.489 4.66281380651 7.272
2016-10-19 13:50:46.596000 441.271 3.739 49.655 33.588 51.97 5.376 35.0962 5.7429 9.386 9.5227 15.0013 7.6407 5.3666 6.9909 5.7905 8.627 4.73974194774 7.3293
2016-10-19 13:51:47.146000 501.821 4.012 49.673 34.097 51.985 5.525 37.5722 6.3764 10.5487 10.6688 14.3644 8.234 5.5281 7.0448 5.8772 8.744 4.88464890557 7.3985
2016-10-19 13:52:47.776000 562.451 4.167 49.69 33.738 52.003 5.651 39.7708 6.6669 11.5379 11.6411 13.7808 8.7846 5.6656 7.1078 5.9506 8.842 4.83469365948 7.4764
2016-10-19 13:53:48.416000 623.091 3.973 49.711 33.542 52.023 5.773 41.7231 6.2046 12.4038 12.3533 13.2591 9.2846 5.7987 7.1744 6.0211 8.932 4.93460415167 7.5683
2016-10-19 13:54:49.096000 683.771 3.913 49.737 33.914 52.047 5.893 43.477 6.0733 13.1621 13.1616 12.7948 9.7248 5.9309 7.2298 6.086 9.017 4.96790764906 7.6673
2016-10-19 13:55:49.786000 744.461 4.319 49.758 34.007 52.067 6.011 45.0714 6.1695 13.8239 13.9094 12.3839 10.115 6.0649 7.2895 6.1523 9.102 4.95125590036 7.7779
2016-10-19 13:56:50.546000 805.221 4.37 49.78 33.813 52.089 6.038 46.5025 6.3104 14.4 14.544 12.0307 10.452 6.2071 7.3469 6.2304 9.19 4.93460415167 7.8987
2016-10-19 13:57:51.336000 866.011 4.027 49.806 34.347 52.113 6.174 47.2233 6.3375 14.8351 15.021 11.6807 10.6449 6.2287 7.4013 6.1945 9.246 5.16296873083 8.0249
2016-10-19 13:58:52.146000 926.821 4.255 49.833 34.433 52.136 6.147 47.406 6.2954 14.9282 15.2251 11.2954 10.6583 6.1947 7.4397 6.1259 9.258 4.98455939776 8.1439
2016-10-19 13:59:53.006000 987.681 4.05 49.859 33.75 52.163 6.066 47.6737 6.1846 14.7099 15.1698 10.9018 10.5642 6.1036 7.473 6.0326 9.233 5.25683745841 8.2543
2016-10-19 14:00:53.876000 1048.551 4.112 49.885 34.472 52.185 5.949 48.0775 6.0387 14.2968 14.931 10.5147 10.4094 5.974 7.4958 5.9118 9.177 5.1270437863 8.369
2016-10-19 14:01:54.787000 1109.462 3.955 49.904 34.092 52.208 5.823 48.56 5.8832 13.7864 14.5898 10.1415 10.2158 5.8364 7.5178 5.7659 9.102 5.1270437863 8.4745
2016-10-19 14:02:55.757000 1170.432 3.857 49.921 33.894 52.224 5.706 49.0598 5.7479 13.2656 14.1945 9.771 9.9962 5.7098 7.5328 5.6279 9.024 5.09111884178 8.5726
2016-10-19 14:03:56.737000 1231.412 4.074 49.936 34.262 52.234 5.606 49.5595 5.6432 12.7705 13.7886 9.4151 9.7693 5.6017 7.5464 5.4979 8.951 5.41245100237 8.6701
2016-10-19 14:04:57.797000 1292.472 3.795 49.943 33.851 52.247 5.522 50.0504 5.5762 12.3308 13.4006 9.0751 9.5476 5.5117 7.5571 5.3871 8.888 5.1270437863 8.7565
2016-10-19 14:05:58.887000 1353.562 3.971 49.954 34.321 52.254 5.452 50.5345 5.5447 11.9453 13.0392 8.7586 9.3379 5.4374 7.5683 5.2896 8.834 5.18093120309 8.8369
2016-10-19 14:06:59.977000 1414.652 3.732 49.959 34.418 52.261 5.363 50.7192 5.5014 11.5806 12.6886 8.439 9.102 5.3397 7.577 5.1577 8.779 5.29552332977 8.9137
2016-10-19 14:08:01.097000 1475.772 3.93 49.961 33.762 52.266 4.857 50.5584 5.4823 11.1092 12.2639 8.1051 8.8234 5.2243 7.583 5.0432 8.715 5.18093120309 8.9807
2016-10-19 14:09:02.267000 1536.942 3.641 49.966 34.325 52.268 5.176 50.3524 5.5389 10.5369 11.7611 7.7793 8.5272 5.1332 7.5863 4.941 8.653 5.57882012825 9.0402
2016-10-19 14:10:03.467000 1598.142 3.612 49.966 33.686 52.271 5.096 50.1228 5.6512 9.9182 11.2076 7.47 8.2323 5.047 7.59 4.8424 8.599 5.25683745841 9.0956
2016-10-19 14:11:04.687000 1659.362 3.822 49.965 34.127 52.27 4.991 49.9054 5.7808 9.2811 10.625 7.1843 7.9545 4.9655 7.5917 4.7481 8.549 5.53722784678 9.1434
2016-10-19 14:12:05.977000 1720.652 3.665 49.963 33.899 52.268 4.95 49.6858 5.8928 8.6702 10.0317 6.9201 7.6955 4.8892 7.5952 4.656 8.502 5.29552332977 9.1843
2016-10-19 14:13:07.288000 1781.963 3.767 49.959 33.623 52.267 4.919 49.8069 6.0015 8.1688 9.4874 6.6981 7.4847 4.8568 7.5943 4.6137 8.472 5.47483942457 9.2291
2016-10-19 14:14:08.608000 1843.283 3.765 49.955 34.242 52.262 4.854 50.3088 6.1115 7.9695 9.1624 6.5273 7.3399 4.8354 7.5977 4.5903 8.455 5.33420920113 9.2685
2016-10-19 14:15:09.958000 1904.633 3.545 49.952 33.895 52.259 4.88 50.8917 6.2231 8.02 9.0584 6.3981 7.2507 4.8151 7.5981 4.5723 8.442 5.53722784678 9.3113
2016-10-19 14:16:11.368000 1966.043 3.715 49.945 33.567 52.255 4.829 51.2612 27.646 8.1327 9.0658 6.2826 7.1745 4.8551 7.1028 4.5731 8.445 5.47483942457 9.3499
2016-10-19 14:17:12.818000 2027.493 3.809 49.942 33.925 52.251 4.94 51.3982 35.9986 8.0867 8.9904 6.1997 7.1126 4.8839 5.7935 4.5893 8.46 5.31486626545 9.3656
2016-10-19 14:18:14.318000 2088.993 3.685 49.936 34.301 52.248 4.938 51.4501 41.343 7.9247 8.8429 6.168 7.0928 4.8803 5.2415 4.589 8.466 5.53722784678 9.3684
2016-10-19 14:19:15.808000 2150.483 3.551 49.935 34.198 52.246 4.917 51.4416 46.1583 7.7387 8.6839 6.1834 7.1223 4.8584 4.9864 4.5716 8.461 5.23749452273 9.3615
2016-10-19 14:20:17.368000 2212.043 3.558 49.936 33.855 52.248 4.888 51.3908 50.6221 7.5769 8.5533 6.238 7.1968 4.8267 4.8338 4.5442 8.448 5.37289507248 9.3672
2016-10-19 14:21:18.968000 2273.643 3.646 49.931 33.517 52.243 4.827 51.2932 52.5043 7.429 8.4368 6.2461 7.2385 4.759 4.6639 4.4965 8.422 5.39223800816 9.3583
2016-10-19 14:22:20.608000 2335.283 3.728 49.931 34.053 52.244 4.76 51.1756 52.6697 7.225 8.2671 6.1872 7.1975 4.7039 4.5754 4.45 8.393 5.29552332977 9.3524
2016-10-19 14:23:22.278000 2396.953 3.757 49.925 33.777 52.239 4.733 51.072 52.5101 6.9701 8.038 6.1034 7.1077 4.6558 4.5181 4.4093 8.366 5.55802398752 9.3423
2016-10-19 14:24:23.978000 2458.653 3.673 49.921 34.146 52.234 4.702 50.9748 52.2906 6.7054 7.7792 6.0114 6.9946 4.6218 4.4728 4.3696 8.345 5.49563556531 9.3316
2016-10-19 14:25:25.719000 2520.394 3.69 49.916 34.204 52.23 4.674 50.8776 52.0765 6.4537 7.5126 5.9143 6.8762 4.5912 4.4303 4.3358 8.327 5.41245100237 9.3187
2016-10-19 14:26:27.479000 2582.154 3.567 49.912 34.272 52.224 4.648 50.7884 51.8565 6.2263 7.2519 5.8191 6.7583 4.5625 4.3927 4.3041 8.311 5.31486626545 9.3019
2016-10-19 14:27:29.299000 2643.974 3.621 49.903 34.207 52.219 4.624 50.7123 51.6368 6.0253 7.0059 5.7283 6.6484 4.5366 4.3587 4.2745 8.296 5.53722784678 9.2858
2016-10-19 14:28:31.119000 2705.794 3.474 49.899 34.219 52.216 4.603 50.6366 51.4183 5.839 6.7811 5.6434 6.5471 4.5136 4.3276 4.248 8.283 5.55802398752 9.2655
2016-10-19 14:29:32.969000 2767.644 3.484 49.895 34.246 52.211 4.585 50.5663 51.1926 5.6716 6.5797 5.5662 6.4573 4.4929 4.2997 4.2217 8.271 5.23749452273 9.2483
2016-10-19 14:30:34.859000 2829.534 3.57 49.89 34.314 52.207 4.548 50.4976 50.9838 5.5249 6.4012 5.4973 6.3773 4.4739 4.2731 4.1973 8.26 5.47483942457 9.2279
2016-10-19 14:31:36.789000 2891.464 3.614 49.883 34.022 52.202 4.553 50.4364 50.7671 5.3972 6.2454 5.4356 6.3077 4.4577 4.2511 4.1752 8.25 5.29552332977 9.2103
2016-10-19 14:32:38.779000 2953.454 3.45 49.878 34.206 52.195 4.539 50.3745 50.5444 5.2828 6.1077 5.3807 6.2469 4.4417 4.2286 4.1543 8.241 5.37289507248 9.1934
2016-10-19 14:33:40.769000 3015.444 3.506 49.876 34.249 52.193 4.525 50.3182 50.3377 5.1846 5.984 5.3318 6.1937 4.4271 4.206 4.1337 8.233 5.49563556531 9.1759
2016-10-19 14:34:42.769000 3077.444 3.572 49.869 34.201 52.188 4.513 50.2609 50.1213 5.0992 5.8717 5.2889 6.1479 4.4138 4.1873 4.1159 8.225 5.29552332977 9.1567
2016-10-19 14:35:44.789000 3139.464 4.273 49.867 33.896 52.186 6.421 49.2803 49.9164 17.6554 6.2641 5.2612 6.2244 6.6412 4.2749 4.2053 8.647 5.37289507248 9.1364
2016-10-19 14:36:46.839000 3201.514 5.59 49.85 33.774 52.17 8.445 44.5671 49.6827 21.2847 7.9578 5.3471 7.0808 8.7285 4.2741 4.1297 10.115 5.4332471431 9.1173
2016-10-19 14:37:48.970000 3263.645 5.16 49.871 34.389 52.2 8.731 41.2526 49.8202 23.4914 8.7405 5.3898 7.7808 8.9993 4.2146 4.0321 10.796 5.41245100237 9.1007
2016-10-19 14:38:51.110000 3325.785 5.112 49.982 34.91 52.302 8.66 38.6813 50.1105 24.9376 9.0538 5.3838 8.2319 8.9067 4.1031 3.9109 11.031 5.33420920113 9.0823
2016-10-19 14:39:53.280000 3387.955 5.13 50.1 35.116 52.406 8.481 36.3189 50.413 26.1098 9.139 5.3487 8.5052 8.7061 3.9683 3.7788 11.048 5.14500625857 9.0644
2016-10-19 14:40:55.500000 3450.175 5.55 50.197 34.554 52.493 8.274 34.0382 50.3485 26.9214 9.0955 5.2898 8.6583 8.4606 3.7989 3.6291 10.959 5.16296873083 9.0452
2016-10-19 14:41:57.730000 3512.405 5.207 50.277 34.407 52.567 8.043 31.7104 50.0886 27.4767 8.9689 5.2113 8.7222 8.2113 3.6323 3.4627 10.817 5.19889367535 9.0246
2016-10-19 14:42:59.990000 3574.665 4.739 50.341 34.973 52.626 7.798 29.1263 49.7862 27.8402 8.7896 5.1158 8.7217 7.9489 3.45 3.2847 10.647 5.1270437863 8.9953
2016-10-19 14:44:02.300000 3636.975 4.726 50.394 35.152 52.681 7.549 26.5263 49.47 28.1263 8.5759 5.0095 8.6732 7.6814 3.2495 3.0981 10.468 5.47483942457 8.9729
2016-10-19 14:45:04.650000 3699.325 4.992 50.437 34.397 52.722 7.324 24.2955 49.4519 28.4086 8.3475 4.8948 8.5898 7.4321 3.0291 2.9223 10.301 5.27618039409 8.9488
2016-10-19 14:46:07.060000 3761.735 4.435 50.472 34.587 52.758 7.097 22.5298 49.6113 28.582 8.1071 4.7771 8.4802 7.1895 2.8864 2.7511 10.133 5.23749452273 8.9236
2016-10-19 14:47:09.500000 3824.175 4.596 50.501 34.945 52.787 6.879 21.106 49.7632 28.6904 7.8685 4.6568 8.3547 6.9564 2.7155 2.5826 9.97 5.39223800816 8.8927
2016-10-19 14:48:11.950000 3886.625 4.361 50.53 34.743 52.814 6.67 19.8275 49.9592 28.7411 7.6347 4.5491 8.2149 6.7316 2.5767 2.4029 9.811 5.18093120309 8.8648
2016-10-19 14:49:14.411000 3949.086 4.206 50.552 34.294 52.837 6.476 18.655 50.1812 28.7512 7.4093 4.4831 8.0691 6.5224 2.431 2.2288 9.659 5.41245100237 8.8377
2016-10-19 14:50:16.911000 4011.586 4.195 50.566 34.939 52.85 6.303 17.7633 50.3955 28.7532 7.1982 4.4116 7.9199 6.3376 2.2723 2.1033 9.517 5.31486626545 8.8104
2016-10-19 14:51:19.471000 4074.146 4.015 50.573 34.218 52.86 6.153 16.8971 50.2639 28.7339 7.0107 4.3076 7.7739 6.1764 2.1269 1.988 9.405 5.25683745841 8.7847
2016-10-19 14:52:22.101000 4136.776 4.217 50.579 34.756 52.865 6.007 15.9799 49.9444 28.6971 6.8297 4.1835 7.6303 6.0191 1.989 1.8562 9.302 5.37289507248 8.7562
2016-10-19 14:53:24.741000 4199.416 3.99 50.579 34.054 52.869 5.86 15.0248 49.5976 28.6481 6.6557 4.0691 7.4914 5.8619 1.8407 1.7141 9.202 5.10908131404 8.729
2016-10-19 14:54:27.391000 4262.066 3.823 50.576 34.656 52.866 5.714 14.0436 49.668 28.5892 6.4892 3.9618 7.3551 5.7044 1.6892 1.5656 9.103 5.39223800816 8.7011
2016-10-19 14:55:30.151000 4324.826 3.846 50.568 33.997 52.863 5.566 13.0818 49.9535 28.517 6.3317 3.8587 7.2205 5.5457 1.5256 1.4177 9.002 5.19889367535 8.6759
2016-10-19 14:56:32.881000 4387.556 3.74 50.561 34.717 52.856 5.333 12.1279 50.2877 28.4417 6.1834 21.1695 7.0895 5.3871 1.3861 1.2795 8.902 5.25683745841 8.6454
2016-10-19 14:57:35.661000 4450.336 3.679 50.55 34.153 52.846 5.274 11.1854 50.6501 28.3505 6.0402 25.883 6.9596 5.233 1.2795 1.1524 8.802 5.27618039409 8.6166
2016-10-19 14:58:38.541000 4513.216 3.882 50.532 34.633 52.832 5.134 10.3035 50.6136 28.2727 5.8956 29.1752 6.8333 5.0791 1.175 1.056 8.707 5.21815158705 8.5888
2016-10-19 14:59:41.391000 4576.066 3.573 50.512 34.126 52.817 4.983 9.4158 50.4428 28.1873 5.7406 31.1756 6.7081 4.9177 1.3329 1.1318 8.61 5.10908131404 1.4827
2016-10-19 15:00:44.312000 4638.987 3.757 50.495 33.94 52.801 4.887 8.7016 50.1644 28.1203 5.6062 32.5993 6.5902 4.8137 1.2414 1.1076 8.534 5.21815158705 1.3236
2016-10-19 15:01:47.282000 4701.957 3.657 50.474 34.52 52.783 4.787 7.9794 49.9013 28.0526 5.4837 29.3397 6.4832 4.7077 1.1863 1.0854 8.469 4.83469365948 1.2604
2016-10-19 15:02:50.262000 4764.937 3.467 50.45 34.227 52.759 4.553 7.3377 49.6449 27.9934 5.369 27.6814 6.3836 4.6105 1.1531 1.0718 8.413 4.77051320422 1.2204
2016-10-19 15:03:53.282000 4827.957 3.579 50.427 33.742 52.741 4.529 6.8352 49.8185 27.9642 5.2716 27.0257 6.2941 4.5344 1.134 1.0642 8.365 4.51616099446 1.1985
2016-10-19 15:04:56.302000 4890.977 3.628 50.403 34.285 52.717 4.575 6.4715 50.2031 27.9406 5.2016 26.7387 6.216 4.4796 1.1217 1.0589 8.328 4.57283413558 1.1834
2016-10-19 15:05:59.372000 4954.047 3.433 50.381 34.376 52.696 4.538 6.2129 50.5926 27.9236 5.1516 26.6149 6.1501 4.4398 1.1131 1.0551 8.299 4.20759729212 1.172
2016-10-19 15:07:02.472000 5017.147 3.451 50.359 33.729 52.674 4.51 6.0229 50.5779 27.9129 5.1125 26.5612 6.0945 4.4095 1.1052 1.0514 8.279 4.12375501158 1.1614
2016-10-19 15:08:05.612000 5080.287 3.447 50.334 33.927 52.651 4.488 5.8708 50.3536 27.9028 5.0733 26.5442 6.0466 4.3849 1.0993 1.0488 8.262 3.96024267244 1.1533
2016-10-19 15:09:08.772000 5143.447 3.591 50.312 34.22 52.63 4.47 5.7506 50.0979 27.8957 5.0381 26.5415 6.0051 4.3662 1.0944 1.0467 8.248 3.66990998358 1.1464
2016-10-19 15:10:11.992000 5206.667 3.408 50.291 34.239 52.613 4.456 5.6562 49.847 27.8971 5.0081 26.5467 5.9681 4.3508 1.0903 1.0449 8.238 3.62214265489 1.1405
2016-10-19 15:11:15.222000 5269.897 3.404 50.269 33.609 52.593 4.444 5.5808 49.5976 27.893 4.9823 26.5521 5.9357 4.3381 1.0868 1.0434 8.229 3.36742490844 1.1353
2016-10-19 15:12:18.502000 5333.177 3.46 50.25 33.569 52.572 4.439 5.5243 49.782 27.8926 4.9651 26.5616 5.909 4.3324 1.0855 1.0431 8.222 3.42568378604 1.1327
2016-10-19 15:13:21.843000 5396.518 3.453 50.231 33.668 52.559 4.438 5.4816 50.1692 27.8926 4.9626 26.5719 5.8878 4.3306 1.0836 1.0422 8.218 3.35930102088 1.1296
2016-10-19 15:14:25.263000 5459.938 3.448 50.213 33.892 52.54 4.438 5.4475 50.5653 27.894 4.967 26.5778 5.8712 4.3307 1.0816 1.0414 8.216 3.1735536938 1.127
2016-10-19 15:15:28.683000 5523.358 3.644 50.197 33.838 52.522 4.436 5.4158 50.5558 27.8923 4.9688 26.5883 5.8568 4.328 1.0784 1.0399 8.214 2.96117411336 1.1235
2016-10-19 15:16:32.123000 5586.798 3.634 50.179 33.911 52.506 4.431 5.3861 50.3266 27.8926 4.9605 26.5936 5.8427 4.3223 1.0764 1.0391 8.211 2.95480424798 1.121
2016-10-19 15:17:35.573000 5650.248 3.638 50.164 33.868 52.492 4.426 5.3607 50.0761 27.8877 4.9491 26.602 5.829 4.317 1.0749 1.0384 8.207 2.80825132869 1.1191
2016-10-19 15:18:39.123000 5713.798 3.627 50.149 33.912 52.479 4.421 5.3375 49.8193 27.892 4.9372 26.607 5.8158 4.3118 1.0735 1.0377 8.203 2.81421045647 1.1175
2016-10-19 15:19:42.623000 5777.298 3.625 50.135 33.866 52.465 4.418 5.3186 49.57 27.8898 4.9259 26.614 5.804 4.3084 1.0725 1.0373 8.2 2.69672454628 1.1162
2016-10-19 15:20:46.183000 5840.858 3.631 50.12 33.841 52.452 4.417 5.3067 49.7534 27.892 4.9204 26.6187 5.7933 4.3076 1.0733 1.0378 8.197 2.71316316652 1.1167
2016-10-19 15:21:49.803000 5904.478 3.445 50.109 33.845 52.44 4.42 5.2998 50.1443 27.8904 4.926 26.6291 5.7857 4.3103 1.0733 1.0378 8.196 2.72428515282 1.1164
2016-10-19 15:22:53.463000 5968.138 3.458 50.099 33.465 52.427 4.422 5.2938 50.5423 27.888 4.9367 26.6313 5.7802 4.3133 1.073 1.0377 8.196 2.69672454628 1.116
2016-10-19 15:23:57.103000 6031.778 3.461 50.087 33.464 52.418 4.422 5.2855 50.5225 27.8923 4.9441 26.6406 5.7752 4.313 1.0714 1.037 8.196 2.60357585649 1.1144
2016-10-19 15:25:00.804000 6095.479 3.404 50.076 33.473 52.407 4.42 5.2756 50.2977 27.8933 4.9398 26.6428 5.7687 4.3101 1.0707 1.0367 8.194 2.62945049254 1.1136
2016-10-19 15:26:04.554000 6159.229 3.405 50.067 34.048 52.398 4.419 5.275 50.0504 27.8926 17.0108 26.6434 5.7619 4.3155 1.0703 1.0366 8.192 2.564896738 1.1131
2016-10-19 15:27:08.324000 6222.999 5.01 50.048 34.043 52.378 7.46 7.7816 27.5858 28.498 19.6327 26.6535 6.5905 7.5697 0.9683 1.0088 9.692 2.61392571091 1.0191
2016-10-19 15:28:12.134000 6286.809 4.351 50.054 34.644 52.396 6.04 6.73 12.7561 28.2884 21.1873 26.6414 6.8637 6.0133 0.5474 0.9921 9.514 2.56969948052 0.6254
2016-10-19 15:29:15.994000 6350.669 3.745 50.139 33.852 52.467 4.983 5.8931 6.3397 28.0518 22.0156 26.5408 6.7025 4.896 0.4185 0.999 8.917 2.53608028286 0.512
2016-10-19 15:30:19.844000 6414.519 3.463 50.166 33.651 52.483 4.611 5.5096 5.1393 27.9661 22.7518 26.2986 6.4607 4.5003 0.3983 1.0006 8.513 2.55529125295 0.494
2016-10-19 15:31:23.754000 6478.429 3.416 50.15 33.836 52.471 4.459 5.293 4.7802 27.9286 23.3867 26.0384 6.2534 4.3402 0.3911 1.0006 8.322 2.52167205529 0.4873
2016-10-19 15:32:27.694000 6542.369 3.49 50.131 34.303 52.456 4.38 5.155 4.6307 27.9056 23.8905 25.8786 6.0906 4.2599 0.3879 1.0003 8.225 2.51206657025 0.4842
2016-10-19 15:33:31.664000 6606.339 3.606 50.116 33.752 52.443 4.337 5.0603 4.5552 27.893 24.3609 25.7754 5.9675 4.2167 0.3861 1.0002 8.174 2.46672368074 0.4824
2016-10-19 15:34:35.684000 6670.359 3.393 50.1 33.681 52.43 4.313 4.9958 4.5116 27.881 24.7336 30.8559 5.8741 4.1916 0.3849 1.0002 8.147 2.50726382772 0.4814
2016-10-19 15:35:39.734000 6734.409 3.373 50.089 34.167 52.42 4.299 4.9487 4.4835 27.8744 24.998 22.8045 5.8071 4.176 0.3839 1.0004 8.131 2.5024610852 0.4803
2016-10-19 15:36:43.825000 6798.5 3.548 50.076 33.994 52.406 4.291 4.9121 4.4595 27.8681 25.3254 19.2191 5.758 4.1652 0.3827 0.9994 8.122 2.48450052098 0.4788
2016-10-19 15:37:47.945000 6862.62 3.364 50.064 33.451 52.397 4.285 4.8817 4.4373 27.8634 25.5738 17.2408 5.7218 4.1582 0.3816 0.9982 8.116 2.5024610852 0.4775
2016-10-19 15:38:52.135000 6926.81 3.489 50.054 34.217 52.386 4.281 4.8561 4.4201 27.8607 25.7702 16.1242 5.6952 4.1536 0.3808 0.9972 8.112 2.4489468405 0.4766
2016-10-19 15:39:56.315000 6990.99 3.591 50.042 33.639 52.375 4.279 4.8361 4.4063 27.8594 25.9233 15.4628 5.675 4.1498 0.3801 0.9965 8.109 2.48894473105 0.4759
2016-10-19 15:41:00.535000 7055.21 3.395 50.03 34.216 52.363 4.275 4.8182 4.3941 27.8517 26.061 14.9991 5.659 4.1465 0.3796 0.9961 8.106 2.42228158013 0.4754
2016-10-19 15:42:04.785000 7119.46 3.565 50.022 33.931 52.356 4.274 4.8038 4.3861 27.8566 26.1905 14.5864 5.6463 4.1441 0.3792 0.9956 8.104 2.4711678908 0.4754
2016-10-19 15:43:09.095000 7183.77 3.366 50.011 33.48 52.346 4.259 4.5529 4.3601 27.836 26.2933 14.0817 5.6359 4.1258 0.379 1.2257 8.099 2.43117000026 0.4758
2016-10-19 15:44:13.525000 7248.2 3.43 50.004 34.217 52.338 4.247 4.4523 4.3405 27.833 26.379 13.4602 5.6245 4.1111 0.3787 1.323 8.091 2.45339105056 0.4766
2016-10-19 15:45:17.905000 7312.58 3.399 49.995 33.497 52.329 4.241 4.416 4.3271 27.8338 26.445 12.7631 5.6122 4.1037 0.3784 1.3792 8.085 2.42228158013 0.4776
2016-10-19 15:46:22.345000 7377.02 3.52 49.986 34.03 52.321 4.238 4.4075 4.3173 27.8362 26.5098 12.0187 5.6014 4.0996 0.3779 1.4137 8.081 2.48450052098 0.4794
2016-10-19 15:47:26.765000 7441.44 3.359 49.978 33.8 52.314 4.237 4.413 4.3097 27.836 26.555 11.2738 5.5918 4.0988 0.3775 1.4367 8.079 2.44005842038 0.4822
2016-10-19 15:48:31.296000 7505.971 3.578 49.971 33.754 52.308 4.237 4.4233 4.3032 27.8391 26.6018 10.5155 5.584 4.0983 0.3771 1.4532 8.078 2.4711678908 0.4872
2016-10-19 15:49:35.856000 7570.531 3.364 49.966 34.126 52.3 4.237 4.4363 4.2982 27.8398 26.6307 9.7745 5.5777 4.0991 0.3767 1.4638 8.077 2.55048851043 0.4943
2016-10-19 15:50:40.426000 7635.101 3.441 49.956 33.37 52.292 4.237 4.4478 4.2937 27.8402 26.6646 9.0534 5.5723 4.0994 0.3764 1.471 8.076 2.52167205529 0.5035
2016-10-19 15:51:45.036000 7699.711 3.483 49.95 34.171 52.286 4.238 4.4587 4.2902 27.8377 26.6849 8.3685 5.5678 4.0995 0.3763 1.4762 8.076 2.54088302538 0.5126
2016-10-19 15:52:49.676000 7764.351 3.408 49.944 33.611 52.279 4.238 4.4678 4.2873 27.8418 26.7101 7.7203 5.5639 4.0999 0.3761 1.4797 8.075 2.59851593565 0.5225
2016-10-19 15:53:54.356000 7829.031 3.402 49.938 33.424 52.275 4.239 4.4762 4.2857 27.8383 26.7269 7.1135 5.5607 4.1016 0.376 1.4823 8.075 2.56009399547 0.5323
2016-10-19 15:54:59.056000 7893.731 3.542 49.933 33.973 52.268 4.24 4.4824 4.2837 27.8454 26.7414 6.5698 5.5577 4.1018 0.3759 1.4838 8.075 2.63980034696 0.5418
2016-10-19 15:56:03.786000 7958.461 3.473 49.929 34.15 52.265 4.24 4.4878 4.2815 27.8436 26.7537 6.0995 5.555 4.1026 0.3758 1.4848 8.075 2.58410770809 0.5523
2016-10-19 15:57:08.596000 8023.271 3.38 49.925 33.57 52.258 4.239 4.491 4.2791 27.8443 26.7604 5.6668 5.5524 4.1021 0.3757 1.4854 8.074 2.6087507837 0.5637
2016-10-19 15:58:13.416000 8088.091 3.417 49.92 33.37 52.257 4.239 4.4925 4.2765 27.8446 26.7729 5.2758 5.5498 4.1017 0.3756 1.4857 8.073 2.6087507837 0.5759
2016-10-19 15:59:18.316000 8152.991 3.509 49.915 33.406 52.252 4.24 4.4947 4.2743 27.8391 26.7799 4.9379 5.5475 4.1022 0.3756 1.486 8.073 2.69154961907 0.588
2016-10-19 16:00:23.207000 8217.882 3.475 49.914 34.161 52.248 4.24 4.4956 4.2719 27.8451 26.7865 4.6454 5.5452 4.102 0.3755 1.4861 8.072 2.61910063812 0.6001
2016-10-19 16:01:28.117000 8282.792 3.4 49.909 34.172 52.243 4.239 4.4961 4.2688 27.8451 26.7905 4.3995 5.5431 4.1015 0.3754 1.4861 8.072 2.69672454628 0.6122
2016-10-19 16:02:33.067000 8347.742 3.362 49.905 34.072 52.241 4.239 4.4959 4.2662 27.8387 26.7921 4.1955 5.541 4.1007 0.3753 1.4861 8.071 2.67084991023 0.627
2016-10-19 16:03:38.087000 8412.762 3.358 49.904 33.859 52.238 4.238 4.4954 4.264 27.843 26.7999 4.0294 5.5389 4.1007 0.3752 1.4858 8.07 2.58410770809 0.6433
2016-10-19 16:04:43.107000 8477.782 3.372 49.898 33.704 52.235 4.239 4.4949 4.2609 27.8433 26.8018 3.8965 5.5371 4.1012 0.3751 1.4857 8.07 2.63980034696 0.6602
2016-10-19 16:05:48.167000 8542.842 3.39 49.896 33.494 52.231 4.239 4.4946 4.2584 27.8381 26.805 3.7913 5.5354 4.1008 0.375 1.4857 8.069 2.6605000558 0.6775
2016-10-19 16:06:53.287000 8607.962 3.357 49.892 33.955 52.227 4.238 4.494 4.2562 27.8443 26.8076 3.7099 5.5337 4.1003 0.375 1.4854 8.069 2.71872415967 0.6959
2016-10-19 16:07:58.447000 8673.122 3.395 49.892 33.574 52.227 4.238 4.4923 4.2533 27.8446 26.8087 3.6467 5.5321 4.1002 0.3749 1.4853 8.068 2.68637469186 0.7158
2016-10-19 16:09:03.627000 8738.302 3.428 49.888 33.427 52.225 4.238 4.4914 4.2499 27.8377 26.8103 3.5992 5.5305 4.0997 0.3748 1.4851 8.068 2.71872415967 0.735
2016-10-19 16:10:08.827000 8803.502 3.365 49.885 33.74 52.217 4.238 4.4909 4.248 27.8418 26.8087 3.5614 5.5291 4.0996 0.3747 1.485 8.068 2.69154961907 0.7542
2016-10-19 16:11:14.087000 8868.762 3.415 49.882 33.374 52.215 4.238 4.4896 4.2461 27.8402 26.8137 3.5327 5.5276 4.0995 0.3747 1.4849 8.067 2.72428515282 0.7742
2016-10-19 16:12:19.388000 8934.063 3.358 49.878 33.873 52.214 4.237 4.4878 4.2427 27.8425 26.8147 3.5111 5.5262 4.0985 0.3746 1.4847 8.066 2.71872415967 0.7958
2016-10-19 16:13:24.738000 8999.413 3.376 49.876 33.593 52.212 4.236 4.4868 4.2395 27.8422 26.8146 3.4947 5.5247 4.0974 0.3746 1.4845 8.066 2.74652912542 0.8161
2016-10-19 16:14:30.088000 9064.763 3.361 49.876 34.084 52.209 4.236 4.4856 4.2378 27.8414 26.8115 3.4819 5.5232 4.097 0.3746 1.4846 8.065 2.68637469186 0.8356
2016-10-19 16:15:35.438000 9130.113 3.489 49.875 34.146 52.209 4.234 4.4839 4.2341 27.8425 26.817 3.4721 5.5213 4.0953 0.3745 1.4847 8.064 2.76321210487 0.8547
2016-10-19 16:16:40.848000 9195.523 3.586 49.874 34.161 52.207 4.235 4.4831 4.2325 27.8411 26.817 3.4645 5.5202 4.0958 0.3745 1.4846 8.064 2.77433409117 0.8748
2016-10-19 16:17:46.268000 9260.943 3.559 49.869 33.873 52.202 4.235 4.4822 4.2307 27.843 26.8188 3.4586 5.5189 4.0958 0.3744 1.4846 8.063 2.70760217337 0.8939
2016-10-19 16:18:51.748000 9326.423 3.589 49.867 33.631 52.202 4.235 4.4815 4.2281 27.8402 26.8175 3.454 5.5178 4.0957 0.3744 1.4846 8.063 2.71316316652 0.9124
2016-10-19 16:19:57.258000 9391.933 3.418 49.864 33.355 52.2 4.234 4.4807 4.2262 27.836 26.8173 3.4502 5.5166 4.095 0.3744 1.4845 8.062 2.77989508432 0.9302
2016-10-19 16:21:02.798000 9457.473 3.36 49.864 33.804 52.199 4.234 4.4802 4.2246 27.8422 26.8139 3.4474 5.5156 4.0942 0.3743 1.4845 8.062 2.79657806377 0.9499
2016-10-19 16:22:08.398000 9523.073 3.569 49.864 34.146 52.197 4.233 4.4791 4.2222 27.8414 26.8179 3.4447 5.5144 4.0942 0.3743 1.4845 8.062 2.84400609537 0.9697
2016-10-19 16:23:13.998000 9588.673 3.488 49.862 33.36 52.196 4.234 4.4782 4.2207 27.8414 26.8192 3.4423 5.5132 4.0944 0.3743 1.4845 8.061 2.79657806377 0.9913
2016-10-19 16:24:19.649000 9654.324 3.384 49.861 33.518 52.195 4.233 4.4772 4.218 27.8398 26.8188 3.4408 5.5123 4.0935 0.3743 1.4845 8.061 2.77433409117 1.0095
2016-10-19 16:25:25.359000 9720.034 3.527 49.859 33.987 52.193 4.233 4.477 4.2165 27.8393 26.8173 3.4383 5.5113 4.0935 0.3743 1.4843 8.061 2.82016958425 1.0282
2016-10-19 16:26:31.119000 9785.794 3.59 49.858 33.622 52.191 4.233 4.4764 4.2157 27.8355 26.8183 3.4383 5.5104 4.0938 0.3743 1.4842 8.061 2.75765111172 1.0476
2016-10-19 16:27:36.879000 9851.554 3.358 49.856 33.347 52.19 4.233 4.475 4.2129 27.8355 26.8188 3.4369 5.5095 4.0931 0.3744 1.4841 8.06 2.82612871203 1.0665
2016-10-19 16:28:42.669000 9917.344 3.475 49.855 34.154 52.189 4.232 4.474 4.2112 27.8404 26.8151 3.4358 5.5085 4.0921 0.3744 1.4841 8.059 2.83208783981 1.085
2016-10-19 16:29:48.649000 9983.324 3.403 49.854 33.405 52.19 4.231 4.4729 4.2087 27.8402 26.8155 3.4348 5.5076 4.092 0.3744 1.4839 8.059 2.83804696759 1.1031
2016-10-19 16:30:54.539000 10049.214 3.512 49.852 34.072 52.188 4.231 4.4727 4.2073 27.8398 26.8157 3.4338 5.5065 4.0912 0.3745 1.4839 8.059 2.83804696759 1.121
2016-10-19 16:32:00.449000 10115.124 3.397 49.851 33.461 52.185 4.231 4.4718 4.2055 27.8404 26.8142 3.433 5.5056 4.0916 0.3745 1.4837 8.058 2.79101707062 1.1393
2016-10-19 16:33:06.389000 10181.064 3.52 49.851 33.979 52.185 4.231 4.4715 4.2044 27.8408 26.8147 3.4322 5.5048 4.0914 0.3745 1.4837 8.058 2.81421045647 1.1586
2016-10-19 16:34:12.379000 10247.054 3.399 49.848 33.668 52.183 4.231 4.4703 4.202 27.8391 26.8161 3.4314 5.504 4.091 0.3745 1.4837 8.058 2.85592435094 1.1777
2016-10-19 16:35:18.419000 10313.094 3.492 49.851 33.847 52.185 4.23 4.4696 4.2002 27.8383 26.8142 3.4306 5.503 4.0898 0.3745 1.4838 8.057 2.8678426065 1.1962
2016-10-19 16:36:24.470000 10379.145 3.402 49.849 33.444 52.183 4.23 4.4691 4.1986 27.8393 26.8161 3.4298 5.5023 4.0905 0.3746 1.4837 8.057 2.84400609537 1.2147
2016-10-19 16:37:30.610000 10445.285 3.488 49.848 34.109 52.18 4.23 4.4684 4.1972 27.8402 26.8139 3.429 5.5015 4.09 0.3746 1.4837 8.057 2.77989508432 1.2329
2016-10-19 16:38:36.740000 10511.415 3.413 49.85 33.381 52.182 4.23 4.468 4.1953 27.8411 26.8147 3.4283 5.5007 4.0904 0.3746 1.4838 8.057 2.84996522316 1.2528
2016-10-19 16:39:42.890000 10577.565 3.469 49.847 34.158 52.178 4.231 4.4682 4.1947 27.8338 26.8157 3.4278 5.5001 4.0905 0.3746 1.4839 8.057 2.8976382454 1.2723
2016-10-19 16:40:49.090000 10643.765 3.357 49.844 33.954 52.178 4.23 4.4677 4.1924 27.8338 26.8188 3.4272 5.4994 4.0902 0.3748 1.4839 8.057 2.8976382454 1.2913
2016-10-19 16:41:55.410000 10710.085 3.588 49.848 33.616 52.179 4.23 4.4672 4.1905 27.8391 26.8188 3.4265 5.4988 4.0897 0.3749 1.484 8.056 2.88571998984 1.3098
2016-10-19 16:43:01.760000 10776.435 3.524 49.845 34.025 52.178 4.229 4.4667 4.1882 27.8391 26.8192 3.4258 5.4979 4.0887 0.375 1.4842 8.056 2.87380173428 1.3281
2016-10-19 16:44:08.120000 10842.795 3.391 49.844 34.146 52.179 4.229 4.4661 4.1871 27.8404 26.8185 3.4252 5.4972 4.0889 0.375 1.484 8.056 2.84996522316 1.3484
2016-10-19 16:45:14.500000 10909.175 3.379 49.845 33.557 52.177 4.229 4.4663 4.1858 27.8418 26.8192 3.4247 5.4965 4.0891 0.3751 1.484 8.056 2.87380173428 1.3684
2016-10-19 16:46:20.980000 10975.655 3.467 49.844 33.965 52.176 4.229 4.4657 4.1842 27.8411 26.8193 3.424 5.4958 4.0889 0.3751 1.484 8.055 2.9229549211 1.3879
2016-10-19 16:47:27.410000 11042.085 3.41 49.84 34.159 52.173 4.23 4.4666 4.1836 27.8398 26.8146 3.4234 5.4953 4.0895 0.3753 1.484 8.056 2.84996522316 1.4069
2016-10-19 16:48:33.901000 11108.576 3.357 49.841 33.849 52.171 4.229 4.4655 4.1813 27.8349 26.8157 3.4229 5.4946 4.0889 0.3753 1.4839 8.055 2.84996522316 1.4256
2016-10-19 16:49:40.411000 11175.086 3.409 49.838 33.376 52.172 4.229 4.4647 4.179 27.8373 26.8192 3.4224 5.4939 4.0883 0.3754 1.4838 8.055 2.9229549211 1.4456
2016-10-19 16:50:46.991000 11241.666 3.378 49.839 33.482 52.171 4.229 4.4647 4.179 27.8411 26.8185 3.422 5.4934 4.0891 0.3754 1.4837 8.055 2.8976382454 1.4656
2016-10-19 16:51:53.591000 11308.266 3.455 49.837 33.356 52.168 4.228 4.4642 4.1768 27.8422 26.8207 3.4212 5.4928 4.0881 0.3754 1.4839 8.054 2.81421045647 1.4854
2016-10-19 16:53:00.361000 11375.036 3.567 49.836 33.777 52.17 4.228 4.4641 4.1749 27.8398 26.8155 3.4207 5.4919 4.0875 0.3755 1.484 8.054 2.89167911762 1.5044
2016-10-19 16:54:07.031000 11441.706 3.576 49.835 34.134 52.169 4.228 4.4636 4.174 27.8338 26.8193 3.4201 5.4913 4.0875 0.3755 1.4839 8.054 2.91658505573 1.5229
2016-10-19 16:55:13.721000 11508.396 3.537 49.834 33.974 52.169 4.227 4.463 4.1715 27.8377 26.8192 3.4196 5.4905 4.0865 0.3756 1.4838 8.054 2.94206451723 1.5423
2016-10-19 16:56:20.431000 11575.106 3.394 49.835 34.177 52.168 4.227 4.462 4.17 27.8404 26.8193 3.419 5.4899 4.0862 0.3756 1.4837 8.053 2.8678426065 1.5618
2016-10-19 16:57:27.171000 11641.846 3.463 49.836 34.147 52.169 4.227 4.4622 4.1687 27.8381 26.8192 3.4185 5.489 4.0858 0.3757 1.4837 8.053 2.95480424798 1.5811
2016-10-19 16:58:33.991000 11708.666 3.357 49.832 33.988 52.169 4.227 4.4617 4.1673 27.8318 26.8197 3.4179 5.4883 4.0857 0.3757 1.4838 8.053 2.8976382454 1.5999
2016-10-19 16:59:40.861000 11775.536 3.405 49.834 34.166 52.164 4.227 4.4613 4.1656 27.8377 26.8188 3.4174 5.4877 4.086 0.3758 1.4837 8.053 2.91021519035 1.6183
2016-10-19 17:00:47.732000 11842.407 3.476 49.832 34.124 52.165 4.227 4.4608 4.1649 27.8371 26.8207 3.4168 5.4872 4.0855 0.3759 1.4835 8.053 2.98028370949 1.6359
2016-10-19 17:01:54.642000 11909.317 3.543 49.832 33.884 52.164 4.227 4.4616 4.1642 27.8391 26.8151 3.4164 5.4866 4.0863 0.376 1.4835 8.053 2.99939330561 1.655
2016-10-19 17:03:01.602000 11976.277 3.59 49.83 33.664 52.164 4.228 4.4613 4.1632 27.8404 26.8192 3.416 5.4863 4.0868 0.376 1.4833 8.053 2.8976382454 1.674
2016-10-19 17:04:08.602000 12043.277 3.536 49.829 33.403 52.161 4.228 4.4613 4.1627 27.8398 26.8193 3.4154 5.486 4.0873 0.376 1.4833 8.053 2.91021519035 1.6925
2016-10-19 17:05:15.622000 12110.297 3.43 49.829 33.326 52.16 4.228 4.461 4.1611 27.8398 26.8151 3.415 5.4856 4.0872 0.376 1.4831 8.053 2.97391384411 1.7105
2016-10-19 17:06:22.652000 12177.327 3.39 49.827 33.464 52.159 4.228 4.4602 4.1597 27.8404 26.8173 3.4145 5.4852 4.0871 0.3761 1.4831 8.053 2.99939330561 1.7283
2016-10-19 17:07:29.712000 12244.387 3.368 49.826 33.718 52.159 4.227 4.4596 4.1583 27.8393 26.8192 3.414 5.4845 4.0861 0.3761 1.483 8.052 2.94206451723 1.7455
2016-10-19 17:08:36.852000 12311.527 3.356 49.827 34.016 52.159 4.226 4.4588 4.156 27.8408 26.8151 3.4134 5.4838 4.0857 0.3761 1.483 8.052 2.96754397873 1.7636
2016-10-19 17:09:44.012000 12378.687 3.577 49.824 33.772 52.157 4.227 4.4583 4.1547 27.8402 26.8185 3.413 5.4834 4.0853 0.3761 1.4828 8.052 3.00614466601 1.7817
2016-10-19 17:10:51.222000 12445.897 3.588 49.822 33.593 52.157 4.227 4.4588 4.1546 27.8387 26.8193 3.4126 5.4827 4.0856 0.3761 1.4827 8.052 2.93569465186 1.7997
2016-10-19 17:11:58.463000 12513.138 3.36 49.822 33.394 52.156 4.226 4.4575 4.1522 27.8362 26.8185 3.4122 5.4821 4.0847 0.3761 1.4827 8.051 2.97391384411 1.8172
2016-10-19 17:13:05.753000 12580.428 3.361 49.823 34.048 52.156 4.225 4.4568 4.151 27.8391 26.8179 3.4115 5.4814 4.0843 0.3762 1.4827 8.051 2.98665357486 1.8343
2016-10-19 17:14:13.073000 12647.748 3.587 49.821 33.694 52.157 4.225 4.4565 4.1491 27.8341 26.8179 3.4111 5.4807 4.0837 0.3763 1.4828 8.051 3.04010226965 1.8504
2016-10-19 17:15:20.403000 12715.078 3.562 49.823 33.519 52.156 4.224 4.4555 4.1472 27.8398 26.8175 3.4107 5.48 4.0828 0.3767 1.4828 8.05 2.97391384411 1.8656
2016-10-19 17:16:27.763000 12782.438 3.357 49.822 33.85 52.152 4.224 4.4552 4.1459 27.8391 26.8133 3.4101 5.4792 4.0829 0.3782 1.4829 8.05 3.06726835257 1.877
2016-10-19 17:17:35.343000 12850.018 3.533 49.82 33.979 52.152 4.224 4.4551 4.1497 27.8404 26.8183 3.4097 5.4786 4.0828 0.4032 1.4828 8.05 2.99939330561 1.8133
2016-10-19 17:18:42.813000 12917.488 3.406 49.817 33.382 52.151 4.221 4.4533 4.0643 27.8381 26.8115 3.4127 5.4776 4.078 0.7525 1.4877 8.049 3.00614466601 1.2745
2016-10-19 17:19:50.253000 12984.928 3.398 49.819 34.157 52.153 4.203 4.4452 3.7987 27.8362 26.7994 3.4499 5.4732 4.0572 1.3624 1.5002 8.042 3.02651922819 1.4409
2016-10-19 17:20:57.813000 13052.488 3.576 49.819 33.588 52.149 4.194 4.4508 3.7185 27.8351 26.7921 3.5286 5.4666 4.0465 1.72 1.5097 8.036 2.91658505573 1.8105
2016-10-19 17:22:05.343000 13120.018 3.352 49.819 33.715 52.15 4.191 4.4619 3.686 27.8338 26.7969 3.5615 5.4612 4.0435 1.9934 1.5158 8.032 2.9229549211 2.1046
2016-10-19 17:23:12.913000 13187.588 3.499 49.816 34.066 52.147 4.19 4.4749 3.6702 27.8345 26.7929 3.569 5.4572 4.0423 2.2211 1.5199 8.031 2.87976086206 2.3479
2016-10-19 17:24:20.544000 13255.219 3.346 49.814 33.966 52.148 4.19 4.4867 3.6614 27.836 26.7988 3.5662 5.4545 4.0423 2.4163 1.5229 8.03 2.90384532498 2.5573
2016-10-19 17:25:28.264000 13322.939 3.547 49.813 33.816 52.144 4.191 4.4987 3.6568 27.833 26.799 3.5592 5.4529 4.0435 2.5904 1.5248 8.031 2.9229549211 2.7466
2016-10-19 17:26:35.994000 13390.669 3.365 49.81 33.46 52.142 4.191 4.5083 3.6533 27.8381 26.8012 3.5507 5.4519 4.044 2.7466 1.5265 8.031 2.94843438261 2.916
2016-10-19 17:27:43.734000 13458.409 3.573 49.812 33.59 52.142 4.192 4.5167 3.6498 27.8371 26.8008 3.5422 5.4508 4.0438 2.8891 1.5278 8.031 3.06047683184 3.0724
2016-10-19 17:28:51.484000 13526.159 3.459 49.811 33.758 52.143 4.192 4.5245 3.6481 27.8373 26.7988 3.534 5.4503 4.0448 3.0205 1.5287 8.031 3.13742894475 3.2165
2016-10-19 17:29:59.314000 13593.989 3.514 49.807 33.411 52.138 4.194 4.5307 3.6478 27.8355 26.8036 3.5268 5.4499 4.0462 3.1419 1.5293 8.031 3.08085139403 3.352
2016-10-19 17:31:07.134000 13661.809 3.496 49.806 34.047 52.137 4.194 4.5363 3.6466 27.8297 26.803 3.5205 5.4496 4.0467 3.2542 1.5298 8.031 3.1735536938 3.4778
2016-10-19 17:32:15.004000 13729.679 3.347 49.803 33.333 52.137 4.194 4.5406 3.6457 27.8362 26.8042 3.5148 5.4493 4.0466 3.3613 1.5303 8.031 3.18800359342 3.5964
2016-10-19 17:33:23.114000 13797.789 3.498 49.805 33.411 52.136 4.194 4.5441 3.644 27.836 26.805 3.5101 5.449 4.0464 3.4617 1.5309 8.031 3.31868158306 3.7103
2016-10-19 17:34:31.104000 13865.779 3.512 49.803 33.971 52.136 4.194 4.5478 3.6437 27.8334 26.8015 3.5057 5.4485 4.0473 3.5555 1.5313 8.031 3.41709449132 3.8175
2016-10-19 17:35:39.065000 13933.74 3.421 49.804 33.333 52.135 4.194 4.5504 3.6429 27.8391 26.8058 3.502 5.4481 4.047 3.6457 1.5318 8.031 3.31868158306 3.9186
2016-10-19 17:36:47.125000 14001.8 3.422 49.804 33.324 52.135 4.195 4.5532 3.6426 27.8373 26.8054 3.4988 5.4476 4.0476 3.729 1.5322 8.031 3.39179657113 4.0185
2016-10-19 17:37:55.295000 14069.97 3.547 49.802 33.868 52.133 4.195 4.5555 3.6419 27.8314 26.8049 3.496 5.4473 4.0473 3.8102 1.5325 8.031 3.27162259574 4.1108
2016-10-19 17:39:03.395000 14138.07 3.368 49.801 34.103 52.133 4.195 4.5582 3.6422 27.8351 26.8058 3.4934 5.447 4.0483 3.8866 1.5329 8.031 3.48580884911 4.2051
2016-10-19 17:40:11.505000 14206.18 3.383 49.8 33.448 52.129 4.196 4.56 3.6422 27.8362 26.8064 3.4911 5.4468 4.0492 3.96 1.5334 8.032 3.52128557844 4.2924
2016-10-19 17:41:19.715000 14274.39 3.382 49.799 33.503 52.13 4.197 4.5623 3.6419 27.8373 26.806 3.4892 5.4466 4.0495 4.0306 1.5338 8.032 3.53941786573 4.3744
2016-10-19 17:42:27.905000 14342.58 3.576 49.799 33.591 52.13 4.196 4.5636 3.6412 27.8362 26.8018 3.4871 5.4463 4.0487 4.0953 1.5342 8.032 3.53941786573 4.46
2016-10-19 17:43:36.155000 14410.83 3.576 49.799 33.593 52.129 4.197 4.5655 3.6417 27.8362 26.8058 3.4854 5.4459 4.0492 4.1605 1.5346 8.032 3.69857038079 4.5406
2016-10-19 17:44:44.445000 14479.12 3.442 49.799 34.159 52.129 4.196 4.5662 3.6399 27.8371 26.8069 3.4838 5.4455 4.0489 4.2232 1.535 8.031 3.6508030521 4.6164
2016-10-19 17:45:52.825000 14547.5 3.419 49.8 34.161 52.129 4.196 4.5678 3.639 27.8373 26.8058 3.4822 5.4449 4.0488 4.2827 1.5353 8.031 3.70854815683 4.695
2016-10-19 17:47:01.185000 14615.86 3.397 49.799 34.167 52.13 4.195 4.5684 3.6375 27.8328 26.806 3.4808 5.4443 4.0474 4.3377 1.5356 8.031 3.67946344932 4.7692
2016-10-19 17:48:09.586000 14684.261 3.37 49.8 33.52 52.13 4.195 4.5701 3.6376 27.8373 26.8015 3.4793 5.4437 4.0479 4.3917 1.536 8.031 3.84121967566 4.843
2016-10-19 17:49:18.036000 14752.711 3.372 49.798 33.516 52.127 4.196 4.5714 3.639 27.8387 26.806 3.478 5.4432 4.0488 4.4455 1.5362 8.031 3.83065737381 4.9131
2016-10-19 17:50:26.796000 14821.471 3.397 49.799 34.164 52.127 4.195 4.5719 3.6382 27.8383 26.8069 3.4768 5.4428 4.0479 4.4974 1.5364 8.031 3.8095327701 4.9855
2016-10-19 17:51:35.336000 14890.011 3.353 49.799 34.099 52.128 4.196 4.5726 3.6378 27.8381 26.8058 3.4756 5.4424 4.0483 4.5467 1.5366 8.031 3.93807382531 5.0551
2016-10-19 17:52:43.886000 14958.561 3.355 49.796 34.04 52.127 4.196 4.574 3.6375 27.8381 26.806 3.4744 5.4419 4.0491 4.5932 1.5368 8.031 3.78896771976 5.1225
2016-10-19 17:53:52.486000 15027.161 3.347 49.796 33.909 52.127 4.196 4.5749 3.6373 27.8334 26.806 3.4735 5.4417 4.0488 4.6367 1.5369 8.031 3.84121967566 5.1859
2016-10-19 17:55:01.116000 15095.791 3.348 49.796 33.843 52.125 4.197 4.5763 3.6382 27.832 26.8021 3.4725 5.4415 4.0497 4.6823 1.5372 8.031 3.99349594313 5.2548
2016-10-19 17:56:09.746000 15164.421 3.473 49.794 33.855 52.124 4.197 4.5777 3.6385 27.8383 26.8036 3.4715 5.4413 4.0495 4.7254 1.5376 8.031 3.91590497818 5.3197
2016-10-19 17:57:18.376000 15233.051 3.485 49.794 34.119 52.126 4.196 4.5778 3.6378 27.8371 26.8058 3.4705 5.4408 4.0486 4.7679 1.5378 8.031 4.07621738308 5.3842
2016-10-19 17:58:27.076000 15301.751 3.471 49.797 34.123 52.126 4.197 4.5786 3.6378 27.8381 26.805 3.4698 5.4404 4.0492 4.8079 1.5381 8.031 3.971327096 5.4465
2016-10-19 17:59:35.827000 15370.502 3.578 49.795 33.617 52.124 4.197 4.5794 3.6371 27.8387 26.8064 3.4689 5.4401 4.0492 4.8456 1.5383 8.031 4.11187060446 5.5102
2016-10-19 18:00:44.637000 15439.312 3.571 49.796 33.557 52.124 4.197 4.5801 3.637 27.8371 26.806 3.4681 5.4396 4.0494 4.8815 1.5387 8.031 4.02867975457 5.5717
2016-10-19 18:01:53.457000 15508.132 3.377 49.792 33.478 52.124 4.197 4.5811 3.6374 27.8393 26.8067 3.4672 5.4394 4.0498 4.9174 1.539 8.031 4.18317704722 5.633
2016-10-19 18:03:02.307000 15576.982 3.36 49.796 33.442 52.126 4.195 4.5809 3.6353 27.8371 26.806 3.4664 5.4388 4.0477 4.9551 1.5392 8.03 4.06433297595 5.6921
2016-10-19 18:04:11.227000 15645.902 3.372 49.794 34.121 52.124 4.197 4.5827 3.6366 27.8377 26.806 3.4657 5.4384 4.0494 4.9895 1.5394 8.031 4.06433297595 5.7494
2016-10-19 18:05:20.207000 15714.882 3.541 49.793 33.846 52.123 4.197 4.5834 3.6365 27.8391 26.8069 3.465 5.4381 4.0492 5.0227 1.5396 8.031 4.22059630067 5.809
2016-10-19 18:06:29.347000 15784.022 3.349 49.794 33.332 52.124 4.197 4.5841 3.637 27.8381 26.8072 3.4643 5.4376 4.0498 5.0555 1.5397 8.031 4.09998619733 5.87
2016-10-19 18:07:38.367000 15853.042 3.467 49.792 33.815 52.122 4.198 4.5854 3.6374 27.8411 26.8082 3.4637 5.4375 4.0507 5.0867 1.5399 8.031 4.19506145435 5.9252
2016-10-19 18:08:47.407000 15922.082 3.58 49.791 33.58 52.124 4.199 4.5861 3.6378 27.8408 26.8069 3.463 5.4373 4.0509 5.1164 1.54 8.031 4.19506145435 5.9823
2016-10-19 18:09:56.497000 15991.172 3.381 49.794 33.46 52.122 4.198 4.5863 3.6376 27.8402 26.8076 3.4626 5.437 4.0506 5.1451 1.5402 8.031 4.15940823297 6.0371
2016-10-19 18:11:05.617000 16060.292 3.351 49.79 33.783 52.122 4.197 4.5865 3.6364 27.8391 26.8072 3.4618 5.4365 4.0497 5.1733 1.5404 8.031 4.20759729212 6.0921
2016-10-19 18:12:14.738000 16129.413 3.45 49.793 34.136 52.124 4.197 4.587 3.6359 27.8391 26.8058 3.4612 5.4359 4.0491 5.2012 1.5407 8.03 4.35058638615 6.1474
2016-10-19 18:13:23.988000 16198.663 3.387 49.792 33.613 52.123 4.198 4.588 3.6371 27.8398 26.8076 3.4607 5.4355 4.05 5.2314 1.5409 8.031 4.25959332632 6.2028
2016-10-19 18:14:33.208000 16267.883 3.371 49.79 34.138 52.121 4.198 4.5889 3.6373 27.8411 26.8082 3.4602 5.4352 4.0506 5.2566 1.5409 8.031 4.44531956806 6.2554
2016-10-19 18:15:42.448000 16337.123 3.551 49.79 33.852 52.121 4.197 4.5896 3.6367 27.8393 26.8069 3.4595 5.4349 4.0501 5.283 1.5411 8.031 4.35058638615 6.3078
2016-10-19 18:16:51.728000 16406.403 3.347 49.788 33.932 52.119 4.198 4.5901 3.6367 27.8377 26.8033 3.4591 5.4347 4.05 5.3097 1.5413 8.031 4.3895834118 6.3572
2016-10-19 18:18:01.088000 16475.763 3.522 49.79 33.406 52.12 4.198 4.5901 3.6359 27.8391 26.803 3.4584 5.4341 4.0502 5.335 1.5411 8.031 4.31158936051 6.4102
2016-10-19 18:19:10.698000 16545.373 3.411 49.79 34.156 52.12 4.198 4.5907 3.6371 27.8334 26.8067 3.4581 5.4339 4.0507 5.3587 1.5412 8.031 4.31158936051 6.4622
2016-10-19 18:20:20.128000 16614.803 3.386 49.79 33.437 52.118 4.198 4.591 3.6363 27.8366 26.8076 3.4575 5.4337 4.0507 5.3823 1.5416 8.031 4.50199270918 6.512
2016-10-19 18:21:29.558000 16684.233 3.522 49.789 34.004 52.12 4.198 4.5911 3.6365 27.8366 26.8067 3.4569 5.4333 4.0505 5.4046 1.5418 8.031 4.37658440325 6.5617
2016-10-19 18:22:39.058000 16753.733 3.355 49.788 33.404 52.118 4.198 4.592 3.6372 27.8373 26.8087 3.4564 5.4328 4.0508 5.4251 1.542 8.031 4.54449756502 6.6125
2016-10-19 18:23:48.559000 16823.234 3.58 49.788 34.16 52.117 4.198 4.5932 3.6368 27.8377 26.8076 3.4558 5.4325 4.0512 5.4465 1.5422 8.031 4.4169829975 6.6607
2016-10-19 18:24:58.089000 16892.764 3.37 49.787 33.467 52.117 4.198 4.5932 3.6371 27.8377 26.8021 3.4554 5.4323 4.0507 5.4678 1.5424 8.031 4.54449756502 6.71
2016-10-19 18:26:07.709000 16962.384 3.434 49.788 33.331 52.118 4.198 4.5936 3.636 27.8324 26.8072 3.4551 5.4318 4.0507 5.4895 1.5425 8.031 4.4169829975 6.7586
2016-10-19 18:27:17.369000 17032.044 3.492 49.788 34.091 52.117 4.199 4.5939 3.6371 27.8381 26.8064 3.4545 5.4314 4.0512 5.5114 1.5425 8.031 4.53032927974 6.806
2016-10-19 18:28:26.999000 17101.674 3.364 49.789 33.604 52.118 4.198 4.5944 3.6367 27.8373 26.8082 3.4541 5.4311 4.0506 5.5328 1.5428 8.031 4.43115128278 6.8517
2016-10-19 18:29:36.659000 17171.334 3.396 49.788 33.384 52.118 4.198 4.5952 3.6368 27.8381 26.8069 3.4536 5.4306 4.0507 5.5515 1.543 8.031 4.66281380651 6.8953
2016-10-19 18:30:46.409000 17241.084 3.53 49.786 33.958 52.117 4.198 4.595 3.6356 27.8345 26.8072 3.4532 5.4303 4.0502 5.5718 1.5431 8.031 4.50199270918 6.9438
2016-10-19 18:31:56.339000 17311.014 3.463 49.792 34.123 52.121 4.197 4.5945 3.6349 27.8393 26.8069 3.4528 5.4296 4.0495 5.5907 1.5434 8.03 4.57283413558 6.9896
2016-10-19 18:33:06.169000 17380.844 3.378 49.789 34.15 52.118 4.197 4.5951 3.6351 27.8398 26.8072 3.4522 5.429 4.0492 5.6087 1.5433 8.03 4.50199270918 7.0316
2016-10-19 18:34:16.009000 17450.684 3.454 49.792 33.368 52.122 4.197 4.5957 3.6351 27.8411 26.8049 3.4519 5.4285 4.049 5.6265 1.5436 8.03 4.58700242086 7.0752
2016-10-19 18:35:25.900000 17520.575 3.574 49.791 33.605 52.121 4.197 4.5954 3.634 27.8398 26.805 3.4514 5.4278 4.0489 5.6451 1.5436 8.03 4.90130065427 7.1169
2016-10-19 18:36:36.180000 17590.855 3.402 49.793 33.733 52.123 4.196 4.5953 3.6347 27.8391 26.8069 3.4509 5.4272 4.0485 5.6613 1.5439 8.029 4.67819943476 7.158
2016-10-19 18:37:46.130000 17660.805 3.449 49.792 33.954 52.122 4.196 4.5961 3.6342 27.8381 26.8036 3.4504 5.4268 4.0491 5.6791 1.5439 8.029 4.58700242086 7.2004
2016-10-19 18:38:56.130000 17730.805 3.474 49.794 34.138 52.125 4.195 4.5952 3.6325 27.8398 26.8067 3.4499 5.4262 4.0474 5.6955 1.544 8.029 4.77051320422 7.2373
2016-10-19 18:40:06.170000 17800.845 3.554 49.796 34.156 52.125 4.195 4.5958 3.6337 27.8398 26.8087 3.4496 5.4256 4.0479 5.7123 1.544 8.029 4.77051320422 7.2755
2016-10-19 18:41:16.250000 17870.925 3.51 49.794 33.977 52.125 4.197 4.5965 3.6341 27.8381 26.8033 3.449 5.4251 4.0492 5.7279 1.5442 8.029 4.67819943476 7.3164
2016-10-19 18:42:26.360000 17941.035 3.465 49.793 34.123 52.123 4.196 4.5963 3.6341 27.8366 26.8094 3.4488 5.4249 4.0487 5.7447 1.5443 8.029 4.75512757598 7.3553
2016-10-19 18:43:36.530000 18011.205 3.394 49.792 34.164 52.122 4.196 4.5974 3.6343 27.8373 26.8076 3.4482 5.4246 4.049 5.7606 1.5442 8.03 4.80139016208 7.3926
2016-10-19 18:44:46.890000 18081.565 3.522 49.793 33.98 52.123 4.196 4.597 3.6337 27.8371 26.8072 3.4479 5.4242 4.0487 5.7771 1.5443 8.03 4.63204255003 7.4288
2016-10-19 18:45:57.110000 18151.785 3.553 49.793 34.129 52.125 4.194 4.5959 3.6312 23.946 23.5494 3.4474 5.4236 4.0466 5.7939 1.5445 8.029 4.64742817827 7.4626
2016-10-19 18:47:07.341000 18222.016 3.565 49.794 33.756 52.126 4.192 4.5965 3.6264 20.906 21.2256 3.4468 5.4223 4.0441 5.8092 1.5446 8.028 4.86799715687 7.4967
2016-10-19 18:48:17.611000 18292.286 3.51 49.796 33.975 52.124 4.189 4.6098 3.6236 17.8523 19.111 3.4464 5.4209 4.0414 5.8254 1.5447 8.027 4.72435631949 7.5317
2016-10-19 18:49:27.941000 18362.616 3.56 49.797 33.76 52.127 4.18 4.7973 3.6093 14.5912 16.8941 3.4457 5.4184 4.0304 5.8395 1.5448 8.024 4.693585063 7.5652
2016-10-19 18:50:38.321000 18432.996 3.452 49.792 33.363 52.125 4.134 5.6755 3.5461 11.6569 14.5156 3.4437 5.4076 3.9796 5.8537 1.545 8.008 4.83469365948 7.5993
2016-10-19 18:51:48.761000 18503.436 3.35 49.791 33.51 52.121 4.112 6.2113 3.526 9.1362 12.3022 3.4401 5.3905 3.956 5.8691 1.5452 7.993 4.81804191078 7.6317
2016-10-19 18:52:59.211000 18573.886 3.326 49.79 33.336 52.12 4.106 6.6388 3.5382 6.9563 10.325 3.4362 5.3773 3.9497 5.8837 1.5454 7.986 4.81804191078 7.6626
2016-10-19 18:54:09.731000 18644.406 3.43 49.788 33.781 52.12 4.102 7.0552 3.5601 5.3507 8.5006 3.4323 5.3683 3.9459 5.8975 1.5454 7.983 4.88464890557 7.6944
2016-10-19 18:55:20.251000 18714.926 3.527 49.787 34.099 52.118 4.103 7.4523 3.5809 4.402 6.9907 3.4285 5.3623 3.946 5.9117 1.546 7.981 4.73974194774 7.726
2016-10-19 18:56:30.821000 18785.496 3.493 49.783 33.413 52.114 4.103 7.8515 3.6001 4.0132 6.0027 3.4249 5.3586 3.9468 5.9278 1.5463 7.982 4.91795240297 7.7563
2016-10-19 18:57:41.651000 18856.326 3.359 49.782 33.432 52.115 4.102 8.2961 3.6153 3.8935 5.3824 3.4217 5.3558 3.9451 5.9381 1.547 7.981 4.77051320422 7.785
2016-10-19 18:58:52.262000 18926.937 3.335 49.78 33.645 52.113 4.102 8.7609 3.6283 3.8604 5.0271 3.4188 5.3536 3.9459 5.9528 1.5471 7.981 4.81804191078 7.8167
2016-10-19 19:00:02.922000 18997.597 3.527 49.778 33.83 52.111 4.103 9.2032 3.6393 3.8518 4.8158 3.4163 5.3523 3.9466 5.966 1.5474 7.981 4.98455939776 7.8433
2016-10-19 19:01:13.642000 19068.317 3.553 49.775 33.616 52.108 4.103 9.6142 3.6487 3.8485 4.6805 3.4141 5.3511 3.9461 5.9785 1.5475 7.981 4.81804191078 7.8725
2016-10-19 19:02:24.382000 19139.057 3.324 49.777 33.323 52.109 4.102 9.9898 3.6569 3.8473 4.5896 3.4116 5.3499 3.9458 5.9925 1.548 7.981 5.00130648048 7.8972
2016-10-19 19:03:35.142000 19209.817 3.407 49.778 34.14 52.109 4.102 10.3297 3.6631 3.8458 4.5272 3.41 5.3487 3.9452 6.0023 1.5482 7.98 4.98455939776 7.9274
2016-10-19 19:04:45.992000 19280.667 3.424 49.775 33.333 52.107 4.102 10.6374 3.6691 3.8451 4.484 3.409 5.3477 3.9453 6.0153 1.5482 7.98 4.90130065427 7.9533
2016-10-19 19:05:56.802000 19351.477 3.357 49.773 33.499 52.105 4.102 10.92 3.6743 3.845 4.4549 3.4084 5.3469 3.9456 6.0277 1.5483 7.98 4.86799715687 7.98
2016-10-19 19:07:07.662000 19422.337 3.488 49.775 34.017 52.105 4.102 11.1851 3.6787 3.8443 4.435 3.4083 5.3462 3.9456 6.04 1.5482 7.98 4.93460415167 8.0058
2016-10-19 19:08:18.782000 19493.457 3.354 49.776 33.462 52.107 4.102 11.4306 3.6825 3.8437 4.4211 3.4088 5.3453 3.9453 6.0525 1.5483 7.98 4.91795240297 8.0321
2016-10-19 19:09:29.852000 19564.527 3.479 49.772 34.039 52.104 4.102 11.6611 3.6858 3.8437 4.4117 3.4091 5.3446 3.9452 6.0643 1.5485 7.98 4.86799715687 8.0585
2016-10-19 19:10:40.882000 19635.557 3.351 49.771 33.453 52.104 4.103 11.8788 3.6885 3.8434 4.4058 3.4091 5.3441 3.9467 6.0765 1.5488 7.98 4.91795240297 8.0814
2016-10-19 19:11:51.953000 19706.628 3.435 49.77 33.328 52.099 4.104 12.0817 3.6914 3.8444 4.4019 3.4096 5.3438 3.9476 6.09 1.549 7.98 5.09111884178 8.1047
2016-10-19 19:13:03.033000 19777.708 3.354 49.768 34.107 52.099 4.104 12.278 3.6937 3.8447 4.3994 3.4103 5.3433 3.9476 6.102 1.5493 7.98 4.86799715687 8.1271
2016-10-19 19:14:14.153000 19848.828 3.486 49.766 33.479 52.1 4.104 12.4587 3.6956 3.8446 4.3977 3.4102 5.343 3.9472 6.1127 1.55 7.98 5.09111884178 8.1506
2016-10-19 19:15:25.243000 19919.918 3.339 49.767 34.045 52.098 4.105 12.6363 3.6978 3.8449 4.3962 3.4105 5.3425 3.9488 6.1239 1.5505 7.981 4.93460415167 8.1711
2016-10-19 19:16:36.443000 19991.118 3.338 49.762 33.43 52.092 4.105 12.8034 3.6998 3.845 4.396 3.4113 5.3422 3.9478 6.1373 1.5513 7.981 5.05519389726 8.1941
2016-10-19 19:17:47.623000 20062.298 3.517 49.762 33.873 52.093 4.106 12.9613 3.701 3.8456 4.3958 3.412 5.3417 3.9483 6.1483 1.5524 7.981 5.01926895274 8.2153
2016-10-19 19:18:59.123000 20133.798 3.41 49.759 34.146 52.094 4.105 13.117 3.7021 3.8453 4.3955 3.4127 5.3414 3.9482 6.1591 1.5539 7.981 4.91795240297 8.2389
2016-10-19 19:20:10.413000 20205.088 3.326 49.76 33.311 52.093 4.104 13.2656 3.7037 3.8447 4.3942 3.412 5.3406 3.9473 6.1687 1.5565 7.98 5.00130648048 8.2595
2016-10-19 19:21:21.763000 20276.438 3.546 49.763 33.75 52.096 4.105 13.4063 3.7048 3.8446 4.3944 3.4116 5.34 3.9479 6.1804 1.559 7.98 5.10908131404 8.2804
2016-10-19 19:22:33.083000 20347.758 3.449 49.759 34.187 52.091 4.106 13.5416 3.7057 3.8458 4.3949 3.4123 5.3397 3.9491 6.1913 1.5623 7.98 4.93460415167 8.3
2016-10-19 19:23:44.464000 20419.139 3.332 49.755 34.013 52.089 4.105 13.6741 3.7063 3.8455 4.3951 3.4138 5.3393 3.9486 6.204 1.5667 7.98 5.16296873083 8.3214
2016-10-19 19:24:55.894000 20490.569 3.344 49.758 33.484 52.089 4.106 13.8014 3.7075 3.8455 4.3949 3.4164 5.339 3.9487 6.2129 1.5717 7.98 5.1270437863 8.3444
2016-10-19 19:26:07.344000 20562.019 3.506 49.755 33.872 52.089 4.106 13.9211 3.7083 3.8459 4.3948 3.4206 5.3386 3.9492 6.2241 1.5778 7.98 4.98455939776 8.3604
2016-10-19 19:27:18.834000 20633.509 3.368 49.756 34.131 52.088 4.105 14.0368 3.7092 3.846 4.3951 3.4268 5.3383 3.9491 6.234 1.5841 7.98 5.01926895274 8.3792
2016-10-19 19:28:30.354000 20705.029 3.334 49.756 33.745 52.084 4.105 14.1511 3.7102 3.8462 4.3952 3.4382 5.3381 3.949 6.2444 1.5905 7.98 5.01926895274 8.3975
2016-10-19 19:29:42.234000 20776.909 3.326 49.757 33.837 52.087 4.105 14.2596 3.7108 3.8459 4.3948 3.4564 5.3378 3.9487 6.2546 1.5982 7.98 5.23749452273 8.4138
2016-10-19 19:30:53.854000 20848.529 3.393 49.755 33.39 52.088 4.105 14.3621 3.7109 3.8459 4.3947 3.4744 5.3377 3.9476 6.2647 1.6075 7.98 5.05519389726 8.4338
2016-10-19 19:32:05.614000 20920.289 3.353 49.756 33.476 52.085 4.106 14.4612 3.7114 3.8462 4.3954 3.4886 5.3375 3.9493 6.2726 1.6174 7.98 4.93460415167 8.4486
2016-10-19 19:33:17.334000 20992.009 3.481 49.756 33.347 52.084 4.106 14.5586 3.7117 3.8466 4.3959 3.4993 5.3375 3.9493 6.2843 1.6279 7.98 4.96790764906 8.4664
2016-10-19 19:34:29.084000 21063.759 3.412 49.752 33.308 52.082 4.107 14.6548 3.712 3.8474 4.3962 3.5068 5.3374 3.9502 6.2953 1.6386 7.98 5.1270437863 8.4796
2016-10-19 19:35:40.845000 21135.52 3.555 49.753 33.651 52.082 4.106 14.7468 3.7128 3.8471 4.3959 3.5123 5.3371 3.948 6.3056 1.6504 7.98 5.00130648048 8.495
2016-10-19 19:36:52.625000 21207.3 3.537 49.754 33.497 52.084 4.106 14.8368 3.7133 3.8467 4.3957 3.5164 5.3367 3.9495 6.3149 1.6624 7.98 5.25683745841 8.5127
2016-10-19 19:38:04.465000 21279.14 3.512 49.753 33.856 52.083 4.106 14.9235 3.7136 3.8471 4.3957 3.5195 5.3363 3.9495 6.3253 1.675 7.98 4.96790764906 8.5246
2016-10-19 19:39:16.555000 21351.23 3.377 49.751 33.389 52.083 4.106 15.0079 3.714 3.8469 4.3958 3.5221 5.336 3.9493 6.3339 1.6873 7.98 5.037231425 8.5415
2016-10-19 19:40:28.385000 21423.06 3.51 49.751 33.422 52.082 4.107 15.0943 3.7142 3.8473 4.3958 3.5247 5.3355 3.9497 6.3437 1.6996 7.98 5.19889367535 8.5595
2016-10-19 19:41:40.335000 21495.01 3.414 49.749 33.308 52.08 4.107 15.1778 3.7145 3.8476 4.396 3.5272 5.3353 3.9498 6.3537 1.7122 7.98 5.23749452273 8.5722
2016-10-19 19:42:52.335000 21567.01 3.383 49.749 33.358 52.079 4.107 15.2593 3.7149 3.8479 4.3962 3.5298 5.335 3.9505 6.3631 1.7246 7.98 5.01926895274 8.5883
2016-10-19 19:44:04.305000 21638.98 3.347 49.747 33.591 52.078 4.107 15.3377 3.7151 3.8482 4.3965 3.5325 5.3347 3.9504 6.3734 1.7369 7.98 5.29552332977 8.6029
2016-10-19 19:45:16.345000 21711.02 3.33 49.747 33.805 52.078 4.108 15.4156 3.7154 3.8489 4.3972 3.5353 5.3346 3.9516 6.3837 1.7491 7.98 5.18093120309 8.6188
2016-10-19 19:46:28.406000 21783.081 3.329 49.746 33.975 52.077 4.108 15.4905 3.7158 3.8493 4.3974 3.5388 5.3345 3.9513 6.3944 1.7624 7.98 5.07315636952 8.6327
2016-10-19 19:47:40.586000 21855.261 3.529 49.749 33.765 52.077 4.106 15.5632 3.7159 3.8478 4.3963 3.5426 5.3338 3.9493 6.401 1.7757 7.979 5.27618039409 8.6466
2016-10-19 19:48:52.706000 21927.381 3.558 49.747 33.604 52.076 4.108 15.6343 3.7161 3.848 4.397 3.547 5.3335 3.9506 6.4122 1.7889 7.98 5.09111884178 8.6631
2016-10-19 19:50:05.136000 21999.811 3.339 49.746 33.621 52.074 4.107 15.7045 3.7159 3.8489 4.3977 3.552 5.3334 3.9501 6.4224 1.8021 7.98 5.14500625857 8.6741
2016-10-19 19:51:17.376000 22072.051 3.326 49.743 33.842 52.075 4.106 15.7723 3.7162 3.8482 4.3972 3.5575 5.3329 3.9494 6.4303 1.8369 7.979 5.037231425 8.6917
2016-10-19 19:52:29.666000 22144.341 3.477 49.746 34.042 52.074 4.108 15.8311 3.7165 3.8485 4.3974 3.5943 5.3326 3.951 6.4417 2.5126 7.979 5.19889367535 8.7012
2016-10-19 19:53:42.016000 22216.691 3.516 49.741 33.834 52.073 4.111 15.8602 3.7168 3.8519 4.3997 3.7378 5.3358 3.9546 6.4541 3.0492 7.981 5.19889367535 8.7148
2016-10-19 19:54:54.386000 22289.061 3.377 49.739 33.389 52.069 4.113 15.8774 3.7176 3.8547 4.4019 3.9345 5.3412 3.9571 6.4698 3.4992 7.982 5.21815158705 8.7248
2016-10-19 19:56:06.786000 22361.461 3.39 49.738 34.144 52.07 4.113 15.8869 3.7181 3.8564 4.4031 4.1469 5.3468 3.9579 6.4931 3.8847 7.982 5.1270437863 8.7231
2016-10-19 19:57:19.206000 22433.881 3.557 49.739 33.609 52.071 4.116 15.8904 3.7182 3.8583 4.4044 4.3337 5.3524 3.9598 6.5196 4.1783 7.983 5.29552332977 8.7095
2016-10-19 19:58:31.937000 22506.612 3.364 49.739 33.415 52.069 4.118 15.8904 3.7187 3.8602 4.4064 4.4739 5.3571 3.9625 6.547 4.3755 7.984 5.31486626545 8.6893
2016-10-19 19:59:44.397000 22579.072 3.407 49.738 34.146 52.069 4.119 15.8884 3.7192 3.8623 4.4082 4.5811 5.3609 3.9632 6.5765 4.5165 7.985 5.10908131404 8.6753
2016-10-19 20:00:56.917000 22651.592 3.529 49.739 33.462 52.07 4.12 15.8842 3.72 3.8634 4.4086 4.6639 5.3634 3.9642 6.6062 4.6142 7.985 5.27618039409 8.667
2016-10-19 20:02:09.457000 22724.132 3.331 49.738 33.877 52.07 4.12 15.88 3.7211 3.8643 4.4095 4.7286 5.3655 3.9649 6.6362 4.6889 7.985 5.18093120309 8.6651
2016-10-19 20:03:22.047000 22796.722 3.474 49.736 34.066 52.064 4.121 15.875 3.7211 3.865 4.4103 4.7793 5.367 3.9658 6.6658 4.7459 7.986 5.19889367535 8.6654
2016-10-19 20:04:34.697000 22869.372 3.43 49.735 33.319 52.063 4.12 15.8691 3.7216 3.865 4.4105 4.8188 5.3681 3.9651 6.6918 4.7897 7.986 5.33420920113 8.673
2016-10-19 20:05:47.357000 22942.032 3.514 49.736 33.9 52.067 4.121 15.8626 3.7218 3.8651 4.4107 4.8498 5.3687 3.9652 6.7166 4.8239 7.986 5.29552332977 8.6869
2016-10-19 20:07:00.067000 23014.742 3.373 49.736 33.372 52.067 4.121 15.8553 3.7225 3.8654 4.4105 4.8742 5.3691 3.9656 6.7416 4.8522 7.985 5.05519389726 8.699
2016-10-19 20:08:13.037000 23087.712 3.553 49.735 33.707 52.063 4.121 15.8491 3.7229 3.8652 4.4107 4.8935 5.3694 3.9655 6.7649 4.8748 7.985 5.33420920113 8.7145
