#Human readable time. Time (s) since start. Lakeshore temperature sensor 218 T1,3,5,6,8 and 224 C2,C3,C4,C5,D2,D3,D5,A,B
2016-05-19 09:13:30.352000 0.001 291.92 291.81 291.99 292.18 292.36 293.93 293.753 293.649 293.793 293.743 294.014 291.311 0.0 0.0 291.8 

2016-05-19 09:14:31.165000 60.814 291.92 291.81 291.99 292.18 292.36 293.931 293.753 293.648 293.791 293.744 294.014 291.312 0.0 0.0 291.8 -002.048 KOHM R   

2016-05-19 09:15:31.571000 121.22 291.92 291.81 291.99 292.18 292.36 293.929 293.754 293.649 293.793 293.743 294.013 291.31 0.0 0.0 291.8 -002.083 KOHM R   

2016-05-19 09:16:32.040000 181.689 291.92 291.81 291.99 292.18 292.36 293.931 293.755 293.649 293.792 293.743 294.014 291.312 0.0 0.0 291.8 -002.077 KOHM R   

2016-05-19 09:18:39.389000 309.038 291.92 291.82 291.99 292.18 292.36 293.931 293.755 293.65 293.792 293.743 294.014 291.311 0.0 0.0 291.8 -002.039 KOHM R   

2016-05-19 09:19:39.850000 369.499 291.92 291.82 291.99 292.19 292.36 293.93 293.756 293.65 293.791 293.743 294.014 291.311 0.0 0.0 291.8 -002.043 KOHM R   

2016-05-19 09:20:40.291000 429.94 291.92 291.82 292.0 292.19 292.36 293.93 293.755 293.65 293.793 293.742 294.012 291.312 0.0 0.0 291.8 -002.049 KOHM R   

2016-05-19 09:21:40.822000 490.471 287.01 291.82 284.26 292.19 292.36 293.931 293.754 293.649 293.793 293.744 294.013 291.313 0.0 0.0 291.8 -002.074 KOHM R   

2016-05-19 09:22:41.378000 551.027 278.56 291.82 271.07 292.19 292.36 293.93 293.753 293.65 293.792 293.742 294.013 291.311 0.0 0.0 291.8 -002.080 KOHM R   

2016-05-19 09:23:47.516000 617.165 270.58 291.82 259.31 292.17 292.35 293.93 293.754 293.65 293.792 293.739 294.01 291.304 0.0 0.0 291.79 -002.026 KOHM R   

2016-05-19 09:24:48.115000 677.764 264.14 291.77 249.53 292.13 292.33 293.927 293.746 293.642 293.787 293.726 294.004 291.283 0.0 0.0 291.78 -002.100 KOHM R   

2016-05-19 09:25:49.825000 739.474 258.22 291.68 240.22 292.03 292.33 293.919 293.728 293.624 293.774 293.706 293.989 291.239 0.0 0.0 291.76 -002.076 KOHM R   

2016-05-19 09:26:50.474000 800.123 253.05 291.51 231.47 291.89 292.29 293.909 293.7 293.595 293.753 293.68 293.966 291.173 0.0 0.0 291.73 -002.072 KOHM R   

2016-05-19 09:27:51.165000 860.814 248.38 291.28 223.17 291.69 292.24 293.893 293.663 293.554 293.72 293.645 293.938 291.086 0.0 0.0 291.68 -002.066 KOHM R   

2016-05-19 09:28:51.861000 921.51 244.08 290.97 215.13 291.45 292.17 293.873 293.609 293.498 293.675 293.604 293.9 290.977 0.0 0.0 291.61 -002.075 KOHM R   

