2016-09-29 00:00:27.615000 65881.123 3.425 49.695 33.324 52.041 4.192 17.9357 3.635 3.9179 4.4547 7.0973 8.4646 4.0481 15.3113 4.6586 8.032 8.53049810849 7.0973
2016-09-29 00:01:41.649000 65955.157 3.343 49.695 33.85 52.04 4.192 17.9263 3.6351 3.9179 4.4543 7.0968 8.4631 4.0474 15.3113 4.6631 8.032 8.43730612281 7.0968
2016-09-29 00:02:54.914000 66028.422 3.453 49.695 33.323 52.04 4.192 17.9165 3.6348 3.9186 4.4549 7.0962 8.4617 4.0479 15.3142 4.6661 8.032 7.87141519439 7.0962
2016-09-29 00:04:08.999000 66102.507 3.489 49.696 33.869 52.04 4.192 17.9078 3.6347 3.9181 4.4546 7.0956 8.4601 4.0479 15.316 4.6702 8.032 8.39245374829 7.0956
2016-09-29 00:05:22.363000 66175.871 3.348 49.693 33.719 52.038 4.191 17.8985 3.6349 3.9183 4.4543 7.0952 8.4586 4.0471 15.3192 4.6741 8.032 8.48215849733 7.0952
2016-09-29 00:06:36.468000 66249.976 3.427 49.692 34.154 52.039 4.192 17.8891 3.634 3.9178 4.4546 7.0946 8.4571 4.0478 15.3123 4.678 8.032 8.25789662474 7.0946
2016-09-29 00:07:49.833000 66323.341 3.377 49.693 34.13 52.038 4.191 17.8799 3.6344 3.9177 4.4543 7.0942 8.4549 4.0481 15.3104 4.6827 8.032 7.71316188867 7.0942
2016-09-29 00:09:03.829000 66397.337 3.57 49.693 33.73 52.034 4.192 17.8701 3.6339 3.9181 4.4548 7.0939 8.454 4.0478 15.308 4.6888 8.032 7.87141519439 7.0939
2016-09-29 00:10:17.193000 66470.701 3.563 49.69 33.765 52.036 4.192 17.8614 3.6337 3.9181 4.4542 7.0934 8.4525 4.0484 15.313 4.6923 8.032 7.87141519439 7.0934
2016-09-29 00:11:31.258000 66544.766 3.401 49.693 33.337 52.035 4.192 17.8512 3.6335 3.9181 4.4543 7.093 8.451 4.0481 15.3085 4.6965 8.032 8.53049810849 7.093
2016-09-29 00:12:44.731000 66618.239 3.399 49.691 33.356 52.035 4.192 17.8427 3.6333 3.9183 4.4545 7.0929 8.4496 4.0484 15.3066 4.7019 8.032 7.79228854153 7.0929
2016-09-29 00:13:58.155000 66691.663 3.405 49.689 33.332 52.031 4.192 17.8328 3.6332 3.9186 4.4547 7.0926 8.4481 4.0478 15.314 4.7047 8.032 8.03363475214 7.0926
2016-09-29 00:15:12.320000 66765.828 3.346 49.689 33.991 52.032 4.192 17.8238 3.6328 3.9186 4.4548 7.0924 8.4466 4.0484 15.3032 4.7085 8.032 8.30274899925 7.0924
2016-09-29 00:16:25.775000 66839.283 3.344 49.69 33.953 52.032 4.192 17.8143 3.6333 3.9183 4.4545 7.092 8.445 4.0483 15.2983 4.7108 8.032 7.91097852082 7.092
2016-09-29 00:17:39.953000 66913.461 3.511 49.69 34.017 52.034 4.192 17.8043 3.6327 3.9184 4.4548 7.0914 8.4437 4.0482 15.3063 4.7156 8.032 8.30274899925 7.0914
2016-09-29 00:18:53.410000 66986.918 3.514 49.69 33.997 52.032 4.193 17.7956 3.6325 3.9185 4.4543 7.091 8.4423 4.0489 15.3025 4.7182 8.032 8.1681918757 7.091
2016-09-29 00:20:07.585000 67061.093 3.349 49.687 33.747 52.032 4.192 17.786 3.6328 3.9186 4.4548 7.0905 8.4408 4.0478 15.301 4.7233 8.032 7.7527252151 7.0905
2016-09-29 00:21:20.970000 67134.478 3.449 49.684 33.329 52.03 4.193 17.7769 3.6322 3.9182 4.4547 7.0901 8.4394 4.0481 15.3152 4.7264 8.032 7.99010517368 7.0901
2016-09-29 00:22:35.085000 67208.593 3.494 49.685 34.083 52.03 4.193 17.7674 3.6321 3.9187 4.455 7.0896 8.438 4.0483 15.2989 4.7316 8.032 8.03363475214 7.0896
2016-09-29 00:23:48.559000 67282.067 3.483 49.686 34.109 52.029 4.192 17.7582 3.6318 3.9187 4.4553 7.0893 8.4365 4.0476 15.2953 4.7362 8.032 8.30274899925 7.0893
2016-09-29 00:25:02.763000 67356.271 3.55 49.687 33.487 52.029 4.192 17.7486 3.6319 3.9181 4.4544 7.0887 8.4349 4.0481 15.2989 4.7379 8.031 8.21304425022 7.0887
2016-09-29 00:26:16.238000 67429.746 3.544 49.685 33.433 52.03 4.192 17.7386 3.6317 3.9183 4.4544 7.0881 8.4336 4.048 15.2925 4.7423 8.031 7.95054184725 7.0881
2016-09-29 00:27:29.743000 67503.251 3.516 49.684 33.427 52.028 4.192 17.7303 3.6314 3.9176 4.4541 7.0874 8.4319 4.0477 15.293 4.7453 8.031 7.83185186796 7.0874
2016-09-29 00:28:43.968000 67577.476 3.415 49.686 33.632 52.03 4.191 17.7202 3.6316 3.9172 4.4537 7.0869 8.4302 4.046 15.3003 4.7489 8.031 8.48215849733 7.0869
2016-09-29 00:29:57.392000 67650.9 3.36 49.687 33.579 52.029 4.191 17.7111 3.6307 3.9167 4.4533 7.0863 8.4285 4.046 15.293 4.7535 8.031 7.91097852082 7.0863
2016-09-29 00:31:11.627000 67725.135 3.574 49.687 33.668 52.03 4.19 17.7015 3.6308 3.9164 4.4528 7.0857 8.4269 4.0452 15.2906 4.7571 8.03 8.1681918757 7.0857
2016-09-29 00:32:25.063000 67798.571 3.576 49.687 33.65 52.029 4.189 17.6916 3.6306 3.916 4.4525 7.0849 8.4254 4.0448 15.2835 4.7609 8.03 8.34760137377 7.0849
2016-09-29 00:33:39.277000 67872.785 3.385 49.684 33.442 52.032 4.19 17.6827 3.6301 3.9157 4.4526 7.0844 8.4238 4.0458 15.2874 4.7656 8.03 8.43730612281 7.0844
2016-09-29 00:34:52.791000 67946.299 3.383 49.687 33.407 52.027 4.19 17.6733 3.6306 3.9162 4.4527 7.0839 8.4222 4.0462 15.2903 4.7712 8.03 7.79228854153 7.0839
2016-09-29 00:36:07.076000 68020.584 3.508 49.686 34.063 52.029 4.191 17.6631 3.6299 3.9169 4.4531 7.0834 8.4207 4.0459 15.2956 4.7769 8.03 8.34760137377 7.0834
2016-09-29 00:37:20.570000 68094.078 3.509 49.683 34.016 52.027 4.191 17.6547 3.6297 3.9167 4.453 7.0832 8.419 4.0458 15.2797 4.7819 8.03 8.39245374829 7.0832
2016-09-29 00:38:34.085000 68167.593 3.502 49.684 34.042 52.03 4.191 17.6444 3.6295 3.9169 4.4532 7.0829 8.4176 4.046 15.285 4.786 8.03 8.07848712666 7.0829
2016-09-29 00:39:48.330000 68241.838 3.482 49.685 33.372 52.025 4.191 17.6354 3.6292 3.9166 4.4531 7.0828 8.416 4.0468 15.2795 4.7913 8.03 8.03363475214 7.0828
2016-09-29 00:41:01.804000 68315.312 3.476 49.685 33.356 52.024 4.192 17.6262 3.6297 3.9171 4.4535 7.0828 8.4146 4.0475 15.2813 4.7963 8.031 8.21304425022 7.0828
2016-09-29 00:42:16.179000 68389.687 3.449 49.681 34.134 52.027 4.192 17.6163 3.6291 3.9179 4.4539 7.0826 8.4131 4.0475 15.2817 4.8016 8.031 8.58114114557 7.0826
2016-09-29 00:43:29.814000 68463.322 3.471 49.679 34.129 52.023 4.193 17.6074 3.6291 3.9182 4.4541 7.0825 8.4119 4.0479 15.2779 4.8066 8.031 7.87141519439 7.0825
2016-09-29 00:44:44.118000 68537.626 3.375 49.68 33.476 52.024 4.193 17.5978 3.6291 3.9184 4.4545 7.0825 8.4105 4.0485 15.2824 4.8136 8.031 7.91097852082 7.0825
2016-09-29 00:45:57.699000 68611.207 3.373 49.679 33.492 52.023 4.193 17.5885 3.6288 3.9185 4.4549 7.0827 8.4091 4.0483 15.2797 4.8186 8.031 8.43730612281 7.0827
2016-09-29 00:47:12.104000 68685.612 3.562 49.682 33.783 52.023 4.193 17.5789 3.6289 3.9178 4.4543 7.0819 8.4076 4.0475 15.2788 4.8234 8.031 8.03363475214 7.0819
2016-09-29 00:48:25.699000 68759.207 3.554 49.68 33.775 52.022 4.193 17.5696 3.6293 3.9186 4.4547 7.0827 8.4063 4.0478 15.2702 4.8291 8.031 7.83185186796 7.0827
2016-09-29 00:49:40.094000 68833.602 3.347 49.68 33.939 52.024 4.193 17.5596 3.6288 3.9188 4.4549 7.0828 8.4049 4.0486 15.2726 4.8331 8.031 8.58114114557 7.0828
2016-09-29 00:50:53.668000 68907.176 3.346 49.678 33.96 52.023 4.192 17.5504 3.6287 3.9186 4.4545 7.083 8.4035 4.0481 15.2704 4.8401 8.031 8.25789662474 7.083
2016-09-29 00:52:08.033000 68981.541 3.527 49.68 33.378 52.024 4.193 17.5408 3.6289 3.9182 4.4545 7.083 8.4021 4.0481 15.277 4.8458 8.031 7.7527252151 7.083
2016-09-29 00:53:21.702000 69055.21 3.52 49.679 33.42 52.023 4.193 17.5315 3.6282 3.9182 4.4548 7.0831 8.4007 4.0475 15.2753 4.8502 8.031 8.78371329388 7.0831
2016-09-29 00:54:35.967000 69129.475 3.438 49.68 34.15 52.024 4.191 17.5219 3.6284 3.9174 4.4538 7.0832 8.3991 4.0464 15.2735 4.8551 8.031 7.83185186796 7.0832
2016-09-29 00:55:49.702000 69203.21 3.463 49.68 34.14 52.026 4.191 17.5125 3.6287 3.917 4.4536 7.083 8.3975 4.0463 15.2698 4.8608 8.03 7.67359856223 7.083
2016-09-29 00:57:04.017000 69277.525 3.362 49.683 33.569 52.027 4.19 17.5022 3.628 3.9164 4.4533 7.0831 8.396 4.0456 15.2639 4.8668 8.03 7.91097852082 7.0831
2016-09-29 00:58:17.692000 69351.2 3.368 49.682 33.581 52.027 4.191 17.4931 3.6277 3.9165 4.453 7.083 8.3943 4.0464 15.2691 4.8703 8.03 7.95054184725 7.083
2016-09-29 00:59:32.077000 69425.585 3.565 49.683 33.769 52.024 4.191 17.484 3.628 3.9167 4.4533 7.0827 8.3928 4.0456 15.2619 4.8751 8.03 8.39245374829 7.0827
2016-09-29 01:00:45.711000 69499.219 3.576 49.684 33.694 52.027 4.191 17.4742 3.6271 3.9165 4.4535 7.0824 8.3914 4.0459 15.2642 4.8789 8.03 7.87141519439 7.0824
2016-09-29 01:01:59.366000 69572.874 3.396 49.683 33.735 52.027 4.191 17.4649 3.6273 3.9163 4.4526 7.0822 8.3898 4.0453 15.264 4.8838 8.03 7.79228854153 7.0822
2016-09-29 01:03:13.861000 69647.369 3.526 49.683 34.028 52.028 4.19 17.455 3.6275 3.9157 4.4524 7.0818 8.3881 4.0457 15.2601 4.8878 8.03 8.39245374829 7.0818
2016-09-29 01:04:27.635000 69721.143 3.526 49.683 33.947 52.027 4.189 17.4455 3.6266 3.9155 4.4526 7.0813 8.3865 4.0443 15.261 4.8921 8.03 8.25789662474 7.0813
2016-09-29 01:05:42.110000 69795.618 3.347 49.684 33.77 52.028 4.19 17.436 3.6267 3.9153 4.4521 7.081 8.3849 4.0451 15.2611 4.8963 8.03 7.83185186796 7.081
2016-09-29 01:06:55.905000 69869.413 3.45 49.685 34.137 52.029 4.189 17.4264 3.6268 3.9153 4.452 7.0806 8.3835 4.0446 15.2565 4.9013 8.03 8.25789662474 7.0806
2016-09-29 01:08:10.391000 69943.899 3.366 49.684 33.529 52.027 4.19 17.4163 3.6262 3.9158 4.4521 7.0804 8.3819 4.045 15.2635 4.9065 8.03 7.87141519439 7.0804
2016-09-29 01:09:24.215000 70017.723 3.364 49.683 33.55 52.028 4.19 17.4074 3.6261 3.9155 4.4525 7.0801 8.3805 4.0447 15.261 4.9128 8.03 7.83185186796 7.0801
2016-09-29 01:10:38.780000 70092.288 3.408 49.684 33.734 52.027 4.19 17.3973 3.6259 3.9152 4.4516 7.0798 8.3789 4.0449 15.262 4.918 8.03 8.1681918757 7.0798
2016-09-29 01:11:52.585000 70166.093 3.399 49.685 33.351 52.026 4.191 17.3881 3.6258 3.9161 4.4525 7.0797 8.3775 4.0457 15.2538 4.9245 8.03 8.21304425022 7.0797
2016-09-29 01:13:07.152000 70240.66 3.528 49.683 33.943 52.026 4.191 17.3778 3.6257 3.9166 4.4533 7.0798 8.3761 4.0464 15.2425 4.9309 8.03 8.21304425022 7.0798
2016-09-29 01:14:20.957000 70314.465 3.427 49.683 33.331 52.027 4.189 17.3687 3.6257 3.9155 4.452 7.0797 8.3747 4.0446 15.247 4.9353 8.03 7.7527252151 7.0797
2016-09-29 01:15:35.531000 70389.039 3.496 49.685 34.067 52.029 4.191 17.3592 3.6255 3.9156 4.4521 7.0793 8.3729 4.046 15.2516 4.9411 8.03 7.7527252151 7.0793
2016-09-29 01:16:49.396000 70462.904 3.507 49.682 33.402 52.026 4.192 17.3487 3.6253 3.9167 4.453 7.0795 8.3718 4.0467 15.2504 4.9487 8.03 7.87141519439 7.0795
2016-09-29 01:18:03.969000 70537.477 3.451 49.678 34.18 52.026 4.192 17.3392 3.625 3.9169 4.4535 7.0793 8.3704 4.0463 15.2573 4.9556 8.031 8.21304425022 7.0793
2016-09-29 01:19:17.835000 70611.343 3.57 49.68 33.54 52.023 4.191 17.3304 3.6252 3.9165 4.4526 7.0792 8.3689 4.0462 15.2392 4.9618 8.03 8.43730612281 7.0792
2016-09-29 01:20:32.490000 70685.998 3.388 49.679 34.136 52.022 4.191 17.3207 3.6253 3.9163 4.4526 7.079 8.3674 4.0456 15.2451 4.9683 8.03 8.39245374829 7.079
2016-09-29 01:21:46.384000 70759.892 3.569 49.677 33.747 52.021 4.191 17.3106 3.625 3.9167 4.453 7.0788 8.3659 4.0457 15.2496 4.9755 8.03 7.87141519439 7.0788
2016-09-29 01:23:00.949000 70834.457 3.346 49.678 33.969 52.02 4.191 17.3006 3.6246 3.9163 4.4531 7.0787 8.3643 4.0456 15.2502 4.9844 8.03 7.7527252151 7.0787
2016-09-29 01:24:14.834000 70908.342 3.515 49.677 33.996 52.022 4.191 17.2917 3.6249 3.916 4.4522 7.0787 8.3626 4.0448 15.2369 4.9906 8.03 8.7330702568 7.0787
2016-09-29 01:25:28.699000 70982.207 3.45 49.679 33.329 52.021 4.191 17.2822 3.6251 3.916 4.4524 7.0785 8.3611 4.0457 15.2369 4.9984 8.03 8.03363475214 7.0785
2016-09-29 01:26:43.343000 71056.851 3.481 49.677 34.108 52.02 4.191 17.2718 3.6246 3.9164 4.4526 7.0785 8.3596 4.0451 15.24 5.0043 8.03 7.95054184725 7.0785
2016-09-29 01:27:57.258000 71130.766 3.554 49.679 33.472 52.025 4.189 17.263 3.6245 3.9149 4.4518 7.0784 8.3578 4.0437 15.2376 5.0114 8.029 7.79228854153 7.0784
2016-09-29 01:29:11.973000 71205.481 3.421 49.683 34.16 52.027 4.188 17.2531 3.6243 3.9137 4.4505 7.0781 8.356 4.0424 15.231 5.0163 8.028 8.07848712666 7.0781
2016-09-29 01:30:25.938000 71279.446 3.573 49.683 33.664 52.024 4.187 17.2433 3.6244 3.9131 4.4503 7.0778 8.3541 4.0412 15.2329 5.0226 8.028 8.12333950118 7.0778
2016-09-29 01:31:40.643000 71354.151 3.537 49.686 33.889 52.027 4.185 17.2334 3.6236 3.9119 4.4492 7.0774 8.3524 4.039 15.2328 5.0277 8.027 8.53049810849 7.0774
2016-09-29 01:32:54.617000 71428.125 3.416 49.684 33.328 52.028 4.185 17.2236 3.6229 3.9108 4.4483 7.0769 8.3505 4.0395 15.2347 5.0322 8.027 7.71316188867 7.0769
2016-09-29 01:34:09.252000 71502.76 3.507 49.684 34.018 52.027 4.185 17.214 3.6229 3.9106 4.4485 7.0767 8.3488 4.0395 15.2348 5.0388 8.027 7.91097852082 7.0767
2016-09-29 01:35:23.237000 71576.745 3.45 49.686 33.377 52.027 4.184 17.2041 3.6231 3.9107 4.4483 7.0765 8.3469 4.0386 15.2376 5.0458 8.027 7.83185186796 7.0765
2016-09-29 01:36:37.992000 71651.5 3.557 49.688 34.105 52.028 4.184 17.1946 3.6228 3.91 4.4478 7.0763 8.3452 4.0388 15.2306 5.0527 8.026 8.03363475214 7.0763
2016-09-29 01:37:52.037000 71725.545 3.351 49.687 33.633 52.029 4.183 17.184 3.6219 3.9093 4.4475 7.0763 8.3436 4.037 15.2259 5.0594 8.026 8.07848712666 7.0763
2016-09-29 01:39:06.822000 71800.33 3.569 49.689 33.648 52.031 4.183 17.1751 3.6215 3.9089 4.4472 7.076 8.3418 4.0368 15.2256 5.0665 8.026 8.21304425022 7.076
2016-09-29 01:40:20.856000 71874.364 3.364 49.69 33.506 52.03 4.184 17.1654 3.6214 3.909 4.4465 7.0759 8.3402 4.038 15.2209 5.0741 8.026 8.39245374829 7.0759
2016-09-29 01:41:35.530000 71949.038 3.41 49.689 33.339 52.03 4.183 17.1553 3.6211 3.9092 4.4467 7.0761 8.3384 4.0378 15.2273 5.082 8.026 8.43730612281 7.0761
2016-09-29 01:42:49.616000 72023.124 3.337 49.689 34.011 52.033 4.183 17.1455 3.6209 3.9091 4.4467 7.0762 8.337 4.0367 15.2169 5.0893 8.026 7.91097852082 7.0762
2016-09-29 01:44:04.491000 72097.999 3.339 49.692 33.834 52.034 4.182 17.1356 3.6207 3.9084 4.4462 7.0764 8.3352 4.0361 15.2243 5.0969 8.025 7.71316188867 7.0764
2016-09-29 01:45:18.580000 72172.088 3.473 49.693 34.115 52.036 4.182 17.1263 3.6201 3.9077 4.446 7.0765 8.3336 4.0368 15.2245 5.1031 8.025 7.83185186796 7.0765
2016-09-29 01:46:33.454000 72246.962 3.391 49.692 34.163 52.035 4.183 17.1164 3.6202 3.908 4.4461 7.0767 8.3321 4.0366 15.2242 5.1117 8.026 7.83185186796 7.0767
2016-09-29 01:47:47.519000 72321.027 3.564 49.695 33.726 52.035 4.182 17.1068 3.6199 3.908 4.446 7.0769 8.3304 4.037 15.2193 5.1194 8.026 8.39245374829 7.0769
2016-09-29 01:49:02.384000 72395.892 3.514 49.695 34.054 52.037 4.183 17.097 3.6197 3.9081 4.4461 7.0772 8.3289 4.0373 15.2157 5.1278 8.026 8.25789662474 7.0772
2016-09-29 01:50:16.509000 72470.017 3.456 49.696 33.365 52.033 4.184 17.0866 3.6195 3.9089 4.4465 7.0774 8.3275 4.0381 15.2124 5.1354 8.026 7.83185186796 7.0774
2016-09-29 01:51:31.334000 72544.842 3.448 49.694 34.15 52.037 4.182 17.0768 3.6194 3.9087 4.4467 7.078 8.3261 4.0369 15.2109 5.1437 8.026 8.39245374829 7.078
2016-09-29 01:52:45.499000 72619.007 3.357 49.698 33.562 52.04 4.181 17.0674 3.619 3.907 4.4454 7.0784 8.3245 4.0356 15.2157 5.1495 8.025 7.95054184725 7.0784
2016-09-29 01:54:00.453000 72693.961 3.4 49.7 33.365 52.039 4.182 17.058 3.6189 3.9067 4.4453 7.0786 8.3228 4.0362 15.2104 5.1576 8.025 7.7527252151 7.0786
2016-09-29 01:55:14.559000 72768.067 3.341 49.697 34.084 52.04 4.181 17.0479 3.6186 3.9069 4.4451 7.079 8.3213 4.0351 15.2111 5.1653 8.025 8.25789662474 7.079
2016-09-29 01:56:29.604000 72843.112 3.336 49.698 33.885 52.04 4.18 17.038 3.6184 3.9066 4.4447 7.0794 8.3198 4.0346 15.2164 5.1745 8.025 8.34760137377 7.0794
2016-09-29 01:57:43.729000 72917.237 3.414 49.699 34.156 52.039 4.181 17.0281 3.6181 3.9066 4.4448 7.0796 8.3182 4.0358 15.2094 5.1819 8.025 8.30274899925 7.0796
2016-09-29 01:58:58.704000 72992.212 3.35 49.698 34.1 52.041 4.181 17.0183 3.6179 3.9069 4.4449 7.0799 8.3167 4.0356 15.213 5.1918 8.025 8.21304425022 7.0799
2016-09-29 02:00:12.959000 73066.467 3.432 49.698 33.354 52.039 4.181 17.0087 3.6174 3.9068 4.4453 7.0804 8.3152 4.0355 15.2101 5.201 8.025 7.83185186796 7.0804
2016-09-29 02:01:27.954000 73141.462 3.543 49.697 33.509 52.039 4.181 16.9987 3.6173 3.9068 4.4453 7.0807 8.3137 4.0359 15.2068 5.2114 8.026 8.48215849733 7.0807
2016-09-29 02:02:42.178000 73215.686 3.36 49.696 33.607 52.038 4.182 16.9893 3.6176 3.9072 4.4452 7.0814 8.3122 4.0364 15.2056 5.2206 8.026 7.7527252151 7.0814
2016-09-29 02:03:57.043000 73290.551 3.393 49.695 33.363 52.038 4.183 16.9799 3.6175 3.9077 4.4453 7.0819 8.311 4.037 15.1938 5.23 8.026 8.03363475214 7.0819
2016-09-29 02:05:11.328000 73364.836 3.339 49.697 34.039 52.036 4.182 16.9702 3.6176 3.9077 4.4457 7.0824 8.3095 4.0362 15.2018 5.24 8.026 8.25789662474 7.0824
2016-09-29 02:06:26.344000 73439.852 3.343 49.695 33.749 52.038 4.183 16.9607 3.6176 3.9078 4.4457 7.0831 8.3081 4.0362 15.1981 5.2501 8.026 7.83185186796 7.0831
2016-09-29 02:07:40.609000 73514.117 3.557 49.697 33.53 52.036 4.184 16.9507 3.6171 3.9085 4.4461 7.0835 8.3067 4.0378 15.2021 5.2591 8.026 8.48215849733 7.0835
2016-09-29 02:08:55.694000 73589.202 3.52 49.694 33.968 52.036 4.182 16.9408 3.6169 3.9085 4.446 7.0842 8.3053 4.0359 15.2018 5.2696 8.026 8.25789662474 7.0842
2016-09-29 02:10:10.019000 73663.527 3.337 49.697 33.839 52.037 4.181 16.9322 3.6165 3.9073 4.4455 7.0847 8.3037 4.0351 15.2037 5.2764 8.026 8.1681918757 7.0847
2016-09-29 02:11:25.058000 73738.566 3.36 49.695 33.588 52.037 4.181 16.9224 3.6163 3.9068 4.4452 7.085 8.3013 4.0351 15.1979 5.2871 8.026 7.79228854153 7.085
2016-09-29 02:12:39.402000 73812.91 3.347 49.695 34.067 52.035 4.182 16.9128 3.6164 3.9069 4.4452 7.0856 8.3007 4.0362 15.197 5.2952 8.026 8.34760137377 7.0856
2016-09-29 02:13:54.467000 73887.975 3.479 49.693 33.859 52.035 4.182 16.9029 3.6162 3.9071 4.4452 7.0862 8.2993 4.0358 15.1977 5.3059 8.026 8.34760137377 7.0862
2016-09-29 02:15:08.832000 73962.34 3.553 49.694 33.56 52.037 4.181 16.8935 3.6162 3.9068 4.4445 7.0866 8.2977 4.0345 15.1907 5.3148 8.025 7.67359856223 7.0866
2016-09-29 02:16:24.017000 74037.525 3.393 49.695 33.344 52.036 4.183 16.884 3.616 3.9069 4.4447 7.087 8.2962 4.0367 15.1931 5.3256 8.026 8.1681918757 7.087
2016-09-29 02:17:38.416000 74111.924 3.342 49.692 34.048 52.033 4.181 16.8742 3.6163 3.9071 4.4449 7.0875 8.2947 4.0353 15.1956 5.334 8.026 8.30274899925 7.0875
2016-09-29 02:18:53.572000 74187.08 3.465 49.693 34.142 52.035 4.18 16.8646 3.6156 3.9065 4.4447 7.0879 8.2933 4.034 15.1923 5.3429 8.025 7.83185186796 7.0879
2016-09-29 02:20:07.937000 74261.445 3.356 49.693 33.536 52.035 4.18 16.8547 3.616 3.9063 4.4445 7.0883 8.2917 4.0345 15.1924 5.3516 8.025 7.95054184725 7.0883
2016-09-29 02:21:23.192000 74336.7 3.388 49.694 33.372 52.035 4.18 16.8451 3.6157 3.9058 4.444 7.0887 8.2902 4.0347 15.1923 5.3609 8.025 8.34760137377 7.0887
2016-09-29 02:22:37.506000 74411.014 3.509 49.692 33.957 52.035 4.181 16.8347 3.6152 3.9066 4.4446 7.089 8.2887 4.0349 15.1854 5.372 8.025 8.1681918757 7.089
2016-09-29 02:23:52.801000 74486.309 3.394 49.691 34.159 52.033 4.182 16.8259 3.6151 3.9071 4.4449 7.0896 8.2874 4.036 15.1944 5.383 8.025 7.83185186796 7.0896
2016-09-29 02:25:07.156000 74560.664 3.379 49.689 33.418 52.032 4.182 16.8162 3.6146 3.9071 4.4453 7.0903 8.285 4.0361 15.184 5.393 8.026 7.99010517368 7.0903
2016-09-29 02:26:22.441000 74635.949 3.34 49.688 33.321 52.031 4.182 16.806 3.6149 3.9075 4.4453 7.091 8.2845 4.0361 15.1798 5.4042 8.026 8.34760137377 7.091
2016-09-29 02:27:36.776000 74710.284 3.477 49.688 34.126 52.03 4.182 16.7967 3.6145 3.9074 4.4454 7.0915 8.2833 4.0356 15.1833 5.4152 8.026 8.21304425022 7.0915
2016-09-29 02:28:52.131000 74785.639 3.565 49.69 33.723 52.03 4.182 16.7873 3.6144 3.9071 4.4455 7.0924 8.2817 4.0359 15.1805 5.4247 8.026 7.91097852082 7.0924
2016-09-29 02:30:06.567000 74860.075 3.346 49.69 34.098 52.03 4.182 16.7776 3.6146 3.9067 4.445 7.093 8.2802 4.0353 15.1879 5.4348 8.025 8.30274899925 7.093
2016-09-29 02:31:21.862000 74935.37 3.34 49.688 33.896 52.03 4.183 16.7677 3.6142 3.9074 4.4452 7.0937 8.2789 4.0361 15.1787 5.446 8.026 8.58114114557 7.0937
2016-09-29 02:32:36.437000 75009.945 3.351 49.684 33.452 52.027 4.183 16.758 3.6145 3.9076 4.4458 7.0945 8.2775 4.0371 15.18 5.4577 8.026 8.12333950118 7.0945
2016-09-29 02:33:51.762000 75085.27 3.405 49.686 33.335 52.028 4.183 16.7484 3.6141 3.9075 4.4455 7.0953 8.2761 4.0368 15.1798 5.4703 8.026 7.95054184725 7.0953
2016-09-29 02:35:06.336000 75159.844 3.505 49.683 34.063 52.027 4.183 16.7387 3.6144 3.9076 4.4457 7.0962 8.2746 4.0363 15.1717 5.4803 8.026 7.67359856223 7.0962
2016-09-29 02:36:21.681000 75235.189 3.561 49.686 33.553 52.025 4.182 16.7287 3.6143 3.907 4.4452 7.0969 8.2731 4.0356 15.1761 5.4929 8.025 7.95054184725 7.0969
2016-09-29 02:37:36.215000 75309.723 3.381 49.685 34.159 52.029 4.181 16.7192 3.6141 3.907 4.4447 7.0976 8.2718 4.0346 15.172 5.5033 8.025 8.07848712666 7.0976
2016-09-29 02:38:51.600000 75385.108 3.518 49.683 33.912 52.027 4.183 16.7093 3.6139 3.9068 4.4451 7.0982 8.2702 4.0362 15.1792 5.5161 8.025 8.43730612281 7.0982
2016-09-29 02:40:06.178000 75459.686 3.341 49.686 33.797 52.025 4.182 16.6996 3.6139 3.9073 4.445 7.0991 8.2689 4.036 15.1729 5.5278 8.025 8.48215849733 7.0991
2016-09-29 02:41:21.563000 75535.071 3.399 49.685 34.162 52.025 4.182 16.69 3.6138 3.9068 4.4451 7.1001 8.2674 4.0352 15.1698 5.5404 8.025 7.87141519439 7.1001
2016-09-29 02:42:36.179000 75609.687 3.384 49.685 33.399 52.027 4.181 16.6801 3.6137 3.9067 4.4444 7.1008 8.266 4.0353 15.1713 5.5515 8.025 7.7527252151 7.1008
2016-09-29 02:43:51.604000 75685.112 3.338 49.684 33.907 52.026 4.182 16.6701 3.6136 3.9067 4.445 7.1016 8.2645 4.0357 15.1752 5.5649 8.025 7.91097852082 7.1016
2016-09-29 02:45:06.249000 75759.757 3.519 49.685 33.455 52.027 4.181 16.6603 3.6135 3.9067 4.4445 7.1024 8.2631 4.0349 15.1706 5.5774 8.025 8.03363475214 7.1024
2016-09-29 02:46:21.584000 75835.092 3.374 49.688 33.443 52.027 4.181 16.6506 3.6133 3.906 4.4444 7.1032 8.2617 4.0344 15.1738 5.5886 8.025 8.34760137377 7.1032
2016-09-29 02:47:36.287000 75909.795 3.538 49.688 33.861 52.028 4.181 16.6408 3.6131 3.9054 4.4437 7.1038 8.2601 4.0341 15.1766 5.6007 8.024 7.95054184725 7.1038
2016-09-29 02:48:51.802000 75985.31 3.571 49.685 33.599 52.027 4.182 16.6307 3.6127 3.9063 4.4448 7.1048 8.2587 4.0351 15.1638 5.6146 8.025 7.67359856223 7.1048
2016-09-29 02:50:06.567000 76060.075 3.519 49.685 33.963 52.027 4.182 16.6213 3.613 3.9068 4.4451 7.1057 8.2573 4.0352 15.1671 5.6287 8.025 7.79228854153 7.1057
2016-09-29 02:51:21.986000 76135.494 3.54 49.687 33.48 52.028 4.182 16.6112 3.6126 3.9068 4.4448 7.1067 8.256 4.0351 15.1654 5.6411 8.025 7.95054184725 7.1067
2016-09-29 02:52:36.771000 76210.279 3.406 49.687 34.164 52.028 4.182 16.6014 3.6128 3.9063 4.4445 7.1077 8.2545 4.0348 15.1597 5.6558 8.025 7.91097852082 7.1077
2016-09-29 02:53:52.277000 76285.785 3.54 49.687 33.893 52.03 4.182 16.5913 3.6124 3.9065 4.445 7.1086 8.2531 4.0345 15.1615 5.6696 8.025 8.03363475214 7.1086
2016-09-29 02:55:06.962000 76360.47 3.505 49.687 34.019 52.029 4.181 16.5816 3.6122 3.9061 4.4442 7.1096 8.2516 4.0342 15.1617 5.682 8.025 8.21304425022 7.1096
2016-09-29 02:56:22.513000 76436.021 3.56 49.687 33.549 52.031 4.181 16.571 3.6122 3.9061 4.4445 7.1107 8.25 4.0338 15.1581 5.6951 8.025 8.21304425022 7.1107
2016-09-29 02:57:38.098000 76511.606 3.409 49.685 33.318 52.026 4.184 16.5616 3.6127 3.9071 4.4451 7.1117 8.2488 4.0367 15.1585 5.7101 8.025 8.39245374829 7.1117
2016-09-29 02:58:52.913000 76586.421 3.493 49.683 33.402 52.027 4.184 16.5515 3.6123 3.9081 4.4457 7.1129 8.2474 4.0362 15.161 5.7239 8.026 7.95054184725 7.1129
2016-09-29 03:00:08.548000 76662.056 3.371 49.686 33.474 52.027 4.182 16.5418 3.6127 3.9071 4.445 7.1139 8.246 4.0356 15.161 5.7393 8.025 7.91097852082 7.1139
2016-09-29 03:01:23.353000 76736.861 3.395 49.684 33.369 52.027 4.181 16.532 3.6126 3.9068 4.4448 7.1149 8.2447 4.0343 15.1603 5.7524 8.025 8.39245374829 7.1149
2016-09-29 03:02:38.988000 76812.496 3.341 49.689 33.775 52.028 4.181 16.5223 3.6121 3.9057 4.4437 7.1158 8.2431 4.0341 15.1566 5.7668 8.025 8.39245374829 7.1158
2016-09-29 03:03:53.673000 76887.181 3.562 49.687 33.505 52.029 4.181 16.5121 3.6118 3.9055 4.4439 7.1168 8.2417 4.0336 15.1618 5.7817 8.025 8.1681918757 7.1168
2016-09-29 03:05:09.289000 76962.797 3.346 49.684 33.384 52.028 4.181 16.5024 3.6117 3.9057 4.4439 7.1179 8.2402 4.034 15.1578 5.7946 8.025 8.07848712666 7.1179
2016-09-29 03:06:24.164000 77037.672 3.438 49.685 33.343 52.027 4.182 16.4925 3.6116 3.9061 4.444 7.1188 8.2388 4.0343 15.1546 5.8108 8.025 7.79228854153 7.1188
2016-09-29 03:07:39.714000 77113.222 3.414 49.685 33.641 52.027 4.181 16.4825 3.6115 3.9059 4.4443 7.1197 8.2375 4.0343 15.1555 5.8261 8.025 8.12333950118 7.1197
2016-09-29 03:08:54.578000 77188.086 3.379 49.685 33.468 52.025 4.181 16.4727 3.6114 3.9057 4.4442 7.1208 8.2361 4.034 15.1501 5.8429 8.025 8.07848712666 7.1208
2016-09-29 03:10:10.294000 77263.802 3.499 49.687 34.042 52.027 4.181 16.4627 3.6111 3.9055 4.4442 7.1218 8.2347 4.0337 15.1571 5.8577 8.024 8.25789662474 7.1218
2016-09-29 03:11:25.188000 77338.696 3.435 49.682 33.706 52.023 4.181 16.4526 3.6108 3.9058 4.4444 7.1227 8.2333 4.0338 15.1541 5.874 8.025 8.43730612281 7.1227
2016-09-29 03:12:40.774000 77414.282 3.543 49.683 33.844 52.026 4.181 16.4421 3.6111 3.906 4.4441 7.1239 8.2318 4.0343 15.1485 5.8897 8.025 8.07848712666 7.1239
2016-09-29 03:13:55.728000 77489.236 3.498 49.681 34.049 52.023 4.181 16.4323 3.611 3.906 4.4441 7.1249 8.2305 4.0341 15.149 5.906 8.025 7.7527252151 7.1249
2016-09-29 03:15:11.474000 77564.982 3.57 49.68 33.586 52.024 4.181 16.4226 3.6115 3.9059 4.4442 7.1261 8.2292 4.0344 15.149 5.9233 8.025 7.79228854153 7.1261
2016-09-29 03:16:26.468000 77639.976 3.544 49.681 33.84 52.021 4.182 16.4127 3.6113 3.9059 4.4442 7.1272 8.2277 4.0347 15.1483 5.9388 8.025 8.12333950118 7.1272
2016-09-29 03:17:42.292000 77715.8 3.35 49.679 33.671 52.02 4.182 16.4028 3.6109 3.9066 4.4444 7.1286 8.2264 4.0353 15.1527 5.959 8.025 7.99010517368 7.1286
2016-09-29 03:18:57.296000 77790.804 3.367 49.681 33.492 52.021 4.181 16.3929 3.6107 3.9057 4.4436 7.1298 8.225 4.034 15.1529 5.9736 8.025 7.7527252151 7.1298
2016-09-29 03:20:14.172000 77867.68 3.346 49.679 33.714 52.02 4.181 16.3824 3.6111 3.9056 4.4438 7.1309 8.2235 4.0342 15.1557 5.9898 8.024 7.7527252151 7.1309
2016-09-29 03:21:29.477000 77942.985 3.369 49.681 33.531 52.02 4.18 16.3725 3.611 3.9051 4.4436 7.1322 8.222 4.0336 15.1481 6.0048 8.024 8.25789662474 7.1322
2016-09-29 03:22:45.282000 78018.79 3.512 49.681 33.98 52.023 4.18 16.3627 3.6104 3.9046 4.4428 7.1332 8.2205 4.0325 15.1465 6.0217 8.024 8.30274899925 7.1332
2016-09-29 03:24:00.317000 78093.825 3.462 49.68 34.121 52.023 4.182 16.3524 3.6103 3.905 4.4433 7.1343 8.219 4.0339 15.1471 6.0381 8.024 8.43730612281 7.1343
2016-09-29 03:25:16.282000 78169.79 3.4 49.677 33.367 52.023 4.181 16.3424 3.6099 3.9054 4.4441 7.1355 8.2178 4.0344 15.1427 6.0564 8.024 7.91097852082 7.1355
2016-09-29 03:26:32.117000 78245.625 3.439 49.679 33.739 52.021 4.182 16.3321 3.61 3.9056 4.4437 7.1369 8.2165 4.034 15.1455 6.0753 8.024 7.71316188867 7.1369
2016-09-29 03:27:47.152000 78320.66 3.374 49.677 34.139 52.02 4.181 16.3222 3.6104 3.9058 4.4437 7.1382 8.2151 4.0337 15.1497 6.094 8.024 8.48215849733 7.1382
2016-09-29 03:29:02.958000 78396.466 3.499 49.678 34.046 52.02 4.18 16.3123 3.6099 3.9052 4.4434 7.1395 8.2138 4.0329 15.1437 6.113 8.024 8.12333950118 7.1395
2016-09-29 03:30:18.013000 78471.521 3.436 49.681 34.152 52.02 4.18 16.302 3.6099 3.9046 4.4429 7.1407 8.2123 4.0325 15.1467 6.1306 8.024 7.95054184725 7.1407
2016-09-29 03:31:33.858000 78547.366 3.411 49.682 33.338 52.021 4.179 16.292 3.6097 3.904 4.4429 7.142 8.211 4.0321 15.142 6.1483 8.024 8.25789662474 7.142
2016-09-29 03:32:48.883000 78622.391 3.508 49.681 33.428 52.021 4.18 16.282 3.6095 3.904 4.4428 7.1431 8.2096 4.0325 15.143 6.1669 8.023 8.25789662474 7.1431
2016-09-29 03:34:05.018000 78698.526 3.368 49.68 34.13 52.023 4.18 16.2713 3.6095 3.9042 4.4427 7.1442 8.2081 4.0322 15.1474 6.1859 8.023 7.83185186796 7.1442
2016-09-29 03:35:20.423000 78773.931 3.506 49.681 34.013 52.021 4.179 16.2617 3.6097 3.9038 4.4426 7.1453 8.2067 4.0318 15.1383 6.2042 8.023 7.7527252151 7.1453
2016-09-29 03:36:36.588000 78850.096 3.365 49.68 34.156 52.023 4.179 16.2514 3.6092 3.9037 4.4426 7.1468 8.2055 4.0323 15.1416 6.2185 8.023 7.87141519439 7.1468
2016-09-29 03:37:52.077000 78925.585 3.504 49.681 34.024 52.02 4.18 16.2413 3.6088 3.9039 4.4425 7.1482 8.2042 4.0323 15.1443 6.2354 8.023 8.30274899925 7.1482
2016-09-29 03:39:08.255000 79001.763 3.364 49.68 33.51 52.02 4.18 16.2309 3.6093 3.9045 4.4428 7.1494 8.2031 4.0331 15.1334 6.2521 8.024 8.34760137377 7.1494
2016-09-29 03:40:23.401000 79076.909 3.408 49.679 33.346 52.019 4.179 16.2207 3.6093 3.9039 4.4425 7.1507 8.2019 4.032 15.143 6.2703 8.023 8.07848712666 7.1507
2016-09-29 03:41:39.416000 79152.924 3.458 49.68 34.11 52.021 4.18 16.2105 3.6088 3.9037 4.4421 7.1518 8.2008 4.0324 15.1356 6.2888 8.023 7.79228854153 7.1518
2016-09-29 03:42:55.441000 79228.949 3.391 49.68 33.401 52.021 4.179 16.2003 3.6084 3.9037 4.4426 7.1528 8.1994 4.0317 15.1349 6.3091 8.023 7.83185186796 7.1528
2016-09-29 03:44:10.626000 79304.134 3.339 49.679 33.799 52.021 4.178 16.1895 3.6083 3.9029 4.4419 7.1537 8.198 4.0309 15.1363 6.3318 8.023 7.95054184725 7.1537
2016-09-29 03:45:26.671000 79380.179 3.569 49.677 33.691 52.019 4.18 16.1799 3.6087 3.9033 4.442 7.1549 8.1965 4.032 15.1474 6.3515 8.023 8.43730612281 7.1549
2016-09-29 03:46:41.866000 79455.374 3.517 49.678 33.912 52.019 4.179 16.1698 3.6082 3.9036 4.442 7.1562 8.1952 4.0317 15.1397 6.3774 8.023 8.39245374829 7.1562
2016-09-29 03:47:57.938000 79531.446 3.397 49.678 33.659 52.019 4.178 16.1595 3.6082 3.9026 4.4416 7.1577 8.1937 4.0303 15.1423 6.4005 8.023 7.91097852082 7.1577
2016-09-29 03:49:13.563000 79607.071 3.523 49.679 33.93 52.019 4.178 16.1489 3.6078 3.9024 4.4416 7.1589 8.1922 4.0304 15.1304 6.4264 8.022 7.83185186796 7.1589
2016-09-29 03:50:30.029000 79683.537 3.392 49.677 34.146 52.018 4.178 16.1392 3.6078 3.9024 4.4411 7.1602 8.1905 4.0306 15.1406 6.4522 8.022 8.12333950118 7.1602
2016-09-29 03:51:45.644000 79759.152 3.533 49.674 33.887 52.016 4.179 16.1292 3.6077 3.9023 4.4414 7.1618 8.189 4.0315 15.1388 6.477 8.023 8.39245374829 7.1618
2016-09-29 03:53:02.181000 79835.689 3.43 49.675 34.152 52.016 4.179 16.1187 3.6076 3.9032 4.4418 7.1634 8.1876 4.0318 15.136 6.5034 8.023 8.39245374829 7.1634
2016-09-29 03:54:17.836000 79911.344 3.531 49.674 33.929 52.016 4.179 16.1085 3.608 3.9032 4.4419 7.165 8.1862 4.032 15.1404 6.5294 8.023 8.34760137377 7.165
2016-09-29 03:55:34.301000 79987.809 3.401 49.674 34.163 52.014 4.179 16.0983 3.6072 3.9033 4.442 7.1666 8.1846 4.0312 15.1388 6.5553 8.023 7.6340352358 7.1666
2016-09-29 03:56:49.986000 80063.494 3.419 49.672 33.323 52.015 4.178 16.0876 3.6073 3.9028 4.4414 7.1681 8.1832 4.0312 15.1363 6.5791 8.022 8.07848712666 7.1681
2016-09-29 03:58:06.331000 80139.839 3.395 49.674 34.142 52.015 4.178 16.0777 3.6072 3.9024 4.4409 7.1698 8.1815 4.0308 15.1337 6.6077 8.022 8.43730612281 7.1698
2016-09-29 03:59:22.813000 80216.321 3.338 49.674 33.872 52.014 4.178 16.0667 3.6071 3.9024 4.4415 7.1713 8.1799 4.0303 15.1383 6.6381 8.022 8.07848712666 7.1713
2016-09-29 04:00:38.364000 80291.872 3.572 49.673 34.153 52.013 4.178 16.0572 3.6074 3.9026 4.4412 7.1728 8.1785 4.0307 15.1404 6.667 8.022 7.99010517368 7.1728
2016-09-29 04:01:54.769000 80368.277 3.338 49.672 33.916 52.013 4.178 16.0467 3.6069 3.9022 4.4414 7.1746 8.177 4.0304 15.1328 6.6967 8.022 7.79228854153 7.1746
2016-09-29 04:03:10.284000 80443.792 3.426 49.671 34.16 52.013 4.178 16.0366 3.6066 3.9024 4.4415 7.1762 8.1754 4.0302 15.1351 6.7231 8.022 7.79228854153 7.1762
2016-09-29 04:04:26.720000 80520.228 3.339 49.671 33.953 52.013 4.178 16.0262 3.6071 3.9021 4.4411 7.1778 8.1738 4.0295 15.1295 6.7535 8.022 8.1681918757 7.1778
2016-09-29 04:05:42.195000 80595.703 3.419 49.672 34.157 52.013 4.177 16.0159 3.6066 3.9018 4.4405 7.1794 8.1725 4.0296 15.136 6.7789 8.022 8.43730612281 7.1794
2016-09-29 04:06:58.345000 80671.853 3.337 49.672 33.988 52.013 4.177 16.0058 3.6063 3.9012 4.4407 7.1809 8.1708 4.029 15.1386 6.8089 8.021 8.12333950118 7.1809
2016-09-29 04:08:13.650000 80747.158 3.343 49.671 33.796 52.013 4.178 15.9951 3.606 3.9016 4.4411 7.1825 8.1695 4.0302 15.1363 6.84 8.021 8.1681918757 7.1825
2016-09-29 04:09:29.965000 80823.473 3.39 49.672 33.361 52.011 4.178 15.9859 3.6062 3.9018 4.4408 7.1843 8.1679 4.0302 15.1413 6.8684 8.022 8.07848712666 7.1843
2016-09-29 04:10:45.430000 80898.938 3.339 49.67 33.849 52.01 4.178 15.9764 3.6062 3.9019 4.4406 7.186 8.1665 4.0303 15.1413 6.8987 8.022 7.99010517368 7.186
2016-09-29 04:12:01.776000 80975.284 3.383 49.671 33.384 52.012 4.177 15.966 3.6061 3.9017 4.441 7.1877 8.1651 4.0297 15.1353 6.9298 8.022 7.87141519439 7.1877
2016-09-29 04:13:18.181000 81051.689 3.527 49.672 34.061 52.012 4.177 15.9568 3.606 3.9013 4.44 7.1895 8.1636 4.0288 15.1379 6.9609 8.021 7.91097852082 7.1895
2016-09-29 04:14:33.576000 81127.084 3.57 49.667 33.616 52.012 4.177 15.9469 3.6059 3.9013 4.44 7.1912 8.1623 4.0289 15.1363 6.9909 8.021 7.91097852082 7.1912
2016-09-29 04:15:50.012000 81203.52 3.484 49.67 34.084 52.012 4.176 15.9366 3.6056 3.9009 4.4396 7.1928 8.1607 4.0281 15.1467 7.025 8.021 7.99010517368 7.1928
2016-09-29 04:17:05.487000 81278.995 3.568 49.67 33.623 52.012 4.176 15.9273 3.6059 3.9001 4.4395 7.1944 8.1591 4.0278 15.1418 7.0552 8.021 8.34760137377 7.1944
2016-09-29 04:18:21.893000 81355.401 3.481 49.672 34.092 52.012 4.176 15.9177 3.6054 3.8998 4.4393 7.1959 8.1576 4.0278 15.142 7.0895 8.021 8.12333950118 7.1959
2016-09-29 04:19:37.424000 81430.932 3.571 49.671 33.634 52.012 4.176 15.9078 3.6049 3.8998 4.4395 7.1973 8.1562 4.0273 15.1404 7.1222 8.02 7.87141519439 7.1973
2016-09-29 04:20:53.970000 81507.478 3.479 49.671 34.057 52.011 4.176 15.8982 3.605 3.9001 4.4394 7.199 8.1547 4.0283 15.1469 7.1532 8.021 7.95054184725 7.199
2016-09-29 04:22:09.495000 81583.003 3.567 49.67 33.703 52.012 4.177 15.8883 3.6048 3.9005 4.4393 7.2007 8.1533 4.0283 15.1462 7.1854 8.021 8.34760137377 7.2007
2016-09-29 04:23:25.920000 81659.428 3.419 49.67 34.159 52.011 4.176 15.8779 3.6047 3.9003 4.4396 7.2023 8.1519 4.0275 15.1381 7.2184 8.021 7.79228854153 7.2023
2016-09-29 04:24:42.345000 81735.853 3.335 49.671 33.892 52.012 4.175 15.8685 3.6046 3.8993 4.4384 7.2037 8.1505 4.0269 15.1476 7.2509 8.02 7.7527252151 7.2037
2016-09-29 04:25:57.970000 81811.478 3.413 49.672 34.146 52.011 4.175 15.859 3.6045 3.8981 4.438 7.2052 8.1488 4.0267 15.1425 7.2852 8.02 8.43730612281 7.2052
2016-09-29 04:27:14.445000 81887.953 3.344 49.669 33.701 52.009 4.175 15.8489 3.6047 3.8988 4.4381 7.2066 8.1473 4.0267 15.1448 7.3219 8.02 8.30274899925 7.2066
2016-09-29 04:28:30.081000 81963.589 3.359 49.67 34.113 52.011 4.175 15.8391 3.6042 3.8984 4.4381 7.2081 8.1458 4.0266 15.1497 7.3561 8.02 8.43730612281 7.2081
2016-09-29 04:29:46.627000 82040.135 3.34 49.671 33.741 52.013 4.174 15.8291 3.6037 3.8982 4.4382 7.2097 8.1444 4.0262 15.143 7.3921 8.019 7.95054184725 7.2097
2016-09-29 04:31:02.302000 82115.81 3.55 49.673 33.787 52.012 4.175 15.8193 3.6038 3.8982 4.4376 7.2111 8.1429 4.0265 15.149 7.4284 8.019 7.79228854153 7.2111
2016-09-29 04:32:18.817000 82192.325 3.463 49.67 34.116 52.009 4.176 15.8096 3.6037 3.8987 4.4384 7.2128 8.1415 4.0276 15.1562 7.4638 8.02 7.83185186796 7.2128
2016-09-29 04:33:34.492000 82268.0 3.555 49.667 33.767 52.009 4.175 15.7996 3.6034 3.8992 4.4389 7.2144 8.1403 4.0266 15.1534 7.5018 8.02 7.87141519439 7.2144
2016-09-29 04:34:51.046000 82344.554 3.472 49.67 34.102 52.009 4.175 15.7896 3.6036 3.8989 4.4383 7.216 8.1389 4.0272 15.1529 7.5404 8.02 8.34760137377 7.216
2016-09-29 04:36:07.502000 82421.01 3.344 49.668 34.01 52.01 4.176 15.7796 3.6031 3.8991 4.4389 7.2176 8.1375 4.0281 15.1502 7.5774 8.02 8.21304425022 7.2176
2016-09-29 04:37:23.227000 82496.735 3.54 49.668 33.476 52.007 4.176 15.7694 3.6032 3.8996 4.4387 7.2194 8.1363 4.0276 15.1513 7.6154 8.02 8.30274899925 7.2194
2016-09-29 04:38:39.836000 82573.344 3.514 49.671 33.919 52.011 4.174 15.76 3.6033 3.8981 4.4379 7.221 8.1347 4.0258 15.1603 7.6538 8.02 8.25789662474 7.221
2016-09-29 04:39:55.562000 82649.07 3.567 49.67 33.683 52.012 4.175 15.7501 3.6028 3.8982 4.4383 7.2225 8.1333 4.026 15.1611 7.6926 8.02 7.79228854153 7.2225
2016-09-29 04:41:12.033000 82725.541 3.491 49.667 34.065 52.009 4.175 15.7402 3.603 3.8987 4.4382 7.2241 8.1319 4.0268 15.1567 7.7356 8.02 7.91097852082 7.2241
2016-09-29 04:42:27.758000 82801.266 3.376 49.67 33.413 52.012 4.173 15.7302 3.6029 3.8973 4.4371 7.2255 8.1304 4.025 15.1618 7.7749 8.019 7.83185186796 7.2255
2016-09-29 04:43:44.359000 82877.867 3.527 49.672 33.414 52.013 4.173 15.7203 3.6028 3.8972 4.4368 7.2268 8.1288 4.0242 15.1562 7.8169 8.019 8.39245374829 7.2268
2016-09-29 04:45:00.979000 82954.487 3.529 49.671 33.889 52.013 4.174 15.7104 3.6025 3.8968 4.437 7.2282 8.1273 4.0253 15.1673 7.8566 8.019 8.25789662474 7.2282
2016-09-29 04:46:16.774000 83030.282 3.353 49.67 33.597 52.01 4.175 15.6998 3.6021 3.8978 4.4379 7.2298 8.1261 4.0258 15.1669 7.8963 8.02 7.83185186796 7.2298
2016-09-29 04:47:33.237000 83106.745 3.509 49.67 33.437 52.011 4.173 15.6904 3.6022 3.8972 4.437 7.231 8.1246 4.0246 15.1696 7.9414 8.019 8.1681918757 7.231
2016-09-29 04:48:48.999000 83182.507 3.371 49.669 33.433 52.012 4.172 15.6805 3.602 3.8961 4.4363 7.2324 8.123 4.0234 15.1675 7.9849 8.019 8.12333950118 7.2324
2016-09-29 04:50:05.689000 83259.197 3.347 49.67 33.699 52.009 4.174 15.6704 3.6024 3.8967 4.4367 7.2335 8.1216 4.0247 15.1829 8.0298 8.019 8.39245374829 7.2335
2016-09-29 04:51:21.536000 83335.044 3.351 49.669 34.087 52.012 4.173 15.6604 3.6018 3.8966 4.4363 7.2349 8.1201 4.0247 15.1734 8.0741 8.019 7.95054184725 7.2349
2016-09-29 04:52:38.226000 83411.734 3.411 49.671 34.142 52.012 4.173 15.6497 3.6016 3.8967 4.4364 7.236 8.1187 4.0243 15.178 8.1176 8.019 7.87141519439 7.236
2016-09-29 04:53:54.011000 83487.519 3.5 49.67 34.021 52.011 4.173 15.6406 3.6019 3.8965 4.4365 7.2372 8.1174 4.0248 15.1817 8.1634 8.019 8.21304425022 7.2372
2016-09-29 04:55:10.601000 83564.109 3.371 49.67 34.127 52.013 4.174 15.6306 3.6011 3.8968 4.4371 7.2385 8.116 4.0253 15.1875 8.2086 8.019 8.43730612281 7.2385
2016-09-29 04:56:27.376000 83640.884 3.447 49.67 34.119 52.009 4.173 15.6203 3.6013 3.8966 4.4363 7.2396 8.1145 4.0245 15.181 8.2566 8.019 8.30274899925 7.2396
2016-09-29 04:57:43.297000 83716.805 3.393 49.67 33.329 52.01 4.173 15.6104 3.6009 3.8958 4.4359 7.2404 8.1132 4.0244 15.1845 8.3091 8.019 8.1681918757 7.2404
2016-09-29 04:59:00.127000 83793.635 3.363 49.666 33.555 52.008 4.176 15.6007 3.6011 3.8984 4.438 7.2579 8.1123 4.027 15.1849 8.3049 8.02 8.1681918757 7.2579
2016-09-29 05:00:16.032000 83869.54 3.344 49.669 34.03 52.009 4.175 15.5909 3.6012 3.8985 4.4381 7.2775 8.112 4.0264 15.1814 8.3147 8.02 7.83185186796 7.2775
2016-09-29 05:01:32.863000 83946.371 3.37 49.666 34.145 52.007 4.175 15.5803 3.6016 3.8987 4.438 7.2901 8.1111 4.0258 15.1982 8.3255 8.02 7.87141519439 7.2901
2016-09-29 05:02:48.789000 84022.297 3.448 49.669 33.355 52.007 4.173 15.5703 3.6012 3.8975 4.437 7.2989 8.11 4.0249 15.1928 8.3418 8.019 8.39245374829 7.2989
2016-09-29 05:04:05.570000 84099.078 3.555 49.67 33.761 52.01 4.173 15.5596 3.6014 3.8971 4.4369 7.3052 8.1087 4.0244 15.2002 8.3595 8.019 8.48215849733 7.3052
2016-09-29 05:05:22.305000 84175.813 3.559 49.67 33.509 52.01 4.173 15.5496 3.6005 3.8959 4.4363 7.3099 8.1073 4.0237 15.2061 8.3793 8.018 8.03363475214 7.3099
2016-09-29 05:06:38.365000 84251.873 3.343 49.67 34.012 52.009 4.173 15.5388 3.6007 3.8964 4.4363 7.3133 8.1059 4.0241 15.1944 8.4037 8.018 7.79228854153 7.3133
2016-09-29 05:07:55.270000 84328.778 3.382 49.667 34.143 52.007 4.174 15.5292 3.6006 3.8966 4.4367 7.316 8.1045 4.0242 15.2 8.4279 8.019 7.7527252151 7.316
2016-09-29 05:09:11.291000 84404.799 3.482 49.67 33.352 52.009 4.172 15.5184 3.6004 3.896 4.4361 7.3179 8.1032 4.0237 15.2148 8.4542 8.018 8.21304425022 7.3179
2016-09-29 05:10:28.046000 84481.554 3.554 49.669 33.758 52.01 4.172 15.5088 3.6003 3.8952 4.4356 7.3192 8.1017 4.0235 15.2097 8.4832 8.018 8.07848712666 7.3192
2016-09-29 05:11:44.116000 84557.624 3.457 49.664 34.125 52.008 4.172 15.498 3.6002 3.8956 4.436 7.3205 8.1002 4.0229 15.2137 8.5146 8.018 7.79228854153 7.3205
2016-09-29 05:13:01.026000 84634.534 3.336 49.667 33.821 52.008 4.172 15.4883 3.6001 3.8951 4.4356 7.3216 8.0987 4.0224 15.2157 8.5479 8.018 7.83185186796 7.3216
2016-09-29 05:14:18.073000 84711.581 3.525 49.665 34.075 52.006 4.171 15.4781 3.6002 3.895 4.4353 7.3223 8.0973 4.022 15.2179 8.5838 8.018 7.95054184725 7.3223
2016-09-29 05:15:34.053000 84787.561 3.566 49.666 33.663 52.009 4.171 15.4681 3.5998 3.8945 4.435 7.3231 8.0958 4.0222 15.2204 8.6194 8.018 8.07848712666 7.3231
2016-09-29 05:16:51.128000 84864.636 3.35 49.665 33.436 52.007 4.171 15.4575 3.6 3.8943 4.4347 7.3237 8.0943 4.0216 15.2226 8.6579 8.017 8.07848712666 7.3237
2016-09-29 05:18:07.228000 84940.736 3.533 49.666 33.858 52.006 4.172 15.4475 3.5993 3.8943 4.4348 7.3245 8.0929 4.0224 15.2224 8.696 8.018 8.30274899925 7.3245
2016-09-29 05:19:23.955000 85017.463 3.412 49.666 34.157 52.004 4.171 15.4371 3.5996 3.8942 4.4346 7.3253 8.0912 4.0217 15.2352 8.7373 8.017 7.87141519439 7.3253
2016-09-29 05:20:40.110000 85093.618 3.332 49.666 33.335 52.009 4.169 15.4271 3.5989 3.8927 4.4336 7.3258 8.0897 4.0194 15.2307 8.7762 8.017 7.83185186796 7.3258
2016-09-29 05:21:57.055000 85170.563 3.368 49.666 33.432 52.007 4.168 15.4166 3.5991 3.8918 4.4329 7.3263 8.0879 4.0188 15.2334 8.816 8.016 8.03363475214 7.3263
2016-09-29 05:23:13.980000 85247.488 3.34 49.664 33.701 52.005 4.169 15.4057 3.5982 3.8921 4.4333 7.3268 8.0864 4.0197 15.2435 8.8566 8.016 8.39245374829 7.3268
2016-09-29 05:24:30.176000 85323.684 3.487 49.664 33.34 52.006 4.17 15.3959 3.5987 3.8924 4.4331 7.3274 8.0847 4.0208 15.2392 8.9032 8.016 8.1681918757 7.3274
2016-09-29 05:25:47.261000 85400.769 3.393 49.662 33.365 52.002 4.17 15.3854 3.5981 3.8929 4.4333 7.3281 8.0835 4.0207 15.2408 8.9473 8.016 8.63178418265 7.3281
2016-09-29 05:27:03.407000 85476.915 3.451 49.661 34.133 52.002 4.169 15.3756 3.598 3.8923 4.4328 7.3289 8.0819 4.0189 15.2492 8.9898 8.016 8.25789662474 7.3289
2016-09-29 05:28:20.482000 85553.99 3.512 49.664 33.947 52.002 4.169 15.3647 3.5978 3.8918 4.4325 7.3297 8.0804 4.0189 15.2496 9.04 8.016 7.95054184725 7.3297
2016-09-29 05:29:37.468000 85630.976 3.561 49.662 33.697 52.0 4.169 15.3549 3.5972 3.8915 4.4327 7.3303 8.079 4.0192 15.2524 9.0878 8.016 7.87141519439 7.3303
2016-09-29 05:30:53.673000 85707.181 3.47 49.659 34.068 51.999 4.17 15.3448 3.5978 3.8923 4.4329 7.3311 8.0775 4.0198 15.2629 9.1334 8.016 7.67359856223 7.3311
2016-09-29 05:32:10.668000 85784.176 3.523 49.658 33.91 51.998 4.168 15.3343 3.5969 3.8913 4.4325 7.3317 8.0761 4.0181 15.2583 9.1797 8.015 7.67359856223 7.3317
2016-09-29 05:33:26.893000 85860.401 3.347 49.663 33.597 52.001 4.167 15.3242 3.5975 3.89 4.4312 7.3322 8.0743 4.0175 15.2695 9.2303 8.014 7.79228854153 7.3322
2016-09-29 05:34:44.009000 85937.517 3.342 49.659 33.661 51.999 4.167 15.3132 3.5963 3.89 4.4316 7.3327 8.0727 4.0177 15.2694 9.279 8.014 8.43730612281 7.3327
2016-09-29 05:36:00.174000 86013.682 3.4 49.659 33.329 52.0 4.166 15.3032 3.5969 3.8896 4.4308 7.3333 8.0712 4.017 15.2803 9.3309 8.014 8.34760137377 7.3333
2016-09-29 05:37:17.161000 86090.669 3.359 49.659 33.484 51.999 4.167 15.2924 3.5961 3.8896 4.431 7.3339 8.0697 4.0174 15.2793 9.3812 8.014 8.34760137377 7.3339
2016-09-29 05:38:34.238000 86167.746 3.334 49.658 33.783 51.996 4.167 15.2828 3.5961 3.8891 4.4309 7.3346 8.0682 4.0176 15.285 9.4333 8.014 8.43730612281 7.3346
2016-09-29 05:39:50.572000 86244.08 3.4 49.656 33.376 51.996 4.167 15.2725 3.5958 3.8899 4.431 7.3352 8.0668 4.0177 15.2921 9.485 8.014 8.30274899925 7.3352
2016-09-29 05:41:07.657000 86321.165 3.358 49.656 33.505 51.994 4.167 15.262 3.5955 3.8895 4.4311 7.3356 8.0653 4.0176 15.2848 9.537 8.014 7.79228854153 7.3356
2016-09-29 05:42:23.992000 86397.5 3.47 49.657 33.983 51.992 4.168 15.2516 3.5959 3.89 4.4311 7.3359 8.0636 4.0179 15.2922 9.5874 8.014 7.83185186796 7.3359
2016-09-29 05:43:41.178000 86474.686 3.388 49.652 33.351 51.99 4.168 15.2409 3.5955 3.891 4.432 7.336 8.062 4.0185 15.2986 9.6457 8.015 7.99010517368 7.336
2016-09-29 05:44:58.343000 86551.851 3.355 49.652 33.528 51.992 4.166 15.2312 3.5952 3.8893 4.4304 7.336 8.0599 4.0165 15.3011 9.6997 8.014 8.21304425022 7.336
2016-09-29 05:46:14.688000 86628.196 3.433 49.654 33.344 51.991 4.165 15.2206 3.5955 3.8888 4.43 7.3358 8.0578 4.0152 15.3147 9.7561 8.013 8.1681918757 7.3358
2016-09-29 05:47:31.972000 86705.48 3.335 49.654 33.337 51.991 4.166 15.2103 3.5945 3.8881 4.4302 7.3355 8.0556 4.0161 15.3069 9.8078 8.013 8.34760137377 7.3355
2016-09-29 05:48:48.377000 86781.885 3.563 49.65 33.578 51.989 4.166 15.2001 3.5946 3.8885 4.4302 7.3355 8.0537 4.016 15.3202 9.8612 8.013 7.7527252151 7.3355
2016-09-29 05:50:05.623000 86859.131 3.339 49.648 33.707 51.988 4.166 15.1893 3.5945 3.8889 4.4301 7.3354 8.0519 4.0162 15.3275 9.9203 8.013 8.25789662474 7.3354
2016-09-29 05:51:22.939000 86936.447 3.333 49.647 33.925 51.988 4.166 15.1789 3.594 3.888 4.43 7.3353 8.0499 4.0161 15.3255 9.9736 8.013 8.1681918757 7.3353
2016-09-29 05:52:39.344000 87012.852 3.375 49.648 33.385 51.988 4.166 15.1684 3.5941 3.8881 4.4295 7.3351 8.0479 4.0158 15.3351 10.0309 8.013 7.59447190937 7.3351
2016-09-29 05:53:56.629000 87090.137 3.395 49.648 34.145 51.985 4.165 15.1578 3.5939 3.8878 4.4293 7.3349 8.0461 4.0153 15.3418 10.0866 8.012 8.34760137377 7.3349
2016-09-29 05:55:12.974000 87166.482 3.336 49.646 33.321 51.985 4.166 15.1476 3.5937 3.8878 4.4292 7.3347 8.0444 4.0152 15.351 10.1436 8.013 8.03363475214 7.3347
2016-09-29 05:56:30.340000 87243.848 3.333 49.647 34.034 51.988 4.164 15.1372 3.5936 3.8871 4.429 7.3346 8.0425 4.0139 15.3617 10.2026 8.012 7.7527252151 7.3346
2016-09-29 05:57:46.795000 87320.303 3.357 49.647 33.495 51.983 4.164 15.1266 3.593 3.8863 4.4286 7.3341 8.0406 4.0137 15.3617 10.254 8.012 8.39245374829 7.3341
2016-09-29 05:59:04.099000 87397.607 3.421 49.645 34.135 51.985 4.164 15.1162 3.5931 3.8862 4.4281 7.3338 8.0389 4.014 15.3592 10.309 8.012 8.12333950118 7.3338
2016-09-29 06:00:21.324000 87474.832 3.482 49.644 34.04 51.982 4.163 15.1057 3.5929 3.886 4.4279 7.3334 8.0372 4.0129 15.3616 10.3704 8.011 7.87141519439 7.3334
2016-09-29 06:01:37.860000 87551.368 3.345 49.646 34.083 51.983 4.163 15.0951 3.5923 3.8851 4.4278 7.3329 8.0354 4.0128 15.3762 10.4248 8.011 8.34760137377 7.3329
2016-09-29 06:02:55.286000 87628.794 3.557 49.646 33.738 51.986 4.161 15.0849 3.5923 3.8838 4.4266 7.3323 8.0332 4.0104 15.3785 10.4854 8.01 7.95054184725 7.3323
2016-09-29 06:04:11.831000 87705.339 3.472 49.647 34.087 51.984 4.161 15.0741 3.5925 3.8836 4.4262 7.3314 8.0318 4.0112 15.3842 10.5389 8.01 7.79228854153 7.3314
2016-09-29 06:05:29.276000 87782.784 3.425 49.646 33.319 51.983 4.161 15.0633 3.5917 3.8838 4.4265 7.3309 8.0301 4.0104 15.3961 10.5972 8.01 8.03363475214 7.3309
2016-09-29 06:06:46.732000 87860.24 3.336 49.647 34.067 51.983 4.161 15.053 3.5912 3.8834 4.426 7.3302 8.0284 4.0113 15.3988 10.6531 8.01 8.34760137377 7.3302
2016-09-29 06:08:03.187000 87936.695 3.349 49.648 33.618 51.986 4.16 15.0426 3.5916 3.8827 4.4254 7.3295 8.0268 4.0095 15.4061 10.7067 8.009 8.12333950118 7.3295
2016-09-29 06:09:20.571000 88014.079 3.467 49.648 34.105 51.987 4.16 15.0314 3.5908 3.8825 4.4251 7.3285 8.025 4.0093 15.4122 10.7678 8.009 7.71316188867 7.3285
2016-09-29 06:10:37.187000 88090.695 3.331 49.65 33.994 51.987 4.16 15.0216 3.5905 3.8815 4.4247 7.3276 8.0233 4.0094 15.4164 10.8289 8.009 7.83185186796 7.3276
2016-09-29 06:11:54.592000 88168.1 3.547 49.648 33.757 51.986 4.159 15.011 3.5903 3.8817 4.4244 7.3268 8.0218 4.0084 15.431 10.8811 8.009 8.34760137377 7.3268
2016-09-29 06:13:12.208000 88245.716 3.356 49.651 33.528 51.985 4.159 15.0003 3.5906 3.8807 4.4239 7.3256 8.0201 4.0078 15.433 10.9402 8.008 8.21304425022 7.3256
2016-09-29 06:14:28.734000 88322.242 3.449 49.649 33.38 51.988 4.158 14.9902 3.5894 3.8803 4.4234 7.3243 8.0184 4.0066 15.4434 10.9982 8.008 7.71316188867 7.3243
2016-09-29 06:15:46.239000 88399.747 3.329 49.652 33.977 51.988 4.158 14.9805 3.5894 3.8794 4.423 7.3229 8.0168 4.0072 15.4497 11.0548 8.008 7.91097852082 7.3229
2016-09-29 06:17:02.904000 88476.412 3.371 49.652 33.541 51.99 4.158 14.9704 3.5894 3.88 4.4234 7.3217 8.0154 4.0075 15.456 11.1087 8.008 8.34760137377 7.3217
2016-09-29 06:18:20.443000 88553.951 3.551 49.65 33.558 51.984 4.159 14.9599 3.5888 3.8809 4.4239 7.3202 8.0139 4.0089 15.4625 11.1666 8.008 8.25789662474 7.3202
2016-09-29 06:19:38.008000 88631.516 3.332 49.648 33.82 51.988 4.158 14.9506 3.5884 3.8807 4.424 7.3187 8.0125 4.0075 15.4686 11.227 8.008 7.95054184725 7.3187
2016-09-29 06:20:54.724000 88708.232 3.393 49.652 33.342 51.987 4.159 14.9407 3.5884 3.8803 4.4232 7.3164 8.011 4.0084 15.4789 11.2842 8.008 7.83185186796 7.3164
2016-09-29 06:22:12.349000 88785.857 3.545 49.651 34.146 51.987 4.159 14.9302 3.5887 3.8807 4.4237 7.314 8.0095 4.0082 15.4887 11.3418 8.008 7.79228854153 7.314
2016-09-29 06:23:29.078000 88862.586 3.461 49.651 34.115 51.986 4.158 14.9207 3.5877 3.8801 4.4234 7.311 8.008 4.0069 15.5002 11.4003 8.008 8.12333950118 7.311
2016-09-29 06:24:46.635000 88940.143 3.418 49.652 33.337 51.987 4.158 14.9105 3.5875 3.8793 4.4228 7.307 8.0064 4.0069 15.5068 11.4587 8.008 8.21304425022 7.307
2016-09-29 06:26:04.180000 89017.688 3.333 49.65 34.053 51.989 4.156 14.9004 3.5875 3.8783 4.4218 7.3019 8.0046 4.0053 15.5098 11.5147 8.007 8.1681918757 7.3019
2016-09-29 06:27:21.005000 89094.513 3.378 49.652 34.153 51.989 4.157 14.8903 3.5877 3.8784 4.422 7.295 8.0029 4.0059 15.5218 11.5797 8.007 8.43730612281 7.295
2016-09-29 06:28:38.511000 89172.019 3.546 49.651 33.493 51.987 4.157 14.8797 3.5869 3.8786 4.422 7.285 8.0011 4.0062 15.5257 11.6432 8.007 8.43730612281 7.285
2016-09-29 06:29:55.256000 89248.764 3.424 49.65 33.928 51.989 4.156 14.8702 3.5867 3.8773 4.4212 7.2704 7.9991 4.0051 15.5298 11.7085 8.007 7.67359856223 7.2704
2016-09-29 06:31:12.792000 89326.3 3.338 49.652 33.405 51.987 4.155 14.86 3.5863 3.8767 4.4203 7.2564 7.9971 4.0042 15.5544 11.7781 8.007 7.71316188867 7.2564
2016-09-29 06:32:30.417000 89403.925 3.554 49.652 33.654 51.986 4.156 14.8499 3.5866 3.877 4.4209 7.2481 7.9953 4.0044 15.5562 11.8342 8.007 7.7527252151 7.2481
2016-09-29 06:33:47.122000 89480.63 3.465 49.651 34.076 51.986 4.156 14.8401 3.5856 3.877 4.421 7.2447 7.994 4.0043 15.5625 11.9009 8.007 7.87141519439 7.2447
2016-09-29 06:35:04.838000 89558.346 3.328 49.649 33.86 51.985 4.156 14.8299 3.5853 3.8771 4.4209 7.2449 7.9925 4.0056 15.5827 11.9554 8.007 8.34760137377 7.2449
2016-09-29 06:36:22.563000 89636.071 3.513 49.649 33.921 51.984 4.156 14.8201 3.5854 3.8771 4.4209 7.2481 7.9912 4.0044 15.5797 12.022 8.007 8.53049810849 7.2481
2016-09-29 06:37:39.450000 89712.958 3.551 49.651 33.724 51.985 4.155 14.8098 3.5856 3.8768 4.4205 7.2533 7.99 4.0035 15.5908 12.0771 8.006 7.87141519439 7.2533
2016-09-29 06:38:57.115000 89790.623 3.339 49.649 33.628 51.986 4.154 14.7996 3.5853 3.8766 4.4205 7.26 7.9889 4.0038 15.608 12.1277 8.006 7.99010517368 7.26
2016-09-29 06:40:13.990000 89867.498 3.327 49.649 33.907 51.984 4.155 14.7897 3.5845 3.8761 4.4205 7.2682 7.9876 4.0042 15.6152 12.1832 8.006 7.7527252151 7.2682
2016-09-29 06:41:31.863000 89945.371 3.426 49.65 33.337 51.987 4.154 14.7796 3.5842 3.8757 4.4197 7.2773 7.9864 4.003 15.6215 12.2314 8.006 8.03363475214 7.2773
2016-09-29 06:42:49.728000 90023.236 3.504 49.647 34.02 51.984 4.155 14.7695 3.584 3.8762 4.4202 7.2876 7.9854 4.0045 15.6239 12.283 8.006 8.30274899925 7.2876
2016-09-29 06:44:06.604000 90100.112 3.385 49.649 34.165 51.983 4.155 14.7595 3.5842 3.8764 4.4202 7.2985 7.9844 4.0038 15.638 12.3298 8.006 7.67359856223 7.2985
2016-09-29 06:45:24.369000 90177.877 3.344 49.648 33.567 51.985 4.154 14.7492 3.5844 3.8757 4.4198 7.31 7.9833 4.0031 15.647 12.3745 8.006 7.67359856223 7.31
2016-09-29 06:46:41.234000 90254.742 3.328 49.648 33.804 51.983 4.154 14.7386 3.5834 3.8758 4.4202 7.3217 7.9823 4.0026 15.6643 12.4291 8.006 7.79228854153 7.3217
2016-09-29 06:47:59.117000 90332.625 3.5 49.648 33.98 51.982 4.154 14.7289 3.5832 3.8756 4.42 7.3341 7.9813 4.0031 15.6709 12.473 8.005 8.39245374829 7.3341
2016-09-29 06:49:17.014000 90410.522 3.326 49.649 33.996 51.983 4.153 14.7188 3.583 3.8754 4.4198 7.3468 7.9802 4.0026 15.6824 12.5193 8.005 8.25789662474 7.3468
2016-09-29 06:50:33.999000 90487.507 3.355 49.649 34.173 51.983 4.154 14.7087 3.5831 3.8752 4.4191 7.3594 7.9791 4.0027 15.6908 12.5586 8.005 7.79228854153 7.3594
2016-09-29 06:51:51.854000 90565.362 3.349 49.647 33.515 51.98 4.154 14.6985 3.5828 3.8756 4.4195 7.3723 7.9781 4.0031 15.7038 12.6016 8.005 7.67359856223 7.3723
2016-09-29 06:53:08.850000 90642.358 3.328 49.645 33.798 51.978 4.155 14.6883 3.5827 3.8764 4.4201 7.3865 7.9773 4.0043 15.7077 12.6434 8.006 8.07848712666 7.3865
2016-09-29 06:54:26.814000 90720.322 3.443 49.64 33.318 51.977 4.156 14.6776 3.5826 3.8774 4.4207 7.4006 7.9765 4.0051 15.7269 12.677 8.006 8.07848712666 7.4006
2016-09-29 06:55:44.760000 90798.268 3.499 49.641 33.986 51.975 4.157 14.6676 3.5826 3.8781 4.4212 7.4156 7.9757 4.0054 15.7303 12.7179 8.006 8.21304425022 7.4156
2016-09-29 06:57:01.815000 90875.323 3.539 49.641 33.795 51.974 4.157 14.6578 3.5824 3.8777 4.4214 7.4296 7.9743 4.0056 15.7515 12.7657 8.006 8.12333950118 7.4296
2016-09-29 06:58:19.701000 90953.209 3.354 49.638 34.117 51.972 4.156 14.6477 3.5826 3.8778 4.4215 7.4456 7.9741 4.0049 15.7638 12.7946 8.006 7.7527252151 7.4456
2016-09-29 06:59:37.676000 91031.184 3.352 49.639 33.516 51.972 4.156 14.6373 3.5826 3.8773 4.4212 7.4608 7.9732 4.0044 15.7776 12.8322 8.006 8.1681918757 7.4608
2016-09-29 07:00:54.582000 91108.09 3.337 49.64 33.42 51.972 4.156 14.6274 3.5824 3.8775 4.4213 7.4758 7.9723 4.0051 15.7795 12.8729 8.006 8.34760137377 7.4758
2016-09-29 07:02:12.618000 91186.126 3.485 49.64 33.358 51.972 4.157 14.6171 3.5823 3.8777 4.4214 7.4914 7.9715 4.0057 15.788 12.9112 8.006 8.1681918757 7.4914
2016-09-29 07:03:29.703000 91263.211 3.4 49.639 33.316 51.974 4.156 14.6062 3.5822 3.8778 4.4212 7.5069 7.9706 4.0055 15.8049 12.9412 8.006 8.21304425022 7.5069
2016-09-29 07:04:47.609000 91341.117 3.533 49.638 33.82 51.974 4.156 14.596 3.5821 3.8777 4.4212 7.5227 7.9698 4.0042 15.805 12.9757 8.006 7.79228854153 7.5227
2016-09-29 07:06:05.624000 91419.132 3.35 49.639 34.113 51.972 4.156 14.5859 3.5819 3.8777 4.4212 7.5388 7.9691 4.0042 15.8267 13.0118 8.006 7.6340352358 7.5388
2016-09-29 07:07:22.630000 91496.138 3.421 49.636 34.133 51.973 4.156 14.5763 3.5818 3.8771 4.4211 7.5547 7.9682 4.0045 15.841 13.0425 8.006 8.30274899925 7.5547
2016-09-29 07:08:40.796000 91574.304 3.338 49.636 33.71 51.971 4.157 14.566 3.5815 3.8777 4.4215 7.5712 7.9675 4.0055 15.8448 13.069 8.006 8.34760137377 7.5712
2016-09-29 07:09:57.972000 91651.48 3.33 49.637 33.919 51.971 4.158 14.5557 3.5818 3.8782 4.4215 7.5876 7.9669 4.0057 15.8584 13.106 8.006 8.03363475214 7.5876
2016-09-29 07:11:15.980000 91729.488 3.404 49.636 33.317 51.971 4.157 14.5454 3.5817 3.8785 4.4216 7.605 7.9661 4.0055 15.8732 13.1215 8.006 7.83185186796 7.605
2016-09-29 07:12:34.029000 91807.537 3.408 49.637 33.885 51.971 4.156 14.5352 3.5816 3.8779 4.4212 7.6226 7.9656 4.0053 15.8821 13.162 8.006 7.59447190937 7.6226
2016-09-29 07:13:51.214000 91884.722 3.369 49.636 33.386 51.971 4.157 14.525 3.582 3.8778 4.4215 7.6399 7.9647 4.0056 15.8923 13.1882 8.006 8.34760137377 7.6399
2016-09-29 07:15:09.240000 91962.748 3.558 49.636 33.644 51.971 4.156 14.5145 3.5819 3.8777 4.4213 7.6578 7.9641 4.0047 15.9051 13.2187 8.006 8.12333950118 7.6578
2016-09-29 07:16:27.285000 92040.793 3.401 49.635 34.146 51.971 4.156 14.5041 3.5819 3.8776 4.4214 7.6759 7.9633 4.0046 15.9112 13.2477 8.006 8.07848712666 7.6759
2016-09-29 07:17:44.530000 92118.038 3.524 49.636 34.087 51.969 4.156 14.4936 3.5812 3.8778 4.4216 7.6941 7.9627 4.0049 15.9256 13.273 8.006 7.71316188867 7.6941
2016-09-29 07:19:02.706000 92196.214 3.463 49.637 34.108 51.972 4.155 14.4839 3.581 3.8771 4.4208 7.7128 7.9621 4.0033 15.9341 13.3025 8.005 7.95054184725 7.7128
2016-09-29 07:20:20.822000 92274.33 3.327 49.638 33.85 51.972 4.155 14.4741 3.5809 3.8768 4.4205 7.7315 7.9613 4.004 15.9526 13.3317 8.005 8.30274899925 7.7315
2016-09-29 07:21:37.947000 92351.455 3.521 49.637 34.087 51.971 4.155 14.4649 3.5806 3.8769 4.4206 7.7504 7.9608 4.0036 15.9667 13.3624 8.005 8.25789662474 7.7504
2016-09-29 07:22:56.053000 92429.561 3.331 49.636 34.084 51.973 4.154 14.4548 3.5803 3.8763 4.4205 7.7698 7.96 4.0029 15.9728 13.3884 8.005 8.48215849733 7.7698
2016-09-29 07:24:13.339000 92506.847 3.392 49.637 34.165 51.973 4.155 14.445 3.5805 3.8764 4.4201 7.7893 7.9594 4.0037 15.9754 13.4066 8.005 7.91097852082 7.7893
2016-09-29 07:25:31.505000 92585.013 3.382 49.636 34.143 51.971 4.156 14.4353 3.5804 3.8766 4.4204 7.8095 7.959 4.0042 16.0012 13.4388 8.005 7.79228854153 7.8095
2016-09-29 07:26:49.710000 92663.218 3.342 49.635 33.581 51.971 4.156 14.4257 3.5804 3.877 4.4209 7.8303 7.9584 4.0052 16.0018 13.4597 8.005 8.30274899925 7.8303
2016-09-29 07:28:07.006000 92740.514 3.415 49.636 33.65 51.968 4.157 14.4158 3.5803 3.8778 4.4211 7.8512 7.9581 4.0053 16.0169 13.482 8.006 8.21304425022 7.8512
2016-09-29 07:29:25.313000 92818.821 3.34 49.633 33.688 51.966 4.157 14.4058 3.5803 3.8782 4.4214 7.8731 7.9578 4.0056 16.0291 13.5051 8.006 8.21304425022 7.8731
2016-09-29 07:30:43.599000 92897.107 3.339 49.633 33.676 51.968 4.157 14.396 3.5803 3.878 4.4217 7.8951 7.9573 4.0059 16.0382 13.5333 8.006 8.48215849733 7.8951
2016-09-29 07:32:00.920000 92974.428 3.492 49.631 33.932 51.967 4.159 14.3861 3.5804 3.8793 4.4222 7.9172 7.957 4.0074 16.048 13.5558 8.006 8.21304425022 7.9172
2016-09-29 07:33:19.226000 93052.734 3.329 49.63 33.915 51.965 4.158 14.376 3.5804 3.8795 4.4224 7.9403 7.9566 4.007 16.0622 13.5815 8.006 8.1681918757 7.9403
2016-09-29 07:34:36.501000 93130.009 3.528 49.63 33.846 51.964 4.159 14.3663 3.5807 3.8797 4.4229 7.9625 7.9564 4.0069 16.0685 13.6067 8.007 7.6340352358 7.9625
2016-09-29 07:35:54.838000 93208.346 3.342 49.63 34.08 51.964 4.158 14.3565 3.5804 3.8797 4.4228 7.9864 7.9561 4.0065 16.0772 13.6314 8.006 7.91097852082 7.9864
2016-09-29 07:37:13.133000 93286.641 3.338 49.63 34.085 51.965 4.158 14.3466 3.5804 3.8791 4.4222 8.0101 7.9557 4.0064 16.0884 13.6475 8.006 8.48215849733 8.0101
2016-09-29 07:38:30.529000 93364.037 3.526 49.632 33.803 51.964 4.158 14.3364 3.5808 3.8791 4.4224 8.0342 7.9552 4.0057 16.1039 13.6778 8.006 8.43730612281 8.0342
2016-09-29 07:39:48.904000 93442.412 3.34 49.631 34.109 51.964 4.157 14.3267 3.5803 3.8786 4.4221 8.059 7.9548 4.0055 16.1134 13.6914 8.006 8.34760137377 8.059
2016-09-29 07:41:07.293000 93520.801 3.344 49.632 34.088 51.967 4.156 14.3168 3.5802 3.8777 4.4211 8.0839 7.9544 4.0046 16.1179 13.7219 8.005 7.91097852082 8.0839
2016-09-29 07:42:24.638000 93598.146 3.557 49.632 33.619 51.966 4.156 14.3071 3.5805 3.8775 4.4212 8.1083 7.954 4.0039 16.1356 13.7401 8.005 7.7527252151 8.1083
2016-09-29 07:43:43.054000 93676.562 3.557 49.632 33.575 51.967 4.156 14.2972 3.5797 3.8771 4.4207 8.1336 7.9535 4.004 16.1446 13.7541 8.005 7.7527252151 8.1336
2016-09-29 07:45:01.470000 93754.978 3.558 49.631 33.609 51.962 4.156 14.2872 3.5796 3.8772 4.421 8.1593 7.9531 4.0052 16.1592 13.7815 8.005 7.7527252151 8.1593
2016-09-29 07:46:18.905000 93832.413 3.334 49.628 33.381 51.962 4.157 14.2772 3.5795 3.8779 4.4214 8.1852 7.9531 4.0046 16.1737 13.8012 8.005 8.34760137377 8.1852
2016-09-29 07:47:37.408000 93910.916 3.332 49.629 33.369 51.964 4.156 14.2672 3.5795 3.8774 4.4208 8.2119 7.9529 4.0035 16.1865 13.8203 8.005 8.34760137377 8.2119
2016-09-29 07:48:54.783000 93988.291 3.331 49.63 33.95 51.963 4.157 14.2575 3.5794 3.8776 4.4213 8.2386 7.9528 4.0057 16.1963 13.8432 8.005 8.39245374829 8.2386
2016-09-29 07:50:13.129000 94066.637 3.328 49.63 33.941 51.963 4.156 14.2472 3.5794 3.8774 4.4207 8.2663 7.9528 4.0042 16.2025 13.8633 8.005 8.30274899925 8.2663
2016-09-29 07:51:31.614000 94145.122 3.327 49.63 33.982 51.964 4.155 14.2374 3.5793 3.8766 4.4207 8.2948 7.9525 4.0031 16.2172 13.8809 8.005 8.03363475214 8.2948
2016-09-29 07:52:49.150000 94222.658 3.544 49.63 33.755 51.962 4.155 14.2275 3.5791 3.8767 4.4202 8.3233 7.9523 4.0036 16.2234 13.8969 8.004 8.07848712666 8.3233
2016-09-29 07:54:07.655000 94301.163 3.548 49.627 33.73 51.961 4.156 14.2176 3.5789 3.8764 4.4205 8.3524 7.9523 4.0041 16.2358 13.9204 8.004 8.03363475214 8.3524
2016-09-29 07:55:26.271000 94379.779 3.551 49.623 33.714 51.96 4.155 14.2074 3.5785 3.8769 4.4209 8.3824 7.9524 4.0037 16.2403 13.9367 8.004 8.1681918757 8.3824
2016-09-29 07:56:43.766000 94457.274 3.346 49.627 33.554 51.959 4.155 14.1977 3.5788 3.8762 4.4201 8.4116 7.9524 4.0026 16.2625 13.9642 8.004 7.87141519439 8.4116
2016-09-29 07:58:02.282000 94535.79 3.367 49.627 33.515 51.958 4.155 14.1876 3.5783 3.8764 4.4207 8.4419 7.9522 4.0028 16.2757 13.9783 8.004 7.83185186796 8.4419
2016-09-29 07:59:19.879000 94613.387 3.551 49.623 33.57 51.956 4.155 14.1778 3.5787 3.8763 4.4203 8.4721 7.9523 4.0036 16.2839 13.9993 8.004 8.25789662474 8.4721
2016-09-29 08:00:38.454000 94691.962 3.555 49.622 33.586 51.957 4.156 14.1678 3.5781 3.8765 4.4205 8.5029 7.9515 4.0037 16.2883 14.0132 8.004 8.30274899925 8.5029
2016-09-29 08:01:57.010000 94770.518 3.542 49.623 33.726 51.958 4.155 14.1574 3.5783 3.8765 4.4202 8.5349 7.9524 4.0027 16.3023 14.0353 8.004 7.95054184725 8.5349
2016-09-29 08:03:14.665000 94848.173 3.353 49.625 33.486 51.954 4.155 14.1472 3.5782 3.8759 4.4202 8.567 7.9524 4.0024 16.3224 14.0517 8.003 7.91097852082 8.567
2016-09-29 08:04:33.261000 94926.769 3.351 49.623 33.511 51.955 4.155 14.1378 3.5786 3.8764 4.4203 8.5994 7.9524 4.003 16.3249 14.0719 8.003 7.91097852082 8.5994
2016-09-29 08:05:51.957000 95005.465 3.348 49.622 34.126 51.954 4.155 14.1276 3.5781 3.8763 4.4202 8.6328 7.9525 4.0026 16.3284 14.0835 8.004 8.12333950118 8.6328
2016-09-29 08:07:09.581000 95083.089 3.555 49.623 33.639 51.957 4.153 14.1177 3.5783 3.8752 4.4193 8.6657 7.9525 4.0017 16.3426 14.1124 8.003 8.39245374829 8.6657
2016-09-29 08:08:28.217000 95161.725 3.555 49.621 33.62 51.954 4.153 14.1076 3.5777 3.8747 4.4187 8.6992 7.9526 4.0017 16.3559 14.1237 8.002 7.71316188867 8.6992
2016-09-29 08:09:46.782000 95240.29 3.356 49.622 33.537 51.954 4.154 14.0977 3.5775 3.8745 4.4191 8.7329 7.9526 4.002 16.3676 14.1468 8.003 7.71316188867 8.7329
2016-09-29 08:11:04.509000 95318.017 3.422 49.621 34.142 51.954 4.153 14.0877 3.5775 3.8743 4.4183 8.7673 7.9526 4.0005 16.3742 14.1565 8.002 7.7527252151 8.7673
2016-09-29 08:12:23.104000 95396.612 3.434 49.621 34.15 51.956 4.154 14.0777 3.5769 3.8744 4.4189 8.8024 7.9527 4.0014 16.3838 14.1771 8.002 8.07848712666 8.8024
2016-09-29 08:13:41.770000 95475.278 3.553 49.62 34.13 51.952 4.154 14.067 3.5771 3.8752 4.4195 8.838 7.953 4.0018 16.4044 14.1939 8.003 7.83185186796 8.838
2016-09-29 08:14:59.546000 95553.054 3.332 49.619 33.72 51.951 4.154 14.0578 3.5767 3.8753 4.4195 8.8737 7.9532 4.002 16.4011 14.2109 8.003 8.34760137377 8.8737
2016-09-29 08:16:18.191000 95631.699 3.331 49.619 33.735 51.953 4.154 14.0477 3.5769 3.8751 4.419 8.9097 7.9533 4.0012 16.4242 14.2303 8.002 8.34760137377 8.9097
2016-09-29 08:17:36.893000 95710.401 3.432 49.619 34.129 51.95 4.154 14.0378 3.5768 3.8748 4.419 8.9462 7.9534 4.0013 16.4313 14.2492 8.002 8.48215849733 8.9462
2016-09-29 08:18:54.658000 95788.166 3.461 49.62 33.356 51.951 4.154 14.0276 3.5773 3.8747 4.4189 8.9822 7.9535 4.0024 16.4415 14.2601 8.002 8.07848712666 8.9822
2016-09-29 08:20:13.444000 95866.952 3.33 49.619 33.769 51.951 4.154 14.0175 3.5767 3.8751 4.419 9.0199 7.9539 4.0021 16.4555 14.2756 8.002 7.95054184725 9.0199
2016-09-29 08:21:31.230000 95944.738 3.462 49.618 33.373 51.951 4.154 14.0076 3.5766 3.8752 4.419 9.0574 7.9541 4.0021 16.4642 14.2998 8.002 8.12333950118 9.0574
2016-09-29 08:22:49.816000 96023.324 3.444 49.62 33.361 51.95 4.153 13.9976 3.5765 3.8745 4.4189 9.0957 7.9542 4.0011 16.474 14.3078 8.002 7.67359856223 9.0957
2016-09-29 08:24:08.562000 96102.07 3.46 49.622 33.333 51.954 4.152 13.9881 3.5761 3.8739 4.4185 9.1343 7.9543 4.0002 16.4813 14.3308 8.002 7.87141519439 9.1343
2016-09-29 08:25:26.347000 96179.855 3.491 49.62 33.959 51.954 4.153 13.9786 3.5761 3.8739 4.4187 9.1722 7.9544 4.0006 16.4829 14.3473 8.002 8.03363475214 9.1722
2016-09-29 08:26:45.173000 96258.681 3.49 49.62 34.035 51.953 4.153 13.9687 3.5762 3.8742 4.4184 9.2112 7.9544 4.0003 16.5054 14.3701 8.002 8.25789662474 9.2112
2016-09-29 08:28:04.028000 96337.536 3.479 49.62 33.379 51.952 4.154 13.9596 3.576 3.8744 4.4185 9.2501 7.9545 4.0013 16.5173 14.3877 8.002 7.83185186796 9.2501
2016-09-29 08:29:21.933000 96415.441 3.496 49.617 33.983 51.95 4.154 13.95 3.5761 3.8752 4.4193 9.2904 7.9549 4.0022 16.5242 14.3984 8.003 7.7527252151 9.2904
2016-09-29 08:30:40.769000 96494.277 3.449 49.617 33.355 51.952 4.153 13.9404 3.5759 3.8743 4.4187 9.3309 7.9549 4.0006 16.5319 14.418 8.002 7.79228854153 9.3309
2016-09-29 08:31:59.605000 96573.113 3.333 49.617 33.362 51.949 4.154 13.9307 3.5756 3.8747 4.4192 9.3718 7.955 4.0017 16.5406 14.4334 8.002 7.87141519439 9.3718
2016-09-29 08:33:17.550000 96651.058 3.491 49.617 33.964 51.949 4.154 13.9211 3.5756 3.8748 4.4193 9.412 7.9552 4.0016 16.5549 14.4511 8.002 7.99010517368 9.412
2016-09-29 08:34:36.437000 96729.945 3.438 49.615 33.339 51.948 4.154 13.9114 3.5762 3.8749 4.4191 9.4528 7.9552 4.0011 16.5656 14.4656 8.002 8.39245374829 9.4528
2016-09-29 08:35:55.393000 96808.901 3.332 49.615 33.803 51.948 4.155 13.9018 3.5758 3.8752 4.4191 9.4935 7.9552 4.0025 16.5761 14.4923 8.002 8.21304425022 9.4935
2016-09-29 08:37:13.308000 96886.816 3.439 49.614 33.336 51.946 4.155 13.8925 3.5758 3.8754 4.4192 9.5356 7.9554 4.0017 16.5894 14.5026 8.003 8.1681918757 9.5356
2016-09-29 08:38:32.264000 96965.772 3.332 49.614 33.75 51.946 4.155 13.8827 3.5753 3.8756 4.4196 9.5786 7.9554 4.0024 16.6025 14.5242 8.003 8.48215849733 9.5786
2016-09-29 08:39:51.214000 97044.722 3.44 49.614 34.111 51.947 4.155 13.8728 3.5757 3.8756 4.4194 9.6215 7.9554 4.0027 16.6081 14.5324 8.003 7.99010517368 9.6215
2016-09-29 08:41:09.108000 97122.616 3.336 49.614 33.75 51.944 4.155 13.8632 3.5756 3.876 4.4196 9.6641 7.9555 4.0017 16.6176 14.5565 8.003 7.87141519439 9.6641
2016-09-29 08:42:28.074000 97201.582 3.376 49.612 33.533 51.945 4.155 13.8537 3.5756 3.8759 4.4198 9.7071 7.9555 4.003 16.6288 14.565 8.003 7.95054184725 9.7071
2016-09-29 08:43:47.060000 97280.568 3.543 49.612 34.134 51.946 4.154 13.8443 3.5756 3.8749 4.4191 9.7504 7.9555 4.0017 16.6432 14.5875 8.002 7.87141519439 9.7504
2016-09-29 08:45:05.113000 97358.621 3.373 49.615 34.133 51.945 4.153 13.8347 3.5755 3.8743 4.4187 9.7949 7.9552 4.0008 16.646 14.6078 8.002 8.1681918757 9.7949
2016-09-29 08:46:24.100000 97437.608 3.543 49.614 33.768 51.945 4.154 13.8246 3.5753 3.8747 4.4188 9.8402 7.955 4.0012 16.6618 14.6118 8.002 8.30274899925 9.8402
2016-09-29 08:47:43.034000 97516.542 3.508 49.613 33.932 51.944 4.153 13.8155 3.5753 3.874 4.4183 9.8857 7.9547 4.0011 16.6717 14.6337 8.002 8.43730612281 9.8857
2016-09-29 08:49:01.109000 97594.617 3.506 49.608 33.97 51.94 4.156 13.806 3.5752 3.8751 4.4192 9.9308 7.9545 4.0036 16.6794 14.655 8.002 8.25789662474 9.9308
2016-09-29 08:50:20.236000 97673.744 3.437 49.606 33.324 51.94 4.155 13.7963 3.575 3.875 4.4192 9.9766 7.9544 4.002 16.6898 14.6711 8.002 7.79228854153 9.9766
2016-09-29 08:51:39.388000 97752.896 3.331 49.609 33.811 51.94 4.154 13.7863 3.575 3.8748 4.4188 10.023 7.9539 4.0009 16.694 14.6889 8.002 8.1681918757 10.023
2016-09-29 08:52:58.025000 97831.533 3.331 49.608 33.77 51.941 4.154 13.7768 3.575 3.8742 4.4185 10.0704 7.9533 4.0012 16.7154 14.7026 8.002 7.87141519439 10.0704
2016-09-29 08:54:17.451000 97910.959 3.553 49.607 33.549 51.938 4.154 13.7674 3.5746 3.8744 4.419 10.1183 7.9529 4.0014 16.7122 14.7212 8.002 7.99010517368 10.1183
2016-09-29 08:55:37.002000 97990.51 3.367 49.606 34.135 51.937 4.153 13.7575 3.5749 3.8739 4.4183 10.1673 7.9521 4.0002 16.7277 14.7367 8.001 8.43730612281 10.1673
2016-09-29 08:56:55.315000 98068.823 3.36 49.605 34.134 51.939 4.152 13.7479 3.5748 3.873 4.4173 10.2155 7.951 3.9997 16.7331 14.7482 8.001 8.30274899925 10.2155
2016-09-29 08:58:14.839000 98148.347 3.384 49.607 33.329 51.938 4.152 13.7377 3.5745 3.8725 4.4175 10.2663 7.9498 3.9983 16.7539 14.7642 8.0 8.39245374829 10.2663
2016-09-29 08:59:34.029000 98227.537 3.493 49.602 33.952 51.935 4.152 13.7287 3.5745 3.8727 4.4174 10.3182 7.9485 3.9994 16.7657 14.7865 8.0 8.07848712666 10.3182
2016-09-29 09:00:52.089000 98305.597 3.33 49.605 33.963 51.933 4.152 13.7189 3.5744 3.8722 4.4169 10.3718 7.9464 3.9988 16.7719 14.8102 8.0 7.7527252151 10.3718
2016-09-29 09:02:11.289000 98384.797 3.492 49.601 33.962 51.931 4.152 13.7093 3.5739 3.8716 4.4167 10.4297 7.9433 3.9983 16.7852 14.8197 8.0 7.99010517368 10.4297
2016-09-29 09:03:30.469000 98463.977 3.331 49.6 33.329 51.933 4.151 13.6995 3.5744 3.8718 4.4163 10.4907 7.9393 3.9983 16.7865 14.8414 7.999 7.71316188867 10.4907
2016-09-29 09:04:48.560000 98542.068 3.447 49.602 33.341 51.932 4.151 13.6902 3.5743 3.8715 4.4162 10.5546 7.9358 3.9989 16.814 14.8537 7.999 7.83185186796 10.5546
2016-09-29 09:06:07.830000 98621.338 3.333 49.601 33.717 51.933 4.151 13.6803 3.5736 3.8714 4.4161 10.6168 7.9333 3.9988 16.8205 14.8783 7.999 8.07848712666 10.6168
2016-09-29 09:07:27.040000 98700.548 3.55 49.6 33.549 51.931 4.151 13.6702 3.5736 3.8719 4.4168 10.6754 7.9315 3.9984 16.8244 14.8952 7.999 8.34760137377 10.6754
2016-09-29 09:08:45.280000 98778.788 3.439 49.598 34.136 51.929 4.151 13.6605 3.5734 3.872 4.4165 10.7292 7.9302 3.9977 16.8431 14.9142 7.999 8.39245374829 10.7292
2016-09-29 09:10:04.520000 98858.028 3.359 49.6 33.487 51.93 4.151 13.6514 3.5733 3.8715 4.4159 10.7794 7.9291 3.9987 16.8604 14.929 7.999 8.12333950118 10.7794
2016-09-29 09:11:23.750000 98937.258 3.356 49.598 34.099 51.927 4.152 13.6416 3.573 3.8719 4.4171 10.8267 7.9283 3.9992 16.8624 14.95 7.999 7.79228854153 10.8267
2016-09-29 09:12:42 99015.508 3.36 49.598 34.142 51.927 4.151 13.6315 3.5732 3.872 4.4167 10.8697 7.9278 3.998 16.8758 14.9655 7.999 7.83185186796 10.8697
2016-09-29 09:14:01.290000 99094.798 3.543 49.596 33.76 51.928 4.152 13.6222 3.5732 3.8721 4.4164 10.9106 7.927 3.9981 16.8921 14.9767 7.999 7.7527252151 10.9106
2016-09-29 09:15:20.570000 99174.078 3.331 49.597 34.005 51.927 4.151 13.6126 3.5728 3.8716 4.4167 10.949 7.9264 3.9983 16.8957 14.9941 7.999 7.95054184725 10.949
2016-09-29 09:16:38.791000 99252.299 3.381 49.596 33.342 51.927 4.15 13.603 3.5726 3.8708 4.416 10.9851 7.9256 3.9969 16.9161 15.018 7.998 7.91097852082 10.9851
2016-09-29 09:17:57.961000 99331.469 3.491 49.598 33.997 51.927 4.15 13.5932 3.5733 3.8703 4.4155 11.0213 7.9249 3.9968 16.9217 15.0372 7.998 8.53049810849 11.0213
2016-09-29 09:19:17.061000 99410.569 3.46 49.594 33.354 51.923 4.15 13.5833 3.5726 3.8706 4.4159 11.0569 7.9243 3.9975 16.943 15.0458 7.998 8.48215849733 11.0569
2016-09-29 09:20:35.371000 99488.879 3.445 49.594 33.961 51.923 4.151 13.5737 3.5722 3.8707 4.4159 11.0908 7.9238 3.9974 16.9514 15.0681 7.998 8.39245374829 11.0908
2016-09-29 09:21:54.681000 99568.189 3.331 49.593 33.722 51.922 4.15 13.564 3.573 3.871 4.4159 11.1238 7.9232 3.9979 16.9614 15.085 7.998 8.1681918757 11.1238
2016-09-29 09:23:14.031000 99647.539 3.554 49.594 33.589 51.923 4.15 13.5543 3.5724 3.8702 4.4154 11.1557 7.9226 3.9962 16.9751 15.0994 7.998 7.83185186796 11.1557
2016-09-29 09:24:32.351000 99725.859 3.553 49.593 33.559 51.92 4.15 13.5446 3.5719 3.8701 4.4153 11.1863 7.9219 3.9974 16.9853 15.124 7.998 7.99010517368 11.1863
2016-09-29 09:25:51.721000 99805.229 3.35 49.591 33.498 51.922 4.15 13.5348 3.5725 3.8703 4.4153 11.2164 7.9212 3.9968 17.0031 15.1379 7.997 7.83185186796 11.2164
2016-09-29 09:27:11.141000 99884.649 3.542 49.592 33.766 51.921 4.15 13.525 3.572 3.8701 4.4154 11.246 7.9207 3.9966 17.0022 15.1478 7.998 7.87141519439 11.246
2016-09-29 09:28:54.475000 99987.983 3.527 49.593 33.822 51.922 4.148 13.5124 3.5718 3.8692 4.4143 11.2838 7.9196 3.9947 17.0294 15.1749 7.997 8.03363475214 11.2838
2016-09-29 09:30:13.841000 100067.349 3.324 49.594 33.941 51.922 4.148 13.5026 3.5716 3.8684 4.4139 11.3121 7.9189 3.9948 17.0484 15.1902 7.997 8.25789662474 11.3121
2016-09-29 09:31:33.207000 100146.715 3.482 49.592 34.04 51.922 4.148 13.4926 3.5714 3.8687 4.4141 11.3397 7.9183 3.995 17.0605 15.201 7.996 7.91097852082 11.3397
2016-09-29 09:32:51.603000 100225.111 3.436 49.593 34.137 51.922 4.148 13.484 3.5718 3.869 4.4143 11.3662 7.9176 3.9954 17.0813 15.2192 7.997 7.87141519439 11.3662
2016-09-29 09:34:11.008000 100304.516 3.35 49.592 33.485 51.92 4.148 13.4749 3.5712 3.8686 4.4141 11.3926 7.9171 3.9951 17.1001 15.2376 7.996 7.7527252151 11.3926
2016-09-29 09:35:30.484000 100383.992 3.53 49.594 33.809 51.92 4.145 13.4656 3.5711 3.8689 4.4141 11.4185 7.9164 3.995 17.1055 15.2577 7.996 7.83185186796 11.4185
2016-09-29 09:36:48.940000 100462.448 3.534 49.591 33.797 51.92 4.148 13.4565 3.5714 3.8688 4.414 11.4437 7.9157 3.9953 17.1162 15.2698 7.996 8.25789662474 11.4437
2016-09-29 09:38:08.406000 100541.914 3.323 49.594 33.954 51.922 4.146 13.4472 3.5705 3.8676 4.4134 11.4688 7.9149 3.9928 17.1392 15.2842 7.996 8.12333950118 11.4688
2016-09-29 09:39:27.933000 100621.441 3.496 49.596 33.43 51.923 4.146 13.4378 3.571 3.8671 4.4129 11.4934 7.914 3.9937 17.1456 15.3052 7.995 8.39245374829 11.4934
2016-09-29 09:40:46.358000 100699.866 3.485 49.595 33.411 51.923 4.147 13.4287 3.5703 3.8672 4.4131 11.5185 7.9133 3.9939 17.1589 15.3227 7.995 8.1681918757 11.5185
2016-09-29 09:42:05.774000 100779.282 3.407 49.593 34.139 51.922 4.148 13.4194 3.5699 3.8676 4.4135 11.5442 7.9127 3.9942 17.1858 15.3404 7.996 8.21304425022 11.5442
2016-09-29 09:43:25.380000 100858.888 3.357 49.594 33.486 51.92 4.147 13.4099 3.5702 3.8679 4.4134 11.5688 7.9119 3.9942 17.1916 15.3485 7.996 7.79228854153 11.5688
2016-09-29 09:44:43.906000 100937.414 3.362 49.592 33.462 51.92 4.148 13.401 3.57 3.8682 4.4134 11.5934 7.9114 3.995 17.1968 15.3743 7.996 7.83185186796 11.5934
2016-09-29 09:46:03.471000 101016.979 3.51 49.594 33.915 51.92 4.147 13.391 3.57 3.8679 4.4133 11.6174 7.9109 3.9938 17.2224 15.3845 7.996 8.12333950118 11.6174
2016-09-29 09:47:23.057000 101096.565 3.324 49.594 33.811 51.923 4.146 13.3821 3.5698 3.867 4.4129 11.6413 7.9101 3.9931 17.2373 15.3979 7.995 8.39245374829 11.6413
2016-09-29 09:48:42.673000 101176.181 3.542 49.595 33.495 51.922 4.146 13.373 3.5701 3.8672 4.4127 11.665 7.9093 3.9932 17.2535 15.412 7.995 7.83185186796 11.665
2016-09-29 09:50:01.303000 101254.811 3.352 49.595 33.527 51.92 4.149 13.3639 3.5696 3.868 4.4135 11.6877 7.9086 3.9953 17.2677 15.4318 7.996 7.7527252151 11.6877
2016-09-29 09:51:29.024000 101342.532 3.421 49.591 34.143 51.919 4.148 13.3537 3.5697 3.8685 4.414 11.7129 7.908 3.9954 17.2889 15.444 7.996 8.12333950118 11.7129
2016-09-29 09:52:48.784000 101422.292 3.341 49.589 34.07 51.918 4.15 13.3441 3.5702 3.8694 4.4146 11.7353 7.9074 3.9958 17.3062 15.4589 7.996 8.39245374829 11.7353
2016-09-29 09:54:07.284000 101500.792 3.339 49.586 34.041 51.915 4.151 13.335 3.5698 3.8702 4.4151 11.7567 7.9069 3.997 17.3092 15.4739 7.997 8.1681918757 11.7567
2016-09-29 09:55:26.984000 101580.492 3.409 49.585 33.318 51.914 4.15 13.3254 3.5695 3.8704 4.4157 11.778 7.9063 3.9973 17.3293 15.4896 7.997 7.87141519439 11.778
2016-09-29 09:56:46.960000 101660.468 3.51 49.588 33.39 51.912 4.151 13.3165 3.5698 3.8704 4.4152 11.7993 7.9057 3.9979 17.3596 15.5111 7.997 7.91097852082 11.7993
2016-09-29 09:58:05.817000 101739.325 3.331 49.589 33.723 51.914 4.15 13.3071 3.5695 3.8703 4.4159 11.8198 7.9051 3.9966 17.358 15.5229 7.997 7.95054184725 11.8198
2016-09-29 09:59:25.841000 101819.349 3.364 49.587 33.449 51.914 4.149 13.298 3.5698 3.8695 4.4146 11.8404 7.9042 3.9957 17.371 15.5398 7.996 7.91097852082 11.8404
2016-09-29 10:00:46.020000 101899.528 3.42 49.586 33.301 51.915 4.15 13.2885 3.5702 3.8695 4.415 11.8608 7.9035 3.9966 17.3907 15.5512 7.996 7.83185186796 11.8608
2016-09-29 10:02:04.979000 101978.487 3.325 49.586 33.91 51.912 4.149 13.2793 3.5697 3.8693 4.4145 11.8806 7.9027 3.9956 17.4057 15.5653 7.996 8.48215849733 11.8806
2016-09-29 10:03:24.862000 102058.37 3.338 49.588 33.616 51.916 4.148 13.2699 3.5701 3.8689 4.4143 11.9006 7.902 3.9952 17.4192 15.5782 7.996 8.43730612281 11.9006
2016-09-29 10:04:45.087000 102138.595 3.338 49.59 33.394 51.914 4.148 13.26 3.5697 3.8682 4.4141 11.9207 7.9013 3.9947 17.4308 15.5964 7.995 8.48215849733 11.9207
2016-09-29 10:06:04.239000 102217.747 3.512 49.586 33.929 51.917 4.149 13.2512 3.5699 3.8691 4.4144 11.9406 7.9005 3.9953 17.4468 15.6082 7.996 8.39245374829 11.9406
2016-09-29 10:07:24.285000 102297.793 3.47 49.585 34.05 51.913 4.149 13.2414 3.5695 3.8695 4.4146 11.96 7.8999 3.995 17.4679 15.6261 7.996 8.34760137377 11.96
2016-09-29 10:08:44.216000 102377.724 3.423 49.587 34.131 51.914 4.149 13.2326 3.5694 3.8686 4.4142 11.9793 7.8991 3.9953 17.4796 15.6354 7.996 8.34760137377 11.9793
2016-09-29 10:10:04.037000 102457.545 3.352 49.587 33.458 51.912 4.15 13.2234 3.5698 3.8695 4.4149 11.9982 7.8986 3.9966 17.4878 15.6548 7.996 8.39245374829 11.9982
2016-09-29 10:11:22.807000 102536.315 3.344 49.587 34.143 51.914 4.148 13.2142 3.5694 3.8695 4.4144 12.0178 7.8978 3.9951 17.5014 15.6777 7.996 8.30274899925 12.0178
2016-09-29 10:12:42.697000 102616.205 3.324 49.59 33.928 51.917 4.147 13.2046 3.5691 3.8687 4.4139 12.0367 7.8971 3.9943 17.5179 15.6845 7.995 8.21304425022 12.0367
2016-09-29 10:14:02.537000 102696.045 3.331 49.591 33.391 51.917 4.147 13.1951 3.5687 3.8676 4.4136 12.0558 7.8962 3.9936 17.53 15.6979 7.995 7.87141519439 12.0558
2016-09-29 10:15:21.367000 102774.875 3.332 49.587 33.676 51.917 4.147 13.1857 3.569 3.868 4.4135 12.0749 7.8953 3.9935 17.5455 15.709 7.995 7.95054184725 12.0749
2016-09-29 10:16:41.267000 102854.775 3.356 49.591 33.44 51.917 4.141 13.1767 3.569 3.8672 4.4132 12.0943 7.8945 3.9932 17.5717 15.72 7.995 7.7527252151 12.0943
2016-09-29 10:18:01.037000 102934.545 3.391 49.59 33.315 51.917 4.147 13.1674 3.5692 3.8676 4.4133 12.1132 7.8937 3.9936 17.5737 15.738 7.995 7.87141519439 12.1132
2016-09-29 10:19:19.957000 103013.465 3.323 49.59 33.314 51.919 4.146 13.1582 3.5686 3.8671 4.4126 12.1318 7.8929 3.9928 17.591 15.7547 7.995 8.03363475214 12.1318
2016-09-29 10:20:39.887000 103093.395 3.488 49.59 33.399 51.917 4.148 13.1489 3.569 3.8675 4.4133 12.1504 7.8922 3.9937 17.614 15.7712 7.995 8.25789662474 12.1504
2016-09-29 10:21:59.718000 103173.226 3.554 49.588 33.603 51.913 4.148 13.1395 3.5681 3.8682 4.4137 12.1688 7.8914 3.9941 17.6235 15.7886 7.995 8.43730612281 12.1688
2016-09-29 10:23:19.678000 103253.186 3.533 49.589 33.809 51.915 4.148 13.1301 3.5685 3.8682 4.4134 12.187 7.8907 3.9944 17.6427 15.8058 7.995 8.12333950118 12.187
2016-09-29 10:24:38.568000 103332.076 3.397 49.59 33.307 51.914 4.148 13.1209 3.5681 3.8678 4.4135 12.2044 7.89 3.9943 17.6491 15.8153 7.995 8.30274899925 12.2044
2016-09-29 10:25:58.568000 103412.076 3.483 49.585 33.404 51.913 4.148 13.1116 3.5683 3.8684 4.4137 12.2218 7.8893 3.9948 17.6646 15.8221 7.995 8.43730612281 12.2218
2016-09-29 10:27:18.498000 103492.006 3.555 49.585 33.627 51.912 4.148 13.1017 3.5683 3.8686 4.414 12.2391 7.8886 3.9949 17.6646 15.8375 7.995 8.21304425022 12.2391
2016-09-29 10:28:37.448000 103570.956 3.365 49.587 33.438 51.912 4.147 13.0929 3.5682 3.8681 4.4136 12.2563 7.8879 3.9939 17.686 15.8503 7.995 7.79228854153 12.2563
2016-09-29 10:29:57.508000 103651.016 3.405 49.585 33.319 51.913 4.147 13.0831 3.5682 3.8679 4.4134 12.2733 7.8872 3.9938 17.6923 15.876 7.995 7.95054184725 12.2733
2016-09-29 10:31:17.318000 103730.826 3.477 49.587 34.053 51.912 4.147 13.0743 3.5681 3.8671 4.4132 12.2904 7.8865 3.9936 17.7072 15.8807 7.995 7.83185186796 12.2904
2016-09-29 10:32:36.343000 103809.851 3.332 49.588 33.424 51.914 4.146 13.0645 3.5681 3.8671 4.4131 12.307 7.8856 3.9922 17.7159 15.9008 7.994 7.99010517368 12.307
2016-09-29 10:33:56.384000 103889.892 3.355 49.586 33.441 51.912 4.146 13.0556 3.5678 3.8663 4.4124 12.3235 7.8848 3.9927 17.7311 15.914 7.994 7.95054184725 12.3235
2016-09-29 10:35:16.494000 103970.002 3.39 49.586 33.319 51.912 4.145 13.0459 3.5678 3.8662 4.4122 12.3402 7.884 3.9922 17.7511 15.9195 7.994 8.07848712666 12.3402
2016-09-29 10:36:36.614000 104050.122 3.47 49.587 33.357 51.912 4.146 13.0365 3.5676 3.8666 4.4123 12.3566 7.8832 3.9922 17.7609 15.9297 7.994 8.07848712666 12.3566
2016-09-29 10:37:55.664000 104129.172 3.331 49.586 33.679 51.913 4.145 13.0275 3.5677 3.866 4.4118 12.3726 7.8824 3.992 17.7645 15.9541 7.994 7.87141519439 12.3726
2016-09-29 10:39:17.074000 104210.582 3.394 49.585 33.317 51.911 4.147 13.0181 3.5674 3.8665 4.4121 12.3892 7.8815 3.9931 17.7756 15.9559 7.994 8.39245374829 12.3892
2016-09-29 10:40:37.514000 104291.022 3.33 49.584 33.762 51.91 4.146 13.0084 3.5674 3.8666 4.4124 12.4053 7.8808 3.9926 17.7925 15.9709 7.994 8.48215849733 12.4053
2016-09-29 10:41:56.494000 104370.002 3.412 49.588 34.136 51.912 4.146 12.9994 3.5672 3.8661 4.4124 12.4209 7.8801 3.9921 17.8077 15.9894 7.994 8.34760137377 12.4209
2016-09-29 10:43:16.604000 104450.112 3.335 49.585 34.1 51.912 4.146 12.9905 3.5673 3.8662 4.4122 12.4363 7.8792 3.9921 17.8036 15.9967 7.994 8.25789662474 12.4363
2016-09-29 10:44:36.654000 104530.162 3.322 49.585 33.889 51.914 4.138 12.9812 3.5671 3.8661 4.4119 12.765 7.8783 3.9917 17.8298 16.0055 7.993 7.95054184725 12.765
2016-09-29 10:45:55.765000 104609.273 3.414 49.588 34.156 51.915 4.145 12.973 3.567 3.8653 4.4113 12.6704 7.8772 3.9906 17.838 16.0303 7.993 7.95054184725 12.6704
2016-09-29 10:47:15.895000 104689.403 3.524 49.589 33.836 51.913 4.145 12.9638 3.5673 3.8657 4.4117 12.5717 7.8763 3.9908 17.8472 16.0311 7.993 7.79228854153 12.5717
2016-09-29 10:48:36.025000 104769.533 3.482 49.589 33.997 51.917 4.144 12.9553 3.5666 3.8653 4.4115 12.5606 7.8755 3.99 17.8556 16.0474 7.993 7.99010517368 12.5606
2016-09-29 10:49:56.335000 104849.843 3.54 49.591 33.556 51.919 4.144 12.9462 3.5666 3.8644 4.4109 12.5637 7.8745 3.9898 17.8647 16.0602 7.993 7.79228854153 12.5637
2016-09-29 10:51:15.335000 104928.843 3.351 49.594 33.481 51.917 4.145 12.9372 3.5664 3.8648 4.4115 12.5697 7.8737 3.9919 17.8688 16.0711 7.993 7.79228854153 12.5697
2016-09-29 10:52:35.545000 105009.053 3.38 49.591 33.36 51.92 4.145 12.9289 3.5664 3.8651 4.4114 12.578 7.873 3.9909 17.8744 16.0874 7.993 7.79228854153 12.578
2016-09-29 10:53:55.895000 105089.403 3.329 49.591 33.709 51.919 4.145 12.92 3.5663 3.8655 4.4115 12.5874 7.872 3.9917 17.8934 16.0955 7.994 8.12333950118 12.5874
