#Human readable time. Time (s) since start. Lakeshore temperature sensor 218 T1,3,5,6,8 and 224 C2,C3,C4,C5,D2,D3,D5,A,B
2016-10-19 20:10:23.268000 0.0 3.478 49.732 34.056 52.062 4.122 15.8359 3.7231 3.8657 4.411 4.9185 5.3697 3.9664 6.8049 4.9101 7.986 -1 8.7493
2016-10-19 20:11:24.008000 60.74 3.399 49.73 33.301 52.06 4.122 15.8289 3.7237 3.8666 4.4117 4.9273 5.37 3.967 6.8232 4.9252 7.986 5.14500625857 8.7625
2016-10-19 20:12:24.358000 121.09 3.334 49.729 33.335 52.058 4.122 15.8231 3.7239 3.8668 4.4117 4.9346 5.3702 3.9668 6.8391 4.9393 7.986 5.31486626545 8.779
2016-10-19 20:13:24.768000 181.5 3.427 49.729 33.471 52.061 4.417 21.7352 3.7599 4.2105 4.7018 5.0527 5.4588 4.3204 6.8573 5.2399 8.067 5.27618039409 8.7956
2016-10-19 20:14:25.408000 242.14 3.644 49.728 33.815 52.057 4.772 26.7637 3.9957 5.3529 5.6853 5.4005 5.8321 4.7033 6.8808 5.4443 8.239 5.1270437863 8.816
2016-10-19 20:15:25.888000 302.62 3.625 49.729 34.173 52.061 4.981 31.0772 4.48 6.7125 6.8959 5.8037 6.3659 5.0097 6.9108 5.5958 8.405 5.37289507248 8.8323
2016-10-19 20:16:26.378000 363.11 3.914 49.744 34.14 52.075 5.277 34.1903 5.1106 8.1254 8.2562 6.2105 6.9773 5.2562 6.9524 5.7378 8.557 5.31486626545 8.8588
2016-10-19 20:17:26.938000 423.67 3.756 49.759 33.604 52.086 5.463 36.644 5.7937 9.4467 9.5438 6.6193 7.605 5.4576 6.9978 5.8623 8.697 5.21815158705 8.8897
2016-10-19 20:18:27.488000 484.22 3.806 49.775 34.223 52.1 5.598 38.8192 6.3869 10.6034 10.6943 7.0239 8.2038 5.6064 7.0482 5.9508 8.81 5.41245100237 8.9281
2016-10-19 20:19:28.118000 544.85 4.087 49.793 34.184 52.119 5.708 40.7809 6.3763 11.5853 11.6686 7.3947 8.7598 5.7237 7.1107 6.0032 8.901 5.4332471431 8.9818
2016-10-19 20:20:28.748000 605.48 4.243 49.816 33.88 52.137 5.808 42.5699 6.1737 12.4425 12.3737 7.7278 9.2536 5.8344 7.1732 6.0392 8.977 5.21815158705 9.0371
2016-10-19 20:21:29.388000 666.12 4.01 49.837 33.585 52.159 5.91 44.2092 6.1302 13.1957 13.1815 8.0228 9.6914 5.946 7.2274 6.0797 9.048 5.21815158705 9.1038
2016-10-19 20:22:30.109000 726.841 4.172 49.857 34.383 52.178 6.021 45.7139 6.218 13.8501 13.9338 8.2869 10.0809 6.0669 7.2825 6.1348 9.123 5.33420920113 9.1711
2016-10-19 20:23:30.869000 787.601 4.392 49.88 33.997 52.199 6.146 47.1114 6.3457 14.4203 14.5637 8.5212 10.4135 6.2041 7.3394 6.2079 9.203 5.64417320662 9.2442
2016-10-19 20:24:31.629000 848.361 4.026 49.905 34.117 52.221 6.174 47.8568 6.366 14.8468 15.0323 8.6345 10.6037 6.2275 7.3978 6.1804 9.257 5.39223800816 9.3157
2016-10-19 20:25:32.429000 909.161 4.393 49.929 34.491 52.244 6.15 48.0391 6.3128 14.9391 15.2369 8.6055 10.6136 6.1973 7.4398 6.1203 9.27 5.62188093447 9.3703
2016-10-19 20:26:33.259000 969.991 4.094 49.953 33.697 52.269 6.073 48.3007 6.2003 14.7241 15.1814 8.5162 10.516 6.1103 7.4769 6.0338 9.246 5.55802398752 9.4263
2016-10-19 20:27:34.119000 1030.851 4.093 49.976 34.516 52.291 5.756 48.7159 6.0527 14.3079 14.9451 8.3966 10.3589 5.9831 7.5075 5.9169 9.192 5.68875775091 9.4708
2016-10-19 20:28:35.049000 1091.781 3.984 49.996 33.691 52.311 5.82 49.1951 5.8984 13.8037 14.6031 8.255 10.1624 5.846 7.5316 5.7767 9.118 5.3535521368 9.517
2016-10-19 20:29:35.989000 1152.721 3.991 50.011 34.479 52.323 5.603 49.6875 5.7612 13.2801 14.2141 8.1032 9.9393 5.7194 7.5536 5.6396 9.041 5.45404328384 9.5587
2016-10-19 20:30:36.969000 1213.701 3.885 50.023 34.142 52.333 5.604 50.1951 5.6572 12.7913 13.8093 7.9425 9.7083 5.612 7.5733 5.5076 8.969 5.71105002305 9.6011
2016-10-19 20:31:37.969000 1274.701 3.944 50.031 34.429 52.342 5.523 50.6789 5.5867 12.3474 13.4191 7.7813 9.482 5.5197 7.5888 5.3956 8.905 5.64417320662 9.6435
2016-10-19 20:32:39.019000 1335.751 3.806 50.037 33.652 52.348 5.427 50.8612 5.5062 11.9215 13.0303 7.5898 9.2278 5.4071 7.6036 5.2505 8.84 5.55802398752 9.6782
2016-10-19 20:33:40.099000 1396.831 3.861 50.035 34.404 52.348 5.075 50.7004 5.4661 11.4042 12.5699 7.3612 8.928 5.2984 7.6157 5.1066 8.771 5.7333422952 9.712
2016-10-19 20:34:41.230000 1457.962 3.753 50.038 33.601 52.351 5.222 50.484 5.4843 10.792 12.0313 7.1302 8.606 5.1833 7.6221 5.0005 8.7 5.49563556531 9.7414
2016-10-19 20:35:42.380000 1519.112 3.677 50.038 34.397 52.352 5.139 50.2589 5.5859 10.1399 11.4487 6.9087 8.2883 5.0931 7.6291 4.8964 8.64 5.55802398752 9.7686
2016-10-19 20:36:43.560000 1580.292 3.593 50.035 34.14 52.349 5.063 50.0342 5.7199 9.4715 10.8441 6.6992 7.9871 5.0089 7.6374 4.8001 8.587 5.62188093447 9.7841
2016-10-19 20:37:44.820000 1641.552 3.859 50.029 33.862 52.345 4.99 49.7972 5.8455 8.8345 10.2322 6.5073 7.7073 4.9299 7.6423 4.7074 8.538 5.75563456734 9.8085
2016-10-19 20:38:46.110000 1702.842 3.729 50.025 34.286 52.341 4.901 49.5871 5.944 8.2403 9.6171 6.3312 7.4557 4.8544 7.6447 4.6181 8.493 5.41245100237 9.8218
2016-10-19 20:39:47.390000 1764.122 3.573 50.019 33.655 52.336 4.726 49.7173 6.0356 7.7726 9.0876 6.1881 7.2509 4.8243 7.6468 4.5784 8.464 5.66646547876 9.8455
2016-10-19 20:40:48.730000 1825.462 3.758 50.014 33.634 52.329 4.869 50.2237 6.1359 7.6286 8.7936 6.0872 7.1149 4.804 7.6516 4.5583 8.447 5.75563456734 9.8584
2016-10-19 20:41:50.070000 1886.802 3.763 50.002 34.007 52.321 4.856 50.8189 6.2441 7.7281 8.7342 6.018 7.0356 4.7873 7.6527 4.5432 8.435 5.47483942457 9.8762
2016-10-19 20:42:51.780000 1948.512 3.567 49.997 34.284 52.317 4.893 51.1971 27.7828 7.8792 8.7796 5.9489 6.9684 4.8303 7.1253 4.5477 8.44 5.66646547876 9.8852
2016-10-19 20:43:53.230000 2009.962 3.554 49.99 33.881 52.31 4.922 51.3426 36.0134 7.8584 8.7326 5.9079 6.918 4.8627 5.7816 4.5673 8.456 5.59961626899 9.89
2016-10-19 20:44:54.700000 2071.432 3.633 49.986 33.5 52.304 4.647 51.4002 41.3974 7.722 8.6105 5.9162 6.9109 4.8629 5.2193 4.5697 8.464 5.57882012825 9.8734
2016-10-19 20:45:56.210000 2132.942 3.821 49.982 33.86 52.304 4.654 51.3968 46.1659 7.5613 8.4767 5.9691 6.9533 4.8409 4.9707 4.5541 8.459 5.45404328384 9.8515
2016-10-19 20:46:57.751000 2194.483 3.722 49.978 34.223 52.298 4.868 51.3471 50.672 7.4258 8.373 6.0532 7.0405 4.8111 4.818 4.5288 8.447 5.49563556531 9.8344
2016-10-19 20:47:59.321000 2256.053 3.538 49.974 34.25 52.294 4.635 51.2549 52.5371 7.3016 8.2806 6.082 7.0896 4.7439 4.6466 4.4818 8.421 5.68875775091 9.8138
2016-10-19 20:49:00.931000 2317.663 3.508 49.967 33.862 52.289 4.752 51.1407 52.7119 7.1127 8.1283 6.0387 7.0522 4.6869 4.56 4.4372 8.393 5.55802398752 9.7891
2016-10-19 20:50:02.561000 2379.293 3.569 49.962 33.47 52.283 4.725 51.038 52.5404 6.8727 7.9145 5.9648 6.9643 4.645 4.5054 4.3953 8.367 5.62188093447 9.772
2016-10-19 20:51:04.241000 2440.973 3.525 49.957 33.526 52.277 4.695 50.9404 52.3343 6.6213 7.6719 5.8772 6.8533 4.6123 4.4609 4.3589 8.347 5.64417320662 9.7405
2016-10-19 20:52:05.961000 2502.693 3.669 49.948 33.562 52.27 4.662 50.8408 52.1129 6.3842 7.4176 5.7876 6.7358 4.5825 4.4194 4.3258 8.329 5.45404328384 9.7144
2016-10-19 20:53:07.721000 2564.453 3.56 49.944 34.013 52.268 4.629 50.7647 51.8941 6.1672 7.1681 5.697 6.6192 4.5546 4.3843 4.2959 8.314 5.59961626899 9.6849
2016-10-19 20:54:09.531000 2626.263 3.72 49.939 33.76 52.26 4.62 50.6868 51.6732 5.9729 6.9331 5.6117 6.5109 4.5294 4.3504 4.267 8.299 5.41245100237 9.6563
2016-10-19 20:55:11.361000 2688.093 3.648 49.932 33.536 52.255 4.592 50.6127 51.4465 5.7912 6.7177 5.5311 6.4108 4.5076 4.3205 4.2402 8.286 5.64417320662 9.6251
2016-10-19 20:56:13.201000 2749.933 3.516 49.925 33.895 52.25 4.582 50.5429 51.2375 5.6297 6.5248 5.4578 6.323 4.4879 4.2939 4.2152 8.275 5.7333422952 9.5973
2016-10-19 20:57:15.061000 2811.793 3.67 49.918 33.581 52.241 4.566 50.4707 51.0178 5.487 6.3543 5.3923 6.2447 4.4697 4.2685 4.1916 8.264 5.53722784678 9.563
2016-10-19 20:58:16.972000 2873.704 3.568 49.912 33.444 52.237 4.551 50.4159 50.8015 5.3627 6.2023 5.3328 6.1763 4.4531 4.2444 4.1692 8.255 5.57882012825 9.5299
2016-10-19 20:59:18.942000 2935.674 3.493 49.905 33.464 52.23 4.537 50.356 50.5871 5.254 6.0701 5.2801 6.1171 4.4375 4.2235 4.1485 8.246 5.39223800816 9.5
2016-10-19 21:00:20.952000 2997.684 3.465 49.898 33.6 52.223 4.524 50.2917 50.3711 5.1593 5.951 5.2334 6.0655 4.4236 4.2019 4.1299 8.237 5.47483942457 9.4677
2016-10-19 21:01:23.002000 3059.734 3.437 49.892 33.837 52.217 4.513 50.2444 50.1593 5.0768 5.842 5.1923 6.0205 4.4101 4.1831 4.1119 8.23 5.4332471431 9.439
2016-10-19 21:02:25.002000 3121.734 3.433 49.888 34.084 52.213 4.501 50.1926 49.9481 5.007 5.7468 5.1556 5.9801 4.3984 4.1667 4.097 8.223 5.31486626545 9.4091
2016-10-19 21:03:27.062000 3183.794 3.98 49.883 34.146 52.209 6.389 49.2014 49.7428 17.6565 6.1799 5.1339 6.0715 6.6325 4.255 4.1864 8.649 5.25683745841 9.3798
2016-10-19 21:04:29.172000 3245.904 5.273 49.869 34.233 52.193 8.444 44.4933 49.8561 21.2814 7.9075 5.2293 6.9665 8.725 4.2757 4.1102 10.117 5.39223800816 9.3471
2016-10-19 21:05:31.302000 3308.034 5.454 49.889 34.102 52.226 8.725 41.1775 50.1713 23.487 8.7038 5.2764 7.6889 8.9924 4.1963 4.012 10.796 5.45404328384 9.3206
2016-10-19 21:06:33.462000 3370.194 5.226 49.995 34.356 52.324 8.651 38.5942 50.4785 24.9331 9.0223 5.2731 8.1405 8.898 4.0799 3.8917 11.03 5.31486626545 9.2929
2016-10-19 21:07:35.672000 3432.404 5.062 50.118 34.611 52.428 8.468 36.2294 50.4248 26.1055 9.1088 5.2372 8.4138 8.6901 3.9272 3.7537 11.044 5.4332471431 9.2594
2016-10-19 21:08:37.932000 3494.664 5.353 50.211 35.011 52.515 8.26 33.9392 50.1833 26.9151 9.0617 5.177 8.5644 8.4449 3.7727 3.603 10.952 5.41245100237 9.2266
2016-10-19 21:09:40.202000 3556.934 5.277 50.286 34.964 52.583 8.026 31.5602 49.9027 27.4683 8.9343 5.0958 8.6258 8.1938 3.6012 3.4338 10.809 5.47483942457 9.1934
2016-10-19 21:10:42.513000 3619.245 4.901 50.348 34.3 52.641 7.783 28.9648 49.6022 27.8297 8.7537 5.0001 8.6225 7.9303 3.4178 3.2549 10.638 5.23749452273 9.1643
2016-10-19 21:11:44.853000 3681.585 4.677 50.4 35.032 52.69 7.54 26.3977 49.6223 28.1216 8.5442 4.8915 8.5714 7.6719 3.225 3.0734 10.461 5.37289507248 9.1273
2016-10-19 21:12:47.203000 3743.935 4.789 50.444 35.015 52.734 7.312 24.171 49.7927 28.3856 8.3197 4.7763 8.4866 7.417 3.0139 2.9003 10.295 5.51643170605 9.0915
2016-10-19 21:13:49.623000 3806.355 4.633 50.479 34.264 52.767 7.086 22.4416 49.9656 28.5717 8.086 4.6584 8.3766 7.1746 2.8644 2.7285 10.127 5.37289507248 9.0562
2016-10-19 21:14:52.043000 3868.775 4.308 50.506 34.757 52.794 6.863 21.0358 50.1204 28.6776 7.8508 4.5364 8.2462 6.9409 2.6912 2.5577 9.962 5.31486626545 9.0201
2016-10-19 21:15:54.513000 3931.245 4.586 50.53 34.752 52.822 6.659 19.7487 50.3073 28.7346 7.6202 4.4206 8.1057 6.7173 2.5401 2.3813 9.803 5.19889367535 8.9802
2016-10-19 21:16:57.033000 3993.765 4.219 50.551 34.201 52.841 6.457 18.5739 50.1608 28.7484 7.3923 4.3361 7.9549 6.4998 2.392 2.2072 9.648 5.39223800816 8.9454
2016-10-19 21:17:59.563000 4056.295 4.133 50.561 34.895 52.852 6.248 17.7096 49.7996 28.7495 7.173 4.2496 7.7997 6.3157 2.2404 2.0895 9.505 5.31486626545 8.9063
2016-10-19 21:19:02.133000 4118.865 4.349 50.567 34.245 52.859 6.137 16.8347 49.4583 28.72 6.9749 4.1447 7.6503 6.1566 2.1072 1.971 9.395 5.14500625857 8.8679
2016-10-19 21:20:04.763000 4181.495 3.936 50.569 34.66 52.863 5.995 15.9011 49.5136 28.6921 6.7948 4.028 7.5064 6.0054 1.9793 1.8384 9.294 5.33420920113 8.829
2016-10-19 21:21:07.403000 4244.135 3.979 50.567 34.032 52.864 5.851 14.9404 49.7807 28.6408 6.6309 3.9198 7.3663 5.8508 1.8323 1.6957 9.196 5.25683745841 8.7956
2016-10-19 21:22:10.124000 4306.856 3.847 50.567 34.771 52.864 5.704 13.9632 50.0696 28.5801 6.4741 3.816 7.231 5.692 1.6707 1.5457 9.097 5.18093120309 8.7587
2016-10-19 21:23:12.884000 4369.616 3.794 50.558 34.206 52.858 5.554 12.9838 50.3765 28.5107 6.3224 21.1835 7.0968 5.5315 1.5053 1.3987 8.997 5.10908131404 8.7233
2016-10-19 21:24:15.644000 4432.376 3.879 50.55 34.683 52.848 5.4 12.0153 50.3112 28.4316 6.1732 25.8546 6.9637 5.3688 1.3672 1.259 8.894 5.25683745841 8.6842
2016-10-19 21:25:18.544000 4495.276 3.65 50.534 34.311 52.84 5.164 11.0665 50.0597 28.353 6.0184 29.1391 6.8299 5.2092 1.2596 1.1333 8.792 5.29552332977 8.6502
2016-10-19 21:26:21.414000 4558.146 3.761 50.517 33.886 52.824 5.109 10.2743 49.847 28.2739 5.8538 31.154 6.6972 5.0519 1.3322 1.0645 8.691 5.10908131404 1.4363
2016-10-19 21:27:24.264000 4620.996 3.565 50.499 34.481 52.806 4.995 9.4529 49.554 28.1965 5.7131 32.5904 6.5755 4.9282 1.218 1.0965 8.61 5.09111884178 1.2986
2016-10-19 21:28:27.214000 4683.946 3.588 50.477 33.781 52.788 4.879 8.615 49.7199 28.1203 5.5807 29.3375 6.4607 4.8031 1.1729 1.0778 8.532 4.88464890557 1.2438
2016-10-19 21:29:30.134000 4746.866 3.745 50.457 34.148 52.769 4.775 7.8283 50.1045 28.0496 5.464 27.6797 6.3537 4.691 1.1435 1.0655 8.464 4.58700242086 1.2092
2016-10-19 21:30:33.124000 4809.856 3.505 50.433 34.492 52.749 4.51 7.1726 50.4971 27.9913 5.3646 27.0254 6.2556 4.5961 1.1246 1.0574 8.407 4.54449756502 1.1874
2016-10-19 21:31:36.144000 4872.876 3.469 50.409 33.853 52.726 4.573 6.6809 50.4785 27.961 5.2782 26.7396 6.1664 4.5187 1.1115 1.0512 8.359 4.47365613862 1.1708
2016-10-19 21:32:39.184000 4935.916 3.662 50.386 33.832 52.703 4.559 6.3324 50.2529 27.9387 5.1996 26.6094 6.0872 4.4599 1.1023 1.0469 8.32 4.17129264009 1.1585
2016-10-19 21:33:42.285000 4999.017 3.572 50.36 34.366 52.681 4.52 6.0863 50.0064 27.9245 5.1319 26.5574 6.0184 4.418 1.0952 1.0437 8.291 3.99349594313 1.1488
2016-10-19 21:34:45.435000 5062.167 3.559 50.335 34.359 52.659 4.491 5.9003 49.7565 27.9122 5.0778 26.5375 5.9568 4.3865 1.0894 1.0412 8.268 3.86234427936 1.1406
2016-10-19 21:35:48.555000 5125.287 3.411 50.315 34.246 52.638 4.47 5.7559 49.5066 27.9034 5.0343 26.5351 5.9046 4.3634 1.0845 1.039 8.251 3.76886282903 1.1334
2016-10-19 21:36:51.755000 5188.487 3.478 50.287 33.553 52.614 4.457 5.6471 49.6872 27.9007 5.0046 26.5399 5.8618 4.3494 1.0819 1.0381 8.239 3.72865304756 1.1292
2016-10-19 21:37:54.975000 5251.707 3.469 50.266 33.543 52.594 4.45 5.5654 50.0761 27.8975 4.9914 26.5503 5.8276 4.3423 1.0789 1.0368 8.232 3.38367268357 1.1249
2016-10-19 21:38:58.285000 5315.017 3.581 50.246 34.146 52.575 4.446 5.5015 50.471 27.894 4.988 26.5564 5.8009 4.3379 1.076 1.0354 8.226 3.26395388383 1.121
2016-10-19 21:40:01.615000 5378.347 3.552 50.226 34.25 52.554 4.44 5.4465 50.4626 27.8904 4.9836 26.5631 5.7776 4.3314 1.072 1.0336 8.222 3.13742894475 1.1164
2016-10-19 21:41:04.965000 5441.697 3.574 50.206 34.098 52.538 4.434 5.3987 50.236 27.8908 4.9708 26.5673 5.7561 4.3241 1.0692 1.0323 8.217 3.01293618673 1.1127
2016-10-19 21:42:08.325000 5505.057 3.407 50.187 34.119 52.517 4.428 5.3592 49.9879 27.8849 4.9562 26.5792 5.7365 4.3182 1.0669 1.0313 8.212 2.94206451723 1.1099
2016-10-19 21:43:11.765000 5568.497 3.406 50.169 34.117 52.502 4.423 5.3254 49.7267 27.8891 4.942 26.5829 5.7188 4.3119 1.0651 1.0304 8.208 2.82016958425 1.1077
2016-10-19 21:44:15.195000 5631.927 3.404 50.153 34.053 52.488 4.42 5.3011 49.9124 27.8901 4.9339 26.5875 5.7034 4.3096 1.0651 1.0306 8.204 2.76321210487 1.1073
2016-10-19 21:45:18.705000 5695.437 3.406 50.139 34.053 52.473 4.422 5.2847 50.2943 27.8916 4.9373 26.5926 5.6917 4.3116 1.0645 1.0304 8.202 2.67602483744 1.1063
2016-10-19 21:46:22.266000 5758.998 3.408 50.123 34.098 52.457 4.424 5.2712 50.6889 27.8926 4.9465 26.5984 5.6829 4.3137 1.0638 1.03 8.202 2.61392571091 1.1053
2016-10-19 21:47:25.786000 5822.518 3.406 50.11 34.09 52.444 4.422 5.2554 50.6803 27.892 4.9516 26.6042 5.6748 4.3114 1.0618 1.0291 8.2 2.59851593565 1.1032
2016-10-19 21:48:29.356000 5886.088 3.409 50.097 34.14 52.432 4.42 5.24 50.4497 27.8873 4.9461 26.6117 5.6656 4.3083 1.0607 1.0286 8.198 2.59371319313 1.102
2016-10-19 21:49:32.986000 5949.718 3.606 50.084 33.988 52.417 4.418 5.2267 50.1937 27.892 4.9375 26.6132 5.6561 4.3057 1.06 1.0282 8.196 2.57930496556 1.1011
2016-10-19 21:50:36.626000 6013.358 3.59 50.069 34.061 52.406 4.414 5.2144 49.9506 27.8908 4.9276 26.6218 5.6472 4.3021 1.0594 1.028 8.193 2.5024610852 1.1004
2016-10-19 21:51:40.266000 6076.998 3.586 50.058 34.039 52.396 4.411 5.2035 49.6951 27.8904 4.9178 26.6218 5.6384 4.298 1.0589 1.0278 8.19 2.48450052098 1.0998
2016-10-19 21:52:43.956000 6140.688 3.572 50.049 34.113 52.384 4.411 5.1994 49.4383 27.8911 17.0053 26.6242 5.63 4.3003 1.0585 1.0275 8.187 2.46227947068 1.0994
2016-10-19 21:53:47.716000 6204.448 4.945 50.029 33.443 52.365 7.381 7.6901 26.6416 28.4969 19.611 26.6341 6.4789 7.4666 0.9477 1.0001 9.655 2.44450263044 0.9979
2016-10-19 21:54:51.476000 6268.208 3.999 50.041 34.03 52.383 5.747 6.5932 12.2293 28.2702 21.1584 26.6187 6.7398 5.922 0.5269 0.9836 9.461 2.49783315117 0.5998
2016-10-19 21:55:55.286000 6332.018 3.601 50.118 33.972 52.448 4.697 5.7686 6.1758 28.0315 21.9874 26.5015 6.5672 4.8379 0.4124 0.9916 8.873 2.45339105056 0.4985
2016-10-19 21:56:59.126000 6395.858 3.504 50.14 34.337 52.461 4.584 5.4056 5.0334 27.9562 22.7278 26.2273 6.3219 4.4693 0.3931 0.9934 8.486 2.38365189123 0.4797
2016-10-19 21:58:03.017000 6459.749 3.452 50.123 34.285 52.446 4.438 5.2035 4.6853 27.9173 23.3668 25.959 6.1135 4.3166 0.3856 0.9935 8.305 2.37544990924 0.4726
2016-10-19 21:59:06.917000 6523.649 3.609 50.101 33.878 52.429 4.364 5.0728 4.5394 27.9007 23.8748 25.7909 5.9476 4.2411 0.3823 0.9932 8.212 2.35904594527 0.4699
2016-10-19 22:00:10.887000 6587.619 3.43 50.084 33.451 52.414 4.324 4.9854 4.4676 27.887 24.3458 30.83 5.8198 4.2006 0.3806 0.993 8.164 2.33854099029 0.4687
2016-10-19 22:01:15.197000 6651.929 3.54 50.066 34.102 52.399 4.303 4.9259 4.4275 27.8698 24.7249 32.9149 5.7261 4.1765 0.3796 0.9937 8.138 2.34264198129 0.4681
2016-10-19 22:02:19.247000 6715.979 3.519 50.055 33.467 52.388 4.289 4.8838 4.4026 27.8681 24.9904 29.7457 5.6602 4.1609 0.3788 0.9941 8.124 2.32623801731 0.4673
2016-10-19 22:03:23.287000 6780.019 3.367 50.042 33.898 52.378 4.282 4.8534 4.3834 27.8639 25.3147 27.9525 5.6134 4.1525 0.3778 0.994 8.115 2.34264198129 0.4664
2016-10-19 22:04:27.407000 6844.139 3.457 50.03 34.227 52.362 4.278 4.8291 4.3669 27.8601 25.5704 27.1304 5.5796 4.1473 0.3769 0.9936 8.11 2.26000022763 0.4655
2016-10-19 22:05:31.537000 6908.269 3.601 50.018 33.732 52.353 4.274 4.8088 4.3525 27.8594 25.7657 26.6489 5.5547 4.1424 0.3762 0.9932 8.107 2.30983405333 0.4648
2016-10-19 22:06:35.697000 6972.429 3.369 50.006 33.411 52.343 4.272 4.7937 4.3407 27.8523 25.9161 26.3665 5.5356 4.1402 0.3755 0.9931 8.104 2.34674297228 0.4643
2016-10-19 22:07:39.927000 7036.659 3.539 49.995 34.058 52.333 4.27 4.7811 4.3303 27.858 26.0562 26.1987 5.5209 4.1377 0.375 0.9932 8.102 2.36724792726 0.4638
2016-10-19 22:08:44.177000 7100.909 3.369 49.985 33.417 52.321 4.269 4.7716 4.3215 27.8538 26.1886 26.1016 5.5089 4.1357 0.3745 0.9931 8.1 2.28641011388 0.4634
2016-10-19 22:09:48.438000 7165.17 3.487 49.976 34.183 52.312 4.267 4.7625 4.3131 27.853 26.2943 26.052 5.4989 4.1336 0.3741 0.9929 8.098 2.35084396328 0.463
2016-10-19 22:10:52.828000 7229.56 3.382 49.967 33.656 52.304 4.266 4.755 4.3061 27.8523 26.3809 26.0228 5.4904 4.1319 0.3737 0.9931 8.096 2.34264198129 0.4627
2016-10-19 22:11:57.198000 7293.93 3.599 49.959 34.187 52.295 4.256 4.5587 4.2863 27.8366 26.4514 26.0091 5.4832 4.1198 0.3735 1.1717 8.093 2.32623801731 0.4625
2016-10-19 22:13:01.628000 7358.36 3.405 49.95 33.558 52.29 4.243 4.4297 4.2654 27.8349 26.5083 26.0158 5.4762 4.1038 0.3734 1.2881 8.085 2.35084396328 0.4624
2016-10-19 22:14:06.058000 7422.79 3.568 49.94 33.853 52.278 4.236 4.3807 4.2529 27.8281 26.557 26.0277 5.4677 4.0944 0.3734 1.35 8.079 2.29395579567 0.4625
2016-10-19 22:15:10.568000 7487.31 3.36 49.934 33.948 52.269 4.233 4.3669 4.2473 27.8334 26.5996 26.0368 5.4592 4.0918 0.3732 1.391 8.075 2.31803603532 0.4623
2016-10-19 22:16:15.058000 7551.79 3.541 49.925 33.461 52.26 4.232 4.3699 4.2427 27.8318 26.6331 26.0639 5.4515 4.0898 0.373 1.4182 8.073 2.34264198129 0.4622
2016-10-19 22:17:19.608000 7616.34 3.455 49.918 34.174 52.256 4.231 4.3807 4.2388 27.8351 26.662 26.0776 5.4449 4.0891 0.3728 1.438 8.071 2.31803603532 0.462
2016-10-19 22:18:24.228000 7680.96 3.401 49.913 34.159 52.248 4.231 4.3963 4.2361 27.8338 26.6858 26.0989 5.4391 4.0896 0.3725 1.453 8.07 2.33033900831 0.4618
2016-10-19 22:19:28.908000 7745.64 3.418 49.904 33.36 52.24 4.233 4.4132 4.2342 27.8408 26.7089 26.1099 5.4347 4.0914 0.3723 1.4638 8.07 2.23359034138 0.4615
2016-10-19 22:20:33.558000 7810.29 3.542 49.896 33.957 52.23 4.236 4.4303 4.2328 27.8411 26.725 26.1287 5.4312 4.0945 0.3721 1.4718 8.07 2.34674297228 0.4614
2016-10-19 22:21:38.279000 7875.011 3.498 49.888 34.088 52.224 4.237 4.4458 4.2312 27.8422 26.7344 26.1342 5.4285 4.0959 0.3719 1.4777 8.07 2.31803603532 0.4612
2016-10-19 22:22:42.999000 7939.731 3.378 49.881 33.61 52.217 4.237 4.4582 4.2291 27.8422 26.7521 26.1564 5.4263 4.0965 0.3717 1.4822 8.07 2.33033900831 0.461
2016-10-19 22:23:47.749000 8004.481 3.419 49.876 33.389 52.212 4.238 4.4696 4.2271 27.8443 26.7591 26.1656 5.4238 4.0971 0.3716 1.4856 8.07 2.32623801731 0.4609
2016-10-19 22:24:52.549000 8069.281 3.544 49.871 33.967 52.207 4.239 4.4795 4.2256 27.8446 26.7719 26.1817 5.4219 4.0982 0.3714 1.4882 8.07 2.30983405333 0.4608
2016-10-19 22:25:57.379000 8134.111 3.487 49.867 34.135 52.203 4.239 4.4875 4.2226 27.8457 26.7784 26.1929 5.4199 4.0988 0.3713 1.4901 8.069 2.35084396328 0.4606
2016-10-19 22:27:02.249000 8198.981 3.398 49.862 34.214 52.199 4.239 4.4949 4.2204 27.8457 26.7853 26.2069 5.4181 4.0989 0.3712 1.4916 8.069 2.34264198129 0.4605
2016-10-19 22:28:07.159000 8263.891 3.427 49.858 33.427 52.194 4.239 4.4996 4.2182 27.8464 26.7902 26.2207 5.4163 4.0988 0.3711 1.4925 8.068 2.28641011388 0.4604
2016-10-19 22:29:12.079000 8328.811 3.47 49.851 33.338 52.186 4.24 4.5047 4.2166 27.8404 26.7945 26.2392 5.4147 4.0995 0.371 1.4934 8.068 2.29395579567 0.4603
2016-10-19 22:30:17.089000 8393.821 3.597 49.845 33.601 52.18 4.241 4.5086 4.2153 27.8464 26.7978 26.2496 5.4133 4.1002 0.3709 1.4939 8.068 2.3344399993 0.4602
2016-10-19 22:31:22.119000 8458.861 3.583 49.842 33.724 52.176 4.241 4.511 4.2128 27.8464 26.8008 26.2676 5.412 4.1007 0.3708 1.4943 8.067 2.34674297228 0.4601
2016-10-19 22:32:27.209000 8523.941 3.46 49.834 33.926 52.171 4.24 4.5128 4.2099 27.8404 26.8033 26.2775 5.4106 4.1001 0.3707 1.4945 8.067 2.35904594527 0.46
2016-10-19 22:33:32.300000 8589.032 3.566 49.831 33.412 52.165 4.241 4.5155 4.2093 27.8471 26.8005 26.2946 5.4094 4.1015 0.3706 1.4947 8.067 2.28641011388 0.4599
2016-10-19 22:34:37.440000 8654.172 3.598 49.827 33.623 52.162 4.24 4.5153 4.2062 27.8446 26.8072 26.3023 5.4082 4.1001 0.3705 1.4949 8.066 2.30573306234 0.4598
2016-10-19 22:35:42.580000 8719.312 3.568 49.822 33.793 52.158 4.24 4.5159 4.2033 27.8451 26.8087 26.3123 5.4067 4.1001 0.3704 1.4948 8.065 2.32623801731 0.4598
2016-10-19 22:36:47.740000 8784.472 3.495 49.819 33.351 52.155 4.239 4.516 4.2008 27.8443 26.8064 26.3229 5.4051 4.0994 0.3704 1.4949 8.064 2.30983405333 0.4597
2016-10-19 22:37:52.950000 8849.682 3.598 49.815 33.583 52.15 4.241 4.5169 4.2003 27.8443 26.8109 26.3348 5.4041 4.1004 0.3703 1.4949 8.064 2.2788644321 0.4596
2016-10-19 22:38:58.220000 8914.952 3.426 49.812 33.321 52.144 4.241 4.5169 4.1984 27.8457 26.8122 26.3464 5.4031 4.1009 0.3703 1.4948 8.064 2.2788644321 0.4596
2016-10-19 22:40:03.530000 8980.262 3.516 49.806 33.382 52.143 4.241 4.5173 4.196 27.8443 26.8122 26.3604 5.4021 4.1006 0.3702 1.4949 8.064 2.29772863656 0.4595
2016-10-19 22:41:08.890000 9045.622 3.413 49.805 33.371 52.14 4.24 4.5165 4.194 27.8402 26.8087 26.3734 5.4009 4.0998 0.3701 1.4948 8.063 2.32623801731 0.4595
2016-10-19 22:42:14.210000 9110.942 3.536 49.803 33.417 52.136 4.239 4.5154 4.1905 27.8461 26.8161 26.3874 5.3997 4.0978 0.3701 1.4948 8.062 2.3344399993 0.4593
2016-10-19 22:43:19.560000 9176.292 3.402 49.8 33.415 52.132 4.238 4.5143 4.1879 27.8436 26.8157 26.3972 5.3984 4.097 0.37 1.4949 8.061 2.29772863656 0.4593
2016-10-19 22:44:24.950000 9241.682 3.363 49.797 33.915 52.129 4.237 4.5135 4.1857 27.8443 26.8147 26.4091 5.397 4.0968 0.37 1.495 8.06 2.28263727299 0.4592
2016-10-19 22:45:30.441000 9307.173 3.441 49.792 34.132 52.124 4.238 4.5137 4.1842 27.8404 26.8142 26.4194 5.3958 4.0975 0.37 1.495 8.06 2.30573306234 0.4592
2016-10-19 22:46:35.931000 9372.663 3.557 49.789 33.891 52.121 4.238 4.5137 4.1827 27.8398 26.8118 26.4255 5.3948 4.0977 0.3699 1.495 8.059 2.29772863656 0.4591
2016-10-19 22:47:41.421000 9438.153 3.578 49.784 33.445 52.117 4.238 4.5139 4.1816 27.8451 26.8115 26.4371 5.3941 4.0977 0.3699 1.495 8.059 2.32623801731 0.4591
2016-10-19 22:48:46.961000 9503.693 3.416 49.783 33.346 52.113 4.237 4.5122 4.1791 27.8451 26.8157 26.4462 5.3931 4.0962 0.3699 1.495 8.058 2.32623801731 0.459
2016-10-19 22:49:52.571000 9569.303 3.365 49.778 33.855 52.114 4.237 4.5116 4.177 27.844 26.8161 26.4574 5.392 4.0959 0.3698 1.495 8.058 2.28263727299 0.459
2016-10-19 22:50:58.191000 9634.923 3.394 49.776 34.099 52.107 4.237 4.511 4.1756 27.8443 26.8164 26.4654 5.3909 4.0964 0.3698 1.4951 8.057 2.33033900831 0.4589
2016-10-19 22:52:03.891000 9700.623 3.501 49.773 33.331 52.105 4.236 4.5102 4.1728 27.843 26.8147 26.4742 5.3901 4.0953 0.3697 1.495 8.057 2.31803603532 0.4589
2016-10-19 22:53:09.621000 9766.353 3.382 49.77 33.556 52.101 4.236 4.51 4.1714 27.8436 26.8146 26.4848 5.3891 4.0951 0.3697 1.4951 8.056 2.2750915912 0.4589
2016-10-19 22:54:15.381000 9832.113 3.532 49.767 33.956 52.098 4.236 4.509 4.169 27.8393 26.8147 26.4925 5.3882 4.0946 0.3697 1.4951 8.055 2.33033900831 0.4588
2016-10-19 22:55:21.171000 9897.903 3.599 49.763 33.579 52.094 4.236 4.5089 4.1683 27.8393 26.8142 26.4949 5.3871 4.0944 0.3697 1.495 8.055 2.26754590942 0.4588
2016-10-19 22:56:27.111000 9963.843 3.368 49.762 33.771 52.091 4.235 4.5081 4.1665 27.8402 26.8155 26.5028 5.3863 4.0943 0.3697 1.4949 8.054 2.32213702632 0.4587
2016-10-19 22:57:32.952000 10029.684 3.582 49.757 34.119 52.086 4.235 4.5077 4.165 27.8391 26.8109 26.5071 5.3855 4.094 0.3697 1.4947 8.054 2.31803603532 0.4587
2016-10-19 22:58:38.832000 10095.564 3.454 49.754 33.324 52.088 4.234 4.5062 4.1625 27.8422 26.8113 26.5117 5.3848 4.0925 0.3697 1.4947 8.053 2.33033900831 0.4587
2016-10-19 22:59:44.762000 10161.494 3.427 49.754 34.15 52.085 4.232 4.5048 4.1596 27.8425 26.8113 26.5187 5.3835 4.0911 0.3697 1.4948 8.052 2.2788644321 0.4587
2016-10-19 23:00:50.682000 10227.414 3.433 49.753 33.303 52.083 4.234 4.5056 4.1598 27.844 26.8103 26.5302 5.3826 4.0923 0.3697 1.4948 8.052 2.31803603532 0.4587
2016-10-19 23:01:56.662000 10293.394 3.469 49.747 34.099 52.077 4.234 4.5056 4.1585 27.844 26.8115 26.5408 5.3819 4.093 0.3697 1.4949 8.052 2.29395579567 0.4587
2016-10-19 23:03:02.672000 10359.404 3.415 49.743 33.371 52.074 4.234 4.5049 4.1572 27.8433 26.8113 26.5482 5.3813 4.0921 0.3698 1.4948 8.051 2.29018295477 0.4586
2016-10-19 23:04:08.702000 10425.434 3.496 49.743 34.104 52.074 4.233 4.5043 4.155 27.8451 26.8106 26.5561 5.3807 4.0917 0.3698 1.4949 8.051 2.28641011388 0.4586
2016-10-19 23:05:14.762000 10491.494 3.416 49.743 33.367 52.071 4.232 4.5027 4.153 27.8425 26.8109 26.56 5.3796 4.0899 0.3698 1.495 8.05 2.30163207135 0.4586
2016-10-19 23:06:20.892000 10557.624 3.566 49.739 33.455 52.071 4.233 4.5029 4.1522 27.844 26.8113 26.5653 5.3789 4.091 0.3698 1.495 8.049 2.31803603532 0.4586
2016-10-19 23:07:27.022000 10623.754 3.373 49.736 34.061 52.067 4.232 4.5018 4.15 27.8393 26.8113 26.5709 5.3781 4.0898 0.3698 1.4949 8.049 2.33033900831 0.4586
2016-10-19 23:08:33.252000 10689.984 3.599 49.734 33.613 52.063 4.233 4.5023 4.1499 27.8383 26.8157 26.5741 5.3774 4.0907 0.3699 1.4949 8.049 2.27131875031 0.4586
2016-10-19 23:09:39.533000 10756.265 3.496 49.73 34.065 52.057 4.233 4.5018 4.1482 27.8383 26.8155 26.5829 5.3769 4.0907 0.3699 1.4949 8.049 2.29772863656 0.4586
2016-10-19 23:10:45.863000 10822.595 3.417 49.73 33.33 52.058 4.231 4.5009 4.1463 27.8425 26.8157 26.5892 5.3762 4.0894 0.3699 1.4949 8.048 2.26754590942 0.4586
2016-10-19 23:11:52.183000 10888.915 3.597 49.724 33.545 52.054 4.233 4.5015 4.1464 27.8443 26.8164 26.5905 5.3757 4.0909 0.37 1.4948 8.048 2.32213702632 0.4586
2016-10-19 23:12:58.583000 10955.315 3.535 49.722 33.923 52.052 4.233 4.5013 4.1455 27.844 26.8157 26.5978 5.3752 4.0907 0.37 1.4949 8.048 2.30163207135 0.4586
2016-10-19 23:14:05.033000 11021.765 3.401 49.72 34.131 52.049 4.232 4.5008 4.144 27.8443 26.8155 26.6024 5.3747 4.0904 0.37 1.4949 8.047 2.29772863656 0.4586
2016-10-19 23:15:11.483000 11088.215 3.378 49.717 33.405 52.048 4.232 4.5007 4.1421 27.8436 26.8096 26.6094 5.3739 4.0897 0.3701 1.4949 8.047 2.29772863656 0.4585
2016-10-19 23:16:17.963000 11154.695 3.436 49.714 33.76 52.043 4.232 4.5007 4.1418 27.8402 26.8106 26.616 5.3734 4.09 0.3701 1.495 8.047 2.31803603532 0.4586
2016-10-19 23:17:24.503000 11221.235 3.595 49.711 33.478 52.039 4.233 4.5011 4.1407 27.8391 26.8137 26.6233 5.373 4.0912 0.3702 1.495 8.047 2.2788644321 0.4587
2016-10-19 23:18:31.013000 11287.745 3.518 49.71 33.881 52.037 4.232 4.5001 4.1393 27.8451 26.8151 26.6282 5.3726 4.0906 0.3703 1.4949 8.046 2.2788644321 0.4587
2016-10-19 23:19:37.703000 11354.435 3.374 49.71 34.034 52.034 4.232 4.4999 4.1383 27.844 26.8155 26.6355 5.3719 4.0898 0.3704 1.495 8.046 2.32213702632 0.4587
2016-10-19 23:20:44.294000 11421.026 3.373 49.706 33.73 52.034 4.233 4.5007 4.1373 27.8451 26.8157 26.6359 5.3714 4.0908 0.3704 1.4949 8.046 2.26754590942 0.4587
2016-10-19 23:21:50.944000 11487.676 3.422 49.701 33.302 52.028 4.233 4.5 4.1363 27.8425 26.8096 26.6416 5.3709 4.0906 0.3705 1.4949 8.045 2.29018295477 0.4587
2016-10-19 23:22:57.634000 11554.366 3.388 49.699 33.497 52.027 4.233 4.5 4.1352 27.8425 26.8146 26.6443 5.3706 4.0906 0.3706 1.4949 8.045 2.32213702632 0.4587
2016-10-19 23:24:04.344000 11621.076 3.508 49.697 33.322 52.023 4.231 4.4987 4.1327 27.844 26.8147 26.6525 5.37 4.0889 0.3706 1.4949 8.045 2.2788644321 0.4587
2016-10-19 23:25:11.084000 11687.816 3.424 49.694 33.323 52.023 4.232 4.499 4.1325 27.8433 26.8142 26.6565 5.3692 4.0896 0.3707 1.4949 8.044 2.2788644321 0.4588
2016-10-19 23:26:17.874000 11754.606 3.578 49.692 33.424 52.018 4.232 4.4989 4.1314 27.844 26.81 26.6601 5.3687 4.0893 0.3708 1.4951 8.044 2.30163207135 0.4588
2016-10-19 23:27:24.654000 11821.386 3.461 49.691 33.277 52.016 4.232 4.4989 4.1299 27.844 26.8139 26.662 5.3682 4.0894 0.3708 1.495 8.044 2.31393504433 0.4588
2016-10-19 23:28:31.504000 11888.236 3.4 49.69 33.404 52.013 4.23 4.4973 4.1274 27.843 26.8146 26.6636 5.3676 4.0876 0.3708 1.4949 8.043 2.26377306852 0.4588
2016-10-19 23:29:38.434000 11955.166 3.374 49.684 33.376 52.01 4.231 4.4983 4.1275 27.8446 26.8139 26.669 5.367 4.0886 0.3708 1.4949 8.042 2.31393504433 0.4588
2016-10-19 23:30:45.384000 12022.116 3.438 49.682 33.269 52.007 4.232 4.4986 4.1273 27.8391 26.8147 26.6744 5.3665 4.0895 0.3709 1.495 8.043 2.26754590942 0.4587
2016-10-19 23:31:52.284000 12089.016 3.398 49.677 33.419 52.001 4.232 4.4985 4.1263 27.8433 26.8151 26.6781 5.3664 4.0896 0.3709 1.495 8.043 2.32213702632 0.4588
2016-10-19 23:32:59.265000 12156.007 3.368 49.674 33.72 51.999 4.231 4.4987 4.1251 27.844 26.8139 26.6787 5.3659 4.0894 0.3711 1.4951 8.042 2.26754590942 0.4588
2016-10-19 23:34:06.245000 12222.977 3.367 49.673 33.99 51.998 4.231 4.4979 4.1236 27.8381 26.8139 26.6841 5.3655 4.0888 0.3711 1.4952 8.042 2.27131875031 0.4588
2016-10-19 23:35:13.315000 12290.047 3.426 49.674 34.116 51.997 4.23 4.4972 4.1221 27.844 26.8147 26.6884 5.3647 4.0881 0.3711 1.4952 8.041 2.29772863656 0.4588
2016-10-19 23:36:20.505000 12357.237 3.542 49.671 33.4 51.995 4.231 4.4978 4.1209 27.843 26.8142 26.6921 5.3641 4.0881 0.3712 1.4951 8.041 2.26377306852 0.4588
2016-10-19 23:37:27.595000 12424.337 3.436 49.67 33.289 51.994 4.23 4.4965 4.1186 27.8393 26.8133 26.6973 5.3634 4.0873 0.3712 1.495 8.04 2.29395579567 0.4589
2016-10-19 23:38:34.755000 12491.487 3.39 49.669 33.504 51.992 4.229 4.496 4.1178 27.844 26.8151 26.6973 5.3627 4.0864 0.3713 1.4951 8.04 2.31803603532 0.4589
2016-10-19 23:39:41.975000 12558.707 3.498 49.665 34.067 51.988 4.23 4.4962 4.1172 27.8436 26.8103 26.6985 5.3621 4.087 0.3714 1.4951 8.039 2.27131875031 0.4589
2016-10-19 23:40:49.245000 12625.977 3.56 49.663 33.933 51.989 4.23 4.4956 4.1161 27.8433 26.8133 26.7053 5.3617 4.087 0.3714 1.495 8.039 2.28641011388 0.4589
2016-10-19 23:41:56.475000 12693.207 3.394 49.663 33.42 51.987 4.229 4.4957 4.1146 27.843 26.8151 26.7074 5.361 4.0863 0.3714 1.4949 8.039 2.32213702632 0.4589
2016-10-19 23:43:03.825000 12760.557 3.486 49.66 34.088 51.984 4.229 4.495 4.1132 27.8418 26.8132 26.7061 5.3606 4.0861 0.3714 1.4947 8.038 2.30163207135 0.4589
2016-10-19 23:44:11.275000 12828.007 3.484 49.658 33.937 51.982 4.229 4.4951 4.1126 27.8414 26.8127 26.707 5.36 4.0864 0.3715 1.4948 8.038 2.26754590942 0.4588
2016-10-19 23:45:18.686000 12895.418 3.416 49.656 33.319 51.978 4.229 4.4942 4.1108 27.8433 26.8127 26.7135 5.3596 4.0857 0.3715 1.4948 8.038 2.31393504433 0.4589
2016-10-19 23:46:26.116000 12962.848 3.428 49.655 34.1 51.978 4.229 4.4942 4.111 27.8433 26.8133 26.7152 5.3589 4.0862 0.3715 1.4947 8.038 2.25622738674 0.4589
2016-10-19 23:47:33.586000 13030.318 3.563 49.654 33.522 51.978 4.229 4.4937 4.1098 27.8381 26.8132 26.7193 5.3586 4.086 0.3716 1.4947 8.037 2.28263727299 0.4589
2016-10-19 23:48:41.086000 13097.818 3.363 49.651 33.828 51.972 4.229 4.4937 4.109 27.843 26.8139 26.7198 5.3583 4.0858 0.3716 1.4947 8.037 2.2788644321 0.4589
2016-10-19 23:49:48.646000 13165.378 3.549 49.648 33.841 51.97 4.229 4.4934 4.1075 27.836 26.8137 26.7232 5.3576 4.0853 0.3716 1.4946 8.037 2.29395579567 0.4588
2016-10-19 23:50:56.176000 13232.908 3.401 49.648 33.382 51.971 4.227 4.4922 4.1058 27.8422 26.8133 26.7232 5.3569 4.0842 0.3716 1.4946 8.036 2.26377306852 0.4588
2016-10-19 23:52:03.776000 13300.508 3.592 49.648 34.098 51.968 4.228 4.4923 4.1046 27.8418 26.8139 26.7249 5.3563 4.0844 0.3716 1.4946 8.036 2.30573306234 0.4588
2016-10-19 23:53:11.386000 13368.118 3.375 49.641 33.598 51.962 4.229 4.4933 4.105 27.8433 26.8146 26.7162 5.356 4.0858 0.3717 1.4947 8.036 2.26000022763 0.4588
2016-10-19 23:54:19.036000 13435.768 3.519 49.64 34.014 51.963 4.228 4.4928 4.1034 27.8433 26.8139 26.7281 5.3557 4.0854 0.3718 1.4947 8.036 2.30983405333 0.4589
2016-10-19 23:55:26.756000 13503.488 3.363 49.64 33.285 51.959 4.228 4.4932 4.1026 27.8422 26.8087 26.731 5.3554 4.0857 0.3723 1.4947 8.036 2.26754590942 0.4592
2016-10-19 23:56:34.477000 13571.209 3.575 49.638 33.774 51.959 4.227 4.4917 4.0999 27.8425 26.8133 26.7354 5.3549 4.0838 0.374 1.4947 8.035 2.28263727299 0.4604
2016-10-19 23:57:42.237000 13638.969 3.392 49.638 33.499 51.959 4.225 4.4905 4.0885 27.8377 26.8109 26.7506 5.3539 4.0819 0.3932 1.495 8.034 2.31393504433 0.4731
2016-10-19 23:58:50.057000 13706.789 3.579 49.637 33.489 51.957 4.218 4.4855 3.956 27.8402 26.8058 27.2296 5.3519 4.0726 0.6233 1.5006 8.031 2.25622738674 0.6733
2016-10-19 23:59:58.077000 13774.809 3.487 49.635 34.043 51.957 4.209 4.4842 3.8139 27.8338 26.7969 28.3737 5.3479 4.0621 1.0089 1.5098 8.027 2.31803603532 1.0415
