#Human readable time. Time (s) since start. Lakeshore temperature sensor 218 T1,3,5,6,8 and 224 C2,C3,C4,C5,D2,D3,D5,A,B
2016-10-16 14:42:04.450000 0.0 3.635 49.756 34.103 52.06 4.644 18.9903 80.6694 5.3629 6.1092 7.6787 9.1962 4.6095 4.678 4.7379 8.284 -1 16.0199
2016-10-16 14:43:05.224000 60.774 3.508 49.758 33.862 52.059 4.627 18.9827 80.6617 5.3633 6.1095 7.6775 9.1946 4.6098 4.6732 4.7365 8.285 7.26656907139 16.0228
2016-10-16 14:44:05.607000 121.157 3.569 49.756 33.469 52.06 4.238 18.9758 80.5184 5.3568 6.104 7.6749 9.192 4.6063 4.6763 4.7347 8.284 7.33717590341 16.0205
2016-10-16 14:45:06.075000 181.625 3.574 49.76 33.57 52.06 4.933 23.8042 80.2842 5.5286 6.2294 7.7079 9.2175 4.9289 4.8572 5.315 8.37 7.12535540734 16.0189
2016-10-16 14:46:06.495000 242.045 3.632 49.759 33.86 52.062 4.824 28.7672 80.0294 6.232 6.7999 7.8619 9.3471 5.2254 5.0575 5.6539 8.513 7.09005199133 16.0175
2016-10-16 14:47:06.945000 302.495 3.749 49.765 34.317 52.069 5.431 32.6087 79.7593 7.3456 7.7982 8.0955 9.5845 5.4604 5.2241 5.8633 8.666 7.26656907139 16.0049
2016-10-16 14:48:07.445000 362.995 4.044 49.776 34.165 52.079 5.619 35.3574 79.4854 8.6121 8.9652 8.3708 9.9037 5.6618 5.384 6.0154 8.805 7.05474857532 16.011
2016-10-16 14:49:07.975000 423.525 4.202 49.79 33.816 52.091 5.774 37.7074 79.2043 9.8392 10.1243 8.6637 10.2625 5.8288 5.5313 6.1282 8.925 7.26656907139 16.0104
2016-10-16 14:50:08.525000 484.075 3.989 49.808 33.633 52.11 5.853 39.8036 78.9406 10.9221 11.1535 8.9558 10.6211 5.9503 5.6753 6.2081 9.021 7.01944515931 15.9992
2016-10-16 14:51:09.155000 544.705 3.932 49.83 34.176 52.129 5.974 41.734 78.6698 11.8688 12.0512 9.2366 10.9626 6.0428 5.8179 6.249 9.094 7.51534525651 15.9905
2016-10-16 14:52:09.795000 605.345 4.088 49.851 34.479 52.15 6.147 43.5455 78.3251 12.7068 12.7727 9.4956 11.2719 6.2182 5.971 6.3069 9.176 7.26656907139 15.9545
2016-10-16 14:53:10.455000 666.005 4.321 49.872 33.68 52.17 6.69 45.3015 77.1688 13.509 13.7784 9.7452 11.5481 6.8387 6.1657 6.5747 9.403 7.37247931942 15.9189
2016-10-16 14:54:11.175000 726.725 4.566 49.892 34.113 52.19 7.47 47.0069 74.2241 14.3171 14.8173 10.0113 11.8483 7.6957 6.3683 6.9231 9.853 7.47838956745 15.8811
2016-10-16 14:55:11.905000 787.455 5.463 49.927 34.648 52.22 8.362 48.0367 68.8715 15.0509 15.8244 10.224 12.1709 8.6511 6.5441 7.1609 10.419 7.09005199133 15.7993
2016-10-16 14:56:12.655000 848.205 5.913 49.974 34.386 52.269 9.058 48.3684 60.3057 15.539 16.6259 10.3793 12.4592 9.3694 6.6355 7.3138 11.013 7.05474857532 15.749
2016-10-16 14:57:13.696000 909.246 5.333 50.051 35.066 52.344 9.222 48.6017 50.4387 15.7008 17.084 10.5216 12.67 9.51 6.5827 7.4096 11.37 7.44308615144 15.7111
2016-10-16 14:58:14.516000 970.066 5.838 50.156 34.737 52.438 8.93 48.8884 40.9932 15.5717 17.1688 10.6372 12.7818 9.1752 6.3315 7.4548 11.417 7.01944515931 15.7106
2016-10-16 14:59:15.376000 1030.926 5.07 50.267 34.817 52.543 8.288 49.3087 31.7679 15.1858 16.9177 10.6992 12.8015 8.4638 5.8821 7.4574 11.18 7.16065882335 15.7347
2016-10-16 15:00:16.336000 1091.886 4.954 50.38 35.376 52.646 7.586 49.8188 22.0277 14.6144 16.4233 10.6992 12.7421 7.7177 5.3138 7.4051 10.75 7.37247931942 15.7592
2016-10-16 15:01:17.266000 1152.816 4.588 50.451 34.397 52.709 7.041 50.344 17.2453 13.9783 15.7926 10.6221 12.6281 7.1389 4.898 7.1635 10.298 7.19596223936 15.7938
2016-10-16 15:02:18.566000 1214.116 4.651 50.478 34.685 52.736 6.649 50.821 13.8048 13.3626 15.1327 10.5018 12.4904 6.724 4.8877 6.7726 9.943 7.44308615144 15.8064
2016-10-16 15:03:19.636000 1275.186 4.068 50.497 34.77 52.759 6.282 50.9585 10.673 12.7632 14.4602 10.3446 12.3296 6.3315 5.2315 6.3412 9.633 7.40778273543 15.819
2016-10-16 15:04:20.696000 1336.246 4.289 50.511 34.67 52.775 5.545 50.7212 8.2427 12.0876 13.7455 10.1427 12.1354 6.0075 5.6343 5.9632 9.378 7.23126565537 15.8363
2016-10-16 15:05:21.806000 1397.356 3.836 50.515 34.559 52.782 5.644 50.4192 7.0708 11.3539 12.9908 9.9173 11.9301 5.7633 5.981 5.6548 9.183 7.33717590341 15.8571
2016-10-16 15:06:22.946000 1458.496 4.093 50.514 34.497 52.783 5.493 50.0931 6.7403 10.6072 12.2486 9.6874 11.7249 5.5787 6.2912 5.4112 9.031 7.3018724874 15.8523
2016-10-16 15:07:24.096000 1519.646 3.795 50.509 34.348 52.78 5.429 49.7671 6.764 9.8729 11.5075 9.4621 11.5174 5.4377 6.5735 5.2194 8.913 7.16065882335 15.8417
2016-10-16 15:08:25.347000 1580.897 3.827 50.498 34.032 52.773 5.313 49.4528 6.8856 9.1694 10.7955 9.25 11.3206 5.3149 6.8362 5.0703 8.819 7.09005199133 15.8333
2016-10-16 15:09:26.587000 1642.137 3.664 50.488 34.747 52.764 5.211 49.4972 7.012 8.5876 10.1461 9.0631 11.1374 5.2525 7.0737 5.007 8.749 7.44308615144 15.8164
2016-10-16 15:10:27.887000 1703.437 3.625 50.474 34.38 52.754 5.211 49.9299 7.1312 8.3089 9.6848 8.9086 10.9773 5.2148 7.2834 4.9606 8.708 7.37247931942 15.8153
2016-10-16 15:11:29.167000 1764.717 3.668 50.46 34.343 52.74 5.178 50.4333 7.2356 8.2917 9.4662 8.7823 10.8474 5.1814 7.4777 4.9191 8.679 7.09005199133 15.8156
2016-10-16 15:12:30.497000 1826.047 3.78 50.443 34.668 52.731 4.999 50.9669 7.3315 8.4207 9.4249 8.6806 10.7357 5.1504 7.6572 4.8824 8.656 7.37247931942 15.8207
2016-10-16 15:13:31.867000 1887.417 3.588 50.433 34.598 52.719 5.086 51.2234 7.3998 8.5383 9.4278 8.5781 10.6241 5.0831 7.8196 4.8142 8.625 7.01944515931 15.8264
2016-10-16 15:14:33.267000 1948.817 3.587 50.418 34.188 52.707 5.09 51.1815 26.3585 8.4546 9.3221 8.4707 10.5056 5.0912 7.5194 4.7758 8.608 7.55490858294 15.8388
2016-10-16 15:15:34.697000 2010.247 3.686 50.408 34.414 52.693 5.095 51.1868 35.3548 8.2386 9.1329 8.3926 10.41 5.0965 6.1705 4.7695 8.607 7.47838956745 15.8531
2016-10-16 15:16:36.157000 2071.707 3.648 50.391 34.637 52.681 5.079 51.1761 41.0207 7.9841 8.9161 8.353 10.34 5.0811 5.5432 4.753 8.602 7.12535540734 15.8674
2016-10-16 15:17:37.667000 2133.217 3.568 50.373 34.32 52.67 5.05 51.1289 45.868 7.7561 8.7184 8.3483 10.2999 5.0488 5.2376 4.7242 8.589 7.09005199133 15.8813
2016-10-16 15:18:39.207000 2194.757 3.567 50.357 33.856 52.655 5.013 51.0536 50.3885 7.5822 8.5738 8.3759 10.2892 5.0089 5.0735 4.6871 8.568 7.01944515931 15.8898
2016-10-16 15:19:40.797000 2256.347 3.558 50.344 33.992 52.642 4.945 50.9365 52.2463 7.4376 8.4532 8.378 10.2718 4.9344 4.8834 4.6313 8.534 7.09005199133 15.9063
2016-10-16 15:20:42.388000 2317.938 3.615 50.333 33.76 52.63 4.882 50.8075 52.4198 7.2388 8.2835 8.3314 10.2219 4.8671 4.7823 4.5812 8.496 7.55490858294 15.9085
2016-10-16 15:21:44.038000 2379.588 3.769 50.318 34.038 52.618 4.835 50.6905 52.2476 6.9912 8.0605 8.2631 10.151 4.8157 4.7145 4.5355 8.464 7.12535540734 15.9087
2016-10-16 15:22:45.768000 2441.318 3.529 50.302 34.53 52.601 4.797 50.5797 52.0429 6.7335 7.8066 8.1879 10.0693 4.7764 4.6632 4.4923 8.439 7.51534525651 15.9173
2016-10-16 15:23:47.498000 2503.048 3.649 50.286 34.431 52.588 4.764 50.4701 51.8227 6.489 7.5455 8.1116 9.9845 4.7398 4.6179 4.4529 8.417 6.98596698365 15.925
2016-10-16 15:24:49.248000 2564.798 3.479 50.269 34.375 52.572 4.665 50.382 51.604 6.2649 7.2898 8.0348 9.9007 4.7075 4.5785 4.4154 8.397 7.19596223936 15.9309
2016-10-16 15:25:51.028000 2626.578 3.537 50.252 34.489 52.557 4.707 50.2898 51.3858 6.0671 7.0492 7.9629 9.8176 4.6789 4.5411 4.3809 8.38 7.44308615144 15.9248
2016-10-16 15:26:52.848000 2688.398 3.621 50.239 34.181 52.543 4.503 50.2072 51.1692 5.8858 6.8278 7.8961 9.7382 4.654 4.5061 4.351 8.365 7.01944515931 15.9362
2016-10-16 15:27:54.698000 2750.248 3.466 50.224 34.358 52.528 4.663 50.1299 50.9497 5.7215 6.6281 7.8342 9.666 4.631 4.4748 4.3227 8.35 7.19596223936 15.9224
2016-10-16 15:28:56.588000 2812.138 3.497 50.207 34.428 52.513 4.643 50.0476 50.7347 5.5742 6.4504 7.778 9.5975 4.6097 4.4471 4.2971 8.338 7.3018724874 15.9289
2016-10-16 15:29:58.538000 2874.088 3.517 50.191 34.435 52.499 4.561 49.9859 50.5231 5.4459 6.2918 7.7267 9.5338 4.5899 4.4209 4.272 8.326 7.47838956745 15.9161
2016-10-16 15:31:00.478000 2936.028 3.6 50.179 34.333 52.486 4.609 49.916 50.3088 5.3342 6.1541 7.6806 9.4762 4.5724 4.3977 4.2499 8.315 7.51534525651 15.9254
2016-10-16 15:32:02.509000 2998.059 3.663 50.164 34.133 52.473 4.648 50.1788 50.0994 5.3318 6.1044 7.6433 9.4302 4.6151 4.3955 4.2602 8.321 7.05474857532 15.9201
2016-10-16 15:33:04.549000 3060.099 3.714 50.152 33.877 52.46 4.674 50.8213 49.9043 5.5624 6.2447 7.6251 9.4047 4.6424 4.4167 4.2836 8.334 7.23126565537 15.9112
2016-10-16 15:34:06.579000 3122.129 3.663 50.139 33.711 52.45 4.646 51.2279 49.7036 5.805 6.4201 7.6111 9.3839 4.6106 4.4263 4.28 8.331 7.40778273543 15.9163
2016-10-16 15:35:08.639000 3184.189 4.066 50.127 33.537 52.44 6.416 50.4492 49.8269 17.7711 6.8496 7.5943 9.3961 6.6972 4.5383 4.3766 8.73 7.47838956745 15.9144
2016-10-16 15:36:10.719000 3246.269 5.1 50.105 33.625 52.415 8.499 45.9973 50.1468 21.3816 8.3959 7.6625 9.8315 8.8142 4.627 4.4413 10.167 7.12535540734 15.9114
2016-10-16 15:37:12.889000 3308.439 5.208 50.116 34.491 52.437 8.861 42.8026 50.509 23.6189 9.1649 7.7256 10.2787 9.1531 4.6477 4.4264 10.886 7.05474857532 15.9024
2016-10-16 15:38:15.049000 3370.599 5.615 50.213 35.171 52.528 8.825 40.2421 50.5025 25.0932 9.4841 7.7497 10.575 9.0964 4.5847 4.3502 11.151 7.51534525651 15.9063
2016-10-16 15:39:17.249000 3432.799 5.699 50.331 35.012 52.628 8.671 37.9727 50.2958 26.3085 9.5711 7.7484 10.7652 8.9242 4.5009 4.2503 11.192 7.37247931942 15.9085
2016-10-16 15:40:19.499000 3495.049 5.097 50.428 34.811 52.717 8.475 35.8281 50.0876 27.1091 9.5265 7.7489 10.8798 8.7114 4.4286 4.1214 11.126 7.05474857532 15.8992
2016-10-16 15:41:21.789000 3557.339 4.956 50.508 34.935 52.79 8.274 33.7237 49.8479 27.66 9.4056 7.74 10.9453 8.4725 4.3035 3.9767 11.006 7.23126565537 15.9043
2016-10-16 15:42:24.099000 3619.649 5.235 50.572 35.171 52.853 8.054 31.5227 49.5922 28.0278 9.2304 7.7089 10.9782 8.2378 4.1551 3.8167 10.856 7.44308615144 15.9022
2016-10-16 15:43:26.439000 3681.989 5.239 50.629 35.006 52.906 7.831 29.1244 49.6651 28.4345 9.0234 7.6631 10.9867 8.0029 4.0027 3.6468 10.694 7.40778273543 15.8917
2016-10-16 15:44:28.840000 3744.39 4.714 50.675 34.613 52.951 7.606 26.7403 49.929 28.7007 8.7977 7.6111 10.9759 7.7615 3.8198 3.4666 10.524 7.09005199133 15.877
2016-10-16 15:45:31.280000 3806.83 4.785 50.713 35.226 52.989 7.384 24.6159 50.1827 28.8789 8.5606 7.555 10.9487 7.5196 3.614 3.2779 10.365 7.19596223936 15.8819
2016-10-16 15:46:33.720000 3869.27 4.798 50.747 34.538 53.022 7.177 22.8429 50.4117 28.984 8.3196 7.4957 10.9076 7.2962 3.3775 3.0918 10.21 7.47838956745 15.8774
2016-10-16 15:47:36.200000 3931.75 4.346 50.773 34.973 53.05 6.965 21.4194 50.2454 29.0231 8.0751 7.4334 10.8541 7.0712 3.0963 2.9038 10.054 7.12535540734 15.8556
2016-10-16 15:48:38.730000 3994.28 4.56 50.795 35.113 53.073 6.763 20.2286 49.8922 29.0312 7.8268 7.3636 10.7897 6.8562 2.9608 2.7187 9.9 6.89224670463 15.8601
2016-10-16 15:49:41.330000 4056.88 4.355 50.817 34.396 53.093 6.582 19.1527 49.4829 29.0181 7.5851 7.2916 10.7164 6.6637 2.8013 2.5425 9.757 7.01944515931 15.8506
2016-10-16 15:50:43.900000 4119.45 4.137 50.828 35.096 53.106 6.42 18.1478 49.4434 28.9853 7.3624 7.2255 10.6391 6.4901 2.6436 2.3771 9.627 7.05474857532 15.8489
2016-10-16 15:51:46.520000 4182.07 4.439 50.834 34.694 53.115 6.263 17.2099 49.6047 28.9386 7.1588 7.1618 10.5578 6.323 2.4777 2.2232 9.505 7.33717590341 15.8333
2016-10-16 15:52:49.160000 4244.71 4.034 50.838 34.535 53.119 6.116 16.4383 49.8123 28.8959 6.9706 7.0929 10.4747 6.167 2.321 2.1121 9.4 7.44308615144 15.8319
2016-10-16 15:53:51.930000 4307.48 4.315 50.837 34.492 53.121 5.994 15.7114 50.071 28.8401 6.8091 7.0171 10.3935 6.0376 2.1907 2.0041 9.309 7.47838956745 15.8164
2016-10-16 15:54:54.680000 4370.23 4.015 50.832 34.61 53.12 5.874 14.9571 50.3425 28.78 6.6638 21.7576 10.3131 5.9109 2.0659 1.8878 9.225 7.51534525651 15.8034
2016-10-16 15:55:57.491000 4433.041 4.112 50.825 34.249 53.113 5.755 14.2139 50.2369 28.7153 6.5261 26.6078 10.231 5.7844 1.9332 1.766 9.143 7.16065882335 15.7954
2016-10-16 15:57:00.411000 4495.961 4.054 50.817 34.787 53.107 5.605 13.4697 49.9296 28.6462 6.3888 29.7486 10.1484 5.6594 1.8011 1.6431 9.063 7.09005199133 15.7842
2016-10-16 15:58:03.281000 4558.831 3.732 50.806 34.805 53.097 5.452 12.9898 50.0665 28.5856 6.2346 31.8077 10.0625 5.5294 2.2221 1.601 8.966 7.05474857532 2.4547
2016-10-16 15:59:06.151000 4621.701 4.011 50.794 34.609 53.086 4.989 12.6331 49.8998 28.5391 6.1618 33.1073 9.9863 5.512 1.945 1.5479 8.935 7.23126565537 2.1287
2016-10-16 16:00:09.061000 4684.611 3.709 50.775 34.791 53.071 5.417 12.1614 49.7158 28.4852 6.0817 29.9465 9.9157 5.4267 1.7454 1.4702 8.89 7.19596223936 1.9274
2016-10-16 16:01:12.011000 4747.561 3.698 50.759 34.212 53.055 5.336 11.6535 49.8269 28.4304 5.995 28.4902 9.8461 5.341 1.6119 1.3871 8.837 6.7048061466 1.7931
2016-10-16 16:02:15.041000 4810.591 3.947 50.744 34.276 53.044 5.259 11.1583 50.1543 28.3753 5.9103 27.7192 9.7782 5.2593 1.5032 1.3084 8.784 6.79852642562 1.6846
2016-10-16 16:03:18.051000 4873.601 3.737 50.726 34.76 53.029 5.187 10.6746 50.512 28.3239 5.8342 27.4422 9.7141 5.1815 1.4245 1.2594 8.733 6.79852642562 1.6036
2016-10-16 16:04:21.121000 4936.671 3.587 50.71 34.366 53.012 5.104 10.1652 50.4985 28.2739 5.756 27.3187 9.6522 5.0941 1.4052 1.2182 8.681 6.6735660536 1.5783
2016-10-16 16:05:24.261000 4999.811 3.569 50.694 33.972 52.996 5.033 9.7055 50.2643 28.2259 5.6744 27.2712 9.5917 5.019 1.3816 1.1992 8.633 6.48832603961 1.5482
2016-10-16 16:06:27.391000 5062.941 3.818 50.674 34.148 52.977 4.964 9.2905 50.0199 28.1831 5.5963 27.2596 9.5334 4.9522 1.367 1.1925 8.589 6.43575542561 1.5275
2016-10-16 16:07:30.541000 5126.091 3.673 50.651 34.619 52.96 4.915 8.9231 49.7695 28.1449 5.523 27.2611 9.4781 4.8938 1.359 1.1895 8.55 6.12033174163 1.515
2016-10-16 16:08:33.772000 5189.322 3.509 50.631 34.331 52.941 4.511 8.6029 49.5211 28.1136 5.4581 27.2712 9.4277 4.8439 1.352 1.1872 8.516 6.38318481161 1.5035
2016-10-16 16:09:37.002000 5252.552 3.501 50.609 34.256 52.921 4.831 8.3349 49.699 28.0839 5.4057 27.2842 9.3805 4.8058 1.3477 1.1861 8.489 6.25175827662 1.4948
2016-10-16 16:10:40.282000 5315.832 3.606 50.592 33.842 52.903 4.784 8.1089 50.0845 28.0606 5.3694 27.2971 9.3381 4.775 1.3414 1.1843 8.468 5.98998825737 1.4847
2016-10-16 16:11:43.582000 5379.132 3.608 50.571 33.804 52.884 4.779 7.9155 50.48 28.0296 5.3443 27.3101 9.2997 4.7505 1.3348 1.1826 8.451 5.98998825737 1.475
2016-10-16 16:12:46.922000 5442.472 3.609 50.55 33.822 52.866 4.745 7.7499 50.4623 28.0151 5.3219 27.3216 9.2648 4.7252 1.3267 1.18 8.436 5.94254947774 1.4636
2016-10-16 16:13:50.272000 5505.822 3.665 50.535 34.396 52.848 4.602 7.6059 50.2267 28.008 5.2932 27.3307 9.2326 4.7027 1.3215 1.1782 8.422 5.64417320662 1.455
2016-10-16 16:14:53.702000 5569.252 3.657 50.514 34.397 52.829 4.341 7.4836 49.9867 27.9977 5.2643 27.3422 9.2035 4.6832 1.3168 1.1768 8.409 5.49563556531 1.4471
2016-10-16 16:15:57.122000 5632.672 3.649 50.492 34.384 52.812 4.481 7.3804 49.7383 27.993 5.2371 27.3482 9.1769 4.6663 1.3125 1.1753 8.398 5.41245100237 1.4399
2016-10-16 16:17:00.582000 5696.132 3.634 50.472 34.333 52.794 4.66 6.885 49.953 27.9716 5.2065 27.3612 9.1524 4.6208 1.4148 1.5418 8.382 5.53722784678 1.5313
2016-10-16 16:18:04.102000 5759.652 3.612 50.458 34.387 52.78 4.61 6.5013 50.3874 27.9528 5.1665 27.3771 9.1267 4.5687 1.5348 1.6822 8.355 5.45404328384 1.6458
2016-10-16 16:19:07.652000 5823.202 3.586 50.439 34.406 52.762 4.581 6.2903 50.8189 27.9356 5.1394 27.396 9.1013 4.5375 1.6362 1.7405 8.333 5.19889367535 1.742
2016-10-16 16:20:11.253000 5886.803 3.576 50.422 34.405 52.745 4.56 6.1716 50.8354 27.9356 5.1188 27.4108 9.0775 4.515 1.7195 1.7702 8.316 5.10908131404 1.8217
2016-10-16 16:21:14.863000 5950.413 3.567 50.403 34.406 52.729 4.545 6.1012 50.6576 27.9339 5.0959 27.4248 9.055 4.4999 1.7929 1.7864 8.304 5.14500625857 1.8917
2016-10-16 16:22:18.523000 6014.073 3.654 50.387 33.852 52.713 4.539 6.0683 50.4507 27.9356 5.0756 27.437 9.0345 4.4926 1.8442 1.81 8.296 5.10908131404 1.9424
2016-10-16 16:23:22.193000 6077.743 3.662 50.37 33.904 52.697 4.537 6.0757 50.2276 27.9366 5.0608 27.445 9.0166 4.4908 1.8771 1.8346 8.292 4.96790764906 1.974
2016-10-16 16:24:25.923000 6141.473 3.664 50.357 33.919 52.683 4.545 6.1088 50.0033 27.9353 17.0074 27.4538 9.0016 4.5097 1.9021 1.8528 8.29 5.00130648048 1.9963
2016-10-16 16:25:29.683000 6205.233 4.757 50.335 33.558 52.661 7.577 8.0898 30.272 28.5326 19.6739 27.4664 9.3563 7.7322 1.7199 1.8333 9.775 5.01926895274 1.8253
2016-10-16 16:26:33.453000 6269.003 4.274 50.337 34.248 52.672 6.421 7.6402 16.3316 28.4206 21.2858 27.4684 9.5743 6.5359 1.1534 1.7665 9.748 4.85134540818 1.2871
2016-10-16 16:27:37.243000 6332.793 3.8 50.414 34.656 52.738 5.568 7.1306 10.0633 28.2629 22.2369 27.416 9.5845 5.5572 0.5974 1.7263 9.274 4.80139016208 0.8394
2016-10-16 16:28:41.093000 6396.643 3.809 50.449 34.467 52.765 5.026 6.7293 7.3043 28.1412 22.8941 27.3479 9.5095 5.0243 0.489 1.7254 8.859 4.88464890557 0.7615
2016-10-16 16:29:44.983000 6460.533 3.704 50.446 34.402 52.761 4.836 6.4585 6.6569 28.0682 23.5683 27.3096 9.4192 4.7942 0.4802 1.7266 8.603 4.72435631949 0.7553
2016-10-16 16:30:48.893000 6524.443 3.581 50.428 33.709 52.745 4.451 6.2634 6.4756 28.0169 24.0182 27.2974 9.3358 4.6889 0.4782 1.7269 8.471 4.73974194774 0.7529
2016-10-16 16:31:52.824000 6588.374 3.455 50.412 34.185 52.73 4.673 6.1188 6.3734 27.9891 24.5246 27.2971 9.2639 4.6287 0.4774 1.727 8.405 4.58700242086 0.7513
2016-10-16 16:32:56.854000 6652.404 3.609 50.393 34.386 52.72 4.577 6.0077 6.3003 27.9716 24.8619 27.3044 9.2044 4.5902 0.4769 1.7271 8.366 4.72435631949 0.7501
2016-10-16 16:34:00.894000 6716.444 3.641 50.38 33.78 52.705 4.607 5.9172 6.2413 27.9619 25.1746 27.3149 9.1552 4.5628 0.4767 1.727 8.342 4.63204255003 0.7491
2016-10-16 16:35:04.924000 6780.474 3.451 50.366 33.908 52.691 4.588 5.8472 6.1836 27.9509 25.4757 27.3212 9.1136 4.5428 0.4788 1.7272 8.325 4.4878244239 0.7492
2016-10-16 16:36:09.054000 6844.604 3.668 50.352 34.446 52.681 4.551 5.7919 6.1406 27.9437 25.7103 27.3363 9.0784 4.5281 0.4784 1.7273 8.313 4.51616099446 0.7484
2016-10-16 16:37:13.184000 6908.734 3.481 50.343 33.621 52.67 4.563 5.7475 6.1033 27.9387 25.8901 27.3489 9.0486 4.5168 0.4783 1.7273 8.304 4.53032927974 0.7477
2016-10-16 16:38:17.334000 6972.884 3.424 50.33 34.244 52.658 4.553 5.7117 6.0671 27.9276 26.0415 27.35 9.0233 4.5071 0.4792 1.7271 8.297 4.61665692178 0.7476
2016-10-16 16:39:21.594000 7037.144 3.595 50.32 34.308 52.648 4.546 5.6822 6.0337 27.9286 26.1917 27.3634 9.0017 4.4991 0.4793 1.7271 8.292 4.51616099446 0.7474
2016-10-16 16:40:25.814000 7101.364 3.428 50.307 33.948 52.637 4.54 5.6591 6.0033 27.9257 26.308 27.3723 8.9833 4.4922 0.478 1.7271 8.287 4.47365613862 0.7462
2016-10-16 16:41:30.074000 7165.624 3.481 50.296 34.408 52.625 4.534 5.6386 5.9706 27.923 26.4115 27.3803 8.9674 4.486 0.4779 1.727 8.282 4.37658440325 0.7458
2016-10-16 16:42:34.524000 7230.074 3.458 50.288 33.633 52.619 4.519 5.6151 5.6734 27.9209 26.4788 27.3911 8.9531 4.4676 0.9509 1.7324 8.276 4.45948785334 1.0584
2016-10-16 16:43:38.845000 7294.395 3.538 50.275 34.309 52.607 4.41 5.5779 4.3177 27.902 26.4623 27.5124 8.9333 4.3525 2.4749 1.7794 8.235 4.57283413558 2.5474
2016-10-16 16:44:43.305000 7358.855 3.386 50.268 33.837 52.597 4.371 5.5984 4.036 27.8964 26.5134 27.5996 8.9091 4.3112 3.286 1.7964 8.201 4.57283413558 3.3852
2016-10-16 16:45:48.305000 7423.855 3.413 50.255 33.636 52.588 4.358 5.625 3.9408 27.8923 26.563 27.6443 8.8875 4.2972 3.8802 1.8021 8.184 4.47365613862 4.0045
2016-10-16 16:46:52.795000 7488.355 3.559 50.246 34.113 52.577 4.353 5.6471 3.9019 27.8968 26.61 27.6636 8.869 4.2925 4.3457 1.8044 8.176 4.53032927974 4.4936
2016-10-16 16:47:57.315000 7552.865 3.369 50.234 33.966 52.567 4.351 5.6657 3.8828 27.8923 26.6464 27.6698 8.8535 4.2907 4.735 1.806 8.172 4.70897069125 4.9007
2016-10-16 16:49:01.845000 7617.395 3.58 50.224 33.713 52.557 4.352 5.6815 3.8729 27.8981 26.679 27.6688 8.8403 4.291 5.0699 1.807 8.17 4.63204255003 5.2562
2016-10-16 16:50:06.415000 7681.965 3.427 50.214 34.341 52.548 4.352 5.6952 3.8661 27.8936 26.7055 27.6607 8.8294 4.2915 5.3648 1.8079 8.169 4.75512757598 5.5708
2016-10-16 16:51:11.055000 7746.605 3.399 50.207 33.646 52.537 4.352 5.7073 3.8627 27.8978 26.73 27.6545 8.8201 4.2916 5.6272 1.8093 8.168 4.78589883247 5.8522
2016-10-16 16:52:15.705000 7811.255 3.57 50.197 33.992 52.529 4.354 5.7189 3.8596 27.8981 26.7473 27.6433 8.8119 4.293 5.868 1.8102 8.168 4.83469365948 6.108
2016-10-16 16:53:20.445000 7875.995 3.532 50.189 34.207 52.523 4.355 5.7089 3.8587 27.8968 26.7589 27.6346 8.805 4.2945 6.0839 2.3298 8.168 4.98455939776 6.3389
2016-10-16 16:54:25.165000 7940.715 3.383 50.18 33.798 52.514 4.332 5.3476 3.8204 27.8797 26.7707 27.6286 8.7988 4.2684 6.289 3.7855 8.161 4.91795240297 6.5622
2016-10-16 16:55:29.916000 8005.466 3.407 50.175 33.518 52.508 4.297 4.9919 3.77 27.8544 26.7707 27.6291 8.7921 4.2314 6.4871 4.7245 8.144 4.96790764906 6.7821
2016-10-16 16:56:34.736000 8070.286 3.517 50.166 34.147 52.497 4.27 4.7386 3.732 27.8461 26.778 27.6381 8.784 4.2027 6.6787 5.4152 8.127 4.98455939776 6.9947
2016-10-16 16:57:39.566000 8135.116 3.448 50.158 34.277 52.49 4.25 4.5549 3.7024 27.8387 26.7826 27.6555 8.775 4.1789 6.8655 5.9699 8.113 5.05519389726 7.1926
2016-10-16 16:58:44.436000 8199.986 3.344 50.148 34.199 52.481 4.235 4.4181 3.6812 27.8334 26.7823 27.6768 8.7665 4.1614 7.0468 6.4291 8.102 5.09111884178 7.3881
2016-10-16 16:59:49.376000 8264.926 3.335 50.141 33.484 52.476 4.224 4.3114 3.6643 27.832 26.7899 27.7049 8.7585 4.1473 7.2177 6.8333 8.093 5.33420920113 7.5724
2016-10-16 17:00:54.346000 8329.896 3.343 50.134 33.594 52.468 4.215 4.2278 3.6522 27.8275 26.7927 27.7381 8.7511 4.1371 7.3851 7.1912 8.086 5.4332471431 7.7524
2016-10-16 17:01:59.366000 8394.926 3.363 50.129 33.782 52.462 4.208 4.1616 3.642 27.8328 26.7981 27.7731 8.7449 4.129 7.5423 7.5064 8.081 5.31486626545 7.9206
