2016-06-08 00:01:40.312000 480389.957 293.03 292.93 293.15 293.28 293.47 295.012 294.84 294.975 295.128 294.829 295.096 292.41 0.0 0.0 292.9 0.0
2016-06-08 00:03:57.522000 480527.167 293.03 292.93 293.15 293.29 293.46 295.012 294.84 294.976 295.128 294.829 295.097 292.412 0.0 0.0 292.9 0.0
2016-06-08 00:06:11.322000 480660.967 293.03 292.93 293.15 293.28 293.47 295.011 294.837 294.976 295.128 294.828 295.095 292.409 0.0 0.0 292.9 0.0
2016-06-08 00:08:28.139000 480797.784 293.03 292.93 293.15 293.28 293.47 295.012 294.84 294.977 295.128 294.828 295.096 292.409 0.0 0.0 292.9 0.0
2016-06-08 00:10:41.579000 480931.224 293.03 292.93 293.15 293.29 293.47 295.012 294.839 294.974 295.127 294.821 295.096 292.408 0.0 0.0 292.9 0.0
2016-06-08 00:12:58.747000 481068.392 293.03 292.93 293.15 293.28 293.47 295.012 294.84 294.976 295.129 294.826 295.095 292.409 0.0 0.0 292.9 0.0
2016-06-08 00:15:12.595000 481202.24 293.03 292.93 293.15 293.28 293.47 295.011 294.839 294.976 295.127 294.82 295.096 292.409 0.0 0.0 292.9 0.0
2016-06-08 00:17:29.774000 481339.419 293.03 292.93 293.15 293.29 293.47 295.012 294.839 294.977 295.127 294.827 295.095 292.41 0.0 0.0 292.9 0.0
2016-06-08 00:19:43.291000 481472.936 293.03 292.93 293.15 293.29 293.46 295.011 294.84 294.975 295.127 294.828 295.095 292.41 0.0 0.0 292.9 0.0
2016-06-08 00:22:00.560000 481610.205 293.03 292.93 293.15 293.28 293.47 295.011 294.84 294.975 295.127 294.827 295.095 292.408 0.0 0.0 292.9 0.0
2016-06-08 00:24:14.428000 481744.073 293.03 292.93 293.15 293.28 293.47 295.013 294.839 294.976 295.127 294.826 295.095 292.41 0.0 0.0 292.9 0.0
2016-06-08 00:26:31.666000 481881.311 293.03 292.93 293.15 293.28 293.47 295.011 294.841 294.975 295.129 294.826 295.096 292.41 0.0 0.0 292.9 0.0
2016-06-08 00:28:45.241000 482014.886 293.03 292.93 293.15 293.28 293.47 295.011 294.839 294.975 295.126 294.828 295.095 292.409 0.0 0.0 292.9 0.0
2016-06-08 00:31:02.576000 482152.221 293.03 292.93 293.15 293.28 293.47 295.013 294.84 294.977 295.127 294.828 295.095 292.41 0.0 0.0 292.9 0.0
2016-06-08 00:33:16.554000 482286.199 293.03 292.93 293.15 293.28 293.47 295.011 294.84 294.975 295.127 294.826 295.095 292.408 0.0 0.0 292.9 0.0
2016-06-08 00:35:33.962000 482423.607 293.03 292.93 293.15 293.28 293.47 295.012 294.839 294.975 295.127 294.828 295.095 292.408 0.0 0.0 292.9 0.0
2016-06-08 00:37:47.662000 482557.307 293.03 292.93 293.15 293.28 293.47 295.011 294.839 294.976 295.129 294.827 295.094 292.408 0.0 0.0 292.9 0.0
2016-06-08 00:40:05.141000 482694.786 293.03 292.93 293.15 293.28 293.46 295.012 294.839 294.975 295.126 294.828 295.096 292.409 0.0 0.0 292.9 0.0
2016-06-08 00:42:19.219000 482828.864 293.03 292.93 293.15 293.28 293.46 295.013 294.838 294.976 295.126 294.826 295.096 292.41 0.0 0.0 292.9 0.0
2016-06-08 00:44:36.598000 482966.243 293.03 292.93 293.15 293.28 293.47 295.012 294.839 294.975 295.126 294.827 295.095 292.408 0.0 0.0 292.9 0.0
2016-06-08 00:46:50.285000 483099.93 293.03 292.92 293.14 293.28 293.46 295.012 294.84 294.975 295.128 294.826 295.095 292.411 0.0 0.0 292.9 0.0
2016-06-08 00:49:07.714000 483237.359 293.03 292.92 293.14 293.28 293.46 295.011 294.838 294.976 295.126 294.827 295.093 292.408 0.0 0.0 292.9 0.0
2016-06-08 00:51:21.763000 483371.408 293.03 292.92 293.14 293.28 293.46 295.011 294.839 294.975 295.127 294.826 295.096 292.409 0.0 0.0 292.9 0.0
2016-06-08 00:53:39.271000 483508.916 293.03 292.92 293.14 293.28 293.47 295.011 294.84 294.975 295.126 294.827 295.095 292.408 0.0 0.0 292.9 0.0
2016-06-08 00:55:53.078000 483642.723 293.03 292.92 293.14 293.28 293.46 295.012 294.84 294.976 295.126 294.827 295.095 292.409 0.0 0.0 292.9 0.0
2016-06-08 00:58:10.625000 483780.27 293.03 292.92 293.14 293.28 293.47 295.011 294.839 294.975 295.126 294.826 295.094 292.408 0.0 0.0 292.9 0.0
2016-06-08 01:00:24.813000 483914.458 293.03 292.92 293.14 293.27 293.47 295.01 294.838 294.975 295.125 294.827 295.094 292.408 0.0 0.0 292.9 0.0
2016-06-08 01:02:42.346000 484051.991 293.03 292.92 293.14 293.27 293.46 295.011 294.838 294.974 295.126 294.825 295.093 292.409 0.0 0.0 292.9 0.0
2016-06-08 01:04:56.272000 484185.917 293.03 292.92 293.14 293.27 293.47 295.011 294.839 294.973 295.127 294.827 295.095 292.408 0.0 0.0 292.9 0.0
2016-06-08 01:07:14.243000 484323.888 293.03 292.92 293.14 293.27 293.46 295.01 294.838 294.976 295.125 294.826 295.094 292.408 0.0 0.0 292.9 0.0
2016-06-08 01:09:28.050000 484457.695 293.03 292.92 293.14 293.27 293.46 295.011 294.838 294.975 295.127 294.826 295.094 292.407 0.0 0.0 292.9 0.0
2016-06-08 01:11:46.021000 484595.666 293.03 292.92 293.13 293.27 293.46 295.011 294.836 294.974 295.125 294.826 295.094 292.406 0.0 0.0 292.9 0.0
2016-06-08 01:13:59.928000 484729.573 293.03 292.91 293.13 293.27 293.46 295.011 294.837 294.975 295.126 294.826 295.093 292.407 0.0 0.0 292.9 0.0
2016-06-08 01:16:17.358000 484867.003 293.03 292.91 293.13 293.27 293.46 295.01 294.838 294.974 295.124 294.826 295.092 292.408 0.0 0.0 292.9 0.0
2016-06-08 01:18:31.245000 485000.89 293.03 292.91 293.13 293.27 293.46 295.012 294.836 294.972 295.125 294.826 295.093 292.407 0.0 0.0 292.9 0.0
2016-06-08 01:20:49.304000 485138.949 293.03 292.91 293.13 293.27 293.46 295.011 294.838 294.972 295.126 294.825 295.094 292.407 0.0 0.0 292.9 0.0
2016-06-08 01:23:03.292000 485272.937 293.03 292.91 293.13 293.26 293.46 295.009 294.836 294.975 295.126 294.826 295.093 292.404 0.0 0.0 292.9 0.0
2016-06-08 01:25:21.349000 485410.994 293.03 292.91 293.13 293.26 293.46 295.01 294.836 294.972 295.124 294.824 295.093 292.406 0.0 0.0 292.9 0.0
2016-06-08 01:27:35.618000 485545.263 293.03 292.91 293.12 293.26 293.46 295.01 294.836 294.972 295.124 294.825 295.093 292.405 0.0 0.0 292.9 0.0
2016-06-08 01:29:53.424000 485683.069 293.03 292.91 293.12 293.26 293.46 295.008 294.836 294.972 295.123 294.825 295.091 292.404 0.0 0.0 292.9 0.0
2016-06-08 01:32:07.822000 485817.467 293.03 292.91 293.12 293.26 293.46 295.008 294.836 294.973 295.124 294.825 295.092 292.403 0.0 0.0 292.9 0.0
2016-06-08 01:34:25.375000 485955.02 293.02 292.9 293.12 293.26 293.46 295.009 294.836 294.972 295.123 294.825 295.092 292.404 0.0 0.0 292.9 0.0
2016-06-08 01:36:39.784000 486089.429 293.03 292.9 293.12 293.26 293.46 295.01 294.837 294.971 295.123 294.825 295.091 292.403 0.0 0.0 292.9 0.0
2016-06-08 01:38:57.704000 486227.349 293.03 292.9 293.12 293.26 293.46 295.009 294.836 294.971 295.123 294.823 295.09 292.404 0.0 0.0 292.9 0.0
2016-06-08 01:41:11.411000 486361.056 293.02 292.9 293.12 293.25 293.46 295.01 294.835 294.971 295.123 294.824 295.091 292.403 0.0 0.0 292.9 0.0
2016-06-08 01:43:28.939000 486498.584 293.02 292.9 293.12 293.25 293.46 295.008 294.835 294.97 295.123 294.824 295.09 292.403 0.0 0.0 292.89 0.0
2016-06-08 01:45:43.436000 486633.081 293.02 292.9 293.11 293.25 293.46 295.009 294.835 294.971 295.123 294.823 295.09 292.403 0.0 0.0 292.9 0.0
2016-06-08 01:48:01.013000 486770.658 293.02 292.9 293.11 293.25 293.46 295.007 294.834 294.969 295.121 294.823 295.089 292.402 0.0 0.0 292.89 0.0
2016-06-08 01:50:15.532000 486905.177 293.02 292.9 293.11 293.25 293.46 295.008 294.836 294.969 295.12 294.824 295.089 292.402 0.0 0.0 292.89 0.0
2016-06-08 01:52:33.099000 487042.744 293.02 292.89 293.11 293.25 293.46 295.008 294.834 294.969 295.122 294.822 295.088 292.401 0.0 0.0 292.89 0.0
2016-06-08 01:54:47.997000 487177.642 293.02 292.89 293.11 293.25 293.46 295.008 294.833 294.97 295.121 294.821 295.088 292.4 0.0 0.0 292.89 0.0
2016-06-08 01:57:05.665000 487315.31 293.02 292.89 293.11 293.25 293.46 295.008 294.833 294.968 295.12 294.823 295.087 292.4 0.0 0.0 292.89 0.0
2016-06-08 01:59:19.903000 487449.548 293.02 292.89 293.11 293.24 293.46 295.007 294.833 294.968 295.12 294.82 295.09 292.4 0.0 0.0 292.89 0.0
2016-06-08 02:01:37.912000 487587.557 293.02 292.89 293.11 293.24 293.46 295.005 294.832 294.968 295.12 294.821 295.088 292.399 0.0 0.0 292.89 0.0
2016-06-08 02:03:52.498000 487722.143 293.02 292.89 293.11 293.24 293.46 295.007 294.831 294.968 295.119 294.822 295.087 292.399 0.0 0.0 292.89 0.0
2016-06-08 02:06:10.171000 487859.816 293.02 292.89 293.1 293.24 293.45 295.007 294.832 294.966 295.119 294.821 295.087 292.399 0.0 0.0 292.89 0.0
2016-06-08 02:08:24.799000 487994.444 293.02 292.89 293.1 293.24 293.46 295.005 294.831 294.968 295.119 294.82 295.087 292.4 0.0 0.0 292.89 0.0
2016-06-08 02:10:42.952000 488132.597 293.02 292.89 293.1 293.24 293.46 295.005 294.832 294.966 295.118 294.821 295.086 292.397 0.0 0.0 292.89 0.0
2016-06-08 02:12:57.620000 488267.265 293.02 292.89 293.1 293.24 293.45 295.004 294.831 294.966 295.117 294.819 295.086 292.398 0.0 0.0 292.89 0.0
2016-06-08 02:15:15.819000 488405.464 293.02 292.88 293.1 293.24 293.45 295.006 294.83 294.966 295.116 294.82 295.086 292.398 0.0 0.0 292.89 0.0
2016-06-08 02:17:30.297000 488539.942 293.02 292.88 293.1 293.24 293.45 295.005 294.83 294.965 295.117 294.818 295.085 292.397 0.0 0.0 292.89 0.0
2016-06-08 02:19:48.495000 488678.14 293.02 292.88 293.1 293.23 293.45 295.005 294.83 294.965 295.116 294.819 295.086 292.399 0.0 0.0 292.89 0.0
2016-06-08 02:22:03.212000 488812.857 293.02 292.88 293.09 293.23 293.45 295.004 294.83 294.965 295.116 294.818 295.083 292.395 0.0 0.0 292.89 0.0
2016-06-08 02:24:21.050000 488950.695 293.02 292.88 293.09 293.23 293.45 295.004 294.828 294.964 295.116 294.817 295.084 292.397 0.0 0.0 292.89 0.0
2016-06-08 02:26:35.866000 489085.511 293.02 292.88 293.09 293.23 293.45 295.003 294.828 294.963 295.115 294.812 295.084 292.395 0.0 0.0 292.89 0.0
2016-06-08 02:28:54.123000 489223.768 293.02 292.88 293.09 293.23 293.45 295.003 294.828 294.962 295.114 294.818 295.084 292.395 0.0 0.0 292.89 0.0
2016-06-08 02:31:08.910000 489358.555 293.02 292.88 293.09 293.23 293.45 295.004 294.829 294.962 295.114 294.817 295.083 292.395 0.0 0.0 292.89 0.0
2016-06-08 02:33:27.149000 489496.794 293.01 292.88 293.09 293.23 293.45 295.002 294.827 294.962 295.113 294.816 295.083 292.396 0.0 0.0 292.89 0.0
2016-06-08 02:35:41.678000 489631.323 293.01 292.87 293.09 293.23 293.45 295.002 294.826 294.962 295.113 294.811 295.082 292.394 0.0 0.0 292.88 0.0
2016-06-08 02:37:59.953000 489769.598 293.01 292.87 293.08 293.23 293.45 295.001 294.827 294.962 295.114 294.817 295.08 292.392 0.0 0.0 292.89 0.0
2016-06-08 02:40:14.681000 489904.326 293.01 292.87 293.08 293.22 293.45 295.002 294.826 294.96 295.112 294.816 295.081 292.393 0.0 0.0 292.88 0.0
2016-06-08 02:42:32.709000 490042.354 293.01 292.87 293.08 293.22 293.45 295.002 294.825 294.961 295.113 294.816 295.081 292.393 0.0 0.0 292.88 0.0
2016-06-08 02:44:47.527000 490177.172 293.01 292.87 293.08 293.22 293.45 295.001 294.825 294.96 295.11 294.814 295.08 292.392 0.0 0.0 292.88 0.0
2016-06-08 02:47:05.886000 490315.531 293.01 292.87 293.08 293.22 293.45 295.0 294.824 294.958 295.11 294.815 295.08 292.392 0.0 0.0 292.88 0.0
2016-06-08 02:49:20.744000 490450.389 293.01 292.86 293.08 293.22 293.45 295.001 294.824 294.96 295.111 294.813 295.08 292.391 0.0 0.0 292.88 0.0
2016-06-08 02:51:39.149000 490588.794 293.01 292.86 293.08 293.21 293.44 295.001 294.825 294.958 295.11 294.814 295.079 292.39 0.0 0.0 292.88 0.0
2016-06-08 02:53:53.757000 490723.402 293.01 292.86 293.07 293.21 293.45 294.998 294.824 294.958 295.11 294.814 295.079 292.389 0.0 0.0 292.88 0.0
2016-06-08 02:56:12.586000 490862.231 293.01 292.86 293.07 293.21 293.44 294.998 294.822 294.957 295.109 294.812 295.078 292.39 0.0 0.0 292.88 0.0
2016-06-08 02:58:27.163000 490996.808 293.01 292.86 293.07 293.21 293.44 294.998 294.821 294.957 295.109 294.812 295.077 292.389 0.0 0.0 292.88 0.0
2016-06-08 03:00:45.972000 491135.617 293.01 292.86 293.07 293.21 293.44 294.998 294.821 294.955 295.108 294.811 295.075 292.389 0.0 0.0 292.88 0.0
2016-06-08 03:03:00.581000 491270.226 293.01 292.85 293.07 293.21 293.44 294.997 294.819 294.955 295.107 294.811 295.077 292.388 0.0 0.0 292.88 0.0
2016-06-08 03:05:19.080000 491408.725 293.01 292.85 293.07 293.21 293.44 294.997 294.821 294.955 295.106 294.811 295.074 292.386 0.0 0.0 292.88 0.0
2016-06-08 03:07:33.735000 491543.38 293.01 292.85 293.06 293.2 293.44 294.998 294.819 294.954 295.105 294.809 295.075 292.385 0.0 0.0 292.88 0.0
2016-06-08 03:09:52.554000 491682.199 293.01 292.85 293.06 293.2 293.44 294.996 294.82 294.953 295.106 294.811 295.075 292.385 0.0 0.0 292.88 0.0
2016-06-08 03:12:07.577000 491817.222 293.01 292.85 293.06 293.2 293.44 294.996 294.818 294.953 295.105 294.808 295.073 292.381 0.0 0.0 292.88 0.0
2016-06-08 03:14:26.118000 491955.763 293.0 292.85 293.06 293.2 293.44 294.995 294.818 294.953 295.104 294.808 295.073 292.384 0.0 0.0 292.88 0.0
2016-06-08 03:16:41.186000 492090.831 293.0 292.85 293.06 293.2 293.44 294.996 294.817 294.951 295.104 294.808 295.073 292.383 0.0 0.0 292.88 0.0
2016-06-08 03:18:59.785000 492229.43 293.0 292.84 293.06 293.2 293.44 294.994 294.818 294.951 295.103 294.808 295.071 292.382 0.0 0.0 292.88 0.0
2016-06-08 03:21:14.933000 492364.578 293.0 292.84 293.05 293.19 293.44 294.994 294.818 294.951 295.101 294.807 295.071 292.383 0.0 0.0 292.87 0.0
2016-06-08 03:23:33.482000 492503.127 293.0 292.84 293.05 293.19 293.44 294.994 294.816 294.949 295.101 294.806 295.07 292.379 0.0 0.0 292.87 0.0
2016-06-08 03:25:48.279000 492637.924 293.0 292.84 293.05 293.19 293.44 294.993 294.816 294.949 295.103 294.806 295.069 292.379 0.0 0.0 292.87 0.0
2016-06-08 03:28:06.899000 492776.544 293.0 292.84 293.05 293.19 293.44 294.993 294.815 294.948 295.099 294.804 295.068 292.38 0.0 0.0 292.87 0.0
2016-06-08 03:30:22.097000 492911.742 293.0 292.84 293.05 293.19 293.44 294.992 294.814 294.948 295.099 294.805 295.068 292.379 0.0 0.0 292.87 0.0
2016-06-08 03:32:40.683000 493050.328 293.0 292.84 293.05 293.19 293.43 294.99 294.812 294.947 295.099 294.804 295.068 292.378 0.0 0.0 292.87 0.0
2016-06-08 03:34:55.573000 493185.218 293.0 292.83 293.05 293.19 293.43 294.992 294.813 294.947 295.098 294.802 295.068 292.376 0.0 0.0 292.87 0.0
2016-06-08 03:37:14.274000 493323.919 293.0 292.83 293.04 293.18 293.43 294.99 294.813 294.946 295.098 294.804 295.066 292.376 0.0 0.0 292.87 0.0
2016-06-08 03:39:29.652000 493459.297 293.0 292.83 293.04 293.18 293.43 294.99 294.811 294.945 295.097 294.801 295.066 292.377 0.0 0.0 292.87 0.0
2016-06-08 03:41:47.670000 493597.315 293.0 292.83 293.04 293.18 293.43 294.989 294.81 294.944 295.097 294.802 295.066 292.376 0.0 0.0 292.87 0.0
2016-06-08 03:44:02.977000 493732.622 292.99 292.83 293.04 293.18 293.43 294.988 294.81 294.942 295.096 294.8 295.066 292.374 0.0 0.0 292.87 0.0
2016-06-08 03:46:21.835000 493871.48 292.99 292.83 293.04 293.18 293.43 294.988 294.807 294.941 295.095 294.8 295.063 292.374 0.0 0.0 292.87 0.0
2016-06-08 03:48:36.885000 494006.53 292.99 292.83 293.04 293.18 293.43 294.988 294.807 294.943 295.094 294.798 295.063 292.373 0.0 0.0 292.86 0.0
2016-06-08 03:50:55.674000 494145.319 292.99 292.82 293.03 293.18 293.43 294.986 294.808 294.94 295.093 294.799 295.063 292.371 0.0 0.0 292.86 0.0
2016-06-08 03:53:11.150000 494280.795 292.99 292.82 293.03 293.17 293.43 294.985 294.807 294.941 295.093 294.798 295.062 292.371 0.0 0.0 292.86 0.0
2016-06-08 03:55:29.671000 494419.316 292.99 292.82 293.03 293.17 293.43 294.986 294.806 294.94 295.092 294.797 295.06 292.371 0.0 0.0 292.86 0.0
2016-06-08 03:57:45.070000 494554.715 292.99 292.82 293.03 293.17 293.43 294.984 294.804 294.939 295.09 294.796 295.061 292.37 0.0 0.0 292.86 0.0
2016-06-08 04:00:03.910000 494693.555 292.99 292.82 293.03 293.17 293.43 294.983 294.805 294.938 295.09 294.795 295.059 292.37 0.0 0.0 292.86 0.0
2016-06-08 04:02:19.349000 494828.994 292.99 292.82 293.03 293.17 293.43 294.983 294.805 294.938 295.089 294.796 295.058 292.368 0.0 0.0 292.86 0.0
2016-06-08 04:04:38.297000 494967.942 292.99 292.82 293.02 293.17 293.42 294.984 294.804 294.936 295.089 294.794 295.057 292.368 0.0 0.0 292.86 0.0
2016-06-08 04:06:53.514000 495103.159 292.99 292.81 293.02 293.16 293.42 294.982 294.802 294.936 295.087 294.795 295.056 292.366 0.0 0.0 292.86 0.0
2016-06-08 04:09:12.414000 495242.059 292.99 292.81 293.02 293.16 293.42 294.98 294.802 294.935 295.086 294.793 295.056 292.365 0.0 0.0 292.86 0.0
2016-06-08 04:11:27.962000 495377.607 292.99 292.81 293.02 293.16 293.42 294.98 294.8 294.935 295.086 294.792 295.055 292.364 0.0 0.0 292.86 0.0
2016-06-08 04:13:46.590000 495516.235 292.98 292.81 293.02 293.16 293.42 294.979 294.801 294.932 295.085 294.792 295.056 292.364 0.0 0.0 292.86 0.0
2016-06-08 04:16:02.193000 495651.838 292.98 292.81 293.02 293.16 293.42 294.979 294.799 294.933 295.084 294.791 295.054 292.363 0.0 0.0 292.86 0.0
2016-06-08 04:18:21.284000 495790.929 292.98 292.81 293.01 293.16 293.42 294.979 294.798 294.933 295.084 294.79 295.053 292.363 0.0 0.0 292.85 0.0
2016-06-08 04:20:36.862000 495926.507 292.98 292.8 293.01 293.16 293.42 294.978 294.798 294.93 295.082 294.789 295.052 292.362 0.0 0.0 292.85 0.0
2016-06-08 04:22:55.885000 496065.53 292.98 292.8 293.01 293.15 293.42 294.977 294.795 294.931 295.081 294.79 295.05 292.361 0.0 0.0 292.85 0.0
2016-06-08 04:25:11.153000 496200.798 292.98 292.8 293.01 293.15 293.42 294.976 294.795 294.93 295.08 294.789 295.05 292.359 0.0 0.0 292.85 0.0
2016-06-08 04:27:30.212000 496339.857 292.98 292.8 293.01 293.15 293.42 294.975 294.795 294.928 295.08 294.788 295.05 292.359 0.0 0.0 292.85 0.0
2016-06-08 04:29:45.860000 496475.505 292.98 292.8 293.01 293.15 293.41 294.974 294.794 294.928 295.079 294.786 295.049 292.357 0.0 0.0 292.85 0.0
2016-06-08 04:32:04.703000 496614.348 292.98 292.8 293.01 293.15 293.41 294.975 294.795 294.927 295.08 294.786 295.048 292.358 0.0 0.0 292.85 0.0
2016-06-08 04:34:20.362000 496750.007 292.98 292.79 293.0 293.15 293.41 294.973 294.793 294.926 295.078 294.786 295.048 292.357 0.0 0.0 292.85 0.0
2016-06-08 04:36:39.525000 496889.17 292.98 292.79 293.0 293.14 293.41 294.973 294.793 294.925 295.078 294.784 295.047 292.355 0.0 0.0 292.85 0.0
2016-06-08 04:38:55.245000 497024.89 292.98 292.79 293.0 293.14 293.41 294.972 294.791 294.923 295.076 294.783 295.046 292.355 0.0 0.0 292.85 0.0
2016-06-08 04:41:14.774000 497164.419 292.98 292.79 293.0 293.14 293.41 294.97 294.792 294.924 295.077 294.783 295.045 292.352 0.0 0.0 292.85 0.0
2016-06-08 04:43:30.171000 497299.816 292.97 292.79 293.0 293.14 293.41 294.97 294.79 294.922 295.073 294.782 295.043 292.351 0.0 0.0 292.85 0.0
2016-06-08 04:45:49.370000 497439.015 292.97 292.79 293.0 293.14 293.41 294.969 294.789 294.922 295.073 294.781 295.042 292.35 0.0 0.0 292.84 0.0
2016-06-08 04:48:04.798000 497574.443 292.97 292.79 292.99 293.14 293.41 294.969 294.788 294.922 295.072 294.781 295.043 292.35 0.0 0.0 292.84 0.0
2016-06-08 04:50:24.437000 497714.082 292.97 292.79 292.99 293.13 293.41 294.967 294.787 294.92 295.072 294.778 295.041 292.348 0.0 0.0 292.84 0.0
2016-06-08 04:52:39.535000 497849.18 292.97 292.78 292.99 293.13 293.41 294.967 294.786 294.918 295.071 294.778 295.041 292.35 0.0 0.0 292.84 0.0
2016-06-08 04:54:59.204000 497988.849 292.97 292.78 292.99 293.13 293.4 294.965 294.785 294.918 295.069 294.778 295.04 292.348 0.0 0.0 292.84 0.0
2016-06-08 04:57:14.682000 498124.327 292.97 292.78 292.99 293.13 293.4 294.965 294.784 294.917 295.069 294.776 295.038 292.347 0.0 0.0 292.84 0.0
2016-06-08 04:59:34.422000 498264.067 292.97 292.78 292.98 293.13 293.4 294.965 294.783 294.917 295.067 294.776 295.038 292.346 0.0 0.0 292.84 0.0
2016-06-08 05:01:49.969000 498399.614 292.97 292.78 292.98 293.12 293.4 294.963 294.784 294.915 295.068 294.775 295.038 292.345 0.0 0.0 292.84 0.0
2016-06-08 05:04:09.297000 498538.942 292.96 292.77 292.98 293.12 293.4 294.963 294.782 294.913 295.066 294.774 295.036 292.344 0.0 0.0 292.84 0.0
2016-06-08 05:06:25.236000 498674.881 292.96 292.77 292.98 293.12 293.4 294.962 294.781 294.915 295.065 294.773 295.034 292.344 0.0 0.0 292.84 0.0
2016-06-08 05:08:44.553000 498814.198 292.96 292.77 292.98 293.12 293.4 294.962 294.78 294.911 295.063 294.772 295.035 292.342 0.0 0.0 292.83 0.0
2016-06-08 05:11:00.532000 498950.177 292.96 292.77 292.98 293.12 293.4 294.96 294.779 294.911 295.064 294.771 295.034 292.341 0.0 0.0 292.83 0.0
2016-06-08 05:13:19.621000 499089.266 292.96 292.77 292.97 293.12 293.4 294.96 294.779 294.911 295.062 294.772 295.032 292.339 0.0 0.0 292.83 0.0
2016-06-08 05:15:35.219000 499224.864 292.96 292.77 292.97 293.12 293.39 294.96 294.778 294.909 295.062 294.771 295.032 292.339 0.0 0.0 292.83 0.0
2016-06-08 05:17:54.673000 499364.318 292.96 292.76 292.97 293.11 293.39 294.958 294.776 294.909 295.059 294.77 295.03 292.338 0.0 0.0 292.83 0.0
2016-06-08 05:20:10.692000 499500.337 292.96 292.76 292.97 293.11 293.39 294.958 294.776 294.908 295.059 294.769 295.03 292.337 0.0 0.0 292.83 0.0
2016-06-08 05:22:30.175000 499639.82 292.96 292.76 292.97 293.11 293.39 294.957 294.775 294.906 295.057 294.768 295.028 292.336 0.0 0.0 292.83 0.0
2016-06-08 05:24:46.163000 499775.808 292.96 292.76 292.96 293.11 293.39 294.956 294.772 294.906 295.058 294.767 295.027 292.335 0.0 0.0 292.83 0.0
2016-06-08 05:27:05.320000 499914.965 292.95 292.76 292.96 293.11 293.39 294.953 294.772 294.905 295.056 294.766 295.027 292.335 0.0 0.0 292.83 0.0
2016-06-08 05:29:21.365000 500051.01 292.95 292.76 292.96 293.1 293.39 294.953 294.77 294.904 295.054 294.764 295.026 292.332 0.0 0.0 292.82 0.0
2016-06-08 05:31:40.583000 500190.228 292.95 292.75 292.96 293.1 293.39 294.953 294.772 294.903 295.055 294.764 295.025 292.333 0.0 0.0 292.82 0.0
2016-06-08 05:33:56.712000 500326.357 292.95 292.75 292.96 293.1 293.39 294.952 294.768 294.901 295.053 294.762 295.023 292.329 0.0 0.0 292.82 0.0
2016-06-08 05:36:16.005000 500465.65 292.95 292.75 292.95 293.1 293.38 294.949 294.768 294.9 295.052 294.761 295.023 292.329 0.0 0.0 292.82 0.0
2016-06-08 05:38:32.147000 500601.792 292.95 292.75 292.95 293.1 293.38 294.95 294.767 294.902 295.051 294.76 295.021 292.327 0.0 0.0 292.82 0.0
2016-06-08 05:40:51.507000 500741.152 292.95 292.75 292.95 293.1 293.38 294.949 294.766 294.899 295.05 294.761 295.02 292.328 0.0 0.0 292.82 0.0
2016-06-08 05:43:07.745000 500877.39 292.95 292.74 292.95 293.09 293.38 294.947 294.764 294.897 295.05 294.76 295.018 292.325 0.0 0.0 292.82 0.0
2016-06-08 05:45:27.124000 501016.769 292.95 292.74 292.95 293.09 293.38 294.945 294.763 294.896 295.047 294.759 295.018 292.325 0.0 0.0 292.82 0.0
2016-06-08 05:47:43.321000 501152.966 292.95 292.74 292.95 293.09 293.38 294.946 294.762 294.896 295.047 294.757 295.017 292.322 0.0 0.0 292.82 0.0
2016-06-08 05:50:02.671000 501292.316 292.94 292.74 292.94 293.09 293.38 294.944 294.761 294.894 295.045 294.756 295.015 292.325 0.0 0.0 292.82 0.0
2016-06-08 05:52:18.899000 501428.544 292.94 292.74 292.94 293.09 293.38 294.943 294.761 294.891 295.045 294.755 295.015 292.321 0.0 0.0 292.81 0.0
2016-06-08 05:54:38.297000 501567.942 292.94 292.74 292.94 293.08 293.38 294.943 294.76 294.891 295.044 294.754 295.012 292.321 0.0 0.0 292.81 0.0
2016-06-08 05:56:54.523000 501704.168 292.94 292.73 292.94 293.08 293.38 294.942 294.76 294.891 295.043 294.754 295.012 292.319 0.0 0.0 292.81 0.0
2016-06-08 05:59:13.995000 501843.64 292.94 292.73 292.94 293.08 293.37 294.941 294.758 294.89 295.042 294.752 295.011 292.318 0.0 0.0 292.81 0.0
2016-06-08 06:01:30.244000 501979.889 292.94 292.73 292.93 293.08 293.37 294.939 294.757 294.888 295.04 294.75 295.011 292.317 0.0 0.0 292.81 0.0
2016-06-08 06:03:49.652000 502119.297 292.94 292.73 292.93 293.08 293.37 294.937 294.756 294.887 295.041 294.75 295.01 292.315 0.0 0.0 292.81 0.0
2016-06-08 06:06:05.959000 502255.604 292.94 292.73 292.93 293.08 293.37 294.939 294.755 294.886 295.039 294.749 295.01 292.315 0.0 0.0 292.81 0.0
2016-06-08 06:08:25.468000 502395.113 292.94 292.72 292.93 293.07 293.37 294.937 294.752 294.886 295.039 294.748 295.007 292.313 0.0 0.0 292.81 0.0
2016-06-08 06:10:41.778000 502531.423 292.93 292.72 292.92 293.07 293.37 294.936 294.753 294.883 295.036 294.745 295.006 292.312 0.0 0.0 292.81 0.0
2016-06-08 06:13:01.295000 502670.94 292.93 292.72 292.92 293.07 293.37 294.934 294.751 294.882 295.034 294.746 295.006 292.312 0.0 0.0 292.8 0.0
2016-06-08 06:15:17.653000 502807.298 292.93 292.72 292.92 293.07 293.37 294.934 294.751 294.882 295.036 294.745 295.004 292.311 0.0 0.0 292.8 0.0
2016-06-08 06:17:37.240000 502946.885 292.93 292.72 292.92 293.07 293.36 294.935 294.749 294.881 295.034 294.744 295.003 292.31 0.0 0.0 292.8 0.0
2016-06-08 06:19:53.669000 503083.314 292.93 292.71 292.92 293.06 293.36 294.931 294.748 294.878 295.032 294.743 295.002 292.308 0.0 0.0 292.8 0.0
2016-06-08 06:22:13.288000 503222.933 292.93 292.71 292.92 293.06 293.36 294.93 294.747 294.877 295.031 294.74 295.0 292.307 0.0 0.0 292.8 0.0
2016-06-08 06:24:29.726000 503359.371 292.93 292.71 292.91 293.06 293.36 294.93 294.746 294.878 295.028 294.741 294.998 292.305 0.0 0.0 292.8 0.0
2016-06-08 06:26:49.745000 503499.39 292.93 292.71 292.91 293.06 293.36 294.927 294.745 294.877 295.029 294.739 294.997 292.303 0.0 0.0 292.8 0.0
2016-06-08 06:29:05.787000 503635.432 292.92 292.71 292.91 293.06 293.36 294.927 294.743 294.876 295.027 294.738 294.998 292.303 0.0 0.0 292.8 0.0
2016-06-08 06:31:26.330000 503775.975 292.92 292.71 292.91 293.05 293.36 294.927 294.742 294.872 295.025 294.737 294.996 292.303 0.0 0.0 292.79 0.0
2016-06-08 06:33:42.018000 503911.663 292.92 292.71 292.91 293.05 293.36 294.925 294.741 294.872 295.023 294.736 294.993 292.301 0.0 0.0 292.79 0.0
2016-06-08 06:36:02.440000 504052.085 292.92 292.7 292.91 293.05 293.36 294.925 294.74 294.87 295.022 294.734 294.993 292.3 0.0 0.0 292.79 0.0
2016-06-08 06:38:18.327000 504187.972 292.92 292.7 292.9 293.05 293.35 294.922 294.738 294.87 295.022 294.733 294.992 292.298 0.0 0.0 292.79 0.0
2016-06-08 06:40:38.436000 504328.081 292.92 292.7 292.9 293.05 293.35 294.922 294.737 294.87 295.02 294.733 294.992 292.296 0.0 0.0 292.79 0.0
2016-06-08 06:42:54.563000 504464.208 292.92 292.7 292.9 293.05 293.35 294.921 294.737 294.867 295.021 294.732 294.989 292.295 0.0 0.0 292.79 0.0
2016-06-08 06:45:15.153000 504604.798 292.91 292.7 292.9 293.05 293.35 294.919 294.735 294.866 295.017 294.731 294.989 292.294 0.0 0.0 292.79 0.0
2016-06-08 06:47:31.322000 504740.967 292.91 292.7 292.9 293.04 293.35 294.918 294.734 294.866 295.017 294.729 294.987 292.293 0.0 0.0 292.79 0.0
2016-06-08 06:49:51.470000 504881.115 292.91 292.7 292.9 293.04 293.35 294.916 294.733 294.864 295.015 294.728 294.986 292.29 0.0 0.0 292.78 0.0
2016-06-08 06:52:08.048000 505017.693 292.91 292.69 292.89 293.04 293.35 294.916 294.73 294.862 295.014 294.726 294.984 292.289 0.0 0.0 292.78 0.0
2016-06-08 06:54:28.196000 505157.841 292.91 292.69 292.89 293.04 293.35 294.915 294.73 294.86 295.013 294.724 294.984 292.289 0.0 0.0 292.78 0.0
2016-06-08 06:56:44.864000 505294.509 292.91 292.69 292.89 293.04 293.34 294.914 294.729 294.861 295.012 294.722 294.982 292.287 0.0 0.0 292.78 0.0
2016-06-08 06:59:05.060000 505434.705 292.91 292.69 292.89 293.04 293.34 294.913 294.727 294.859 295.011 294.723 294.982 292.286 0.0 0.0 292.78 0.0
2016-06-08 07:01:21.679000 505571.324 292.91 292.69 292.89 293.04 293.34 294.91 294.727 294.858 295.009 294.722 294.979 292.287 0.0 0.0 292.78 0.0
2016-06-08 07:03:41.918000 505711.563 292.9 292.69 292.89 293.04 293.34 294.91 294.726 294.856 295.01 294.722 294.98 292.283 0.0 0.0 292.78 0.0
2016-06-08 07:05:58.729000 505848.374 292.9 292.69 292.89 293.04 293.34 294.909 294.724 294.855 295.009 294.72 294.978 292.281 0.0 0.0 292.78 0.0
2016-06-08 07:08:18.978000 505988.623 292.9 292.69 292.89 293.03 293.34 294.909 294.723 294.854 295.005 294.719 294.975 292.28 0.0 0.0 292.77 0.0
2016-06-08 07:10:35.735000 506125.38 292.9 292.68 292.89 293.03 293.34 294.908 294.723 294.853 295.004 294.716 294.976 292.28 0.0 0.0 292.77 0.0
2016-06-08 07:12:55.614000 506265.259 292.9 292.68 292.88 293.03 293.34 294.906 294.72 294.853 295.004 294.716 294.974 292.279 0.0 0.0 292.77 0.0
2016-06-08 07:15:12.918000 506402.563 292.9 292.68 292.88 293.03 293.33 294.904 294.719 294.85 295.003 294.715 294.973 292.277 0.0 0.0 292.77 0.0
2016-06-08 07:17:32.446000 506542.091 292.9 292.68 292.88 293.03 293.33 294.902 294.718 294.849 295.001 294.714 294.972 292.277 0.0 0.0 292.77 0.0
2016-06-08 07:19:49.255000 506678.9 292.9 292.68 292.88 293.03 293.33 294.901 294.717 294.849 295.0 294.711 294.97 292.275 0.0 0.0 292.77 0.0
2016-06-08 07:22:09.703000 506819.348 292.89 292.68 292.88 293.03 293.33 294.9 294.714 294.848 294.998 294.713 294.97 292.273 0.0 0.0 292.77 0.0
2016-06-08 07:24:26.592000 506956.237 292.89 292.68 292.88 293.03 293.33 294.9 294.715 294.847 294.997 294.71 294.968 292.275 0.0 0.0 292.77 0.0
2016-06-08 07:26:46.651000 507096.296 292.89 292.68 292.88 293.03 293.33 294.899 294.714 294.845 294.997 294.709 294.968 292.271 0.0 0.0 292.76 0.0
2016-06-08 07:29:03.532000 507233.177 292.89 292.68 292.88 293.03 293.33 294.898 294.713 294.845 294.995 294.709 294.966 292.27 0.0 0.0 292.76 0.0
2016-06-08 07:31:23.972000 507373.617 292.89 292.68 292.88 293.03 293.33 294.896 294.712 294.843 294.996 294.707 294.965 292.27 0.0 0.0 292.76 0.0
2016-06-08 07:33:40.892000 507510.537 292.89 292.68 292.88 293.02 293.32 294.894 294.71 294.84 294.993 294.707 294.964 292.27 0.0 0.0 292.76 0.0
2016-06-08 07:36:01.285000 507650.93 292.89 292.68 292.88 293.02 293.33 294.894 294.707 294.841 294.993 294.705 294.963 292.266 0.0 0.0 292.76 0.0
2016-06-08 07:38:18.292000 507787.937 292.89 292.67 292.88 293.02 293.32 294.892 294.707 294.839 294.992 294.705 294.963 292.267 0.0 0.0 292.76 0.0
2016-06-08 07:40:38.829000 507928.474 292.89 292.67 292.88 293.02 293.32 294.893 294.708 294.839 294.991 294.702 294.962 292.265 0.0 0.0 292.76 0.0
2016-06-08 07:42:55.770000 508065.415 292.88 292.67 292.88 293.02 293.32 294.89 294.705 294.836 294.989 294.701 294.96 292.264 0.0 0.0 292.76 0.0
2016-06-08 07:45:15.899000 508205.544 292.88 292.67 292.87 293.02 293.32 294.889 294.704 294.835 294.987 294.699 294.958 292.263 0.0 0.0 292.76 0.0
2016-06-08 07:47:32.906000 508342.551 292.88 292.67 292.87 293.02 293.32 294.89 294.703 294.835 294.986 294.699 294.958 292.263 0.0 0.0 292.75 0.0
2016-06-08 07:49:53.425000 508483.07 292.88 292.67 292.87 293.02 293.32 294.888 294.7 294.833 294.985 294.697 294.955 292.261 0.0 0.0 292.75 0.0
2016-06-08 07:52:10.444000 508620.089 292.88 292.67 292.87 293.02 293.32 294.886 294.703 294.833 294.983 294.697 294.956 292.26 0.0 0.0 292.75 0.0
2016-06-08 07:54:30.994000 508760.639 292.88 292.67 292.87 293.02 293.32 294.885 294.701 294.832 294.983 294.695 294.953 292.258 0.0 0.0 292.75 0.0
2016-06-08 07:56:48.024000 508897.669 292.88 292.67 292.87 293.01 293.31 294.883 294.698 294.828 294.983 294.695 294.953 292.257 0.0 0.0 292.75 0.0
2016-06-08 07:59:08.619000 509038.264 292.88 292.66 292.87 293.01 293.31 294.881 294.697 294.829 294.982 294.693 294.951 292.256 0.0 0.0 292.75 0.0
2016-06-08 08:01:25.658000 509175.303 292.88 292.66 292.86 293.01 293.31 294.882 294.697 294.828 294.98 294.694 294.95 292.255 0.0 0.0 292.75 0.0
2016-06-08 08:03:45.928000 509315.573 292.87 292.66 292.86 293.01 293.31 294.881 294.694 294.827 294.979 294.692 294.95 292.254 0.0 0.0 292.75 0.0
2016-06-08 08:06:03.037000 509452.682 292.87 292.66 292.86 293.01 293.31 294.88 294.693 294.826 294.977 294.691 294.949 292.253 0.0 0.0 292.75 0.0
2016-06-08 08:08:23.676000 509593.321 292.87 292.66 292.86 293.0 293.31 294.879 294.693 294.825 294.976 294.69 294.947 292.251 0.0 0.0 292.74 0.0
2016-06-08 08:10:40.774000 509730.419 292.87 292.65 292.86 293.0 293.31 294.877 294.692 294.822 294.975 294.687 294.946 292.249 0.0 0.0 292.74 0.0
2016-06-08 08:13:01.354000 509870.999 292.87 292.65 292.85 293.0 293.31 294.876 294.691 294.822 294.974 294.687 294.945 292.249 0.0 0.0 292.74 0.0
2016-06-08 08:15:18.502000 510008.147 292.87 292.65 292.85 293.0 293.3 294.872 294.689 294.82 294.972 294.686 294.944 292.247 0.0 0.0 292.74 0.0
2016-06-08 08:17:39.624000 510149.269 292.87 292.65 292.85 293.0 293.3 294.873 294.689 294.819 294.972 294.684 294.942 292.245 0.0 0.0 292.74 0.0
2016-06-08 08:19:55.772000 510285.417 292.87 292.65 292.85 293.0 293.3 294.873 294.686 294.818 294.97 294.683 294.941 292.246 0.0 0.0 292.74 0.0
2016-06-08 08:22:16.911000 510426.556 292.86 292.65 292.85 292.99 293.3 294.871 294.685 294.817 294.968 294.681 294.939 292.244 0.0 0.0 292.74 0.0
2016-06-08 08:24:33.729000 510563.374 292.86 292.64 292.85 292.99 293.3 294.87 294.683 294.815 294.968 294.681 294.938 292.241 0.0 0.0 292.74 0.0
2016-06-08 08:26:54.926000 510704.571 292.86 292.64 292.84 292.99 293.3 294.868 294.684 294.814 294.967 294.68 294.937 292.241 0.0 0.0 292.73 0.0
2016-06-08 08:29:11.815000 510841.46 292.86 292.64 292.84 292.99 293.3 294.867 294.684 294.813 294.966 294.677 294.936 292.24 0.0 0.0 292.73 0.0
2016-06-08 08:31:32.745000 510982.39 292.86 292.64 292.84 292.98 293.3 294.866 294.682 294.812 294.965 294.678 294.935 292.237 0.0 0.0 292.73 0.0
2016-06-08 08:33:49.561000 511119.206 292.86 292.64 292.84 292.98 293.3 294.865 294.68 294.81 294.963 294.675 294.934 292.236 0.0 0.0 292.73 0.0
2016-06-08 08:36:10.445000 511260.09 292.86 292.63 292.83 292.98 293.29 294.862 294.678 294.808 294.962 294.675 294.933 292.236 0.0 0.0 292.73 0.0
2016-06-08 08:38:27.841000 511397.486 292.86 292.63 292.83 292.98 293.29 294.862 294.677 294.808 294.959 294.674 294.932 292.233 0.0 0.0 292.73 0.0
2016-06-08 08:40:48.721000 511538.366 292.85 292.63 292.83 292.98 293.29 294.862 294.676 294.807 294.958 294.673 294.93 292.234 0.0 0.0 292.73 0.0
2016-06-08 08:43:06.080000 511675.725 292.85 292.63 292.83 292.98 293.29 294.859 294.676 294.806 294.958 294.67 294.928 292.232 0.0 0.0 292.72 0.0
2016-06-08 08:45:26.380000 511816.025 292.85 292.63 292.83 292.97 293.29 294.858 294.673 294.804 294.957 294.671 294.927 292.229 0.0 0.0 292.72 0.0
2016-06-08 08:47:43.420000 511953.065 292.85 292.62 292.82 292.97 293.29 294.858 294.673 294.805 294.955 294.668 294.926 292.227 0.0 0.0 292.72 0.0
2016-06-08 08:50:04.389000 512094.034 292.85 292.62 292.82 292.97 293.28 294.857 294.672 294.803 294.955 294.667 294.925 292.228 0.0 0.0 292.72 0.0
2016-06-08 08:52:21.558000 512231.203 292.85 292.62 292.82 292.97 293.28 294.854 294.669 294.801 294.952 294.667 294.922 292.227 0.0 0.0 292.72 0.0
2016-06-08 08:54:42.138000 512371.783 292.85 292.62 292.82 292.96 293.28 294.853 294.669 294.798 294.952 294.665 294.922 292.225 0.0 0.0 292.72 0.0
2016-06-08 08:56:59.557000 512509.202 292.85 292.62 292.82 292.96 293.28 294.853 294.667 294.799 294.949 294.665 294.921 292.225 0.0 0.0 292.72 0.0
2016-06-08 08:59:20.598000 512650.243 292.84 292.62 292.81 292.96 293.28 294.852 294.666 294.798 294.948 294.663 294.92 292.222 0.0 0.0 292.72 0.0
2016-06-08 09:01:38.096000 512787.741 292.84 292.61 292.81 292.96 293.28 294.851 294.664 294.795 294.949 294.661 294.919 292.221 0.0 0.0 292.71 0.0
2016-06-08 09:03:58.734000 512928.379 292.84 292.61 292.81 292.96 293.28 294.847 294.662 294.794 294.946 294.66 294.917 292.22 0.0 0.0 292.71 0.0
2016-06-08 09:06:16.284000 513065.929 292.84 292.61 292.81 292.96 293.27 294.848 294.661 294.793 294.944 294.66 294.917 292.218 0.0 0.0 292.71 0.0
2016-06-08 09:08:37.371000 513207.016 292.84 292.61 292.81 292.96 293.27 294.846 294.661 294.793 294.943 294.658 294.915 292.215 0.0 0.0 292.71 0.0
2016-06-08 09:10:54.529000 513344.174 292.84 292.61 292.81 292.95 293.27 294.845 294.661 294.79 294.943 294.657 294.912 292.216 0.0 0.0 292.71 0.0
2016-06-08 09:13:15.607000 513485.252 292.84 292.61 292.81 292.95 293.27 294.844 294.658 294.788 294.94 294.655 294.912 292.215 0.0 0.0 292.71 0.0
2016-06-08 09:15:33.180000 513622.825 292.83 292.6 292.8 292.95 293.27 294.843 294.657 294.787 294.939 294.654 294.911 292.214 0.0 0.0 292.71 0.0
2016-06-08 09:17:54.020000 513763.665 292.83 292.6 292.8 292.95 293.27 294.841 294.655 294.785 294.937 294.652 294.91 292.212 0.0 0.0 292.7 0.0
2016-06-08 09:20:11.669000 513901.314 292.83 292.6 292.8 292.95 293.27 294.84 294.654 294.785 294.936 294.65 294.908 292.211 0.0 0.0 292.7 0.0
2016-06-08 09:22:32.903000 514042.548 292.83 292.6 292.8 292.95 293.26 294.838 294.653 294.783 294.934 294.649 294.907 292.208 0.0 0.0 292.7 0.0
2016-06-08 09:24:50.572000 514180.217 292.83 292.6 292.8 292.95 293.26 294.837 294.651 294.782 294.935 294.648 294.906 292.207 0.0 0.0 292.7 0.0
2016-06-08 09:27:11.854000 514321.499 292.83 292.6 292.8 292.95 293.26 294.838 294.651 294.78 294.932 294.647 294.905 292.207 0.0 0.0 292.7 0.0
2016-06-08 09:29:29.144000 514458.789 292.83 292.6 292.8 292.95 293.26 294.836 294.649 294.782 294.931 294.646 294.904 292.205 0.0 0.0 292.7 0.0
2016-06-08 09:31:50.422000 514600.067 292.82 292.6 292.8 292.95 293.26 294.834 294.648 294.779 294.93 294.646 294.902 292.197 0.0 0.0 292.7 0.0
2016-06-08 09:34:08.191000 514737.836 292.82 292.6 292.8 292.95 293.26 294.834 294.647 294.778 294.929 294.643 294.901 292.203 0.0 0.0 292.7 0.0
2016-06-08 09:36:29.113000 514878.758 292.82 292.6 292.8 292.95 293.26 294.831 294.644 294.777 294.927 294.643 294.899 292.202 0.0 0.0 292.69 0.0
2016-06-08 09:38:46.822000 515016.467 292.82 292.6 292.8 292.95 293.26 294.828 294.644 294.774 294.926 294.641 294.898 292.201 0.0 0.0 292.69 0.0
2016-06-08 09:41:08.131000 515157.776 292.82 292.6 292.8 292.95 293.25 294.83 294.643 294.774 294.925 294.639 294.897 292.2 0.0 0.0 292.69 0.0
2016-06-08 09:43:25.822000 515295.467 292.82 292.6 292.8 292.94 293.25 294.828 294.641 294.772 294.925 294.639 294.896 292.197 0.0 0.0 292.69 0.0
2016-06-08 09:45:47.134000 515436.779 292.82 292.59 292.8 292.94 293.25 294.825 294.641 294.77 294.924 294.638 294.894 292.195 0.0 0.0 292.69 0.0
2016-06-08 09:48:04.542000 515574.187 292.81 292.59 292.79 292.94 293.25 294.825 294.638 294.769 294.921 294.636 294.892 292.196 0.0 0.0 292.69 0.0
2016-06-08 09:50:25.970000 515715.615 292.81 292.59 292.79 292.94 293.25 294.823 294.638 294.769 294.92 294.634 294.892 292.196 0.0 0.0 292.69 0.0
2016-06-08 09:52:43.821000 515853.466 292.81 292.59 292.79 292.94 293.25 294.821 294.637 294.768 294.918 294.633 294.892 292.191 0.0 0.0 292.69 0.0
2016-06-08 09:55:04.870000 515994.515 292.81 292.59 292.79 292.94 293.25 294.821 294.635 294.766 294.917 294.633 294.889 292.193 0.0 0.0 292.68 0.0
2016-06-08 09:57:22.777000 516132.422 292.81 292.59 292.79 292.94 293.25 294.82 294.634 294.764 294.916 294.631 294.887 292.191 0.0 0.0 292.68 0.0
2016-06-08 09:59:44.233000 516273.878 292.81 292.59 292.79 292.94 293.24 294.819 294.633 294.764 294.916 294.63 294.886 292.189 0.0 0.0 292.68 0.0
2016-06-08 10:02:02.162000 516411.807 292.81 292.59 292.79 292.94 293.24 294.818 294.63 294.762 294.915 294.628 294.886 292.189 0.0 0.0 292.68 0.0
2016-06-08 10:04:24.023000 516553.668 292.81 292.59 292.79 292.94 293.24 294.817 294.63 294.76 294.914 294.629 294.884 292.187 0.0 0.0 292.68 0.0
2016-06-08 10:06:41.271000 516690.916 292.81 292.59 292.79 292.94 293.24 294.815 294.629 294.76 294.913 294.626 294.884 292.187 0.0 0.0 292.68 0.0
2016-06-08 10:09:03.200000 516832.845 292.8 292.59 292.79 292.94 293.24 294.814 294.627 294.758 294.91 294.626 294.883 292.185 0.0 0.0 292.68 0.0
2016-06-08 10:11:20.498000 516970.143 292.8 292.59 292.79 292.94 293.24 294.814 294.627 294.758 294.909 294.624 294.881 292.184 0.0 0.0 292.68 0.0
2016-06-08 10:13:42.369000 517112.014 292.8 292.58 292.79 292.93 293.24 294.812 294.625 294.757 294.909 294.623 294.88 292.18 0.0 0.0 292.67 0.0
2016-06-08 10:15:59.950000 517249.595 292.8 292.58 292.79 292.93 293.24 294.811 294.624 294.756 294.906 294.622 294.879 292.182 0.0 0.0 292.67 0.0
2016-06-08 10:18:21.918000 517391.563 292.8 292.58 292.78 292.93 293.24 294.808 294.624 294.753 294.906 294.62 294.877 292.18 0.0 0.0 292.67 0.0
2016-06-08 10:20:39.615000 517529.26 292.8 292.58 292.78 292.93 293.23 294.807 294.621 294.753 294.904 294.621 294.876 292.179 0.0 0.0 292.67 0.0
2016-06-08 10:23:01.265000 517670.91 292.8 292.58 292.78 292.93 293.23 294.807 294.62 294.751 294.903 294.619 294.875 292.18 0.0 0.0 292.67 0.0
2016-06-08 10:25:18.903000 517808.548 292.8 292.58 292.78 292.93 293.23 294.805 294.62 294.751 294.902 294.617 294.873 292.177 0.0 0.0 292.67 0.0
2016-06-08 10:27:40.581000 517950.226 292.8 292.58 292.78 292.93 293.23 294.803 294.618 294.749 294.902 294.617 294.874 292.174 0.0 0.0 292.67 0.0
2016-06-08 10:29:58.580000 518088.225 292.79 292.58 292.78 292.93 293.23 294.803 294.618 294.748 294.899 294.614 294.872 292.174 0.0 0.0 292.67 0.0
2016-06-08 10:32:20.239000 518229.884 292.79 292.58 292.78 292.93 293.23 294.801 294.616 294.747 294.898 294.613 294.87 292.174 0.0 0.0 292.67 0.0
2016-06-08 10:34:38.350000 518367.995 292.79 292.58 292.78 292.93 293.23 294.801 294.614 294.748 294.898 294.612 294.869 292.172 0.0 0.0 292.66 0.0
2016-06-08 10:37:00.058000 518509.703 292.79 292.58 292.78 292.93 293.23 294.799 294.613 294.744 294.896 294.61 294.869 292.171 0.0 0.0 292.66 0.0
2016-06-08 10:39:18.137000 518647.782 292.79 292.58 292.78 292.92 293.23 294.798 294.613 294.744 294.895 294.61 294.867 292.17 0.0 0.0 292.66 0.0
2016-06-08 10:41:39.487000 518789.132 292.79 292.57 292.78 292.92 293.22 294.797 294.612 294.744 294.895 294.61 294.86 292.169 0.0 0.0 292.66 0.0
2016-06-08 10:43:57.706000 518927.351 292.79 292.57 292.78 292.92 293.22 294.795 294.61 294.74 294.892 294.607 294.865 292.168 0.0 0.0 292.66 0.0
2016-06-08 10:46:19.215000 519068.86 292.78 292.57 292.78 292.92 293.22 294.795 294.609 294.74 294.893 294.606 294.864 292.166 0.0 0.0 292.66 0.0
2016-06-08 10:48:37.403000 519207.048 292.78 292.57 292.77 292.92 293.22 294.794 294.608 294.74 294.89 294.605 294.863 292.166 0.0 0.0 292.66 0.0
2016-06-08 10:50:58.804000 519348.449 292.78 292.57 292.77 292.92 293.22 294.791 294.607 294.738 294.889 294.603 294.862 292.164 0.0 0.0 292.66 0.0
2016-06-08 10:53:17.072000 519486.717 292.78 292.57 292.77 292.92 293.22 294.79 294.606 294.737 294.888 294.604 294.86 292.163 0.0 0.0 292.66 0.0
2016-06-08 10:55:38.611000 519628.256 292.78 292.57 292.77 292.92 293.22 294.789 294.603 294.735 294.887 294.601 294.859 292.162 0.0 0.0 292.65 0.0
2016-06-08 10:57:56.820000 519766.465 292.78 292.57 292.77 292.92 293.21 294.788 294.603 294.735 294.887 294.6 294.859 292.16 0.0 0.0 292.65 0.0
2016-06-08 11:00:18.669000 519908.314 292.78 292.57 292.77 292.92 293.21 294.786 294.603 294.733 294.885 294.6 294.857 292.159 0.0 0.0 292.65 0.0
2016-06-08 11:02:36.639000 520046.284 292.78 292.57 292.77 292.91 293.21 294.786 294.601 294.731 294.884 294.599 294.855 292.157 0.0 0.0 292.65 0.0
2016-06-08 11:04:58.548000 520188.193 292.78 292.57 292.77 292.91 293.21 294.785 294.6 294.73 294.883 294.597 294.856 292.156 0.0 0.0 292.65 0.0
2016-06-08 11:07:16.837000 520326.482 292.78 292.56 292.77 292.91 293.21 294.784 294.599 294.729 294.881 294.597 294.854 292.157 0.0 0.0 292.65 0.0
2016-06-08 11:09:38.770000 520468.415 292.77 292.56 292.77 292.91 293.21 294.782 294.598 294.728 294.881 294.595 294.853 292.154 0.0 0.0 292.65 0.0
2016-06-08 11:11:56.848000 520606.493 292.77 292.56 292.76 292.91 293.21 294.781 294.596 294.727 294.879 294.593 294.85 292.153 0.0 0.0 292.65 0.0
2016-06-08 11:14:18.818000 520748.463 292.77 292.56 292.76 292.91 293.21 294.779 294.594 294.727 294.878 294.592 294.85 292.152 0.0 0.0 292.65 0.0
2016-06-08 11:16:37.227000 520886.872 292.77 292.56 292.76 292.91 293.21 294.78 294.593 294.725 294.876 294.592 294.85 292.152 0.0 0.0 292.64 0.0
2016-06-08 11:18:59.196000 521028.841 292.77 292.56 292.76 292.91 293.2 294.778 294.594 294.724 294.876 294.59 294.847 292.15 0.0 0.0 292.64 0.0
2016-06-08 11:21:17.275000 521166.92 292.77 292.56 292.76 292.91 293.2 294.776 294.591 294.723 294.875 294.589 294.847 292.148 0.0 0.0 292.64 0.0
2016-06-08 11:23:39.314000 521308.959 292.77 292.56 292.76 292.9 293.2 294.775 294.592 294.721 294.874 294.587 294.846 292.148 0.0 0.0 292.64 0.0
2016-06-08 11:25:57.754000 521447.399 292.77 292.56 292.76 292.9 293.2 294.773 294.59 294.72 294.873 294.586 294.843 292.148 0.0 0.0 292.64 0.0
2016-06-08 11:28:19.855000 521589.5 292.77 292.56 292.76 292.9 293.2 294.772 294.589 294.719 294.872 294.586 294.843 292.144 0.0 0.0 292.64 0.0
2016-06-08 11:30:37.953000 521727.598 292.76 292.55 292.76 292.9 293.2 294.772 294.587 294.719 294.871 294.584 294.843 292.144 0.0 0.0 292.64 0.0
2016-06-08 11:33:00.084000 521869.729 292.76 292.55 292.76 292.9 293.2 294.77 294.587 294.717 294.87 294.584 294.841 292.143 0.0 0.0 292.64 0.0
2016-06-08 11:35:18.531000 522008.176 292.76 292.55 292.76 292.9 293.2 294.769 294.586 294.717 294.869 294.583 294.84 292.141 0.0 0.0 292.64 0.0
2016-06-08 11:37:40.681000 522150.326 292.76 292.55 292.75 292.9 293.2 294.768 294.584 294.715 294.867 294.583 294.839 292.14 0.0 0.0 292.63 0.0
2016-06-08 11:39:58.839000 522288.484 292.76 292.55 292.75 292.9 293.2 294.768 294.583 294.714 294.867 294.58 294.838 292.14 0.0 0.0 292.63 0.0
2016-06-08 11:42:21.048000 522430.693 292.76 292.55 292.75 292.9 293.19 294.766 294.582 294.713 294.864 294.579 294.836 292.138 0.0 0.0 292.63 0.0
2016-06-08 11:44:39.666000 522569.311 292.76 292.55 292.75 292.9 293.19 294.765 294.58 294.711 294.866 294.578 294.836 292.138 0.0 0.0 292.63 0.0
2016-06-08 11:47:01.856000 522711.501 292.76 292.55 292.75 292.9 293.19 294.764 294.58 294.711 294.862 294.576 294.834 292.135 0.0 0.0 292.63 0.0
2016-06-08 11:49:20.201000 522849.846 292.76 292.55 292.75 292.9 293.19 294.764 294.58 294.71 294.862 294.575 294.835 292.136 0.0 0.0 292.63 0.0
2016-06-08 11:51:42.850000 522992.495 292.75 292.55 292.75 292.9 293.19 294.761 294.578 294.708 294.861 294.574 294.831 292.133 0.0 0.0 292.63 0.0
2016-06-08 11:54:01.098000 523130.743 292.75 292.55 292.75 292.9 293.19 294.76 294.576 294.71 294.86 294.575 294.832 292.134 0.0 0.0 292.63 0.0
2016-06-08 11:56:23.728000 523273.373 292.75 292.55 292.75 292.9 293.19 294.759 294.576 294.707 294.859 294.573 294.829 292.132 0.0 0.0 292.63 0.0
2016-06-08 11:58:41.982000 523411.627 292.75 292.55 292.75 292.9 293.18 294.757 294.575 294.705 294.858 294.571 294.829 292.131 0.0 0.0 292.63 0.0
2016-06-08 12:01:04.342000 523553.987 292.75 292.55 292.75 292.9 293.18 294.758 294.573 294.704 294.856 294.571 294.829 292.13 0.0 0.0 292.62 0.0
2016-06-08 12:03:22.615000 523692.26 292.75 292.55 292.75 292.9 293.18 294.757 294.573 294.704 294.856 294.569 294.826 292.128 0.0 0.0 292.62 0.0
2016-06-08 12:05:45.334000 523834.979 292.75 292.55 292.75 292.9 293.18 294.755 294.572 294.703 294.855 294.563 294.825 292.128 0.0 0.0 292.62 0.0
2016-06-08 12:08:03.770000 523973.415 292.75 292.55 292.75 292.9 293.18 294.754 294.57 294.702 294.854 294.568 294.823 292.129 0.0 0.0 292.62 0.0
2016-06-08 12:10:26.489000 524116.134 292.75 292.55 292.75 292.9 293.18 294.753 294.569 294.701 294.852 294.566 294.824 292.126 0.0 0.0 292.62 0.0
2016-06-08 12:12:45.308000 524254.953 292.74 292.55 292.75 292.9 293.18 294.753 294.567 294.7 294.852 294.566 294.824 292.125 0.0 0.0 292.62 0.0
2016-06-08 12:15:07.667000 524397.312 292.74 292.55 292.75 292.9 293.18 294.751 294.568 294.699 294.85 294.564 294.821 292.125 0.0 0.0 292.62 0.0
2016-06-08 12:17:26.567000 524536.212 292.74 292.55 292.75 292.9 293.18 294.75 294.566 294.698 294.849 294.562 294.822 292.124 0.0 0.0 292.62 0.0
2016-06-08 12:19:48.986000 524678.631 292.74 292.55 292.75 292.9 293.18 294.749 294.566 294.696 294.848 294.563 294.82 292.122 0.0 0.0 292.62 0.0
2016-06-08 12:22:07.844000 524817.489 292.74 292.55 292.75 292.9 293.18 294.749 294.564 294.695 294.847 294.562 294.818 292.122 0.0 0.0 292.61 0.0
2016-06-08 12:24:30.316000 524959.961 292.74 292.55 292.75 292.9 293.18 294.747 294.563 294.694 294.847 294.561 294.82 292.122 0.0 0.0 292.61 0.0
2016-06-08 12:26:48.926000 525098.571 292.74 292.55 292.76 292.9 293.17 294.746 294.562 294.696 294.847 294.559 294.816 292.12 0.0 0.0 292.61 0.0
2016-06-08 12:29:11.095000 525240.74 292.74 292.55 292.76 292.9 293.17 294.746 294.561 294.693 294.845 294.558 294.818 292.119 0.0 0.0 292.61 0.0
2016-06-08 12:31:30.136000 525379.781 292.74 292.55 292.76 292.9 293.17 294.744 294.561 294.692 294.845 294.558 294.817 292.119 0.0 0.0 292.61 0.0
2016-06-08 12:33:52.454000 525522.099 292.74 292.55 292.76 292.9 293.17 294.743 294.56 294.691 294.843 294.557 294.814 292.116 0.0 0.0 292.61 0.0
2016-06-08 12:36:10.989000 525660.634 292.74 292.55 292.76 292.91 293.17 294.742 294.559 294.691 294.843 294.556 294.814 292.117 0.0 0.0 292.61 0.0
2016-06-08 12:38:36.790000 525806.435 292.74 292.55 292.76 292.9 293.17 294.741 294.558 294.69 294.842 294.555 294.812 292.116 0.0 0.0 292.61 0.0
2016-06-08 12:40:56.159000 525945.804 292.73 292.55 292.76 292.91 293.17 294.739 294.557 294.689 294.843 294.553 294.812 292.115 0.0 0.0 292.61 0.0
2016-06-08 12:43:18.039000 526087.684 292.73 292.56 292.76 292.9 293.17 294.738 294.556 294.689 294.842 294.553 294.811 292.115 0.0 0.0 292.61 0.0
2016-06-08 12:45:37.047000 526226.692 292.73 292.55 292.76 292.91 293.17 294.738 294.557 294.687 294.839 294.552 294.812 292.114 0.0 0.0 292.61 0.0
2016-06-08 12:47:59.679000 526369.324 292.73 292.56 292.76 292.91 293.17 294.737 294.554 294.686 294.839 294.552 294.81 292.111 0.0 0.0 292.61 0.0
2016-06-08 12:50:18.726000 526508.371 292.73 292.56 292.76 292.91 293.17 294.739 294.553 294.686 294.838 294.55 294.81 292.113 0.0 0.0 292.6 0.0
2016-06-08 12:52:41.436000 526651.081 292.73 292.56 292.76 292.91 293.17 294.736 294.553 294.685 294.838 294.55 294.808 292.112 0.0 0.0 292.6 0.0
2016-06-08 12:55:00.165000 526789.81 292.73 292.56 292.76 292.91 293.16 294.736 294.551 294.684 294.836 294.55 294.808 292.111 0.0 0.0 292.6 0.0
2016-06-08 12:57:22.885000 526932.53 292.73 292.56 292.76 292.91 293.17 294.733 294.551 294.684 294.837 294.549 294.808 292.111 0.0 0.0 292.6 0.0
2016-06-08 12:59:41.983000 527071.628 292.73 292.56 292.77 292.91 293.16 294.731 294.551 294.685 294.835 294.549 294.807 292.109 0.0 0.0 292.6 0.0
2016-06-08 13:02:04.452000 527214.097 292.73 292.56 292.77 292.91 293.16 294.731 294.551 294.682 294.835 294.546 294.806 292.109 0.0 0.0 292.6 0.0
2016-06-08 13:04:23.622000 527353.267 292.73 292.56 292.77 292.91 293.16 294.731 294.549 294.683 294.833 294.546 294.806 292.109 0.0 0.0 292.6 0.0
2016-06-08 13:06:46.365000 527496.01 292.73 292.56 292.77 292.91 293.16 294.73 294.55 294.682 294.832 294.544 294.805 292.109 0.0 0.0 292.6 0.0
2016-06-08 13:09:05.489000 527635.134 292.73 292.56 292.77 292.92 293.16 294.731 294.549 294.682 294.833 294.545 294.804 292.108 0.0 0.0 292.6 0.0
2016-06-08 13:11:28.299000 527777.944 292.72 292.56 292.77 292.92 293.16 294.729 294.548 294.681 294.833 294.544 294.804 292.107 0.0 0.0 292.6 0.0
2016-06-08 13:13:47.148000 527916.793 292.73 292.56 292.77 292.92 293.16 294.729 294.547 294.681 294.833 294.543 294.803 292.107 0.0 0.0 292.6 0.0
2016-06-08 13:16:09.937000 528059.582 292.72 292.57 292.77 292.92 293.16 294.727 294.548 294.679 294.832 294.543 294.801 292.108 0.0 0.0 292.6 0.0
2016-06-08 13:18:29.171000 528198.816 292.72 292.57 292.78 292.92 293.16 294.726 294.547 294.68 294.832 294.542 294.803 292.106 0.0 0.0 292.6 0.0
2016-06-08 13:20:51.761000 528341.406 292.72 292.57 292.78 292.92 293.16 294.725 294.545 294.68 294.829 294.542 294.802 292.105 0.0 0.0 292.6 0.0
2016-06-08 13:23:11.040000 528480.685 292.72 292.57 292.78 292.92 293.16 294.726 294.544 294.677 294.83 294.541 294.8 292.104 0.0 0.0 292.6 0.0
2016-06-08 13:25:33.960000 528623.605 292.72 292.57 292.78 292.92 293.16 294.724 294.543 294.677 294.829 294.541 294.8 292.104 0.0 0.0 292.6 0.0
2016-06-08 13:27:53.228000 528762.873 292.72 292.57 292.78 292.93 293.16 294.723 294.544 294.677 294.828 294.539 294.8 292.104 0.0 0.0 292.6 0.0
2016-06-08 13:30:16.237000 528905.882 292.72 292.57 292.78 292.93 293.16 294.722 294.543 294.676 294.829 294.539 294.8 292.104 0.0 0.0 292.6 0.0
2016-06-08 13:32:35.266000 529044.911 292.72 292.57 292.78 292.93 293.16 294.721 294.543 294.677 294.828 294.539 294.798 292.104 0.0 0.0 292.6 0.0
2016-06-08 13:34:58.236000 529187.881 292.72 292.58 292.79 292.93 293.16 294.722 294.542 294.677 294.828 294.538 294.798 292.102 0.0 0.0 292.59 0.0
2016-06-08 13:37:17.578000 529327.223 292.72 292.58 292.79 292.93 293.16 294.721 294.543 294.676 294.828 294.538 294.8 292.103 0.0 0.0 292.59 0.0
2016-06-08 13:39:40.298000 529469.943 292.72 292.58 292.79 292.93 293.16 294.722 294.541 294.676 294.827 294.537 294.798 292.103 0.0 0.0 292.59 0.0
2016-06-08 13:41:59.717000 529609.362 292.72 292.58 292.79 292.94 293.16 294.72 294.541 294.674 294.826 294.537 294.798 292.103 0.0 0.0 292.59 0.0
2016-06-08 13:44:23.126000 529752.771 292.72 292.58 292.79 292.94 293.16 294.719 294.541 294.675 294.826 294.537 294.798 292.1 0.0 0.0 292.59 0.0
2016-06-08 13:46:42.225000 529891.87 292.72 292.59 292.8 292.94 293.15 294.718 294.539 294.672 294.827 294.536 294.798 292.102 0.0 0.0 292.59 0.0
2016-06-08 13:49:05.695000 530035.34 292.72 292.59 292.8 292.94 293.16 294.72 294.54 294.675 294.827 294.536 294.796 292.102 0.0 0.0 292.59 0.0
2016-06-08 13:51:24.403000 530174.048 292.72 292.59 292.8 292.95 293.15 294.718 294.539 294.672 294.825 294.536 294.796 292.099 0.0 0.0 292.59 0.0
2016-06-08 13:53:47.513000 530317.158 292.72 292.59 292.8 292.95 293.15 294.718 294.54 294.674 294.825 294.535 294.797 292.102 0.0 0.0 292.59 0.0
2016-06-08 13:56:06.642000 530456.287 292.72 292.59 292.8 292.95 293.15 294.717 294.539 294.674 294.826 294.534 294.795 292.1 0.0 0.0 292.59 0.0
2016-06-08 13:58:30.162000 530599.807 292.72 292.59 292.81 292.95 293.15 294.717 294.539 294.673 294.825 294.534 294.797 292.1 0.0 0.0 292.59 0.0
2016-06-08 14:00:49.366000 530739.011 292.72 292.6 292.81 292.95 293.15 294.716 294.54 294.674 294.825 294.534 294.795 292.101 0.0 0.0 292.59 0.0
2016-06-08 14:03:12.914000 530882.559 292.72 292.6 292.81 292.95 293.15 294.716 294.539 294.672 294.823 294.534 294.796 292.1 0.0 0.0 292.59 0.0
2016-06-08 14:05:32.442000 531022.087 292.72 292.6 292.81 292.96 293.15 294.714 294.538 294.672 294.825 294.533 294.796 292.101 0.0 0.0 292.59 0.0
2016-06-08 14:07:55.627000 531165.272 292.72 292.6 292.82 292.96 293.15 294.714 294.538 294.672 294.824 294.534 294.795 292.1 0.0 0.0 292.59 0.0
2016-06-08 14:10:15.227000 531304.872 292.72 292.61 292.82 292.96 293.15 294.714 294.539 294.672 294.825 294.532 294.795 292.102 0.0 0.0 292.59 0.0
2016-06-08 14:12:38.072000 531447.717 292.72 292.61 292.82 292.96 293.15 294.714 294.537 294.672 294.825 294.533 294.796 292.101 0.0 0.0 292.59 0.0
2016-06-08 14:14:57.341000 531586.986 292.72 292.61 292.82 292.97 293.15 294.715 294.538 294.673 294.824 294.532 294.794 292.102 0.0 0.0 292.59 0.0
2016-06-08 14:17:20.669000 531730.314 292.72 292.61 292.83 292.97 293.15 294.713 294.538 294.673 294.825 294.532 294.794 292.1 0.0 0.0 292.59 0.0
2016-06-08 14:19:39.976000 531869.621 292.72 292.61 292.83 292.97 293.15 294.712 294.538 294.673 294.824 294.532 294.795 292.101 0.0 0.0 292.59 0.0
2016-06-08 14:22:02.907000 532012.552 292.72 292.62 292.83 292.97 293.15 294.713 294.538 294.672 294.823 294.531 294.795 292.1 0.0 0.0 292.59 0.0
2016-06-08 14:24:22.525000 532152.17 292.72 292.62 292.83 292.97 293.15 294.713 294.539 294.672 294.824 294.533 294.796 292.103 0.0 0.0 292.59 0.0
2016-06-08 14:26:45.854000 532295.499 292.72 292.62 292.84 292.98 293.15 294.711 294.538 294.673 294.825 294.532 294.795 292.101 0.0 0.0 292.59 0.0
2016-06-08 14:29:05.584000 532435.229 292.72 292.62 292.84 292.98 293.15 294.711 294.537 294.674 294.824 294.531 294.795 292.103 0.0 0.0 292.59 0.0
2016-06-08 14:31:28.493000 532578.138 292.72 292.63 292.84 292.98 293.15 294.712 294.539 294.674 294.825 294.532 294.795 292.103 0.0 0.0 292.59 0.0
2016-06-08 14:33:47.933000 532717.578 292.72 292.63 292.85 292.99 293.16 294.713 294.537 294.672 294.824 294.532 294.795 292.103 0.0 0.0 292.59 0.0
2016-06-08 14:36:11.085000 532860.73 292.72 292.63 292.85 292.99 293.15 294.712 294.538 294.672 294.826 294.531 294.795 292.104 0.0 0.0 292.59 0.0
2016-06-08 14:38:30.815000 533000.46 292.72 292.63 292.85 292.99 293.16 294.712 294.538 294.674 294.826 294.532 294.796 292.103 0.0 0.0 292.59 0.0
2016-06-08 14:40:54.275000 533143.92 292.72 292.63 292.85 292.99 293.16 294.712 294.54 294.676 294.826 294.531 294.797 292.102 0.0 0.0 292.59 0.0
2016-06-08 14:43:13.683000 533283.328 292.72 292.64 292.85 293.0 293.15 294.712 294.537 294.674 294.826 294.531 294.79 292.103 0.0 0.0 292.59 0.0
2016-06-08 14:45:37.123000 533426.768 292.72 292.64 292.86 293.0 293.16 294.713 294.539 294.673 294.826 294.533 294.798 292.104 0.0 0.0 292.59 0.0
2016-06-08 14:47:56.942000 533566.587 292.72 292.64 292.86 293.0 293.16 294.711 294.54 294.674 294.827 294.531 294.798 292.105 0.0 0.0 292.59 0.0
2016-06-08 14:50:20.413000 533710.058 292.72 292.64 292.86 293.0 293.16 294.712 294.54 294.674 294.826 294.532 294.796 292.105 0.0 0.0 292.6 0.0
2016-06-08 14:52:39.961000 533849.606 292.72 292.65 292.86 293.0 293.16 294.712 294.539 294.675 294.827 294.531 294.799 292.106 0.0 0.0 292.6 0.0
2016-06-08 14:55:03.130000 533992.775 292.72 292.65 292.87 293.01 293.16 294.712 294.54 294.676 294.828 294.533 294.798 292.106 0.0 0.0 292.6 0.0
2016-06-08 14:57:22.980000 534132.625 292.72 292.65 292.87 293.01 293.16 294.711 294.54 294.676 294.827 294.532 294.799 292.106 0.0 0.0 292.6 0.0
2016-06-08 14:59:46.570000 534276.215 292.72 292.65 292.87 293.01 293.16 294.713 294.54 294.678 294.829 294.534 294.798 292.107 0.0 0.0 292.6 0.0
2016-06-08 15:02:06.137000 534415.782 292.72 292.65 292.87 293.01 293.16 294.713 294.54 294.677 294.828 294.534 294.799 292.106 0.0 0.0 292.6 0.0
2016-06-08 15:04:29.776000 534559.421 292.72 292.66 292.87 293.01 293.16 294.713 294.542 294.676 294.829 294.534 294.799 292.107 0.0 0.0 292.6 0.0
2016-06-08 15:06:49.831000 534699.476 292.72 292.66 292.88 293.02 293.16 294.712 294.54 294.678 294.83 294.535 294.8 292.108 0.0 0.0 292.6 0.0
2016-06-08 15:09:13.434000 534843.079 292.72 292.66 292.88 293.02 293.16 294.713 294.541 294.678 294.831 294.534 294.8 292.109 0.0 0.0 292.6 0.0
2016-06-08 15:11:33.091000 534982.736 292.73 292.66 292.88 293.02 293.16 294.712 294.542 294.679 294.831 294.534 294.801 292.108 0.0 0.0 292.6 0.0
2016-06-08 15:13:56.414000 535126.059 292.72 292.66 292.89 293.02 293.16 294.713 294.541 294.678 294.833 294.536 294.801 292.11 0.0 0.0 292.6 0.0
2016-06-08 15:16:16.353000 535265.998 292.73 292.67 292.88 293.02 293.16 294.713 294.543 294.681 294.831 294.533 294.802 292.11 0.0 0.0 292.6 0.0
2016-06-08 15:18:40.003000 535409.648 292.73 292.67 292.89 293.03 293.16 294.714 294.542 294.681 294.832 294.535 294.802 292.11 0.0 0.0 292.6 0.0
2016-06-08 15:20:59.739000 535549.384 292.73 292.67 292.89 293.03 293.16 294.714 294.544 294.68 294.833 294.536 294.802 292.111 0.0 0.0 292.6 0.0
2016-06-08 15:23:23.438000 535693.083 292.73 292.67 292.89 293.03 293.16 294.714 294.545 294.681 294.832 294.535 294.802 292.111 0.0 0.0 292.6 0.0
2016-06-08 15:25:43.426000 535833.071 292.73 292.67 292.89 293.03 293.16 294.713 294.545 294.681 294.834 294.536 294.803 292.111 0.0 0.0 292.6 0.0
2016-06-08 15:28:07.186000 535976.831 292.73 292.68 292.9 293.03 293.16 294.715 294.545 294.683 294.834 294.536 294.804 292.113 0.0 0.0 292.6 0.0
2016-06-08 15:30:26.956000 536116.601 292.73 292.68 292.9 293.04 293.16 294.714 294.545 294.683 294.834 294.537 294.804 292.114 0.0 0.0 292.6 0.0
2016-06-08 15:32:50.788000 536260.433 292.73 292.68 292.9 293.04 293.16 294.714 294.545 294.682 294.835 294.537 294.805 292.113 0.0 0.0 292.6 0.0
2016-06-08 15:35:10.596000 536400.241 292.73 292.68 292.9 293.04 293.17 294.718 294.545 294.683 294.836 294.538 294.805 292.116 0.0 0.0 292.61 0.0
2016-06-08 15:37:34.504000 536544.149 292.73 292.68 292.9 293.04 293.17 294.716 294.546 294.683 294.836 294.538 294.806 292.117 0.0 0.0 292.6 0.0
2016-06-08 15:39:54.274000 536683.919 292.73 292.69 292.91 293.04 293.17 294.715 294.548 294.685 294.836 294.54 294.806 292.116 0.0 0.0 292.61 0.0
2016-06-08 15:42:18.266000 536827.911 292.73 292.69 292.91 293.05 293.17 294.716 294.549 294.686 294.837 294.539 294.805 292.117 0.0 0.0 292.61 0.0
2016-06-08 15:44:38.055000 536967.7 292.73 292.69 292.91 293.05 293.17 294.717 294.548 294.686 294.838 294.538 294.807 292.117 0.0 0.0 292.61 0.0
2016-06-08 15:47:02.335000 537111.98 292.74 292.69 292.91 293.05 293.17 294.717 294.549 294.687 294.838 294.54 294.809 292.118 0.0 0.0 292.61 0.0
2016-06-08 15:49:33.247000 537262.892 292.74 292.69 292.92 293.05 293.17 294.718 294.549 294.685 294.839 294.539 294.809 292.118 0.0 0.0 292.61 0.0
2016-06-08 15:51:57.576000 537407.221 292.74 292.69 292.92 293.05 293.17 294.719 294.551 294.688 294.838 294.54 294.809 292.121 0.0 0.0 292.61 0.0
2016-06-08 15:54:17.805000 537547.45 292.74 292.7 292.92 293.06 293.17 294.718 294.55 294.688 294.841 294.54 294.81 292.122 0.0 0.0 292.61 0.0
2016-06-08 15:56:41.726000 537691.371 292.74 292.7 292.92 293.06 293.17 294.717 294.551 294.689 294.842 294.542 294.811 292.122 0.0 0.0 292.61 0.0
2016-06-08 15:59:02.045000 537831.69 292.74 292.7 292.92 293.06 293.17 294.718 294.552 294.69 294.842 294.543 294.811 292.121 0.0 0.0 292.61 0.0
2016-06-08 16:01:25.697000 537975.342 292.74 292.7 292.93 293.06 293.17 294.719 294.554 294.692 294.844 294.542 294.81 292.122 0.0 0.0 292.61 0.0
2016-06-08 16:03:45.726000 538115.371 292.74 292.71 292.93 293.06 293.18 294.721 294.554 294.692 294.843 294.542 294.814 292.125 0.0 0.0 292.61 0.0
2016-06-08 16:06:09.876000 538259.521 292.74 292.71 292.93 293.07 293.18 294.721 294.555 294.692 294.843 294.543 294.813 292.125 0.0 0.0 292.61 0.0
2016-06-08 16:08:29.856000 538399.501 292.74 292.71 292.93 293.07 293.18 294.721 294.555 294.692 294.843 294.544 294.814 292.126 0.0 0.0 292.62 0.0
2016-06-08 16:10:53.914000 538543.559 292.74 292.71 292.94 293.07 293.18 294.723 294.554 294.693 294.846 294.544 294.816 292.126 0.0 0.0 292.62 0.0
2016-06-08 16:13:14.383000 538684.028 292.74 292.71 292.94 293.07 293.18 294.722 294.557 294.694 294.845 294.546 294.817 292.127 0.0 0.0 292.62 0.0
2016-06-08 16:15:38.173000 538827.818 292.75 292.72 292.94 293.07 293.18 294.723 294.558 294.697 294.847 294.547 294.816 292.127 0.0 0.0 292.62 0.0
2016-06-08 16:17:58.632000 538968.277 292.74 292.72 292.94 293.08 293.18 294.723 294.558 294.695 294.847 294.547 294.817 292.129 0.0 0.0 292.62 0.0
2016-06-08 16:20:22.422000 539112.067 292.74 292.72 292.95 293.08 293.18 294.725 294.56 294.697 294.848 294.548 294.818 292.129 0.0 0.0 292.62 0.0
2016-06-08 16:22:43.334000 539252.979 292.75 292.72 292.95 293.08 293.18 294.726 294.559 294.698 294.85 294.55 294.818 292.13 0.0 0.0 292.62 0.0
2016-06-08 16:25:07.124000 539396.769 292.75 292.72 292.95 293.08 293.18 294.726 294.559 294.697 294.85 294.549 294.82 292.132 0.0 0.0 292.62 0.0
2016-06-08 16:27:26.893000 539536.538 292.75 292.73 292.95 293.09 293.18 294.725 294.56 294.7 294.851 294.55 294.82 292.132 0.0 0.0 292.62 0.0
2016-06-08 16:29:51.153000 539680.798 292.75 292.73 292.95 293.09 293.18 294.727 294.561 294.701 294.852 294.55 294.821 292.133 0.0 0.0 292.62 0.0
2016-06-08 16:32:11.623000 539821.268 292.75 292.73 292.96 293.09 293.18 294.728 294.563 294.701 294.853 294.551 294.821 292.133 0.0 0.0 292.62 0.0
2016-06-08 16:34:35.819000 539965.464 292.75 292.73 292.96 293.09 293.19 294.729 294.562 294.703 294.853 294.551 294.823 292.134 0.0 0.0 292.62 0.0
2016-06-08 16:36:56.329000 540105.974 292.75 292.73 292.96 293.09 293.19 294.729 294.564 294.702 294.856 294.552 294.824 292.136 0.0 0.0 292.62 0.0
2016-06-08 16:39:20.664000 540250.309 292.75 292.73 292.96 293.1 293.19 294.73 294.566 294.703 294.857 294.553 294.824 292.135 0.0 0.0 292.62 0.0
2016-06-08 16:41:41.253000 540390.898 292.75 292.74 292.96 293.1 293.19 294.73 294.566 294.705 294.856 294.554 294.823 292.138 0.0 0.0 292.63 0.0
2016-06-08 16:44:05.476000 540535.121 292.75 292.74 292.96 293.1 293.19 294.731 294.568 294.705 294.856 294.555 294.825 292.138 0.0 0.0 292.63 0.0
2016-06-08 16:46:25.425000 540675.07 292.76 292.74 292.97 293.1 293.19 294.733 294.568 294.706 294.858 294.556 294.827 292.14 0.0 0.0 292.63 0.0
2016-06-08 16:48:49.864000 540819.509 292.76 292.74 292.97 293.1 293.19 294.733 294.57 294.707 294.859 294.557 294.829 292.14 0.0 0.0 292.63 0.0
2016-06-08 16:51:10.443000 540960.088 292.76 292.74 292.97 293.11 293.19 294.733 294.57 294.708 294.861 294.557 294.83 292.142 0.0 0.0 292.63 0.0
2016-06-08 16:53:34.773000 541104.418 292.76 292.75 292.97 293.11 293.19 294.734 294.571 294.709 294.861 294.557 294.831 292.143 0.0 0.0 292.63 0.0
2016-06-08 16:55:55.563000 541245.208 292.76 292.75 292.98 293.11 293.19 294.735 294.571 294.709 294.862 294.56 294.83 292.143 0.0 0.0 292.63 0.0
2016-06-08 16:58:19.963000 541389.608 292.76 292.75 292.98 293.11 293.19 294.737 294.572 294.711 294.864 294.56 294.832 292.145 0.0 0.0 292.63 0.0
2016-06-08 17:00:40.702000 541530.347 292.76 292.75 292.98 293.11 293.2 294.737 294.573 294.712 294.863 294.56 294.833 292.145 0.0 0.0 292.63 0.0
2016-06-08 17:03:05.175000 541674.82 292.76 292.75 292.98 293.11 293.2 294.739 294.575 294.713 294.864 294.56 294.833 292.147 0.0 0.0 292.64 0.0
2016-06-08 17:05:25.293000 541814.938 292.76 292.76 292.98 293.12 293.2 294.739 294.575 294.713 294.866 294.564 294.834 292.148 0.0 0.0 292.64 0.0
2016-06-08 17:07:49.745000 541959.39 292.77 292.76 292.99 293.12 293.2 294.74 294.575 294.715 294.868 294.562 294.835 292.15 0.0 0.0 292.64 0.0
2016-06-08 17:10:10.515000 542100.16 292.77 292.76 292.99 293.12 293.2 294.739 294.576 294.717 294.869 294.564 294.835 292.149 0.0 0.0 292.64 0.0
2016-06-08 17:12:34.974000 542244.619 292.77 292.76 292.99 293.12 293.2 294.74 294.577 294.717 294.869 294.565 294.838 292.151 0.0 0.0 292.64 0.0
2016-06-08 17:14:55.843000 542385.488 292.77 292.76 292.99 293.12 293.2 294.741 294.58 294.719 294.87 294.566 294.839 292.152 0.0 0.0 292.64 0.0
2016-06-08 17:17:20.403000 542530.048 292.77 292.77 292.99 293.13 293.2 294.742 294.58 294.72 294.871 294.568 294.838 292.153 0.0 0.0 292.64 0.0
2016-06-08 17:19:41.213000 542670.858 292.77 292.77 293.0 293.13 293.2 294.745 294.58 294.72 294.871 294.568 294.841 292.154 0.0 0.0 292.64 0.0
2016-06-08 17:22:05.852000 542815.497 292.77 292.77 293.0 293.13 293.21 294.745 294.583 294.721 294.873 294.567 294.842 292.155 0.0 0.0 292.64 0.0
2016-06-08 17:24:26.094000 542955.739 292.77 292.77 293.0 293.13 293.21 294.745 294.583 294.721 294.873 294.57 294.842 292.156 0.0 0.0 292.65 0.0
2016-06-08 17:26:50.645000 543100.29 292.77 292.77 293.0 293.13 293.21 294.747 294.584 294.722 294.875 294.57 294.842 292.158 0.0 0.0 292.65 0.0
2016-06-08 17:29:11.155000 543240.8 292.77 292.78 293.01 293.14 293.21 294.748 294.584 294.724 294.876 294.571 294.844 292.158 0.0 0.0 292.65 0.0
2016-06-08 17:31:36.146000 543385.791 292.77 292.78 293.01 293.14 293.21 294.748 294.587 294.724 294.878 294.571 294.845 292.159 0.0 0.0 292.65 0.0
2016-06-08 17:33:56.658000 543526.303 292.78 292.78 293.01 293.14 293.21 294.75 294.587 294.726 294.878 294.573 294.846 292.16 0.0 0.0 292.65 0.0
2016-06-08 17:36:21.662000 543671.307 292.78 292.78 293.01 293.14 293.21 294.749 294.589 294.727 294.88 294.574 294.847 292.162 0.0 0.0 292.65 0.0
2016-06-08 17:38:42.170000 543811.815 292.78 292.78 293.01 293.14 293.21 294.751 294.589 294.727 294.882 294.574 294.849 292.163 0.0 0.0 292.65 0.0
2016-06-08 17:41:07.240000 543956.885 292.78 292.79 293.02 293.15 293.21 294.751 294.59 294.729 294.881 294.576 294.85 292.163 0.0 0.0 292.65 0.0
2016-06-08 17:43:28.297000 544097.942 292.78 292.79 293.02 293.15 293.22 294.754 294.594 294.731 294.882 294.576 294.85 292.166 0.0 0.0 292.65 0.0
2016-06-08 17:45:52.987000 544242.632 292.78 292.79 293.02 293.15 293.22 294.755 294.592 294.731 294.885 294.577 294.852 292.166 0.0 0.0 292.65 0.0
2016-06-08 17:48:13.995000 544383.64 292.78 292.79 293.02 293.15 293.22 294.756 294.595 294.733 294.885 294.578 294.852 292.166 0.0 0.0 292.66 0.0
2016-06-08 17:50:38.735000 544528.38 292.78 292.79 293.02 293.15 293.22 294.756 294.595 294.733 294.887 294.58 294.854 292.169 0.0 0.0 292.66 0.0
2016-06-08 17:52:59.745000 544669.39 292.79 292.8 293.03 293.16 293.22 294.756 294.595 294.736 294.886 294.582 294.855 292.17 0.0 0.0 292.66 0.0
2016-06-08 17:55:24.155000 544813.8 292.79 292.8 293.03 293.16 293.22 294.758 294.596 294.735 294.889 294.582 294.857 292.17 0.0 0.0 292.66 0.0
2016-06-08 17:57:44.883000 544954.528 292.79 292.8 293.03 293.16 293.22 294.759 294.597 294.737 294.889 294.583 294.857 292.173 0.0 0.0 292.66 0.0
2016-06-08 18:00:09.744000 545099.389 292.79 292.8 293.03 293.16 293.22 294.76 294.6 294.738 294.89 294.584 294.859 292.174 0.0 0.0 292.66 0.0
2016-06-08 18:02:30.883000 545240.528 292.79 292.8 293.04 293.16 293.22 294.76 294.6 294.74 294.89 294.586 294.86 292.174 0.0 0.0 292.66 0.0
2016-06-08 18:04:55.701000 545385.346 292.79 292.8 293.04 293.16 293.23 294.763 294.601 294.74 294.893 294.587 294.862 292.176 0.0 0.0 292.67 0.0
2016-06-08 18:07:16.529000 545526.174 292.79 292.81 293.04 293.17 293.23 294.763 294.603 294.741 294.893 294.587 294.86 292.173 0.0 0.0 292.67 0.0
2016-06-08 18:09:40.980000 545670.625 292.79 292.81 293.04 293.17 293.23 294.765 294.604 294.742 294.895 294.587 294.863 292.177 0.0 0.0 292.67 0.0
2016-06-08 18:12:02.149000 545811.794 292.79 292.81 293.04 293.17 293.23 294.766 294.605 294.744 294.895 294.589 294.865 292.18 0.0 0.0 292.67 0.0
2016-06-08 18:14:26.648000 545956.293 292.8 292.81 293.05 293.17 293.23 294.767 294.606 294.745 294.898 294.59 294.865 292.182 0.0 0.0 292.67 0.0
2016-06-08 18:16:47.788000 546097.433 292.8 292.81 293.05 293.17 293.23 294.767 294.606 294.744 294.898 294.591 294.866 292.181 0.0 0.0 292.67 0.0
2016-06-08 18:19:12.357000 546242.002 292.8 292.82 293.05 293.18 293.23 294.77 294.609 294.748 294.899 294.593 294.868 292.185 0.0 0.0 292.67 0.0
2016-06-08 18:21:33.293000 546382.938 292.8 292.82 293.05 293.18 293.24 294.769 294.609 294.748 294.901 294.593 294.869 292.185 0.0 0.0 292.67 0.0
2016-06-08 18:23:58.327000 546527.972 292.8 292.82 293.05 293.18 293.24 294.772 294.611 294.75 294.903 294.594 294.87 292.185 0.0 0.0 292.67 0.0
2016-06-08 18:26:19.610000 546669.255 292.8 292.82 293.05 293.18 293.24 294.773 294.611 294.752 294.904 294.597 294.872 292.188 0.0 0.0 292.68 0.0
2016-06-08 18:28:44.631000 546814.276 292.8 292.82 293.06 293.18 293.24 294.773 294.614 294.753 294.905 294.598 294.871 292.188 0.0 0.0 292.68 0.0
2016-06-08 18:31:06.001000 546955.646 292.81 292.82 293.06 293.19 293.24 294.774 294.614 294.754 294.906 294.598 294.873 292.189 0.0 0.0 292.68 0.0
2016-06-08 18:33:31.007000 547100.652 292.81 292.83 293.06 293.19 293.24 294.774 294.615 294.755 294.907 294.6 294.876 292.191 0.0 0.0 292.68 0.0
2016-06-08 18:35:52.388000 547242.033 292.81 292.83 293.06 293.19 293.24 294.777 294.617 294.757 294.907 294.601 294.876 292.193 0.0 0.0 292.68 0.0
2016-06-08 18:38:17.062000 547386.707 292.81 292.83 293.06 293.19 293.24 294.778 294.618 294.757 294.909 294.602 294.877 292.193 0.0 0.0 292.68 0.0
2016-06-08 18:40:38.133000 547527.778 292.81 292.83 293.06 293.19 293.25 294.779 294.619 294.759 294.91 294.602 294.879 292.195 0.0 0.0 292.68 0.0
2016-06-08 18:43:03.250000 547672.895 292.81 292.83 293.07 293.19 293.25 294.779 294.62 294.758 294.913 294.604 294.881 292.197 0.0 0.0 292.69 0.0
2016-06-08 18:45:24.679000 547814.324 292.81 292.83 293.07 293.19 293.25 294.779 294.621 294.762 294.913 294.606 294.881 292.198 0.0 0.0 292.69 0.0
2016-06-08 18:47:49.779000 547959.424 292.82 292.84 293.07 293.2 293.25 294.783 294.621 294.763 294.914 294.606 294.881 292.201 0.0 0.0 292.69 0.0
2016-06-08 18:50:11.260000 548100.905 292.82 292.84 293.07 293.2 293.25 294.783 294.624 294.764 294.916 294.606 294.884 292.2 0.0 0.0 292.69 0.0
2016-06-08 18:52:36.400000 548246.045 292.82 292.84 293.07 293.2 293.25 294.784 294.625 294.765 294.917 294.607 294.884 292.199 0.0 0.0 292.69 0.0
2016-06-08 18:54:57.879000 548387.524 292.82 292.84 293.08 293.2 293.25 294.784 294.625 294.766 294.918 294.61 294.885 292.201 0.0 0.0 292.69 0.0
2016-06-08 18:57:22.658000 548532.303 292.82 292.84 293.08 293.2 293.25 294.786 294.628 294.766 294.919 294.611 294.886 292.203 0.0 0.0 292.69 0.0
2016-06-08 18:59:43.738000 548673.383 292.82 292.84 293.08 293.2 293.25 294.787 294.628 294.769 294.92 294.612 294.888 292.205 0.0 0.0 292.69 0.0
2016-06-08 19:02:09.043000 548818.688 292.82 292.84 293.08 293.2 293.26 294.79 294.629 294.77 294.921 294.613 294.889 292.207 0.0 0.0 292.69 0.0
2016-06-08 19:04:30.629000 548960.274 292.82 292.84 293.08 293.21 293.26 294.792 294.632 294.771 294.923 294.613 294.89 292.207 0.0 0.0 292.7 0.0
2016-06-08 19:06:55.874000 549105.519 292.82 292.85 293.08 293.21 293.26 294.791 294.633 294.772 294.924 294.615 294.891 292.209 0.0 0.0 292.7 0.0
2016-06-08 19:09:17.472000 549247.117 292.83 292.85 293.09 293.21 293.26 294.793 294.634 294.773 294.926 294.615 294.894 292.21 0.0 0.0 292.7 0.0
2016-06-08 19:11:42.772000 549392.417 292.83 292.85 293.08 293.21 293.26 294.794 294.636 294.775 294.927 294.619 294.893 292.211 0.0 0.0 292.7 0.0
2016-06-08 19:14:04.280000 549533.925 292.83 292.85 293.09 293.21 293.26 294.795 294.636 294.776 294.927 294.618 294.894 292.211 0.0 0.0 292.7 0.0
2016-06-08 19:16:29.991000 549679.636 292.83 292.85 293.09 293.21 293.26 294.796 294.637 294.777 294.929 294.619 294.897 292.212 0.0 0.0 292.7 0.0
2016-06-08 19:18:51.841000 549821.486 292.83 292.85 293.09 293.21 293.27 294.796 294.638 294.779 294.93 294.62 294.896 292.214 0.0 0.0 292.7 0.0
2016-06-08 19:21:17.557000 549967.202 292.83 292.85 293.09 293.22 293.27 294.799 294.641 294.779 294.932 294.621 294.899 292.217 0.0 0.0 292.7 0.0
2016-06-08 19:23:38.815000 550108.46 292.83 292.86 293.09 293.22 293.27 294.799 294.641 294.78 294.934 294.622 294.9 292.215 0.0 0.0 292.71 0.0
2016-06-08 19:26:04.605000 550254.25 292.83 292.86 293.09 293.22 293.27 294.801 294.641 294.782 294.934 294.623 294.9 292.218 0.0 0.0 292.71 0.0
2016-06-08 19:28:25.916000 550395.561 292.84 292.86 293.09 293.22 293.27 294.804 294.644 294.782 294.935 294.626 294.903 292.22 0.0 0.0 292.71 0.0
2016-06-08 19:30:51.707000 550541.352 292.84 292.86 293.09 293.22 293.27 294.804 294.644 294.785 294.936 294.626 294.902 292.219 0.0 0.0 292.71 0.0
2016-06-08 19:33:13.019000 550682.664 292.84 292.86 293.1 293.22 293.27 294.806 294.646 294.786 294.938 294.628 294.904 292.222 0.0 0.0 292.71 0.0
2016-06-08 19:35:38.895000 550828.54 292.84 292.86 293.1 293.22 293.27 294.805 294.649 294.786 294.939 294.63 294.906 292.223 0.0 0.0 292.71 0.0
2016-06-08 19:38:00.652000 550970.297 292.84 292.86 293.1 293.22 293.28 294.808 294.649 294.788 294.939 294.63 294.906 292.224 0.0 0.0 292.71 0.0
2016-06-08 19:40:26.098000 551115.743 292.84 292.86 293.1 293.22 293.28 294.81 294.65 294.789 294.942 294.631 294.909 292.225 0.0 0.0 292.71 0.0
2016-06-08 19:42:47.876000 551257.521 292.84 292.86 293.1 293.22 293.28 294.809 294.651 294.79 294.941 294.633 294.91 292.227 0.0 0.0 292.72 0.0
2016-06-08 19:45:13.126000 551402.771 292.85 292.86 293.1 293.22 293.28 294.811 294.652 294.792 294.945 294.634 294.91 292.227 0.0 0.0 292.72 0.0
2016-06-08 19:47:34.515000 551544.16 292.85 292.86 293.1 293.22 293.28 294.813 294.654 294.792 294.945 294.635 294.912 292.229 0.0 0.0 292.72 0.0
2016-06-08 19:50:00.076000 551689.721 292.85 292.86 293.1 293.22 293.28 294.813 294.654 294.793 294.946 294.637 294.913 292.23 0.0 0.0 292.72 0.0
2016-06-08 19:52:21.876000 551831.521 292.85 292.87 293.1 293.22 293.28 294.815 294.654 294.795 294.947 294.637 294.913 292.231 0.0 0.0 292.72 0.0
2016-06-08 19:54:47.486000 551977.131 292.85 292.87 293.1 293.23 293.28 294.817 294.655 294.795 294.948 294.638 294.915 292.232 0.0 0.0 292.72 0.0
2016-06-08 19:57:09.465000 552119.11 292.85 292.87 293.1 293.23 293.29 294.817 294.659 294.796 294.95 294.64 294.918 292.234 0.0 0.0 292.72 0.0
2016-06-08 19:59:35.167000 552264.812 292.85 292.87 293.1 293.23 293.29 294.817 294.659 294.798 294.95 294.64 294.918 292.234 0.0 0.0 292.72 0.0
2016-06-08 20:01:56.685000 552406.33 292.85 292.87 293.11 293.23 293.29 294.818 294.66 294.798 294.953 294.641 294.918 292.236 0.0 0.0 292.72 0.0
2016-06-08 20:04:21.926000 552551.571 292.85 292.87 293.1 293.23 293.29 294.82 294.662 294.8 294.953 294.644 294.92 292.237 0.0 0.0 292.73 0.0
2016-06-08 20:06:43.946000 552693.591 292.85 292.87 293.11 293.23 293.29 294.823 294.663 294.801 294.953 294.644 294.919 292.239 0.0 0.0 292.73 0.0
2016-06-08 20:09:09.306000 552838.951 292.86 292.87 293.11 293.23 293.29 294.822 294.663 294.802 294.955 294.646 294.922 292.239 0.0 0.0 292.73 0.0
2016-06-08 20:11:31.204000 552980.849 292.85 292.87 293.11 293.23 293.29 294.823 294.662 294.803 294.956 294.646 294.923 292.24 0.0 0.0 292.73 0.0
2016-06-08 20:13:56.944000 553126.589 292.86 292.87 293.11 293.23 293.29 294.824 294.665 294.804 294.956 294.647 294.923 292.241 0.0 0.0 292.73 0.0
2016-06-08 20:16:18.544000 553268.189 292.86 292.87 293.11 293.23 293.29 294.826 294.666 294.807 294.957 294.648 294.925 292.243 0.0 0.0 292.73 0.0
2016-06-08 20:18:44.312000 553413.957 292.86 292.87 293.11 293.23 293.29 294.828 294.667 294.807 294.959 294.649 294.927 292.244 0.0 0.0 292.73 0.0
2016-06-08 20:21:05.961000 553555.606 292.86 292.87 293.11 293.23 293.3 294.831 294.669 294.809 294.959 294.649 294.927 292.245 0.0 0.0 292.73 0.0
2016-06-08 20:23:31.771000 553701.416 292.86 292.87 293.11 293.23 293.3 294.828 294.67 294.81 294.961 294.652 294.928 292.245 0.0 0.0 292.73 0.0
2016-06-08 20:25:53.761000 553843.406 292.86 292.87 293.11 293.23 293.3 294.83 294.67 294.809 294.962 294.652 294.928 292.247 0.0 0.0 292.73 0.0
2016-06-08 20:28:19.241000 553988.886 292.86 292.87 293.11 293.23 293.3 294.832 294.672 294.811 294.963 294.654 294.929 292.247 0.0 0.0 292.74 0.0
2016-06-08 20:30:41.290000 554130.935 292.87 292.87 293.11 293.23 293.3 294.832 294.673 294.812 294.964 294.654 294.93 292.247 0.0 0.0 292.74 0.0
2016-06-08 20:33:07.140000 554276.785 292.87 292.87 293.11 293.23 293.3 294.833 294.673 294.813 294.965 294.655 294.932 292.251 0.0 0.0 292.74 0.0
2016-06-08 20:35:28.906000 554418.551 292.87 292.87 293.11 293.23 293.3 294.836 294.675 294.814 294.968 294.657 294.933 292.25 0.0 0.0 292.74 0.0
2016-06-08 20:37:54.755000 554564.4 292.87 292.87 293.11 293.23 293.3 294.834 294.674 294.815 294.968 294.657 294.934 292.252 0.0 0.0 292.74 0.0
2016-06-08 20:40:16.505000 554706.15 292.87 292.87 293.11 293.23 293.3 294.838 294.677 294.817 294.968 294.659 294.935 292.254 0.0 0.0 292.74 0.0
2016-06-08 20:42:42.505000 554852.15 292.87 292.87 293.11 293.23 293.31 294.837 294.678 294.816 294.97 294.66 294.935 292.252 0.0 0.0 292.74 0.0
2016-06-08 20:45:04.694000 554994.339 292.87 292.87 293.11 293.23 293.31 294.838 294.678 294.818 294.971 294.66 294.938 292.253 0.0 0.0 292.74 0.0
2016-06-08 20:47:30.314000 555139.959 292.87 292.87 293.11 293.23 293.31 294.839 294.68 294.82 294.971 294.661 294.939 292.254 0.0 0.0 292.74 0.0
2016-06-08 20:49:52.555000 555282.2 292.87 292.87 293.11 293.23 293.31 294.841 294.682 294.819 294.972 294.662 294.94 292.258 0.0 0.0 292.75 0.0
2016-06-08 20:52:18.545000 555428.19 292.87 292.87 293.11 293.23 293.31 294.841 294.682 294.82 294.973 294.665 294.941 292.257 0.0 0.0 292.75 0.0
2016-06-08 20:54:40.334000 555569.979 292.88 292.87 293.11 293.23 293.31 294.842 294.683 294.821 294.975 294.665 294.942 292.259 0.0 0.0 292.75 0.0
2016-06-08 20:57:06.324000 555715.969 292.88 292.87 293.11 293.23 293.31 294.845 294.683 294.824 294.974 294.666 294.942 292.258 0.0 0.0 292.75 0.0
2016-06-08 20:59:28.281000 555857.926 292.88 292.87 293.11 293.23 293.31 294.846 294.684 294.824 294.976 294.665 294.942 292.259 0.0 0.0 292.75 0.0
2016-06-08 21:01:54.304000 556003.949 292.88 292.87 293.1 293.23 293.31 294.846 294.686 294.824 294.976 294.667 294.944 292.262 0.0 0.0 292.75 0.0
2016-06-08 21:04:16.534000 556146.179 292.88 292.87 293.1 293.23 293.31 294.848 294.687 294.825 294.976 294.668 294.945 292.26 0.0 0.0 292.75 0.0
2016-06-08 21:06:42.680000 556292.325 292.88 292.87 293.1 293.23 293.31 294.848 294.687 294.826 294.979 294.67 294.945 292.261 0.0 0.0 292.75 0.0
2016-06-08 21:09:04.618000 556434.263 292.88 292.87 293.1 293.23 293.31 294.85 294.688 294.826 294.979 294.67 294.946 292.263 0.0 0.0 292.75 0.0
2016-06-08 21:11:31.058000 556580.703 292.88 292.87 293.1 293.23 293.31 294.851 294.69 294.827 294.98 294.671 294.946 292.264 0.0 0.0 292.75 0.0
2016-06-08 21:13:53.049000 556722.694 292.88 292.87 293.1 293.22 293.32 294.852 294.691 294.828 294.981 294.672 294.946 292.265 0.0 0.0 292.75 0.0
2016-06-08 21:16:19.559000 556869.204 292.88 292.87 293.1 293.23 293.32 294.853 294.69 294.829 294.982 294.672 294.949 292.266 0.0 0.0 292.75 0.0
2016-06-08 21:18:41.588000 557011.233 292.88 292.87 293.1 293.23 293.32 294.853 294.693 294.829 294.982 294.673 294.949 292.265 0.0 0.0 292.76 0.0
2016-06-08 21:21:08.178000 557157.823 292.88 292.87 293.1 293.22 293.32 294.855 294.692 294.831 294.985 294.674 294.951 292.266 0.0 0.0 292.76 0.0
2016-06-08 21:23:30.209000 557299.854 292.89 292.87 293.1 293.22 293.32 294.856 294.694 294.832 294.984 294.674 294.951 292.269 0.0 0.0 292.76 0.0
2016-06-08 21:25:56.511000 557446.156 292.89 292.87 293.1 293.22 293.32 294.856 294.693 294.834 294.986 294.675 294.951 292.268 0.0 0.0 292.76 0.0
2016-06-08 21:28:18.580000 557588.225 292.89 292.87 293.1 293.22 293.32 294.856 294.695 294.833 294.985 294.677 294.952 292.268 0.0 0.0 292.76 0.0
2016-06-08 21:30:44.689000 557734.334 292.89 292.86 293.1 293.22 293.32 294.857 294.697 294.833 294.986 294.676 294.953 292.269 0.0 0.0 292.76 0.0
2016-06-08 21:33:07.209000 557876.854 292.89 292.86 293.09 293.22 293.32 294.858 294.696 294.834 294.986 294.678 294.954 292.269 0.0 0.0 292.76 0.0
2016-06-08 21:35:33.577000 558023.222 292.89 292.86 293.09 293.22 293.32 294.859 294.698 294.835 294.988 294.679 294.953 292.272 0.0 0.0 292.76 0.0
2016-06-08 21:37:56.116000 558165.761 292.89 292.86 293.09 293.22 293.32 294.86 294.698 294.836 294.988 294.679 294.955 292.271 0.0 0.0 292.76 0.0
2016-06-08 21:40:22.425000 558312.07 292.89 292.86 293.09 293.22 293.32 294.861 294.698 294.836 294.989 294.68 294.956 292.272 0.0 0.0 292.76 0.0
2016-06-08 21:42:44.996000 558454.641 292.89 292.86 293.09 293.22 293.32 294.861 294.7 294.838 294.99 294.681 294.956 292.272 0.0 0.0 292.76 0.0
2016-06-08 21:45:11.353000 558600.998 292.89 292.86 293.09 293.22 293.33 294.862 294.7 294.839 294.99 294.682 294.957 292.273 0.0 0.0 292.76 0.0
2016-06-08 21:47:33.962000 558743.607 292.89 292.86 293.09 293.21 293.33 294.864 294.699 294.838 294.99 294.684 294.955 292.275 0.0 0.0 292.76 0.0
2016-06-08 21:50:00.262000 558889.907 292.89 292.86 293.09 293.21 293.33 294.864 294.702 294.839 294.99 294.683 294.958 292.276 0.0 0.0 292.76 0.0
2016-06-08 21:52:22.847000 559032.492 292.89 292.86 293.09 293.21 293.33 294.864 294.701 294.84 294.99 294.683 294.958 292.274 0.0 0.0 292.76 0.0
2016-06-08 21:54:48.487000 559178.132 292.89 292.85 293.08 293.21 293.33 294.867 294.702 294.84 294.992 294.683 294.959 292.276 0.0 0.0 292.76 0.0
2016-06-08 21:57:11.526000 559321.171 292.89 292.86 293.08 293.21 293.33 294.867 294.702 294.841 294.993 294.685 294.96 292.276 0.0 0.0 292.77 0.0
2016-06-08 21:59:37.556000 559467.201 292.9 292.85 293.08 293.21 293.33 294.867 294.703 294.84 294.994 294.685 294.959 292.276 0.0 0.0 292.77 0.0
2016-06-08 22:01:59.886000 559609.531 292.9 292.85 293.08 293.21 293.33 294.867 294.704 294.842 294.993 294.686 294.961 292.276 0.0 0.0 292.77 0.0
2016-06-08 22:04:26.343000 559755.988 292.9 292.85 293.08 293.21 293.33 294.868 294.704 294.841 294.993 294.686 294.961 292.276 0.0 0.0 292.77 0.0
2016-06-08 22:06:49.076000 559898.721 292.9 292.85 293.08 293.21 293.33 294.868 294.706 294.842 294.993 294.687 294.961 292.277 0.0 0.0 292.77 0.0
2016-06-08 22:09:15.451000 560045.096 292.9 292.85 293.08 293.2 293.33 294.87 294.705 294.842 294.995 294.686 294.962 292.277 0.0 0.0 292.77 0.0
2016-06-08 22:11:37.833000 560187.478 292.9 292.85 293.08 293.21 293.33 294.87 294.706 294.842 294.995 294.689 294.963 292.277 0.0 0.0 292.77 0.0
2016-06-08 22:14:04.283000 560333.928 292.9 292.85 293.07 293.2 293.33 294.871 294.707 294.843 294.995 294.69 294.963 292.278 0.0 0.0 292.77 0.0
2016-06-08 22:16:27.012000 560476.657 292.9 292.85 293.07 293.2 293.33 294.873 294.706 294.844 294.997 294.688 294.964 292.279 0.0 0.0 292.77 0.0
2016-06-08 22:18:53.602000 560623.247 292.9 292.85 293.07 293.2 293.33 294.872 294.707 294.843 294.997 294.69 294.963 292.279 0.0 0.0 292.77 0.0
2016-06-08 22:21:15.932000 560765.577 292.9 292.85 293.07 293.2 293.33 294.873 294.708 294.844 294.996 294.689 294.964 292.279 0.0 0.0 292.77 0.0
2016-06-08 22:23:42.544000 560912.189 292.9 292.84 293.07 293.2 293.33 294.874 294.708 294.845 294.997 294.69 294.964 292.28 0.0 0.0 292.77 0.0
2016-06-08 22:26:05.421000 561055.066 292.9 292.84 293.07 293.2 293.33 294.874 294.708 294.846 294.998 294.692 294.965 292.28 0.0 0.0 292.77 0.0
2016-06-08 22:28:32.022000 561201.667 292.9 292.84 293.07 293.2 293.33 294.875 294.708 294.845 294.997 294.692 294.965 292.281 0.0 0.0 292.77 0.0
2016-06-08 22:30:54.491000 561344.136 292.9 292.84 293.07 293.2 293.33 294.875 294.71 294.846 294.998 294.693 294.965 292.281 0.0 0.0 292.77 0.0
2016-06-08 22:33:21.122000 561490.767 292.9 292.84 293.07 293.2 293.33 294.875 294.711 294.846 294.999 294.693 294.967 292.281 0.0 0.0 292.77 0.0
2016-06-08 22:35:44.045000 561633.69 292.9 292.84 293.07 293.2 293.34 294.876 294.712 294.847 294.997 294.692 294.967 292.281 0.0 0.0 292.77 0.0
2016-06-08 22:38:10.782000 561780.427 292.9 292.84 293.07 293.2 293.33 294.876 294.711 294.846 294.999 294.693 294.966 292.281 0.0 0.0 292.77 0.0
2016-06-08 22:40:33.311000 561922.956 292.9 292.84 293.07 293.2 293.33 294.877 294.711 294.847 294.999 294.694 294.967 292.281 0.0 0.0 292.77 0.0
2016-06-08 22:42:59.982000 562069.627 292.9 292.84 293.07 293.2 293.33 294.877 294.712 294.847 295.0 294.694 294.968 292.282 0.0 0.0 292.77 0.0
2016-06-08 22:45:22.965000 562212.61 292.9 292.84 293.07 293.2 293.34 294.878 294.713 294.848 295.0 294.696 294.968 292.283 0.0 0.0 292.77 0.0
2016-06-08 22:47:49.755000 562359.4 292.9 292.84 293.07 293.2 293.34 294.878 294.712 294.848 295.0 294.695 294.968 292.284 0.0 0.0 292.77 0.0
2016-06-08 22:50:12.394000 562502.039 292.9 292.84 293.07 293.2 293.34 294.88 294.713 294.849 295.001 294.696 294.969 292.284 0.0 0.0 292.77 0.0
2016-06-08 22:52:39.144000 562648.789 292.9 292.84 293.07 293.19 293.34 294.879 294.714 294.849 295.0 294.696 294.969 292.284 0.0 0.0 292.77 0.0
2016-06-08 22:55:02.173000 562791.818 292.9 292.84 293.06 293.2 293.34 294.879 294.713 294.848 295.001 294.697 294.97 292.283 0.0 0.0 292.77 0.0
2016-06-08 22:57:29.012000 562938.657 292.9 292.84 293.06 293.2 293.34 294.881 294.713 294.849 295.001 294.697 294.969 292.285 0.0 0.0 292.77 0.0
2016-06-08 22:59:51.673000 563081.318 292.9 292.84 293.06 293.2 293.34 294.88 294.713 294.85 295.001 294.697 294.971 292.285 0.0 0.0 292.78 0.0
2016-06-08 23:02:19.042000 563228.687 292.9 292.84 293.06 293.2 293.34 294.88 294.714 294.851 295.003 294.698 294.969 292.285 0.0 0.0 292.77 0.0
2016-06-08 23:04:41.722000 563371.367 292.9 292.84 293.06 293.19 293.34 294.881 294.714 294.849 295.001 294.698 294.971 292.284 0.0 0.0 292.77 0.0
2016-06-08 23:07:09.006000 563518.651 292.9 292.84 293.06 293.2 293.34 294.881 294.714 294.851 295.002 294.698 294.972 292.285 0.0 0.0 292.77 0.0
2016-06-08 23:09:31.635000 563661.28 292.9 292.84 293.06 293.19 293.34 294.882 294.714 294.851 295.004 294.699 294.972 292.286 0.0 0.0 292.77 0.0
2016-06-08 23:11:58.988000 563808.633 292.9 292.84 293.06 293.19 293.34 294.881 294.715 294.851 295.004 294.7 294.971 292.285 0.0 0.0 292.78 0.0
2016-06-08 23:14:21.847000 563951.492 292.9 292.84 293.06 293.2 293.34 294.883 294.716 294.852 295.003 294.7 294.972 292.286 0.0 0.0 292.78 0.0
2016-06-08 23:16:48.456000 564098.101 292.91 292.84 293.06 293.2 293.34 294.883 294.716 294.852 295.003 294.7 294.971 292.288 0.0 0.0 292.78 0.0
2016-06-08 23:19:11.348000 564240.993 292.91 292.84 293.06 293.2 293.34 294.884 294.716 294.852 295.005 294.7 294.972 292.287 0.0 0.0 292.78 0.0
2016-06-08 23:21:38.499000 564388.144 292.9 292.84 293.06 293.2 293.34 294.883 294.716 294.853 295.004 294.701 294.972 292.286 0.0 0.0 292.78 0.0
2016-06-08 23:24:01.159000 564530.804 292.91 292.84 293.06 293.2 293.34 294.886 294.717 294.852 295.005 294.7 294.973 292.288 0.0 0.0 292.78 0.0
2016-06-08 23:26:28.200000 564677.845 292.91 292.84 293.06 293.2 293.34 294.884 294.717 294.854 295.003 294.7 294.973 292.287 0.0 0.0 292.78 0.0
2016-06-08 23:28:51.499000 564821.144 292.91 292.84 293.06 293.2 293.34 294.886 294.718 294.853 295.006 294.702 294.974 292.288 0.0 0.0 292.78 0.0
2016-06-08 23:31:18.240000 564967.885 292.91 292.84 293.06 293.2 293.34 294.884 294.718 294.854 295.006 294.702 294.973 292.286 0.0 0.0 292.78 0.0
2016-06-08 23:33:41.174000 565110.819 292.91 292.84 293.06 293.2 293.34 294.887 294.718 294.855 295.005 294.703 294.975 292.289 0.0 0.0 292.78 0.0
2016-06-08 23:36:08.257000 565257.902 292.91 292.84 293.06 293.2 293.34 294.886 294.718 294.855 295.006 294.703 294.973 292.284 0.0 0.0 292.78 0.0
2016-06-08 23:38:31.577000 565401.222 292.91 292.84 293.06 293.2 293.34 294.887 294.718 294.854 295.005 294.704 294.973 292.289 0.0 0.0 292.78 0.0
2016-06-08 23:40:58.787000 565548.432 292.91 292.84 293.06 293.2 293.34 294.888 294.719 294.854 295.007 294.702 294.974 292.289 0.0 0.0 292.78 0.0
2016-06-08 23:43:22.098000 565691.743 292.91 292.84 293.06 293.2 293.34 294.888 294.719 294.854 295.005 294.703 294.976 292.29 0.0 0.0 292.78 0.0
2016-06-08 23:45:48.829000 565838.474 292.91 292.84 293.07 293.2 293.34 294.887 294.719 294.854 295.006 294.705 294.976 292.29 0.0 0.0 292.78 0.0
2016-06-08 23:48:12.198000 565981.843 292.91 292.84 293.06 293.2 293.34 294.888 294.722 294.856 295.008 294.704 294.976 292.29 0.0 0.0 292.78 0.0
2016-06-08 23:50:39.049000 566128.694 292.91 292.84 293.06 293.2 293.34 294.888 294.719 294.856 295.008 294.705 294.976 292.29 0.0 0.0 292.78 0.0
2016-06-08 23:53:02.438000 566272.083 292.91 292.84 293.06 293.2 293.34 294.888 294.72 294.856 295.009 294.705 294.976 292.289 0.0 0.0 292.78 0.0
2016-06-08 23:55:29.712000 566419.357 292.91 292.84 293.06 293.2 293.34 294.89 294.721 294.856 295.009 294.705 294.976 292.29 0.0 0.0 292.78 0.0
2016-06-08 23:57:53.155000 566562.8 292.91 292.84 293.06 293.2 293.34 294.889 294.72 294.856 295.009 294.707 294.976 292.291 0.0 0.0 292.78 0.0
