#Human readable time. Time (s) since start. Lakeshore temperature sensor 218 T1,3,5,6,8 and 224 C2,C3,C4,C5,D2,D3,D5,A,B
2016-08-30 15:11:36.598000 0.0 3.723 49.319 33.66 51.549 4.703 50.4925 50.1157 4.8694 5.4283 25.3066 17.0563 4.7243 4.622 4.3252 8.265 -1 25.3066
2016-08-30 15:12:37.463000 60.865 3.465 49.317 33.868 51.548 4.701 50.457 49.9043 4.8627 5.4212 24.0857 17.0426 4.7222 4.6209 4.3232 8.263 8.21304425022 24.0857
2016-08-30 15:13:37.883000 121.285 3.542 49.314 34.21 51.546 4.698 50.4293 49.7056 4.8564 5.4135 21.5172 17.0292 4.7199 4.6222 4.3206 8.262 7.99010517368 21.5172
2016-08-30 15:14:38.475000 181.877 3.708 49.31 33.854 51.539 4.698 50.4067 49.5025 13.554 5.4063 22.1453 17.0165 4.7205 4.6244 4.3176 8.26 7.91097852082 22.1453
2016-08-30 15:15:39.048000 242.45 3.94 49.308 33.413 51.538 5.787 49.7609 49.378 16.2953 5.7943 23.4432 17.0581 5.9825 4.7788 4.4823 8.554 8.39245374829 23.4432
2016-08-30 15:16:39.601000 303.003 4.437 49.301 33.534 51.532 7.177 47.7917 49.2994 18.0964 6.8031 23.989 17.1535 7.4597 5.0344 4.6989 9.369 7.7527252151 23.989
2016-08-30 15:17:40.203000 363.605 4.843 49.311 34.329 51.54 8.116 45.0224 49.2654 19.3734 7.7691 24.4004 17.2662 8.4144 5.2315 4.6913 10.148 8.43730612281 24.4004
2016-08-30 15:18:40.856000 424.258 5.601 49.359 34.74 51.584 8.439 42.4479 49.0814 20.2866 8.3784 24.6472 17.35 8.7393 5.2144 4.6361 10.61 7.87141519439 24.6472
2016-08-30 15:19:41.503000 484.905 5.15 49.435 34.194 51.649 8.497 40.1945 48.8752 20.95 8.7065 24.8195 17.4185 8.786 5.1542 4.5693 10.84 8.07848712666 24.8195
2016-08-30 15:20:42.250000 545.652 5.028 49.518 34.572 51.722 8.437 38.1223 48.665 21.3605 8.8566 24.9493 17.4742 8.7041 5.0817 4.4946 10.907 8.21304425022 24.9493
2016-08-30 15:21:42.958000 606.36 5.501 49.589 34.752 51.788 8.32 36.1965 48.4424 21.6444 8.8916 25.0843 17.5193 8.56 4.9988 4.4069 10.881 8.1681918757 25.0843
2016-08-30 15:22:43.694000 667.096 5.248 49.652 34.342 51.848 8.171 34.3439 48.2317 21.8326 8.8506 25.223 17.553 8.3925 4.9043 4.3051 10.802 8.63178418265 25.223
2016-08-30 15:23:44.543000 727.945 4.924 49.706 35.039 51.898 8.004 32.5178 48.0069 21.9384 8.7562 25.3332 17.5778 8.2139 4.7932 4.1904 10.693 8.03363475214 25.3332
2016-08-30 15:24:45.435000 788.837 4.976 49.754 34.33 51.946 7.826 30.4053 47.7744 21.9835 8.6294 25.4212 17.5941 8.0268 4.6653 4.0654 10.568 8.43730612281 25.4212
2016-08-30 15:25:46.385000 849.787 4.814 49.797 34.591 51.99 7.645 28.3344 47.5344 21.9838 8.4762 25.4907 17.603 7.8341 4.5429 3.9356 10.439 7.95054184725 25.4907
2016-08-30 15:26:47.326000 910.728 5.065 49.832 34.688 52.024 7.464 26.4786 47.3005 21.9527 8.3094 25.545 17.6056 7.6408 4.4016 3.8007 10.313 8.34760137377 25.545
2016-08-30 15:27:48.319000 971.721 4.505 49.863 34.684 52.055 7.297 24.739 47.0568 21.8974 8.1316 25.5865 17.6023 7.4542 4.2483 3.6619 10.187 8.1681918757 25.5865
2016-08-30 15:28:49.330000 1032.732 4.498 49.889 34.613 52.08 7.132 23.3136 46.794 21.8266 7.9498 25.6161 17.5945 7.2795 4.0937 3.5202 10.062 8.21304425022 25.6161
2016-08-30 15:29:50.378000 1093.78 4.646 49.912 34.935 52.103 6.97 22.0779 46.5439 21.7475 7.7667 25.639 17.5819 7.1088 3.9314 3.3806 9.939 8.34760137377 25.639
2016-08-30 15:30:51.478000 1154.88 4.317 49.93 34.39 52.125 6.819 21.0806 46.2762 21.6637 7.589 25.6518 17.566 6.9493 3.7651 3.2421 9.821 8.12333950118 25.6518
2016-08-30 15:31:52.636000 1216.038 4.53 49.948 34.824 52.144 6.682 20.1688 45.9913 21.5816 7.4187 25.6592 17.5476 6.8032 3.5741 3.1072 9.711 8.03363475214 25.6592
2016-08-30 15:32:53.816000 1277.218 4.206 49.962 34.377 52.156 6.554 19.3628 45.6694 21.5009 7.2592 25.6605 17.5269 6.6691 3.3625 2.9863 9.61 7.87141519439 25.6605
2016-08-30 15:33:54.887000 1338.289 4.324 49.969 34.169 52.167 6.437 18.6284 45.3296 21.4237 7.1104 25.6578 17.5047 6.5455 3.1639 2.874 9.516 8.25789662474 25.6578
2016-08-30 15:34:56.008000 1399.41 4.129 49.975 34.89 52.174 6.325 17.9475 44.991 21.3519 6.9707 25.65 17.481 6.4267 3.0418 2.7656 9.435 7.91097852082 25.65
2016-08-30 15:35:57.174000 1460.576 4.17 49.979 34.092 52.178 6.214 17.3092 44.6575 21.2849 6.8409 25.642 17.4565 6.3183 2.9543 2.6679 9.362 7.91097852082 25.642
2016-08-30 15:36:58.373000 1521.775 4.369 49.975 34.379 52.178 6.13 16.7165 44.3024 21.2233 6.7229 25.6312 17.4311 6.2208 2.8641 2.5801 9.295 8.1681918757 25.6312
2016-08-30 15:37:59.609000 1583.011 3.937 49.974 34.6 52.18 6.043 16.1576 43.9566 21.1666 6.6139 25.6193 17.4052 6.1288 2.7754 2.4968 9.232 7.7527252151 25.6193
2016-08-30 15:39:00.910000 1644.312 3.943 49.969 34.224 52.176 5.962 15.6359 43.6114 21.1145 6.5145 25.6043 17.3791 6.0439 2.6892 2.4182 9.174 8.03363475214 25.6043
2016-08-30 15:40:02.290000 1705.692 4.114 49.965 34.729 52.173 5.887 15.1464 43.2633 21.0672 6.4224 25.59 17.3528 5.9648 2.6087 2.3367 9.12 7.67359856223 25.59
2016-08-30 15:41:03.709000 1767.111 3.858 49.958 34.677 52.169 5.598 14.6949 42.9216 21.0236 6.3373 25.5735 17.3264 5.8914 2.5294 2.2737 9.07 8.07848712666 25.5735
2016-08-30 15:42:05.117000 1828.519 3.828 49.95 34.287 52.162 5.75 14.2515 42.6139 20.9809 6.2585 25.5566 17.2984 5.8195 2.4727 2.2291 9.022 7.91097852082 25.5566
2016-08-30 15:43:06.562000 1889.964 3.874 49.942 33.922 52.155 5.689 13.898 42.2993 20.9381 6.1825 25.5378 17.2737 5.7579 2.4216 2.3723 8.975 7.87141519439 25.5378
2016-08-30 15:44:08.021000 1951.423 4.113 49.929 34.153 52.147 5.608 13.3206 42.2564 20.894 6.1085 25.5193 17.2475 5.6685 2.4977 2.6032 8.927 7.91097852082 25.5193
2016-08-30 15:45:09.608000 2013.01 3.977 49.922 34.497 52.137 5.515 12.6217 42.411 20.8463 6.0212 25.5078 17.2202 5.5686 2.6631 4.5246 8.868 8.21304425022 25.5078
2016-08-30 15:46:11.308000 2074.71 4.023 49.907 34.633 52.127 5.458 11.7657 44.2987 20.7997 5.9486 25.4981 17.1952 5.5111 2.881 6.0035 8.819 7.79228854153 25.4981
2016-08-30 15:47:13.030000 2136.432 3.895 49.895 34.527 52.114 5.38 10.9056 46.7252 20.7514 5.8964 25.4918 17.1687 5.4277 3.0438 6.6285 8.769 7.99010517368 25.4918
2016-08-30 15:48:14.743000 2198.145 3.665 49.879 34.533 52.1 5.295 10.0735 48.962 20.7064 5.8584 25.4853 17.1426 5.3386 3.1714 6.8125 8.713 7.67359856223 25.4853
2016-08-30 15:49:16.465000 2259.867 3.751 49.864 34.551 52.09 5.209 9.27 51.0598 20.6639 5.8368 25.4772 17.1172 5.2467 3.3636 6.7705 8.654 8.30274899925 25.4772
2016-08-30 15:50:18.150000 2321.552 3.584 49.845 34.348 52.075 5.125 8.5252 53.0534 20.6265 5.8311 25.4736 17.0931 5.1624 3.6451 6.5796 8.597 7.71316188867 25.4736
2016-08-30 15:51:19.959000 2383.361 3.604 49.828 34.49 52.059 5.041 7.8451 54.683 20.5934 5.8392 25.468 17.0696 5.0729 3.9475 6.3322 8.543 7.91097852082 25.468
2016-08-30 15:52:21.723000 2445.125 3.537 49.809 34.125 52.04 4.968 7.2179 55.5996 20.5627 5.8293 25.4617 17.046 4.9961 4.268 6.1264 8.491 8.21304425022 25.4617
2016-08-30 15:53:23.530000 2506.932 3.53 49.79 34.401 52.023 4.905 6.6429 56.3811 20.5358 5.8081 25.4508 17.0226 4.9319 4.6055 5.9661 8.45 7.71316188867 25.4508
2016-08-30 15:54:25.390000 2568.792 3.583 49.773 34.444 52.007 4.852 6.1584 57.104 20.5107 5.7852 25.4398 17.0003 4.8761 4.9604 5.8455 8.415 8.07848712666 25.4398
2016-08-30 15:55:27.235000 2630.637 3.49 49.754 34.274 51.989 4.818 5.7764 57.8124 20.4908 5.7678 25.4265 16.98 4.8418 5.1727 5.7969 8.387 7.6340352358 25.4265
2016-08-30 15:56:29.130000 2692.532 3.521 49.736 34.387 51.973 4.798 5.4854 58.4701 20.4755 5.763 25.4098 16.9613 4.8216 5.1812 5.7782 8.37 8.39245374829 25.4098
2016-08-30 15:57:31.054000 2754.456 3.631 49.717 34.35 51.954 4.782 5.2712 59.1149 20.4641 5.763 25.3921 16.9435 4.8049 5.1526 5.7512 8.356 8.03363475214 25.3921
2016-08-30 15:58:33.088000 2816.49 3.708 49.698 34.062 51.936 4.765 5.1081 59.7154 20.456 5.764 25.3744 16.9263 4.7857 5.1269 5.7395 8.344 8.1681918757 25.3744
2016-08-30 15:59:35.115000 2878.517 3.735 49.678 33.845 51.918 4.748 4.9828 59.9908 19.6719 5.7539 25.3506 16.9087 4.7688 5.1142 5.7163 8.333 7.55490858294 25.3506
