2016-03-10 00:01:12.069000 26131.596 86.365 187.71 60.117 167.11 187.34 201.44 189.32 189.845 190.043 202.012 198.515 185.33 0.0 0.0 183.56 -002.077 KOHM R   

2016-03-10 00:02:24.222000 26203.749 86.238 187.44 60.072 166.94 187.08 201.163 189.054 189.581 189.778 201.756 198.253 185.068 0.0 0.0 183.3 -002.055 KOHM R   

2016-03-10 00:03:36.495000 26276.022 86.119 187.17 60.064 166.78 186.81 200.886 188.787 189.316 189.513 201.502 197.989 184.801 0.0 0.0 183.04 -002.071 KOHM R   

2016-03-10 00:04:48.727000 26348.254 85.998 186.91 60.033 166.62 186.55 200.611 188.522 189.051 189.248 201.249 197.729 184.539 0.0 0.0 182.78 -002.079 KOHM R   

2016-03-10 00:06:01.001000 26420.528 85.882 186.64 60.029 166.45 186.28 200.335 188.252 188.785 188.983 200.994 197.466 184.276 0.0 0.0 182.51 -002.076 KOHM R   

2016-03-10 00:07:13.549000 26493.076 85.76 186.37 60.037 166.29 186.02 200.056 187.988 188.521 188.717 200.74 197.203 184.012 0.0 0.0 182.25 -002.072 KOHM R   

2016-03-10 00:08:25.897000 26565.424 85.626 186.11 60.042 166.13 185.75 199.78 187.721 188.256 188.452 200.486 196.942 183.746 0.0 0.0 181.99 -002.075 KOHM R   

2016-03-10 00:09:38.237000 26637.764 85.499 185.84 60.014 165.97 185.49 199.501 187.454 187.992 188.188 200.232 196.68 183.486 0.0 0.0 181.73 -002.080 KOHM R   

2016-03-10 00:10:50.604000 26710.131 85.367 185.58 59.999 165.81 185.22 199.223 187.189 187.728 187.922 199.978 196.421 183.224 0.0 0.0 181.47 -002.077 KOHM R   

2016-03-10 00:12:03.017000 26782.544 85.234 185.31 59.964 165.65 184.96 198.945 186.925 187.462 187.659 199.723 196.16 182.96 0.0 0.0 181.21 -002.072 KOHM R   

2016-03-10 00:13:15.448000 26854.975 85.099 185.05 59.918 165.48 184.69 198.667 186.66 187.201 187.397 199.465 195.897 182.698 0.0 0.0 180.94 -002.072 KOHM R   

2016-03-10 00:14:27.881000 26927.408 84.969 184.79 59.876 165.33 184.43 198.391 186.396 186.937 187.13 199.208 195.636 182.436 0.0 0.0 180.68 -002.080 KOHM R   

2016-03-10 00:15:40.354000 26999.881 84.844 184.52 59.839 165.16 184.17 198.114 186.131 186.674 186.867 198.955 195.376 182.174 0.0 0.0 180.42 -002.072 KOHM R   

2016-03-10 00:16:53.088000 27072.615 84.723 184.26 59.826 165.01 183.9 197.834 185.867 186.409 186.602 198.698 195.112 181.911 0.0 0.0 180.16 -002.077 KOHM R   

2016-03-10 00:18:05.767000 27145.294 84.596 183.99 59.84 164.85 183.63 197.556 185.601 186.145 186.339 198.444 194.851 181.649 0.0 0.0 179.9 -002.078 KOHM R   

2016-03-10 00:19:18.313000 27217.84 84.465 183.73 59.816 164.69 183.37 197.28 185.337 185.882 186.077 198.188 194.59 181.386 0.0 0.0 179.64 -002.077 KOHM R   

2016-03-10 00:20:30.925000 27290.452 84.33 183.46 59.776 164.53 183.11 197.001 185.073 185.621 185.813 197.934 194.327 181.124 0.0 0.0 179.38 -002.077 KOHM R   

2016-03-10 00:21:43.554000 27363.081 84.195 183.2 59.73 164.37 182.85 196.724 184.806 185.358 185.55 197.679 194.065 180.864 0.0 0.0 179.11 -002.073 KOHM R   

2016-03-10 00:22:56.208000 27435.735 84.056 182.94 59.708 164.21 182.54 196.449 184.541 185.097 185.288 197.424 193.805 180.602 0.0 0.0 178.86 -002.076 KOHM R   

2016-03-10 00:24:08.869000 27508.396 83.926 182.67 59.73 164.05 182.32 196.173 184.274 184.834 185.026 197.17 193.543 180.341 0.0 0.0 178.59 -002.077 KOHM R   

2016-03-10 00:25:21.835000 27581.362 83.787 182.41 59.668 163.89 182.06 195.897 184.009 184.567 184.758 196.913 193.282 180.079 0.0 0.0 178.33 -002.075 KOHM R   

2016-03-10 00:26:34.562000 27654.089 83.655 182.14 59.625 163.74 181.79 195.619 183.745 184.304 184.497 196.661 193.02 179.818 0.0 0.0 178.07 -002.079 KOHM R   

2016-03-10 00:27:47.326000 27726.853 83.534 181.88 59.641 163.58 179.86 195.341 183.478 184.042 184.23 196.407 192.758 179.555 0.0 0.0 177.81 -002.078 KOHM R   

2016-03-10 00:29:00.112000 27799.639 83.402 181.62 59.626 163.42 181.27 195.066 183.214 183.777 183.968 196.153 192.497 179.291 0.0 0.0 177.55 -002.077 KOHM R   

2016-03-10 00:30:12.924000 27872.451 83.263 181.35 59.555 163.27 181.01 194.791 182.95 183.515 183.705 195.9 192.239 179.03 0.0 0.0 177.28 -002.072 KOHM R   

2016-03-10 00:31:25.836000 27945.363 83.133 181.09 59.57 163.11 180.74 194.513 182.684 183.249 183.443 195.647 191.977 178.764 0.0 0.0 177.03 -002.087 KOHM R   

2016-03-10 00:32:38.877000 28018.404 82.994 180.83 59.535 162.95 180.48 194.233 182.421 182.987 183.178 195.393 191.715 178.504 0.0 0.0 176.76 -002.078 KOHM R   

2016-03-10 00:33:51.789000 28091.316 82.87 180.56 59.5 162.8 180.22 193.958 182.156 182.724 182.914 195.138 191.454 178.24 0.0 0.0 176.5 -002.089 KOHM R   

2016-03-10 00:35:04.963000 28164.49 82.743 180.3 59.503 162.64 179.95 193.679 181.891 182.458 182.648 194.882 191.194 177.978 0.0 0.0 176.24 -002.085 KOHM R   

2016-03-10 00:36:17.941000 28237.468 82.612 180.03 59.432 162.49 179.69 193.402 181.626 182.199 182.387 194.627 190.932 177.717 0.0 0.0 175.98 -002.072 KOHM R   

2016-03-10 00:37:25.586000 28305.113 82.503 179.78 59.436 162.35 179.45 193.145 181.381 181.955 182.144 194.39 190.69 177.472 0.0 0.0 175.74 -002.072 KOHM R   

2016-03-10 00:38:33.220000 28372.747 82.38 179.53 59.446 162.2 179.22 192.892 181.137 181.71 181.9 194.156 190.449 177.229 0.0 0.0 175.5 -002.072 KOHM R   

2016-03-10 00:39:40.841000 28440.368 82.258 179.28 59.395 162.06 178.99 192.634 180.892 181.468 181.657 193.919 190.208 176.985 0.0 0.0 175.25 -002.083 KOHM R   

2016-03-10 00:40:48.444000 28507.971 82.14 179.03 59.374 161.92 178.73 192.377 180.649 181.226 181.414 193.682 189.967 176.745 0.0 0.0 175.01 -002.077 KOHM R   

2016-03-10 00:41:56.115000 28575.642 82.021 178.79 59.396 161.78 178.52 192.124 180.403 180.982 181.17 193.445 189.726 176.501 0.0 0.0 174.77 -002.082 KOHM R   

2016-03-10 00:43:04.109000 28643.636 81.895 178.54 59.344 161.63 178.28 191.865 180.157 180.741 180.926 193.208 189.482 176.259 0.0 0.0 174.53 -002.075 KOHM R   

2016-03-10 00:44:11.828000 28711.355 81.786 178.3 59.357 161.49 178.04 191.607 179.913 180.498 180.683 192.974 189.24 176.015 0.0 0.0 174.29 -002.086 KOHM R   

2016-03-10 00:45:19.543000 28779.07 81.674 178.06 59.349 161.35 177.8 191.356 179.668 180.253 180.442 192.738 189.001 175.773 0.0 0.0 174.04 -002.071 KOHM R   

2016-03-10 00:46:27.260000 28846.787 81.56 177.81 59.3 161.21 177.56 191.101 179.423 180.01 180.196 192.504 188.758 175.53 0.0 0.0 173.8 -002.077 KOHM R   

2016-03-10 00:47:34.956000 28914.483 81.446 177.57 59.311 161.07 177.32 190.845 179.175 179.765 179.956 192.268 188.516 175.289 0.0 0.0 173.56 -002.072 KOHM R   

2016-03-10 00:48:42.742000 28982.269 81.325 177.33 59.311 160.93 177.08 190.591 178.932 179.523 179.711 192.031 188.274 175.048 0.0 0.0 173.32 -002.076 KOHM R   

2016-03-10 00:49:50.559000 29050.086 81.209 177.08 59.251 160.79 176.84 190.335 178.687 179.279 179.465 191.796 188.033 174.807 0.0 0.0 173.08 -002.080 KOHM R   

2016-03-10 00:50:58.688000 29118.215 81.094 176.84 59.287 160.65 176.59 190.077 178.442 179.035 179.221 191.559 187.787 174.565 0.0 0.0 172.84 -002.078 KOHM R   

2016-03-10 00:52:06.482000 29186.009 80.971 176.6 59.218 160.51 176.35 189.823 178.198 178.79 178.98 191.324 187.548 174.322 0.0 0.0 172.6 -002.077 KOHM R   

2016-03-10 00:53:14.329000 29253.856 80.858 176.35 59.25 160.37 176.11 189.566 177.953 178.548 178.735 191.089 187.308 174.084 0.0 0.0 172.36 -002.077 KOHM R   

2016-03-10 00:54:22.149000 29321.676 80.743 176.11 59.196 160.24 175.87 189.313 177.709 178.307 178.493 190.856 187.066 173.843 0.0 0.0 172.12 -002.076 KOHM R   

2016-03-10 00:55:29.981000 29389.508 80.636 175.87 59.193 160.1 175.63 189.057 177.463 178.062 178.249 190.622 186.826 173.601 0.0 0.0 171.88 -002.083 KOHM R   

2016-03-10 00:56:37.836000 29457.363 80.52 175.63 59.15 159.96 175.39 188.8 177.219 177.82 178.007 190.384 186.586 173.362 0.0 0.0 171.64 -002.078 KOHM R   

2016-03-10 00:57:45.697000 29525.224 80.418 175.39 59.119 159.82 175.14 188.546 176.979 177.576 177.765 190.149 186.346 173.121 0.0 0.0 171.41 -002.078 KOHM R   

2016-03-10 00:58:53.813000 29593.34 80.297 175.14 59.117 159.68 174.9 188.29 176.733 177.335 177.521 189.912 186.106 172.881 0.0 0.0 171.17 -002.080 KOHM R   

2016-03-10 01:00:01.695000 29661.222 80.188 174.9 59.148 159.54 174.66 188.036 176.49 177.093 177.279 189.676 185.863 172.642 0.0 0.0 170.93 -002.078 KOHM R   

2016-03-10 01:01:09.637000 29729.164 80.061 174.66 59.128 159.41 174.42 187.781 176.246 176.851 177.037 189.441 185.625 172.402 0.0 0.0 170.69 -002.075 KOHM R   

2016-03-10 01:02:17.550000 29797.077 79.951 174.42 59.077 159.27 174.18 187.525 176.002 176.608 176.795 189.204 185.385 172.159 0.0 0.0 170.45 -002.079 KOHM R   

2016-03-10 01:03:25.502000 29865.029 79.839 174.17 59.081 159.13 173.96 187.272 175.756 176.367 176.549 188.97 185.146 171.916 0.0 0.0 170.21 -002.075 KOHM R   

2016-03-10 01:04:33.458000 29932.985 79.726 173.92 59.055 158.99 173.74 187.018 175.512 176.121 176.31 188.732 184.906 171.674 0.0 0.0 169.97 -002.078 KOHM R   

2016-03-10 01:05:41.406000 30000.933 79.61 173.68 59.03 158.86 173.52 186.761 175.264 175.879 176.065 188.498 184.664 171.432 0.0 0.0 169.73 -002.080 KOHM R   

2016-03-10 01:06:49.692000 30069.219 79.499 173.43 59.053 158.72 173.29 186.506 175.02 175.636 175.821 188.261 184.422 171.191 0.0 0.0 169.48 -002.081 KOHM R   

2016-03-10 01:07:57.727000 30137.254 79.384 173.19 58.987 158.59 173.06 186.25 174.775 175.39 175.579 188.028 184.179 170.95 0.0 0.0 169.24 -002.068 KOHM R   

2016-03-10 01:09:05.745000 30205.272 79.269 172.95 59.026 158.45 172.83 185.996 174.528 175.149 175.334 187.792 183.939 170.712 0.0 0.0 169.0 -002.079 KOHM R   

2016-03-10 01:10:13.757000 30273.284 79.153 172.71 58.96 158.32 172.59 185.742 174.285 174.907 175.091 187.558 183.698 170.472 0.0 0.0 168.75 -002.080 KOHM R   

2016-03-10 01:11:21.813000 30341.34 79.035 172.47 58.99 158.18 172.36 185.489 174.038 174.662 174.848 187.321 183.458 170.231 0.0 0.0 168.52 -002.082 KOHM R   

2016-03-10 01:12:29.867000 30409.394 78.919 172.23 58.932 158.05 172.12 185.235 173.795 174.42 174.606 187.087 183.218 169.994 0.0 0.0 168.28 -002.079 KOHM R   

2016-03-10 01:13:38.284000 30477.811 78.802 171.99 58.909 157.91 170.78 184.981 173.551 174.175 174.363 186.85 182.975 169.753 0.0 0.0 168.03 -002.078 KOHM R   

2016-03-10 01:14:46.407000 30545.934 78.699 171.75 58.943 157.78 171.65 184.724 173.305 173.931 174.119 186.616 182.734 169.513 0.0 0.0 167.79 -002.075 KOHM R   

2016-03-10 01:15:54.517000 30614.044 78.583 171.51 58.87 157.65 171.41 184.471 173.062 173.69 173.875 186.381 182.496 169.271 0.0 0.0 167.56 -002.081 KOHM R   

2016-03-10 01:17:02.670000 30682.197 78.473 171.27 58.874 157.52 171.17 184.215 172.817 173.445 173.631 186.148 182.253 169.03 0.0 0.0 167.32 -002.075 KOHM R   

2016-03-10 01:18:10.864000 30750.391 78.369 171.03 58.887 157.38 170.93 183.959 172.574 173.205 173.392 185.914 182.014 168.793 0.0 0.0 167.08 -002.079 KOHM R   

2016-03-10 01:19:19.035000 30818.562 78.25 170.79 58.845 157.25 170.69 183.705 172.331 172.961 173.148 185.68 181.775 168.551 0.0 0.0 166.84 -002.077 KOHM R   

2016-03-10 01:20:27.161000 30886.688 78.136 170.55 58.862 157.12 170.46 183.449 172.088 172.718 172.906 185.446 181.534 168.311 0.0 0.0 166.6 -002.079 KOHM R   

2016-03-10 01:21:35.643000 30955.17 78.026 170.31 58.855 156.99 170.22 183.195 171.842 172.475 172.664 185.212 181.295 168.071 0.0 0.0 166.36 -002.081 KOHM R   

2016-03-10 01:22:43.874000 31023.401 77.905 170.07 58.788 156.85 169.98 182.941 171.6 172.237 172.422 184.976 181.053 167.834 0.0 0.0 166.13 -002.076 KOHM R   

2016-03-10 01:23:52.082000 31091.609 77.795 169.83 58.797 156.72 169.15 182.688 171.359 171.994 172.182 184.741 180.816 167.595 0.0 0.0 165.89 -002.081 KOHM R   

2016-03-10 01:25:00.274000 31159.801 77.698 169.59 58.766 156.59 169.5 182.435 171.116 171.753 171.94 184.508 180.577 167.356 0.0 0.0 165.65 -002.076 KOHM R   

2016-03-10 01:26:08.541000 31228.068 77.586 169.35 58.755 156.46 169.26 182.18 170.874 171.514 171.7 184.272 180.338 167.119 0.0 0.0 165.41 -002.081 KOHM R   

2016-03-10 01:27:16.799000 31296.326 77.482 169.11 58.76 156.33 169.03 181.926 170.634 171.27 171.46 184.037 180.097 166.879 0.0 0.0 165.18 -002.079 KOHM R   

2016-03-10 01:28:25.324000 31364.851 77.371 168.87 58.731 156.2 168.79 181.671 170.389 171.032 171.219 183.803 179.858 166.642 0.0 0.0 164.94 -002.074 KOHM R   

2016-03-10 01:29:33.571000 31433.098 77.253 168.63 58.695 156.07 168.55 181.421 170.151 170.791 170.977 183.571 179.619 166.403 0.0 0.0 164.7 -002.081 KOHM R   

2016-03-10 01:30:41.855000 31501.382 77.141 168.39 58.713 155.94 168.31 181.168 169.911 170.55 170.737 183.338 179.379 166.166 0.0 0.0 164.47 -002.077 KOHM R   

2016-03-10 01:31:50.148000 31569.675 77.032 168.15 58.708 155.81 166.96 180.914 169.667 170.312 170.496 183.102 179.139 165.926 0.0 0.0 164.23 -002.082 KOHM R   

2016-03-10 01:32:58.438000 31637.965 76.914 167.91 58.633 155.69 167.83 180.664 169.424 170.072 170.258 182.871 178.9 165.688 0.0 0.0 164.0 -002.079 KOHM R   

2016-03-10 01:34:06.750000 31706.277 76.811 167.67 58.643 155.56 167.59 180.411 169.181 169.833 170.019 182.635 178.66 165.454 0.0 0.0 163.76 -002.080 KOHM R   

2016-03-10 01:35:15.376000 31774.903 76.713 167.43 58.655 155.43 167.36 180.16 168.938 169.589 169.777 182.403 178.42 165.212 0.0 0.0 163.52 -002.078 KOHM R   

2016-03-10 01:36:23.713000 31843.24 76.605 167.19 58.634 155.3 167.12 179.908 168.696 169.347 169.536 182.17 178.181 164.975 0.0 0.0 163.29 -002.081 KOHM R   

2016-03-10 01:37:32.077000 31911.604 76.494 166.95 58.587 155.17 166.88 179.655 168.456 169.106 169.296 181.935 177.942 164.737 0.0 0.0 163.05 -002.079 KOHM R   

2016-03-10 01:38:40.447000 31979.974 76.374 166.71 58.592 155.05 166.64 179.403 168.213 168.868 169.056 181.704 177.704 164.5 0.0 0.0 162.81 -002.079 KOHM R   

2016-03-10 01:39:48.843000 32048.37 76.27 166.46 58.598 154.92 166.2 179.15 167.971 168.625 168.815 181.471 177.465 164.264 0.0 0.0 162.58 -002.084 KOHM R   

2016-03-10 01:40:57.286000 32116.813 76.158 166.23 58.574 154.79 166.16 178.898 167.731 168.385 168.575 181.238 177.224 164.026 0.0 0.0 162.34 -002.079 KOHM R   

2016-03-10 01:42:05.676000 32185.203 76.044 165.99 58.519 154.66 165.92 178.645 167.49 168.146 168.335 181.005 176.987 163.791 0.0 0.0 162.11 -002.079 KOHM R   

2016-03-10 01:43:14.443000 32253.97 75.93 165.75 58.491 154.54 165.68 178.39 167.251 167.906 168.094 180.772 176.746 163.553 0.0 0.0 161.87 -002.077 KOHM R   

2016-03-10 01:44:22.912000 32322.439 75.821 165.51 58.496 154.41 165.45 178.139 167.009 167.666 167.853 180.542 176.507 163.319 0.0 0.0 161.64 -002.075 KOHM R   

2016-03-10 01:45:31.330000 32390.857 75.723 165.27 58.511 154.29 165.21 177.887 166.769 167.427 167.614 180.309 176.269 163.082 0.0 0.0 161.4 -002.083 KOHM R   

2016-03-10 01:46:39.808000 32459.335 75.62 165.03 58.5 154.16 164.97 177.634 166.527 167.187 167.376 180.076 176.031 162.845 0.0 0.0 161.17 -002.080 KOHM R   

2016-03-10 01:47:48.327000 32527.854 75.508 164.79 58.467 154.03 164.74 177.385 166.287 166.945 167.135 179.844 175.794 162.607 0.0 0.0 160.93 -002.079 KOHM R   

2016-03-10 01:48:56.869000 32596.396 75.389 164.55 58.425 153.91 164.5 177.133 166.046 166.707 166.893 179.61 175.558 162.373 0.0 0.0 160.7 -002.083 KOHM R   

2016-03-10 01:50:05.681000 32665.208 75.283 164.31 58.422 153.78 164.26 176.878 165.804 166.467 166.656 179.376 175.318 162.134 0.0 0.0 160.46 -002.084 KOHM R   

2016-03-10 01:51:14.244000 32733.771 75.166 164.07 58.399 153.66 164.02 176.627 165.564 166.227 166.416 179.14 175.079 161.898 0.0 0.0 160.23 -002.071 KOHM R   

2016-03-10 01:52:22.790000 32802.317 75.069 163.83 58.41 153.54 163.79 176.378 165.325 165.99 166.177 178.906 174.843 161.664 0.0 0.0 159.99 -002.080 KOHM R   

2016-03-10 01:53:31.373000 32870.9 74.973 163.59 58.419 153.41 163.55 176.123 165.085 165.751 165.939 178.674 174.603 161.428 0.0 0.0 159.76 -002.085 KOHM R   

2016-03-10 01:54:39.981000 32939.508 74.868 163.36 58.397 153.29 163.31 175.873 164.843 165.51 165.7 178.441 174.361 161.191 0.0 0.0 159.52 -002.079 KOHM R   

2016-03-10 01:55:48.879000 33008.406 74.768 163.12 58.387 153.17 163.07 175.622 164.6 165.272 165.46 178.207 174.123 160.956 0.0 0.0 159.28 -002.080 KOHM R   

2016-03-10 01:56:57.522000 33077.049 74.66 162.88 58.386 153.04 162.84 175.371 164.359 165.032 165.222 177.973 173.885 160.718 0.0 0.0 159.05 -002.082 KOHM R   

2016-03-10 01:58:06.130000 33145.657 74.547 162.64 58.35 152.92 162.6 175.119 164.12 164.794 164.984 177.739 173.644 160.487 0.0 0.0 158.81 -002.079 KOHM R   

2016-03-10 01:59:14.727000 33214.254 74.432 162.41 58.308 152.8 162.36 174.869 163.879 164.553 164.744 177.509 173.408 160.251 0.0 0.0 158.58 -002.083 KOHM R   

2016-03-10 02:00:23.383000 33282.91 74.322 162.17 58.323 152.68 162.13 174.616 163.64 164.315 164.504 177.275 173.169 160.016 0.0 0.0 158.34 -002.083 KOHM R   

2016-03-10 02:01:32.044000 33351.571 74.212 161.93 58.293 152.55 161.89 174.364 163.398 164.074 164.265 177.043 172.929 159.779 0.0 0.0 158.11 -002.079 KOHM R   

2016-03-10 02:02:41.004000 33420.531 74.109 161.7 58.263 152.43 161.65 174.112 163.159 163.835 164.026 176.809 172.691 159.542 0.0 0.0 157.87 -002.081 KOHM R   

2016-03-10 02:03:49.740000 33489.267 74.011 161.46 58.281 152.31 161.42 173.86 162.917 163.597 163.785 176.579 172.454 159.303 0.0 0.0 157.63 -002.079 KOHM R   

2016-03-10 02:04:58.453000 33557.98 73.908 161.22 58.29 152.19 161.18 173.605 162.676 163.358 163.548 176.344 172.214 159.068 0.0 0.0 157.4 -002.084 KOHM R   

2016-03-10 02:06:07.155000 33626.682 73.811 160.99 58.269 152.07 160.95 173.357 162.437 163.119 163.309 176.113 171.978 158.83 0.0 0.0 157.16 -002.082 KOHM R   

2016-03-10 02:07:15.894000 33695.421 73.709 160.75 58.267 151.95 160.71 173.106 162.196 162.881 163.071 175.881 171.739 158.593 0.0 0.0 156.93 -002.082 KOHM R   

2016-03-10 02:08:24.623000 33764.15 73.598 160.52 58.259 151.83 160.48 172.856 161.959 162.64 162.832 175.65 171.503 158.357 0.0 0.0 156.69 -002.081 KOHM R   

2016-03-10 02:09:33.682000 33833.209 73.488 160.27 58.231 151.71 160.24 172.602 161.721 162.402 162.592 175.414 171.264 158.121 0.0 0.0 156.46 -002.082 KOHM R   

2016-03-10 02:10:42.427000 33901.954 73.377 160.04 58.23 151.59 160.01 172.352 161.48 162.165 162.357 175.183 171.027 157.884 0.0 0.0 156.22 -002.085 KOHM R   

2016-03-10 02:11:51.207000 33970.734 73.282 159.8 58.213 151.47 159.78 172.1 161.242 161.927 162.116 174.951 170.787 157.65 0.0 0.0 155.99 -002.081 KOHM R   

2016-03-10 02:13:00.010000 34039.537 73.169 159.56 58.184 151.35 159.54 171.85 161.002 161.69 161.879 174.718 170.552 157.413 0.0 0.0 155.76 -002.083 KOHM R   

2016-03-10 02:14:08.848000 34108.375 73.075 159.32 58.185 151.23 159.31 171.599 160.764 161.45 161.643 174.484 170.315 157.177 0.0 0.0 155.52 -002.079 KOHM R   

2016-03-10 02:15:17.718000 34177.245 72.97 159.08 58.167 151.11 159.07 171.348 160.523 161.214 161.405 174.251 170.077 156.943 0.0 0.0 155.29 -002.077 KOHM R   

2016-03-10 02:16:26.863000 34246.39 72.853 158.85 58.15 150.99 158.83 171.098 160.287 160.975 161.166 174.017 169.837 156.707 0.0 0.0 155.05 -002.081 KOHM R   

2016-03-10 02:17:35.753000 34315.28 72.749 158.61 58.118 150.87 158.6 170.845 160.048 160.739 160.928 173.783 169.599 156.472 0.0 0.0 154.82 -002.079 KOHM R   

2016-03-10 02:18:44.631000 34384.158 72.637 158.37 58.083 150.76 158.34 170.595 159.811 160.501 160.692 173.55 169.361 156.236 0.0 0.0 154.58 -002.084 KOHM R   

2016-03-10 02:19:53.523000 34453.05 72.53 158.13 58.052 150.63 158.13 170.347 159.57 160.265 160.455 173.319 169.124 156.003 0.0 0.0 154.35 -002.085 KOHM R   

2016-03-10 02:21:02.438000 34521.965 72.429 157.9 58.027 150.52 157.89 170.099 159.33 160.029 160.219 173.086 168.886 155.767 0.0 0.0 154.12 -002.079 KOHM R   

2016-03-10 02:22:11.692000 34591.219 72.336 157.66 58.015 150.4 157.65 169.846 159.09 159.79 159.981 172.853 168.645 155.532 0.0 0.0 153.88 -002.085 KOHM R   

2016-03-10 02:23:20.671000 34660.198 72.236 157.42 58.013 150.28 157.42 169.594 158.852 159.552 159.744 172.619 168.409 155.296 0.0 0.0 153.65 -002.077 KOHM R   

2016-03-10 02:24:29.668000 34729.195 72.14 157.19 58.021 150.17 157.18 169.342 158.613 159.314 159.504 172.388 168.17 155.063 0.0 0.0 153.42 -002.079 KOHM R   

2016-03-10 02:25:38.657000 34798.184 72.039 156.95 58.024 150.05 156.95 169.09 158.375 159.074 159.268 172.157 167.931 154.828 0.0 0.0 153.19 -002.080 KOHM R   

2016-03-10 02:26:47.609000 34867.136 71.929 156.71 58.022 149.93 156.71 168.841 158.137 158.838 159.028 171.924 167.695 154.595 0.0 0.0 152.95 -002.084 KOHM R   

2016-03-10 02:27:56.645000 34936.172 71.825 156.48 58.012 149.81 156.48 168.59 157.898 158.6 158.791 171.694 167.454 154.359 0.0 0.0 152.72 -002.080 KOHM R   

2016-03-10 02:29:05.972000 35005.499 71.704 156.24 57.945 149.7 156.24 168.338 157.656 158.359 158.552 171.46 167.217 154.124 0.0 0.0 152.49 -002.085 KOHM R   

2016-03-10 02:30:14.983000 35074.51 71.602 156.01 57.926 149.58 156.0 168.088 157.418 158.123 158.314 171.229 166.982 153.892 0.0 0.0 152.25 -002.078 KOHM R   

2016-03-10 02:31:23.986000 35143.513 71.501 155.77 57.905 149.46 155.77 167.838 157.18 157.885 158.075 170.999 166.746 153.657 0.0 0.0 152.03 -002.083 KOHM R   

2016-03-10 02:32:33.006000 35212.533 71.407 155.53 57.886 149.34 155.54 167.587 156.943 157.648 157.839 170.766 166.506 153.423 0.0 0.0 151.79 -002.085 KOHM R   

2016-03-10 02:33:42.044000 35281.571 71.312 155.3 57.884 149.23 155.3 167.338 156.703 157.412 157.603 170.533 166.273 153.191 0.0 0.0 151.56 -002.081 KOHM R   

2016-03-10 02:34:51.436000 35350.963 71.222 155.06 57.931 149.11 155.07 167.086 156.466 157.172 157.366 170.301 166.032 152.956 0.0 0.0 151.33 -002.083 KOHM R   

2016-03-10 02:36:00.568000 35420.095 71.117 154.83 57.922 148.99 154.83 166.837 156.227 156.936 157.128 170.073 165.795 152.722 0.0 0.0 151.1 -002.081 KOHM R   

2016-03-10 02:37:09.667000 35489.194 71.009 154.59 57.902 148.88 154.6 166.588 155.989 156.7 156.893 169.84 165.56 152.491 0.0 0.0 150.86 -002.081 KOHM R   

2016-03-10 02:38:18.785000 35558.312 70.905 154.36 57.873 148.76 154.36 166.338 155.752 156.465 156.656 169.605 165.323 152.259 0.0 0.0 150.63 -002.083 KOHM R   

2016-03-10 02:39:28.092000 35627.619 70.799 154.12 57.808 148.65 154.12 166.086 155.512 156.224 156.421 169.371 165.086 152.023 0.0 0.0 150.4 -002.088 KOHM R   

2016-03-10 02:40:37.408000 35696.935 70.71 153.88 57.856 148.53 153.89 165.838 155.276 155.989 156.183 169.138 164.847 151.791 0.0 0.0 150.17 -002.091 KOHM R   

2016-03-10 02:41:47.077000 35766.604 70.603 153.65 57.813 148.42 153.66 165.586 155.037 155.752 155.946 168.903 164.609 151.557 0.0 0.0 149.94 -002.089 KOHM R   

2016-03-10 02:42:56.444000 35835.971 70.507 153.41 57.774 148.3 153.42 165.336 154.798 155.514 155.707 168.671 164.369 151.324 0.0 0.0 149.7 -002.094 KOHM R   

2016-03-10 02:44:05.859000 35905.386 70.416 153.18 57.77 148.19 153.18 165.086 154.558 155.279 155.471 168.437 164.131 151.092 0.0 0.0 149.47 -002.072 KOHM R   

2016-03-10 02:45:15.226000 35974.753 70.316 152.94 57.811 148.07 152.95 164.837 154.32 155.042 155.234 168.204 163.894 150.859 0.0 0.0 149.24 -002.085 KOHM R   

2016-03-10 02:46:24.613000 36044.14 70.2 152.71 57.744 147.96 152.72 164.585 154.081 154.802 154.999 167.973 163.655 150.625 0.0 0.0 149.0 -002.081 KOHM R   

2016-03-10 02:47:34.432000 36113.959 70.108 152.47 57.785 147.84 152.48 164.335 153.843 154.564 154.76 167.735 163.418 150.392 0.0 0.0 148.77 -002.090 KOHM R   

2016-03-10 02:48:43.893000 36183.42 70.001 152.24 57.774 147.73 147.75 164.083 153.602 154.326 154.522 167.504 163.179 150.159 0.0 0.0 148.54 -002.077 KOHM R   

2016-03-10 02:49:53.270000 36252.797 69.9 152.0 57.697 147.61 152.01 163.83 153.363 154.09 154.285 167.273 162.942 149.928 0.0 0.0 148.31 -002.077 KOHM R   

2016-03-10 02:51:02.731000 36322.258 69.814 151.77 57.724 147.5 148.34 163.58 153.127 153.853 154.048 167.038 162.704 149.691 0.0 0.0 148.07 -002.084 KOHM R   

2016-03-10 02:52:12.172000 36391.699 69.714 151.53 57.715 147.39 151.55 163.334 152.888 153.615 153.811 166.807 162.468 149.457 0.0 0.0 147.84 -002.086 KOHM R   

2016-03-10 02:53:21.908000 36461.435 69.624 151.3 57.663 147.27 151.31 163.085 152.648 153.377 153.573 166.571 162.231 149.225 0.0 0.0 147.61 -002.081 KOHM R   

2016-03-10 02:54:31.317000 36530.844 69.526 151.06 57.706 147.16 151.08 162.832 152.411 153.141 153.336 166.343 161.996 148.99 0.0 0.0 147.38 -002.082 KOHM R   

2016-03-10 02:55:40.788000 36600.315 69.414 150.83 57.695 147.05 150.85 162.583 152.174 152.904 153.102 166.108 161.756 148.757 0.0 0.0 147.14 -002.078 KOHM R   

2016-03-10 02:56:50.231000 36669.758 69.31 150.6 57.635 146.94 150.61 162.334 151.935 152.669 152.863 165.878 161.52 148.526 0.0 0.0 146.91 -002.078 KOHM R   

2016-03-10 02:57:59.784000 36739.311 69.224 150.36 57.681 146.83 150.38 162.082 151.7 152.432 152.628 165.645 161.283 148.291 0.0 0.0 146.68 -002.085 KOHM R   

2016-03-10 02:59:09.520000 36809.047 69.113 150.13 57.604 146.71 150.14 161.833 151.461 152.193 152.391 165.413 161.047 148.056 0.0 0.0 146.45 -002.089 KOHM R   

2016-03-10 03:00:18.955000 36878.482 69.034 149.9 57.645 146.6 145.33 161.584 151.226 151.959 152.156 165.182 160.81 147.825 0.0 0.0 146.22 -002.085 KOHM R   

2016-03-10 03:01:28.391000 36947.918 68.924 149.66 57.639 146.49 149.68 161.337 150.989 151.721 151.919 164.952 160.575 147.592 0.0 0.0 145.99 -002.088 KOHM R   

2016-03-10 03:02:37.812000 37017.339 68.829 149.43 57.574 146.38 149.44 161.087 150.753 151.485 151.687 164.719 160.34 147.359 0.0 0.0 145.76 -002.083 KOHM R   

2016-03-10 03:03:47.265000 37086.792 68.745 149.19 57.6 146.27 149.21 160.839 150.516 151.254 151.452 164.484 160.103 147.128 0.0 0.0 145.53 -002.077 KOHM R   

2016-03-10 03:04:57.059000 37156.586 68.628 148.96 57.553 146.16 148.98 160.59 150.279 151.014 151.211 164.252 159.867 146.893 0.0 0.0 145.29 -002.083 KOHM R   

2016-03-10 03:06:06.549000 37226.076 68.545 148.72 57.589 146.05 148.74 160.342 150.042 150.781 150.978 164.019 159.63 146.664 0.0 0.0 145.06 -002.087 KOHM R   

2016-03-10 03:07:16.040000 37295.567 68.436 148.49 57.578 145.94 148.51 160.095 149.808 150.545 150.743 163.787 159.392 146.43 0.0 0.0 144.83 -002.082 KOHM R   

2016-03-10 03:08:25.555000 37365.082 68.335 148.25 57.513 145.83 148.27 159.847 149.569 150.309 150.51 163.553 159.157 146.199 0.0 0.0 144.6 -002.086 KOHM R   

2016-03-10 03:09:35.097000 37434.624 68.25 148.02 57.556 145.72 148.04 159.597 149.33 150.077 150.275 163.321 158.917 145.968 0.0 0.0 144.37 -002.087 KOHM R   

2016-03-10 03:10:45.076000 37504.603 68.146 147.78 57.481 145.61 146.18 159.346 149.092 149.84 150.037 163.089 158.681 145.733 0.0 0.0 144.14 -002.088 KOHM R   

2016-03-10 03:11:54.648000 37574.175 68.064 147.55 57.531 145.5 147.57 159.095 148.852 149.602 149.804 162.856 158.441 145.502 0.0 0.0 143.91 -002.080 KOHM R   

2016-03-10 03:13:04.198000 37643.725 67.949 147.32 57.473 145.4 147.34 158.847 148.616 149.367 149.569 162.625 158.205 145.271 0.0 0.0 143.68 -002.085 KOHM R   

2016-03-10 03:14:13.799000 37713.326 67.866 147.08 57.515 145.29 147.1 158.596 148.38 149.129 149.332 162.393 157.964 145.039 0.0 0.0 143.45 -002.089 KOHM R   

2016-03-10 03:15:23.444000 37782.971 67.748 146.85 57.448 145.18 146.87 158.349 148.142 148.894 149.096 162.162 157.719 144.808 0.0 0.0 143.21 -002.084 KOHM R   

2016-03-10 03:16:33.369000 37852.896 67.666 146.62 57.487 145.07 146.64 158.099 147.907 148.657 148.858 161.93 157.481 144.574 0.0 0.0 142.98 -002.089 KOHM R   

2016-03-10 03:17:42.992000 37922.519 67.555 146.38 57.411 144.96 146.41 157.85 147.671 148.423 148.622 161.7 157.246 144.343 0.0 0.0 142.75 -002.089 KOHM R   

2016-03-10 03:18:52.611000 37992.138 67.475 146.15 57.442 144.85 146.17 157.601 147.434 148.186 148.388 161.468 157.008 144.102 0.0 0.0 142.52 -002.082 KOHM R   

2016-03-10 03:20:02.270000 38061.797 67.37 145.92 57.372 144.75 145.94 157.35 147.2 147.95 148.152 161.236 156.772 143.876 0.0 0.0 142.29 -002.086 KOHM R   

2016-03-10 03:21:11.927000 38131.454 67.297 145.69 57.41 144.64 145.71 157.103 146.961 147.717 147.919 161.007 156.536 143.644 0.0 0.0 142.06 -002.084 KOHM R   

2016-03-10 03:22:21.962000 38201.489 67.187 145.45 57.35 144.53 145.48 156.856 146.725 147.479 147.681 160.772 156.301 143.411 0.0 0.0 141.83 -002.088 KOHM R   

2016-03-10 03:23:31.612000 38271.139 67.11 145.22 57.406 144.42 145.24 156.606 146.49 147.244 147.446 160.542 156.065 143.179 0.0 0.0 141.6 -002.083 KOHM R   

2016-03-10 03:24:41.338000 38340.865 66.994 144.99 57.34 144.32 145.01 156.357 146.252 147.011 147.212 160.312 155.829 142.949 0.0 0.0 141.37 -002.083 KOHM R   

2016-03-10 03:25:51.130000 38410.657 66.909 144.75 57.391 144.21 139.24 156.11 146.018 146.775 146.979 160.081 155.596 142.716 0.0 0.0 141.14 -002.087 KOHM R   

2016-03-10 03:27:00.854000 38480.381 66.797 144.52 57.306 144.1 144.55 155.862 145.782 146.539 146.741 159.85 155.359 142.486 0.0 0.0 140.91 -002.090 KOHM R   

2016-03-10 03:28:10.957000 38550.484 66.718 144.28 57.336 144.0 144.31 155.611 145.546 146.303 146.507 159.617 155.123 142.254 0.0 0.0 140.68 -002.086 KOHM R   

2016-03-10 03:29:20.750000 38620.277 66.632 144.05 57.309 143.89 142.02 155.367 145.312 146.071 146.273 159.382 154.888 142.023 0.0 0.0 140.45 -002.086 KOHM R   

2016-03-10 03:30:30.589000 38690.116 66.536 143.82 57.32 143.79 143.85 155.12 145.077 145.836 146.039 159.151 154.65 141.793 0.0 0.0 140.22 -002.089 KOHM R   

2016-03-10 03:31:40.378000 38759.905 66.451 143.59 57.295 143.68 143.61 154.87 144.839 145.601 145.805 158.92 154.415 141.561 0.0 0.0 140.0 -002.086 KOHM R   

2016-03-10 03:32:50.171000 38829.698 66.341 143.35 57.307 143.57 138.28 154.622 144.605 145.367 145.57 158.685 154.178 141.331 0.0 0.0 139.77 -002.091 KOHM R   

2016-03-10 03:34:00.364000 38899.891 66.262 143.12 57.303 143.47 137.39 154.373 144.367 145.132 145.335 158.454 153.94 141.097 0.0 0.0 139.53 -002.086 KOHM R   

2016-03-10 03:35:10.266000 38969.793 66.164 142.88 57.246 143.36 142.93 154.121 144.129 144.899 145.103 158.221 153.705 140.867 0.0 0.0 139.3 -002.085 KOHM R   

2016-03-10 03:36:20.132000 39039.659 66.073 142.65 57.282 143.26 141.96 153.874 143.895 144.66 144.866 157.989 153.468 140.636 0.0 0.0 139.07 -002.076 KOHM R   

2016-03-10 03:37:29.983000 39109.51 65.975 142.42 57.223 143.15 142.46 153.625 143.659 144.426 144.633 157.756 153.232 140.408 0.0 0.0 138.84 -002.088 KOHM R   

2016-03-10 03:38:39.902000 39179.429 65.868 142.19 57.199 143.05 142.23 153.375 143.423 144.192 144.395 157.524 152.999 140.175 0.0 0.0 138.61 -002.088 KOHM R   

2016-03-10 03:39:50.217000 39249.744 65.787 141.95 57.193 142.95 142.0 153.129 143.189 143.955 144.161 157.293 152.761 139.944 0.0 0.0 138.38 -002.089 KOHM R   

2016-03-10 03:41:00.116000 39319.643 65.695 141.72 57.162 142.84 141.77 152.879 142.949 143.72 143.926 157.061 152.524 139.711 0.0 0.0 138.15 -002.090 KOHM R   

2016-03-10 03:42:10.094000 39389.621 65.612 141.49 57.199 142.74 141.54 152.634 142.716 143.487 143.692 156.828 152.29 139.482 0.0 0.0 137.92 -002.084 KOHM R   

2016-03-10 03:43:20.058000 39459.585 65.519 141.25 57.177 142.63 141.3 152.384 142.481 143.251 143.456 156.599 152.055 139.251 0.0 0.0 137.69 -002.088 KOHM R   

2016-03-10 03:44:29.992000 39529.519 65.405 141.02 57.129 142.53 141.07 152.136 142.246 143.017 143.223 156.367 151.818 139.021 0.0 0.0 137.46 -002.084 KOHM R   

2016-03-10 03:45:40.293000 39599.82 65.312 140.79 57.132 142.43 140.79 151.875 142.009 142.783 142.988 156.135 151.582 138.788 0.0 0.0 137.23 -002.088 KOHM R   

2016-03-10 03:46:50.322000 39669.849 65.238 140.56 57.168 142.33 140.61 151.627 141.775 142.552 142.753 155.904 151.345 138.557 0.0 0.0 137.01 -002.089 KOHM R   

2016-03-10 03:48:00.328000 39739.855 65.14 140.32 57.097 142.23 140.38 151.379 141.539 142.317 142.519 155.673 151.111 138.325 0.0 0.0 136.77 -002.087 KOHM R   

2016-03-10 03:49:10.386000 39809.913 65.041 140.09 57.093 142.12 140.16 151.135 141.305 142.087 142.288 155.441 150.876 138.093 0.0 0.0 136.55 -002.090 KOHM R   

2016-03-10 03:50:20.710000 39880.237 64.953 139.86 57.132 142.02 139.02 150.89 141.069 141.855 142.051 155.208 150.64 137.862 0.0 0.0 136.32 -002.089 KOHM R   

2016-03-10 03:51:30.753000 39950.28 64.883 139.62 57.122 141.92 139.69 150.645 140.832 141.623 141.818 154.978 150.404 137.631 0.0 0.0 136.09 -002.088 KOHM R   

2016-03-10 03:52:40.841000 40020.368 64.774 139.39 57.055 141.82 139.46 150.396 140.602 141.39 141.585 154.746 150.172 137.403 0.0 0.0 135.86 -002.087 KOHM R   

2016-03-10 03:53:50.988000 40090.515 64.68 139.16 57.08 141.71 139.23 150.15 140.366 141.161 141.351 154.508 149.931 137.171 0.0 0.0 135.63 -002.088 KOHM R   

2016-03-10 03:55:01.072000 40160.599 64.598 138.93 57.093 141.61 139.0 149.907 140.132 140.927 141.118 154.276 149.691 136.941 0.0 0.0 135.4 -002.092 KOHM R   

2016-03-10 03:56:11.527000 40231.054 64.504 138.69 57.07 141.51 138.77 149.657 139.898 140.694 140.885 154.033 149.452 136.709 0.0 0.0 135.17 -002.083 KOHM R   

2016-03-10 03:57:21.651000 40301.178 64.411 138.46 56.993 141.41 138.54 149.411 139.661 140.462 140.651 153.797 149.215 136.482 0.0 0.0 134.94 -002.087 KOHM R   

2016-03-10 03:58:31.792000 40371.319 64.303 138.23 56.985 141.31 136.48 149.163 139.425 140.232 140.417 153.563 148.975 136.252 0.0 0.0 134.71 -002.091 KOHM R   

2016-03-10 03:59:41.936000 40441.463 64.236 138.0 57.04 141.21 138.08 148.917 139.19 140.001 140.186 153.33 148.736 136.021 0.0 0.0 134.49 -002.086 KOHM R   

2016-03-10 04:00:52.097000 40511.624 64.152 137.76 57.011 141.11 137.84 148.669 138.955 139.765 139.952 153.098 148.499 135.79 0.0 0.0 134.26 -002.089 KOHM R   

2016-03-10 04:02:02.579000 40582.106 64.061 137.53 56.986 141.01 137.61 148.42 138.717 139.53 139.718 152.865 148.26 135.559 0.0 0.0 134.02 -002.084 KOHM R   

2016-03-10 04:03:12.846000 40652.373 63.958 137.3 56.974 140.91 137.38 148.173 138.481 139.296 139.485 152.634 148.024 135.33 0.0 0.0 133.8 -002.089 KOHM R   

2016-03-10 04:04:23.020000 40722.547 63.856 137.06 56.972 140.81 137.15 147.928 138.248 139.063 139.249 152.401 147.791 135.101 0.0 0.0 133.57 -002.092 KOHM R   

2016-03-10 04:05:33.230000 40792.757 63.768 136.83 56.969 140.71 135.78 147.681 138.013 138.829 139.018 152.172 147.553 134.871 0.0 0.0 133.34 -002.091 KOHM R   

2016-03-10 04:06:43.870000 40863.397 63.684 136.6 56.972 140.62 136.68 147.432 137.778 138.597 138.781 151.937 147.317 134.639 0.0 0.0 133.11 -002.088 KOHM R   

2016-03-10 04:07:54.097000 40933.624 63.602 136.37 56.971 140.52 131.24 147.186 137.544 138.362 138.544 151.704 147.084 134.409 0.0 0.0 132.88 -002.088 KOHM R   

2016-03-10 04:09:04.432000 41003.959 63.53 136.14 56.966 140.42 136.22 146.939 137.308 138.127 138.315 151.474 146.847 134.178 0.0 0.0 132.65 -002.090 KOHM R   

2016-03-10 04:10:14.727000 41074.254 63.438 135.9 56.945 140.32 135.99 146.694 137.075 137.895 138.079 151.243 146.613 133.946 0.0 0.0 132.42 -002.092 KOHM R   

2016-03-10 04:11:25.455000 41144.982 63.344 135.67 56.917 140.22 135.76 146.447 136.838 137.658 137.847 151.009 146.376 133.717 0.0 0.0 132.19 -002.095 KOHM R   

2016-03-10 04:12:35.682000 41215.209 63.247 135.44 56.897 140.13 135.53 146.202 136.602 137.427 137.612 150.781 146.144 133.487 0.0 0.0 131.96 -002.086 KOHM R   

2016-03-10 04:13:46.059000 41285.586 63.149 135.21 56.879 140.03 135.3 145.957 136.37 137.193 137.378 150.552 145.909 133.257 0.0 0.0 131.73 -002.094 KOHM R   

2016-03-10 04:14:56.328000 41355.855 63.058 134.98 56.903 139.93 135.07 145.712 136.139 136.961 137.145 150.322 145.674 133.028 0.0 0.0 131.51 -002.091 KOHM R   

2016-03-10 04:16:06.733000 41426.26 62.978 134.75 56.91 139.83 134.61 145.463 135.905 136.729 136.914 150.089 145.439 132.799 0.0 0.0 131.28 -002.091 KOHM R   

2016-03-10 04:17:17.487000 41497.014 62.872 134.51 56.9 139.74 133.72 145.213 135.669 136.494 136.68 149.856 145.201 132.566 0.0 0.0 131.05 -002.093 KOHM R   

2016-03-10 04:18:27.854000 41567.381 62.813 134.28 56.885 139.64 134.37 144.971 135.434 136.26 136.447 149.623 144.969 132.335 0.0 0.0 130.82 -002.090 KOHM R   

2016-03-10 04:19:38.230000 41637.757 62.731 134.05 56.878 139.54 134.14 144.726 135.203 136.03 136.213 149.392 144.735 132.106 0.0 0.0 130.59 -002.088 KOHM R   

2016-03-10 04:20:48.619000 41708.146 62.644 133.82 56.869 139.44 133.9 144.476 134.97 135.796 135.982 149.158 144.498 131.877 0.0 0.0 130.37 -002.095 KOHM R   

2016-03-10 04:21:59.417000 41778.944 62.552 133.58 56.862 139.35 133.67 144.23 134.732 135.565 135.748 148.925 144.259 131.646 0.0 0.0 130.14 -002.091 KOHM R   

2016-03-10 04:23:09.825000 41849.352 62.46 133.35 56.852 139.25 133.44 143.982 134.496 135.332 135.516 148.695 144.023 131.418 0.0 0.0 129.91 -002.088 KOHM R   

2016-03-10 04:24:20.306000 41919.833 62.369 133.12 56.829 139.15 133.21 143.734 134.262 135.099 135.283 148.462 143.788 131.188 0.0 0.0 129.68 -002.089 KOHM R   

2016-03-10 04:25:30.721000 41990.248 62.273 132.89 56.799 139.06 132.98 143.487 134.028 134.866 135.053 148.228 143.552 130.96 0.0 0.0 129.45 -002.092 KOHM R   

2016-03-10 04:26:41.213000 42060.74 62.182 132.65 56.77 138.96 132.74 143.244 133.793 134.632 134.817 147.999 143.318 130.728 0.0 0.0 129.22 -002.093 KOHM R   

2016-03-10 04:27:52.109000 42131.636 62.109 132.42 56.803 138.87 132.52 142.996 133.56 134.398 134.586 147.764 143.081 130.497 0.0 0.0 128.98 -002.088 KOHM R   

2016-03-10 04:29:02.672000 42202.199 62.021 132.19 56.793 138.77 127.55 142.749 133.327 134.164 134.353 147.495 142.845 130.263 0.0 0.0 128.74 -002.091 KOHM R   

2016-03-10 04:30:13.211000 42272.738 61.936 131.95 56.771 138.68 132.07 142.503 133.093 133.933 134.12 147.24 142.61 130.036 0.0 0.0 128.51 -002.091 KOHM R   

2016-03-10 04:31:23.785000 42343.312 61.837 131.72 56.744 138.58 131.84 142.256 132.858 133.697 133.887 147.002 142.377 129.803 0.0 0.0 128.28 -002.093 KOHM R   

2016-03-10 04:32:34.771000 42414.298 61.757 131.49 56.772 138.49 131.61 142.01 132.624 133.462 133.653 146.77 142.142 129.57 0.0 0.0 128.04 -002.090 KOHM R   

2016-03-10 04:33:45.304000 42484.831 61.656 131.26 56.748 138.39 131.39 141.764 132.39 133.229 133.421 146.538 141.906 129.338 0.0 0.0 127.81 -002.094 KOHM R   

2016-03-10 04:34:55.939000 42555.466 61.577 131.03 56.742 138.3 131.16 141.517 132.157 132.996 133.188 146.305 141.672 129.108 0.0 0.0 127.58 -002.093 KOHM R   

2016-03-10 04:36:06.583000 42626.11 61.491 130.8 56.727 138.2 130.93 141.272 131.922 132.761 132.954 146.077 141.438 128.875 0.0 0.0 127.35 -002.090 KOHM R   

2016-03-10 04:37:17.184000 42696.711 61.412 130.56 56.714 138.11 127.41 141.025 131.688 132.526 132.723 145.843 141.203 128.644 0.0 0.0 127.13 -002.090 KOHM R   

2016-03-10 04:38:28.260000 42767.787 61.297 130.33 56.673 138.01 130.47 140.78 131.453 132.294 132.488 145.612 140.968 128.416 0.0 0.0 126.9 -002.095 KOHM R   

2016-03-10 04:39:38.836000 42838.363 61.209 130.1 56.634 137.92 130.24 140.534 131.219 132.058 132.255 145.382 140.734 128.183 0.0 0.0 126.67 -002.094 KOHM R   

2016-03-10 04:40:49.563000 42909.09 61.117 129.87 56.634 137.83 130.01 140.288 130.985 131.827 132.024 145.151 140.499 127.953 0.0 0.0 126.44 -002.095 KOHM R   

2016-03-10 04:42:00.219000 42979.746 61.03 129.64 56.637 137.74 129.78 140.042 130.753 131.593 131.789 144.921 140.266 127.724 0.0 0.0 126.21 -002.095 KOHM R   

2016-03-10 04:43:11.328000 43050.855 60.964 129.4 56.669 137.64 129.55 139.792 130.519 131.359 131.556 144.689 140.032 127.493 0.0 0.0 125.98 -002.093 KOHM R   

2016-03-10 04:44:22.047000 43121.574 60.878 129.17 56.644 137.55 129.32 139.546 130.285 131.127 131.323 144.456 139.796 127.264 0.0 0.0 125.75 -002.088 KOHM R   

2016-03-10 04:45:32.726000 43192.253 60.798 128.94 56.6 137.46 129.08 139.3 130.052 130.896 131.094 144.226 139.559 127.035 0.0 0.0 125.53 -002.092 KOHM R   

2016-03-10 04:46:43.465000 43262.992 60.72 128.7 56.627 137.36 128.85 139.051 129.817 130.665 130.861 143.993 139.325 126.803 0.0 0.0 125.3 -002.093 KOHM R   

2016-03-10 04:47:54.647000 43334.174 60.626 128.47 56.607 137.27 119.12 138.804 129.582 130.429 130.627 143.762 139.09 126.573 0.0 0.0 125.07 -002.093 KOHM R   

2016-03-10 04:49:05.412000 43404.939 60.524 128.24 56.557 137.18 128.39 138.556 129.347 130.197 130.396 143.53 138.852 126.344 0.0 0.0 124.84 -002.093 KOHM R   

2016-03-10 04:50:16.200000 43475.727 60.451 128.01 56.561 137.09 128.15 138.31 129.113 129.962 130.165 143.298 138.617 126.114 0.0 0.0 124.61 -002.094 KOHM R   

2016-03-10 04:51:26.989000 43546.516 60.36 127.77 56.55 137.0 127.92 138.064 128.878 129.732 129.933 143.066 138.381 125.885 0.0 0.0 124.38 -002.089 KOHM R   

2016-03-10 04:52:38.159000 43617.686 60.286 127.54 56.592 136.9 127.69 137.814 128.642 129.496 129.701 142.832 138.144 125.657 0.0 0.0 124.15 -002.097 KOHM R   

2016-03-10 04:53:48.972000 43688.499 60.208 127.31 56.595 136.81 127.46 137.568 128.408 129.263 129.465 142.6 137.91 125.426 0.0 0.0 123.92 -002.097 KOHM R   

2016-03-10 04:54:59.799000 43759.326 60.103 127.08 56.541 136.72 127.23 137.322 128.173 129.028 129.232 142.37 137.674 125.197 0.0 0.0 123.69 -002.094 KOHM R   

2016-03-10 04:56:10.677000 43830.204 60.016 126.85 56.494 136.63 126.99 137.076 127.939 128.794 129.0 142.137 137.442 124.967 0.0 0.0 123.46 -002.093 KOHM R   

2016-03-10 04:57:22.005000 43901.532 59.96 126.61 56.527 136.54 126.76 136.828 127.704 128.561 128.766 141.905 137.205 124.734 0.0 0.0 123.23 -002.095 KOHM R   

2016-03-10 04:58:32.877000 43972.404 59.889 126.38 56.558 136.45 126.53 136.58 127.471 128.326 128.533 141.673 136.968 124.505 0.0 0.0 123.01 -002.095 KOHM R   

2016-03-10 04:59:43.730000 44043.257 59.79 126.15 56.529 136.36 126.3 136.338 127.239 128.093 128.299 141.442 136.734 124.274 0.0 0.0 122.78 -002.096 KOHM R   

2016-03-10 05:00:54.661000 44114.188 59.682 125.92 56.483 136.27 126.07 136.09 127.004 127.861 128.068 141.21 136.502 124.046 0.0 0.0 122.55 -002.095 KOHM R   

2016-03-10 05:02:05.584000 44185.111 59.607 125.69 56.487 136.18 125.84 135.843 126.772 127.628 127.834 140.978 136.265 123.814 0.0 0.0 122.32 -002.092 KOHM R   

2016-03-10 05:03:16.932000 44256.459 59.546 125.45 56.511 136.09 125.6 135.598 126.538 127.396 127.6 140.744 136.031 123.583 0.0 0.0 122.09 -002.095 KOHM R   

2016-03-10 05:04:27.921000 44327.448 59.461 125.22 56.517 136.0 125.37 135.349 126.302 127.165 127.368 140.516 135.794 123.354 0.0 0.0 121.86 -002.096 KOHM R   

2016-03-10 05:05:38.926000 44398.453 59.361 124.99 56.465 135.91 125.14 135.106 126.071 126.929 127.138 140.286 135.562 123.122 0.0 0.0 121.64 -002.095 KOHM R   

2016-03-10 05:06:49.866000 44469.393 59.27 124.76 56.425 135.82 124.91 134.858 125.839 126.698 126.905 140.055 135.328 122.89 0.0 0.0 121.41 -002.094 KOHM R   

2016-03-10 05:08:01.295000 44540.822 59.222 124.52 56.494 135.73 124.68 134.609 125.606 126.463 126.671 139.822 135.091 122.662 0.0 0.0 121.18 -002.092 KOHM R   

2016-03-10 05:09:12.329000 44611.856 59.132 124.29 56.474 135.64 124.44 134.36 125.374 126.232 126.441 139.586 134.855 122.433 0.0 0.0 120.95 -002.097 KOHM R   

2016-03-10 05:10:23.355000 44682.882 59.027 124.06 56.426 135.56 124.21 134.113 125.141 126.0 126.206 139.353 134.609 122.203 0.0 0.0 120.72 -002.098 KOHM R   

2016-03-10 05:11:34.440000 44753.967 58.942 123.82 56.408 135.47 123.98 133.867 124.909 125.77 125.977 139.122 134.383 121.974 0.0 0.0 120.5 -002.095 KOHM R   

2016-03-10 05:12:45.970000 44825.497 58.888 123.59 56.461 135.38 123.74 133.614 124.668 125.536 125.743 138.886 134.146 121.742 0.0 0.0 120.27 -002.092 KOHM R   

2016-03-10 05:13:57.053000 44896.58 58.787 123.36 56.411 135.29 123.51 133.37 124.438 125.305 125.513 138.655 133.912 121.51 0.0 0.0 120.04 -002.098 KOHM R   

2016-03-10 05:15:08.104000 44967.631 58.699 123.12 56.37 135.2 123.28 133.121 124.203 125.073 125.282 138.422 133.675 121.283 0.0 0.0 119.81 -002.098 KOHM R   

2016-03-10 05:16:19.180000 45038.707 58.659 122.89 56.398 135.12 123.05 132.876 123.967 124.84 125.049 138.191 133.441 121.052 0.0 0.0 119.58 -002.094 KOHM R   

2016-03-10 05:17:30.740000 45110.267 58.545 122.66 56.363 135.03 122.81 132.629 123.731 124.606 124.817 137.953 133.204 120.822 0.0 0.0 119.35 -002.094 KOHM R   

2016-03-10 05:18:41.821000 45181.348 58.491 122.43 56.411 134.94 122.58 132.379 123.495 124.375 124.583 137.72 132.968 120.594 0.0 0.0 119.12 -002.088 KOHM R   

2016-03-10 05:19:52.984000 45252.511 58.415 122.19 56.43 134.86 122.35 132.135 123.264 124.139 124.348 137.487 132.733 120.364 0.0 0.0 118.9 -002.072 KOHM R   

2016-03-10 05:21:04.192000 45323.719 58.295 121.96 56.341 134.77 122.11 131.886 123.031 123.907 124.117 137.259 132.498 120.133 0.0 0.0 118.67 -002.096 KOHM R   

2016-03-10 05:22:15.809000 45395.336 58.249 121.73 56.405 134.68 121.88 131.639 122.796 123.671 123.879 137.025 132.262 119.903 0.0 0.0 118.43 -002.095 KOHM R   

2016-03-10 05:23:26.943000 45466.47 58.147 121.5 56.359 134.6 121.65 131.391 122.564 123.439 123.65 136.794 132.013 119.672 0.0 0.0 118.21 -002.095 KOHM R   

2016-03-10 05:24:38.157000 45537.684 58.088 121.26 56.359 134.51 121.42 131.146 122.329 123.206 123.417 136.563 131.79 119.442 0.0 0.0 117.98 -002.099 KOHM R   

2016-03-10 05:25:49.384000 45608.911 58.019 121.03 56.377 134.42 121.19 130.901 122.094 122.975 123.183 136.334 131.557 119.211 0.0 0.0 117.75 -002.094 KOHM R   

2016-03-10 05:27:01.020000 45680.547 57.9 120.8 56.3 134.34 120.95 130.649 121.858 122.74 122.951 136.1 131.32 118.978 0.0 0.0 117.52 -002.092 KOHM R   

2016-03-10 05:28:12.227000 45751.754 57.851 120.57 56.371 134.25 120.72 130.407 121.627 122.509 122.715 135.868 131.087 118.75 0.0 0.0 117.29 -002.097 KOHM R   

2016-03-10 05:29:23.530000 45823.057 57.752 120.33 56.344 134.17 120.49 130.161 121.393 122.273 122.484 135.638 130.853 118.517 0.0 0.0 117.06 -002.098 KOHM R   

2016-03-10 05:30:34.864000 45894.391 57.668 120.1 56.319 134.08 120.26 129.913 121.161 122.044 122.253 135.404 130.617 118.287 0.0 0.0 116.84 -002.100 KOHM R   

2016-03-10 05:31:46.546000 45966.073 57.589 119.87 56.314 134.0 120.03 129.657 120.927 121.809 122.021 135.169 130.379 118.056 0.0 0.0 116.61 -002.100 KOHM R   

2016-03-10 05:32:57.883000 46037.41 57.511 119.63 56.306 133.92 119.79 129.402 120.695 121.576 121.787 134.936 130.148 117.825 0.0 0.0 116.38 -002.100 KOHM R   

2016-03-10 05:34:09.254000 46108.781 57.427 119.4 56.295 133.83 119.56 129.156 120.462 121.344 121.556 134.702 129.913 117.593 0.0 0.0 116.15 -002.094 KOHM R   

2016-03-10 05:35:20.635000 46180.162 57.356 119.17 56.281 133.74 119.33 128.905 120.228 121.111 121.324 134.471 129.677 117.363 0.0 0.0 115.92 -002.099 KOHM R   

2016-03-10 05:36:32.379000 46251.906 57.267 118.93 56.273 133.66 119.09 128.657 119.991 120.877 121.092 134.238 129.439 117.131 0.0 0.0 115.69 -002.103 KOHM R   

2016-03-10 05:37:43.727000 46323.254 57.199 118.7 56.274 133.57 118.86 128.41 119.758 120.648 120.86 134.001 129.204 116.903 0.0 0.0 115.46 -002.095 KOHM R   

2016-03-10 05:38:55.125000 46394.652 57.094 118.47 56.258 133.49 118.62 128.162 119.522 120.415 120.63 133.769 128.969 116.672 0.0 0.0 115.24 -002.099 KOHM R   

2016-03-10 05:40:06.558000 46466.085 57.026 118.23 56.219 133.41 118.39 127.916 119.287 120.184 120.397 133.537 128.734 116.441 0.0 0.0 115.01 -002.098 KOHM R   

2016-03-10 05:41:18.386000 46537.913 56.919 118.0 56.237 133.32 118.16 127.667 119.053 119.95 120.164 133.301 128.496 116.211 0.0 0.0 114.78 -002.099 KOHM R   

2016-03-10 05:42:29.849000 46609.376 56.856 117.76 56.233 133.24 117.93 127.419 118.819 119.717 119.933 133.068 128.261 115.98 0.0 0.0 114.55 -002.097 KOHM R   

2016-03-10 05:43:41.289000 46680.816 56.756 117.53 56.199 133.16 117.69 127.172 118.584 119.484 119.7 132.837 128.025 115.752 0.0 0.0 114.32 -002.101 KOHM R   

2016-03-10 05:44:52.769000 46752.296 56.702 117.3 56.212 133.07 117.46 126.928 118.348 119.25 119.464 132.603 127.792 115.516 0.0 0.0 114.08 -002.099 KOHM R   

2016-03-10 05:46:04.737000 46824.264 56.602 117.06 56.16 132.99 117.22 126.677 118.113 119.014 119.23 132.37 127.553 115.285 0.0 0.0 113.85 -002.101 KOHM R   

2016-03-10 05:47:16.226000 46895.753 56.549 116.83 56.212 132.91 116.99 126.43 117.878 118.779 118.998 132.136 127.319 115.055 0.0 0.0 113.62 -002.101 KOHM R   

2016-03-10 05:48:27.721000 46967.248 56.438 116.6 56.153 132.82 116.76 126.184 117.643 118.547 118.761 131.904 127.082 114.823 0.0 0.0 113.39 -002.099 KOHM R   

2016-03-10 05:49:39.650000 47039.177 56.342 116.36 56.146 132.74 116.52 125.936 117.408 118.311 118.532 131.671 126.848 114.589 0.0 0.0 113.16 -002.103 KOHM R   

2016-03-10 05:50:51.174000 47110.701 56.305 116.13 56.199 132.66 116.29 125.69 117.175 118.078 118.296 131.435 126.613 114.358 0.0 0.0 112.93 -002.102 KOHM R   

2016-03-10 05:52:02.679000 47182.206 56.181 115.9 56.117 132.58 116.06 125.444 116.94 117.844 118.063 131.205 126.379 114.127 0.0 0.0 112.7 -002.101 KOHM R   

2016-03-10 05:53:14.144000 47253.671 56.146 115.66 56.175 132.49 115.83 125.197 116.707 117.613 117.832 130.97 126.145 113.895 0.0 0.0 112.47 -002.098 KOHM R   

2016-03-10 05:54:26.158000 47325.685 56.054 115.43 56.129 132.41 115.59 124.95 116.473 117.38 117.596 130.736 125.904 113.66 0.0 0.0 112.24 -002.101 KOHM R   

2016-03-10 05:55:37.759000 47397.286 55.971 115.19 56.134 132.33 115.36 124.698 116.239 117.146 117.365 130.506 125.66 113.43 0.0 0.0 112.01 -002.104 KOHM R   

2016-03-10 05:56:49.359000 47468.886 55.899 114.96 56.126 132.25 115.12 124.451 116.005 116.913 117.128 130.273 125.426 113.195 0.0 0.0 111.78 -002.098 KOHM R   

2016-03-10 05:58:00.984000 47540.511 55.788 114.72 56.087 132.17 114.89 124.204 115.772 116.68 116.899 130.038 125.193 112.966 0.0 0.0 111.55 -002.099 KOHM R   

2016-03-10 05:59:13.090000 47612.617 55.71 114.49 56.098 132.08 114.65 123.951 115.537 116.446 116.666 129.801 124.955 112.732 0.0 0.0 111.32 -002.104 KOHM R   

2016-03-10 06:00:24.808000 47684.335 55.662 114.25 56.126 132.0 114.42 123.702 115.303 116.211 116.433 129.567 124.72 112.499 0.0 0.0 111.09 -002.101 KOHM R   

2016-03-10 06:01:36.504000 47756.031 55.549 114.02 56.06 131.92 114.19 123.453 115.07 115.979 116.201 129.334 124.484 112.267 0.0 0.0 110.87 -002.099 KOHM R   

2016-03-10 06:02:48.172000 47827.699 55.506 113.78 56.098 131.84 113.95 123.206 114.833 115.746 115.966 129.1 124.247 112.036 0.0 0.0 110.63 -002.104 KOHM R   

2016-03-10 06:04:00.313000 47899.84 55.434 113.55 56.092 131.76 113.71 122.956 114.599 115.514 115.733 128.865 124.01 111.803 0.0 0.0 110.4 -002.098 KOHM R   

2016-03-10 06:05:11.937000 47971.464 55.335 113.31 56.039 131.68 113.48 122.706 114.363 115.284 115.502 128.63 123.77 111.572 0.0 0.0 110.17 -002.100 KOHM R   

2016-03-10 06:06:23.610000 48043.137 55.279 113.08 56.066 131.6 113.24 122.46 114.127 115.05 115.272 128.397 123.537 111.34 0.0 0.0 109.94 -002.100 KOHM R   

2016-03-10 06:07:35.414000 48114.941 55.208 112.84 56.015 131.52 113.01 122.21 113.889 114.815 115.039 128.161 123.302 111.109 0.0 0.0 109.71 -002.102 KOHM R   

2016-03-10 06:08:47.625000 48187.152 55.093 112.61 56.016 131.44 112.77 121.962 113.655 114.58 114.805 127.926 123.066 110.874 0.0 0.0 109.48 -002.104 KOHM R   

2016-03-10 06:09:59.427000 48258.954 54.989 112.37 56.047 131.36 112.54 121.713 113.419 114.348 114.571 127.693 122.827 110.645 0.0 0.0 109.25 -002.103 KOHM R   

2016-03-10 06:11:11.227000 48330.754 54.965 112.13 56.053 131.28 112.3 121.467 113.185 114.11 114.337 127.456 122.594 110.412 0.0 0.0 109.02 -002.101 KOHM R   

2016-03-10 06:12:23.522000 48403.049 54.887 111.9 56.043 131.2 112.07 121.214 112.948 113.875 114.1 127.221 122.354 110.177 0.0 0.0 108.78 -002.106 KOHM R   

2016-03-10 06:13:35.330000 48474.857 54.763 111.66 55.963 131.12 111.83 120.966 112.714 113.644 113.868 126.986 122.119 109.946 0.0 0.0 108.55 -002.105 KOHM R   

2016-03-10 06:14:47.167000 48546.694 54.696 111.43 55.975 131.04 111.6 120.721 112.477 113.409 113.631 126.755 121.885 109.711 0.0 0.0 108.32 -002.103 KOHM R   

2016-03-10 06:15:59.057000 48618.584 54.66 111.2 56.02 130.96 111.36 120.472 112.244 113.174 113.398 126.514 121.648 109.48 0.0 0.0 108.09 -002.102 KOHM R   

2016-03-10 06:17:11.386000 48690.913 54.557 110.96 56.03 130.88 111.13 120.222 112.01 112.939 113.167 126.272 121.41 109.245 0.0 0.0 107.86 -002.104 KOHM R   

2016-03-10 06:18:23.275000 48762.802 54.484 110.72 55.991 130.8 110.89 119.975 111.775 112.705 112.93 126.034 121.177 109.011 0.0 0.0 107.63 -002.105 KOHM R   

2016-03-10 06:19:35.171000 48834.698 54.363 110.49 55.944 130.73 110.66 119.724 111.538 112.47 112.697 125.805 120.939 108.774 0.0 0.0 107.39 -002.105 KOHM R   

2016-03-10 06:20:47.076000 48906.603 54.283 110.25 55.938 130.65 110.43 119.474 111.303 112.236 112.463 125.57 120.703 108.542 0.0 0.0 107.16 -002.101 KOHM R   

2016-03-10 06:21:59.478000 48979.005 54.204 110.02 55.913 130.57 110.19 119.22 111.066 112.002 112.229 125.332 120.466 108.306 0.0 0.0 106.93 -002.103 KOHM R   

2016-03-10 06:23:11.423000 49050.95 54.162 109.78 55.945 130.49 109.95 118.971 110.833 111.768 111.997 125.098 120.23 108.074 0.0 0.0 106.7 -002.105 KOHM R   

2016-03-10 06:24:23.402000 49122.929 54.113 109.54 55.972 130.41 109.72 118.72 110.599 111.534 111.763 124.864 119.995 107.839 0.0 0.0 106.47 -002.104 KOHM R   

2016-03-10 06:25:35.850000 49195.377 54.029 109.3 55.955 130.33 109.48 118.468 110.362 111.299 111.529 124.626 119.757 107.603 0.0 0.0 106.23 -002.101 KOHM R   

2016-03-10 06:26:47.883000 49267.41 53.956 109.07 55.967 130.26 109.24 118.218 110.128 111.066 111.296 124.39 119.52 107.37 0.0 0.0 106.0 -002.103 KOHM R   

2016-03-10 06:27:59.898000 49339.425 53.854 108.83 55.921 130.18 109.0 117.969 109.893 110.831 111.062 124.151 119.282 107.136 0.0 0.0 105.77 -002.109 KOHM R   

2016-03-10 06:29:11.926000 49411.453 53.737 108.59 55.872 130.1 108.77 117.723 109.656 110.6 110.829 123.679 119.045 106.903 0.0 0.0 105.54 -002.104 KOHM R   

2016-03-10 06:30:24.407000 49483.934 53.678 108.35 55.871 130.02 108.53 117.469 109.418 110.364 110.594 122.996 118.804 106.667 0.0 0.0 105.31 -002.106 KOHM R   

2016-03-10 06:31:36.468000 49555.995 53.589 108.12 55.846 129.95 108.29 117.219 109.183 110.132 110.363 122.505 118.569 106.433 0.0 0.0 105.08 -002.107 KOHM R   

2016-03-10 06:32:48.556000 49628.083 53.541 107.88 55.87 129.87 108.06 116.971 108.945 109.898 110.128 122.138 118.33 106.2 0.0 0.0 104.85 -002.106 KOHM R   

2016-03-10 06:34:00.652000 49700.179 53.498 107.64 55.898 129.79 107.82 116.719 108.708 109.662 109.896 121.833 118.092 105.965 0.0 0.0 104.61 -002.104 KOHM R   

2016-03-10 06:35:13.207000 49772.734 53.366 107.41 55.881 129.71 107.57 116.461 108.471 109.424 109.659 121.559 117.85 105.731 0.0 0.0 104.38 -002.104 KOHM R   

2016-03-10 06:36:25.347000 49844.874 53.313 107.17 55.86 129.64 107.34 116.212 108.233 109.188 109.424 121.306 117.612 105.498 0.0 0.0 104.14 -002.111 KOHM R   

2016-03-10 06:37:37.471000 49916.998 53.27 106.93 55.894 129.56 107.11 115.964 107.995 108.952 109.189 121.051 117.376 105.263 0.0 0.0 103.91 -002.104 KOHM R   

2016-03-10 06:38:50.152000 49989.679 53.179 106.69 55.868 129.48 106.87 115.711 107.76 108.715 108.951 120.824 117.136 105.028 0.0 0.0 103.67 -002.105 KOHM R   

2016-03-10 06:40:02.277000 50061.804 53.082 106.46 55.841 129.4 106.63 115.463 107.524 108.48 108.717 120.593 116.899 104.792 0.0 0.0 103.44 -002.104 KOHM R   

2016-03-10 06:41:14.473000 50134.0 53.04 106.22 55.867 129.33 106.39 115.212 107.288 108.246 108.481 120.358 116.661 104.556 0.0 0.0 103.21 -002.106 KOHM R   

2016-03-10 06:42:26.630000 50206.157 52.967 105.98 55.86 129.25 106.16 114.963 107.049 108.008 108.247 120.126 116.428 104.319 0.0 0.0 102.97 -002.108 KOHM R   

2016-03-10 06:43:39.306000 50278.833 52.87 105.74 55.825 129.18 105.92 114.71 106.811 107.773 108.012 119.89 116.189 104.081 0.0 0.0 102.74 -002.102 KOHM R   

2016-03-10 06:44:51.543000 50351.07 52.825 105.51 55.86 129.1 105.68 114.459 106.577 107.536 107.776 119.655 115.952 103.846 0.0 0.0 102.5 -002.106 KOHM R   

2016-03-10 06:46:03.698000 50423.225 52.741 105.27 55.834 129.02 105.45 114.205 106.339 107.303 107.542 119.422 115.714 103.613 0.0 0.0 102.27 -002.108 KOHM R   

2016-03-10 06:47:16.338000 50495.865 52.649 105.03 55.825 128.95 105.21 113.954 106.1 107.066 107.306 119.187 115.476 103.375 0.0 0.0 102.03 -002.105 KOHM R   

2016-03-10 06:48:28.561000 50568.088 52.586 104.79 55.84 128.87 104.97 113.702 105.865 106.831 107.067 118.954 115.239 103.136 0.0 0.0 101.8 -002.103 KOHM R   

2016-03-10 06:49:40.830000 50640.357 52.51 104.56 55.829 128.8 104.73 113.449 105.629 106.595 106.835 118.719 115.002 102.904 0.0 0.0 101.57 -002.108 KOHM R   

2016-03-10 06:50:53.112000 50712.639 52.432 104.32 55.8 128.72 104.49 113.198 105.392 106.36 106.602 118.486 114.763 102.665 0.0 0.0 101.34 -002.110 KOHM R   

2016-03-10 06:52:05.885000 50785.412 52.344 104.07 55.788 128.65 104.25 112.946 105.157 106.123 106.364 118.252 114.522 102.428 0.0 0.0 101.1 -002.110 KOHM R   

2016-03-10 06:53:18.191000 50857.718 52.264 103.83 55.768 128.57 104.01 112.691 104.919 105.89 106.13 118.018 114.283 102.193 0.0 0.0 100.87 -002.102 KOHM R   

2016-03-10 06:54:30.495000 50930.022 52.216 103.6 55.807 128.5 103.77 112.442 104.68 105.654 105.896 117.786 114.045 101.955 0.0 0.0 100.64 -002.111 KOHM R   

2016-03-10 06:55:43.266000 51002.793 52.076 103.36 55.733 128.42 103.53 112.188 104.441 105.419 105.659 117.551 113.804 101.718 0.0 0.0 100.4 -002.109 KOHM R   

2016-03-10 06:56:55.613000 51075.14 51.989 103.12 55.724 128.35 103.29 111.937 104.203 105.183 105.424 117.315 113.563 101.481 0.0 0.0 100.17 -002.107 KOHM R   

2016-03-10 06:58:07.979000 51147.506 51.95 102.88 55.755 128.27 103.05 111.683 103.963 104.948 105.192 117.08 113.325 101.247 0.0 0.0 99.935 -002.107 KOHM R   

2016-03-10 06:59:20.370000 51219.897 51.846 102.64 55.716 128.2 102.81 111.434 103.725 104.711 104.955 116.848 113.087 101.01 0.0 0.0 99.698 -002.111 KOHM R   

2016-03-10 07:00:33.281000 51292.808 51.791 102.39 55.712 128.13 102.57 111.18 103.483 104.471 104.719 116.612 112.847 100.771 0.0 0.0 99.46 -002.112 KOHM R   

2016-03-10 07:01:45.712000 51365.239 51.727 102.16 55.724 128.05 102.33 110.929 103.248 104.235 104.482 116.376 112.607 100.536 0.0 0.0 99.221 -002.105 KOHM R   

2016-03-10 07:02:58.057000 51437.584 51.666 101.92 55.672 127.98 102.09 110.678 103.009 103.995 104.243 116.143 112.37 100.3 0.0 0.0 98.988 -002.106 KOHM R   

2016-03-10 07:04:10.942000 51510.469 51.602 101.67 55.743 127.9 101.85 110.425 102.769 103.759 104.007 115.906 112.13 100.052 0.0 0.0 98.751 -002.112 KOHM R   

2016-03-10 07:05:23.395000 51582.922 51.528 101.43 55.745 127.83 101.61 110.173 102.529 103.52 103.769 115.669 111.891 99.8239 0.0 0.0 98.515 -002.104 KOHM R   

2016-03-10 07:06:35.893000 51655.42 51.453 101.19 55.741 127.75 101.37 109.92 102.292 103.284 103.53 115.435 111.653 99.5871 0.0 0.0 98.277 -002.113 KOHM R   

2016-03-10 07:07:48.411000 51727.938 51.371 100.95 55.734 127.68 101.13 109.665 102.05 103.042 103.294 115.2 111.412 99.3452 0.0 0.0 98.042 -002.107 KOHM R   

2016-03-10 07:09:01.441000 51800.968 51.223 100.71 55.657 127.61 100.89 109.408 101.81 102.806 103.057 114.96 111.173 99.1049 0.0 0.0 97.805 -002.106 KOHM R   

2016-03-10 07:10:13.945000 51873.472 51.15 100.47 55.658 127.54 100.65 109.152 101.573 102.569 102.819 114.722 110.933 98.8671 0.0 0.0 97.57 -002.110 KOHM R   

2016-03-10 07:11:26.489000 51946.016 51.076 100.24 55.647 127.46 100.41 108.902 101.335 102.333 102.583 114.484 110.696 98.6269 0.0 0.0 97.334 -002.113 KOHM R   

2016-03-10 07:12:39.532000 52019.059 51.059 99.993 55.722 127.39 100.17 108.644 101.095 102.093 102.344 114.246 110.455 98.3856 0.0 0.0 97.095 -002.109 KOHM R   

2016-03-10 07:13:52.098000 52091.625 50.972 99.752 55.673 127.32 99.929 108.39 100.857 101.856 102.106 114.007 110.219 98.1486 0.0 0.0 96.861 -002.110 KOHM R   

2016-03-10 07:15:04.633000 52164.16 50.876 99.51 55.662 127.25 99.687 108.136 100.617 101.617 101.87 113.77 109.978 97.9089 0.0 0.0 96.624 -002.112 KOHM R   

2016-03-10 07:16:17.199000 52236.726 50.773 99.267 55.641 127.17 99.442 107.881 100.378 101.38 101.635 113.526 109.736 97.6701 0.0 0.0 96.386 -002.109 KOHM R   

2016-03-10 07:17:30.267000 52309.794 50.744 99.023 55.681 127.1 99.199 107.626 100.139 101.143 101.397 113.286 109.495 97.4313 0.0 0.0 96.151 -002.107 KOHM R   

2016-03-10 07:18:42.906000 52382.433 50.692 98.78 55.691 127.03 98.956 107.368 99.8983 100.904 101.158 113.045 109.252 97.1899 0.0 0.0 95.912 -002.111 KOHM R   

2016-03-10 07:19:55.559000 52455.086 50.611 98.538 55.672 126.96 98.713 107.116 99.6559 100.667 100.922 112.806 109.011 96.9496 0.0 0.0 95.678 -002.111 KOHM R   

2016-03-10 07:21:08.707000 52528.234 50.47 98.293 55.612 126.89 98.467 106.859 99.4133 100.431 100.684 112.565 108.769 96.7105 0.0 0.0 95.439 -002.112 KOHM R   

2016-03-10 07:22:21.343000 52600.87 50.41 98.053 55.624 126.82 98.226 106.604 99.1717 100.193 100.447 112.326 108.528 96.4711 0.0 0.0 95.205 -002.110 KOHM R   

2016-03-10 07:23:34.008000 52673.535 50.333 97.807 55.621 126.75 97.982 106.35 98.9315 99.9542 100.21 112.089 108.287 96.2303 0.0 0.0 94.968 -002.111 KOHM R   

2016-03-10 07:24:46.683000 52746.21 50.324 97.565 55.683 126.68 97.738 106.095 98.6916 99.7134 99.9729 111.848 108.046 95.9937 0.0 0.0 94.728 -002.113 KOHM R   

2016-03-10 07:25:59.847000 52819.374 50.197 97.32 55.63 126.6 97.495 105.839 98.449 99.4722 99.7335 111.608 107.803 95.7506 0.0 0.0 94.487 -002.109 KOHM R   

2016-03-10 07:27:12.533000 52892.06 50.122 97.076 55.618 126.54 97.25 105.584 98.2087 99.236 99.4931 111.372 107.563 95.5107 0.0 0.0 94.248 -002.111 KOHM R   

2016-03-10 07:28:25.252000 52964.779 50.031 96.834 55.602 126.47 97.009 105.332 97.9666 98.994 99.2541 111.131 107.325 95.2733 0.0 0.0 94.008 -002.110 KOHM R   

2016-03-10 07:29:38.527000 53038.054 50.022 96.589 55.657 126.39 96.762 105.074 97.7251 98.7518 99.0121 110.889 107.082 95.0293 0.0 0.0 93.767 -002.116 KOHM R   

2016-03-10 07:30:51.292000 53110.819 49.886 96.346 55.591 126.32 96.52 104.815 97.4803 98.5146 98.7726 110.65 106.84 94.7883 0.0 0.0 93.525 -002.110 KOHM R   

2016-03-10 07:32:04.090000 53183.617 49.827 96.102 55.579 126.25 96.276 104.559 97.2396 98.2722 98.536 110.41 106.6 94.544 0.0 0.0 93.289 -002.115 KOHM R   

2016-03-10 07:33:17.464000 53256.991 49.802 95.859 55.652 126.18 96.032 104.3 96.9948 98.0331 98.2925 110.173 106.358 94.3009 0.0 0.0 93.047 -002.115 KOHM R   

2016-03-10 07:34:30.250000 53329.777 49.648 95.615 55.581 126.11 95.786 104.041 96.7585 97.7928 98.0523 109.932 106.115 94.0585 0.0 0.0 92.806 -002.109 KOHM R   

2016-03-10 07:35:43.069000 53402.596 49.593 95.371 55.571 126.04 95.545 103.782 96.5141 97.5504 97.8142 109.692 105.876 93.815 0.0 0.0 92.568 -002.117 KOHM R   

2016-03-10 07:36:55.909000 53475.436 49.538 95.127 55.604 125.97 95.3 103.526 96.2708 97.31 97.5735 109.454 105.635 93.5716 0.0 0.0 92.328 -002.113 KOHM R   

2016-03-10 07:38:09.253000 53548.78 49.412 94.881 55.554 125.91 95.056 103.265 96.0304 97.0697 97.334 109.214 105.391 93.3274 0.0 0.0 92.089 -002.115 KOHM R   

2016-03-10 07:39:22.118000 53621.645 49.389 94.634 55.589 125.84 94.81 103.008 95.7875 96.8285 97.0928 108.975 105.15 93.0838 0.0 0.0 91.848 -002.113 KOHM R   

2016-03-10 07:40:35.022000 53694.549 49.334 94.389 55.596 125.77 94.562 102.75 95.5468 96.5901 96.8533 108.736 104.911 92.8421 0.0 0.0 91.609 -002.115 KOHM R   

2016-03-10 07:41:48.352000 53767.879 49.174 94.14 55.532 125.7 94.316 102.487 95.303 96.3494 96.614 108.495 104.663 92.5966 0.0 0.0 91.365 -002.109 KOHM R   

2016-03-10 07:43:01.253000 53840.78 49.177 93.893 55.608 125.63 94.066 102.231 95.0592 96.1068 96.371 108.256 104.421 92.3508 0.0 0.0 91.125 -002.117 KOHM R   

2016-03-10 07:44:14.214000 53913.741 49.104 93.646 55.586 125.56 93.818 101.969 94.8143 95.8687 96.1344 108.013 104.177 92.1093 0.0 0.0 90.886 -002.116 KOHM R   

2016-03-10 07:45:27.645000 53987.172 49.016 93.398 55.579 125.49 93.569 101.712 94.5686 95.6239 95.8903 107.77 103.933 91.8623 0.0 0.0 90.645 -002.112 KOHM R   

2016-03-10 07:46:40.612000 54060.139 48.95 93.15 55.585 125.42 93.32 101.451 94.3221 95.3859 95.6515 107.527 103.689 91.6184 0.0 0.0 90.404 -002.114 KOHM R   

2016-03-10 07:47:53.488000 54133.015 48.857 92.902 55.553 125.35 93.072 101.193 94.0763 95.1438 95.4089 107.284 103.447 91.3755 0.0 0.0 90.164 -002.115 KOHM R   

2016-03-10 07:49:06.474000 54206.001 48.729 92.655 55.504 125.29 92.825 100.935 93.8319 94.9011 95.1727 107.042 103.202 91.1305 0.0 0.0 89.922 -002.114 KOHM R   

2016-03-10 07:50:19.965000 54279.492 48.715 92.406 55.535 125.22 92.576 100.673 93.5846 94.6566 94.9265 106.796 102.957 90.8853 0.0 0.0 89.678 -002.113 KOHM R   

2016-03-10 07:51:32.935000 54352.462 48.584 92.159 55.504 125.15 92.296 100.414 93.3381 94.4128 94.6856 106.553 102.714 90.6415 0.0 0.0 89.432 -002.115 KOHM R   

2016-03-10 07:52:45.969000 54425.496 48.59 91.912 55.574 125.08 92.079 100.156 93.095 94.1706 94.4416 106.309 102.469 90.3971 0.0 0.0 89.19 -002.117 KOHM R   

2016-03-10 07:53:59.471000 54498.998 48.502 91.661 55.503 125.01 91.828 99.8926 92.8442 93.9224 94.1943 106.063 102.223 90.1517 0.0 0.0 88.943 -002.117 KOHM R   

2016-03-10 07:55:12.513000 54572.04 48.396 91.413 55.564 124.95 91.581 99.6315 92.5983 93.6787 93.9543 105.819 101.979 89.9049 0.0 0.0 88.7 -002.117 KOHM R   

2016-03-10 07:56:25.565000 54645.092 48.272 91.166 55.488 124.88 91.33 99.3676 92.3538 93.4352 93.7093 105.574 101.736 89.6598 0.0 0.0 88.456 -002.117 KOHM R   

2016-03-10 07:57:39.185000 54718.712 48.239 90.917 55.496 124.81 91.082 99.1062 92.1039 93.1884 93.4616 105.329 101.491 89.407 0.0 0.0 88.207 -002.116 KOHM R   

2016-03-10 07:58:52.284000 54791.811 48.12 90.666 55.47 124.74 90.834 98.8439 91.8589 92.9438 93.2176 105.083 101.246 89.1599 0.0 0.0 87.962 -002.119 KOHM R   

2016-03-10 08:00:05.358000 54864.885 48.136 90.419 55.532 124.68 90.583 98.5799 91.6122 92.6974 92.9761 104.838 100.999 88.8982 0.0 0.0 87.718 -002.115 KOHM R   

2016-03-10 08:01:18.999000 54938.526 48.055 90.169 55.525 124.61 90.332 98.3161 91.3659 92.4529 92.7289 104.587 100.756 88.6615 0.0 0.0 87.472 -002.117 KOHM R   

2016-03-10 08:02:32.153000 55011.68 47.949 89.922 55.496 124.54 90.084 98.0513 91.1199 92.2088 92.4858 104.34 100.507 88.4141 0.0 0.0 87.226 -002.119 KOHM R   

2016-03-10 08:03:45.321000 55084.848 47.807 89.668 55.462 124.47 89.829 97.7902 90.8719 91.9643 92.239 104.094 100.266 88.1669 0.0 0.0 86.982 -002.117 KOHM R   

2016-03-10 08:04:58.545000 55158.072 47.791 89.415 55.482 124.41 89.576 97.5248 90.6264 91.719 91.9939 103.846 100.02 87.9158 0.0 0.0 86.736 -002.115 KOHM R   

2016-03-10 08:06:12.199000 55231.726 47.739 89.16 55.515 124.34 89.323 97.2633 90.3757 91.4727 91.748 103.6 99.7708 87.6656 0.0 0.0 86.492 -002.115 KOHM R   

2016-03-10 08:07:25.385000 55304.912 47.565 88.909 55.484 124.28 89.068 96.9982 90.1288 91.2286 91.5031 103.353 99.5247 87.4166 0.0 0.0 86.246 -002.122 KOHM R   

2016-03-10 08:08:38.588000 55378.115 47.579 88.657 55.489 124.21 88.815 96.7345 89.8792 90.9809 91.2594 103.106 99.2775 87.1668 0.0 0.0 86.001 -002.117 KOHM R   

2016-03-10 08:09:52.292000 55451.819 47.44 88.403 55.44 124.14 88.561 96.4686 89.6239 90.7342 91.0114 102.857 99.028 86.9154 0.0 0.0 85.754 -002.116 KOHM R   

2016-03-10 08:11:05.533000 55525.06 47.462 88.15 55.51 124.08 88.307 96.2061 89.3764 90.4879 90.7654 102.612 98.7802 86.6669 0.0 0.0 85.508 -002.122 KOHM R   

2016-03-10 08:12:18.786000 55598.313 47.31 87.897 55.456 124.01 88.053 95.9404 89.1239 90.2409 90.5214 102.364 98.5325 86.4188 0.0 0.0 85.262 -002.123 KOHM R   

2016-03-10 08:13:32.590000 55672.117 47.27 87.643 55.476 123.95 87.796 95.6732 88.8734 89.9928 90.2732 102.114 98.2819 86.1649 0.0 0.0 85.016 -002.117 KOHM R   

2016-03-10 08:14:45.934000 55745.461 47.122 87.388 55.437 123.88 87.54 95.4089 88.6208 89.7449 90.0287 101.862 98.0363 85.9189 0.0 0.0 84.765 -002.123 KOHM R   

2016-03-10 08:15:59.223000 55818.75 47.116 87.136 55.46 123.82 87.287 95.1433 88.3673 89.4983 89.7798 101.615 97.7837 85.6671 0.0 0.0 84.516 -002.119 KOHM R   

2016-03-10 08:17:13.040000 55892.567 47.046 86.882 55.454 123.75 87.03 94.8777 88.1157 89.2443 89.5296 101.36 97.5343 85.4143 0.0 0.0 84.266 -002.118 KOHM R   

2016-03-10 08:18:36.025000 55975.552 46.895 86.596 55.416 123.68 86.742 94.573 87.8275 88.9615 89.2476 101.078 97.255 85.1324 0.0 0.0 83.982 -002.121 KOHM R   

2016-03-10 08:19:49.586000 56049.113 46.92 86.341 55.486 123.61 86.486 94.3006 87.575 88.7113 88.9973 100.829 97.0044 84.8797 0.0 0.0 83.731 -002.121 KOHM R   

2016-03-10 08:21:03.636000 56123.163 46.84 86.083 55.485 123.55 86.23 94.0314 87.3219 88.4574 88.7443 100.579 96.7545 84.6222 0.0 0.0 83.479 -002.124 KOHM R   

2016-03-10 08:22:17.311000 56196.838 46.638 85.828 55.411 123.48 85.974 93.7622 87.0649 88.2066 88.496 100.332 96.5037 84.3668 0.0 0.0 83.229 -002.122 KOHM R   

2016-03-10 08:23:30.897000 56270.424 46.656 85.574 55.442 123.42 85.719 93.4926 86.8138 87.9542 88.2433 100.08 96.2549 84.1127 0.0 0.0 82.977 -002.115 KOHM R   

2016-03-10 08:24:45.051000 56344.578 46.48 85.316 55.446 123.35 85.459 93.2197 86.5558 87.7026 87.9909 99.829 96.0028 83.8542 0.0 0.0 82.725 -002.120 KOHM R   

2016-03-10 08:25:58.643000 56418.17 46.526 85.063 55.452 123.29 85.204 92.9479 86.3022 87.4519 87.7401 99.5724 95.7532 83.6 0.0 0.0 82.472 -002.120 KOHM R   

2016-03-10 08:27:12.221000 56491.748 46.416 84.805 55.443 123.22 84.948 92.6804 86.0481 87.199 87.489 99.3241 95.5018 83.3451 0.0 0.0 82.221 -002.122 KOHM R   

2016-03-10 08:28:26.194000 56565.721 46.317 84.542 55.431 123.16 84.686 92.4073 85.7919 86.945 87.2366 99.0674 95.251 83.0879 0.0 0.0 81.967 -002.118 KOHM R   

2016-03-10 08:29:39.614000 56639.141 46.206 84.285 55.388 123.09 84.424 92.1366 85.5386 86.6953 86.9859 98.8157 95.0006 82.8323 0.0 0.0 81.719 -002.124 KOHM R   

2016-03-10 08:30:53.062000 56712.589 46.234 84.026 55.436 123.03 84.163 91.8662 85.2843 86.4428 86.7324 98.5666 94.749 82.5765 0.0 0.0 81.466 -002.120 KOHM R   

2016-03-10 08:32:07.032000 56786.559 46.154 83.765 55.425 122.97 83.902 91.5942 85.0285 86.1876 86.4781 98.3109 94.4927 82.3197 0.0 0.0 81.214 -002.123 KOHM R   

2016-03-10 08:33:20.506000 56860.033 45.972 83.507 55.385 122.9 83.642 91.3223 84.768 85.9322 86.2266 98.06 94.2414 82.0624 0.0 0.0 80.96 -002.127 KOHM R   

2016-03-10 08:34:34.014000 56933.541 45.917 83.247 55.448 122.84 83.374 91.0481 84.5093 85.6812 85.9736 97.8046 93.9893 81.8083 0.0 0.0 80.71 -002.119 KOHM R   

2016-03-10 08:35:48.034000 57007.561 45.869 82.986 55.442 122.77 83.118 90.7749 84.2487 85.428 85.7234 97.5515 93.7315 81.5495 0.0 0.0 80.456 -002.127 KOHM R   

2016-03-10 08:37:01.568000 57081.095 45.828 82.726 55.43 122.71 82.825 90.5044 83.9911 85.1738 85.4677 97.297 93.48 81.2914 0.0 0.0 80.204 -002.123 KOHM R   

2016-03-10 08:38:15.095000 57154.622 45.619 82.466 55.349 122.65 82.597 90.2301 83.7303 84.9172 85.2193 97.0395 93.2242 81.0354 0.0 0.0 79.949 -002.126 KOHM R   

2016-03-10 08:39:29.253000 57228.78 45.536 82.202 55.348 122.59 82.334 89.9564 83.4698 84.66 84.9586 96.7713 92.9654 80.7775 0.0 0.0 79.689 -002.122 KOHM R   

2016-03-10 08:40:42.841000 57302.368 45.581 81.944 55.393 122.52 82.071 89.6822 83.2104 84.4029 84.7019 96.5165 92.7141 80.5212 0.0 0.0 79.433 -002.121 KOHM R   

2016-03-10 08:41:56.444000 57375.971 45.502 81.682 55.422 122.46 81.809 89.4024 82.9493 84.1494 84.447 96.2607 92.4594 80.2634 0.0 0.0 79.176 -002.124 KOHM R   

2016-03-10 08:43:10.586000 57450.113 45.432 81.42 55.403 122.4 81.544 89.1239 82.6865 83.8853 84.1877 96.005 92.2049 80.0016 0.0 0.0 78.918 -002.128 KOHM R   

2016-03-10 08:44:24.221000 57523.748 45.32 81.157 55.399 122.34 81.284 88.8456 82.4246 83.6287 83.9314 95.7519 91.948 79.7393 0.0 0.0 78.659 -002.124 KOHM R   

2016-03-10 08:45:37.878000 57597.405 45.129 80.895 55.326 122.27 81.019 88.5672 82.1657 83.3712 83.6742 95.4951 91.6918 79.4787 0.0 0.0 78.4 -002.122 KOHM R   

2016-03-10 08:46:52.085000 57671.612 45.118 80.634 55.363 122.21 80.753 88.286 81.903 83.109 83.4133 95.2382 91.4347 79.2142 0.0 0.0 78.14 -002.129 KOHM R   

2016-03-10 08:48:05.772000 57745.299 45.013 80.37 55.326 122.15 80.49 88.009 81.6399 82.8507 83.153 94.9857 91.1791 78.9493 0.0 0.0 77.881 -002.121 KOHM R   

2016-03-10 08:49:19.455000 57818.982 45.052 80.109 55.399 122.08 80.226 87.7284 81.3749 82.5886 82.8957 94.7261 90.9234 78.6873 0.0 0.0 77.624 -002.122 KOHM R   

2016-03-10 08:50:33.647000 57893.174 44.949 79.843 55.372 122.02 79.958 87.4464 81.1136 82.3305 82.6336 94.4676 90.6655 78.4221 0.0 0.0 77.362 -002.128 KOHM R   

2016-03-10 08:51:47.400000 57966.927 44.844 79.574 55.397 121.96 79.691 87.1675 80.8509 82.0692 82.376 94.2087 90.4086 78.1598 0.0 0.0 77.101 -002.126 KOHM R   

2016-03-10 08:53:01.038000 58040.565 44.752 79.308 55.319 121.9 79.423 86.8882 80.5866 81.8084 82.1171 93.949 90.1519 77.8943 0.0 0.0 76.843 -002.126 KOHM R   

2016-03-10 08:54:15.340000 58114.867 44.658 79.037 55.37 121.84 79.151 86.6057 80.3215 81.5444 81.8519 93.6894 89.8913 77.6276 0.0 0.0 76.58 -002.130 KOHM R   

2016-03-10 08:55:29.151000 58188.678 44.553 78.771 55.355 121.77 78.88 86.3228 80.0561 81.2817 81.5935 93.4269 89.6306 77.3633 0.0 0.0 76.322 -002.125 KOHM R   

2016-03-10 08:56:42.865000 58262.392 44.424 78.501 55.299 121.71 78.612 86.0412 79.7883 81.0212 81.3308 93.1705 89.371 77.0965 0.0 0.0 76.061 -002.125 KOHM R   

2016-03-10 08:57:57.146000 58336.673 44.358 78.234 55.328 121.65 78.338 85.757 79.5166 80.7587 81.0695 92.9045 89.1063 76.8313 0.0 0.0 75.796 -002.130 KOHM R   

2016-03-10 08:59:10.953000 58410.48 44.303 77.965 55.324 121.59 78.067 85.4749 79.2496 80.4937 80.8082 92.6433 88.8446 76.5641 0.0 0.0 75.538 -002.128 KOHM R   

2016-03-10 09:00:24.782000 58484.309 44.252 77.696 55.339 121.53 77.8 85.1897 78.9802 80.2329 80.5452 92.3826 88.58 76.2992 0.0 0.0 75.276 -002.127 KOHM R   

2016-03-10 09:01:39.166000 58558.693 44.056 77.426 55.311 121.47 77.526 84.9044 78.7081 79.9671 80.2821 92.1189 88.3144 76.0322 0.0 0.0 75.012 -002.126 KOHM R   

2016-03-10 09:02:53.050000 58632.577 44.005 77.155 55.31 121.41 77.252 84.6179 78.4383 79.7 80.0172 91.8569 88.0528 75.7651 0.0 0.0 74.748 -002.128 KOHM R   

2016-03-10 09:04:06.931000 58706.458 43.925 76.886 55.373 121.35 76.954 84.3294 78.1708 79.4353 79.7519 91.5923 87.7922 75.4994 0.0 0.0 74.483 -002.129 KOHM R   

2016-03-10 09:05:21.341000 58780.868 43.881 76.613 55.314 121.29 76.71 84.0429 77.8966 79.1632 79.4818 91.3245 87.5265 75.2293 0.0 0.0 74.213 -002.127 KOHM R   

2016-03-10 09:06:35.225000 58854.752 43.853 76.34 55.321 121.23 76.435 83.7523 77.6232 78.8961 79.2147 91.0442 87.2642 74.9626 0.0 0.0 73.948 -002.130 KOHM R   

2016-03-10 09:07:49.126000 58928.653 43.785 76.073 55.337 121.17 76.162 83.4638 77.3516 78.6302 78.9483 90.7749 87.0018 74.6929 0.0 0.0 73.678 -002.130 KOHM R   

2016-03-10 09:09:03.035000 59002.562 43.726 75.801 55.35 121.11 75.888 83.1717 77.0803 78.3605 78.6793 90.5099 86.7366 74.4183 0.0 0.0 73.412 -002.127 KOHM R   

2016-03-10 09:10:17.442000 59076.969 43.496 75.527 55.306 121.05 75.613 82.8797 76.8059 78.0885 78.4086 90.246 86.4706 74.1441 0.0 0.0 73.143 -002.126 KOHM R   

2016-03-10 09:11:31.477000 59151.004 43.444 75.256 55.312 120.99 75.338 82.5882 76.5281 77.8159 78.1382 89.9849 86.2059 73.8701 0.0 0.0 72.877 -002.125 KOHM R   

2016-03-10 09:12:45.959000 59225.486 43.296 74.981 55.308 120.93 75.062 82.2985 76.2546 77.546 77.8661 89.7188 85.9402 73.597 0.0 0.0 72.606 -002.135 KOHM R   

2016-03-10 09:13:59.943000 59299.47 43.205 74.704 55.301 120.87 74.785 82.0046 75.9807 77.2745 77.5949 89.4514 85.6751 73.325 0.0 0.0 72.338 -002.127 KOHM R   

2016-03-10 09:15:13.929000 59373.456 43.118 74.427 55.286 120.81 74.506 81.7087 75.7029 77.0033 77.3264 89.1871 85.4076 73.0496 0.0 0.0 72.07 -002.127 KOHM R   

2016-03-10 09:16:28.495000 59448.022 43.144 74.15 55.34 120.75 74.223 81.4173 75.4275 76.7298 77.0539 88.9205 85.1416 72.7726 0.0 0.0 71.796 -002.131 KOHM R   

2016-03-10 09:17:42.552000 59522.079 43.034 73.872 55.331 120.69 73.942 81.1253 75.1502 76.459 76.7794 88.6546 84.8721 72.499 0.0 0.0 71.525 -002.130 KOHM R   

2016-03-10 09:18:56.612000 59596.139 42.93 73.593 55.325 120.63 73.663 80.8266 74.8689 76.1827 76.5064 88.3857 84.6027 72.2222 0.0 0.0 71.257 -002.134 KOHM R   

2016-03-10 09:20:11.179000 59670.706 42.963 73.313 55.392 120.57 73.388 80.5319 74.5878 75.9092 76.2316 88.1124 84.3295 71.9451 0.0 0.0 70.993 -002.131 KOHM R   

2016-03-10 09:21:25.176000 59744.703 42.869 73.041 55.496 120.53 73.139 80.2371 74.3069 75.6301 75.9527 87.7566 83.9893 71.6902 0.0 0.0 70.758 -002.126 KOHM R   

2016-03-10 09:22:39.202000 59818.729 42.768 72.783 55.613 120.51 72.922 79.9364 74.0342 75.3462 75.6666 87.3124 83.5706 71.4522 0.0 0.0 70.536 -002.135 KOHM R   

2016-03-10 09:23:53.861000 59893.388 42.622 72.539 55.681 120.49 72.705 79.6358 73.7697 75.049 75.369 86.8528 83.1305 71.2287 0.0 0.0 70.324 -002.135 KOHM R   

2016-03-10 09:25:07.950000 59967.477 42.558 72.309 55.821 120.5 72.502 79.334 73.5149 74.7526 75.0733 86.4297 82.693 71.0253 0.0 0.0 70.122 -002.134 KOHM R   

2016-03-10 09:26:22.092000 60041.619 42.518 72.092 55.954 120.51 72.295 79.0363 73.2768 74.456 74.7724 86.0633 82.2667 70.8322 0.0 0.0 69.93 -002.131 KOHM R   

2016-03-10 09:27:36.792000 60116.319 42.55 71.888 56.087 120.54 72.118 78.7354 73.0456 74.1617 74.4743 85.7318 81.8433 70.6522 0.0 0.0 69.747 -002.131 KOHM R   

2016-03-10 09:28:50.904000 60190.431 42.481 71.697 56.267 120.57 71.943 78.4429 72.8281 73.8754 74.1802 85.4248 81.4369 70.4845 0.0 0.0 69.576 -002.136 KOHM R   

2016-03-10 09:30:05.045000 60264.572 42.435 71.515 56.383 120.62 71.765 78.1499 72.6215 73.6022 73.8949 85.1356 81.0342 70.3277 0.0 0.0 69.413 -002.137 KOHM R   

2016-03-10 09:31:19.684000 60339.211 42.451 71.341 56.485 120.67 71.613 77.8601 72.4238 73.3329 73.6199 84.852 80.6129 70.1787 0.0 0.0 69.261 -002.131 KOHM R   

2016-03-10 09:32:33.881000 60413.408 42.272 71.178 56.541 120.73 71.462 77.5769 72.2395 73.0762 73.3545 84.5706 80.2087 70.0379 0.0 0.0 69.116 -002.101 KOHM R   

2016-03-10 09:33:48.147000 60487.674 42.284 71.024 56.642 120.79 71.319 77.2972 72.0627 72.8323 73.0988 84.2929 79.8349 69.9084 0.0 0.0 68.982 -002.124 KOHM R   

2016-03-10 09:35:02.899000 60562.426 42.207 70.873 56.762 120.86 71.179 77.0203 71.8983 72.5936 72.8555 84.0142 79.4733 69.7803 0.0 0.0 68.85 -002.147 KOHM R   

2016-03-10 09:36:17.108000 60636.635 42.138 70.731 56.832 120.94 71.039 76.7502 71.7396 72.3734 72.6265 83.7355 79.1209 69.6636 0.0 0.0 68.729 -002.133 KOHM R   

2016-03-10 09:37:31.385000 60710.912 42.246 70.597 56.956 121.02 70.923 76.4859 71.5943 72.1616 72.4073 83.4573 78.7779 69.5528 0.0 0.0 68.614 -002.139 KOHM R   

2016-03-10 09:38:46.229000 60785.756 42.062 70.466 57.013 121.1 70.802 76.2268 71.4501 71.962 72.1977 83.1795 78.4485 69.4433 0.0 0.0 68.506 -002.141 KOHM R   

2016-03-10 09:40:00.474000 60860.001 42.057 70.339 57.054 121.19 70.692 75.9717 71.3154 71.7741 72.0002 82.9101 78.1287 69.3451 0.0 0.0 68.403 -002.139 KOHM R   

2016-03-10 09:41:14.744000 60934.271 41.994 70.219 57.132 121.28 70.581 75.7247 71.1912 71.5975 71.8151 82.6448 77.8168 69.2449 0.0 0.0 68.302 -002.144 KOHM R   

2016-03-10 09:42:29.635000 61009.162 42.121 70.1 57.264 121.37 70.48 75.4791 71.066 71.4286 71.6389 82.3807 77.5113 69.1557 0.0 0.0 68.207 -002.144 KOHM R   

2016-03-10 09:43:43.953000 61083.48 42.131 69.987 57.31 121.46 70.382 75.2427 70.9535 71.2665 71.4733 82.1237 77.2233 69.0679 0.0 0.0 68.118 -002.141 KOHM R   

2016-03-10 09:44:58.296000 61157.823 41.912 69.879 57.331 121.56 70.289 75.0125 70.8424 71.1187 71.3165 81.8702 76.9446 68.9868 0.0 0.0 68.032 -002.143 KOHM R   

2016-03-10 09:46:13.199000 61232.726 42.082 69.769 57.455 121.66 70.197 74.7837 70.7369 70.9719 71.1658 81.6188 76.6699 68.9054 0.0 0.0 67.952 -002.148 KOHM R   

2016-03-10 09:47:27.516000 61307.043 42.046 69.667 57.523 121.76 70.112 74.5618 70.6381 70.8358 71.026 81.3748 76.409 68.831 0.0 0.0 67.874 -002.144 KOHM R   

2016-03-10 09:48:41.921000 61381.448 42.029 69.566 57.561 121.86 70.03 74.3431 70.5411 70.7105 70.8936 81.1365 76.1556 68.7591 0.0 0.0 67.799 -002.142 KOHM R   

2016-03-10 09:49:56.922000 61456.449 41.895 69.472 57.641 121.97 69.949 74.1298 70.4497 70.5872 70.7674 80.8972 75.9123 68.6897 0.0 0.0 67.726 -002.144 KOHM R   

2016-03-10 09:51:11.272000 61530.799 42.0 69.378 57.731 122.08 69.872 73.9235 70.3603 70.472 70.65 80.6678 75.6782 68.6255 0.0 0.0 67.661 -002.145 KOHM R   

2016-03-10 09:52:25.711000 61605.238 41.952 69.285 57.755 122.18 69.799 73.7253 70.2803 70.3642 70.5396 80.442 75.4525 68.5631 0.0 0.0 67.598 -002.146 KOHM R   

2016-03-10 09:53:40.727000 61680.254 41.854 69.198 57.835 122.29 69.727 73.5314 70.1961 70.2581 70.4319 80.2202 75.2342 68.5038 0.0 0.0 67.536 -002.145 KOHM R   

2016-03-10 09:54:55.117000 61754.644 41.966 69.112 57.886 122.4 69.662 73.3422 70.1236 70.1603 70.3335 80.0039 75.0309 68.4485 0.0 0.0 67.476 -002.147 KOHM R   

2016-03-10 09:56:10.152000 61829.679 41.749 69.031 57.916 122.52 69.597 73.1585 70.0477 70.0637 70.238 79.7891 74.8251 68.3922 0.0 0.0 67.421 -002.147 KOHM R   

2016-03-10 09:57:24.667000 61904.194 41.897 68.951 58.019 122.63 69.535 72.9833 69.9769 69.9786 70.1495 79.5765 74.6332 68.3421 0.0 0.0 67.37 -002.151 KOHM R   

2016-03-10 09:58:39.209000 61978.736 41.899 68.869 58.047 122.74 69.476 72.8073 69.9096 69.8914 70.0651 79.3739 74.4429 68.2964 0.0 0.0 67.318 -002.150 KOHM R   

2016-03-10 09:59:54.252000 62053.779 41.783 68.794 58.121 122.86 69.42 72.6402 69.8453 69.8099 69.9815 79.1715 74.265 68.2477 0.0 0.0 67.27 -002.150 KOHM R   

2016-03-10 10:01:08.801000 62128.328 41.891 68.72 58.183 122.97 69.365 72.4812 69.7818 69.7327 69.9078 78.978 74.092 68.1991 0.0 0.0 67.223 -002.148 KOHM R   

2016-03-10 10:02:23.364000 62202.891 41.79 68.644 58.186 123.09 69.31 72.323 69.7198 69.6579 69.8353 78.7862 73.927 68.1588 0.0 0.0 67.176 -002.145 KOHM R   

2016-03-10 10:03:38.464000 62277.991 41.789 68.573 58.278 123.2 69.259 72.1705 69.6641 69.5878 69.7598 78.5991 73.7666 68.1168 0.0 0.0 67.134 -002.147 KOHM R   

2016-03-10 10:04:53.032000 62352.559 41.662 68.503 58.31 123.32 69.208 72.0217 69.6059 69.519 69.696 78.417 73.6151 68.0775 0.0 0.0 67.091 -002.152 KOHM R   

2016-03-10 10:06:07.623000 62427.15 41.654 68.434 58.345 123.44 69.162 71.881 69.5548 69.4547 69.6316 78.2388 73.4673 68.0363 0.0 0.0 67.05 -002.153 KOHM R   

2016-03-10 10:07:22.717000 62502.244 41.784 68.366 58.388 123.55 69.115 71.742 69.5006 69.3929 69.5705 78.0642 73.3255 68.0013 0.0 0.0 67.013 -002.155 KOHM R   

2016-03-10 10:08:37.364000 62576.891 41.589 68.302 58.423 123.67 69.073 71.6094 69.4504 69.3347 69.5106 77.8918 73.1914 67.9648 0.0 0.0 66.977 -002.152 KOHM R   

2016-03-10 10:09:52.015000 62651.542 41.829 68.239 58.517 123.79 69.029 71.4794 69.4052 69.2767 69.4571 77.7276 73.0602 67.9303 0.0 0.0 66.942 -002.151 KOHM R   

2016-03-10 10:11:17.783000 62737.31 41.642 68.165 58.554 123.93 68.979 71.3367 69.3493 69.2155 69.398 77.5381 72.9156 67.8933 0.0 0.0 66.902 -002.174 KOHM R   

2016-03-10 10:12:32.612000 62812.139 41.726 68.102 58.564 124.05 68.939 71.217 69.3036 69.1644 69.3473 77.3766 72.7965 67.8595 0.0 0.0 66.867 -002.160 KOHM R   

2016-03-10 10:13:48.067000 62887.594 41.789 68.038 58.61 124.16 68.895 71.0998 69.2626 69.1144 69.2975 77.2187 72.6798 67.8267 0.0 0.0 66.833 -002.154 KOHM R   

2016-03-10 10:15:02.918000 62962.445 41.617 67.975 58.633 124.28 68.857 70.9892 69.2184 69.0651 69.2517 77.0613 72.5703 67.793 0.0 0.0 66.799 -002.157 KOHM R   

2016-03-10 10:16:18.375000 63037.902 41.535 67.914 58.635 124.4 68.817 70.8794 69.174 69.0166 69.2058 76.9076 72.4634 67.7612 0.0 0.0 66.766 -002.157 KOHM R   

2016-03-10 10:17:33.259000 63112.786 41.717 67.85 58.705 124.52 68.774 70.7722 69.1339 68.9707 69.159 76.7585 72.3574 67.7283 0.0 0.0 66.734 -002.168 KOHM R   

2016-03-10 10:18:48.240000 63187.767 41.565 67.789 58.675 124.63 68.737 70.6701 69.091 68.9284 69.1189 76.6104 72.2578 67.6956 0.0 0.0 66.7 -002.159 KOHM R   

2016-03-10 10:20:03.816000 63263.343 41.503 67.726 58.715 124.75 68.696 70.5693 69.0505 68.8837 69.0762 76.4676 72.1607 67.6626 0.0 0.0 66.668 -002.159 KOHM R   

2016-03-10 10:21:18.771000 63338.298 41.676 67.662 58.772 124.86 68.656 70.4734 69.0083 68.8388 69.0353 76.3255 72.0661 67.6302 0.0 0.0 66.63 -002.161 KOHM R   

2016-03-10 10:22:33.768000 63413.295 41.521 67.599 58.686 124.98 68.608 70.3787 68.9679 68.7978 68.9931 76.18 71.9752 67.5941 0.0 0.0 66.593 -002.161 KOHM R   

2016-03-10 10:23:49.349000 63488.876 41.486 67.527 58.508 125.08 68.542 70.287 68.925 68.7573 68.9545 76.0106 71.8863 67.5375 0.0 0.0 66.534 -002.165 KOHM R   

2016-03-10 10:25:04.259000 63563.786 41.709 67.436 58.314 125.18 68.459 70.1956 68.8754 68.7129 68.915 75.8207 71.8015 67.4645 0.0 0.0 66.461 -002.169 KOHM R   

2016-03-10 10:26:19.309000 63638.836 41.525 67.33 57.991 125.26 68.356 70.1028 68.8148 68.6714 68.8736 75.6218 71.7215 67.3688 0.0 0.0 66.364 -002.187 KOHM R   

2016-03-10 10:27:34.853000 63714.38 41.419 67.206 57.729 125.31 68.23 70.0087 68.7404 68.6194 68.8241 75.4181 71.6444 67.2445 0.0 0.0 66.245 -002.167 KOHM R   

2016-03-10 10:28:49.875000 63789.402 41.624 67.064 57.527 125.35 68.086 69.908 68.651 68.5651 68.7704 75.2148 71.5584 67.1036 0.0 0.0 66.104 -002.165 KOHM R   

2016-03-10 10:30:04.920000 63864.447 41.366 66.904 57.303 125.36 67.921 69.8038 68.54 68.4991 68.7106 75.024 71.4896 66.9358 0.0 0.0 65.946 -002.166 KOHM R   

2016-03-10 10:31:20.590000 63940.117 41.223 66.729 57.104 125.36 67.738 69.6941 68.4134 68.4192 68.6352 74.8449 71.4109 66.7494 0.0 0.0 65.765 -002.171 KOHM R   

2016-03-10 10:32:35.684000 64015.211 41.409 66.541 57.01 125.35 67.539 69.5806 68.2665 68.33 68.5528 74.6784 71.3304 66.5448 0.0 0.0 65.569 -002.165 KOHM R   

2016-03-10 10:33:51.369000 64090.896 41.29 66.34 56.865 125.33 67.327 69.4562 68.1005 68.2251 68.4564 74.5249 71.2404 66.3261 0.0 0.0 65.356 -002.169 KOHM R   

2016-03-10 10:35:06.489000 64166.016 41.09 66.128 56.788 125.29 67.102 69.329 67.9172 68.1