2016-09-30 00:01:02.355000 24733.536 3.333 49.662 34.011 52.005 4.134 4.7009 3.6027 3.85 4.3997 12.088 7.1658 3.9701 14.9379 14.7392 8.005 7.59447190937 16.8337
2016-09-30 00:02:15.760000 24806.941 3.341 49.661 34.069 52.004 4.134 4.7018 3.6025 3.8507 4.4002 12.0979 7.1653 3.9705 14.9582 14.744 8.006 7.37247931942 16.8459
2016-09-30 00:03:29.194000 24880.375 3.337 49.663 33.355 52.005 4.135 4.7034 3.6024 3.8504 4.4 12.1077 7.1649 3.9709 14.9689 14.7635 8.006 7.16065882335 16.8593
2016-09-30 00:04:42.699000 24953.88 3.416 49.661 33.305 52.006 4.135 4.7039 3.6025 3.8511 4.4009 12.1172 7.1646 3.971 14.9943 14.7759 8.006 7.6340352358 16.8771
2016-09-30 00:05:56.124000 25027.305 3.56 49.659 33.57 52.003 4.136 4.7054 3.6023 3.8516 4.4009 12.1272 7.1644 3.9727 15.0078 14.7922 8.006 7.19596223936 16.8851
2016-09-30 00:07:09.658000 25100.839 3.558 49.659 33.567 52.002 4.135 4.7057 3.6024 3.8519 4.4016 12.1371 7.1641 3.9713 15.0285 14.8039 8.006 7.55490858294 16.9122
2016-09-30 00:08:23.463000 25174.644 3.371 49.66 33.38 52.002 4.136 4.7068 3.6023 3.8513 4.4008 12.1466 7.1637 3.9719 15.0489 14.8182 8.006 7.37247931942 16.9181
2016-09-30 00:09:37.069000 25248.25 3.367 49.658 33.399 52.001 4.135 4.7077 3.6023 3.8515 4.401 12.1561 7.1633 3.9713 15.0616 14.8292 8.006 7.59447190937 16.9361
2016-09-30 00:10:50.683000 25321.864 3.374 49.658 33.373 52.003 4.135 4.7084 3.6022 3.8508 4.4008 12.1657 7.1629 3.9713 15.0806 14.8461 8.005 7.23126565537 16.9584
2016-09-30 00:12:04.378000 25395.559 3.34 49.656 33.37 51.999 4.136 4.7091 3.6027 3.8517 4.4013 12.175 7.1625 3.9722 15.0959 14.8591 8.006 7.47838956745 16.9692
2016-09-30 00:13:18.113000 25469.294 3.341 49.655 34.067 51.997 4.136 4.7098 3.6017 3.8522 4.4016 12.1843 7.1621 3.973 15.1161 14.8676 8.006 7.59447190937 16.9679
2016-09-30 00:14:31.857000 25543.038 3.336 49.655 34.031 51.998 4.135 4.7108 3.6021 3.8515 4.4011 12.1934 7.1617 3.9721 15.1198 14.8812 8.005 7.12535540734 16.9853
2016-09-30 00:15:45.952000 25617.133 3.484 49.656 33.375 51.996 4.135 4.7109 3.602 3.8516 4.4012 12.2027 7.1613 3.9718 15.139 14.8951 8.005 7.19596223936 17.0143
2016-09-30 00:16:59.857000 25691.038 3.557 49.654 33.558 51.996 4.136 4.7118 3.602 3.8514 4.4013 12.2121 7.1608 3.9714 15.1594 14.9041 8.005 7.37247931942 17.0268
2016-09-30 00:18:13.691000 25764.872 3.369 49.656 33.399 51.996 4.135 4.7126 3.6023 3.8512 4.4009 12.221 7.1604 3.9715 15.1606 14.9142 8.005 7.3018724874 17.0334
2016-09-30 00:19:27.536000 25838.717 3.333 49.654 33.357 51.996 4.135 4.7126 3.6014 3.8512 4.4014 12.23 7.1599 3.9718 15.1933 14.9346 8.005 7.16065882335 17.0477
2016-09-30 00:20:41.411000 25912.592 3.334 49.653 33.993 51.994 4.132 4.7134 3.6017 3.8518 4.4011 12.2387 7.1596 3.9732 15.2085 14.9426 8.005 7.71316188867 17.0759
2016-09-30 00:21:55.347000 25986.528 3.498 49.653 33.972 51.995 4.135 4.7138 3.6021 3.8515 4.4011 12.2477 7.1591 3.9717 15.2198 14.9586 8.005 7.6340352358 17.092
2016-09-30 00:23:09.281000 26060.462 3.494 49.65 33.391 51.993 4.135 4.7143 3.6012 3.8519 4.4017 12.2566 7.1587 3.9717 15.2339 14.9637 8.005 7.55490858294 17.1
2016-09-30 00:24:23.556000 26134.737 3.408 49.649 34.131 51.993 4.136 4.7148 3.6015 3.8518 4.4012 12.2652 7.1584 3.973 15.2488 14.977 8.005 7.67359856223 17.1177
2016-09-30 00:25:37.641000 26208.822 3.558 49.651 33.686 51.991 4.137 4.7152 3.6018 3.8525 4.402 12.274 7.158 3.9727 15.2685 14.9834 8.005 7.23126565537 17.1415
2016-09-30 00:26:51.726000 26282.907 3.392 49.65 33.318 51.993 4.134 4.7154 3.6011 3.8516 4.4014 12.2828 7.1575 3.9711 15.2857 14.9983 8.005 7.33717590341 17.1451
2016-09-30 00:28:05.860000 26357.041 3.331 49.651 33.945 51.992 4.136 4.716 3.6013 3.8512 4.401 12.2915 7.157 3.973 15.3002 15.0078 8.005 7.51534525651 17.157
2016-09-30 00:29:20.005000 26431.186 3.48 49.648 34.015 51.991 4.137 4.7167 3.6012 3.8524 4.4016 12.3004 7.1566 3.973 15.3112 15.025 8.005 7.26656907139 17.1784
2016-09-30 00:30:34.230000 26505.411 3.343 49.648 33.67 51.99 4.136 4.7167 3.6015 3.8527 4.4019 12.3088 7.1563 3.9735 15.3315 15.0296 8.005 7.59447190937 17.1905
2016-09-30 00:31:48.755000 26579.936 3.548 49.648 33.691 51.991 4.136 4.7168 3.6009 3.8527 4.4022 12.3176 7.1558 3.9722 15.3469 15.047 8.005 7.19596223936 17.2119
2016-09-30 00:33:03 26654.181 3.385 49.647 33.329 51.99 4.136 4.7173 3.601 3.8521 4.4018 12.326 7.1553 3.973 15.3628 15.0634 8.005 7.67359856223 17.2203
2016-09-30 00:34:17.255000 26728.436 3.508 49.647 33.946 51.988 4.137 4.7179 3.6011 3.8527 4.4018 12.3342 7.1549 3.9728 15.3753 15.0678 8.005 7.6340352358 17.2373
2016-09-30 00:35:31.640000 26802.821 3.341 49.649 33.389 51.988 4.137 4.7179 3.6012 3.8529 4.4022 12.3424 7.1545 3.9742 15.3898 15.0825 8.005 7.12535540734 17.259
2016-09-30 00:36:46.015000 26877.196 3.385 49.646 34.115 51.987 4.137 4.7178 3.6009 3.853 4.4022 12.3505 7.1542 3.9736 15.4026 15.0887 8.005 7.67359856223 17.2627
2016-09-30 00:38:00.400000 26951.581 3.383 49.646 33.327 51.989 4.138 4.7184 3.6006 3.8534 4.403 12.3588 7.1537 3.975 15.419 15.101 8.005 7.40778273543 17.2798
2016-09-30 00:39:15.155000 27026.336 3.459 49.643 33.956 51.985 4.139 4.7185 3.6005 3.8545 4.4034 12.3666 7.1536 3.9752 15.4421 15.1205 8.006 7.16065882335 17.3021
2016-09-30 00:40:29.669000 27100.85 3.456 49.643 34.121 51.986 4.138 4.7188 3.6008 3.8538 4.4031 12.3749 7.1532 3.9743 15.453 15.1216 8.006 7.47838956745 17.3227
2016-09-30 00:41:44.234000 27175.415 3.362 49.643 33.456 51.986 4.138 4.7194 3.6008 3.8539 4.4026 12.3827 7.1527 3.9748 15.4693 15.1304 8.006 7.44308615144 17.3291
2016-09-30 00:42:58.809000 27249.99 3.499 49.643 33.985 51.984 4.137 4.7196 3.6012 3.8536 4.4028 12.3907 7.1522 3.9729 15.4769 15.1509 8.005 7.59447190937 17.3443
2016-09-30 00:44:13.394000 27324.575 3.344 49.646 33.618 51.985 4.137 4.7194 3.6011 3.8532 4.4027 12.3987 7.1516 3.9736 15.4965 15.156 8.005 7.23126565537 17.3564
2016-09-30 00:45:28.050000 27399.231 3.528 49.644 33.842 51.987 4.137 4.7193 3.6005 3.8527 4.4022 12.4064 7.151 3.9729 15.505 15.1666 8.005 7.79228854153 17.3637
2016-09-30 00:46:43.005000 27474.186 3.47 49.643 34.086 51.984 4.136 4.7194 3.6002 3.8526 4.402 12.4144 7.1504 3.9718 15.522 15.1719 8.005 7.59447190937 17.3799
2016-09-30 00:47:57.660000 27548.841 3.366 49.644 33.459 51.985 4.137 4.7195 3.5999 3.8525 4.4025 12.4222 7.1499 3.9735 15.5388 15.1916 8.005 7.26656907139 17.4039
2016-09-30 00:49:12.345000 27623.526 3.395 49.642 33.309 51.983 4.134 4.72 3.5999 3.8526 4.4025 12.4298 7.1494 3.9732 15.5464 15.1917 8.004 7.59447190937 17.4139
2016-09-30 00:50:27.079000 27698.26 3.499 49.642 33.975 51.981 4.137 4.7202 3.6 3.8527 4.4023 12.4376 7.1489 3.9731 15.5633 15.2059 8.005 7.3018724874 17.4301
2016-09-30 00:51:41.884000 27773.065 3.404 49.639 34.118 51.982 4.139 4.7203 3.5999 3.8535 4.403 12.4452 7.1486 3.9748 15.5738 15.2166 8.005 7.83185186796 17.4445
2016-09-30 00:52:56.739000 27847.92 3.376 49.637 33.364 51.98 4.139 4.7204 3.6 3.8541 4.4033 12.4528 7.1482 3.9751 15.5853 15.2267 8.005 7.44308615144 17.4587
2016-09-30 00:54:11.584000 27922.765 3.435 49.638 33.319 51.981 4.138 4.7206 3.5999 3.8545 4.4032 12.4603 7.1479 3.9745 15.6041 15.2413 8.005 7.67359856223 17.4771
2016-09-30 00:55:26.719000 27997.9 3.526 49.638 33.435 51.979 4.138 4.7207 3.5998 3.8533 4.4029 12.468 7.1472 3.9745 15.6137 15.2401 8.005 7.3018724874 17.4871
2016-09-30 00:56:41.654000 28072.835 3.564 49.638 33.599 51.978 4.137 4.7208 3.5998 3.853 4.4024 12.4753 7.1467 3.9733 15.6276 15.2603 8.004 7.23126565537 17.5058
2016-09-30 00:57:56.640000 28147.821 3.493 49.636 34.009 51.976 4.137 4.721 3.5996 3.8532 4.4025 12.4828 7.1462 3.9733 15.645 15.2639 8.005 7.7527252151 17.5053
2016-09-30 00:59:11.655000 28222.836 3.412 49.633 34.122 51.975 4.138 4.721 3.5997 3.8537 4.403 12.4899 7.1458 3.9743 15.6505 15.2758 8.005 7.59447190937 17.5333
2016-09-30 01:00:26.690000 28297.871 3.339 49.634 34.042 51.976 4.137 4.7211 3.5996 3.8539 4.403 12.4974 7.1454 3.9736 15.6783 15.2881 8.005 7.99010517368 17.5507
2016-09-30 01:01:41.745000 28372.926 3.334 49.636 33.812 51.976 4.137 4.7213 3.5995 3.8533 4.4029 12.5049 7.1449 3.9732 15.6773 15.3001 8.004 7.16065882335 17.5631
2016-09-30 01:02:57.140000 28448.321 3.371 49.635 34.127 51.975 4.136 4.7213 3.599 3.8528 4.4025 12.5126 7.1442 3.9722 15.6974 15.3068 8.004 7.79228854153 17.5667
2016-09-30 01:04:04.973000 28516.154 3.359 49.638 33.455 51.977 4.136 4.7218 3.5993 3.8526 4.4022 12.5197 7.1436 3.9729 15.709 15.3227 8.004 7.33717590341 17.5821
2016-09-30 01:05:12.197000 28583.378 3.337 49.633 33.701 51.975 4.136 4.7215 3.5987 3.8521 4.4018 12.5267 7.1431 3.9723 15.7305 15.334 8.004 7.19596223936 17.6022
2016-09-30 01:06:19.430000 28650.611 3.477 49.635 33.851 51.977 4.136 4.7215 3.5992 3.8525 4.4018 12.5331 7.1426 3.972 15.737 15.3325 8.003 7.7527252151 17.608
2016-09-30 01:07:26.693000 28717.874 3.524 49.633 33.864 51.974 4.135 4.7217 3.5988 3.8517 4.4013 12.5403 7.142 3.9718 15.7475 15.3385 8.003 7.26656907139 17.6263
2016-09-30 01:08:34.248000 28785.429 3.378 49.635 33.352 51.976 4.135 4.7215 3.5986 3.8522 4.4016 12.5474 7.1416 3.9716 15.7526 15.3573 8.003 7.6340352358 17.6438
2016-09-30 01:09:41.561000 28852.742 3.391 49.634 34.127 51.974 4.137 4.7219 3.5984 3.8524 4.4017 12.5542 7.1409 3.9725 15.7624 15.3607 8.003 7.33717590341 17.6671
2016-09-30 01:10:48.905000 28920.086 3.532 49.633 34.081 51.974 4.136 4.7216 3.5984 3.8529 4.4025 12.5607 7.1408 3.973 15.7875 15.3695 8.004 7.71316188867 17.6727
2016-09-30 01:11:56.218000 28987.399 3.437 49.636 33.335 51.976 4.135 4.7222 3.5983 3.852 4.4013 12.5673 7.1401 3.9714 15.7902 15.3805 8.003 7.37247931942 17.6835
2016-09-30 01:13:03.512000 29054.693 3.332 49.635 33.95 51.975 4.135 4.7219 3.5977 3.8513 4.4013 12.5741 7.1395 3.9711 15.806 15.3822 8.003 7.55490858294 17.692
2016-09-30 01:14:10.785000 29121.966 3.332 49.633 33.993 51.974 4.128 4.722 3.5984 3.851 4.4008 12.5805 7.1389 3.9708 15.8162 15.3948 8.002 7.71316188867 17.7024
2016-09-30 01:15:18.428000 29189.609 3.549 49.634 33.731 51.974 4.135 4.7221 3.5975 3.851 4.4012 12.5869 7.1384 3.9713 15.8277 15.4064 8.002 7.3018724874 17.7125
2016-09-30 01:16:25.762000 29256.943 3.357 49.634 33.511 51.975 4.135 4.7221 3.598 3.8512 4.401 12.5933 7.1378 3.9715 15.8422 15.4101 8.002 7.67359856223 17.7299
2016-09-30 01:17:33.085000 29324.266 3.403 49.634 33.669 51.971 4.134 4.7222 3.5974 3.8507 4.4008 12.6 7.1373 3.9703 15.8427 15.4179 8.002 7.3018724874 17.7421
2016-09-30 01:18:40.439000 29391.62 3.492 49.632 34.007 51.973 4.135 4.7223 3.5978 3.8514 4.4011 12.6061 7.1368 3.972 15.8741 15.4286 8.002 7.71316188867 17.7597
2016-09-30 01:19:47.842000 29459.023 3.411 49.631 33.289 51.971 4.136 4.7223 3.5971 3.8516 4.4015 12.612 7.1364 3.9719 15.8789 15.4356 8.003 7.79228854153 17.7638
2016-09-30 01:20:55.577000 29526.758 3.529 49.63 34.056 51.97 4.137 4.7224 3.5976 3.8525 4.4019 12.6182 7.1361 3.9732 15.8797 15.4491 8.003 7.47838956745 17.7766
2016-09-30 01:22:02.940000 29594.121 3.561 49.628 33.671 51.97 4.137 4.7225 3.597 3.8526 4.4023 12.6242 7.1358 3.9732 15.902 15.453 8.003 7.23126565537 17.7884
2016-09-30 01:23:10.333000 29661.514 3.349 49.629 33.594 51.969 4.136 4.7225 3.5971 3.8528 4.4019 12.6298 7.1354 3.9718 15.9039 15.4576 8.003 7.91097852082 17.8146
2016-09-30 01:24:17.727000 29728.908 3.479 49.628 34.046 51.969 4.137 4.7225 3.597 3.8523 4.4019 12.636 7.1349 3.9731 15.9146 15.4715 8.003 7.23126565537 17.8197
2016-09-30 01:25:25.140000 29796.321 3.417 49.625 33.287 51.968 4.137 4.7224 3.597 3.8534 4.4025 12.642 7.1345 3.9741 15.9451 15.4743 8.003 7.87141519439 17.8433
2016-09-30 01:26:32.544000 29863.725 3.348 49.627 33.382 51.967 4.138 4.7228 3.5969 3.8538 4.4025 12.648 7.1342 3.9739 15.9465 15.4773 8.004 7.3018724874 17.8433
2016-09-30 01:27:40.277000 29931.458 3.551 49.626 33.732 51.967 4.136 4.7225 3.5969 3.8532 4.4025 12.6542 7.1338 3.9731 15.9545 15.4902 8.003 7.87141519439 17.8525
2016-09-30 01:28:47.711000 29998.892 3.361 49.628 33.5 51.965 4.137 4.723 3.5968 3.8526 4.402 12.66 7.1332 3.9727 15.9648 15.5 8.003 7.37247931942 17.8566
2016-09-30 01:29:55.154000 30066.335 3.462 49.624 34.087 51.966 4.138 4.7227 3.5967 3.8538 4.4029 12.666 7.1329 3.974 15.975 15.5033 8.003 7.83185186796 17.884
2016-09-30 01:31:02.607000 30133.788 3.441 49.624 33.926 51.965 4.136 4.7231 3.5967 3.8535 4.4026 12.672 7.1325 3.9738 15.977 15.5165 8.003 7.33717590341 17.8867
2016-09-30 01:32:10.042000 30201.223 3.391 49.626 33.311 51.965 4.137 4.7229 3.5968 3.8532 4.4025 12.6778 7.132 3.9725 16.0037 15.522 8.003 7.67359856223 17.8973
2016-09-30 01:33:17.845000 30269.026 3.548 49.623 33.75 51.965 4.137 4.7232 3.5965 3.853 4.4026 12.6836 7.1314 3.9733 16.0112 15.5318 8.003 7.37247931942 17.9177
2016-09-30 01:34:25.339000 30336.52 3.355 49.624 33.56 51.962 4.137 4.723 3.5965 3.8537 4.4029 12.6893 7.131 3.973 16.0138 15.5403 8.003 7.83185186796 17.9177
2016-09-30 01:35:32.792000 30403.973 3.457 49.624 34.06 51.965 4.137 4.7233 3.5964 3.853 4.4022 12.6952 7.1305 3.9731 16.0195 15.5435 8.003 7.51534525651 17.9466
2016-09-30 01:36:40.296000 30471.477 3.449 49.622 33.32 51.962 4.137 4.7231 3.5963 3.8536 4.4028 12.7008 7.1299 3.9736 16.0427 15.554 8.003 7.40778273543 17.9478
2016-09-30 01:37:47.829000 30539.01 3.342 49.622 34.036 51.963 4.137 4.7235 3.5963 3.8531 4.4025 12.7064 7.1295 3.9733 16.0524 15.5608 8.003 7.79228854153 17.961
2016-09-30 01:38:55.353000 30606.534 3.554 49.621 33.67 51.96 4.137 4.7232 3.5962 3.8541 4.4031 12.7124 7.1292 3.974 16.0663 15.5686 8.003 7.7527252151 17.9656
2016-09-30 01:40:03.236000 30674.417 3.379 49.622 34.121 51.961 4.137 4.7236 3.5961 3.853 4.4026 12.7178 7.1285 3.9725 16.0689 15.5788 8.003 7.37247931942 17.9986
2016-09-30 01:41:10.720000 30741.901 3.529 49.621 33.434 51.96 4.138 4.7236 3.5964 3.8534 4.4029 12.7234 7.128 3.9744 16.0819 15.5825 8.003 7.79228854153 17.9982
2016-09-30 01:42:18.213000 30809.394 3.333 49.619 33.855 51.959 4.138 4.7237 3.5961 3.8537 4.4032 12.7287 7.1275 3.9741 16.0939 15.5903 8.003 7.55490858294 17.9991
2016-09-30 01:43:25.726000 30876.907 3.516 49.621 33.905 51.959 4.137 4.7238 3.5964 3.8537 4.4027 12.7342 7.127 3.9729 16.0953 15.591 8.003 7.91097852082 18.0147
2016-09-30 01:44:33.231000 30944.412 3.424 49.622 33.288 51.961 4.137 4.7238 3.5958 3.8531 4.4027 12.7393 7.1265 3.9737 16.1138 15.6021 8.003 7.47838956745 18.0248
2016-09-30 01:45:41.094000 31012.275 3.337 49.62 33.996 51.959 4.137 4.7243 3.5961 3.8535 4.4028 12.745 7.126 3.9736 16.1287 15.611 8.003 7.6340352358 18.0497
2016-09-30 01:46:48.668000 31079.849 3.537 49.617 33.748 51.959 4.137 4.724 3.5954 3.8536 4.4031 12.7508 7.1256 3.9736 16.1273 15.6152 8.002 7.87141519439 18.0555
2016-09-30 01:47:56.201000 31147.382 3.367 49.617 33.479 51.956 4.137 4.7244 3.5957 3.8537 4.4028 12.7563 7.1251 3.9729 16.1314 15.6256 8.002 7.40778273543 18.0588
2016-09-30 01:49:03.785000 31214.966 3.564 49.616 33.587 51.957 4.137 4.7242 3.5952 3.8536 4.4033 12.7618 7.1247 3.9737 16.1513 15.6321 8.002 7.71316188867 18.0876
2016-09-30 01:50:11.348000 31282.529 3.343 49.618 33.667 51.956 4.137 4.7245 3.5954 3.8534 4.4025 12.7671 7.124 3.9732 16.1644 15.6396 8.002 7.40778273543 18.083
2016-09-30 01:51:18.922000 31350.103 3.487 49.617 34.023 51.956 4.138 4.7241 3.5953 3.8537 4.4034 12.7723 7.1236 3.9739 16.1753 15.6461 8.002 7.67359856223 18.1015
2016-09-30 01:52:26.875000 31418.056 3.337 49.615 33.771 51.956 4.137 4.7244 3.5953 3.8533 4.4027 12.7778 7.1231 3.973 16.1799 15.6562 8.002 7.55490858294 18.1058
2016-09-30 01:53:34.489000 31485.67 3.501 49.615 33.973 51.954 4.137 4.7245 3.5952 3.8535 4.4027 12.7829 7.1226 3.9729 16.1986 15.6594 8.002 7.37247931942 18.1179
2016-09-30 01:54:42.072000 31553.253 3.392 49.616 33.315 51.956 4.137 4.7246 3.5951 3.8529 4.4026 12.7882 7.1221 3.9726 16.2033 15.6581 8.002 7.59447190937 18.1373
2016-09-30 01:55:49.687000 31620.868 3.366 49.617 34.134 51.958 4.134 4.7247 3.5953 3.8519 4.4016 12.7936 7.1213 3.9704 16.2177 15.6769 8.001 7.47838956745 18.1369
2016-09-30 01:56:57.330000 31688.511 3.353 49.62 33.488 51.959 4.134 4.7247 3.5947 3.8507 4.401 12.7989 7.1205 3.9701 16.2175 15.6806 8.001 7.87141519439 18.163
2016-09-30 01:58:05.354000 31756.535 3.534 49.621 33.502 51.96 4.133 4.7251 3.5945 3.8504 4.4002 12.804 7.1198 3.9689 16.2337 15.6818 8.0 7.99010517368 18.1672
2016-09-30 01:59:13.097000 31824.278 3.327 49.623 33.819 51.965 4.132 4.7246 3.5942 3.8494 4.3998 12.8091 7.1189 3.9679 16.245 15.6947 8.0 7.59447190937 18.1922
2016-09-30 02:00:20.791000 31891.972 3.442 49.626 33.963 51.965 4.131 4.7249 3.5938 3.8481 4.3984 12.8141 7.1181 3.9669 16.2564 15.7001 7.999 7.95054184725 18.1861
2016-09-30 02:01:28.454000 31959.635 3.325 49.628 33.953 51.968 4.13 4.7249 3.5935 3.8475 4.3979 12.8189 7.1171 3.9662 16.2689 15.7092 7.999 7.51534525651 18.2089
2016-09-30 02:02:36.158000 32027.339 3.534 49.629 33.734 51.967 4.129 4.725 3.5932 3.8459 4.3971 12.8237 7.1162 3.9646 16.2752 15.7192 7.998 7.83185186796 18.2107
2016-09-30 02:03:44.161000 32095.342 3.369 49.63 34.146 51.967 4.128 4.7254 3.5932 3.8459 4.3968 12.8286 7.1153 3.9648 16.2898 15.723 7.998 7.51534525651 18.218
2016-09-30 02:04:51.885000 32163.066 3.341 49.632 33.546 51.971 4.123 4.7249 3.5922 3.8451 4.3965 12.8335 7.1145 3.9634 16.2936 15.7252 7.998 7.40778273543 18.2314
2016-09-30 02:05:59.608000 32230.789 3.441 49.632 34.095 51.97 4.128 4.7254 3.5921 3.845 4.3959 12.8383 7.1136 3.9647 16.309 15.7339 7.998 7.7527252151 18.253
2016-09-30 02:07:07.282000 32298.463 3.327 49.633 33.338 51.971 4.129 4.7249 3.5918 3.8453 4.3961 12.8433 7.1131 3.9643 16.3212 15.736 7.998 7.3018724874 18.2692
2016-09-30 02:08:15.366000 32366.547 3.48 49.63 33.39 51.971 4.128 4.7253 3.5915 3.8451 4.3963 12.8485 7.1124 3.9646 16.332 15.7573 7.998 7.44308615144 18.274
2016-09-30 02:09:23.110000 32434.291 3.323 49.632 33.954 51.97 4.127 4.7257 3.5918 3.8451 4.3959 12.8535 7.1118 3.9636 16.3405 15.7585 7.998 7.71316188867 18.2702
2016-09-30 02:10:30.833000 32502.014 3.464 49.633 34.001 51.971 4.127 4.7253 3.5906 3.8446 4.3959 12.858 7.1112 3.9631 16.3472 15.7735 7.998 7.79228854153 18.288
2016-09-30 02:11:38.557000 32569.738 3.322 49.633 33.864 51.972 4.127 4.7258 3.5907 3.8445 4.3953 12.8626 7.1105 3.9639 16.353 15.7679 7.998 7.83185186796 18.3012
2016-09-30 02:12:46.290000 32637.471 3.525 49.633 33.829 51.971 4.128 4.7252 3.5906 3.8451 4.3959 12.8676 7.1099 3.9638 16.3643 15.7828 7.998 7.33717590341 18.3151
2016-09-30 02:13:54.394000 32705.575 3.324 49.634 33.987 51.971 4.127 4.7254 3.5904 3.8443 4.3955 12.872 7.1088 3.9635 16.3722 15.7878 7.998 7.79228854153 18.3217
2016-09-30 02:15:02.137000 32773.318 3.389 49.635 33.303 51.973 4.128 4.7259 3.5905 3.8445 4.3955 12.8767 7.1088 3.9635 16.3763 15.7883 7.998 7.83185186796 18.3298
2016-09-30 02:16:09.931000 32841.112 3.518 49.633 34.11 51.971 4.128 4.7254 3.5895 3.8448 4.396 12.8816 7.1083 3.964 16.3792 15.7959 7.998 7.71316188867 18.3478
2016-09-30 02:17:17.744000 32908.925 3.364 49.633 33.384 51.971 4.126 4.7256 3.5897 3.8441 4.3949 12.8864 7.1077 3.9627 16.4042 15.8 7.997 7.51534525651 18.3615
2016-09-30 02:18:25.568000 32976.749 3.551 49.634 33.63 51.971 4.127 4.7257 3.5895 3.8445 4.3953 12.8909 7.107 3.9625 16.4146 15.8115 7.997 7.55490858294 18.379
2016-09-30 02:19:33.742000 33044.923 3.344 49.633 34.091 51.97 4.127 4.7257 3.589 3.844 4.3957 12.896 7.1064 3.9634 16.4215 15.8249 7.998 7.83185186796 18.3729
2016-09-30 02:20:41.556000 33112.737 3.356 49.63 33.425 51.971 4.129 4.7262 3.5892 3.8448 4.3956 12.9004 7.1059 3.9649 16.4346 15.8279 7.998 7.51534525651 18.3889
2016-09-30 02:21:49.389000 33180.57 3.425 49.63 34.112 51.967 4.129 4.7257 3.5889 3.8459 4.3963 12.9051 7.1055 3.965 16.4353 15.8306 7.998 7.95054184725 18.4
2016-09-30 02:22:57.173000 33248.354 3.335 49.63 33.682 51.967 4.128 4.726 3.5888 3.8451 4.3962 12.9099 7.105 3.9646 16.4403 15.8372 7.998 7.51534525651 18.4074
2016-09-30 02:24:04.936000 33316.117 3.476 49.63 34.045 51.969 4.128 4.7261 3.5892 3.8454 4.3962 12.9145 7.1044 3.9643 16.4607 15.8548 7.998 7.95054184725 18.4104
2016-09-30 02:25:13.150000 33384.331 3.477 49.63 34.043 51.968 4.129 4.7259 3.5886 3.8459 4.3967 12.9192 7.104 3.9647 16.4655 15.8516 7.998 7.33717590341 18.4295
2016-09-30 02:26:21.043000 33452.224 3.324 49.628 33.309 51.967 4.129 4.7263 3.5885 3.8455 4.3962 12.9237 7.1036 3.9651 16.4755 15.8568 7.998 7.87141519439 18.4338
2016-09-30 02:27:28.907000 33520.088 3.49 49.628 33.965 51.966 4.128 4.7262 3.5889 3.8455 4.3964 12.9284 7.1029 3.9638 16.4846 15.864 7.998 7.59447190937 18.4535
2016-09-30 02:28:36.710000 33587.891 3.325 49.629 33.793 51.965 4.129 4.7264 3.588 3.8454 4.3967 12.9329 7.1022 3.9648 16.4896 15.8649 7.998 7.44308615144 18.4669
2016-09-30 02:29:44.564000 33655.745 3.463 49.627 34.05 51.963 4.129 4.7268 3.5882 3.8457 4.3961 12.9373 7.1017 3.9648 16.5017 15.8756 7.998 7.55490858294 18.4637
2016-09-30 02:30:52.867000 33724.048 3.463 49.626 34.053 51.965 4.128 4.7265 3.5885 3.8457 4.3965 12.9419 7.1012 3.9641 16.5063 15.8791 7.998 7.79228854153 18.4693
2016-09-30 02:32:00.712000 33791.893 3.323 49.627 33.314 51.965 4.128 4.7266 3.5877 3.8455 4.3966 12.9465 7.1006 3.9641 16.5192 15.8939 7.998 7.51534525651 18.4935
2016-09-30 02:33:08.555000 33859.736 3.468 49.627 34.07 51.965 4.127 4.727 3.5878 3.8449 4.3955 12.9508 7.1 3.9632 16.5283 15.9055 7.997 7.79228854153 18.4989
2016-09-30 02:34:16.429000 33927.61 3.325 49.627 33.897 51.964 4.129 4.7266 3.5875 3.8456 4.3963 12.9552 7.0996 3.9645 16.5396 15.9059 7.998 7.55490858294 18.5025
2016-09-30 02:35:24.343000 33995.524 3.408 49.625 33.306 51.963 4.128 4.7268 3.5875 3.8451 4.3963 12.9596 7.099 3.9646 16.535 15.9091 7.998 7.59447190937 18.525
2016-09-30 02:36:32.566000 34063.747 3.524 49.626 33.828 51.961 4.128 4.7272 3.5874 3.8451 4.3955 12.9638 7.0984 3.9635 16.5606 15.9163 7.997 7.99010517368 18.5345
2016-09-30 02:37:40.500000 34131.681 3.344 49.628 34.097 51.964 4.127 4.7268 3.5871 3.8446 4.3955 12.9687 7.0977 3.9624 16.5563 15.9254 7.997 7.33717590341 18.5411
2016-09-30 02:38:48.563000 34199.744 3.354 49.626 33.43 51.965 4.127 4.727 3.5867 3.844 4.3954 12.9732 7.0972 3.9635 16.5705 15.9258 7.997 7.44308615144 18.5573
2016-09-30 02:39:56.457000 34267.638 3.547 49.624 33.542 51.96 4.128 4.7274 3.5869 3.8448 4.396 12.9772 7.0965 3.9645 16.585 15.9264 7.997 7.99010517368 18.5574
2016-09-30 02:41:04.370000 34335.551 3.443 49.623 34.095 51.96 4.128 4.7269 3.5867 3.8456 4.396 12.9819 7.0962 3.9637 16.5969 15.9384 7.997 7.99010517368 18.56
2016-09-30 02:42:12.704000 34403.885 3.443 49.621 33.745 51.959 4.129 4.7272 3.5863 3.8456 4.3964 12.9865 7.0957 3.9641 16.5999 15.9439 7.997 7.55490858294 18.5794
2016-09-30 02:43:20.708000 34471.889 3.544 49.62 33.524 51.958 4.129 4.7277 3.5865 3.8459 4.3964 12.9908 7.0952 3.9654 16.6045 15.9431 7.998 7.91097852082 18.5794
2016-09-30 02:44:28.702000 34539.883 3.435 49.62 34.124 51.959 4.129 4.7273 3.5864 3.8462 4.3966 12.995 7.0948 3.965 16.6155 15.951 7.997 7.71316188867 18.6059
2016-09-30 02:45:36.675000 34607.856 3.33 49.62 33.701 51.955 4.129 4.7274 3.586 3.8459 4.3967 12.9994 7.0942 3.9647 16.6335 15.9646 7.998 7.59447190937 18.6091
2016-09-30 02:46:45.119000 34676.3 3.334 49.62 33.648 51.958 4.128 4.7275 3.5864 3.8454 4.3962 13.0038 7.0938 3.9644 16.6374 15.9622 7.997 7.71316188867 18.6289
2016-09-30 02:47:53.133000 34744.314 3.494 49.618 33.408 51.956 4.129 4.7275 3.5867 3.8459 4.3966 13.0081 7.0932 3.965 16.6357 15.9695 7.997 7.71316188867 18.6283
2016-09-30 02:49:01.226000 34812.407 3.482 49.617 34.017 51.956 4.129 4.7274 3.5862 3.8459 4.3971 13.013 7.0928 3.9656 16.6449 15.9791 7.998 7.79228854153 18.6419
2016-09-30 02:50:09.250000 34880.431 3.336 49.617 33.62 51.956 4.129 4.7276 3.5859 3.8461 4.3969 13.0181 7.0916 3.9647 16.6597 15.9843 7.998 7.79228854153 18.6518
2016-09-30 02:51:17.703000 34948.884 3.36 49.617 33.456 51.954 4.128 4.7281 3.5859 3.8457 4.3962 13.0224 7.0916 3.9636 16.6588 15.9866 7.997 7.6340352358 18.6564
2016-09-30 02:52:25.767000 35016.948 3.533 49.62 33.735 51.957 4.128 4.7279 3.5862 3.8455 4.3963 13.0265 7.091 3.9637 16.6814 15.9965 7.997 7.7527252151 18.6752
2016-09-30 02:53:33.890000 35085.071 3.355 49.621 34.104 51.956 4.128 4.7279 3.5854 3.8451 4.3964 13.0309 7.0904 3.964 16.6935 15.9927 7.997 7.47838956745 18.6869
2016-09-30 02:54:41.944000 35153.125 3.349 49.62 33.477 51.956 4.127 4.728 3.5856 3.8449 4.3956 13.0354 7.0898 3.9632 16.6938 16.0032 7.996 7.87141519439 18.6987
2016-09-30 02:55:50.069000 35221.25 3.364 49.62 33.661 51.958 4.127 4.728 3.5858 3.8447 4.3957 13.0397 7.0891 3.9629 16.7055 16.0081 7.996 7.51534525651 18.7076
2016-09-30 02:56:58.492000 35289.673 3.55 49.62 33.657 51.957 4.127 4.7279 3.5852 3.8446 4.3956 13.044 7.0885 3.9627 16.7104 16.011 7.996 7.47838956745 18.7063
2016-09-30 02:58:06.666000 35357.847 3.552 49.62 33.602 51.959 4.128 4.7282 3.5847 3.8443 4.3956 13.0486 7.088 3.963 16.7131 16.0226 7.996 7.67359856223 18.7237
2016-09-30 02:59:14.789000 35425.97 3.396 49.619 34.14 51.956 4.127 4.7286 3.5849 3.8448 4.3955 13.053 7.0874 3.9635 16.7309 16.0327 7.996 7.67359856223 18.7341
2016-09-30 03:00:22.913000 35494.094 3.354 49.618 33.439 51.957 4.127 4.7282 3.5852 3.8444 4.3954 13.0572 7.0868 3.963 16.7311 16.0325 7.996 7.51534525651 18.7443
2016-09-30 03:01:31.357000 35562.538 3.353 49.619 33.448 51.954 4.127 4.7281 3.5846 3.8448 4.396 13.0615 7.0864 3.9633 16.7376 16.0331 7.996 7.59447190937 18.7526
2016-09-30 03:02:39.440000 35630.621 3.542 49.619 33.547 51.957 4.127 4.7286 3.5845 3.844 4.3954 13.0658 7.0857 3.962 16.7455 16.0409 7.996 7.7527252151 18.7545
2016-09-30 03:03:47.524000 35698.705 3.46 49.62 34.073 51.957 4.127 4.7289 3.5844 3.8438 4.3951 13.0702 7.0851 3.9628 16.7617 16.0413 7.996 7.40778273543 18.7759
2016-09-30 03:04:55.617000 35766.798 3.473 49.617 34.047 51.954 4.127 4.7283 3.5843 3.8453 4.396 13.0745 7.0846 3.9645 16.7694 16.0545 7.996 7.67359856223 18.7773
2016-09-30 03:06:03.751000 35834.932 3.323 49.615 33.862 51.951 4.128 4.7286 3.5839 3.8451 4.3959 13.0772 7.0842 3.9638 16.7716 16.0604 7.996 7.99010517368 18.7872
2016-09-30 03:07:12.225000 35903.406 3.324 49.615 33.814 51.951 4.128 4.7288 3.584 3.8451 4.396 13.0829 7.0838 3.964 16.7767 16.065 7.996 7.40778273543 18.7936
2016-09-30 03:08:20.409000 35971.59 3.5 49.617 33.373 51.951 4.128 4.729 3.5844 3.8449 4.3959 13.0871 7.0832 3.9633 16.79 16.0748 7.996 7.71316188867 18.8174
2016-09-30 03:09:28.583000 36039.764 3.474 49.616 33.999 51.951 4.128 4.7285 3.5839 3.8452 4.3959 13.091 7.0827 3.9636 16.8069 16.077 7.996 7.47838956745 18.804
2016-09-30 03:10:36.736000 36107.917 3.496 49.614 33.952 51.951 4.127 4.7288 3.5835 3.8446 4.3954 13.0946 7.0824 3.9628 16.8066 16.0764 7.996 7.95054184725 18.8265
2016-09-30 03:11:45.310000 36176.491 3.498 49.616 33.948 51.95 4.128 4.7289 3.5836 3.8447 4.3959 13.0985 7.0819 3.9639 16.8127 16.0846 7.996 7.99010517368 18.8453
2016-09-30 03:12:53.513000 36244.694 3.332 49.613 34.034 51.948 4.128 4.7292 3.5835 3.8454 4.3961 13.1028 7.0814 3.9641 16.8199 16.0801 7.996 7.44308615144 18.8464
2016-09-30 03:14:01.667000 36312.848 3.34 49.611 34.06 51.946 4.128 4.7288 3.5835 3.8455 4.396 13.1069 7.0809 3.9635 16.8259 16.0927 7.996 7.91097852082 18.8496
2016-09-30 03:15:09.871000 36381.052 3.361 49.612 33.402 51.948 4.128 4.7291 3.5832 3.8453 4.3965 13.111 7.0803 3.9628 16.8294 16.099 7.996 7.87141519439 18.8726
2016-09-30 03:16:18.074000 36449.255 3.353 49.612 33.502 51.949 4.127 4.7291 3.5832 3.8449 4.3954 13.1149 7.0795 3.9627 16.8533 16.1072 7.996 7.47838956745 18.879
2016-09-30 03:17:26.708000 36517.889 3.346 49.613 33.503 51.948 4.127 4.7296 3.5832 3.8444 4.3952 13.1186 7.0788 3.9625 16.8463 16.1151 7.996 7.7527252151 18.868
2016-09-30 03:18:34.882000 36586.063 3.529 49.613 33.486 51.947 4.127 4.7292 3.5834 3.8446 4.3955 13.1226 7.0781 3.9627 16.8563 16.1203 7.995 7.87141519439 18.8897
2016-09-30 03:19:43.166000 36654.347 3.51 49.612 33.427 51.947 4.128 4.7293 3.5826 3.8447 4.396 13.1266 7.0775 3.9638 16.871 16.1155 7.996 7.47838956745 18.8916
2016-09-30 03:20:51.410000 36722.591 3.472 49.612 34.023 51.946 4.127 4.7294 3.5828 3.8446 4.3957 13.1306 7.0769 3.9634 16.8754 16.1327 7.996 7.59447190937 18.9088
2016-09-30 03:22:00.113000 36791.294 3.509 49.614 33.398 51.95 4.127 4.7295 3.5827 3.8445 4.3953 13.1346 7.0762 3.9632 16.8873 16.1379 7.995 7.99010517368 18.9197
2016-09-30 03:23:08.337000 36859.518 3.482 49.613 34.019 51.948 4.126 4.7295 3.583 3.8444 4.3952 13.1387 7.0756 3.9627 16.8923 16.1397 7.995 7.44308615144 18.9211
2016-09-30 03:24:16.660000 36927.841 3.482 49.612 33.972 51.946 4.127 4.7292 3.5823 3.8445 4.3953 13.1428 7.0749 3.9623 16.9077 16.1459 7.995 7.87141519439 18.9235
2016-09-30 03:25:24.924000 36996.105 3.325 49.611 33.903 51.949 4.128 4.7295 3.582 3.8446 4.3958 13.1469 7.0743 3.9634 16.8981 16.151 7.995 7.55490858294 18.9436
2016-09-30 03:26:33.708000 37064.889 3.484 49.611 33.973 51.946 4.128 4.7296 3.582 3.845 4.396 13.1507 7.0739 3.9636 16.9081 16.1608 7.996 7.91097852082 18.9602
2016-09-30 03:27:41.971000 37133.152 3.483 49.611 33.927 51.946 4.128 4.7299 3.5822 3.8453 4.3957 13.1545 7.0733 3.9632 16.9202 16.1686 7.996 7.6340352358 18.9524
2016-09-30 03:28:50.335000 37201.516 3.326 49.613 34.013 51.948 4.127 4.7297 3.5824 3.845 4.3958 13.1585 7.0726 3.963 16.9285 16.1644 7.996 8.03363475214 18.9715
2016-09-30 03:29:58.619000 37269.8 3.33 49.612 34.007 51.946 4.128 4.7294 3.582 3.8453 4.396 13.1623 7.072 3.9634 16.9426 16.1733 7.996 7.95054184725 18.9803
2016-09-30 03:31:06.893000 37338.074 3.372 49.614 33.349 51.948 4.127 4.7298 3.5815 3.845 4.396 13.1662 7.0714 3.9629 16.9441 16.1727 7.995 7.47838956745 18.9853
2016-09-30 03:32:15.677000 37406.858 3.329 49.615 34.056 51.949 4.127 4.7298 3.5819 3.8445 4.3957 13.1698 7.0708 3.9628 16.9467 16.1891 7.995 7.99010517368 19.0015
2016-09-30 03:33:24.050000 37475.231 3.33 49.614 34.008 51.95 4.128 4.7299 3.5817 3.845 4.3956 13.1736 7.0701 3.9634 16.9545 16.1898 7.996 7.47838956745 19.0215
2016-09-30 03:34:32.344000 37543.525 3.373 49.614 33.343 51.949 4.128 4.73 3.5822 3.8453 4.3962 13.1775 7.0696 3.9637 16.9599 16.1999 7.996 8.03363475214 19.0294
2016-09-30 03:35:40.748000 37611.929 3.365 49.612 33.371 51.951 4.129 4.7298 3.5816 3.8458 4.3964 13.1814 7.0692 3.9648 16.9716 16.2048 7.996 7.47838956745 19.0295
2016-09-30 03:36:49.521000 37680.702 3.335 49.614 34.053 51.95 4.129 4.7297 3.5815 3.8462 4.397 13.1854 7.0686 3.9642 16.9762 16.2114 7.996 7.71316188867 19.0363
2016-09-30 03:37:57.955000 37749.136 3.324 49.614 33.311 51.952 4.128 4.73 3.5812 3.8457 4.3967 13.189 7.068 3.9634 16.9874 16.2114 7.996 7.7527252151 19.0412
2016-09-30 03:39:06.339000 37817.52 3.384 49.615 33.322 51.951 4.129 4.7301 3.5814 3.8455 4.3966 13.193 7.0675 3.9641 16.9909 16.215 7.996 7.40778273543 19.0483
2016-09-30 03:40:14.802000 37885.983 3.382 49.615 33.362 51.952 4.128 4.7305 3.5814 3.846 4.3962 13.1965 7.0669 3.964 17.0008 16.2213 7.996 8.07848712666 19.0675
2016-09-30 03:41:23.676000 37954.857 3.326 49.617 33.951 51.953 4.128 4.7305 3.5812 3.8453 4.3963 13.2007 7.0663 3.9639 17.01 16.2241 7.996 7.59447190937 19.0684
2016-09-30 03:42:32.031000 38023.212 3.33 49.616 34.005 51.952 4.124 4.7302 3.5816 3.8457 4.3966 13.2041 7.0658 3.9638 17.0145 16.2342 7.996 8.03363475214 19.0931
2016-09-30 03:43:40.434000 38091.615 3.33 49.615 33.343 51.951 4.128 4.73 3.5811 3.8456 4.3967 13.2079 7.0652 3.9637 17.0281 16.236 7.996 7.91097852082 19.0758
2016-09-30 03:44:48.898000 38160.079 3.373 49.616 33.354 51.953 4.128 4.7303 3.5807 3.8456 4.3963 13.2113 7.0647 3.9634 17.0296 16.2409 7.996 7.91097852082 19.096
2016-09-30 03:45:57.782000 38228.963 3.328 49.617 34.056 51.951 4.127 4.7303 3.5806 3.8446 4.3958 13.2151 7.064 3.9623 17.0337 16.2452 7.996 7.67359856223 19.1009
2016-09-30 03:47:06.275000 38297.456 3.329 49.617 33.988 51.952 4.128 4.7303 3.5808 3.8447 4.3957 13.2186 7.0633 3.9637 17.0446 16.2512 7.996 7.47838956745 19.1138
2016-09-30 03:48:14.819000 38366.0 3.328 49.617 34.061 51.951 4.127 4.7307 3.5808 3.8452 4.3957 13.2222 7.0627 3.9627 17.0527 16.2578 7.996 7.87141519439 19.1121
2016-09-30 03:49:23.493000 38434.674 3.499 49.619 33.951 51.953 4.127 4.7307 3.5811 3.8447 4.3957 13.226 7.0621 3.9617 17.0572 16.2666 7.996 7.47838956745 19.1177
2016-09-30 03:50:32.666000 38503.847 3.436 49.618 33.315 51.952 4.127 4.7308 3.5805 3.8445 4.3956 13.2293 7.0614 3.9626 17.0605 16.2733 7.996 7.79228854153 19.1325
2016-09-30 03:51:41.220000 38572.401 3.401 49.619 33.303 51.954 4.127 4.7304 3.5808 3.8446 4.3956 13.233 7.0608 3.9628 17.0757 16.2797 7.996 7.7527252151 19.1365
2016-09-30 03:52:49.954000 38641.135 3.323 49.619 33.878 51.954 4.127 4.7306 3.5803 3.8447 4.3956 13.2365 7.0603 3.9627 17.0749 16.2868 7.996 7.71316188867 19.1489
2016-09-30 03:53:58.668000 38709.849 3.331 49.617 33.749 51.951 4.128 4.7303 3.5801 3.845 4.3958 13.2405 7.0598 3.9641 17.0862 16.2923 7.996 7.91097852082 19.1583
2016-09-30 03:55:07.812000 38778.993 3.431 49.615 34.131 51.953 4.127 4.7303 3.58 3.8453 4.396 13.2444 7.0592 3.9626 17.0927 16.2948 7.996 7.59447190937 19.1604
2016-09-30 03:56:16.526000 38847.707 3.55 49.617 33.593 51.956 4.127 4.7303 3.58 3.8446 4.3957 13.2482 7.0587 3.9618 17.0963 16.2908 7.995 7.91097852082 19.1817
2016-09-30 03:57:25.249000 38916.43 3.551 49.618 33.527 51.955 4.127 4.7306 3.5795 3.8442 4.3957 13.252 7.0579 3.9621 17.1099 16.3004 7.995 7.55490858294 19.1816
2016-09-30 03:58:33.943000 38985.124 3.352 49.617 33.593 51.952 4.127 4.7306 3.5795 3.8443 4.3953 13.2551 7.0573 3.9624 17.1185 16.3071 7.995 8.03363475214 19.1945
2016-09-30 03:59:43.037000 39054.218 3.348 49.618 34.079 51.953 4.127 4.7306 3.5793 3.8442 4.3955 13.259 7.0567 3.963 17.1262 16.3196 7.995 7.67359856223 19.1947
2016-09-30 04:00:51.781000 39122.962 3.347 49.616 34.098 51.953 4.126 4.7306 3.5794 3.844 4.3952 13.2628 7.0562 3.9618 17.1293 16.3208 7.995 7.71316188867 19.2088
2016-09-30 04:02:00.484000 39191.665 3.528 49.614 34.089 51.951 4.127 4.7306 3.5794 3.8442 4.3954 13.2665 7.0556 3.9622 17.1331 16.3169 7.995 7.79228854153 19.2212
2016-09-30 04:03:09.208000 39260.389 3.537 49.615 33.762 51.949 4.128 4.7306 3.5794 3.845 4.3957 13.2701 7.0552 3.9629 17.1422 16.3259 7.996 7.83185186796 19.2313
2016-09-30 04:04:18.332000 39329.513 3.383 49.614 33.317 51.95 4.127 4.7306 3.5793 3.8449 4.3955 13.2736 7.0546 3.9631 17.1542 16.3291 7.996 7.44308615144 19.2321
2016-09-30 04:05:27.075000 39398.256 3.326 49.615 33.959 51.95 4.127 4.731 3.5793 3.845 4.3955 13.2771 7.054 3.9633 17.1554 16.3353 7.996 7.95054184725 19.2276
2016-09-30 04:06:35.800000 39466.981 3.329 49.613 33.997 51.95 4.127 4.7311 3.5791 3.8448 4.3958 13.281 7.0534 3.9633 17.1632 16.3391 7.996 7.44308615144 19.2442
2016-09-30 04:07:44.544000 39535.725 3.5 49.612 33.941 51.948 4.124 4.7307 3.5795 3.8446 4.3956 13.2844 7.0529 3.9619 17.1713 16.3484 7.995 7.79228854153 19.261
2016-09-30 04:08:53.638000 39604.819 3.435 49.612 33.309 51.947 4.127 4.731 3.5793 3.8442 4.3953 13.2879 7.0521 3.9618 17.1739 16.3486 7.995 7.59447190937 19.2747
2016-09-30 04:10:02.351000 39673.532 3.414 49.614 33.309 51.948 4.127 4.7308 3.5792 3.8444 4.3954 13.2916 7.0516 3.9621 17.184 16.3568 7.995 7.71316188867 19.2688
2016-09-30 04:11:11.115000 39742.296 3.322 49.612 33.886 51.946 4.126 4.7307 3.5791 3.8441 4.3952 13.2953 7.051 3.9618 17.1917 16.3578 7.995 8.03363475214 19.2848
2016-09-30 04:12:19.829000 39811.01 3.322 49.612 33.875 51.948 4.123 4.7304 3.5785 3.8439 4.3949 13.2988 7.0503 3.9622 17.1942 16.3632 7.995 7.51534525651 19.2918
2016-09-30 04:13:28.942000 39880.123 3.481 49.612 33.385 51.947 4.126 4.7304 3.5785 3.8436 4.3947 13.3026 7.0497 3.9613 17.2015 16.3645 7.994 7.99010517368 19.3028
2016-09-30 04:14:37.735000 39948.916 3.483 49.609 33.392 51.945 4.127 4.7305 3.5783 3.844 4.395 13.3061 7.0491 3.9615 17.2021 16.3799 7.995 7.99010517368 19.3143
2016-09-30 04:15:46.529000 40017.71 3.331 49.61 33.67 51.945 4.126 4.7305 3.5782 3.8438 4.3953 13.3098 7.0485 3.9621 17.2158 16.3734 7.995 7.51534525651 19.3092
2016-09-30 04:16:55.313000 40086.494 3.328 49.611 33.718 51.944 4.127 4.7306 3.5778 3.8441 4.3955 13.3133 7.0479 3.9627 17.2277 16.3865 7.995 7.87141519439 19.3291
2016-09-30 04:18:04.527000 40155.708 3.544 49.609 33.668 51.944 4.126 4.7305 3.5779 3.844 4.3954 13.3167 7.0474 3.9612 17.228 16.3888 7.995 7.51534525651 19.3415
2016-09-30 04:19:13.331000 40224.512 3.55 49.611 33.662 51.945 4.126 4.7307 3.5777 3.8436 4.395 13.3202 7.0468 3.9608 17.2321 16.4019 7.994 7.55490858294 19.339
2016-09-30 04:20:22.175000 40293.356 3.363 49.612 33.387 51.945 4.126 4.7308 3.5775 3.8437 4.3952 13.3236 7.0462 3.9616 17.2442 16.4009 7.994 7.95054184725 19.353
2016-09-30 04:21:31.038000 40362.219 3.34 49.611 34.081 51.943 4.125 4.7307 3.5773 3.8433 4.3944 13.3272 7.0456 3.961 17.2467 16.4111 7.994 7.6340352358 19.3544
2016-09-30 04:22:40.322000 40431.503 3.521 49.61 33.789 51.944 4.126 4.7308 3.5772 3.8438 4.3952 13.3307 7.045 3.9617 17.2558 16.4126 7.994 7.79228854153 19.3575
2016-09-30 04:23:49.216000 40500.397 3.398 49.61 33.32 51.944 4.125 4.7307 3.5772 3.8434 4.3948 13.3339 7.0445 3.9602 17.2672 16.4047 7.994 8.03363475214 19.367
2016-09-30 04:24:58.130000 40569.311 3.322 49.612 33.945 51.945 4.124 4.7307 3.5771 3.8428 4.3944 13.3375 7.0437 3.9601 17.2704 16.4146 7.994 7.51534525651 19.3855
2016-09-30 04:26:07.483000 40638.664 3.447 49.612 33.352 51.946 4.124 4.7305 3.5768 3.8422 4.3939 13.3412 7.0431 3.9598 17.2732 16.418 7.993 8.03363475214 19.3838
2016-09-30 04:27:16.377000 40707.558 3.323 49.615 33.849 51.945 4.125 4.7307 3.5766 3.8421 4.3939 13.3446 7.0425 3.9595 17.2809 16.4211 7.993 7.91097852082 19.3928
2016-09-30 04:28:25.301000 40776.482 3.324 49.611 33.792 51.946 4.125 4.7306 3.5764 3.8424 4.3941 13.348 7.0418 3.9606 17.2898 16.4294 7.993 7.55490858294 19.3962
2016-09-30 04:29:34.316000 40845.497 3.534 49.61 34.098 51.944 4.125 4.7307 3.5764 3.8428 4.3945 13.3517 7.0413 3.9609 17.3046 16.4411 7.994 8.12333950118 19.4107
2016-09-30 04:30:43.689000 40914.87 3.343 49.613 33.525 51.943 4.127 4.7305 3.5767 3.8439 4.3951 13.3549 7.041 3.9617 17.3078 16.434 7.994 7.51534525651 19.4105
2016-09-30 04:31:52.653000 40983.834 3.39 49.608 34.118 51.942 4.128 4.7305 3.5766 3.8452 4.3961 13.3563 7.0408 3.9643 17.3088 16.4423 7.995 8.03363475214 19.4239
2016-09-30 04:33:01.607000 41052.788 3.552 49.607 33.591 51.94 4.128 4.7304 3.5767 3.8453 4.3963 13.3613 7.0404 3.9626 17.311 16.445 7.995 7.95054184725 19.4354
2016-09-30 04:34:10.571000 41121.752 3.353 49.608 33.453 51.943 4.127 4.7304 3.5768 3.8449 4.396 13.3647 7.0399 3.9621 17.3297 16.4525 7.995 7.47838956745 19.4351
2016-09-30 04:35:19.994000 41191.175 3.53 49.607 33.802 51.943 4.128 4.7305 3.5767 3.8453 4.3959 13.3681 7.0395 3.9638 17.3138 16.4528 7.995 8.07848712666 19.4472
2016-09-30 04:36:28.978000 41260.159 3.382 49.608 33.327 51.942 4.127 4.7305 3.5767 3.8452 4.3956 13.3712 7.039 3.9627 17.3309 16.4648 7.995 7.79228854153 19.46
2016-09-30 04:37:38.002000 41329.183 3.326 49.609 33.958 51.943 4.124 4.7304 3.5766 3.8445 4.3954 13.3744 7.0383 3.9619 17.3421 16.4607 7.994 7.59447190937 19.4615
2016-09-30 04:38:47.436000 41398.617 3.462 49.607 33.367 51.942 4.127 4.7306 3.577 3.8445 4.3954 13.3778 7.0378 3.9622 17.3487 16.4694 7.994 8.03363475214 19.4718
2016-09-30 04:39:56.410000 41467.591 3.328 49.609 33.709 51.941 4.126 4.7306 3.5769 3.8441 4.395 13.381 7.0371 3.9614 17.3523 16.469 7.994 7.55490858294 19.4811
2016-09-30 04:41:05.413000 41536.594 3.432 49.61 34.128 51.941 4.125 4.7305 3.5769 3.8435 4.3946 13.3844 7.0365 3.9604 17.3626 16.4823 7.994 7.99010517368 19.4928
2016-09-30 04:42:14.418000 41605.599 3.552 49.609 33.569 51.945 4.126 4.7305 3.5767 3.8431 4.3944 13.3878 7.0357 3.9613 17.3685 16.4819 7.994 7.83185186796 19.4996
2016-09-30 04:43:23.892000 41675.073 3.349 49.609 34.105 51.943 4.126 4.7309 3.5762 3.8437 4.3947 13.3912 7.0353 3.9611 17.3708 16.4875 7.994 7.79228854153 19.5011
2016-09-30 04:44:32.956000 41744.137 3.537 49.607 33.758 51.94 4.126 4.7309 3.5759 3.8437 4.3948 13.3945 7.0347 3.9612 17.3797 16.4896 7.994 7.87141519439 19.5003
2016-09-30 04:45:41.999000 41813.18 3.38 49.608 33.351 51.944 4.126 4.7308 3.576 3.8438 4.3946 13.3975 7.0342 3.9617 17.3918 16.4882 7.994 8.1681918757 19.5214
2016-09-30 04:46:51.103000 41882.284 3.324 49.609 33.975 51.942 4.126 4.7308 3.5759 3.8435 4.3943 13.4005 7.0336 3.9605 17.3943 16.4952 7.994 7.71316188867 19.5258
2016-09-30 04:48:00.577000 41951.758 3.43 49.608 33.316 51.945 4.126 4.7305 3.5757 3.8429 4.3941 13.4039 7.033 3.9614 17.3968 16.5013 7.994 8.07848712666 19.5364
2016-09-30 04:49:09.581000 42020.762 3.323 49.607 33.847 51.942 4.126 4.7304 3.5757 3.8436 4.3947 13.407 7.0325 3.9615 17.4062 16.5 7.994 7.79228854153 19.5392
2016-09-30 04:50:18.564000 42089.745 3.465 49.611 34.073 51.942 4.126 4.7304 3.5756 3.8435 4.3946 13.4101 7.032 3.9609 17.4096 16.5086 7.994 7.55490858294 19.5314
2016-09-30 04:51:27.588000 42158.769 3.5 49.611 33.38 51.942 4.126 4.7303 3.5755 3.8435 4.3946 13.4132 7.0316 3.9618 17.4119 16.5071 7.994 8.1681918757 19.5588
2016-09-30 04:52:37.132000 42228.313 3.425 49.608 34.135 51.945 4.125 4.7303 3.5751 3.8434 4.3946 13.4162 7.0308 3.9604 17.4192 16.5194 7.994 7.99010517368 19.5654
2016-09-30 04:53:46.277000 42297.458 3.379 49.61 33.686 51.944 4.126 4.7304 3.575 3.8435 4.3948 13.4194 7.0302 3.9618 17.4265 16.5248 7.994 7.55490858294 19.5894
2016-09-30 04:54:55.431000 42366.612 3.331 49.608 34.011 51.942 4.127 4.7302 3.5749 3.8442 4.3955 13.4225 7.0298 3.9622 17.4286 16.5231 7.994 7.7527252151 19.5778
2016-09-30 04:56:05.074000 42436.255 3.426 49.608 33.307 51.94 4.128 4.73 3.5752 3.8451 4.3958 13.4254 7.0296 3.963 17.4288 16.5292 7.995 8.12333950118 19.5692
2016-09-30 04:57:14.258000 42505.439 3.418 49.608 33.69 51.941 4.125 4.7301 3.5756 3.8444 4.3951 13.4283 7.029 3.9602 17.4508 16.5392 7.994 7.6340352358 19.5881
2016-09-30 04:58:23.452000 42574.633 3.55 49.609 33.615 51.942 4.125 4.7301 3.5755 3.8432 4.3943 13.4313 7.0281 3.9605 17.453 16.5342 7.994 7.6340352358 19.5916
2016-09-30 04:59:32.676000 42643.857 3.362 49.611 33.427 51.944 4.125 4.7301 3.5753 3.843 4.3941 13.4345 7.0275 3.9598 17.4573 16.5481 7.994 7.87141519439 19.6137
2016-09-30 05:00:42.290000 42713.471 3.387 49.609 33.784 51.943 4.114 4.7303 3.575 3.8431 4.3942 13.4379 7.0269 3.9617 17.4622 16.5506 7.994 7.99010517368 19.6079
2016-09-30 05:01:51.413000 42782.594 3.324 49.609 33.992 51.943 4.125 4.73 3.5749 3.843 4.394 13.441 7.0262 3.96 17.467 16.553 7.994 8.12333950118 19.6193
2016-09-30 05:03:00.547000 42851.728 3.492 49.609 33.974 51.943 4.125 4.73 3.5747 3.8427 4.3937 13.444 7.0256 3.9594 17.4766 16.5567 7.993 7.95054184725 19.6321
2016-09-30 05:04:09.731000 42920.912 3.522 49.613 33.427 51.946 4.124 4.7298 3.5744 3.8415 4.3932 13.4469 7.0248 3.9589 17.477 16.5626 7.993 7.67359856223 19.6378
2016-09-30 05:05:19.396000 42990.577 3.547 49.612 33.662 51.946 4.123 4.7298 3.574 3.8413 4.3933 13.45 7.024 3.9581 17.4877 16.5644 7.993 8.07848712666 19.6433
2016-09-30 05:06:28.640000 43059.821 3.36 49.614 33.389 51.946 4.124 4.7295 3.5738 3.8415 4.3935 13.4529 7.0235 3.9595 17.49 16.5586 7.993 7.6340352358 19.6463
2016-09-30 05:07:37.923000 43129.104 3.51 49.611 33.885 51.945 4.125 4.7294 3.5739 3.8423 4.3934 13.4558 7.023 3.9592 17.4955 16.569 7.993 8.12333950118 19.6594
2016-09-30 05:08:47.697000 43198.878 3.322 49.612 33.893 51.943 4.125 4.7297 3.5744 3.8423 4.3935 13.4585 7.0225 3.9594 17.497 16.5735 7.993 7.71316188867 19.6703
2016-09-30 05:09:57.011000 43268.192 3.497 49.608 33.423 51.946 4.125 4.7299 3.5739 3.8425 4.3937 13.4615 7.022 3.96 17.5065 16.5812 7.993 7.7527252151 19.6749
2016-09-30 05:11:06.285000 43337.466 3.349 49.609 33.513 51.942 4.125 4.7299 3.5738 3.8426 4.3935 13.4643 7.0214 3.9601 17.502 16.58 7.993 8.07848712666 19.6773
2016-09-30 05:12:15.639000 43406.82 3.537 49.608 33.752 51.942 4.126 4.7295 3.5737 3.8428 4.3941 13.4674 7.021 3.9603 17.5147 16.586 7.994 7.7527252151 19.6752
2016-09-30 05:13:25.373000 43476.554 3.491 49.61 33.933 51.943 4.125 4.7295 3.5735 3.8427 4.3942 13.4702 7.0205 3.959 17.5144 16.5943 7.994 7.71316188867 19.6767
2016-09-30 05:14:34.706000 43545.887 3.422 49.61 33.319 51.943 4.126 4.7291 3.5732 3.8429 4.3944 13.473 7.0199 3.9604 17.5295 16.6012 7.994 8.12333950118 19.6828
2016-09-30 05:15:44.040000 43615.221 3.466 49.609 34.059 51.946 4.126 4.729 3.5735 3.843 4.3941 13.4755 7.0195 3.9601 17.5371 16.6018 7.994 7.55490858294 19.6996
2016-09-30 05:16:53.835000 43685.016 3.385 49.609 34.123 51.943 4.126 4.7297 3.5739 3.8437 4.3946 13.4783 7.0189 3.9614 17.5406 16.6057 7.994 7.71316188867 19.6957
2016-09-30 05:18:03.189000 43754.37 3.55 49.61 33.639 51.946 4.126 4.7296 3.5735 3.8433 4.3941 13.4811 7.0184 3.9604 17.5533 16.5982 7.994 8.21304425022 19.7143
2016-09-30 05:19:12.543000 43823.724 3.346 49.61 34.118 51.945 4.125 4.7292 3.5734 3.8432 4.394 13.484 7.0178 3.9603 17.5589 16.6129 7.994 7.6340352358 19.7243
2016-09-30 05:20:22.397000 43893.578 3.324 49.609 33.972 51.942 4.126 4.7291 3.573 3.8436 4.395 13.4868 7.0173 3.9614 17.5605 16.6118 7.994 7.55490858294 19.7337
2016-09-30 05:21:31.770000 43962.951 3.455 49.609 34.093 51.944 4.122 4.7288 3.5733 3.8434 4.3949 13.4893 7.0168 3.9608 17.5738 16.6173 7.994 8.07848712666 19.7299
2016-09-30 05:22:41.174000 44032.355 3.341 49.608 33.589 51.941 4.126 4.7288 3.5732 3.8438 4.3948 13.4919 7.0163 3.9615 17.5749 16.6268 7.994 7.6340352358 19.7305
2016-09-30 05:23:50.558000 44101.739 3.55 49.607 33.67 51.941 4.125 4.729 3.5736 3.844 4.395 13.495 7.0158 3.9615 17.5843 16.6294 7.994 7.71316188867 19.7446
2016-09-30 05:25:00.472000 44171.653 3.509 49.608 33.842 51.941 4.128 4.7289 3.5733 3.8445 4.3952 13.4977 7.0154 3.962 17.5789 16.6288 7.994 8.03363475214 19.7614
2016-09-30 05:26:09.916000 44241.097 3.325 49.607 33.871 51.942 4.127 4.7289 3.5734 3.8446 4.3957 13.5003 7.015 3.9625 17.5834 16.6396 7.995 7.71316188867 19.7561
2016-09-30 05:27:19.370000 44310.551 3.529 49.608 33.513 51.943 4.127 4.7287 3.5729 3.8446 4.3956 13.5031 7.0146 3.9612 17.6079 16.6302 7.994 8.25789662474 19.767
2016-09-30 05:28:29.295000 44380.476 3.335 49.612 34.101 51.946 4.125 4.7288 3.5732 3.8439 4.3947 13.5057 7.0138 3.96 17.5898 16.6362 7.994 7.67359856223 19.7808
2016-09-30 05:29:38.768000 44449.949 3.394 49.611 33.29 51.945 4.126 4.7286 3.5735 3.8435 4.3947 13.5087 7.0132 3.9613 17.5998 16.6416 7.994 8.03363475214 19.7708
2016-09-30 05:30:48.322000 44519.503 3.494 49.61 34.031 51.945 4.119 4.7289 3.5731 3.8437 4.3945 13.5116 7.0125 3.9611 17.6126 16.6506 7.994 7.95054184725 19.7911
2016-09-30 05:31:57.826000 44589.007 3.43 49.612 33.704 51.943 4.126 4.7286 3.5729 3.8433 4.3946 13.5144 7.0119 3.9604 17.6185 16.6498 7.994 7.83185186796 19.7908
2016-09-30 05:33:07.800000 44658.981 3.346 49.612 33.472 51.947 4.125 4.7282 3.5729 3.8434 4.3947 13.5171 7.0114 3.96 17.6216 16.659 7.994 8.21304425022 19.8084
2016-09-30 05:34:17.314000 44728.495 3.39 49.614 33.803 51.948 4.125 4.7284 3.5727 3.8429 4.3939 13.5197 7.0106 3.9599 17.624 16.6493 7.994 7.55490858294 19.8076
2016-09-30 05:35:26.848000 44798.029 3.49 49.612 33.982 51.946 4.124 4.7283 3.5731 3.8429 4.3941 13.5225 7.01 3.9599 17.6283 16.6657 7.994 8.1681918757 19.809
2016-09-30 05:36:36.862000 44868.043 3.434 49.614 34.127 51.946 4.126 4.7282 3.5725 3.843 4.3945 13.5258 7.0095 3.9603 17.6423 16.6623 7.994 7.79228854153 19.8273
2016-09-30 05:37:46.446000 44937.627 3.374 49.614 33.344 51.947 4.125 4.7281 3.5721 3.8436 4.3951 13.5283 7.0091 3.9615 17.6464 16.6672 7.994 7.91097852082 19.832
2016-09-30 05:38:55.979000 45007.16 3.497 49.612 33.953 51.947 4.126 4.7278 3.5725 3.8437 4.3949 13.5314 7.0085 3.9599 17.6452 16.6642 7.994 7.91097852082 19.8405
2016-09-30 05:40:06.013000 45077.194 3.458 49.612 34.095 51.945 4.123 4.7284 3.5723 3.8434 4.3945 13.5339 7.0079 3.9599 17.6645 16.6792 7.994 7.59447190937 19.8467
2016-09-30 05:41:15.628000 45146.809 3.335 49.614 33.605 51.946 4.126 4.7279 3.5723 3.8437 4.3944 13.5369 7.0074 3.9616 17.6647 16.6867 7.994 8.07848712666 19.8449
2016-09-30 05:42:25.242000 45216.423 3.552 49.612 33.569 51.949 4.127 4.7278 3.572 3.8439 4.3951 13.5395 7.007 3.9613 17.6612 16.6786 7.995 8.25789662474 19.8552
2016-09-30 05:43:34.846000 45286.027 3.531 49.614 33.787 51.947 4.127 4.7276 3.5723 3.8443 4.3956 13.5424 7.0064 3.9615 17.6634 16.6848 7.995 7.83185186796 19.8708
2016-09-30 05:44:44.900000 45356.081 3.473 49.612 34.025 51.949 4.126 4.7277 3.5727 3.844 4.3948 13.5451 7.0059 3.9604 17.6696 16.6832 7.995 7.87141519439 19.8764
2016-09-30 05:45:54.534000 45425.715 3.328 49.615 33.69 51.952 4.125 4.7277 3.5721 3.8434 4.3942 13.5476 7.0053 3.9605 17.6811 16.6901 7.994 7.71316188867 19.8764
2016-09-30 05:47:04.228000 45495.409 3.546 49.615 33.546 51.95 4.126 4.7275 3.572 3.8432 4.3946 13.55 7.0045 3.9607 17.6858 16.6893 7.994 7.71316188867 19.8823
2016-09-30 05:48:14.422000 45565.603 3.374 49.614 33.347 51.951 4.126 4.7274 3.5721 3.844 4.3949 13.5526 7.0041 3.9609 17.6902 16.699 7.995 7.99010517368 19.8882
2016-09-30 05:49:24.055000 45635.236 3.505 49.616 33.911 51.952 4.125 4.7277 3.5719 3.8433 4.3943 13.5554 7.0033 3.9594 17.6933 16.6991 7.994 7.79228854153 19.8914
2016-09-30 05:50:33.779000 45704.96 3.457 49.618 33.811 51.952 4.125 4.7272 3.5719 3.8423 4.3938 13.558 7.0027 3.9603 17.693 16.7034 7.994 7.6340352358 19.9038
2016-09-30 05:51:43.463000 45774.644 3.344 49.619 33.557 51.954 4.124 4.7272 3.5713 3.8421 4.3939 13.5608 7.0019 3.9589 17.7055 16.7109 7.994 8.34760137377 19.912
2016-09-30 05:52:53.718000 45844.899 3.38 49.619 33.352 51.954 4.124 4.7271 3.572 3.8421 4.3935 13.5634 7.0013 3.9587 17.7185 16.7143 7.994 7.67359856223 19.9038
2016-09-30 05:54:03.422000 45914.603 3.465 49.619 33.332 51.953 4.124 4.7274 3.5715 3.842 4.3932 13.5658 7.0007 3.9589 17.7267 16.7153 7.994 8.12333950118 19.9147
2016-09-30 05:55:13.136000 45984.317 3.458 49.62 34.089 51.956 4.125 4.727 3.5714 3.842 4.3937 13.5683 7.0001 3.9596 17.7323 16.7106 7.994 7.79228854153 19.9153
2016-09-30 05:56:23.390000 46054.571 3.54 49.62 33.723 51.956 4.124 4.7268 3.5713 3.8424 4.3936 13.5706 6.9995 3.9587 17.7347 16.7259 7.994 8.03363475214 19.9309
2016-09-30 05:57:33.154000 46124.335 3.33 49.622 34.1 51.956 4.124 4.727 3.5711 3.842 4.3934 13.5731 6.9989 3.9588 17.7296 16.7219 7.994 7.95054184725 19.9468
2016-09-30 05:58:42.968000 46194.149 3.321 49.622 33.886 51.956 4.125 4.7267 3.5711 3.8419 4.3936 13.5755 6.9982 3.9603 17.7429 16.7298 7.994 7.7527252151 19.9456
2016-09-30 05:59:53.372000 46264.553 3.422 49.621 34.147 51.956 4.124 4.7264 3.5709 3.8428 4.3939 13.5782 6.9978 3.9593 17.7501 16.7367 7.994 7.83185186796 19.9577
2016-09-30 06:01:03.206000 46334.387 3.339 49.624 33.509 51.96 4.123 4.7267 3.5709 3.8414 4.3927 13.5805 6.9971 3.9572 17.7532 16.7296 7.994 8.07848712666 19.9543
2016-09-30 06:02:13.080000 46404.261 3.45 49.627 33.336 51.961 4.123 4.7263 3.5707 3.841 4.3926 13.5829 6.9965 3.9567 17.7549 16.732 7.994 7.55490858294 19.9623
2016-09-30 06:03:22.864000 46474.045 3.532 49.625 33.519 51.962 4.124 4.7261 3.5703 3.8412 4.393 13.5854 6.9958 3.9586 17.7559 16.741 7.994 7.91097852082 19.9704
2016-09-30 06:04:33.189000 46544.37 3.536 49.629 33.748 51.964 4.124 4.7265 3.5706 3.8411 4.3928 13.5875 6.9951 3.9583 17.7583 16.737 7.994 7.95054184725 19.9612
2016-09-30 06:05:43.072000 46614.253 3.491 49.628 33.975 51.962 4.124 4.7261 3.5705 3.8413 4.393 13.59 6.9947 3.9585 17.7826 16.7491 7.994 7.87141519439 19.981
2016-09-30 06:06:52.936000 46684.117 3.439 49.629 34.099 51.963 4.124 4.7256 3.5703 3.8416 4.3934 13.5925 6.9942 3.959 17.7703 16.7512 7.994 8.1681918757 19.9876
2016-09-30 06:08:03.300000 46754.481 3.541 49.625 33.728 51.961 4.126 4.7262 3.5702 3.8424 4.3937 13.5939 6.9937 3.9605 17.7826 16.7594 7.995 7.71316188867 19.9976
2016-09-30 06:09:13.164000 46824.345 3.33 49.627 34.053 51.96 4.125 4.7257 3.5703 3.8427 4.394 13.5974 6.9934 3.9603 17.7826 16.7555 7.995 8.21304425022 19.9876
2016-09-30 06:10:23.078000 46894.259 3.321 49.624 33.865 51.962 4.125 4.7254 3.5703 3.8429 4.3941 13.5998 6.9928 3.96 17.7947 16.7674 7.995 8.25789662474 20.0025
2016-09-30 06:11:33.512000 46964.693 3.414 49.626 34.139 51.961 4.125 4.7258 3.5702 3.8429 4.3936 13.6022 6.9923 3.9606 17.7891 16.7629 7.995 7.67359856223 20.006
2016-09-30 06:12:43.446000 47034.627 3.349 49.628 34.116 51.962 4.126 4.7254 3.5698 3.8429 4.394 13.6048 6.9919 3.9602 17.7997 16.7678 7.995 7.79228854153 20.0344
2016-09-30 06:13:53.330000 47104.511 3.324 49.626 33.979 51.961 4.125 4.725 3.5702 3.8428 4.3938 13.6071 6.9913 3.9591 17.8043 16.7727 7.995 8.25789662474 20.0325
2016-09-30 06:15:03.824000 47175.005 3.438 49.626 34.104 51.962 4.125 4.7253 3.5701 3.8428 4.3937 13.6097 6.9908 3.9598 17.8108 16.7772 7.995 8.12333950118 20.0253
2016-09-30 06:16:13.829000 47245.01 3.365 49.627 34.139 51.962 4.125 4.725 3.5696 3.8426 4.3942 13.612 6.9903 3.9589 17.8065 16.7748 7.995 7.6340352358 20.0362
2016-09-30 06:17:23.733000 47314.914 3.325 49.628 33.993 51.964 4.125 4.725 3.5704 3.8426 4.3938 13.6145 6.9896 3.9593 17.812 16.7789 7.995 8.25789662474 20.0483
2016-09-30 06:18:34.177000 47385.358 3.442 49.629 33.74 51.963 4.125 4.7249 3.5699 3.8426 4.394 13.6167 6.9891 3.9599 17.8264 16.7735 7.995 7.59447190937 20.0508
2016-09-30 06:19:44.181000 47455.362 3.369 49.629 33.612 51.965 4.125 4.7245 3.5698 3.8434 4.3944 13.619 6.9887 3.9595 17.8349 16.78 7.996 8.30274899925 20.0511
2016-09-30 06:20:54.215000 47525.396 3.33 49.631 34.051 51.967 4.124 4.725 3.5699 3.8427 4.3938 13.6213 6.988 3.9589 17.8296 16.79 7.995 8.1681918757 20.0545
2016-09-30 06:22:04.699000 47595.88 3.457 49.633 34.106 51.967 4.125 4.7245 3.5696 3.8428 4.3943 13.6237 6.9875 3.9588 17.8305 16.785 7.996 7.71316188867 20.071
2016-09-30 06:23:14.723000 47665.904 3.393 49.632 34.142 51.968 4.125 4.7244 3.5702 3.8423 4.3937 13.6259 6.9868 3.959 17.8476 16.7895 7.995 8.25789662474 20.0649
2016-09-30 06:24:24.707000 47735.888 3.331 49.633 34.088 51.968 4.124 4.7243 3.5697 3.8423 4.3935 13.6283 6.9861 3.9588 17.8469 16.7975 7.995 7.7527252151 20.0709
2016-09-30 06:25:34.741000 47805.922 3.321 49.633 33.945 51.968 4.125 4.7241 3.5693 3.8424 4.394 13.6305 6.9856 3.9592 17.8534 16.8012 7.996 7.91097852082 20.0925
2016-09-30 06:26:45.265000 47876.446 3.42 49.633 34.146 51.97 4.122 4.7244 3.5697 3.8425 4.3937 13.6326 6.9849 3.9587 17.8684 16.7991 7.996 8.30274899925 20.0832
2016-09-30 06:27:55.290000 47946.471 3.339 49.635 34.136 51.972 4.123 4.7239 3.5694 3.8417 4.3933 13.6351 6.9844 3.9578 17.8628 16.8032 7.995 7.79228854153 20.0899
2016-09-30 06:29:05.364000 48016.545 3.32 49.637 33.967 51.971 4.124 4.7235 3.5692 3.8419 4.3932 13.6373 6.9827 3.9582 17.8599 16.8008 7.995 7.95054184725 20.0819
2016-09-30 06:30:15.888000 48087.069 3.441 49.638 34.126 51.971 4.124 4.7238 3.5692 3.8412 4.3926 13.6396 6.983 3.9578 17.8768 16.8105 7.995 8.12333950118 20.1115
2016-09-30 06:31:26.002000 48157.183 3.354 49.638 34.141 51.974 4.124 4.7233 3.5687 3.8411 4.3931 13.6418 6.9824 3.9579 17.8811 16.8095 7.995 7.7527252151 20.1
2016-09-30 06:32:36.116000 48227.297 3.463 49.64 33.868 51.973 4.123 4.7237 3.5695 3.8409 4.3925 13.6438 6.9817 3.9568 17.8842 16.8225 7.995 7.95054184725 20.1169
2016-09-30 06:33:46.750000 48297.931 3.547 49.64 33.648 51.974 4.123 4.7232 3.5685 3.8408 4.3929 13.6463 6.9811 3.9577 17.8857 16.811 7.995 8.1681918757 20.1209
2016-09-30 06:34:56.874000 48368.055 3.521 49.64 33.83 51.977 4.123 4.7231 3.5692 3.8407 4.3924 13.6482 6.9804 3.957 17.8948 16.8166 7.995 7.95054184725 20.122
2016-09-30 06:36:06.958000 48438.139 3.477 49.641 34.032 51.974 4.124 4.723 3.5687 3.8408 4.3924 13.6506 6.9799 3.9578 17.8973 16.824 7.995 7.71316188867 20.137
2016-09-30 06:37:17.582000 48508.763 3.528 49.642 33.741 51.974 4.123 4.7228 3.5685 3.8411 4.3924 13.6526 6.9792 3.9578 17.8956 16.8203 7.995 8.21304425022 20.1431
2016-09-30 06:38:27.656000 48578.837 3.433 49.642 33.968 51.976 4.123 4.7231 3.5685 3.8407 4.3919 13.6551 6.9785 3.9577 17.8939 16.8294 7.995 8.03363475214 20.1395
2016-09-30 06:39:37.781000 48648.962 3.524 49.643 33.495 51.977 4.124 4.7226 3.5679 3.8408 4.3927 13.6572 6.9781 3.9581 17.9045 16.8309 7.995 7.7527252151 20.1525
2016-09-30 06:40:48.435000 48719.616 3.359 49.641 33.399 51.976 4.123 4.7228 3.5683 3.8411 4.3926 13.6594 6.9776 3.9581 17.8985 16.8335 7.995 7.91097852082 20.1527
2016-09-30 06:41:58.569000 48789.75 3.409 49.641 33.316 51.975 4.124 4.7223 3.5679 3.8413 4.3927 13.6614 6.977 3.9584 17.9172 16.832 7.996 8.34760137377 20.1649
2016-09-30 06:43:08.723000 48859.904 3.336 49.641 33.643 51.975 4.124 4.7221 3.5688 3.8417 4.393 13.6635 6.9766 3.9589 17.9286 16.8381 7.996 7.71316188867 20.1579
2016-09-30 06:44:19.447000 48930.628 3.333 49.64 34.064 51.975 4.124 4.7221 3.5681 3.8415 4.3933 13.6655 6.976 3.9588 17.9216 16.8496 7.996 8.34760137377 20.1672
2016-09-30 06:45:29.541000 49000.722 3.321 49.64 33.906 51.976 4.125 4.7217 3.5681 3.8422 4.3934 13.6677 6.9754 3.9592 17.9274 16.8435 7.996 7.71316188867 20.1816
2016-09-30 06:46:39.725000 49070.906 3.424 49.638 34.15 51.975 4.124 4.7221 3.568 3.8419 4.393 13.6697 6.9749 3.958 17.9327 16.845 7.996 7.91097852082 20.1948
2016-09-30 06:47:49.899000 49141.08 3.355 49.641 34.128 51.974 4.124 4.7217 3.5677 3.8417 4.3935 13.6718 6.9743 3.9586 17.9396 16.8483 7.996 8.12333950118 20.1962
2016-09-30 06:49:00.623000 49211.804 3.431 49.641 33.352 51.975 4.119 4.7219 3.568 3.842 4.3931 13.6739 6.9737 3.9584 17.9433 16.8513 7.996 8.1681918757 20.1951
2016-09-30 06:50:10.827000 49282.008 3.521 49.643 33.501 51.977 4.124 4.7214 3.5677 3.8417 4.3934 13.6761 6.9732 3.9575 17.9449 16.8535 7.996 7.71316188867 20.2021
2016-09-30 06:51:21.022000 49352.203 3.522 49.642 33.824 51.977 4.124 4.7212 3.5683 3.8415 4.393 13.6781 6.9724 3.9577 17.9544 16.8626 7.996 7.71316188867 20.1987
2016-09-30 06:52:31.756000 49422.937 3.324 49.643 33.729 51.977 4.123 4.7211 3.5674 3.8413 4.3931 13.6802 6.9718 3.9585 17.9598 16.8585 7.996 7.91097852082 20.2071
2016-09-30 06:53:42.030000 49493.211 3.369 49.643 33.389 51.975 4.124 4.7209 3.568 3.8416 4.393 13.6821 6.9711 3.9586 17.9542 16.8569 7.996 8.25789662474 20.2139
2016-09-30 06:54:52.214000 49563.395 3.319 49.643 33.831 51.976 4.123 4.7208 3.5677 3.841 4.3928 13.6844 6.9705 3.9582 17.9577 16.8738 7.996 8.12333950118 20.2238
2016-09-30 06:56:03.048000 49634.229 3.546 49.641 34.144 51.977 4.124 4.7207 3.568 3.8416 4.3931 13.6864 6.9699 3.9584 17.9712 16.8676 7.996 7.7527252151 20.23
2016-09-30 06:57:13.222000 49704.403 3.509 49.643 33.886 51.975 4.125 4.7205 3.5675 3.8415 4.3932 13.6885 6.9694 3.9581 17.9698 16.8652 7.996 7.91097852082 20.2231
2016-09-30 06:58:23.546000 49774.727 3.412 49.638 34.135 51.976 4.126 4.72 3.5675 3.8431 4.394 13.6905 6.969 3.9595 17.9691 16.8719 7.997 8.03363475214 20.235
2016-09-30 06:59:34.320000 49845.501 3.377 49.64 33.329 51.973 4.126 4.7202 3.5675 3.8428 4.3942 13.6923 6.9685 3.9605 17.9726 16.8838 7.997 7.6340352358 20.2511
2016-09-30 07:00:44.684000 49915.865 3.322 49.64 33.807 51.975 4.125 4.7201 3.5676 3.8434 4.3944 13.6942 6.968 3.9601 17.9802 16.8773 7.997 7.83185186796 20.2565
2016-09-30 07:01:54.988000 49986.169 3.335 49.64 33.597 51.975 4.125 4.7199 3.5677 3.8429 4.3938 13.6963 6.9673 3.9599 17.9964 16.8845 7.997 7.95054184725 20.2493
2016-09-30 07:03:05.773000 50056.954 3.504 49.64 33.915 51.976 4.125 4.7197 3.5681 3.8428 4.3939 13.698 6.9668 3.9593 17.9986 16.8829 7.997 8.34760137377 20.2582
2016-09-30 07:04:16.077000 50127.258 3.531 49.641 34.075 51.975 4.125 4.7197 3.5675 3.8423 4.3936 13.7002 6.9661 3.9594 17.9986 16.8925 7.997 7.67359856223 20.2694
2016-09-30 07:05:26.341000 50197.522 3.546 49.639 33.685 51.974 4.125 4.7192 3.5675 3.8429 4.3941 13.7019 6.9656 3.959 18.0123 16.8925 7.997 8.21304425022 20.2677
2016-09-30 07:06:37.255000 50268.436 3.32 49.641 33.885 51.977 4.125 4.7194 3.5675 3.8421 4.3938 13.7041 6.9649 3.9593 18.0133 16.897 7.997 7.79228854153 20.2755
2016-09-30 07:07:47.659000 50338.84 3.414 49.642 34.141 51.976 4.124 4.7192 3.5673 3.8426 4.3936 13.706 6.9643 3.959 18.0153 16.8986 7.997 7.71316188867 20.2813
2016-09-30 07:08:58.063000 50409.244 3.527 49.643 34.126 51.976 4.124 4.7191 3.5673 3.8417 4.393 13.7082 6.9636 3.9585 18.0192 16.9042 7.997 8.03363475214 20.2905
2016-09-30 07:10:08.927000 50480.108 3.445 49.643 33.369 51.978 4.124 4.7189 3.5678 3.8418 4.3932 13.7106 6.9628 3.9575 18.0195 16.8988 7.996 7.95054184725 20.2923
2016-09-30 07:11:19.291000 50550.472 3.345 49.644 33.498 51.978 4.119 4.7188 3.5672 3.8408 4.3927 13.7121 6.9621 3.9571 18.0322 16.9061 7.996 7.71316188867 20.2911
2016-09-30 07:12:30.235000 50621.416 3.491 49.646 33.977 51.98 4.123 4.7186 3.5673 3.8405 4.3921 13.7138 6.9612 3.9569 18.0348 16.9074 7.996 8.30274899925 20.3064
2016-09-30 07:13:40.639000 50691.82 3.537 49.646 33.571 51.981 4.117 4.7184 3.5665 3.84 4.3922 13.7158 6.9605 3.9568 18.0347 16.9213 7.996 8.21304425022 20.3104
2016-09-30 07:14:51.124000 50762.305 3.376 49.646 33.35 51.983 4.108 4.7183 3.5672 3.8402 4.3919 13.7179 6.9597 3.9558 18.0375 16.9142 7.995 7.83185186796 20.3291
2016-09-30 07:16:02.109000 50833.29 3.361 49.647 34.15 51.983 4.122 4.7178 3.5664 3.8395 4.392 13.7199 6.9588 3.956 18.0414 16.9198 7.995 8.03363475214 20.3347
2016-09-30 07:17:12.603000 50903.784 3.499 49.648 33.932 51.979 4.122 4.7183 3.5664 3.8401 4.3916 13.722 6.9581 3.9565 18.0426 16.91 7.996 7.6340352358 20.3294
2016-09-30 07:18:23.087000 50974.268 3.543 49.645 34.15 51.98 4.122 4.7174 3.566 3.8397 4.3919 13.7238 6.9575 3.956 18.0516 16.9233 7.995 7.83185186796 20.3218
2016-09-30 07:19:34.171000 51045.352 3.321 49.645 33.376 51.981 4.122 4.7176 3.5663 3.8394 4.3913 13.7256 6.9568 3.9557 18.0607 16.9263 7.995 8.1681918757 20.3402
2016-09-30 07:20:44.695000 51115.876 3.36 49.645 34.136 51.983 4.121 4.7171 3.566 3.8397 4.3913 13.7274 6.9561 3.9562 18.0626 16.923 7.995 7.91097852082 20.3282
2016-09-30 07:21:55.239000 51186.42 3.489 49.645 33.98 51.981 4.121 4.7173 3.566 3.8391 4.3913 13.7294 6.9553 3.9553 18.064 16.9274 7.995 7.6340352358 20.3399
2016-09-30 07:23:06.293000 51257.474 3.341 49.646 33.507 51.979 4.121 4.717 3.5664 3.8392 4.3912 13.7317 6.9547 3.9553 18.0637 16.9404 7.995 8.21304425022 20.3414
2016-09-30 07:24:16.897000 51328.078 3.319 49.645 33.965 51.981 4.122 4.7167 3.5655 3.8393 4.3917 13.7334 6.954 3.9564 18.074 16.9335 7.995 7.71316188867 20.3586
2016-09-30 07:25:27.471000 51398.652 3.44 49.644 34.124 51.978 4.122 4.7171 3.5657 3.8398 4.3916 13.7354 6.9536 3.9563 18.0734 16.9363 7.995 8.1681918757 20.3561
2016-09-30 07:26:38.556000 51469.737 3.357 49.644 33.418 51.98 4.121 4.7164 3.5655 3.8398 4.3915 13.7374 6.953 3.9553 18.0773 16.9328 7.995 8.1681918757 20.3586
2016-09-30 07:27:49.140000 51540.321 3.455 49.646 33.852 51.98 4.121 4.7164 3.5655 3.8392 4.391 13.7393 6.9523 3.9557 18.0746 16.9421 7.995 7.79228854153 20.3577
2016-09-30 07:28:59.754000 51610.935 3.537 49.645 33.72 51.982 4.121 4.7162 3.5654 3.8394 4.3911 13.7413 6.9518 3.9549 18.0823 16.9402 7.995 8.25789662474 20.3902
2016-09-30 07:30:10.929000 51682.11 3.316 49.644 33.863 51.98 4.121 4.716 3.565 3.839 4.3913 13.7431 6.9511 3.9552 18.0947 16.9415 7.995 7.83185186796 20.3779
2016-09-30 07:31:21.573000 51752.754 3.538 49.645 34.158 51.98 4.121 4.7161 3.5652 3.8388 4.3909 13.7445 6.9504 3.9552 18.1008 16.9488 7.995 7.59447190937 20.3675
2016-09-30 07:32:32.127000 51823.308 3.398 49.646 33.325 51.979 4.12 4.7157 3.5647 3.8383 4.3908 13.7464 6.9498 3.9543 18.1093 16.9499 7.994 8.1681918757 20.3957
2016-09-30 07:33:43.311000 51894.492 3.402 49.645 34.15 51.979 4.121 4.7156 3.5649 3.8383 4.3906 13.7482 6.9492 3.9552 18.09 16.9486 7.995 8.34760137377 20.3951
2016-09-30 07:34:53.965000 51965.146 3.509 49.644 33.828 51.981 4.121 4.7153 3.5652 3.8386 4.3907 13.7501 6.9487 3.9547 18.1058 16.959 7.995 7.59447190937 20.3969
2016-09-30 07:36:04.679000 52035.86 3.326 49.645 33.667 51.979 4.121 4.7152 3.5643 3.8386 4.3906 13.7519 6.9482 3.9548 18.1088 16.9519 7.995 8.21304425022 20.4147
2016-09-30 07:37:15.863000 52107.044 3.523 49.645 33.806 51.977 4.122 4.7153 3.5646 3.8394 4.391 13.7538 6.9477 3.9563 18.1146 16.9653 7.995 7.91097852082 20.4028
2016-09-30 07:38:26.558000 52177.739 3.323 49.642 33.429 51.977 4.116 4.7146 3.5645 3.8399 4.3915 13.7557 6.9473 3.955 18.1293 16.9638 7.995 7.83185186796 20.4077
2016-09-30 07:39:37.232000 52248.413 3.336 49.643 34.095 51.978 4.121 4.7147 3.5646 3.8389 4.3908 13.7575 6.9468 3.9553 18.1283 16.9723 7.995 8.12333950118 20.4055
2016-09-30 07:40:48.477000 52319.658 3.466 49.644 33.42 51.977 4.12 4.7148 3.5649 3.8391 4.391 13.7593 6.9462 3.9541 18.1178 16.9666 7.995 7.67359856223 20.423
2016-09-30 07:41:59.161000 52390.342 3.337 49.646 34.125 51.983 4.121 4.7143 3.5638 3.8385 4.3909 13.7612 6.9457 3.9541 18.1287 16.9666 7.995 8.07848712666 20.4196
2016-09-30 07:43:09.925000 52461.106 3.482 49.644 34.004 51.979 4.121 4.7143 3.5642 3.8387 4.3906 13.7628 6.945 3.9558 18.1349 16.9736 7.995 7.95054184725 20.4304
2016-09-30 07:44:21.099000 52532.28 3.351 49.643 34.133 51.979 4.101 4.7138 3.5647 3.8389 4.3909 13.7647 6.9445 3.9545 18.1378 16.9762 7.995 7.83185186796 20.4347
2016-09-30 07:45:31.863000 52603.044 3.492 49.643 33.957 51.977 4.121 4.7137 3.5638 3.839 4.3909 13.7664 6.944 3.9554 18.1391 16.974 7.995 8.1681918757 20.4319
2016-09-30 07:46:42.597000 52673.778 3.337 49.641 33.527 51.979 4.12 4.7138 3.5641 3.8386 4.3905 13.7685 6.9433 3.9543 18.1403 16.9772 7.994 7.99010517368 20.4436
2016-09-30 07:47:53.901000 52745.082 3.494 49.645 33.952 51.978 4.108 4.7132 3.5643 3.8385 4.3904 13.7704 6.9426 3.9548 18.1534 16.9805 7.994 7.99010517368 20.4426
2016-09-30 07:49:04.635000 52815.816 3.335 49.646 33.543 51.979 4.12 4.713 3.5638 3.8378 4.3902 13.7718 6.942 3.954 18.1483 16.979 7.994 8.30274899925 20.4546
2016-09-30 07:50:15.931000 52887.112 3.496 49.644 33.878 51.977 4.12 4.7132 3.5637 3.838 4.3897 13.7737 6.9413 3.953 18.154 16.9827 7.994 7.91097852082 20.4592
2016-09-30 07:51:26.755000 52957.936 3.324 49.644 33.673 51.977 4.12 4.7125 3.5636 3.8384 4.3903 13.7752 6.9408 3.954 18.1615 16.9889 7.994 7.67359856223 20.4586
2016-09-30 07:52:37.539000 53028.72 3.518 49.642 33.828 51.977 4.12 4.7125 3.5635 3.8381 4.3905 13.7772 6.9403 3.9542 18.1752 16.9998 7.994 7.95054184725 20.4632
2016-09-30 07:53:48.933000 53100.114 3.426 49.643 33.75 51.978 4.119 4.7126 3.5634 3.8379 4.3897 13.7788 6.9397 3.9527 18.167 16.9881 7.994 8.07848712666 20.4773
2016-09-30 07:54:59.787000 53170.968 3.522 49.641 33.749 51.975 4.121 4.7119 3.5633 3.8382 4.3903 13.7806 6.9391 3.9545 18.1847 16.995 7.994 8.03363475214 20.4724
2016-09-30 07:56:10.601000 53241.782 3.318 49.638 33.809 51.972 4.121 4.712 3.5633 3.8386 4.3908 13.7823 6.9386 3.9556 18.1786 16.9998 7.995 7.83185186796 20.4862
2016-09-30 07:57:21.935000 53313.116 3.367 49.64 33.702 51.975 4.121 4.7121 3.5633 3.839 4.3906 13.784 6.938 3.9551 18.1748 16.9952 7.994 8.12333950118 20.4862
2016-09-30 07:58:32.840000 53384.021 3.316 49.643 33.811 51.976 4.119 4.7113 3.5631 3.8383 4.3903 13.7856 6.9374 3.9534 18.1834 17.0078 7.994 8.25789662474 20.5003
2016-09-30 07:59:43.734000 53454.915 3.534 49.639 33.742 51.974 4.112 4.7113 3.5629 3.8382 4.3905 13.7873 6.9368 3.9541 18.1904 16.9991 7.994 7.83185186796 20.5098
2016-09-30 08:00:55.238000 53526.419 3.451 49.643 34.106 51.974 4.092 4.7112 3.563 3.8381 4.3899 13.7891 6.9363 3.9532 18.1982 17.0118 7.994 8.25789662474 20.5034
2016-09-30 08:02:06.073000 53597.254 3.364 49.641 33.386 51.973 4.121 4.7109 3.5634 3.8383 4.3903 13.7906 6.9356 3.9548 18.2033 17.0043 7.994 7.87141519439 20.5061
2016-09-30 08:03:16.917000 53668.098 3.466 49.637 34.065 51.971 4.081 4.7108 3.5626 3.8382 4.3903 13.7921 6.935 3.9534 18.2038 17.0114 7.994 7.87141519439 20.5025
2016-09-30 08:04:28.341000 53739.522 3.336 49.636 33.447 51.971 4.12 4.7106 3.5627 3.8381 4.3901 13.7937 6.9345 3.9547 18.2046 17.0208 7.994 8.21304425022 20.5196
2016-09-30 08:05:39.266000 53810.447 3.48 49.638 34.016 51.969 4.121 4.7103 3.5632 3.8387 4.3906 13.7952 6.934 3.9543 18.2084 17.013 7.994 8.39245374829 20.5141
2016-09-30 08:06:50.830000 53882.011 3.321 49.636 34.032 51.97 4.122 4.7099 3.5627 3.8394 4.3911 13.7967 6.9335 3.9562 18.2107 17.0168 7.994 7.83185186796 20.5239
2016-09-30 08:08:01.755000 53952.936 3.527 49.633 33.52 51.968 4.122 4.7099 3.5626 3.8394 4.3913 13.7981 6.9331 3.9552 18.2294 17.0207 7.994 7.71316188867 20.5396
2016-09-30 08:09:12.679000 54023.86 3.324 49.633 34.059 51.97 4.121 4.7101 3.5627 3.8392 4.391 13.7996 6.9324 3.955 18.2241 17.0202 7.994 8.25789662474 20.5337
2016-09-30 08:10:24.273000 54095.454 3.334 49.635 33.558 51.967 4.121 4.7095 3.563 3.8388 4.3907 13.801 6.9319 3.9549 18.2266 17.0216 7.994 8.1681918757 20.5356
2016-09-30 08:11:35.197000 54166.378 3.503 49.63 33.903 51.964 4.121 4.7093 3.5621 3.839 4.3913 13.8024 6.9314 3.955 18.2226 17.0156 7.994 7.7527252151 20.5245
2016-09-30 08:12:46.172000 54237.353 3.353 49.63 33.419 51.963 4.121 4.7091 3.5626 3.8393 4.391 13.8037 6.9308 3.9558 18.2292 17.0342 7.995 8.25789662474 20.5377
2016-09-30 08:13:57.717000 54308.898 3.537 49.632 33.561 51.963 4.122 4.7092 3.5625 3.8393 4.3912 13.8051 6.9303 3.9555 18.2246 17.0216 7.995 8.1681918757 20.5494
2016-09-30 08:15:08.751000 54379.932 3.315 49.632 33.979 51.965 4.12 4.7085 3.5624 3.8391 4.3907 13.8065 6.9297 3.9541 18.2388 17.0288 7.994 7.79228854153 20.565
2016-09-30 08:16:19.775000 54450.956 3.532 49.632 33.536 51.964 4.12 4.7085 3.5623 3.8379 4.3902 13.8083 6.9289 3.9536 18.2373 17.0347 7.994 8.21304425022 20.5515
2016-09-30 08:17:31.399000 54522.58 3.424 49.631 33.934 51.965 4.121 4.7083 3.5622 3.8379 4.3902 13.81 6.9283 3.9542 18.2396 17.0305 7.994 8.30274899925 20.5432
2016-09-30 08:18:42.453000 54593.634 3.357 49.628 33.529 51.96 4.121 4.7081 3.5626 3.8391 4.3911 13.8112 6.9278 3.9551 18.2499 17.0364 7.994 7.91097852082 20.5454
2016-09-30 08:19:54.138000 54665.319 3.318 49.628 33.801 51.961 4.121 4.7079 3.5625 3.8391 4.3909 13.8127 6.9273 3.955 18.2479 17.0312 7.994 8.12333950118 20.5629
2016-09-30 08:21:05.222000 54736.403 3.532 49.628 33.71 51.962 4.121 4.7077 3.5617 3.8389 4.3912 13.8142 6.9268 3.9543 18.2545 17.0447 7.994 8.21304425022 20.5804
2016-09-30 08:22:16.356000 54807.537 3.316 49.629 33.88 51.962 4.12 4.7076 3.562 3.838 4.39 13.8161 6.926 3.9539 18.2525 17.0354 7.994 7.79228854153 20.5804
2016-09-30 08:23:28.060000 54879.241 3.325 49.628 34.072 51.96 4.121 4.7077 3.5619 3.8384 4.3901 13.8177 6.9253 3.955 18.2591 17.0435 7.994 7.91097852082 20.5856
2016-09-30 08:24:39.214000 54950.395 3.521 49.626 33.446 51.96 4.121 4.7071 3.5623 3.8389 4.3908 13.8192 6.9248 3.9544 18.2733 17.0509 7.994 8.12333950118 20.5828
2016-09-30 08:25:50.320000 55021.501 3.32 49.628 34.07 51.959 4.121 4.7069 3.5615 3.8388 4.3912 13.8208 6.9242 3.9548 18.2634 17.0476 7.994 7.6340352358 20.5988
2016-09-30 08:27:01.924000 55093.105 3.354 49.627 33.571 51.959 4.12 4.7067 3.5615 3.8382 4.3904 13.8223 6.9235 3.9542 18.271 17.0563 7.994 8.34760137377 20.5874
2016-09-30 08:28:13.018000 55164.199 3.421 49.626 33.343 51.957 4.121 4.7068 3.5617 3.8386 4.3903 13.8235 6.9229 3.9544 18.2692 17.0559 7.994 7.67359856223 20.601
2016-09-30 08:29:24.092000 55235.273 3.376 49.624 34.137 51.957 4.091 4.7063 3.5621 3.8391 4.3908 13.8255 6.9227 3.9556 18.2796 17.0605 7.994 8.30274899925 20.5982
2016-09-30 08:30:35.797000 55306.978 3.323 49.624 33.695 51.955 4.121 4.7059 3.5617 3.8392 4.3908 13.827 6.9224 3.955 18.2895 17.0646 7.994 7.99010517368 20.6101
2016-09-30 08:31:46.951000 55378.132 3.388 49.624 33.855 51.957 4.12 4.7059 3.5612 3.8381 4.3905 13.8283 6.9218 3.9533 18.287 17.0576 7.994 7.87141519439 20.6144
2016-09-30 08:32:58.805000 55449.986 3.54 49.627 33.613 51.96 4.12 4.7056 3.5614 3.8375 4.3898 13.8296 6.9214 3.9526 18.2854 17.0638 7.993 7.99010517368 20.6181
2016-09-30 08:34:09.969000 55521.15 3.47 49.627 34.043 51.959 4.12 4.7058 3.5613 3.8374 4.3894 13.831 6.9208 3.9532 18.2844 17.0568 7.993 8.30274899925 20.626
2016-09-30 08:35:21.283000 55592.464 3.344 49.627 33.471 51.959 4.12 4.7052 3.5617 3.8378 4.39 13.8325 6.9203 3.9537 18.2984 17.0601 7.993 7.71316188867 20.6179
2016-09-30 08:36:33.148000 55664.329 3.32 49.623 33.728 51.956 4.103 4.705 3.5617 3.8384 4.3903 13.8336 6.9198 3.9546 18.2999 17.0616 7.993 8.21304425022 20.6332
2016-09-30 08:37:44.363000 55735.544 3.52 49.627 33.761 51.96 4.12 4.7048 3.5609 3.8383 4.3906 13.8354 6.9193 3.9538 18.3093 17.0671 7.993 8.1681918757 20.6257
2016-09-30 08:38:55.607000 55806.788 3.412 49.626 34.137 51.958 4.12 4.7047 3.561 3.838 4.3904 13.8362 6.9187 3.9543 18.2999 17.0596 7.994 7.71316188867 20.6428
2016-09-30 08:40:07.471000 55878.652 3.476 49.626 34.025 51.959 4.12 4.7044 3.5609 3.838 4.3899 13.8375 6.9181 3.9539 18.3138 17.0665 7.993 8.25789662474 20.6489
2016-09-30 08:41:18.756000 55949.937 3.333 49.628 33.558 51.96 4.119 4.7045 3.5609 3.8378 4.3899 13.8387 6.9173 3.9533 18.3171 17.0676 7.993 7.87141519439 20.6332
2016-09-30 08:42:30.620000 56021.801 3.318 49.63 33.773 51.96 4.12 4.7042 3.5612 3.8378 4.39 13.8404 6.9167 3.9537 18.3182 17.0682 7.993 7.83185186796 20.6622
2016-09-30 08:43:41.934000 56093.115 3.372 49.628 33.34 51.96 4.12 4.7034 3.5608 3.8381 4.3901 13.8418 6.9162 3.9535 18.3275 17.076 7.993 8.07848712666 20.6479
2016-09-30 08:44:53.248000 56164.429 3.426 49.627 34.105 51.961 4.121 4.7033 3.5605 3.838 4.3905 13.843 6.9154 3.9547 18.3313 17.0754 7.993 7.83185186796 20.678
2016-09-30 08:46:05.173000 56236.354 3.483 49.628 34.0 51.96 4.12 4.7033 3.5604 3.8385 4.3908 13.8443 6.915 3.9539 18.3278 17.0726 7.994 7.99010517368 20.6627
2016-09-30 08:47:16.487000 56307.668 3.344 49.628 34.138 51.96 4.12 4.703 3.5608 3.8381 4.3901 13.8455 6.9144 3.9541 18.3326 17.0815 7.994 8.34760137377 20.6708
2016-09-30 08:48:27.781000 56378.962 3.441 49.628 33.368 51.959 4.121 4.7032 3.5608 3.8385 4.3906 13.846 6.9138 3.9541 18.3341 17.0811 7.994 7.71316188867 20.6566
2016-09-30 08:49:39.686000 56450.867 3.368 49.626 33.34 51.959 4.121 4.7029 3.5611 3.8387 4.3906 13.8481 6.9133 3.9544 18.3417 17.0851 7.994 8.25789662474 20.6818
2016-09-30 08:50:51.071000 56522.252 3.522 49.625 33.508 51.959 4.121 4.7023 3.5606 3.8395 4.3911 13.8495 6.9127 3.9549 18.3306 17.076 7.994 8.03363475214 20.6738
2016-09-30 08:52:03.045000 56594.226 3.429 49.629 33.346 51.96 4.117 4.7019 3.5607 3.8395 4.3912 13.8509 6.9122 3.9556 18.3463 17.0808 7.994 7.83185186796 20.6898
2016-09-30 08:53:14.389000 56665.57 3.529 49.63 33.776 51.96 4.121 4.7018 3.5604 3.8391 4.3912 13.8524 6.9116 3.9551 18.3453 17.0874 7.994 8.30274899925 20.6836
2016-09-30 08:54:25.703000 56736.884 3.319 49.631 33.841 51.96 4.122 4.7017 3.5607 3.8391 4.3912 13.8536 6.911 3.9555 18.3453 17.0913 7.994 7.6340352358 20.6803
2016-09-30 08:55:37.708000 56808.889 3.324 49.627 34.03 51.961 4.122 4.7015 3.5607 3.8393 4.3915 13.8548 6.9105 3.9558 18.3575 17.1001 7.994 7.79228854153 20.705
2016-09-30 08:56:49.062000 56880.243 3.338 49.625 33.543 51.957 4.123 4.7016 3.5606 3.8403 4.3917 13.8561 6.91 3.9561 18.3498 17.0969 7.995 8.30274899925 20.705
2016-09-30 08:58:01.056000 56952.237 3.321 49.626 33.75 51.959 4.123 4.7015 3.5607 3.8403 4.3917 13.8575 6.9096 3.9561 18.3524 17.0896 7.995 7.83185186796 20.712
2016-09-30 08:59:12.510000 57023.691 3.379 49.626 33.324 51.958 4.123 4.7009 3.5611 3.8407 4.3923 13.8587 6.9091 3.9568 18.361 17.0981 7.995 8.30274899925 20.707
2016-09-30 09:00:24.025000 57095.206 3.533 49.627 33.714 51.958 4.123 4.7004 3.5608 3.8409 4.3921 13.8599 6.9087 3.9565 18.3691 17.0934 7.995 7.6340352358 20.7128
2016-09-30 09:01:36.100000 57167.281 3.508 49.628 33.455 51.961 4.107 4.7004 3.5608 3.8407 4.3922 13.8611 6.9082 3.9564 18.358 17.0986 7.995 8.03363475214 20.7155
2016-09-30 09:02:47.604000 57238.785 3.512 49.627 33.817 51.96 4.123 4.6998 3.5607 3.8403 4.3924 13.8623 6.9076 3.9563 18.3826 17.1003 7.995 8.30274899925 20.7176
2016-09-30 09:03:59.148000 57310.329 3.433 49.627 34.127 51.96 4.123 4.6999 3.5604 3.8404 4.3921 13.8635 6.907 3.9568 18.378 17.0989 7.995 8.30274899925 20.7191
2016-09-30 09:05:11.163000 57382.344 3.489 49.628 33.976 51.959 4.123 4.6997 3.5605 3.8404 4.3922 13.8647 6.9063 3.9565 18.3813 17.107 7.995 8.12333950118 20.7251
2016-09-30 09:06:22.617000 57453.798 3.384 49.626 34.14 51.959 4.124 4.6995 3.5607 3.8407 4.3926 13.8661 6.9059 3.9572 18.3879 17.1162 7.995 7.87141519439 20.7498
2016-09-30 09:07:34.801000 57525.982 3.505 49.624 34.06 51.956 4.124 4.6993 3.5609 3.8413 4.3929 13.867 6.9056 3.958 18.3886 17.1128 7.996 7.71316188867 20.7423
2016-09-30 09:08:46.346000 57597.527 3.504 49.626 33.854 51.96 4.123 4.6991 3.5608 3.8413 4.3926 13.8683 6.905 3.9566 18.3932 17.1166 7.995 7.87141519439 20.7462
2016-09-30 09:09:57.870000 57669.051 3.343 49.625 34.115 51.959 4.124 4.699 3.5609 3.8414 4.3928 13.8694 6.9044 3.9566 18.3879 17.11 7.995 8.43730612281 20.7528
2016-09-30 09:11:10.044000 57741.225 3.431 49.625 34.146 51.962 4.121 4.6989 3.5609 3.8409 4.3923 13.8705 6.9037 3.9563 18.3889 17.1148 7.995 8.12333950118 20.7503
2016-09-30 09:12:21.639000 57812.82 3.32 49.628 33.995 51.961 4.122 4.6983 3.5613 3.8406 4.3923 13.8716 6.9029 3.956 18.3947 17.1177 7.995 7.7527252151 20.7506
2016-09-30 09:13:33.834000 57885.015 3.534 49.628 33.748 51.962 4.123 4.6985 3.5609 3.8405 4.392 13.8729 6.9023 3.9561 18.4049 17.1212 7.995 8.12333950118 20.7526
2016-09-30 09:14:45.418000 57956.599 3.374 49.629 34.147 51.961 4.122 4.6979 3.5612 3.84 4.3919 13.8739 6.9016 3.9551 18.4031 17.1239 7.995 8.34760137377 20.7749
2016-09-30 09:15:57.042000 58028.223 3.316 49.629 33.877 51.962 4.122 4.6974 3.5606 3.8402 4.3918 13.875 6.9009 3.955 18.3983 17.1245 7.995 7.79228854153 20.749
2016-09-30 09:17:09.227000 58100.408 3.331 49.63 34.085 51.962 4.115 4.6974 3.5606 3.8398 4.3917 13.8762 6.9003 3.9549 18.4084 17.1221 7.994 7.87141519439 20.7661
2016-09-30 09:18:20.881000 58172.062 3.406 49.629 34.142 51.96 4.121 4.697 3.5606 3.8396 4.3914 13.8764 6.8995 3.9545 18.4077 17.1253 7.994 8.03363475214 20.7727
2016-09-30 09:19:33.115000 58244.296 3.476 49.631 34.03 51.963 4.122 4.6968 3.5604 3.8397 4.3914 13.8781 6.8988 3.955 18.4097 17.1276 7.994 8.1681918757 20.7735
2016-09-30 09:20:44.720000 58315.901 3.347 49.631 34.113 51.961 4.123 4.6965 3.5604 3.8398 4.392 13.8792 6.8983 3.9556 18.4213 17.1319 7.995 7.87141519439 20.791
2016-09-30 09:21:56.314000 58387.495 3.373 49.628 33.594 51.96 4.121 4.6965 3.5601 3.8401 4.3922 13.8803 6.8977 3.9552 18.4186 17.1175 7.995 7.7527252151 20.7946
2016-09-30 09:23:08.618000 58459.799 3.459 49.63 34.096 51.962 4.121 4.696 3.5601 3.8395 4.3916 13.8815 6.897 3.9541 18.4252 17.1278 7.994 7.91097852082 20.7754
2016-09-30 09:24:20.213000 58531.394 3.322 49.631 34.053 51.962 4.121 4.6959 3.5599 3.8391 4.3911 13.8824 6.8963 3.9539 18.4287 17.1368 7.994 8.39245374829 20.8002
2016-09-30 09:25:31.938000 58603.119 3.361 49.63 34.142 51.964 4.121 4.6957 3.56 3.8387 4.3909 13.8836 6.8952 3.954 18.4295 17.1454 7.994 7.6340352358 20.8004
2016-09-30 09:26:44.312000 58675.493 3.534 49.63 34.124 51.962 4.121 4.6955 3.5599 3.8391 4.3913 13.8846 6.895 3.9548 18.4269 17.1404 7.994 8.48215849733 20.8155
2016-09-30 09:27:56.037000 58747.218 3.492 49.63 33.957 51.963 4.121 4.6953 3.5601 3.8389 4.391 13.8859 6.8943 3.9542 18.4338 17.1412 7.994 7.71316188867 20.8144
2016-09-30 09:29:08.436000 58819.617 3.37 49.629 33.35 51.964 4.12 4.695 3.5596 3.8389 4.3911 13.887 6.8937 3.9543 18.4459 17.1447 7.994 8.07848712666 20.8099
