#Human readable time. Time (s) since start. Lakeshore temperature sensor 218 T1,3,5,6,8 and 224 C2,C3,C4,C5,D2,D3,D5,A,B
2016-08-10 11:04:05.357000 0.33 3.452 49.088 33.98 51.299 4.185 18.8299 4.1205 3.8744 4.2905 4.7864 6.3632 4.0122 8.3717 2.4215 7.624 -1 4.7864
2016-08-10 11:05:06.537000 61.51 3.338 49.088 33.201 51.297 4.186 18.8751 4.1183 3.9108 4.3653 4.83 6.3992 4.013 8.3764 2.67 7.64 8.93564240511 4.83
2016-08-10 11:06:07.468000 122.441 3.469 49.088 33.988 51.301 4.187 18.9197 4.1167 3.9219 4.3982 4.869 6.4233 4.0134 8.3822 2.9902 7.645 7.99010517368 4.869
2016-08-10 11:07:08.447000 183.42 3.384 49.093 33.271 51.302 4.187 18.9567 4.1141 3.9257 4.4176 4.939 6.4401 4.0138 8.388 3.2846 7.647 9.74393969436 4.939
2016-08-10 11:08:09.531000 244.504 3.499 49.09 33.906 51.305 4.189 18.9859 4.1116 3.9283 4.4324 5.0344 6.4526 4.0159 8.3959 3.5695 7.648 7.83185186796 5.0344
2016-08-10 11:09:10.583000 305.556 3.372 49.092 33.984 51.305 4.192 19.0077 4.1099 3.9306 4.4427 5.145 6.462 4.019 8.4057 3.8204 7.649 9.55591035487 5.145
2016-08-10 11:10:11.678000 366.651 3.543 49.091 33.38 51.302 4.198 19.0141 4.1074 3.9367 4.4537 5.2422 6.4699 4.0259 8.4158 3.9355 7.652 7.99010517368 5.2422
2016-08-10 11:11:12.746000 427.719 3.347 49.093 33.951 51.302 4.202 19.0123 4.1054 3.9427 4.4628 5.3169 6.4761 4.0313 8.4268 3.9808 7.655 10.1317969587 5.3169
2016-08-10 11:12:13.777000 488.75 3.54 49.092 33.319 51.303 4.204 19.0085 4.1039 3.9466 4.4687 5.3739 6.4804 4.0325 8.4378 3.9987 7.657 7.87141519439 5.3739
2016-08-10 11:13:14.567000 549.54 3.356 49.093 33.306 51.302 4.204 19.0032 4.1017 3.948 4.4719 5.4174 6.4832 4.0329 8.4501 4.0055 7.657 7.91097852082 5.4174
2016-08-10 11:14:15.268000 610.241 3.485 49.091 33.922 51.303 4.205 18.997 4.0993 3.9494 4.4753 5.4502 6.485 4.0341 8.4596 4.0098 7.658 9.74393969436 5.4502
2016-08-10 11:15:15.990000 670.963 3.566 49.092 33.464 51.304 4.205 18.9898 4.0974 3.9504 4.4771 5.4757 6.4858 4.0339 8.4693 4.0129 7.659 9.74393969436 5.4757
2016-08-10 11:16:16.712000 731.685 3.34 49.095 33.852 51.307 4.204 18.9839 4.0957 3.9502 4.4779 5.4953 6.486 4.0341 8.474 4.0133 7.658 8.53049810849 5.4953
2016-08-10 11:17:17.473000 792.446 3.461 49.097 33.993 51.312 4.205 18.9768 4.0929 3.9502 4.4784 5.5106 6.4857 4.0344 8.4847 4.0149 7.659 9.74393969436 5.5106
2016-08-10 11:18:18.265000 853.238 3.387 49.097 33.286 51.31 4.205 18.9696 4.0903 3.9501 4.4792 5.5221 6.4851 4.0338 8.4923 4.0156 7.659 8.68242721972 5.5221
2016-08-10 11:19:19.046000 914.019 3.478 49.1 33.758 51.312 4.204 18.9622 4.0883 3.9502 4.4796 5.5311 6.4843 4.0336 8.4997 4.0168 7.659 9.68126324787 5.5311
2016-08-10 11:20:19.877000 974.85 3.571 49.1 33.537 51.311 4.205 18.9556 4.0862 3.9498 4.4797 5.5378 6.4831 4.0334 8.5089 4.0169 7.659 9.55591035487 5.5378
2016-08-10 11:21:20.739000 1035.712 3.338 49.101 33.828 51.314 4.203 18.9483 4.0834 3.9489 4.4791 5.543 6.4818 4.0321 8.5142 4.0176 7.658 8.58114114557 5.543
2016-08-10 11:22:21.640000 1096.613 3.558 49.103 33.42 51.313 4.203 18.9404 4.0805 3.9484 4.4792 5.5465 6.4804 4.0321 8.5244 4.0177 7.658 9.80661614086 5.5465
2016-08-10 11:23:22.563000 1157.536 3.341 49.103 33.93 51.315 4.203 18.9338 4.0785 3.9482 4.4789 5.549 6.4788 4.031 8.5319 4.0179 7.658 8.12333950118 5.549
2016-08-10 11:24:23.554000 1218.527 3.567 49.106 34.028 51.317 4.202 18.9264 4.0755 3.9475 4.4781 5.5505 6.4772 4.031 8.5352 4.0175 7.658 8.63178418265 5.5505
2016-08-10 11:25:24.595000 1279.568 3.342 49.105 33.235 51.318 4.202 18.919 4.0727 3.9473 4.4785 5.5515 6.4757 4.0308 8.5425 4.0185 7.658 8.12333950118 5.5515
2016-08-10 11:26:25.647000 1340.62 3.564 49.106 33.546 51.32 4.202 18.9118 4.0707 3.9473 4.4784 5.552 6.474 4.0314 8.5496 4.0196 7.658 9.21099528855 5.552
2016-08-10 11:27:26.738000 1401.711 3.338 49.109 33.814 51.323 4.201 18.9045 4.0677 3.9466 4.4779 5.5522 6.4722 4.0303 8.5577 4.0202 7.658 7.87141519439 5.5522
2016-08-10 11:28:27.869000 1462.842 3.564 49.116 33.51 51.518 4.2 18.8965 4.0651 3.9461 4.4775 5.5519 6.4705 4.0278 8.5643 4.02 7.657 9.43731274169 5.5519
2016-08-10 11:29:29.022000 1523.995 3.337 49.156 33.826 51.673 4.199 18.8894 4.0624 3.9448 4.4764 5.5511 6.4684 4.0284 8.5703 4.0196 7.657 8.30274899925 5.5511
2016-08-10 11:30:30.243000 1585.216 3.36 49.212 33.404 52.01 4.199 18.8822 4.0595 3.9448 4.4762 5.5505 6.4667 4.0281 8.575 4.0208 7.66 7.95054184725 5.5505
2016-08-10 11:31:31.495000 1646.468 3.513 49.342 33.887 53.011 4.2 18.8745 4.0573 3.9451 4.4766 5.5497 6.465 4.0293 8.5817 4.0222 7.666 9.68126324787 5.5497
2016-08-10 11:32:32.786000 1707.759 3.38 49.6 34.096 53.587 4.202 18.8674 4.0545 3.9457 4.4772 5.5491 6.4635 4.0318 8.5882 4.0233 7.678 8.68242721972 5.5491
2016-08-10 11:33:34.087000 1769.06 3.337 49.885 33.326 53.959 4.204 18.8597 4.0519 3.9477 4.4784 5.5486 6.4622 4.0326 8.5914 4.0266 7.698 8.25789662474 5.5486
2016-08-10 11:34:35.429000 1830.402 3.568 50.15 33.627 54.249 4.206 18.8527 4.0494 3.9489 4.4791 5.5481 6.461 4.0349 8.6019 4.029 7.724 8.83435633095 5.5481
2016-08-10 11:35:36.800000 1891.773 3.505 50.388 34.008 54.497 4.209 18.845 4.0471 3.9504 4.4807 5.5478 6.4598 4.0378 8.6048 4.0317 7.752 8.63178418265 5.5478
2016-08-10 11:36:38.193000 1953.166 3.382 50.607 34.204 55.502 4.211 18.8385 4.0448 3.9525 4.4821 5.5477 6.459 4.0397 8.6086 4.0352 7.781 9.86929258736 5.5477
2016-08-10 11:37:39.614000 2014.587 3.341 50.96 34.02 56.708 4.214 18.8315 4.0423 3.9544 4.4842 5.5476 6.4581 4.0426 8.615 4.0385 7.812 7.91097852082 5.5476
2016-08-10 11:38:41.065000 2076.038 3.373 51.413 33.673 57.506 4.218 18.8238 4.0404 3.9574 4.4862 5.548 6.4574 4.0477 8.6199 4.0425 7.849 9.3807333784 5.548
2016-08-10 11:39:42.617000 2137.59 3.467 51.875 33.621 58.108 4.223 18.8169 4.0382 3.9608 4.4891 5.5486 6.4572 4.053 8.6257 4.0476 7.894 8.53049810849 5.5486
2016-08-10 11:40:44.617000 2199.59 3.392 52.303 33.742 58.601 4.227 18.8096 4.0365 3.9643 4.4915 5.5493 6.4569 4.0566 8.6302 4.0531 7.944 8.88499936803 5.5493
2016-08-10 11:41:46.925000 2261.898 3.358 52.699 33.997 59.031 4.231 18.8025 4.0351 3.9675 4.4943 5.5503 6.4568 4.0594 8.636 4.057 7.994 8.83435633095 5.5503
2016-08-10 11:42:48.619000 2323.592 3.343 53.057 34.353 59.414 4.233 18.7951 4.0327 3.97 4.4967 5.5512 6.4565 4.0621 8.6367 4.0608 8.042 9.55591035487 5.5512
2016-08-10 11:43:50.289000 2385.262 3.385 53.39 33.931 59.765 4.237 18.7877 4.0314 3.9728 4.4984 5.552 6.4561 4.0656 8.647 4.0644 8.089 7.6340352358 5.552
2016-08-10 11:44:52.513000 2447.486 3.462 53.699 34.603 60.09 4.24 18.7806 4.0301 3.9752 4.5007 5.5529 6.4558 4.0679 8.653 4.0683 8.132 8.7330702568 5.5529
2016-08-10 11:45:54.242000 2509.215 3.347 53.985 34.523 60.394 4.242 18.7732 4.0279 3.9773 4.5026 5.5538 6.4554 4.0711 8.6578 4.0723 8.173 8.1681918757 5.5538
2016-08-10 11:46:55.998000 2570.971 3.394 54.253 34.702 60.677 4.245 18.7658 4.0266 3.9796 4.5044 5.5544 6.4549 4.0734 8.6631 4.0752 8.211 7.91097852082 5.5544
2016-08-10 11:47:57.789000 2632.762 3.343 54.507 34.506 60.946 4.247 18.7581 4.0247 3.9814 4.5061 5.5551 6.4543 4.0752 8.6651 4.0778 8.248 8.53049810849 5.5551
2016-08-10 11:48:59.611000 2694.584 3.362 54.745 34.743 61.202 4.248 18.751 4.0233 3.9825 4.5065 5.5556 6.4537 4.077 8.6737 4.081 8.281 8.1681918757 5.5556
2016-08-10 11:50:01.452000 2756.425 3.433 54.975 34.395 61.446 4.251 18.7438 4.0221 3.9848 4.5085 5.5558 6.453 4.0793 8.6786 4.0835 8.313 9.80661614086 5.5558
2016-08-10 11:51:03.333000 2818.306 3.344 55.191 34.711 61.678 4.253 18.7363 4.0199 3.986 4.5097 5.5562 6.4522 4.0808 8.6834 4.0856 8.343 8.03363475214 5.5562
2016-08-10 11:52:05.235000 2880.208 3.374 55.4 34.865 61.902 4.255 18.7288 4.0186 3.9875 4.5107 5.5564 6.4512 4.0834 8.6898 4.0887 8.371 8.78371329388 5.5564
2016-08-10 11:53:07.177000 2942.15 3.47 55.6 34.881 62.118 4.256 18.7209 4.0171 3.9891 4.5119 5.5565 6.4504 4.0844 8.6948 4.0905 8.398 10.2006359338 5.5565
2016-08-10 11:54:09.138000 3004.111 3.518 55.791 34.789 62.324 4.258 18.7141 4.0155 3.9898 4.5131 5.5567 6.4494 4.0857 8.6993 4.093 8.424 8.1681918757 5.5567
2016-08-10 11:55:11.120000 3066.093 3.569 55.976 34.57 62.525 4.259 18.7063 4.0139 3.9907 4.5135 5.5566 6.4484 4.0872 8.7069 4.0952 8.448 8.39245374829 5.5566
2016-08-10 11:56:13.160000 3128.133 3.525 56.157 34.354 62.721 4.261 18.6986 4.0122 3.9923 4.5147 5.5565 6.4473 4.0899 8.7119 4.0974 8.472 9.55591035487 5.5565
2016-08-10 11:57:15.192000 3190.165 3.419 56.328 34.295 62.907 4.263 18.6914 4.0107 3.9933 4.5161 5.5565 6.4464 4.0919 8.7171 4.0999 8.494 9.21099528855 5.5565
2016-08-10 11:58:17.255000 3252.228 3.38 56.497 34.461 63.09 4.265 18.6842 4.0092 3.9949 4.5169 5.5564 6.4455 4.0942 8.7186 4.1023 8.518 9.99464548035 5.5564
2016-08-10 11:59:19.377000 3314.35 3.347 56.661 34.725 63.267 4.267 18.6765 4.0077 3.997 4.5188 5.5567 6.4446 4.0951 8.7286 4.1056 8.541 8.25789662474 5.5567
2016-08-10 12:00:21.519000 3376.492 3.514 56.818 34.952 63.437 4.27 18.6695 4.006 3.9984 4.5203 5.5568 6.4437 4.0975 8.7301 4.109 8.564 8.39245374829 5.5568
2016-08-10 12:01:23.691000 3438.664 3.565 56.974 34.756 63.608 4.272 18.6619 4.0048 4.0 4.5209 5.5569 6.4428 4.0996 8.7388 4.111 8.586 9.49389210497 5.5569
2016-08-10 12:02:25.893000 3500.866 3.355 57.124 34.56 63.772 4.274 18.6543 4.0037 4.0018 4.5228 5.5569 6.442 4.1027 8.7431 4.1137 8.607 8.03363475214 5.5569
2016-08-10 12:03:28.155000 3563.128 3.34 57.27 35.066 63.934 4.275 18.6463 4.0019 4.0035 4.524 5.557 6.4412 4.1037 8.7471 4.116 8.627 9.21099528855 5.557
2016-08-10 12:04:30.467000 3625.44 3.559 57.413 34.85 64.09 4.277 18.6392 4.0002 4.0044 4.5253 5.557 6.4402 4.1047 8.7536 4.1179 8.647 9.61858680137 5.557
2016-08-10 12:05:32.792000 3687.765 3.548 57.554 34.639 64.243 4.279 18.6315 3.9992 4.0057 4.5259 5.5569 6.4392 4.107 8.7586 4.1205 8.666 7.67359856223 5.5569
2016-08-10 12:06:35.125000 3750.098 3.351 57.688 34.905 64.393 4.281 18.6241 3.9978 4.0076 4.5275 5.5569 6.4382 4.1099 8.7611 4.124 8.685 9.49389210497 5.5569
2016-08-10 12:07:37.497000 3812.47 3.505 57.823 35.116 64.539 4.283 18.6166 3.9969 4.0091 4.5288 5.5571 6.4374 4.111 8.7669 4.126 8.703 7.99010517368 5.5571
2016-08-10 12:08:39.911000 3874.884 3.397 57.954 34.929 64.69 4.284 18.6084 3.9951 4.0103 4.5302 5.5568 6.4365 4.1131 8.7736 4.1288 8.721 9.68126324787 5.5568
2016-08-10 12:09:42.375000 3937.348 3.365 58.084 34.843 64.824 4.286 18.6018 3.9935 4.0115 4.5308 5.5568 6.4353 4.1146 8.7783 4.1327 8.738 8.03363475214 5.5568
2016-08-10 12:10:44.909000 3999.882 3.557 58.21 35.301 64.969 4.288 18.5941 3.9924 4.013 4.5325 5.557 6.4344 4.1169 8.7855 4.1351 8.755 8.68242721972 5.557
2016-08-10 12:11:47.441000 4062.414 3.34 58.332 34.666 65.105 4.289 18.5865 3.9913 4.0144 4.533 5.5571 6.4335 4.1181 8.7896 4.1384 8.771 9.49389210497 5.5571
2016-08-10 12:12:50.055000 4125.028 3.527 58.454 35.171 65.237 4.291 18.579 3.9903 4.0154 4.5341 5.5572 6.4324 4.1188 8.7949 4.1407 8.788 8.39245374829 5.5572
2016-08-10 12:13:52.657000 4187.63 3.376 58.573 34.813 64.775 4.292 18.5713 3.9889 4.0167 4.5352 5.5572 6.4314 4.1216 8.7991 4.1427 8.803 8.88499936803 5.5572
2016-08-10 12:14:55.268000 4250.241 3.418 58.583 35.396 62.577 4.294 18.5633 3.9873 4.0182 4.5363 5.5572 6.4303 4.1223 8.8052 4.1463 8.815 8.48215849733 5.5572
2016-08-10 12:15:57.950000 4312.923 3.367 58.342 34.839 61.258 4.292 18.5556 3.986 4.0181 4.5365 5.557 6.4292 4.121 8.8079 4.1467 8.818 8.07848712666 5.557
2016-08-10 12:17:00.671000 4375.644 3.457 57.967 35.301 60.567 4.288 18.5482 3.9843 4.0162 4.535 5.5562 6.4273 4.1162 8.8138 4.1459 8.805 9.80661614086 5.5562
2016-08-10 12:18:03.423000 4438.396 3.436 57.57 34.606 60.1 4.284 18.5405 3.9826 4.0132 4.5326 5.555 6.4251 4.1133 8.8195 4.1443 8.778 7.87141519439 5.555
2016-08-10 12:19:06.285000 4501.258 3.513 57.205 35.095 59.731 4.28 18.5323 3.981 4.0102 4.5305 5.5533 6.4225 4.109 8.8231 4.142 8.741 9.0412571987 5.5533
2016-08-10 12:20:09.106000 4564.079 3.339 56.875 35.229 59.41 4.277 18.5243 3.9792 4.0074 4.5284 5.5512 6.4198 4.1066 8.8282 4.1406 8.701 8.30274899925 5.5512
2016-08-10 12:21:11.998000 4626.971 3.372 56.575 34.624 59.116 4.274 18.5165 3.9772 4.0047 4.5263 5.549 6.4168 4.1036 8.8305 4.1382 8.66 9.32415401512 5.549
2016-08-10 12:22:14.869000 4689.842 3.429 56.304 35.193 58.851 4.272 18.5084 3.9751 4.0026 4.5243 5.5465 6.414 4.1013 8.8381 4.1362 8.619 9.86929258736 5.5465
2016-08-10 12:23:17.781000 4752.754 3.332 56.05 34.857 58.594 4.27 18.5006 3.9731 4.0011 4.5229 5.5442 6.4112 4.0999 8.8418 4.1359 8.581 7.95054184725 5.5442
2016-08-10 12:24:20.722000 4815.695 3.466 55.819 34.476 58.371 4.268 18.4928 3.971 3.9993 4.5213 5.5419 6.4085 4.097 8.8434 4.135 8.545 10.2006359338 5.5419
2016-08-10 12:25:23.743000 4878.716 3.493 55.607 34.995 58.17 4.266 18.4849 3.9689 3.9979 4.5203 5.5397 6.4059 4.0957 8.8461 4.1346 8.511 8.63178418265 5.5397
2016-08-10 12:26:26.785000 4941.758 3.329 55.41 35.005 57.963 4.265 18.4771 3.9668 3.9969 4.5192 5.5378 6.4033 4.0955 8.8534 4.1342 8.482 8.30274899925 5.5378
2016-08-10 12:27:29.836000 5004.809 3.363 55.226 34.441 57.786 4.264 18.4688 3.9646 3.9957 4.5183 5.5355 6.4008 4.0937 8.8578 4.1345 8.455 10.475991834 5.5355
2016-08-10 12:28:33.137000 5068.11 3.359 55.053 34.45 57.609 4.263 18.4612 3.9626 3.9946 4.5178 5.5335 6.3983 4.093 8.8607 4.1357 8.43 9.0412571987 5.5335
2016-08-10 12:29:39.699000 5134.672 3.459 54.887 34.337 57.443 4.262 18.4528 3.9602 3.9942 4.5174 5.5313 6.3957 4.0921 8.8637 4.1359 8.406 8.48215849733 5.5313
2016-08-10 12:30:42.843000 5197.816 3.495 54.741 34.887 57.296 4.262 18.4453 3.9582 3.994 4.5174 5.5296 6.3933 4.0921 8.8674 4.1378 8.385 10.2694749088 5.5296
2016-08-10 12:31:46.064000 5261.037 3.513 54.603 34.779 57.15 4.261 18.4368 3.9566 3.9936 4.5168 5.5279 6.391 4.0911 8.8717 4.1377 8.364 8.12333950118 5.5279
2016-08-10 12:32:49.345000 5324.318 3.334 54.471 34.907 57.019 4.26 18.4292 3.9546 3.9931 4.5161 5.5261 6.3888 4.0909 8.8777 4.1386 8.345 9.80661614086 5.5261
2016-08-10 12:33:52.607000 5387.58 3.332 54.348 34.916 56.893 4.259 18.4215 3.953 3.9925 4.5153 5.5244 6.3865 4.0906 8.8772 4.1393 8.328 8.58114114557 5.5244
2016-08-10 12:34:55.908000 5450.881 3.343 54.233 34.916 56.778 4.258 18.4138 3.9511 3.9917 4.5149 5.5227 6.3842 4.0889 8.8783 4.1389 8.311 8.58114114557 5.5227
2016-08-10 12:35:59.270000 5514.243 3.356 54.124 34.365 56.665 4.258 18.4059 3.9489 3.9911 4.5145 5.5211 6.3821 4.0887 8.8817 4.1393 8.296 8.48215849733 5.5211
2016-08-10 12:37:02.671000 5577.644 3.346 54.022 34.401 56.562 4.258 18.398 3.9469 3.9909 4.5141 5.5195 6.38 4.0883 8.8843 4.1412 8.281 9.43731274169 5.5195
2016-08-10 12:38:06.112000 5641.085 3.342 53.924 34.417 56.458 4.257 18.3901 3.945 3.9905 4.514 5.5181 6.3779 4.0877 8.887 4.1422 8.267 8.25789662474 5.5181
2016-08-10 12:39:09.564000 5704.537 3.344 53.831 34.372 56.368 4.256 18.3824 3.9429 3.99 4.5134 5.5166 6.3758 4.0869 8.8903 4.1426 8.254 10.1317969587 5.5166
2016-08-10 12:40:13.066000 5768.039 3.336 53.744 34.459 56.274 4.255 18.3739 3.9412 3.9892 4.5132 5.5151 6.3737 4.0857 8.893 4.1421 8.242 8.88499936803 5.5151
2016-08-10 12:41:16.567000 5831.54 3.337 53.66 34.435 56.189 4.254 18.3664 3.9395 3.9889 4.5124 5.5136 6.3716 4.0853 8.8983 4.143 8.23 9.68126324787 5.5136
2016-08-10 12:42:20.120000 5895.093 3.335 53.581 34.461 56.106 4.253 18.3586 3.938 3.988 4.512 5.5122 6.3694 4.0843 8.8961 4.1427 8.218 8.58114114557 5.5122
2016-08-10 12:43:23.711000 5958.684 3.332 53.504 34.496 56.028 4.252 18.3506 3.9359 3.9874 4.5111 5.5106 6.3673 4.0833 8.8991 4.1432 8.208 7.95054184725 5.5106
2016-08-10 12:44:27.353000 6022.326 3.444 53.431 34.78 55.952 4.252 18.3427 3.934 3.9864 4.5106 5.5092 6.3652 4.0826 8.9018 4.1439 8.198 9.80661614086 5.5092
2016-08-10 12:45:30.974000 6085.947 3.471 53.36 34.724 55.877 4.252 18.3343 3.9319 3.9863 4.5107 5.5076 6.3631 4.0826 8.9021 4.1446 8.188 8.34760137377 5.5076
2016-08-10 12:46:34.625000 6149.598 3.48 53.292 34.712 55.803 4.251 18.3269 3.9308 3.9863 4.5104 5.5063 6.3613 4.0826 8.9053 4.1456 8.179 9.21099528855 5.5063
2016-08-10 12:47:38.337000 6213.31 3.497 53.226 34.085 55.734 4.251 18.3191 3.9287 3.9859 4.5102 5.5048 6.3593 4.082 8.9068 4.1465 8.17 7.91097852082 5.5048
2016-08-10 12:48:42.078000 6277.051 3.479 53.163 34.034 55.668 4.25 18.3112 3.9268 3.9849 4.5095 5.5035 6.3573 4.0807 8.9085 4.1467 8.161 9.74393969436 5.5035
2016-08-10 12:49:45.850000 6340.823 3.335 53.105 34.453 55.605 4.249 18.3032 3.9248 3.9846 4.5094 5.5019 6.3553 4.0801 8.9106 4.1468 8.153 8.07848712666 5.5019
2016-08-10 12:50:49.661000 6404.634 3.332 53.043 34.426 55.546 4.248 18.2952 3.9236 3.9843 4.5086 5.5005 6.3534 4.079 8.9082 4.1479 8.145 10.2006359338 5.5005
2016-08-10 12:51:53.492000 6468.465 3.457 52.988 34.673 55.483 4.247 18.2873 3.9216 3.9832 4.5077 5.4989 6.3513 4.0777 8.9123 4.1478 8.137 8.48215849733 5.4989
2016-08-10 12:52:57.344000 6532.317 3.519 52.935 34.062 55.429 4.246 18.2792 3.9197 3.9819 4.5072 5.4973 6.3492 4.0774 8.9166 4.1469 8.13 9.74393969436 5.4973
2016-08-10 12:54:01.296000 6596.269 3.335 52.884 34.331 55.372 4.244 18.2706 3.9178 3.9813 4.5063 5.4956 6.347 4.0754 8.9141 4.1476 8.122 7.79228854153 5.4956
2016-08-10 12:55:05.218000 6660.191 3.433 52.832 34.289 55.319 4.243 18.2631 3.9164 3.9798 4.5052 5.4938 6.3447 4.0735 8.9178 4.1467 8.115 8.7330702568 5.4938
2016-08-10 12:56:09.189000 6724.162 3.447 52.782 34.659 55.265 4.242 18.2553 3.9142 3.9786 4.5046 5.492 6.3426 4.0732 8.9175 4.147 8.108 7.7527252151 5.492
2016-08-10 12:57:13.192000 6788.165 3.353 52.731 34.072 55.21 4.241 18.2466 3.9124 3.9784 4.5043 5.4902 6.3406 4.0727 8.9171 4.1467 8.101 9.93196903385 5.4902
2016-08-10 12:58:17.223000 6852.196 3.368 52.682 34.08 55.157 4.241 18.239 3.911 3.9775 4.5034 5.4886 6.3385 4.0711 8.9207 4.148 8.095 7.67359856223 5.4886
2016-08-10 12:59:21.285000 6916.258 3.553 52.635 34.252 55.104 4.24 18.2313 3.9089 3.9765 4.5028 5.487 6.3365 4.0707 8.9226 4.148 8.089 9.0412571987 5.487
2016-08-10 13:00:25.386000 6980.359 3.384 52.587 33.923 55.057 4.239 18.2226 3.907 3.9766 4.5026 5.4854 6.3345 4.0706 8.9232 4.1487 8.083 8.34760137377 5.4854
2016-08-10 13:01:29.557000 7044.53 3.337 52.538 34.542 55.009 4.238 18.2154 3.9052 3.9755 4.5015 5.4839 6.3325 4.0682 8.9252 4.1487 8.077 7.87141519439 5.4839
2016-08-10 13:02:33.739000 7108.712 3.418 52.498 34.337 54.961 4.237 18.2074 3.9032 3.9744 4.5012 5.4822 6.3304 4.0678 8.9226 4.1487 8.071 9.74393969436 5.4822
2016-08-10 13:03:38.040000 7173.013 3.33 52.455 34.391 54.914 4.236 18.1991 3.902 3.9735 4.5001 5.4807 6.3283 4.0663 8.9271 4.1495 8.065 8.21304425022 5.4807
2016-08-10 13:04:42.272000 7237.245 3.469 52.412 33.885 54.87 4.235 18.191 3.8999 3.9724 4.4994 5.4792 6.3261 4.0654 8.925 4.1488 8.059 10.849973135 5.4792
2016-08-10 13:05:46.550000 7301.523 3.333 52.371 34.318 54.824 4.233 18.1825 3.898 3.9718 4.4985 5.4776 6.3241 4.0644 8.9244 4.1494 8.053 8.68242721972 5.4776
2016-08-10 13:06:50.901000 7365.874 3.54 52.33 33.988 54.78 4.232 18.1747 3.8962 3.9708 4.4975 5.476 6.3219 4.0628 8.9242 4.1501 8.048 8.53049810849 5.476
2016-08-10 13:07:55.272000 7430.245 3.372 52.293 34.584 54.74 4.231 18.1664 3.8942 3.9697 4.4969 5.4744 6.3199 4.061 8.9243 4.1498 8.042 8.68242721972 5.4744
2016-08-10 13:08:59.683000 7494.656 3.378 52.253 34.15 54.698 4.231 18.1589 3.8925 3.9687 4.4958 5.4728 6.3178 4.0615 8.9297 4.1503 8.037 10.2006359338 5.4728
2016-08-10 13:10:04.134000 7559.107 3.334 52.213 34.518 54.655 4.229 18.1499 3.8906 3.968 4.4958 5.4713 6.3158 4.0588 8.9276 4.1509 8.032 7.83185186796 5.4713
2016-08-10 13:11:08.614000 7623.587 3.406 52.175 33.794 54.615 4.227 18.1429 3.8889 3.9666 4.4941 5.4696 6.3135 4.0576 8.928 4.1509 8.027 8.98628544218 5.4696
2016-08-10 13:12:13.137000 7688.11 3.477 52.139 34.449 54.574 4.227 18.1342 3.8869 3.9656 4.4938 5.468 6.3114 4.0572 8.9287 4.151 8.022 8.07848712666 5.468
2016-08-10 13:13:17.688000 7752.661 3.411 52.101 34.092 54.534 4.226 18.1265 3.885 3.965 4.4929 5.4665 6.3095 4.0562 8.9282 4.1523 8.017 8.78371329388 5.4665
2016-08-10 13:14:22.239000 7817.212 3.363 52.064 33.93 54.493 4.226 18.1179 3.8833 3.965 4.4931 5.4653 6.3075 4.0567 8.9276 4.1529 8.013 9.21099528855 5.4653
2016-08-10 13:15:26.870000 7881.843 3.548 52.03 34.164 54.453 4.226 18.1102 3.8815 3.9642 4.4921 5.464 6.3056 4.0553 8.9292 4.1537 8.008 9.26757465184 5.464
2016-08-10 13:16:31.522000 7946.495 3.341 51.992 34.476 54.415 4.224 18.1019 3.8798 3.9638 4.4918 5.4626 6.3037 4.0545 8.9291 4.1549 8.003 7.95054184725 5.4626
2016-08-10 13:17:36.254000 8011.227 3.328 51.96 34.302 54.379 4.223 18.0944 3.878 3.9622 4.4907 5.4612 6.3017 4.0529 8.929 4.1547 7.999 9.49389210497 5.4612
2016-08-10 13:18:40.965000 8075.938 3.464 51.925 33.782 54.343 4.222 18.086 3.8765 3.9614 4.49 5.4597 6.2995 4.0518 8.9289 4.1551 7.994 8.48215849733 5.4597
2016-08-10 13:19:45.716000 8140.689 3.548 51.891 33.94 54.307 4.221 18.0779 3.8741 3.9607 4.4894 5.4582 6.2976 4.0504 8.9312 4.1558 7.99 8.1681918757 5.4582
2016-08-10 13:20:50.498000 8205.471 3.363 51.857 34.501 54.271 4.221 18.0698 3.8726 3.9601 4.4889 5.4567 6.2956 4.051 8.9276 4.1561 7.985 10.1317969587 5.4567
2016-08-10 13:21:55.299000 8270.272 3.332 51.824 34.416 54.235 4.22 18.061 3.8709 3.9597 4.4886 5.4554 6.2937 4.0503 8.9284 4.1568 7.981 8.88499936803 5.4554
2016-08-10 13:23:00.150000 8335.123 3.33 51.79 34.225 54.199 4.221 18.0534 3.8693 3.9591 4.4882 5.4535 6.2919 4.0505 8.9317 4.1585 7.977 8.53049810849 5.4535
2016-08-10 13:24:05.081000 8400.054 3.346 51.754 33.852 54.163 4.22 18.0456 3.8679 3.9592 4.488 5.4527 6.2901 4.0488 8.9311 4.1599 7.973 8.88499936803 5.4527
2016-08-10 13:25:10.031000 8465.004 3.556 51.724 34.032 54.129 4.218 18.0372 3.8657 3.9582 4.4875 5.4516 6.2882 4.0468 8.9296 4.1607 7.969 8.25789662474 5.4516
2016-08-10 13:26:15.004000 8529.977 3.536 51.692 34.15 54.1 4.217 18.0291 3.8641 3.9566 4.4857 5.4502 6.2861 4.0458 8.9295 4.1595 7.965 9.86929258736 5.4502
2016-08-10 13:27:19.994000 8594.967 3.487 51.662 34.329 54.063 4.216 18.021 3.8628 3.956 4.4855 5.4487 6.284 4.0455 8.9296 4.1609 7.961 8.88499936803 5.4487
2016-08-10 13:28:25.066000 8660.039 3.557 51.63 34.439 54.032 4.216 18.0128 3.8605 3.9554 4.4851 5.4474 6.2822 4.0452 8.93 4.1628 7.957 9.26757465184 5.4474
2016-08-10 13:29:30.177000 8725.15 3.549 51.598 34.029 54.0 4.215 18.0047 3.8591 3.9545 4.4845 5.4461 6.2803 4.0436 8.9314 4.1629 7.953 8.39245374829 5.4461
2016-08-10 13:30:35.348000 8790.321 3.523 51.571 34.203 53.967 4.214 17.9964 3.8577 3.9543 4.484 5.4449 6.2784 4.0433 8.9314 4.1638 7.949 8.1681918757 5.4449
2016-08-10 13:31:40.479000 8855.452 3.477 51.541 34.317 53.937 4.214 17.9879 3.8556 3.954 4.4836 5.4436 6.2766 4.0431 8.9301 4.1648 7.945 9.93196903385 5.4436
2016-08-10 13:32:45.700000 8920.673 3.56 51.51 33.875 53.906 4.214 17.9801 3.8538 3.9533 4.4833 5.4426 6.2747 4.0422 8.9284 4.1664 7.942 9.26757465184 5.4426
2016-08-10 13:33:50.961000 8985.934 3.54 51.483 34.099 53.874 4.214 17.9721 3.8524 3.9533 4.4829 5.4415 6.2731 4.0428 8.9264 4.1685 7.939 9.26757465184 5.4415
2016-08-10 13:34:56.234000 9051.207 3.434 51.454 33.669 53.844 4.213 17.964 3.8512 3.953 4.4829 5.4406 6.2713 4.0409 8.9256 4.1706 7.935 8.07848712666 5.4406
2016-08-10 13:36:01.515000 9116.488 3.347 51.425 33.797 53.815 4.212 17.9551 3.8491 3.9525 4.4823 5.4395 6.2695 4.0408 8.9286 4.1704 7.932 7.55490858294 5.4395
2016-08-10 13:37:06.866000 9181.839 3.38 51.398 33.7 53.786 4.212 17.9477 3.8474 3.952 4.4822 5.4384 6.2678 4.04 8.9282 4.1715 7.928 8.7330702568 5.4384
2016-08-10 13:38:12.207000 9247.18 3.332 51.372 34.101 53.754 4.211 17.9395 3.8461 3.9512 4.4814 5.4374 6.2661 4.0401 8.9281 4.1734 7.925 9.15441592527 5.4374
2016-08-10 13:39:17.628000 9312.601 3.396 51.342 34.413 53.725 4.21 17.9313 3.8445 3.9512 4.4811 5.4363 7.994 4.0392 8.9271 4.1749 7.921 8.21304425022 5.4363
2016-08-10 13:40:23.059000 9378.032 3.524 51.315 34.1 53.697 4.21 17.923 3.8434 3.9507 4.4811 5.4354 13.8786 4.0394 8.9287 4.1758 7.918 10.475991834 5.4354
2016-08-10 13:41:28.532000 9443.505 3.482 51.288 33.676 53.667 4.21 17.9145 3.8414 3.9507 4.4808 5.4344 16.7728 4.0392 8.9262 4.1779 7.915 7.83185186796 5.4344
2016-08-10 13:42:34.063000 9509.036 3.357 51.261 33.783 53.639 4.209 17.9069 3.8397 3.9504 4.481 5.4341 18.4364 4.0385 8.9269 4.1791 7.912 10.1317969587 5.4341
2016-08-10 13:43:39.584000 9574.557 3.331 51.235 34.211 53.612 4.209 17.8985 3.8385 3.9497 4.4802 5.4335 19.5681 4.0373 8.9258 4.1813 7.909 7.95054184725 5.4335
2016-08-10 13:44:45.125000 9640.098 3.444 51.211 34.371 53.585 4.209 17.8904 3.8372 3.9496 4.4798 5.4328 20.3784 4.0374 8.9269 4.1827 7.905 9.99464548035 5.4328
2016-08-10 13:45:50.706000 9705.679 3.549 51.183 34.015 53.556 4.212 17.8746 3.8356 3.9529 4.4824 5.411 19.9019 4.0417 8.9253 4.0629 7.904 8.12333950118 5.411
2016-08-10 13:46:56.287000 9771.26 3.449 51.159 33.582 53.531 4.21 17.8636 3.8349 3.952 4.4818 5.3796 20.4796 4.0387 8.9236 4.0179 7.901 7.79228854153 5.3796
2016-08-10 13:48:02.059000 9837.032 3.38 51.136 34.389 53.505 4.208 17.8544 3.8333 3.9505 4.4806 5.3579 21.0488 4.0364 8.9221 4.0067 7.897 7.71316188867 5.3579
2016-08-10 13:49:07.761000 9902.734 3.526 51.112 34.111 53.481 4.207 17.846 3.8315 3.9489 4.4793 5.3417 21.4952 4.0358 8.9224 4.0031 7.893 10.0629579836 5.3417
2016-08-10 13:50:13.502000 9968.475 3.338 51.09 33.934 53.457 4.207 17.8371 3.8301 3.9481 4.4787 5.3291 21.9276 4.0356 8.9211 4.0025 7.89 8.58114114557 5.3291
2016-08-10 13:51:19.223000 10034.196 3.365 51.064 34.366 53.43 4.206 17.8288 3.8282 3.9477 4.4789 5.3193 22.3509 4.0345 8.9175 4.0037 7.888 8.1681918757 5.3193
2016-08-10 13:52:25.004000 10099.977 3.428 51.043 33.588 53.405 4.206 17.8211 3.8269 3.9474 4.4786 5.3115 22.7044 4.0347 8.9137 4.0044 7.885 9.80661614086 5.3115
2016-08-10 13:53:31.025000 10165.998 3.394 51.02 34.345 53.381 4.205 17.8127 3.8255 3.9467 4.4781 5.3051 22.9762 4.0337 8.9143 4.0042 7.882 8.39245374829 5.3051
2016-08-10 13:54:37.208000 10232.181 3.404 50.997 33.56 53.356 4.205 17.8038 3.824 3.9466 4.4779 5.3 23.354 4.0341 8.9136 4.0054 7.879 9.3807333784 5.3
2016-08-10 13:55:43.629000 10298.602 3.563 50.973 33.819 53.33 4.205 17.7957 3.8228 3.9466 4.4774 5.2956 23.655 4.0336 8.9156 4.0063 7.876 9.74393969436 5.2956
2016-08-10 13:56:50.170000 10365.143 3.495 50.951 34.187 53.309 4.203 17.7876 3.8218 3.9458 4.477 5.2921 21.367 4.0314 8.9136 4.0068 7.873 7.59447190937 5.2921
2016-08-10 13:57:56.721000 10431.694 3.359 50.931 34.389 53.286 4.202 17.7792 3.82 3.9447 4.4757 5.2886 20.4212 4.0301 8.9095 4.0064 7.87 9.55591035487 5.2886
2016-08-10 13:59:03.312000 10498.285 3.445 50.907 34.002 53.261 4.202 17.7709 3.8185 3.9437 4.4754 5.2856 19.9018 4.0299 8.9104 4.0064 7.867 8.07848712666 5.2856
2016-08-10 14:00:09.896000 10564.869 3.334 50.884 34.164 53.237 4.202 17.7624 3.8169 3.9437 4.4756 5.283 19.4039 4.0312 8.9074 4.0076 7.865 9.32415401512 5.283
2016-08-10 14:01:16.539000 10631.512 3.35 50.86 33.772 53.213 4.202 17.7536 3.8157 3.944 4.4752 5.2809 18.9039 4.031 8.9059 4.0091 7.862 8.21304425022 5.2809
2016-08-10 14:02:23.058000 10698.031 3.409 50.841 33.524 53.192 4.201 17.7455 3.8146 3.9431 4.4746 5.2787 18.3859 4.029 8.9084 4.0091 7.859 9.32415401512 5.2787
2016-08-10 14:03:29.622000 10764.595 3.561 50.821 33.825 53.171 4.2 17.7372 3.8128 3.9421 4.474 5.2765 17.8495 4.0275 8.9079 4.009 7.856 9.0412571987 5.2765
2016-08-10 14:04:36.262000 10831.235 3.491 50.805 34.212 53.15 4.199 17.7289 3.8114 3.9411 4.473 5.2746 17.2982 4.027 8.9022 4.0101 7.854 9.15441592527 5.2746
2016-08-10 14:05:42.906000 10897.879 3.546 50.782 33.952 53.13 4.199 17.7203 3.8097 3.941 4.4731 5.2728 16.7315 4.0264 8.9021 4.0109 7.851 7.7527252151 5.2728
2016-08-10 14:06:49.546000 10964.519 3.455 50.763 34.272 53.109 4.197 17.7115 3.8084 3.9402 4.4721 5.2712 16.1463 4.0251 8.9028 4.0115 7.848 8.12333950118 5.2712
2016-08-10 14:07:56.197000 11031.17 3.339 50.746 34.225 53.089 4.196 17.7033 3.8075 3.9386 4.4711 5.2694 15.5557 4.0245 8.9004 4.0117 7.845 9.55591035487 5.2694
2016-08-10 14:09:02.821000 11097.794 3.398 50.723 34.306 53.066 4.195 17.6952 3.8057 3.938 4.4703 5.2678 14.9541 4.0239 8.8987 4.014 7.843 8.34760137377 5.2678
2016-08-10 14:10:09.512000 11164.485 3.329 50.706 34.094 53.048 4.195 17.6868 3.8042 3.9372 4.4701 5.267 14.3681 4.0233 8.8966 4.0182 7.84 8.12333950118 5.267
2016-08-10 14:11:16.221000 11231.194 3.366 50.688 33.604 53.027 4.193 17.6789 3.8025 3.9364 4.4694 5.267 13.7893 4.0217 8.8941 4.0239 7.838 9.43731274169 5.267
2016-08-10 14:12:22.960000 11297.933 3.338 50.672 33.839 53.008 4.192 17.6709 3.8017 3.9356 4.4685 5.2682 13.2306 4.0205 8.8966 4.0345 7.835 8.7330702568 5.2682
2016-08-10 14:13:29.901000 11364.874 3.327 50.655 34.127 52.991 4.191 17.6636 3.8 3.9343 4.4672 5.2721 12.6863 4.0198 8.8944 4.0508 7.832 9.09783656199 5.2721
2016-08-10 14:14:36.684000 11431.657 3.361 50.637 33.666 52.972 4.192 17.6563 3.7985 3.9341 4.4675 5.2793 12.1615 4.02 8.8922 4.0722 7.83 8.39245374829 5.2793
2016-08-10 14:15:45.679000 11500.652 3.35 50.618 34.282 52.952 4.191 17.6489 3.797 3.9337 4.4672 5.2887 11.6372 4.0196 8.8872 4.0976 7.828 9.0412571987 5.2887
2016-08-10 14:16:52.538000 11567.511 3.432 50.6 34.269 52.933 4.192 17.6413 3.7954 3.9342 4.4675 5.3011 11.1436 4.0205 8.8884 4.122 7.826 8.58114114557 5.3011
2016-08-10 14:17:59.400000 11634.373 3.495 50.581 34.161 52.912 4.193 17.6345 3.7946 3.9349 4.4678 5.313 10.6545 4.0209 8.8917 4.1451 7.824 8.53049810849 5.313
2016-08-10 14:19:06.299000 11701.272 3.541 50.564 33.938 52.893 4.192 17.6268 3.7929 3.9344 4.4672 5.3244 10.1714 4.0206 8.8891 4.1638 7.822 10.475991834 5.3244
2016-08-10 14:20:13.242000 11768.215 3.558 50.544 34.237 52.874 4.192 17.6193 3.7914 3.9347 4.4678 5.3349 9.6876 4.0205 8.8914 4.1781 7.82 8.30274899925 5.3349
2016-08-10 14:21:20.230000 11835.203 3.433 50.53 34.037 52.858 4.19 17.6111 3.7908 3.934 4.4669 5.3439 9.2225 4.0185 8.8884 4.1883 7.818 8.93564240511 5.3439
2016-08-10 14:22:27.243000 11902.216 3.367 50.515 33.82 52.842 4.188 17.6029 3.7892 3.9327 4.4656 5.3514 8.7859 4.0164 8.8894 4.1956 7.815 10.1317969587 5.3514
2016-08-10 14:23:34.254000 11969.227 3.339 50.501 33.772 52.824 4.187 17.5946 3.7874 3.9314 4.4654 5.3573 8.3852 4.0151 8.8881 4.2014 7.813 8.25789662474 5.3573
2016-08-10 14:24:41.296000 12036.269 3.328 50.483 34.073 52.809 4.187 17.5862 3.7867 3.9311 4.4647 5.3622 8.0265 4.0148 8.887 4.2063 7.811 9.43731274169 5.3622
2016-08-10 14:25:48.385000 12103.358 3.356 50.466 34.257 52.79 4.186 17.5782 3.7849 3.9298 4.4636 5.3659 7.7157 4.0138 8.8856 4.2099 7.808 8.63178418265 5.3659
2016-08-10 14:26:55.519000 12170.492 3.457 50.45 34.226 52.771 4.185 17.5687 3.7836 3.9298 4.4638 5.3688 7.4517 4.0143 8.8826 4.2137 7.806 7.71316188867 5.3688
2016-08-10 14:28:02.673000 12237.646 3.414 50.435 34.011 52.757 4.184 17.5609 3.7823 3.9289 4.4629 5.3711 7.2318 4.0133 8.8826 4.2169 7.804 10.2006359338 5.3711
2016-08-10 14:29:09.850000 12304.823 3.367 50.417 33.578 52.738 4.184 17.5526 3.7807 3.9283 4.4627 5.373 7.0505 4.0129 8.8853 4.2198 7.802 8.88499936803 5.373
2016-08-10 14:30:17.034000 12372.007 3.335 50.404 33.814 52.722 4.184 17.5439 3.78 3.9286 4.4625 5.3743 6.9047 4.0121 8.8868 4.2223 7.8 7.7527252151 5.3743
2016-08-10 14:31:24.267000 12439.24 3.489 50.388 34.134 52.705 4.183 17.5356 3.7783 3.9277 4.4616 5.3752 6.7862 4.0113 8.8828 4.2251 7.798 9.61858680137 5.3752
