#Human readable time. Time (s) since start. Lakeshore temperature sensor 218 T1,3,5,6,8 and 224 C2,C3,C4,C5,D2,D3,D5,A,B
2016-08-30 18:00:58.419000 0.0 3.552 49.328 34.191 51.565 4.679 51.1336 49.7931 4.9229 5.5099 24.751 16.1087 4.6895 4.5961 4.3096 8.248 -1 24.751
2016-08-30 18:01:59.251000 60.832 3.527 49.324 33.384 51.56 4.676 51.1029 49.9342 13.2523 5.4985 24.7464 16.1027 4.6853 4.5883 4.308 8.246 7.37247931942 24.7464
2016-08-30 18:02:59.739000 121.32 4.053 49.32 33.844 51.556 6.539 49.8358 49.9857 17.5977 6.2132 24.7434 16.1942 6.8332 4.7744 4.5219 8.812 7.91097852082 24.7434
2016-08-30 18:04:00.255000 181.836 5.033 49.312 34.264 51.544 8.227 46.5269 50.1034 20.0837 7.6333 24.763 16.369 8.5762 5.1054 4.6825 9.969 7.47838956745 24.763
2016-08-30 18:05:00.802000 242.383 5.737 49.334 34.368 51.575 8.748 43.2919 50.1667 21.6953 8.5311 24.822 16.5033 9.0745 5.1393 4.6103 10.701 7.87141519439 24.822
2016-08-30 18:06:01.386000 302.967 5.404 49.421 34.27 51.648 8.795 40.7605 50.1417 22.8033 8.9528 24.896 16.6001 9.0926 5.079 4.5337 11.015 7.7527252151 24.896
2016-08-30 18:07:02.032000 363.613 5.316 49.525 34.651 51.735 8.687 38.5469 50.1104 23.6174 9.1258 24.9651 16.6774 8.9668 4.9951 4.4455 11.094 7.95054184725 24.9651
2016-08-30 18:08:02.718000 424.299 5.522 49.615 34.981 51.82 8.52 36.4926 50.0891 24.1233 9.1567 25.0422 16.7372 8.7827 4.898 4.3513 11.056 8.07848712666 25.0422
2016-08-30 18:09:03.421000 485.002 5.572 49.69 34.55 51.885 8.343 34.5545 50.052 24.5575 9.1026 25.1276 16.7832 8.5737 4.7953 4.2456 10.959 8.12333950118 25.1276
2016-08-30 18:10:04.250000 545.831 4.903 49.752 35.026 51.947 8.153 32.6347 50.0087 24.8035 8.9919 25.1937 16.8172 8.3643 4.6786 4.1192 10.83 7.79228854153 25.1937
2016-08-30 18:11:05.023000 606.604 5.222 49.805 35.017 51.996 7.955 30.4512 49.9516 24.9487 8.8481 25.2433 16.8403 8.1562 4.5428 3.9905 10.687 8.12333950118 25.2433
2016-08-30 18:12:05.831000 667.412 4.81 49.849 34.359 52.051 7.756 28.2147 49.9062 25.0497 8.6788 25.277 16.8537 7.9436 4.4061 3.85 10.535 7.7527252151 25.277
2016-08-30 18:13:06.681000 728.262 4.915 49.889 35.034 52.076 7.556 26.2956 49.845 25.1154 8.4915 25.3011 16.8589 7.733 4.2521 3.7054 10.392 8.1681918757 25.3011
2016-08-30 18:14:07.556000 789.137 5.038 49.922 34.665 52.113 7.369 24.5047 49.776 25.1293 8.2989 25.3145 16.8575 7.526 4.0869 3.5559 10.254 7.67359856223 25.3145
2016-08-30 18:15:08.480000 850.061 4.446 49.95 34.772 52.138 7.192 22.9609 49.698 25.1118 8.1008 25.3184 16.8498 7.3354 3.9136 3.4047 10.118 7.95054184725 25.3184
2016-08-30 18:16:09.440000 911.021 4.784 49.976 34.767 52.167 7.017 21.7479 49.6107 25.0668 7.9041 25.3156 16.8369 7.1509 3.7275 3.2567 9.985 7.99010517368 25.3156
2016-08-30 18:17:10.441000 972.022 4.292 49.996 34.676 52.194 6.854 20.7567 49.4991 24.9991 7.7107 25.3059 16.82 6.9809 3.5202 3.1131 9.857 7.71316188867 25.3059
2016-08-30 18:18:11.461000 1033.042 4.636 50.015 34.609 52.211 6.709 19.832 49.3599 24.9555 7.5285 25.2892 16.7999 6.8267 3.3094 2.9766 9.74 8.12333950118 25.2892
2016-08-30 18:19:12.537000 1094.118 4.17 50.029 34.747 52.221 6.572 19.0105 49.2146 24.9065 7.3592 25.2716 16.7774 6.6829 3.1299 2.8522 9.633 7.71316188867 25.2716
2016-08-30 18:20:13.643000 1155.224 4.163 50.039 34.326 52.244 6.443 18.2487 49.0828 24.8521 7.1981 25.2485 16.7527 6.5463 3.0368 2.736 9.531 7.79228854153 25.2485
2016-08-30 18:21:14.854000 1216.435 4.372 50.045 34.786 52.244 6.328 17.5486 48.952 24.7997 7.0506 25.223 16.7267 6.4239 2.9319 2.6287 9.443 7.67359856223 25.223
2016-08-30 18:22:16.027000 1277.608 4.042 50.05 34.38 52.257 6.221 16.8928 48.8128 24.7452 6.915 25.1983 16.6994 6.3116 2.8248 2.5262 9.367 7.87141519439 25.1983
2016-08-30 18:23:17.313000 1338.894 4.108 50.054 34.092 52.254 6.122 16.2807 48.6756 24.6907 6.7904 25.1696 16.6712 6.2058 2.721 2.4318 9.296 7.44308615144 25.1696
2016-08-30 18:24:18.551000 1400.132 4.318 50.052 34.857 52.263 6.029 15.7073 48.5545 24.6361 6.6761 25.1386 16.6425 6.1086 2.6227 2.3448 9.23 7.91097852082 25.1386
2016-08-30 18:25:19.850000 1461.431 3.895 50.048 34.678 52.26 5.943 15.1685 48.4363 24.5833 6.5696 25.1082 16.6135 6.017 2.5293 2.259 9.167 7.3018724874 25.1082
2016-08-30 18:26:21.184000 1522.765 3.888 50.044 34.252 52.26 5.863 14.6747 48.3403 24.5338 6.4732 25.0779 16.5841 5.9329 2.4432 2.1654 9.11 7.87141519439 25.0779
2016-08-30 18:27:22.535000 1584.116 3.959 50.039 34.548 52.255 5.793 14.2643 48.2469 24.4845 6.3859 25.0455 16.5558 5.8596 2.3576 2.0987 9.058 7.23126565537 25.0455
2016-08-30 18:28:23.909000 1645.49 3.891 50.031 34.756 52.256 5.677 13.991 48.1597 24.4391 6.2966 25.014 16.5178 5.7315 2.2822 2.1164 8.999 7.91097852082 25.014
2016-08-30 18:29:25.354000 1706.935 3.783 50.024 34.472 52.244 5.674 13.6073 48.2196 24.399 6.2305 24.9885 16.4987 5.7337 2.3336 2.2933 8.962 7.51534525651 24.9885
2016-08-30 18:30:26.889000 1768.47 3.807 50.012 33.986 52.238 5.592 13.0176 48.3166 24.3526 6.1632 24.9726 16.4695 5.6421 2.4029 2.4015 8.919 7.37247931942 24.9726
2016-08-30 18:31:28.398000 1829.979 3.989 49.998 34.032 52.226 5.484 12.6812 48.4554 24.3054 6.0706 24.9587 16.4328 5.5306 2.5163 2.8074 8.854 7.37247931942 24.9587
2016-08-30 18:32:29.905000 1891.486 3.955 49.987 34.489 52.211 5.463 12.4257 48.6505 24.2733 6.008 24.9416 16.4094 5.5136 2.6779 4.4194 8.814 7.67359856223 24.9416
2016-08-30 18:33:31.385000 1952.966 3.733 49.972 34.629 52.199 5.408 11.6524 48.8209 24.2216 5.9571 24.9303 16.3863 5.4507 2.8039 5.7186 8.784 7.47838956745 24.9303
2016-08-30 18:34:32.907000 2014.488 3.663 49.961 34.148 52.195 5.314 10.8005 48.936 24.1652 5.8785 24.919 16.3573 5.349 2.8993 6.3412 8.731 7.6340352358 24.919
2016-08-30 18:35:34.443000 2076.024 3.692 49.95 33.809 52.184 5.214 9.968 49.0391 24.1024 5.7846 24.9097 16.3271 5.2424 2.9819 6.5417 8.667 7.51534525651 24.9097
2016-08-30 18:36:36.031000 2137.612 3.875 49.935 34.034 52.168 5.111 9.1512 49.1372 24.0429 5.6863 24.8984 16.2959 5.1362 3.0595 6.5336 8.6 7.79228854153 24.8984
2016-08-30 18:37:37.645000 2199.226 3.701 49.918 34.363 52.151 5.016 8.3996 49.2262 23.9904 5.59 24.8857 16.2644 5.0372 3.1311 6.4341 8.537 7.59447190937 24.8857
2016-08-30 18:38:39.275000 2260.856 3.796 49.897 34.065 52.137 4.928 7.7209 49.3176 23.9606 5.4984 24.8737 16.2335 4.9449 3.2658 6.2409 8.479 7.51534525651 24.8737
2016-08-30 18:39:40.920000 2322.501 3.659 49.878 34.433 52.118 4.845 7.0822 49.4242 23.9301 5.4111 24.8603 16.2025 4.8565 3.5016 5.9897 8.429 7.55490858294 24.8603
2016-08-30 18:40:42.642000 2384.223 3.702 49.857 34.187 52.1 4.774 6.4966 49.5252 23.9014 5.3308 24.8481 16.1723 4.7833 3.7728 5.8104 8.383 7.47838956745 24.8481
2016-08-30 18:41:44.393000 2445.974 3.539 49.836 34.435 52.08 4.713 6.0049 49.579 23.8755 11.3001 24.8359 16.1434 4.7191 4.0682 5.6913 8.342 7.87141519439 24.8359
2016-08-30 18:42:46.141000 2507.722 3.857 49.818 34.211 52.054 5.723 6.6688 48.8204 23.9652 16.5303 24.8216 16.1466 6.1779 4.4788 5.6398 8.427 7.40778273543 24.8216
2016-08-30 18:43:47.993000 2569.574 4.709 49.791 34.32 52.041 7.673 7.8191 31.3288 24.266 19.578 24.8357 16.3411 7.8792 4.4677 6.2099 9.796 7.40778273543 24.8357
2016-08-30 18:44:49.830000 2631.411 4.553 49.79 34.889 52.048 6.889 7.156 19.0503 24.2502 21.0956 24.873 16.3463 6.9771 4.0367 6.2512 9.877 7.95054184725 24.873
2016-08-30 18:45:51.748000 2693.329 4.216 49.856 34.803 52.1 6.084 6.5149 13.4924 24.1659 21.9777 24.8938 16.3094 6.1265 4.1271 6.6236 9.494 7.91097852082 24.8938
2016-08-30 18:46:53.682000 2755.263 4.012 49.885 34.603 52.11 5.426 5.9142 9.0861 24.0451 22.5973 24.9022 16.2578 5.4249 5.0839 7.4577 9.076 7.55490858294 24.9022
2016-08-30 18:47:55.627000 2817.208 3.802 49.883 34.553 52.113 4.881 5.3322 5.55 23.9468 22.945 24.9003 16.1952 4.8595 6.084 8.2339 8.671 7.71316188867 24.9003
2016-08-30 18:48:57.641000 2879.222 3.637 49.865 34.342 52.098 4.615 4.9665 4.4257 23.8936 23.3976 24.8876 16.1436 4.5948 6.8538 8.8566 8.405 7.59447190937 24.8876
2016-08-30 18:49:59.712000 2941.293 3.451 49.836 33.605 52.071 4.504 4.7431 4.1132 23.8584 23.7619 24.8691 16.1037 4.4861 7.4815 9.3963 8.271 7.99010517368 24.8691
2016-08-30 18:51:01.772000 3003.353 3.403 49.812 33.744 52.055 4.446 4.5855 3.9765 23.8327 24.0137 24.8473 16.0694 4.4292 8.0042 9.8559 8.2 7.99010517368 24.8473
2016-08-30 18:52:03.860000 3065.441 3.371 49.787 34.007 52.033 4.411 4.4696 3.9057 23.8149 24.339 24.8232 16.0387 4.3959 8.4561 10.2597 8.161 8.03363475214 24.8232
2016-08-30 18:53:06.010000 3127.591 3.366 49.767 34.226 52.018 4.389 4.3798 3.8633 23.8006 24.578 24.7992 16.0105 4.3753 8.8649 10.6243 8.137 8.68242721972 24.7992
2016-08-30 18:54:08.149000 3189.73 3.593 49.746 34.317 51.998 4.377 4.3117 3.8368 23.7897 24.7587 24.7768 15.9853 4.363 9.2347 10.9577 8.123 8.03363475214 24.7768
2016-08-30 18:55:10.366000 3251.947 3.545 49.722 33.562 51.975 4.369 4.2575 3.819 23.7808 24.8974 24.7532 15.9625 4.3543 9.5735 11.2532 8.114 8.53049810849 24.7532
2016-08-30 18:56:29.714000 3331.295 3.447 49.697 34.298 51.949 4.361 4.2031 3.8031 23.7735 25.0554 24.7254 15.9353 4.3466 9.9718 11.5964 8.106 8.1681918757 24.7254
2016-08-30 18:57:31.986000 3393.567 3.519 49.68 34.18 51.927 4.358 4.1693 3.7943 23.769 25.1977 24.7055 15.9158 4.3435 10.2572 11.8498 8.101 8.39245374829 24.7055
2016-08-30 18:58:34.320000 3455.901 3.425 49.661 33.449 51.916 4.356 4.1425 3.7887 23.7649 25.3088 24.6866 15.8976 4.3416 10.5235 12.0837 8.098 8.34760137377 24.6866
2016-08-30 18:59:36.632000 3518.213 3.402 49.644 33.631 51.901 4.354 4.1201 3.7838 23.7633 25.4054 24.6685 15.8807 4.3389 10.7742 12.296 8.095 8.88499936803 24.6685
2016-08-30 19:00:38.992000 3580.573 3.486 49.626 34.239 51.88 4.353 4.1011 3.7802 23.7611 25.4827 24.6519 15.8647 4.3381 11.0095 12.5125 8.093 8.78371329388 24.6519
2016-08-30 19:01:41.394000 3642.975 3.447 49.611 33.412 51.867 4.353 4.0847 3.7767 23.7593 25.5459 24.6366 15.8494 4.3369 11.231 12.7026 8.091 8.93564240511 24.6366
2016-08-30 19:02:43.919000 3705.5 3.378 49.595 34.174 51.848 4.352 4.0707 3.7732 21.9737 23.6277 24.6219 15.8351 4.336 11.4466 12.8898 8.089 8.7330702568 24.6219
2016-08-30 19:03:46.404000 3767.985 3.604 49.579 33.713 51.833 4.35 4.0583 3.7686 19.2606 21.4605 24.6088 15.8215 4.3345 11.6447 13.0627 8.087 9.49389210497 24.6088
2016-08-30 19:04:48.921000 3830.502 3.367 49.562 33.86 51.818 4.348 4.0539 3.7643 16.4404 19.5814 24.5949 15.8088 4.331 11.8386 13.2233 8.084 9.09783656199 24.5949
2016-08-30 19:05:51.470000 3893.051 3.555 49.55 33.98 51.806 4.346 4.1334 3.7592 13.5771 17.6557 24.584 15.7966 4.3292 12.027 13.3794 8.082 9.80661614086 24.584
2016-08-30 19:06:54.038000 3955.619 3.377 49.538 33.466 51.791 4.339 4.4234 3.7506 11.1172 15.5736 24.5721 15.7848 4.322 12.2006 13.5369 8.078 9.49389210497 24.5721
2016-08-30 19:07:56.617000 4018.198 3.599 49.524 33.686 51.78 4.337 4.6044 3.7526 8.9411 13.4803 24.5616 15.7736 4.3191 12.3735 13.6858 8.074 9.61858680137 24.5616
2016-08-30 19:08:59.294000 4080.875 3.373 49.511 33.763 51.768 4.336 4.7171 3.795 7.0612 11.6311 24.5525 15.7628 4.3187 12.5356 13.8253 8.072 9.21099528855 24.5525
2016-08-30 19:10:01.945000 4143.526 3.544 49.499 34.011 51.757 4.334 4.8091 3.8938 5.6549 9.9503 24.5427 15.7528 4.3169 12.6949 13.9592 8.07 9.99464548035 24.5427
2016-08-30 19:11:04.677000 4206.258 3.371 49.49 34.078 51.743 4.334 4.8886 4.0013 4.7547 8.3776 24.5345 15.7433 4.3162 12.8494 14.0912 8.068 9.74393969436 24.5345
2016-08-30 19:12:07.440000 4269.021 3.565 49.479 33.876 51.734 4.333 4.96 4.0976 4.3151 7.0863 24.5258 15.7342 4.3156 12.9978 14.2062 8.066 10.2694749088 24.5258
2016-08-30 19:13:10.266000 4331.847 3.401 49.474 34.153 51.723 4.333 5.0238 4.1783 4.1474 6.2084 24.5175 15.7254 4.3149 13.137 14.3365 8.065 9.3807333784 24.5175
2016-08-30 19:14:13.080000 4394.661 3.384 49.462 33.638 51.714 4.333 5.081 4.2446 4.0902 5.6414 24.5108 15.7172 4.3157 13.2776 14.4537 8.063 10.2006359338 24.5108
2016-08-30 19:15:15.966000 4457.547 3.51 49.452 34.116 51.704 4.333 5.1335 4.2999 4.0716 5.2837 24.5036 15.709 4.3154 13.4022 14.572 8.063 10.2694749088 24.5036
2016-08-30 19:16:18.946000 4520.527 3.364 49.443 33.963 51.695 4.333 5.1816 4.3448 4.0653 5.0637 24.4979 15.7012 4.3146 13.5377 14.683 8.061 9.55591035487 24.4979
2016-08-30 19:17:21.934000 4583.515 3.42 49.436 33.4 51.687 4.333 5.2252 4.3818 4.0631 4.9208 24.4914 15.6941 4.3152 13.667 14.7809 8.06 10.407152859 24.4914
2016-08-30 19:18:24.928000 4646.509 3.6 49.426 33.701 51.677 4.333 5.2651 4.4122 4.0616 4.8221 24.4858 15.6868 4.313 13.7964 14.888 8.059 9.80661614086 24.4858
2016-08-30 19:19:27.987000 4709.568 3.603 49.418 34.154 51.666 4.334 5.3018 4.4371 4.0615 4.7527 24.4799 15.6801 4.3149 13.913 14.9867 8.059 10.3383138839 24.4799
2016-08-30 19:20:31.038000 4772.619 3.445 49.41 34.161 51.658 4.333 5.3358 4.4575 4.0614 4.7031 24.4752 15.6732 4.3146 14.0373 15.0829 8.057 10.1317969587 24.4752
2016-08-30 19:21:34.119000 4835.7 3.389 49.401 33.531 51.65 4.333 5.3672 4.4742 4.0609 4.6671 24.47 15.6666 4.3152 14.1445 15.1821 8.056 10.5490013431 24.47
2016-08-30 19:22:37.243000 4898.824 3.581 49.393 33.517 51.641 4.334 5.3963 4.4878 4.061 4.6416 24.4659 15.6604 4.3148 14.2565 15.2693 8.056 10.2006359338 24.4659
2016-08-30 19:23:40.412000 4961.993 3.514 49.386 34.095 51.634 4.333 5.4229 4.4988 4.0605 4.6231 24.4609 15.6542 4.3144 14.3706 15.3572 8.055 10.2006359338 24.4609
2016-08-30 19:24:43.587000 5025.168 3.522 49.382 34.028 51.63 4.333 5.4477 4.5074 4.0601 4.61 24.4567 15.6485 4.3139 14.4799 15.4499 8.054 10.699487239 24.4567
2016-08-30 19:25:46.851000 5088.432 3.367 49.374 34.003 51.623 4.333 5.4708 4.5141 4.0597 4.6005 24.4525 15.6419 4.314 14.5965 15.5309 8.053 10.2006359338 24.4525
2016-08-30 19:26:50.096000 5151.677 3.371 49.368 34.058 51.615 4.333 5.4923 4.5189 4.06 4.5942 24.4481 15.6363 4.3145 14.6924 15.6137 8.052 10.774730187 24.4481
2016-08-30 19:27:53.397000 5214.978 3.407 49.36 33.411 51.609 4.333 5.5121 4.5228 4.06 4.5894 24.4447 15.6307 4.3137 14.7886 15.6977 8.052 10.3383138839 24.4447
2016-08-30 19:28:56.734000 5278.315 3.402 49.355 33.474 51.601 4.332 5.5309 4.5256 4.0596 4.5851 24.4408 15.6249 4.3131 14.8907 15.7715 8.05 10.9252160829 24.4408
2016-08-30 19:30:00.075000 5341.656 3.396 49.35 33.508 51.597 4.332 5.5486 4.5273 4.0591 4.5823 24.4368 15.6194 4.3128 14.9849 15.859 8.049 10.2694749088 24.4368
2016-08-30 19:31:03.485000 5405.066 3.392 49.344 33.473 51.597 4.332 5.5649 4.5283 4.0589 4.5805 24.4328 15.614 4.3127 15.0825 15.9311 8.049 10.699487239 24.4328
2016-08-30 19:32:06.947000 5468.528 3.395 49.338 33.53 51.586 4.333 5.5806 4.5282 4.0593 4.5793 24.4296 15.6084 4.3132 15.1752 16.0073 8.048 10.3383138839 24.4296
2016-08-30 19:33:10.431000 5532.012 3.597 49.333 33.714 51.576 4.332 5.5947 4.5277 4.0588 4.5781 24.4261 15.6035 4.3122 15.27 16.0746 8.048 11.4100246198 24.4261
2016-08-30 19:34:13.964000 5595.545 3.578 49.328 33.809 51.572 4.332 5.608 4.5264 4.0583 4.5774 24.4226 15.5984 4.3119 15.3602 16.1408 8.047 10.774730187 24.4226
2016-08-30 19:35:17.479000 5659.06 3.575 49.323 33.824 51.568 4.332 5.6203 4.5249 4.0584 4.5769 24.4185 15.5933 4.3119 15.4464 16.2143 8.046 10.699487239 24.4185
2016-08-30 19:36:21.059000 5722.64 3.427 49.317 33.342 51.562 4.332 5.6321 4.5232 4.0587 4.5766 24.415 15.5882 4.3127 15.5374 16.2769 8.045 11.3281196306 24.415
2016-08-30 19:37:24.656000 5786.237 3.412 49.312 33.357 51.557 4.332 5.6433 4.5213 4.0585 4.5763 24.4116 15.5831 4.3126 15.613 16.3501 8.045 11.2462146413 24.4116
2016-08-30 19:38:28.297000 5849.878 3.415 49.307 33.347 51.553 4.333 5.6534 4.5186 4.059 4.5762 24.4088 15.5781 4.3132 15.6951 16.419 8.045 10.2694749088 24.4088
