2016-12-05 00:01:22.874000 221209.519 3.554 49.543 33.611 51.772 4.073 3.6858 3.4955 27.8218 26.7431 4.6453 4.236 3.915 5.1172 4.9846 7.894 13.51141853 5.2965
2016-12-05 00:02:59.943000 221306.587 3.545 49.537 33.412 51.767 4.073 3.6869 3.4954 27.821 26.7392 4.6451 4.2364 3.9152 5.1175 4.9848 7.894 13.905320694 5.2963
2016-12-05 00:04:39.156000 221405.8 3.358 49.534 33.349 51.763 4.032 3.6863 3.4961 27.8207 26.7392 4.6447 4.2363 3.9151 5.1162 4.9837 7.894 14.0039859471 5.296
2016-12-05 00:06:16.605000 221503.249 3.406 49.534 34.037 51.765 4.051 3.6861 3.4957 27.821 26.7438 4.6444 4.2363 3.9152 5.116 4.9835 7.894 13.6591318415 5.2955
2016-12-05 00:07:54.058000 221600.702 3.546 49.531 33.417 51.762 4.073 3.6867 3.4949 27.821 26.7398 4.644 4.2364 3.9149 5.1149 4.9827 7.894 13.7576073825 5.2946
2016-12-05 00:09:33.568000 221700.212 3.367 49.532 34.04 51.761 4.073 3.6853 3.4949 27.8165 26.7435 4.6437 4.236 3.9141 5.1144 4.9822 7.893 14.3141761443 5.294
2016-12-05 00:11:11.028000 221797.672 3.559 49.528 33.46 51.757 4.074 3.6865 3.4959 27.8218 26.7438 4.6433 4.2364 3.9155 5.1144 4.9813 7.893 13.5606563005 5.2923
2016-12-05 00:12:48.544000 221895.188 3.342 49.526 33.551 51.756 3.851 3.6858 3.495 27.8176 26.7422 4.6431 4.2365 3.9143 5.1122 4.9806 7.893 14.3141761443 5.2918
2016-12-05 00:14:27.836000 221994.48 3.559 49.525 33.564 51.752 4.068 3.6856 3.4954 27.8176 26.743 4.6427 4.236 3.9146 5.1129 4.9799 7.892 14.2624777781 5.2908
2016-12-05 00:16:05.329000 222091.973 3.348 49.524 33.463 51.751 4.073 3.6856 3.4955 27.8207 26.7431 4.6423 4.2358 3.9145 5.1123 4.9796 7.892 13.609894071 5.2909
2016-12-05 00:17:44.833000 222191.477 3.543 49.521 33.672 51.748 4.072 3.6855 3.4942 27.8199 26.7435 4.6419 4.2358 3.9139 5.1112 4.9784 7.892 14.2107794119 5.2895
2016-12-05 00:19:22.390000 222289.034 3.368 49.518 33.359 51.747 4.073 3.6855 3.4954 27.8199 26.7431 4.6416 4.2361 3.9152 5.1101 4.9776 7.892 13.9545584646 5.2891
2016-12-05 00:20:59.981000 222386.625 3.39 49.517 34.032 51.747 4.073 3.6865 3.4955 27.8199 26.7392 4.6412 4.236 3.9145 5.11 4.9777 7.892 13.806845153 5.2884
2016-12-05 00:22:39.820000 222486.464 3.333 49.517 33.899 51.746 4.074 3.6863 3.4953 27.8171 26.742 4.6409 4.2363 3.9154 5.1088 4.977 7.892 14.1073826795 5.2881
2016-12-05 00:24:17.132000 222583.776 3.529 49.514 33.75 51.743 4.074 3.6863 3.496 27.821 26.743 4.6406 4.2366 3.9152 5.1087 4.9759 7.892 14.1590810457 5.2881
2016-12-05 00:25:54.524000 222681.168 3.381 49.511 33.247 51.738 4.074 3.6869 3.4966 27.8182 26.7422 4.6402 4.2369 3.9161 5.1085 4.976 7.892 13.8560829235 5.2864
2016-12-05 00:27:34.349000 222780.993 3.497 49.508 33.903 51.737 4.074 3.6869 3.4957 27.8207 26.7444 4.64 4.2372 3.9157 5.1072 4.9746 7.892 13.609894071 5.2862
2016-12-05 00:29:11.761000 222878.405 3.413 49.509 33.199 51.736 3.713 3.6866 3.4947 27.8218 26.743 4.6396 4.2368 3.9149 5.1069 4.9739 7.891 13.9545584646 5.2857
2016-12-05 00:30:49.352000 222975.996 3.345 49.506 33.946 51.733 3.909 3.6861 3.4953 27.8203 26.7438 4.6393 4.2363 3.9152 5.1064 4.974 7.891 14.2107794119 5.2836
2016-12-05 00:32:29.149000 223075.793 3.335 49.504 33.65 51.733 3.53 3.6862 3.496 27.8213 26.7438 4.6389 4.2364 3.915 5.1056 4.9725 7.891 13.5606563005 5.284
2016-12-05 00:34:06.737000 223173.381 3.492 49.503 33.917 51.729 4.074 3.687 3.4961 27.8171 26.7425 4.6385 4.2365 3.9161 5.1053 4.9726 7.891 13.609894071 5.2829
2016-12-05 00:35:44.439000 223271.083 3.334 49.504 33.189 51.729 3.963 3.6868 3.4963 27.8207 26.7425 4.6382 4.2366 3.9156 5.1039 4.9712 7.891 14.1590810457 5.2826
2016-12-05 00:37:24.132000 223370.776 3.545 49.499 33.383 51.727 4.075 3.6882 3.4974 27.8218 26.7398 4.6377 4.2371 3.9164 5.1038 4.9711 7.891 14.0556843133 5.2821
2016-12-05 00:39:01.823000 223468.467 3.334 49.5 33.677 51.726 4.074 3.6865 3.4962 27.8228 26.7422 4.6374 4.2371 3.9155 5.1034 4.9708 7.891 13.708369612 5.2813
2016-12-05 00:40:41.541000 223568.185 3.361 49.499 33.359 51.727 4.005 3.6871 3.4972 27.8218 26.7431 4.6372 4.2367 3.9161 5.1034 4.9696 7.89 14.1590810457 5.2805
2016-12-05 00:42:19.238000 223665.882 3.423 49.499 34.03 51.724 4.075 3.6875 3.497 27.8213 26.7425 4.6369 4.2371 3.9169 5.1015 4.9691 7.891 13.6591318415 5.2789
2016-12-05 00:43:56.909000 223763.553 3.344 49.498 33.515 51.724 3.913 3.6875 3.4965 27.8221 26.7438 4.6365 4.2369 3.9156 5.1012 4.9682 7.89 13.905320694 5.2789
2016-12-05 00:45:36.492000 223863.136 3.559 49.497 33.58 51.722 4.074 3.6868 3.4957 27.8168 26.7389 4.6362 4.237 3.916 5.1 4.9684 7.89 13.609894071 5.2784
2016-12-05 00:47:14.249000 223960.893 3.35 49.496 33.462 51.721 3.877 3.6867 3.4963 27.8218 26.7431 4.6359 4.237 3.9155 5.1004 4.9674 7.89 13.806845153 5.2773
2016-12-05 00:48:51.982000 224058.626 3.556 49.497 33.452 51.72 4.073 3.686 3.4954 27.8161 26.7431 4.6354 4.2365 3.9151 5.0992 4.9672 7.89 13.6591318415 5.2773
2016-12-05 00:50:31.823000 224158.467 3.536 49.494 33.708 51.72 4.073 3.686 3.4953 27.8203 26.7435 4.6352 4.2364 3.9149 5.0979 4.9666 7.889 13.4640485411 5.2757
2016-12-05 00:52:09.617000 224256.261 3.38 49.492 33.232 51.718 4.072 3.6853 3.4942 27.8176 26.743 4.6347 4.2359 3.9135 5.0974 4.9661 7.889 14.2107794119 5.2753
2016-12-05 00:53:49.262000 224355.906 3.452 49.492 33.864 51.717 4.06 3.6843 3.4933 27.821 26.7431 4.6342 4.2353 3.913 5.0975 4.9649 7.888 14.1073826795 5.2752
2016-12-05 00:55:27.120000 224453.764 3.333 49.49 33.862 51.716 4.071 3.6847 3.4936 27.8213 26.7386 4.6337 4.235 3.9127 5.0969 4.9651 7.888 13.5606563005 5.2737
2016-12-05 00:57:04.892000 224551.536 3.407 49.49 33.185 51.715 4.071 3.6844 3.4941 27.8207 26.7422 4.6332 4.2348 3.9135 5.096 4.964 7.888 14.1590810457 5.2736
2016-12-05 00:58:44.702000 224651.346 3.524 49.489 33.95 51.713 3.669 3.6846 3.4943 27.8221 26.7431 4.6329 4.2347 3.9138 5.0947 4.964 7.888 13.609894071 5.2727
2016-12-05 01:00:22.488000 224749.132 3.332 49.486 33.712 51.711 4.037 3.6843 3.4933 27.8203 26.7425 4.6324 4.2349 3.9132 5.0952 4.9627 7.888 13.7576073825 5.2725
2016-12-05 01:02:02.416000 224849.06 3.353 49.485 33.413 51.709 4.064 3.6856 3.4956 27.8218 26.743 4.632 4.235 3.9145 5.0941 4.9618 7.888 13.806845153 5.2723
2016-12-05 01:03:40.233000 224946.877 3.558 49.487 33.468 51.711 4.071 3.6844 3.4932 27.8218 26.743 4.6316 4.2347 3.9115 5.0931 4.962 7.887 13.9545584646 5.2701
2016-12-05 01:05:17.902000 225044.546 3.346 49.483 33.511 51.708 4.067 3.6868 3.4956 27.8235 26.7435 4.6312 4.2349 3.9155 5.0933 4.9603 7.888 14.2107794119 5.2693
2016-12-05 01:07:01.828000 225148.472 3.382 49.481 34.022 51.704 4.048 3.6858 3.4956 27.8213 26.7431 4.631 4.2359 3.9152 5.092 4.9603 7.888 13.905320694 5.27
2016-12-05 01:08:39.749000 225246.393 3.364 49.478 33.379 51.704 4.074 3.687 3.4969 27.8176 26.744 4.6307 4.236 3.9163 5.0921 4.9591 7.888 13.7576073825 5.2684
2016-12-05 01:10:17.250000 225343.894 3.362 49.476 33.991 51.701 4.074 3.6871 3.497 27.8221 26.7444 4.6305 4.2365 3.916 5.0914 4.9581 7.889 14.2624777781 5.2679
2016-12-05 01:11:57.259000 225443.903 3.335 49.476 33.86 51.701 4.074 3.6874 3.4961 27.821 26.7395 4.6301 4.2364 3.9163 5.0905 4.9578 7.888 13.609894071 5.2673
2016-12-05 01:13:35.294000 225541.938 3.415 49.472 33.174 51.699 4.075 3.6871 3.4968 27.8192 26.744 4.6299 4.2366 3.9161 5.0899 4.9572 7.888 14.1590810457 5.2667
2016-12-05 01:15:15.161000 225641.805 3.511 49.472 33.321 51.697 4.075 3.6881 3.4974 27.8218 26.7395 4.6296 4.2368 3.9166 5.0898 4.9574 7.888 13.4172424801 5.2658
2016-12-05 01:16:53.148000 225739.792 3.47 49.47 33.966 51.697 4.075 3.6874 3.4974 27.8224 26.7435 4.6292 4.237 3.9166 5.089 4.9561 7.888 14.1073826795 5.2645
2016-12-05 01:18:30.935000 225837.579 3.557 49.47 33.375 51.695 4.075 3.6875 3.497 27.8179 26.7431 4.629 4.2369 3.9159 5.0886 4.9563 7.888 13.8560829235 5.2649
2016-12-05 01:20:10.960000 225937.604 3.551 49.468 33.62 51.693 3.858 3.6872 3.4967 27.8207 26.7447 4.6288 4.2369 3.9165 5.0872 4.9558 7.888 13.4640485411 5.2631
2016-12-05 01:21:48.930000 226035.574 3.371 49.466 33.979 51.689 4.076 3.6883 3.4978 27.8179 26.7425 4.6285 4.2371 3.9178 5.0865 4.9542 7.888 13.806845153 5.2629
2016-12-05 01:23:26.963000 226133.607 3.372 49.465 33.337 51.691 4.076 3.6888 3.4975 27.8218 26.744 4.6282 4.2375 3.9174 5.0859 4.9534 7.888 14.0039859471 5.2629
2016-12-05 01:25:07.003000 226233.647 3.407 49.465 33.18 51.691 3.886 3.6873 3.4966 27.8171 26.7435 4.6279 4.2372 3.9157 5.0853 4.953 7.887 14.1590810457 5.2618
2016-12-05 01:26:44.937000 226331.581 3.489 49.465 33.908 51.69 3.871 3.6884 3.4976 27.8221 26.7444 4.6275 4.2368 3.9166 5.0848 4.9524 7.887 13.7576073825 5.2605
2016-12-05 01:28:25.079000 226431.723 3.557 49.465 34.011 51.688 4.075 3.6874 3.4968 27.8176 26.7457 4.6273 4.2369 3.9168 5.0842 4.9521 7.887 14.1073826795 5.2603
2016-12-05 01:30:03.130000 226529.774 3.395 49.465 34.017 51.69 4.074 3.6874 3.496 27.8213 26.7438 4.627 4.2368 3.9158 5.0832 4.951 7.887 13.4172424801 5.2597
2016-12-05 01:31:41.198000 226627.842 3.358 49.466 33.421 51.688 4.074 3.6867 3.4963 27.8218 26.7438 4.6267 4.2365 3.916 5.0826 4.9512 7.887 14.1073826795 5.2591
2016-12-05 01:33:21.498000 226728.142 3.336 49.463 33.181 51.688 4.075 3.6879 3.4977 27.8224 26.7411 4.6262 4.2368 3.9167 5.0811 4.9497 7.887 13.4640485411 5.2589
2016-12-05 01:34:59.185000 226825.829 3.517 49.463 33.754 51.686 4.076 3.6881 3.498 27.8221 26.744 4.6259 4.2372 3.9174 5.0813 4.9496 7.887 14.0556843133 5.2562
2016-12-05 01:36:37.270000 226923.914 3.338 49.461 33.886 51.685 4.076 3.6888 3.4983 27.8186 26.744 4.6256 4.2375 3.9175 5.0811 4.9485 7.888 14.2624777781 5.257
2016-12-05 01:38:17.660000 227024.304 3.433 49.461 34.009 51.685 3.981 3.6881 3.498 27.8235 26.7447 4.6253 4.2376 3.9171 5.0795 4.9493 7.887 13.8560829235 5.2554
2016-12-05 01:39:55.637000 227122.281 3.349 49.462 33.464 51.687 4.062 3.6869 3.4956 27.8218 26.7435 4.625 4.2373 3.9148 5.0803 4.9476 7.887 13.4172424801 5.2563
2016-12-05 01:41:36.077000 227222.721 3.34 49.462 33.935 51.686 4.075 3.6882 3.4973 27.8224 26.7438 4.6245 4.2369 3.9163 5.0798 4.9468 7.887 13.9545584646 5.2553
2016-12-05 01:43:14.300000 227320.944 3.382 49.462 33.238 51.688 4.075 3.6873 3.4974 27.8199 26.7444 4.6243 4.2368 3.9165 5.078 4.9465 7.887 13.5606563005 5.2543
2016-12-05 01:44:52.298000 227418.942 3.556 49.464 33.602 51.687 4.075 3.6875 3.4969 27.8161 26.7435 4.624 4.2369 3.9164 5.0777 4.9454 7.887 14.2107794119 5.2531
2016-12-05 01:46:32.483000 227519.127 3.491 49.464 33.23 51.688 4.075 3.6873 3.4969 27.8224 26.744 4.6233 4.2367 3.9155 5.0771 4.9448 7.886 13.4172424801 5.253
2016-12-05 01:48:10.502000 227617.146 3.498 49.467 33.879 51.691 4.073 3.6857 3.4941 27.821 26.7444 4.6232 4.236 3.914 5.0765 4.9449 7.885 14.1073826795 5.2516
2016-12-05 01:49:48.746000 227715.39 3.333 49.466 33.759 51.689 4.072 3.6864 3.4955 27.8179 26.7404 4.6227 4.2356 3.9151 5.0765 4.9447 7.886 13.4640485411 5.2513
2016-12-05 01:51:28.830000 227815.474 3.366 49.464 33.322 51.69 3.913 3.6857 3.4954 27.821 26.7457 4.6224 4.2358 3.9152 5.0767 4.9434 7.886 14.0039859471 5.2514
2016-12-05 01:53:07.094000 227913.738 3.38 49.469 33.284 51.692 4.074 3.6868 3.4964 27.8176 26.7444 4.6219 4.2359 3.916 5.0747 4.9421 7.886 13.4172424801 5.2499
2016-12-05 01:54:47.334000 228013.978 3.442 49.469 33.205 51.693 4.056 3.6864 3.4959 27.8228 26.7447 4.6214 4.2359 3.9152 5.0742 4.9419 7.886 14.0039859471 5.2495
2016-12-05 01:56:25.579000 228112.223 3.487 49.468 33.223 51.691 4.074 3.687 3.4962 27.8213 26.7449 4.6212 4.236 3.9156 5.0734 4.9421 7.886 13.8560829235 5.2498
2016-12-05 01:58:03.815000 228210.459 3.478 49.472 33.959 51.694 4.071 3.6854 3.495 27.8176 26.7413 4.6208 4.2354 3.9139 5.0734 4.9415 7.886 13.51141853 5.2482
2016-12-05 01:59:44.179000 228310.823 3.557 49.472 33.586 51.693 4.073 3.6858 3.4952 27.8218 26.7447 4.6202 4.2355 3.9149 5.0724 4.9395 7.886 13.708369612 5.2477
2016-12-05 02:01:22.514000 228409.158 3.544 49.474 33.668 51.699 3.966 3.6862 3.495 27.821 26.7459 4.62 4.2355 3.9148 5.0722 4.9397 7.886 13.8560829235 5.2463
2016-12-05 02:03:00.760000 228507.404 3.349 49.473 33.972 51.699 4.074 3.6866 3.4957 27.8228 26.7401 4.6195 4.2358 3.9156 5.0718 4.9385 7.887 13.4172424801 5.2452
2016-12-05 02:04:40.896000 228607.54 3.46 49.475 33.992 51.7 4.073 3.6849 3.4946 27.8239 26.7449 4.6192 4.2353 3.914 5.0707 4.9381 7.886 13.6591318415 5.245
2016-12-05 02:06:19.271000 228705.915 3.453 49.477 33.709 51.701 4.072 3.685 3.4947 27.8176 26.7444 4.6186 4.2351 3.9141 5.0702 4.9379 7.886 14.0039859471 5.2439
2016-12-05 02:07:59.670000 228806.314 3.36 49.478 34.025 51.702 4.072 3.6854 3.4952 27.8221 26.7447 4.6183 4.2349 3.914 5.0695 4.9366 7.886 13.370436419 5.2438
2016-12-05 02:09:37.827000 228904.471 3.354 49.48 33.98 51.704 4.069 3.6847 3.494 27.8218 26.7447 4.6179 4.2344 3.9134 5.0683 4.9358 7.886 14.0556843133 5.2432
2016-12-05 02:11:16.132000 229002.776 3.375 49.482 33.273 51.706 3.712 3.6853 3.4947 27.8186 26.744 4.6175 4.2345 3.9138 5.0679 4.935 7.886 13.4640485411 5.2434
2016-12-05 02:12:56.399000 229103.043 3.333 49.484 33.743 51.709 4.071 3.6841 3.4931 27.821 26.7457 4.617 4.2343 3.9128 5.0673 4.9353 7.886 13.4172424801 5.2417
2016-12-05 02:14:34.791000 229201.435 3.336 49.483 33.654 51.707 4.073 3.686 3.4948 27.8218 26.7457 4.6166 4.2347 3.9148 5.0667 4.9334 7.887 13.9545584646 5.2417
2016-12-05 02:16:15.126000 229301.77 3.362 49.485 33.361 51.709 3.947 3.6871 3.497 27.8221 26.7459 4.6163 4.2351 3.9155 5.0657 4.9344 7.887 13.4640485411 5.2405
2016-12-05 02:17:53.552000 229400.196 3.373 49.484 33.332 51.71 4.074 3.6868 3.4967 27.8213 26.7453 4.616 4.2355 3.9157 5.0654 4.9332 7.887 14.1590810457 5.2386
2016-12-05 02:19:31.655000 229498.299 3.374 49.489 33.565 51.713 4.073 3.6854 3.4943 27.8199 26.7462 4.6158 4.2352 3.9144 5.0659 4.9319 7.887 13.51141853 5.2381
2016-12-05 02:21:12.163000 229598.807 3.336 49.489 33.196 51.714 4.074 3.6874 3.4966 27.8221 26.7459 4.6154 4.2353 3.9156 5.0643 4.9313 7.887 13.708369612 5.2386
2016-12-05 02:22:50.451000 229697.095 3.473 49.492 33.28 51.718 4.067 3.6848 3.4944 27.8213 26.7449 4.615 4.2352 3.9137 5.0641 4.9314 7.887 13.9545584646 5.2374
2016-12-05 02:24:31.068000 229797.712 3.392 49.493 33.217 51.72 3.746 3.6858 3.4949 27.8182 26.7459 4.6147 4.2348 3.9143 5.0633 4.9308 7.887 13.4640485411 5.2368
2016-12-05 02:26:09.602000 229896.246 3.408 49.496 33.2 51.722 4.072 3.6861 3.4947 27.8213 26.7413 4.6143 4.2348 3.914 5.0616 4.9297 7.887 13.905320694 5.2362
2016-12-05 02:27:48.108000 229994.752 3.33 49.499 33.209 51.724 4.071 3.685 3.4941 27.8221 26.7453 4.614 4.2344 3.9129 5.0618 4.9295 7.887 13.4172424801 5.2362
2016-12-05 02:29:28.691000 230095.335 3.41 49.501 34.04 51.73 3.604 3.6848 3.4933 27.8199 26.7466 4.6136 4.2341 3.9132 5.0618 4.9291 7.887 14.0556843133 5.2346
2016-12-05 02:31:07.273000 230193.917 3.381 49.504 34.028 51.73 4.073 3.6856 3.4945 27.8182 26.7459 4.6132 4.234 3.9141 5.0601 4.9285 7.888 13.4172424801 5.2343
2016-12-05 02:32:47.874000 230294.518 3.49 49.51 33.891 51.732 4.072 3.6841 3.4937 27.821 26.7459 4.6127 4.234 3.9129 5.0595 4.9279 7.888 13.8560829235 5.2329
2016-12-05 02:34:26.432000 230393.076 3.444 49.508 34.026 51.735 3.891 3.6839 3.4929 27.8224 26.7462 4.6122 4.2337 3.9128 5.0588 4.9266 7.888 13.6591318415 5.2321
2016-12-05 02:36:07.048000 230493.692 3.524 49.51 33.774 51.738 4.073 3.6852 3.4948 27.8182 26.7477 4.612 4.2338 3.9144 5.058 4.9269 7.888 13.7576073825 5.2319
2016-12-05 02:37:45.368000 230592.012 3.507 49.512 33.808 51.74 4.072 3.685 3.4937 27.821 26.7468 4.6115 4.2341 3.9134 5.0576 4.9257 7.888 13.9545584646 5.2309
2016-12-05 02:39:23.910000 230690.554 3.491 49.515 33.926 51.743 4.072 3.6844 3.4939 27.8235 26.7468 4.6112 4.2339 3.9131 5.0567 4.9246 7.889 13.51141853 5.2308
2016-12-05 02:41:04.369000 230791.013 3.559 49.517 33.553 51.744 3.951 3.6841 3.4939 27.8176 26.7462 4.6108 4.2339 3.9129 5.0573 4.9244 7.889 13.370436419 5.2301
2016-12-05 02:42:42.882000 230889.526 3.559 49.521 33.566 51.748 4.072 3.6842 3.4937 27.8207 26.7431 4.6104 4.2336 3.913 5.0559 4.9234 7.889 14.0039859471 5.2284
2016-12-05 02:44:23.822000 230990.466 3.333 49.521 33.717 51.748 4.072 3.6852 3.4951 27.8232 26.7466 4.61 4.2342 3.9142 5.0556 4.9235 7.89 13.370436419 5.2286
2016-12-05 02:46:02.512000 231089.156 3.44 49.525 33.696 51.751 4.071 3.684 3.4936 27.8232 26.7462 4.6096 4.2339 3.9131 5.0553 4.9222 7.889 14.0039859471 5.2274
2016-12-05 02:47:40.812000 231187.456 3.337 49.52 33.653 51.753 4.071 3.6842 3.4935 27.8218 26.7459 4.6092 4.2336 3.9131 5.054 4.9215 7.889 13.5606563005 5.2264
2016-12-05 02:49:22.822000 231289.466 3.33 49.526 33.844 51.754 4.071 3.6839 3.4929 27.821 26.7462 4.609 4.2335 3.9129 5.053 4.921 7.89 13.905320694 5.226
2016-12-05 02:51:01.988000 231388.632 3.547 49.529 33.979 51.756 4.072 3.6839 3.4929 27.8224 26.7453 4.6085 4.2332 3.9131 5.0532 4.9203 7.89 13.5606563005 5.2267
2016-12-05 02:52:41.487000 231488.131 3.352 49.53 33.421 51.758 4.07 3.6829 3.4921 27.821 26.7457 4.608 4.233 3.9117 5.0523 4.9194 7.89 13.4172424801 5.2251
2016-12-05 02:54:23.481000 231590.125 3.427 49.531 33.593 51.758 4.07 3.6832 3.4925 27.8224 26.7457 4.6076 4.2326 3.9119 5.0516 4.9188 7.889 13.7576073825 5.2233
2016-12-05 02:56:03.085000 231689.729 3.375 49.537 33.306 51.761 4.07 3.6828 3.4927 27.8232 26.7462 4.6072 4.2322 3.9116 5.0505 4.9184 7.889 13.3236303579 5.2237
2016-12-05 02:57:44.888000 231791.532 3.345 49.532 33.393 51.761 3.984 3.6824 3.492 27.8213 26.7449 4.6067 4.2323 3.911 5.0493 4.9185 7.889 13.9545584646 5.2229
2016-12-05 02:59:24.465000 231891.109 3.54 49.532 33.687 51.761 4.058 3.6835 3.4917 27.8218 26.7459 4.6063 4.2322 3.9119 5.0501 4.9174 7.89 13.5606563005 5.222
2016-12-05 03:01:03.277000 231989.921 3.526 49.53 33.76 51.762 4.071 3.6843 3.4933 27.8218 26.7453 4.6059 4.2323 3.9125 5.0497 4.916 7.89 13.4640485411 5.2212
2016-12-05 03:02:44.161000 232090.805 3.345 49.527 33.509 51.756 3.899 3.684 3.4932 27.8218 26.7457 4.6056 4.2333 3.9129 5.0477 4.9155 7.891 13.9545584646 5.2202
2016-12-05 03:04:22.971000 232189.615 3.382 49.527 34.047 51.756 4.072 3.6846 3.4934 27.8228 26.7462 4.6054 4.2334 3.9131 5.0482 4.9145 7.891 13.370436419 5.2191
2016-12-05 03:06:03.952000 232290.596 3.456 49.529 33.257 51.756 4.072 3.6845 3.4935 27.8213 26.7411 4.6049 4.2333 3.9137 5.0471 4.9139 7.891 13.609894071 5.219
2016-12-05 03:07:42.514000 232389.158 3.474 49.529 33.27 51.756 4.049 3.6859 3.4945 27.8224 26.7449 4.6045 4.2335 3.9144 5.046 4.914 7.891 13.370436419 5.2186
2016-12-05 03:09:21.271000 232487.915 3.513 49.53 33.348 51.757 4.071 3.6849 3.4939 27.8221 26.7459 4.6043 4.2335 3.913 5.0455 4.9119 7.891 13.905320694 5.2186
2016-12-05 03:11:02.246000 232588.89 3.339 49.527 33.992 51.756 4.072 3.6842 3.4935 27.8218 26.7459 4.604 4.2336 3.9132 5.0446 4.9119 7.891 13.8560829235 5.2171
2016-12-05 03:12:41.151000 232687.795 3.509 49.531 33.844 51.759 4.072 3.6847 3.4939 27.8224 26.7453 4.6037 4.2335 3.9139 5.0447 4.9117 7.891 13.4640485411 5.2159
2016-12-05 03:14:21.929000 232788.573 3.35 49.533 33.451 51.756 4.072 3.6852 3.494 27.8221 26.7416 4.6033 4.2337 3.9143 5.0442 4.9107 7.891 13.8560829235 5.2157
2016-12-05 03:16:00.829000 232887.473 3.357 49.53 34.025 51.759 4.07 3.6844 3.4927 27.8221 26.7416 4.603 4.2334 3.9123 5.043 4.9101 7.891 13.708369612 5.2147
2016-12-05 03:17:41.337000 232987.981 3.474 49.534 33.985 51.759 4.072 3.6843 3.4936 27.8239 26.7457 4.6027 4.2334 3.9134 5.0422 4.9102 7.891 13.9545584646 5.2143
2016-12-05 03:19:20.110000 233086.754 3.467 49.531 33.995 51.76 4.072 3.6846 3.4933 27.8224 26.7468 4.6023 4.2335 3.9134 5.0412 4.9095 7.891 13.4640485411 5.2131
2016-12-05 03:20:59.078000 233185.722 3.544 49.53 33.407 51.761 4.071 3.6841 3.4929 27.8221 26.7449 4.602 4.2333 3.9125 5.0412 4.9099 7.891 13.905320694 5.213
2016-12-05 03:22:40.070000 233286.714 3.331 49.533 33.922 51.762 4.07 3.6833 3.4922 27.8218 26.7416 4.6014 4.2328 3.912 5.0406 4.9084 7.89 13.4172424801 5.2128
2016-12-05 03:24:19.001000 233385.645 3.481 49.533 33.951 51.761 4.072 3.6849 3.4944 27.8221 26.742 4.601 4.2331 3.9136 5.0407 4.9079 7.891 13.9545584646 5.2115
2016-12-05 03:26:00.029000 233486.673 3.385 49.525 33.272 51.761 4.073 3.6854 3.4949 27.8232 26.7459 4.6006 4.2335 3.9143 5.0392 4.9067 7.891 13.9545584646 5.211
2016-12-05 03:27:39.051000 233585.695 3.331 49.536 33.879 51.763 4.072 3.6846 3.4946 27.8235 26.7449 4.6003 4.2333 3.9137 5.038 4.9061 7.891 13.51141853 5.2096
2016-12-05 03:29:20.063000 233686.707 3.558 49.535 33.573 51.764 4.072 3.6845 3.493 27.8218 26.7466 4.5999 4.2335 3.913 5.0375 4.9062 7.891 13.370436419 5.2104
2016-12-05 03:30:59.023000 233785.667 3.382 49.532 33.29 51.762 4.072 3.6848 3.4939 27.8221 26.7466 4.5996 4.2332 3.9136 5.0369 4.9052 7.891 13.9545584646 5.2088
2016-12-05 03:32:37.875000 233884.519 3.333 49.537 33.891 51.763 4.071 3.6841 3.4934 27.8213 26.7471 4.5992 4.2329 3.9134 5.0369 4.904 7.891 13.51141853 5.2078
2016-12-05 03:34:19.011000 233985.655 3.558 49.534 33.506 51.766 4.048 3.6841 3.4935 27.8228 26.7422 4.5989 4.2329 3.9126 5.0355 4.904 7.891 13.3236303579 5.2062
2016-12-05 03:35:58.179000 234084.823 3.347 49.541 34.007 51.767 3.899 3.6831 3.4924 27.8192 26.743 4.5985 4.2325 3.9119 5.0353 4.9027 7.891 13.806845153 5.2071
2016-12-05 03:37:37.109000 234183.753 3.52 49.537 33.782 51.77 4.07 3.6831 3.4919 27.8232 26.7401 4.5981 4.2323 3.9122 5.0342 4.9027 7.891 13.3236303579 5.2058
2016-12-05 03:39:18.308000 234284.952 3.347 49.539 33.472 51.77 4.071 3.6834 3.4934 27.8224 26.7459 4.5977 4.2323 3.9123 5.0335 4.9019 7.891 13.8560829235 5.2052
2016-12-05 03:40:57.437000 234384.081 3.362 49.544 34.033 51.77 4.071 3.6846 3.4932 27.8235 26.7466 4.5973 4.2323 3.9133 5.0335 4.9009 7.891 13.4172424801 5.2057
2016-12-05 03:42:38.396000 234485.04 3.496 49.537 33.274 51.768 4.072 3.6837 3.4933 27.8218 26.7459 4.597 4.2328 3.913 5.0321 4.9001 7.892 14.0039859471 5.2036
2016-12-05 03:44:17.418000 234584.062 3.341 49.544 33.546 51.772 3.815 3.6841 3.4932 27.8228 26.7462 4.5966 4.2329 3.913 5.0315 4.9 7.892 13.2768242969 5.2025
2016-12-05 03:45:58.632000 234685.276 3.445 49.543 33.239 51.773 4.071 3.6835 3.4928 27.8182 26.7466 4.5962 4.2324 3.9128 5.0316 4.8992 7.891 13.708369612 5.2024
2016-12-05 03:47:37.606000 234784.25 3.337 49.546 33.588 51.773 4.07 3.6836 3.4921 27.8179 26.7459 4.596 4.2324 3.9121 5.031 4.8985 7.891 13.8560829235 5.202
2016-12-05 03:49:16.730000 234883.374 3.414 49.544 34.038 51.775 4.071 3.6841 3.4933 27.8189 26.7466 4.5957 4.2323 3.9127 5.0307 4.8985 7.892 13.370436419 5.2011
2016-12-05 03:50:57.927000 234984.571 3.33 49.549 33.21 51.775 4.068 3.6849 3.4932 27.8224 26.7425 4.5952 4.2325 3.913 5.0301 4.8984 7.892 13.9545584646 5.1999
2016-12-05 03:52:37.137000 235083.781 3.475 49.547 33.944 51.773 4.071 3.6841 3.4938 27.8235 26.7416 4.5949 4.2325 3.913 5.0283 4.8961 7.892 13.2300182358 5.2
2016-12-05 03:54:18.481000 235185.125 3.336 49.545 33.937 51.773 4.071 3.685 3.4943 27.8232 26.7457 4.5946 4.2327 3.9132 5.0288 4.8952 7.892 13.806845153 5.1992
2016-12-05 03:55:57.691000 235284.335 3.513 49.544 33.832 51.774 4.071 3.6845 3.4933 27.8239 26.7466 4.5942 4.2329 3.9127 5.0284 4.8951 7.893 13.3236303579 5.1976
2016-12-05 03:57:36.709000 235383.353 3.467 49.546 33.263 51.775 3.743 3.6848 3.4933 27.8224 26.7462 4.594 4.2326 3.9133 5.0273 4.8949 7.892 13.806845153 5.1966
2016-12-05 03:59:18.258000 235484.902 3.522 49.544 33.784 51.775 4.072 3.684 3.494 27.8224 26.7453 4.5936 4.2326 3.9129 5.0261 4.8943 7.892 13.2300182358 5.197
2016-12-05 04:00:57.245000 235583.889 3.426 49.542 33.21 51.774 3.559 3.6859 3.4956 27.8239 26.7468 4.5934 4.2333 3.9152 5.0251 4.8935 7.893 13.7576073825 5.1957
2016-12-05 04:02:38.844000 235685.488 3.385 49.544 33.249 51.773 4.062 3.6846 3.4937 27.8224 26.7466 4.5931 4.2337 3.914 5.0245 4.8934 7.893 13.6591318415 5.195
2016-12-05 04:04:17.966000 235784.61 3.334 49.546 33.891 51.775 3.758 3.6858 3.4958 27.8221 26.7462 4.5929 4.2337 3.9149 5.0242 4.8927 7.893 13.4640485411 5.1949
2016-12-05 04:05:59.594000 235886.238 3.37 49.546 33.303 51.774 4.072 3.6845 3.4938 27.8224 26.7459 4.5925 4.2335 3.9135 5.0233 4.892 7.893 13.7576073825 5.1939
2016-12-05 04:07:38.652000 235985.296 3.342 49.544 33.943 51.774 3.924 3.6854 3.4956 27.821 26.7459 4.5923 4.2334 3.9151 5.0229 4.8914 7.893 13.2768242969 5.1929
2016-12-05 04:09:17.946000 236084.59 3.467 49.539 33.251 51.77 3.994 3.6866 3.4964 27.8221 26.7453 4.592 4.234 3.9159 5.0224 4.8908 7.894 13.8560829235 5.1925
2016-12-05 04:10:59.534000 236186.178 3.504 49.541 33.874 51.77 3.857 3.6859 3.4957 27.8228 26.7466 4.5918 4.2342 3.9154 5.0225 4.8901 7.894 13.806845153 5.1918
2016-12-05 04:12:38.866000 236285.51 3.336 49.543 33.688 51.773 4.072 3.6846 3.4937 27.8232 26.7462 4.5915 4.234 3.9134 5.0218 4.8897 7.893 13.806845153 5.1903
2016-12-05 04:14:20.343000 236386.987 3.407 49.544 33.208 51.772 3.834 3.6842 3.493 27.8213 26.7457 4.5913 4.2333 3.9134 5.0196 4.8887 7.892 13.1832121747 5.1911
2016-12-05 04:15:59.686000 236486.33 3.332 49.538 33.72 51.77 4.072 3.685 3.4946 27.8228 26.7459 4.5908 4.2334 3.9143 5.0189 4.8883 7.893 13.806845153 5.1883
2016-12-05 04:17:41.103000 236587.747 3.388 49.538 33.233 51.77 4.067 3.6847 3.4934 27.8221 26.7449 4.5904 4.2332 3.9133 5.0186 4.8882 7.893 13.8560829235 5.1882
2016-12-05 04:19:20.488000 236687.132 3.496 49.533 33.866 51.771 4.072 3.6846 3.4946 27.8218 26.7453 4.5901 4.2332 3.9141 5.0178 4.8874 7.893 13.3236303579 5.1876
2016-12-05 04:20:59.896000 236786.54 3.339 49.539 33.638 51.768 4.072 3.6845 3.4941 27.8242 26.7453 4.5896 4.2333 3.914 5.0177 4.8867 7.893 13.6591318415 5.1877
2016-12-05 04:22:41.277000 236887.921 3.414 49.537 33.216 51.766 4.072 3.6848 3.4939 27.8218 26.7453 4.5893 4.2334 3.914 5.0176 4.886 7.893 13.370436419 5.1865
2016-12-05 04:24:20.719000 236987.363 3.456 49.533 34.013 51.766 4.072 3.6848 3.4941 27.8224 26.7447 4.589 4.2333 3.9137 5.0168 4.8859 7.893 13.806845153 5.1871
2016-12-05 04:26:02.085000 237088.729 3.335 49.532 33.241 51.767 4.072 3.685 3.4939 27.8232 26.7459 4.5886 4.2332 3.9139 5.0159 4.8847 7.893 13.370436419 5.1853
2016-12-05 04:27:41.497000 237188.141 3.492 49.531 33.918 51.762 4.074 3.6863 3.4965 27.8232 26.744 4.5883 4.2336 3.9158 5.0146 4.8845 7.893 13.7576073825 5.1842
2016-12-05 04:29:22.865000 237289.509 3.339 49.532 33.935 51.764 3.932 3.6854 3.4944 27.8176 26.744 4.5878 4.2335 3.914 5.0144 4.8837 7.893 13.6591318415 5.1848
2016-12-05 04:31:02.634000 237389.278 3.336 49.532 33.276 51.762 3.922 3.6842 3.4937 27.8224 26.7449 4.5875 4.2333 3.9133 5.0135 4.8836 7.892 13.1832121747 5.1827
2016-12-05 04:32:41.662000 237488.306 3.404 49.538 34.051 51.764 4.071 3.6834 3.4924 27.8218 26.7444 4.5871 4.2327 3.9123 5.0134 4.8833 7.892 13.4640485411 5.1833
2016-12-05 04:34:23.243000 237589.887 3.331 49.531 33.762 51.764 3.794 3.6835 3.4924 27.8207 26.744 4.5866 4.2321 3.9125 5.0131 4.8825 7.891 14.0039859471 5.1814
2016-12-05 04:36:02.746000 237689.39 3.533 49.533 33.375 51.762 4.072 3.6847 3.4943 27.8221 26.7453 4.5863 4.2326 3.9139 5.0118 4.8821 7.892 13.4640485411 5.1813
2016-12-05 04:37:44.343000 237790.987 3.505 49.527 33.86 51.761 3.99 3.6852 3.494 27.8218 26.7459 4.5859 4.2331 3.914 5.0118 4.8813 7.892 13.905320694 5.1806
2016-12-05 04:39:23.897000 237890.541 3.339 49.531 33.582 51.761 3.985 3.6847 3.4946 27.8218 26.7453 4.5854 4.2331 3.9141 5.0106 4.8801 7.892 13.4640485411 5.1787
2016-12-05 04:41:05.587000 237992.231 3.333 49.532 33.701 51.762 4.073 3.6849 3.4949 27.8221 26.7453 4.5851 4.233 3.9143 5.0097 4.8797 7.892 13.905320694 5.1788
2016-12-05 04:42:45.092000 238091.736 3.557 49.535 33.49 51.76 4.072 3.6848 3.4939 27.8235 26.7447 4.5846 4.233 3.9136 5.0097 4.8801 7.892 13.6591318415 5.1782
2016-12-05 04:44:24.401000 238191.045 3.364 49.534 33.39 51.761 4.072 3.6853 3.4947 27.8221 26.7462 4.5843 4.2329 3.9142 5.0085 4.8795 7.892 13.2768242969 5.1777
2016-12-05 04:46:05.970000 238292.614 3.339 49.532 33.301 51.761 4.072 3.6847 3.4939 27.821 26.7449 4.5839 4.2328 3.9138 5.0092 4.8782 7.892 13.8560829235 5.1776
2016-12-05 04:47:45.556000 238392.2 3.554 49.536 33.607 51.764 4.071 3.684 3.4943 27.8221 26.7459 4.5836 4.2325 3.9128 5.0077 4.8773 7.892 13.1832121747 5.1769
2016-12-05 04:49:27.380000 238494.024 3.435 49.536 34.049 51.765 3.796 3.6828 3.4928 27.8207 26.7453 4.5832 4.2319 3.9117 5.0079 4.8773 7.891 13.5606563005 5.176
2016-12-05 04:51:06.767000 238593.411 3.37 49.541 33.334 51.766 4.07 3.6833 3.4916 27.8221 26.7449 4.5828 4.2315 3.9117 5.0057 4.8765 7.891 13.7576073825 5.1749
2016-12-05 04:52:46.370000 238693.014 3.511 49.538 33.854 51.764 4.07 3.6832 3.4926 27.8224 26.7408 4.5823 4.2313 3.9118 5.0057 4.875 7.891 13.0896000526 5.1743
2016-12-05 04:54:28.093000 238794.737 3.552 49.537 33.603 51.765 4.07 3.6835 3.492 27.8199 26.7408 4.5819 4.231 3.9114 5.0052 4.8754 7.891 13.7576073825 5.1731
2016-12-05 04:56:07.773000 238894.417 3.334 49.535 33.915 51.762 3.892 3.6834 3.493 27.8186 26.7444 4.5814 4.2316 3.9125 5.0044 4.8746 7.891 13.1832121747 5.1722
2016-12-05 04:57:49.544000 238996.188 3.358 49.538 34.025 51.765 3.92 3.6835 3.4929 27.8168 26.742 4.5811 4.2317 3.9123 5.0025 4.8737 7.891 13.8560829235 5.1728
2016-12-05 04:59:28.978000 239095.622 3.404 49.535 33.213 51.766 4.073 3.6853 3.4944 27.8168 26.7453 4.5808 4.2321 3.9147 5.0024 4.8735 7.892 13.2768242969 5.1724
2016-12-05 05:01:10.896000 239197.54 3.372 49.537 33.298 51.766 4.049 3.6847 3.4934 27.8176 26.7453 4.5805 4.2326 3.9136 5.0028 4.8731 7.892 13.7576073825 5.1713
2016-12-05 05:02:50.607000 239297.251 3.512 49.534 33.831 51.768 4.067 3.6835 3.4933 27.8224 26.7459 4.5802 4.2325 3.9128 5.0024 4.8717 7.892 13.1364061137 5.1713
2016-12-05 05:04:32.276000 239398.92 3.537 49.539 34.029 51.767 4.072 3.6849 3.4942 27.8232 26.7457 4.5798 4.232 3.9137 5.0002 4.8721 7.892 13.905320694 5.1698
2016-12-05 05:06:12.035000 239498.679 3.332 49.538 33.805 51.768 4.072 3.6842 3.4939 27.8221 26.7475 4.5795 4.2322 3.9137 4.9998 4.8713 7.892 13.2300182358 5.1692
2016-12-05 05:07:51.788000 239598.432 3.342 49.54 33.595 51.769 4.07 3.6842 3.4931 27.8218 26.7457 4.5792 4.2321 3.9123 4.9998 4.8701 7.892 13.609894071 5.1688
2016-12-05 05:09:33.455000 239700.099 3.412 49.54 33.213 51.771 4.071 3.6843 3.494 27.8228 26.7466 4.5787 4.232 3.9132 4.9994 4.8707 7.892 13.2768242969 5.1679
2016-12-05 05:11:13.129000 239799.773 3.47 49.538 33.985 51.768 4.072 3.6849 3.4939 27.8235 26.7425 4.5783 4.2319 3.9135 4.9988 4.8699 7.892 13.7576073825 5.1671
2016-12-05 05:12:52.895000 239899.539 3.378 49.539 34.038 51.768 4.072 3.6845 3.4936 27.8182 26.7468 4.5781 4.2323 3.9136 4.9985 4.8683 7.892 13.0896000526 5.1668
2016-12-05 05:14:35.020000 240001.664 3.442 49.534 34.047 51.768 4.071 3.6844 3.493 27.8179 26.7462 4.5777 4.2323 3.9127 4.9979 4.8684 7.892 13.806845153 5.1657
2016-12-05 05:16:14.546000 240101.19 3.359 49.539 33.375 51.771 4.051 3.6823 3.4918 27.8218 26.7457 4.5773 4.2317 3.9116 4.9971 4.8675 7.892 13.2300182358 5.1656
2016-12-05 05:17:56.771000 240203.415 3.382 49.541 34.065 51.772 4.07 3.6824 3.4916 27.8203 26.7457 4.5769 4.2313 3.9114 4.9957 4.8674 7.891 13.806845153 5.165
2016-12-05 05:19:36.139000 240302.783 3.382 49.544 33.654 51.774 4.069 3.6822 3.4911 27.8218 26.7457 4.5764 4.231 3.9109 4.996 4.8659 7.891 13.4640485411 5.1642
2016-12-05 05:21:18.369000 240405.013 3.357 49.544 33.374 51.773 3.716 3.6833 3.4928 27.8213 26.7462 4.5762 4.2309 3.9121 4.9946 4.8656 7.891 13.3236303579 5.1639
2016-12-05 05:22:58.198000 240504.842 3.4 49.546 33.227 51.775 4.063 3.6828 3.4915 27.8221 26.7431 4.5756 4.2307 3.9107 4.9936 4.8655 7.891 13.806845153 5.1625
2016-12-05 05:24:38.038000 240604.682 3.532 49.541 33.983 51.777 4.069 3.682 3.4903 27.8192 26.7444 4.5752 4.2306 3.9105 4.9947 4.8647 7.891 13.2768242969 5.1624
2016-12-05 05:26:20.058000 240706.702 3.451 49.547 33.887 51.778 4.069 3.6818 3.4902 27.8186 26.7447 4.5748 4.23 3.9105 4.9928 4.8638 7.891 13.905320694 5.1607
2016-12-05 05:27:59.968000 240806.612 3.418 49.546 34.058 51.775 4.049 3.6825 3.4923 27.8221 26.7459 4.5745 4.2305 3.9118 4.992 4.863 7.892 13.4172424801 5.1604
2016-12-05 05:29:41.986000 240908.63 3.503 49.548 33.955 51.776 4.07 3.6819 3.4917 27.8221 26.7459 4.5739 4.2306 3.9112 4.992 4.8631 7.892 13.2300182358 5.1608
2016-12-05 05:31:21.845000 241008.489 3.378 49.542 34.052 51.777 4.069 3.6827 3.4911 27.8232 26.744 4.5736 4.2304 3.9109 4.9911 4.8628 7.892 13.4640485411 5.1597
2016-12-05 05:33:03.908000 241110.552 3.445 49.55 34.013 51.779 4.069 3.6828 3.4912 27.8239 26.7457 4.5732 4.2302 3.911 4.9904 4.8606 7.891 13.0896000526 5.1589
2016-12-05 05:34:43.940000 241210.584 3.54 49.548 34.039 51.777 3.891 3.6817 3.491 27.8176 26.7453 4.5727 4.2301 3.9106 4.9901 4.8608 7.891 13.51141853 5.1574
2016-12-05 05:36:26.082000 241312.726 3.549 49.546 33.462 51.78 4.069 3.6815 3.491 27.8189 26.7453 4.5724 4.2297 3.9108 4.9892 4.8604 7.891 13.609894071 5.1578
2016-12-05 05:38:06.046000 241412.69 3.522 49.544 33.774 51.78 4.05 3.6815 3.4907 27.8213 26.7449 4.572 4.2298 3.9104 4.9882 4.86 7.891 13.0427939915 5.157
2016-12-05 05:39:45.556000 241512.2 3.328 49.545 33.711 51.778 4.016 3.6811 3.491 27.8232 26.7459 4.5716 4.2297 3.9099 4.9879 4.8593 7.891 13.5606563005 5.1558
2016-12-05 05:41:27.482000 241614.126 3.333 49.547 33.228 51.775 4.069 3.6823 3.4922 27.8239 26.7457 4.5713 4.2299 3.9113 4.9864 4.8597 7.892 13.7576073825 5.1551
2016-12-05 05:43:07.626000 241714.27 3.35 49.549 33.432 51.779 4.069 3.6817 3.4906 27.8218 26.7408 4.571 4.23 3.9104 4.9863 4.8591 7.891 13.1364061137 5.1551
2016-12-05 05:44:49.572000 241816.216 3.337 49.553 33.616 51.777 4.068 3.681 3.4899 27.821 26.7413 4.5706 4.2294 3.9094 4.986 4.8575 7.891 13.708369612 5.1542
2016-12-05 05:46:29.626000 241916.27 3.372 49.55 33.28 51.777 4.07 3.6825 3.4917 27.8221 26.7468 4.5703 4.2297 3.9117 4.9853 4.8572 7.892 13.1364061137 5.1529
2016-12-05 05:48:11.576000 242018.22 3.355 49.544 33.395 51.777 4.07 3.6825 3.4917 27.8232 26.7457 4.5699 4.2302 3.9119 4.9847 4.8559 7.892 13.6591318415 5.1533
2016-12-05 05:49:51.677000 242118.321 3.398 49.547 33.241 51.776 4.07 3.6827 3.4925 27.8239 26.7462 4.5697 4.2303 3.9117 4.9828 4.8559 7.892 13.5606563005 5.1527
2016-12-05 05:51:31.770000 242218.414 3.505 49.549 33.301 51.777 4.069 3.6821 3.4911 27.8189 26.7422 4.5693 4.2303 3.9113 4.9826 4.855 7.892 13.609894071 5.1512
2016-12-05 05:53:14.007000 242320.651 3.33 49.55 33.727 51.778 3.768 3.6826 3.4916 27.8165 26.7462 4.5689 4.23 3.9118 4.9824 4.8551 7.892 13.3236303579 5.1519
2016-12-05 05:54:54.060000 242420.704 3.356 49.544 33.385 51.774 4.07 3.683 3.4929 27.8213 26.7444 4.5686 4.2305 3.9124 4.9827 4.8541 7.892 13.1364061137 5.1498
2016-12-05 05:56:36.250000 242522.894 3.339 49.544 33.562 51.775 3.801 3.6828 3.493 27.8221 26.7438 4.5684 4.2305 3.9123 4.981 4.8533 7.892 13.806845153 5.15
2016-12-05 05:58:16.400000 242623.044 3.343 49.544 33.969 51.775 4.071 3.6846 3.4932 27.8218 26.7404 4.5679 4.2311 3.9132 4.9809 4.8527 7.893 13.2768242969 5.1495
2016-12-05 05:59:56.541000 242723.185 3.333 49.542 33.734 51.773 4.071 3.684 3.4933 27.8228 26.7457 4.5678 4.2316 3.9132 4.9807 4.852 7.893 13.51141853 5.1485
2016-12-05 06:01:38.859000 242825.503 3.491 49.546 33.926 51.773 4.071 3.6834 3.4928 27.821 26.7449 4.5674 4.2313 3.9127 4.9785 4.8514 7.892 13.5606563005 5.1479
2016-12-05 06:03:18.785000 242925.429 3.394 49.55 33.508 51.777 4.069 3.6828 3.4922 27.8218 26.7453 4.567 4.2307 3.9116 4.9773 4.8508 7.892 13.2300182358 5.1461
2016-12-05 06:05:01.123000 243027.767 3.453 49.544 34.022 51.777 4.068 3.682 3.4906 27.8218 26.7453 4.5665 4.2299 3.9097 4.9779 4.8503 7.891 13.609894071 5.1466
2016-12-05 06:06:41.307000 243127.951 3.538 49.547 33.678 51.777 4.049 3.6816 3.49 27.8171 26.7449 4.5661 4.2293 3.9105 4.9776 4.8496 7.891 13.51141853 5.1455
2016-12-05 06:08:23.661000 243230.305 3.553 49.551 33.562 51.778 3.995 3.6804 3.4887 27.8228 26.7444 4.5657 4.2292 3.9086 4.9769 4.849 7.89 13.5606563005 5.1448
2016-12-05 06:10:03.969000 243330.613 3.422 49.547 33.219 51.776 4.068 3.681 3.49 27.8213 26.7444 4.5652 4.2288 3.9088 4.9763 4.8484 7.89 13.4172424801 5.1445
2016-12-05 06:11:46.404000 243433.048 3.329 49.547 33.897 51.775 4.068 3.6812 3.4896 27.8221 26.7408 4.5646 4.2287 3.9098 4.9753 4.8478 7.891 13.1832121747 5.1442
2016-12-05 06:13:26.659000 243533.303 3.448 49.547 33.672 51.776 4.068 3.6809 3.4899 27.821 26.7444 4.5643 4.2286 3.9095 4.9746 4.8476 7.89 13.609894071 5.1433
2016-12-05 06:15:06.996000 243633.64 3.356 49.539 34.038 51.775 3.986 3.6813 3.4895 27.8224 26.7438 4.5637 4.2288 3.9097 4.9748 4.8466 7.891 13.1832121747 5.1437
2016-12-05 06:16:49.240000 243735.884 3.551 49.546 33.501 51.776 4.067 3.6811 3.489 27.8213 26.7444 4.5632 4.2285 3.9091 4.9737 4.8467 7.89 13.370436419 5.1414
2016-12-05 06:18:29.513000 243836.157 3.514 49.549 33.806 51.773 4.014 3.6805 3.4893 27.8207 26.7435 4.5629 4.2286 3.9095 4.9726 4.8455 7.89 13.7576073825 5.1405
2016-12-05 06:20:12.045000 243938.689 3.376 49.549 33.262 51.775 4.044 3.6792 3.488 27.821 26.7447 4.5625 4.2281 3.9079 4.9728 4.8453 7.89 13.4640485411 5.1403
2016-12-05 06:21:52.327000 244038.971 3.331 49.544 33.712 51.772 4.067 3.6812 3.4902 27.8213 26.7389 4.5618 4.2282 3.9092 4.9707 4.8446 7.89 13.370436419 5.1402
2016-12-05 06:23:34.482000 244141.126 3.328 49.535 33.829 51.77 4.068 3.6823 3.4913 27.8213 26.7392 4.5615 4.2288 3.9104 4.971 4.8432 7.891 13.3236303579 5.1399
2016-12-05 06:25:14.936000 244241.58 3.407 49.541 34.052 51.768 4.006 3.6811 3.4905 27.8218 26.7425 4.5613 4.229 3.9102 4.9704 4.8435 7.89 13.4172424801 5.1388
2016-12-05 06:26:55.277000 244341.921 3.511 49.537 33.826 51.766 4.068 3.6813 3.4898 27.8232 26.7422 4.561 4.229 3.9097 4.9696 4.8432 7.89 13.5606563005 5.1385
2016-12-05 06:28:38.045000 244444.689 3.335 49.534 33.953 51.763 4.068 3.6813 3.4902 27.8171 26.7438 4.5606 4.2289 3.9102 4.9688 4.842 7.89 13.370436419 5.1363
2016-12-05 06:30:18.332000 244544.976 3.33 49.533 33.687 51.759 4.057 3.6815 3.4914 27.8224 26.744 4.5603 4.2291 3.9108 4.9682 4.8412 7.89 13.1832121747 5.1371
2016-12-05 06:32:01.114000 244647.758 3.442 49.529 33.248 51.762 4.066 3.6801 3.4888 27.8213 26.7422 4.5598 4.2283 3.9082 4.9666 4.8409 7.889 13.609894071 5.1361
2016-12-05 06:33:41.275000 244747.919 3.548 49.534 33.495 51.761 4.063 3.679 3.488 27.8159 26.7431 4.5593 4.2277 3.9072 4.9669 4.8408 7.889 13.0427939915 5.1352
2016-12-05 06:35:24.095000 244850.739 3.412 49.529 34.038 51.762 4.065 3.6776 3.4867 27.821 26.742 4.5589 4.2268 3.9062 4.9659 4.8398 7.888 13.370436419 5.135
2016-12-05 06:37:04.346000 244950.99 3.522 49.523 34.003 51.759 3.987 3.6796 3.488 27.8203 26.743 4.5582 4.2268 3.9077 4.9658 4.8385 7.888 13.4640485411 5.134
2016-12-05 06:38:47.245000 245053.889 3.359 49.53 33.336 51.754 4.066 3.679 3.4881 27.8155 26.742 4.5578 4.227 3.9063 4.965 4.8383 7.888 13.0427939915 5.1332
2016-12-05 06:40:27.718000 245154.362 3.326 49.525 33.713 51.756 4.011 3.6784 3.4875 27.8213 26.7411 4.5573 4.2269 3.9067 4.9648 4.8379 7.888 13.6591318415 5.1329
2016-12-05 06:42:10.341000 245256.985 3.432 49.523 33.237 51.751 4.065 3.6792 3.4876 27.8203 26.7413 4.5568 4.2266 3.907 4.9636 4.837 7.887 13.1364061137 5.132
2016-12-05 06:43:50.851000 245357.495 3.349 49.521 33.404 51.752 4.064 3.6775 3.4855 27.8199 26.7416 4.5565 4.2262 3.9058 4.9632 4.8363 7.887 13.7576073825 5.1321
2016-12-05 06:45:33.529000 245460.173 3.361 49.518 34.033 51.75 3.856 3.6783 3.4869 27.8207 26.7425 4.5559 4.2261 3.9068 4.9633 4.8359 7.887 13.3236303579 5.1311
2016-12-05 06:47:13.813000 245560.457 3.475 49.521 33.812 51.746 4.04 3.6778 3.4863 27.8196 26.7368 4.5555 4.2261 3.9065 4.9614 4.8354 7.887 13.1364061137 5.1298
2016-12-05 06:48:56.556000 245663.2 3.496 49.521 33.333 51.747 4.037 3.6769 3.4846 27.8192 26.7404 4.5551 4.2257 3.9047 4.9614 4.8348 7.886 13.0427939915 5.1294
2016-12-05 06:50:36.900000 245763.544 3.365 49.518 33.279 51.748 4.064 3.6767 3.4862 27.8196 26.7413 4.5545 4.225 3.905 4.9602 4.834 7.886 13.1832121747 5.1289
2016-12-05 06:52:17.432000 245864.076 3.326 49.517 33.695 51.741 4.054 3.6781 3.4868 27.8137 26.7408 4.5542 4.2254 3.906 4.9599 4.8331 7.886 13.4172424801 5.1277
2016-12-05 06:54:00.162000 245966.806 3.483 49.512 33.889 51.737 4.066 3.6785 3.4881 27.8199 26.7425 4.5538 4.226 3.9077 4.9594 4.8332 7.886 13.2768242969 5.1276
2016-12-05 06:55:40.857000 246067.501 3.365 49.505 33.298 51.735 4.066 3.6796 3.4887 27.8199 26.7368 4.5535 4.2265 3.9081 4.9589 4.8321 7.887 12.9961933651 5.1264
2016-12-05 06:57:23.191000 246169.835 3.35 49.506 33.399 51.732 4.056 3.6803 3.4894 27.8168 26.7404 4.5533 4.2272 3.9085 4.9573 4.8317 7.887 13.5606563005 5.1258
2016-12-05 06:59:03.804000 246270.448 3.479 49.503 33.779 51.729 4.067 3.6802 3.4895 27.8221 26.7413 4.553 4.2271 3.9089 4.9569 4.8311 7.886 13.51141853 5.1245
2016-12-05 07:00:46.524000 246373.168 3.418 49.505 33.228 51.728 4.065 3.6795 3.4876 27.8199 26.7368 4.5526 4.227 3.9072 4.9564 4.8306 7.886 13.0427939915 5.124
2016-12-05 07:02:27.186000 246473.83 3.347 49.502 33.422 51.726 4.066 3.6788 3.4874 27.8207 26.7411 4.5524 4.2264 3.9072 4.9562 4.8299 7.885 13.4640485411 5.1248
2016-12-05 07:04:09.890000 246576.534 3.55 49.499 33.488 51.722 4.066 3.6789 3.4879 27.8207 26.7413 4.5519 4.2264 3.9074 4.9549 4.8289 7.885 12.9961933651 5.124
2016-12-05 07:05:50.302000 246676.946 3.409 49.497 33.22 51.722 3.434 3.6776 3.4862 27.8165 26.7401 4.5515 4.2261 3.9061 4.9546 4.8286 7.885 13.370436419 5.1229
2016-12-05 07:07:33.536000 246780.18 3.5 49.496 33.797 51.719 4.065 3.6782 3.487 27.8203 26.7398 4.551 4.2259 3.9068 4.9534 4.8271 7.884 13.609894071 5.123
2016-12-05 07:09:14.174000 246880.818 3.35 49.494 33.461 51.719 4.064 3.6776 3.4861 27.8143 26.7401 4.5506 4.2256 3.9063 4.953 4.8275 7.884 13.2768242969 5.1216
2016-12-05 07:10:57.136000 246983.78 3.554 49.489 34.032 51.713 4.024 3.6789 3.4879 27.8203 26.7401 4.5502 4.226 3.9075 4.9523 4.8268 7.884 13.4640485411 5.1208
2016-12-05 07:12:37.820000 247084.464 3.427 49.489 33.222 51.711 4.065 3.6783 3.4871 27.8196 26.7368 4.5498 4.2262 3.9072 4.9519 4.8257 7.884 13.0427939915 5.119
2016-12-05 07:14:20.717000 247187.361 3.49 49.487 33.902 51.71 4.064 3.6779 3.4861 27.8203 26.7401 4.5494 4.2259 3.906 4.9511 4.825 7.883 13.609894071 5.1193
2016-12-05 07:16:01.213000 247287.857 3.552 49.486 33.55 51.707 3.371 3.6789 3.4879 27.8203 26.7398 4.549 4.2257 3.9068 4.95 4.8243 7.883 13.4640485411 5.119
2016-12-05 07:17:41.931000 247388.575 3.442 49.483 33.242 51.706 3.919 3.6789 3.4877 27.8199 26.7398 4.5486 4.226 3.9074 4.9495 4.8244 7.883 12.9961933651 5.1186
2016-12-05 07:19:24.905000 247491.549 3.474 49.482 33.913 51.703 4.065 3.6779 3.4871 27.8203 26.7389 4.5483 4.226 3.9062 4.9489 4.8237 7.883 13.4172424801 5.1172
2016-12-05 07:21:05.609000 247592.253 3.361 49.479 33.537 51.701 4.007 3.678 3.4868 27.8139 26.7408 4.5479 4.2258 3.906 4.948 4.8228 7.883 13.609894071 5.117
2016-12-05 07:22:48.546000 247695.19 3.384 49.478 34.042 51.699 4.065 3.6777 3.4872 27.8189 26.7398 4.5475 4.2257 3.9068 4.9488 4.8222 7.882 13.370436419 5.1162
2016-12-05 07:24:29.396000 247796.04 3.466 49.476 33.274 51.696 3.795 3.678 3.4868 27.8155 26.7384 4.5471 4.2258 3.9062 4.9463 4.8227 7.882 13.4640485411 5.1155
2016-12-05 07:26:12.443000 247899.087 3.475 49.475 33.953 51.697 4.055 3.6765 3.4854 27.8196 26.7395 4.5468 4.2252 3.9051 4.9462 4.8215 7.881 12.9961933651 5.115
2016-12-05 07:27:53.302000 247999.946 3.366 49.474 33.272 51.696 4.063 3.6765 3.4854 27.8139 26.7398 4.5465 4.2245 3.9046 4.9448 4.8201 7.881 13.6591318415 5.1132
2016-12-05 07:29:33.876000 248100.52 3.328 49.472 33.68 51.692 4.065 3.6783 3.4876 27.8196 26.7386 4.5461 4.2249 3.9068 4.9442 4.8197 7.881 12.9961933651 5.1132
2016-12-05 07:31:16.916000 248203.56 3.463 49.469 33.227 51.689 4.065 3.6779 3.4871 27.8203 26.7349 4.5459 4.2253 3.9062 4.9441 4.8192 7.881 13.4640485411 5.1123
2016-12-05 07:32:57.721000 248304.365 3.347 49.467 33.982 51.687 4.044 3.6784 3.4869 27.8186 26.7401 4.5453 4.2254 3.907 4.944 4.8187 7.881 13.0427939915 5.112
2016-12-05 07:34:40.725000 248407.369 3.367 49.466 33.276 51.684 4.066 3.6795 3.4882 27.8207 26.7355 4.545 4.2258 3.9072 4.9428 4.8177 7.881 13.6591318415 5.1118
2016-12-05 07:36:21.457000 248508.101 3.456 49.465 33.703 51.683 3.736 3.6782 3.487 27.8189 26.7408 4.5448 4.2257 3.9065 4.9428 4.8168 7.881 13.1832121747 5.1106
2016-12-05 07:38:04.276000 248610.92 3.535 49.46 33.389 51.678 3.827 3.6796 3.4892 27.8207 26.7398 4.5445 4.2262 3.9078 4.9416 4.8165 7.881 13.4640485411 5.1105
2016-12-05 07:39:45.229000 248711.873 3.326 49.459 33.917 51.679 4.065 3.6787 3.4879 27.8207 26.7404 4.5442 4.2262 3.9072 4.9401 4.8165 7.881 12.9517839686 5.1095
2016-12-05 07:41:29.203000 248815.847 3.483 49.457 33.926 51.675 3.954 3.6787 3.4875 27.8149 26.7404 4.544 4.2262 3.9077 4.9396 4.8153 7.881 13.5606563005 5.1088
2016-12-05 07:43:10.647000 248917.291 3.34 49.456 33.964 51.674 4.066 3.68 3.4885 27.8203 26.7374 4.5436 4.2263 3.9078 4.9386 4.8151 7.881 13.0896000526 5.1075
2016-12-05 07:44:55.006000 249021.65 3.414 49.455 33.197 51.673 4.065 3.6786 3.4882 27.8192 26.7401 4.5433 4.2259 3.907 4.9385 4.8148 7.88 13.708369612 5.107
2016-12-05 07:46:36.355000 249122.999 3.535 49.453 33.655 51.675 4.065 3.6787 3.4882 27.8203 26.7395 4.543 4.2258 3.9071 4.9371 4.8137 7.88 14.4692712428 5.1064
2016-12-05 07:48:18.804000 249225.448 3.552 49.456 33.46 51.674 4.064 3.6781 3.4869 27.8192 26.7395 4.5426 4.2253 3.9064 4.9367 4.813 7.879 -1.0 5.1062
2016-12-05 07:50:05.452000 249332.096 3.554 49.453 33.486 51.67 3.823 3.6792 3.4886 27.8159 26.7404 4.5422 4.2257 3.908 4.9366 4.813 7.88 13.1364061137 5.1052
2016-12-05 07:51:47.298000 249433.942 3.476 49.451 33.909 51.671 4.065 3.6784 3.4877 27.8149 26.7404 4.5419 4.226 3.9073 4.9358 4.8122 7.88 12.9073745722 5.1044
2016-12-05 07:53:30.640000 249537.284 3.462 49.448 33.985 51.669 4.067 3.6793 3.4883 27.8192 26.7413 4.5416 4.2262 3.9079 4.9357 4.8111 7.88 13.5606563005 5.1046
2016-12-05 07:55:11.495000 249638.139 3.375 49.45 33.273 51.668 4.068 3.6806 3.4899 27.8151 26.7416 4.5414 4.2268 3.9099 4.935 4.8109 7.88 12.8629651757 5.103
2016-12-05 07:56:54.358000 249741.002 3.529 49.451 33.994 51.669 4.024 3.6792 3.4882 27.8207 26.7401 4.5411 4.2266 3.9078 4.9337 4.8096 7.88 13.51141853 5.1027
2016-12-05 07:58:35.356000 249842.0 3.344 49.447 33.319 51.665 4.067 3.6798 3.4888 27.8149 26.7408 4.5407 4.2268 3.9088 4.9336 4.8098 7.88 12.9517839686 5.1009
2016-12-05 08:00:18.723000 249945.367 3.529 49.449 33.388 51.669 4.064 3.6782 3.4869 27.8192 26.7416 4.5405 4.2263 3.9065 4.9336 4.8086 7.879 13.2300182358 5.1006
2016-12-05 08:01:59.498000 250046.142 3.331 49.45 33.884 51.669 3.248 3.6796 3.4884 27.8151 26.7401 4.5401 4.2262 3.9084 4.9316 4.8079 7.879 12.8629651757 5.1006
2016-12-05 08:03:40.506000 250147.15 3.552 49.451 33.533 51.67 4.06 3.6787 3.4868 27.8196 26.7408 4.5397 4.226 3.9063 4.9315 4.8074 7.879 13.51141853 5.0996
2016-12-05 08:05:23.796000 250250.44 3.553 49.45 34.038 51.672 4.065 3.6786 3.487 27.8139 26.7404 4.5394 4.2258 3.9068 4.9305 4.8067 7.879 13.370436419 5.0994
2016-12-05 08:07:04.867000 250351.511 3.327 49.454 33.723 51.671 3.996 3.679 3.4872 27.8199 26.7368 4.539 4.2257 3.9074 4.9295 4.8069 7.879 13.370436419 5.099
2016-12-05 08:08:48.175000 250454.819 3.444 49.452 33.22 51.672 4.065 3.6788 3.4872 27.8196 26.7408 4.5387 4.2256 3.907 4.9292 4.8066 7.879 12.9961933651 5.0976
2016-12-05 08:10:29.229000 250555.873 3.541 49.453 34.035 51.672 3.546 3.6785 3.4871 27.8161 26.7362 4.5383 4.2257 3.907 4.9282 4.805 7.879 13.5606563005 5.0972
2016-12-05 08:12:10.192000 250656.836 3.337 49.456 33.249 51.673 4.065 3.6786 3.4878 27.8203 26.7416 4.5379 4.2255 3.9068 4.927 4.8054 7.879 12.9961933651 5.096
2016-12-05 08:13:53.164000 250759.808 3.527 49.452 33.966 51.673 3.466 3.6801 3.4891 27.8192 26.7359 4.5377 4.2259 3.9088 4.9267 4.8044 7.879 13.609894071 5.0957
2016-12-05 08:15:34.280000 250860.924 3.329 49.452 33.858 51.673 3.825 3.6794 3.4885 27.8196 26.742 4.5375 4.2264 3.9079 4.9259 4.8031 7.88 13.0896000526 5.0949
2016-12-05 08:17:17.405000 250964.049 3.394 49.454 33.201 51.673 4.068 3.6808 3.4901 27.8159 26.7416 4.5372 4.2265 3.9091 4.9257 4.8032 7.88 12.8185557792 5.0947
2016-12-05 08:18:58.477000 251065.121 3.395 49.454 34.046 51.673 4.039 3.681 3.4895 27.8199 26.7411 4.5369 4.2269 3.9092 4.9258 4.8022 7.88 13.2300182358 5.0933
2016-12-05 08:20:41.859000 251168.503 3.371 49.454 34.038 51.675 4.068 3.6808 3.4899 27.8207 26.7416 4.5367 4.2271 3.9093 4.9243 4.8012 7.88 13.0427939915 5.0925
2016-12-05 08:22:22.815000 251269.459 3.468 49.456 33.264 51.674 3.661 3.6814 3.4898 27.8192 26.7374 4.5366 4.2272 3.9095 4.9236 4.8018 7.88 13.4640485411 5.0922
2016-12-05 08:24:06.210000 251372.854 3.503 49.456 33.323 51.675 4.067 3.6802 3.4892 27.8199 26.7411 4.5363 4.2272 3.909 4.9233 4.8008 7.88 12.9073745722 5.091
2016-12-05 08:25:47.218000 251473.862 3.338 49.457 33.952 51.674 4.051 3.681 3.4903 27.8199 26.7377 4.5359 4.2273 3.9079 4.9225 4.7996 7.88 13.4172424801 5.0908
2016-12-05 08:27:28.435000 251575.079 3.541 49.458 33.41 51.676 4.045 3.6812 3.4905 27.8213 26.7416 4.5357 4.2273 3.9098 4.9218 4.7996 7.88 12.8629651757 5.0899
2016-12-05 08:29:11.890000 251678.534 3.545 49.459 33.446 51.678 3.782 3.6804 3.4892 27.8203 26.7425 4.5353 4.2271 3.9093 4.9215 4.7993 7.88 13.51141853 5.0896
2016-12-05 08:30:52.980000 251779.624 3.329 49.461 33.856 51.679 4.068 3.6814 3.4903 27.8199 26.7374 4.5349 4.2274 3.9093 4.9206 4.7984 7.881 13.2300182358 5.0893
2016-12-05 08:32:36.445000 251883.089 3.328 49.46 33.799 51.681 4.067 3.68 3.4889 27.8199 26.7422 4.5348 4.2274 3.9086 4.9197 4.7975 7.881 13.4640485411 5.0884
2016-12-05 08:34:17.663000 251984.307 3.37 49.464 33.277 51.683 3.918 3.6798 3.4887 27.8176 26.7425 4.5343 4.227 3.9087 4.9192 4.7967 7.88 12.9961933651 5.0888
2016-12-05 08:35:58.454000 252085.098 3.458 49.463 33.734 51.683 4.069 3.6816 3.4916 27.8207 26.7431 4.534 4.227 3.9101 4.9186 4.7965 7.881 13.3236303579 5.0874
2016-12-05 08:37:41.984000 252188.628 3.454 49.464 34.003 51.683 3.991 3.6811 3.4897 27.821 26.7422 4.5338 4.2274 3.9098 4.9176 4.7952 7.881 13.4640485411 5.0868
2016-12-05 08:39:23.280000 252289.924 3.392 49.464 33.243 51.685 4.068 3.6809 3.49 27.8196 26.7389 4.5334 4.2275 3.9099 4.9169 4.7958 7.881 12.8629651757 5.0855
2016-12-05 08:41:06.561000 252393.205 3.392 49.467 33.238 51.686 4.067 3.68 3.489 27.8192 26.7431 4.5332 4.2273 3.9085 4.916 4.7946 7.881 13.51141853 5.0857
2016-12-05 08:42:47.910000 252494.554 3.556 49.466 33.474 51.688 3.535 3.6813 3.4899 27.8159 26.7422 4.5329 4.2271 3.9101 4.9155 4.7949 7.881 13.3236303579 5.0851
2016-12-05 08:44:31.459000 252598.103 3.556 49.466 33.499 51.686 4.068 3.6812 3.4912 27.8221 26.7422 4.5325 4.2275 3.9096 4.9149 4.7937 7.882 12.8629651757 5.0831
2016-12-05 08:46:12.642000 252699.286 3.33 49.468 33.725 51.688 4.069 3.6818 3.4912 27.821 26.743 4.5321 4.2278 3.9106 4.9151 4.7931 7.882 13.370436419 5.0829
2016-12-05 08:47:53.993000 252800.637 3.392 49.469 33.22 51.688 4.045 3.6811 3.4896 27.8218 26.7425 4.5318 4.2276 3.909 4.9138 4.7928 7.882 12.8629651757 5.0832
2016-12-05 08:49:37.617000 252904.261 3.396 49.471 33.209 51.691 3.865 3.6813 3.4908 27.8203 26.7431 4.5308 4.2274 3.9095 4.9124 4.7916 7.882 13.1364061137 5.0828
2016-12-05 08:51:18.817000 253005.461 3.535 49.469 34.011 51.692 3.717 3.6808 3.4904 27.8207 26.743 4.5312 4.2275 3.9098 4.9127 4.7912 7.882 12.9073745722 5.0811
2016-12-05 08:53:02.762000 253109.406 3.409 49.472 33.704 51.692 4.069 3.6814 3.4903 27.8182 26.7444 4.531 4.2274 3.9104 4.9114 4.7912 7.882 13.4640485411 5.0812
2016-12-05 08:54:43.678000 253210.322 3.34 49.471 33.53 51.692 4.069 3.6825 3.4918 27.8213 26.7447 4.5306 4.2271 3.9106 4.9112 4.7899 7.882 13.1832121747 5.08
2016-12-05 08:56:27.559000 253314.203 3.385 49.466 34.043 51.694 4.053 3.6825 3.4923 27.8207 26.7435 4.5305 4.2285 3.9118 4.9113 4.7892 7.883 13.0427939915 5.0796
2016-12-05 08:58:08.819000 253415.463 3.332 49.474 33.713 51.696 4.069 3.6823 3.4909 27.8161 26.7431 4.5301 4.2283 3.9107 4.91 4.7889 7.883 13.4640485411 5.0781
2016-12-05 08:59:50.085000 253516.729 3.544 49.475 33.658 51.697 4.069 3.6823 3.4903 27.821 26.7392 4.5298 4.2281 3.9106 4.9091 4.7881 7.883 12.8185557792 5.0784
2016-12-05 09:01:33.809000 253620.453 3.409 49.483 33.209 51.7 4.066 3.6799 3.4895 27.8199 26.743 4.5294 4.2273 3.9089 4.9088 4.7878 7.882 13.4172424801 5.0771
2016-12-05 09:03:15.145000 253721.789 3.542 49.482 34.032 51.702 4.067 3.6803 3.4891 27.8218 26.7435 4.529 4.2269 3.9087 4.9077 4.7874 7.882 12.9073745722 5.0768
2016-12-05 09:04:59.130000 253825.774 3.53 49.478 33.735 51.703 4.068 3.6814 3.4896 27.821 26.7395 4.5286 4.2271 3.9099 4.9083 4.7868 7.882 12.9517839686 5.0767
2016-12-05 09:06:40.716000 253927.36 3.554 49.481 33.569 51.703 3.904 3.6807 3.4896 27.8218 26.7453 4.5283 4.2271 3.9089 4.9065 4.7869 7.882 13.5606563005 5.076
2016-12-05 09:08:22.264000 254028.908 3.448 49.485 34.022 51.707 4.067 3.6798 3.489 27.8224 26.7438 4.5279 4.2267 3.908 4.9068 4.785 7.882 12.8629651757 5.0748
2016-12-05 09:10:05.588000 254132.232 3.334 49.483 33.589 51.707 4.009 3.6803 3.489 27.8179 26.7438 4.5274 4.2266 3.9084 4.9057 4.785 7.882 13.370436419 5.0734
2016-12-05 09:11:47.096000 254233.74 3.327 49.483 33.21 51.707 4.067 3.6807 3.4886 27.8203 26.7392 4.527 4.2265 3.9088 4.9048 4.7845 7.882 13.1832121747 5.0743
2016-12-05 09:13:30.923000 254337.567 3.329 49.482 33.758 51.707 4.068 3.6807 3.4905 27.8221 26.744 4.5267 4.227 3.91 4.9048 4.7839 7.883 13.370436419 5.0717
2016-12-05 09:15:12.494000 254439.138 3.387 49.483 33.256 51.707 4.068 3.6805 3.4901 27.8221 26.7457 4.5264 4.2273 3.9097 4.9033 4.7829 7.883 12.8185557792 5.0732
2016-12-05 09:16:56.346000 254542.99 3.331 49.485 33.868 51.708 4.068 3.6814 3.49 27.8207 26.7404 4.526 4.2272 3.9104 4.9031 4.7828 7.883 13.3236303579 5.0709
2016-12-05 09:18:37.977000 254644.621 3.385 49.485 33.231 51.711 4.067 3.6806 3.4885 27.8199 26.7449 4.5256 4.2268 3.9088 4.9024 4.7818 7.883 12.8185557792 5.0709
2016-12-05 09:20:19.744000 254746.388 3.358 49.488 33.341 51.711 4.067 3.6806 3.489 27.8207 26.7431 4.5254 4.2266 3.9087 4.9012 4.7814 7.883 13.4640485411 5.07
2016-12-05 09:22:03.337000 254849.981 3.367 49.492 33.296 51.712 4.067 3.6797 3.4886 27.821 26.7444 4.525 4.2264 3.908 4.9006 4.7814 7.883 12.8629651757 5.069
2016-12-05 09:23:44.830000 254951.474 3.517 49.489 33.362 51.715 4.066 3.6796 3.4886 27.8171 26.7435 4.5245 4.226 3.9076 4.9007 4.781 7.883 13.1832121747 5.0689
2016-12-05 09:25:28.589000 255055.233 3.343 49.489 33.485 51.714 4.067 3.6801 3.4896 27.8224 26.7444 4.5242 4.2264 3.9088 4.9 4.7792 7.883 13.2768242969 5.0684
2016-12-05 09:27:10.498000 255157.142 3.331 49.489 33.743 51.712 4.068 3.6808 3.4901 27.8218 26.7438 4.5238 4.2269 3.9095 4.8997 4.7788 7.884 12.8629651757 5.0676
2016-12-05 09:28:54.218000 255260.862 3.33 49.49 33.673 51.715 4.024 3.6804 3.4895 27.8224 26.7447 4.5234 4.2268 3.9091 4.898 4.7784 7.884 13.1832121747 5.0669
2016-12-05 09:30:36.002000 255362.646 3.328 49.491 33.843 51.716 4.067 3.6804 3.4895 27.8182 26.7431 4.5231 4.2266 3.9086 4.898 4.7786 7.884 13.4640485411 5.066
2016-12-05 09:32:19.952000 255466.596 3.473 49.494 33.944 51.718 4.066 3.6799 3.4879 27.8207 26.7435 4.5226 4.2262 3.9082 4.8969 4.7767 7.883 12.7741463827 5.0654
2016-12-05 09:34:01.748000 255568.392 3.333 49.495 33.939 51.719 4.066 3.679 3.4882 27.8232 26.7431 4.5222 4.2259 3.9079 4.897 4.7765 7.883 13.4640485411 5.0647
2016-12-05 09:35:43.529000 255670.173 3.361 49.498 34.045 51.719 4.057 3.678 3.4872 27.8221 26.744 4.5219 4.2255 3.9063 4.8962 4.7763 7.883 12.6853275898 5.0635
2016-12-05 09:37:27.648000 255774.292 3.533 49.499 33.728 51.723 3.713 3.6772 3.4862 26.9626 25.8261 4.5214 4.2252 3.9063 4.8949 4.7747 7.883 13.4640485411 5.0637
2016-12-05 09:39:09.596000 255876.24 3.552 49.497 33.602 51.722 4.034 3.6742 3.4834 21.9438 21.9422 4.521 4.2242 3.9051 4.8955 4.7748 7.882 12.8185557792 5.0631
2016-12-05 09:40:53.549000 255980.193 3.37 49.496 33.28 51.72 3.787 3.6712 3.4793 17.5242 18.8304 4.5204 4.223 3.9032 4.8941 4.7739 7.882 13.3236303579 5.0627
2016-12-05 09:42:35.449000 256082.093 3.345 49.498 33.438 51.722 4.059 3.6704 3.4748 12.9019 15.508 4.5197 4.221 3.9001 4.894 4.7736 7.88 12.8185557792 5.0611
2016-12-05 09:44:19.629000 256186.273 3.351 49.501 34.032 51.723 4.058 3.6782 3.4745 9.0439 12.1385 4.5189 4.219 3.8985 4.8937 4.7736 7.88 13.51141853 5.0611
2016-12-05 09:46:01.607000 256288.251 3.407 49.503 34.037 51.722 4.057 3.6824 3.4778 6.0771 9.3271 4.518 4.2178 3.898 4.8925 4.7729 7.879 13.0896000526 5.0611
2016-12-05 09:47:43.473000 256390.117 3.463 49.497 33.99 51.721 4.0 3.686 3.4829 4.4099 7.0165 4.5171 4.2176 3.8985 4.8928 4.7711 7.88 13.1832121747 5.0596
2016-12-05 09:49:27.638000 256494.282 3.547 49.494 33.604 51.722 3.772 3.6892 3.4865 3.9185 5.6647 4.5165 4.217 3.898 4.8914 4.7707 7.879 12.8185557792 5.0586
2016-12-05 09:51:09.789000 256596.433 3.35 49.491 33.397 51.722 4.058 3.6923 3.4904 3.8386 5.0317 4.5156 4.2168 3.899 4.8898 4.7698 7.88 13.2768242969 5.0587
2016-12-05 09:52:54.072000 256700.716 3.359 49.498 34.03 51.722 4.031 3.6958 3.4935 3.8264 4.7322 4.515 4.2167 3.8982 4.8897 4.7695 7.88 13.2300182358 5.0581
2016-12-05 09:54:36.113000 256802.757 3.422 49.498 34.044 51.72 4.058 3.6988 3.4962 3.8248 4.577 4.5143 4.2169 3.8986 4.8894 4.769 7.88 12.7297369863 5.0574
2016-12-05 09:56:20.422000 256907.066 3.364 49.499 33.313 51.723 4.059 3.7023 3.4986 3.8247 4.4862 4.5137 4.2171 3.8998 4.8892 4.7679 7.88 13.370436419 5.0566
2016-12-05 09:58:02.471000 257009.115 3.346 49.495 33.502 51.724 4.057 3.7046 3.5007 3.8237 4.4344 4.5131 4.2169 3.8979 4.8883 4.7681 7.88 13.1364061137 5.0556
2016-12-05 09:59:44.669000 257111.313 3.435 49.502 33.612 51.726 4.057 3.7074 3.5023 3.8224 4.4043 4.5127 4.2163 3.8981 4.8871 4.7672 7.879 13.3236303579 5.0552
2016-12-05 10:01:29.077000 257215.721 3.552 49.502 33.508 51.727 4.058 3.7106 3.5037 3.8226 4.3875 4.5119 4.2164 3.8979 4.8869 4.7658 7.88 12.7741463827 5.0534
2016-12-05 10:03:10.868000 257317.512 3.506 49.499 33.351 51.727 4.057 3.7132 3.5056 3.8224 4.3775 4.5116 4.2162 3.8974 4.8862 4.7644 7.88 13.4172424801 5.054
2016-12-05 10:04:55.352000 257421.996 3.358 49.496 34.034 51.729 4.056 3.7149 3.5063 3.8217 4.3714 4.511 4.2158 3.8973 4.886 4.7643 7.879 12.9073745722 5.0529
2016-12-05 10:06:37.417000 257524.061 3.419 49.505 34.057 51.731 4.055 3.7174 3.5079 3.8205 4.3672 4.5105 4.2151 3.8959 4.8851 4.7643 7.879 13.4640485411 5.052
2016-12-05 10:08:22.186000 257628.83 3.339 49.502 33.994 51.731 4.035 3.7195 3.5082 3.8199 4.3651 4.51 4.2146 3.8952 4.8845 4.7635 7.879 12.7741463827 5.0517
2016-12-05 10:10:04.278000 257730.922 3.342 49.505 33.996 51.731 3.979 3.7218 3.5091 3.82 4.364 4.5095 4.2146 3.8962 4.8834 4.7633 7.879 13.1832121747 5.0509
2016-12-05 10:11:46.186000 257832.83 3.369 49.509 34.047 51.734 4.055 3.7239 3.5098 3.8192 4.3628 4.5089 4.2142 3.8951 4.8827 4.7619 7.879 13.2768242969 5.05
2016-12-05 10:13:30.693000 257937.337 3.433 49.503 33.228 51.732 4.055 3.7262 3.5102 3.8191 4.363 4.5084 4.2141 3.8956 4.882 4.7606 7.879 13.2768242969 5.0494
2016-12-05 10:15:12.733000 258039.377 3.384 49.509 33.22 51.736 4.054 3.728 3.5108 3.8183 4.362 4.5076 4.2135 3.8947 4.8822 4.7605 7.879 13.1832121747 5.0493
2016-12-05 10:16:57.421000 258144.065 3.472 49.51 33.959 51.736 4.055 3.7304 3.5115 3.8188 4.3621 4.5071 4.2136 3.8958 4.8818 4.7597 7.879 13.3236303579 5.0472
2016-12-05 10:18:39.478000 258246.122 3.496 49.513 33.87 51.738 3.963 3.7323 3.5122 3.8191 4.3623 4.5066 4.2138 3.8962 4.8805 4.7596 7.879 12.9073745722 5.0479
2016-12-05 10:20:24.123000 258350.767 3.397 49.517 33.595 51.737 4.055 3.7343 3.5131 3.8185 4.3618 4.506 4.2136 3.8949 4.8795 4.7587 7.879 13.4640485411 5.0472
2016-12-05 10:22:06.388000 258453.032 3.455 49.508 34.007 51.74 3.963 3.7361 3.5134 3.8184 4.3614 4.5055 4.2135 3.8953 4.8791 4.7575 7.879 13.0427939915 5.0454
2016-12-05 10:23:50.933000 258557.577 3.347 49.513 33.443 51.744 4.054 3.7377 3.5142 3.8172 4.3607 4.5051 4.213 3.8938 4.8787 4.7572 7.879 12.8629651757 5.0443
2016-12-05 10:25:32.679000 258659.323 3.332 49.514 33.563 51.741 3.992 3.7394 3.5147 3.8182 4.3609 4.5047 4.2131 3.8955 4.8783 4.756 7.879 12.9517839686 5.0441
2016-12-05 10:27:17.032000 258763.676 3.542 49.518 34.053 51.745 3.979 3.7417 3.5157 3.8169 4.3601 4.5042 4.2126 3.8934 4.8778 4.7554 7.879 12.8629651757 5.0426
2016-12-05 10:28:59.314000 258865.958 3.538 49.512 33.444 51.741 4.054 3.7434 3.5156 3.8175 4.3602 4.5037 4.2125 3.8946 4.877 4.7546 7.879 13.3236303579 5.0429
2016-12-05 10:30:43.597000 258970.241 3.337 49.517 33.982 51.742 4.055 3.7444 3.5166 3.8183 4.3612 4.5033 4.2131 3.8953 4.8762 4.7537 7.88 12.7297369863 5.0424
2016-12-05 10:32:25.936000 259072.58 3.398 49.521 34.059 51.744 3.973 3.7459 3.5172 3.8182 4.3611 4.5029 4.2133 3.8949 4.8752 4.7534 7.88 13.4172424801 5.0405
2016-12-05 10:34:10.594000 259177.238 3.33 49.519 34.002 51.748 3.51 3.7474 3.5176 3.8172 4.3602 4.5026 4.2128 3.8935 4.8746 4.7533 7.879 12.7741463827 5.0408
2016-12-05 10:35:52.895000 259279.539 3.351 49.523 34.029 51.747 4.053 3.7487 3.518 3.8164 4.3596 4.502 4.212 3.8929 4.8739 4.7526 7.879 12.8629651757 5.0397
2016-12-05 10:37:35.418000 259382.062 3.356 49.518 33.531 51.745 4.054 3.7508 3.5178 3.8166 4.3594 4.5016 4.212 3.8945 4.8737 4.7514 7.879 12.7741463827 5.0386
2016-12-05 10:39:19.771000 259486.415 3.323 49.521 33.912 51.746 3.975 3.7515 3.5186 3.8164 4.3596 4.5013 4.2119 3.8932 4.8731 4.751 7.879 13.3236303579 5.0397
2016-12-05 10:41:02.163000 259588.807 3.533 49.514 33.657 51.746 4.053 3.7535 3.5186 3.8162 4.3595 4.5009 4.2117 3.8934 4.8717 4.7493 7.879 12.9517839686 5.0371
2016-12-05 10:42:51.774000 259698.418 3.32 49.521 33.786 51.747 4.052 3.7544 3.5187 3.8159 4.3595 4.5003 4.2115 3.893 4.8716 4.7497 7.879 13.3236303579 5.0363
2016-12-05 10:44:34.038000 259800.682 3.5 49.519 33.836 51.745 4.053 3.7553 3.5192 3.8166 4.3599 4.4998 4.2119 3.8934 4.8704 4.7488 7.879 12.7741463827 5.0356
2016-12-05 10:46:18.809000 259905.453 3.326 49.518 33.637 51.746 3.572 3.7568 3.5195 3.816 4.3596 4.4994 4.2115 3.8936 4.8701 4.7479 7.879 13.2768242969 5.0357
2016-12-05 10:48:01.285000 260007.929 3.475 49.518 33.944 51.746 4.053 3.7577 3.5201 3.8164 4.3592 4.499 4.2115 3.8929 4.8698 4.7473 7.879 12.6853275898 5.0342
2016-12-05 10:49:45.953000 260112.597 3.38 49.52 34.041 51.745 4.053 3.7589 3.5204 3.816 4.3595 4.4986 4.2114 3.8935 4.8692 4.7467 7.879 13.370436419 5.0343
2016-12-05 10:51:28.467000 260215.111 3.522 49.516 33.393 51.745 4.053 3.7603 3.5208 3.8165 4.3593 4.4981 4.2115 3.893 4.8678 4.7457 7.879 12.7297369863 5.0324
2016-12-05 10:53:14.521000 260321.165 3.322 49.513 33.871 51.741 4.053 3.762 3.5212 3.8167 4.3594 4.4977 4.2118 3.8942 4.8679 4.7449 7.879 13.2768242969 5.0329
2016-12-05 10:54:56.926000 260423.57 3.503 49.517 33.769 51.743 4.051 3.7626 3.5215 3.8153 4.3585 4.4973 4.2114 3.8917 4.8673 4.7451 7.878 12.7297369863 5.0325
2016-12-05 10:56:39.258000 260525.902 3.361 49.516 33.6 51.744 3.788 3.7636 3.5216 3.8145 4.3581 4.4969 4.2106 3.891 4.8672 4.7438 7.878 13.2768242969 5.0311
2016-12-05 10:58:24.159000 260630.803 3.489 49.512 33.887 51.738 4.016 3.7646 3.5219 3.8149 4.3586 4.4965 4.2108 3.8923 4.8656 4.744 7.878 12.7741463827 5.0298
2016-12-05 11:00:06.430000 260733.074 3.384 49.515 33.229 51.741 4.051 3.7656 3.5219 3.8142 4.3579 4.4959 4.2104 3.8912 4.8648 4.742 7.878 13.2300182358 5.0298
2016-12-05 11:01:51.194000 260837.838 3.483 49.515 33.947 51.743 4.05 3.7665 3.5224 3.813 4.357 4.4954 4.2096 3.8904 4.8637 4.7424 7.877 12.7297369863 5.0293
2016-12-05 11:03:33.713000 260940.357 3.318 49.51 33.213 51.737 4.05 3.7675 3.5222 3.8135 4.3575 4.4948 4.2094 3.8905 4.8634 4.741 7.877 12.8629651757 5.0279
2016-12-05 11:05:18.506000 261045.15 3.532 49.511 33.457 51.738 3.5 3.7684 3.5224 3.8134 4.357 4.4943 4.2094 3.89 4.8627 4.74 7.877 13.0896000526 5.0265
2016-12-05 11:07:01.008000 261147.652 3.324 49.513 33.595 51.737 3.945 3.769 3.5228 3.8129 4.3568 4.4938 4.2089 3.8898 4.862 4.7398 7.876 12.8185557792 5.0261
2016-12-05 11:08:45.903000 261252.547 3.352 49.51 33.337 51.733 4.0 3.7701 3.5228 3.8138 4.3578 4.4933 4.2094 3.8918 4.862 4.7387 7.877 13.2768242969 5.0248
2016-12-05 11:10:28.304000 261354.948 3.386 49.505 34.043 51.731 4.051 3.7706 3.5234 3.8144 4.3577 4.4929 4.2097 3.8914 4.8607 4.7383 7.877 12.7297369863 5.0245
2016-12-05 11:12:13.257000 261459.901 3.33 49.503 33.939 51.726 3.916 3.7714 3.5237 3.8162 4.3591 4.4927 4.2105 3.8941 4.8599 4.7376 7.878 13.1832121747 5.0246
2016-12-05 11:13:55.953000 261562.597 3.533 49.502 33.667 51.727 4.051 3.7726 3.5247 3.8166 4.3594 4.4923 4.2112 3.8934 4.8595 4.7377 7.878 13.2300182358 5.0233
2016-12-05 11:15:38.647000 261665.291 3.358 49.501 34.016 51.726 4.054 3.774 3.5247 3.8166 4.3592 4.4922 4.2114 3.8945 4.8592 4.7363 7.878 12.7297369863 5.0222
2016-12-05 11:17:23.658000 261770.302 3.322 49.499 33.805 51.721 4.054 3.7749 3.525 3.8169 4.3595 4.4919 4.2118 3.895 4.8578 4.736 7.878 13.2300182358 5.021
2016-12-05 11:19:06.555000 261873.199 3.412 49.495 33.212 51.722 4.053 3.775 3.5251 3.8165 4.3592 4.4917 4.2117 3.8936 4.8573 4.7351 7.878 12.6853275898 5.0219
2016-12-05 11:20:51.535000 261978.179 3.541 49.495 33.438 51.721 3.983 3.7757 3.5253 3.8162 4.3593 4.4913 4.2114 3.8943 4.8571 4.734 7.878 12.9961933651 5.0201
2016-12-05 11:22:34.078000 262080.722 3.346 49.491 33.398 51.716 3.876 3.7762 3.5261 3.8173 4.3603 4.4911 4.2118 3.8951 4.8559 4.7338 7.878 12.7297369863 5.0188
2016-12-05 11:24:19.424000 262186.068 3.393 49.492 33.213 51.716 4.053 3.7768 3.5263 3.8165 4.3594 4.4908 4.2116 3.8934 4.8555 4.7327 7.877 13.0427939915 5.0191
2016-12-05 11:26:01.901000 262288.545 3.341 49.489 33.981 51.714 4.053 3.7779 3.5271 3.8162 4.3592 4.4905 4.2113 3.8939 4.8547 4.7326 7.877 13.2300182358 5.0182
2016-12-05 11:27:44.425000 262391.069 3.546 49.486 33.574 51.71 4.035 3.7793 3.5268 3.8162 4.3593 4.49 4.2113 3.8937 4.8538 4.7319 7.877 12.5965087969 5.0179
2016-12-05 11:29:29.890000 262496.534 3.441 49.486 33.26 51.71 4.051 3.7793 3.5271 3.8155 4.3584 4.4897 4.211 3.892 4.8534 4.7303 7.876 13.3236303579 5.0177
2016-12-05 11:31:12.474000 262599.118 3.442 49.486 33.666 51.709 4.052 3.78 3.5271 3.8152 4.3584 4.4893 4.2106 3.8925 4.853 4.73 7.876 12.6409181933 5.0158
2016-12-05 11:32:57.869000 262704.513 3.34 49.484 33.993 51.707 4.013 3.7807 3.527 3.8144 4.3582 4.4888 4.2101 3.892 4.8526 4.7294 7.875 13.0427939915 5.0159
2016-12-05 11:34:40.746000 262807.39 3.362 49.483 33.266 51.707 3.447 3.7812 3.5279 3.8146 4.3578 4.4883 4.2099 3.8921 4.8526 4.7293 7.875 12.7741463827 5.0149
2016-12-05 11:36:26.079000 262912.723 3.327 49.479 33.656 51.702 4.052 3.7819 3.5281 3.815 4.3582 4.488 4.2101 3.8922 4.8506 4.7289 7.875 13.0896000526 5.0141
2016-12-05 11:38:08.919000 263015.563 3.5 49.478 33.926 51.701 4.052 3.7824 3.5278 3.8149 4.3578 4.4874 4.2103 3.8921 4.85 4.7282 7.875 12.5965087969 5.0132
2016-12-05 11:39:54.112000 263120.756 3.543 49.477 33.579 51.699 4.052 3.7831 3.528 3.8144 4.3577 4.4871 4.2101 3.8923 4.8498 4.7273 7.875 13.3236303579 5.0127
2016-12-05 11:41:36.915000 263223.559 3.363 49.478 34.032 51.698 4.05 3.7837 3.5279 3.8137 4.3577 4.4867 4.2096 3.8908 4.8477 4.7275 7.874 12.5965087969 5.0123
2016-12-05 11:43:22.097000 263328.741 3.318 49.472 33.855 51.693 3.884 3.7839 3.528 3.8146 4.3583 4.4864 4.2099 3.8907 4.8484 4.7264 7.874 13.0896000526 5.0118
2016-12-05 11:45:05.016000 263431.66 3.417 49.471 33.199 51.693 4.051 3.7848 3.529 3.8143 4.3578 4.4859 4.2097 3.8919 4.8478 4.7248 7.874 12.7297369863 5.0107
2016-12-05 11:46:47.766000 263534.41 3.325 49.47 33.93 51.689 4.05 3.7858 3.5286 3.8141 4.3572 4.4853 4.2095 3.8909 4.8473 4.7245 7.874 13.1832121747 5.0096
2016-12-05 11:48:33.002000 263639.646 3.428 49.467 34.03 51.688 4.051 3.7858 3.5287 3.8144 4.3575 4.4849 4.2095 3.8915 4.8461 4.7238 7.873 12.5520994004 5.0092
2016-12-05 11:50:16.105000 263742.749 3.336 49.465 33.474 51.685 4.034 3.7861 3.5286 3.8145 4.3581 4.4846 4.2097 3.8923 4.8453 4.7229 7.873 13.370436419 5.0078
2016-12-05 11:52:01.301000 263847.945 3.327 49.461 33.238 51.683 4.052 3.7866 3.5291 3.8151 4.3583 4.4842 4.21 3.8923 4.8451 4.7218 7.874 12.7741463827 5.0071
2016-12-05 11:53:44.235000 263950.879 3.521 49.458 33.656 51.679 4.053 3.7873 3.5298 3.8152 4.3584 4.4839 4.2102 3.8938 4.8437 4.7225 7.873 13.2300182358 5.0073
2016-12-05 11:55:29.692000 264056.336 3.519 49.457 33.36 51.676 4.052 3.7884 3.5295 3.815 4.3579 4.4834 4.2103 3.8928 4.8434 4.7211 7.873 12.6409181933 5.0058
2016-12-05 11:57:12.557000 264159.201 3.444 49.454 34.005 51.67 4.049 3.7883 3.5298 3.8153 4.3585 4.4832 4.2104 3.8929 4.8427 4.7205 7.873 13.1832121747 5.0051
2016-12-05 11:58:57.769000 264264.413 3.518 49.453 33.986 51.673 4.051 3.7889 3.5296 3.8144 4.3578 4.4829 4.2099 3.8915 4.8424 4.721 7.872 12.9961933651 5.0043
2016-12-05 12:00:40.797000 264367.441 3.324 49.449 33.25 51.669 4.051 3.7894 3.5301 3.8147 4.3577 4.4825 4.2098 3.8913 4.8418 4.7193 7.872 12.6853275898 5.0048
2016-12-05 12:02:45.113000 264491.757 3.471 49.448 33.93 51.667 4.038 3.7899 3.5302 3.8133 4.3567 4.482 4.209 3.8906 4.8406 4.7186 7.871 13.1832121747 5.0031
2016-12-05 12:04:28.208000 264594.852 3.457 49.448 33.723 51.665 4.05 3.7899 3.53 3.8134 4.3572 4.4814 4.2089 3.891 4.8395 4.7185 7.871 13.2300182358 5.0019
2016-12-05 12:06:11.045000 264697.689 3.437 49.446 33.236 51.664 4.05 3.7907 3.5308 3.8131 4.3566 4.4807 4.2086 3.8902 4.8397 4.7171 7.87 12.5965087969 5.0028
2016-12-05 12:07:56.376000 264803.02 3.356 49.444 33.332 51.662 4.049 3.7917 3.5308 3.8127 4.3564 4.4801 4.2083 3.8894 4.8384 4.7166 7.87 12.9961933651 5.001
2016-12-05 12:09:39.384000 264906.028 3.533 49.446 33.629 51.663 3.601 3.7916 3.5303 3.8112 4.3553 4.4795 4.2076 3.8878 4.8379 4.7155 7.869 12.9517839686 4.9998
2016-12-05 12:11:24.574000 265011.218 3.478 49.446 33.906 51.662 4.048 3.7919 3.5303 3.8117 4.3556 4.479 4.2075 3.8887 4.8374 4.715 7.869 12.5965087969 5.0004
2016-12-05 12:13:07.677000 265114.321 3.325 49.443 33.67 51.662 4.049 3.7921 3.5303 3.8124 4.3561 4.4784 4.2077 3.8901 4.8366 4.7153 7.869 13.0896000526 4.9976
2016-12-05 12:14:53.128000 265219.772 3.34 49.444 34.002 51.66 4.049 3.7927 3.531 3.8128 4.3562 4.4781 4.2079 3.8901 4.8358 4.7145 7.869 13.1832121747 4.9983
2016-12-05 12:16:36.207000 265322.851 3.331 49.441 33.287 51.657 4.05 3.7929 3.5306 3.8131 4.3566 4.4777 4.2082 3.8912 4.8352 4.7137 7.87 12.6853275898 4.9963
2016-12-05 12:18:21.648000 265428.292 3.441 49.435 33.713 51.656 4.051 3.7935 3.5309 3.8139 4.3573 4.4774 4.2089 3.8917 4.8356 4.7133 7.87 13.1364061137 4.9965
2016-12-05 12:20:04.531000 265531.175 3.472 49.438 33.252 51.656 4.049 3.7937 3.5311 3.8133 4.3566 4.4771 4.2086 3.8894 4.8346 4.7119 7.869 12.5965087969 4.9954
