#Human readable time. Time (s) since start. Lakeshore temperature sensor 218 T1,3,5,6,8 and 224 C2,C3,C4,C5,D2,D3,D5,A,B
2016-10-17 18:38:06.788000 0.0 3.533 49.945 33.502 52.284 4.148 3.7654 3.5585 27.8271 26.8078 9.6778 7.04 4.0244 11.3245 11.5777 8.021 -1 14.4905
2016-10-17 18:39:07.508000 60.72 3.356 49.945 34.177 52.285 4.148 3.7653 3.5587 27.8291 26.8082 9.7086 7.0401 4.0243 11.3561 11.6195 8.021 6.6735660536 14.5114
2016-10-17 18:40:07.858000 121.07 3.492 49.945 34.079 52.286 4.145 3.7621 3.5545 24.4904 23.8771 9.7389 7.04 4.022 11.3897 11.6585 8.02 7.05474857532 14.5247
2016-10-17 18:41:08.278000 181.49 3.722 49.946 34.182 52.284 5.226 14.4694 5.062 22.1485 22.0156 9.7809 7.154 5.2362 11.4211 11.7114 8.341 6.82976651862 14.5477
2016-10-17 18:42:08.728000 241.94 4.272 49.947 33.976 52.287 6.047 18.8372 6.0348 19.5863 20.2778 9.7667 7.5563 6.1191 11.4522 10.7969 8.866 6.6735660536 14.5683
2016-10-17 18:43:09.188000 302.4 4.45 49.965 33.738 52.304 6.34 22.3908 6.3098 17.2174 18.5833 9.7889 8.0974 6.4117 11.4693 8.8392 9.218 7.01944515931 14.5918
2016-10-17 18:44:09.698000 362.91 4.068 50.002 33.809 52.339 6.076 27.3004 5.984 15.2239 17.0127 9.7924 8.6086 6.11 11.4929 7.4573 9.259 7.16065882335 14.6277
2016-10-17 18:45:10.238000 423.45 3.879 50.048 34.266 52.382 5.806 32.1634 5.6961 13.8735 15.7272 9.7414 9.0552 5.827 11.4993 6.7136 9.136 6.73604623961 14.658
2016-10-17 18:46:10.809000 484.021 3.921 50.083 34.489 52.409 5.752 35.245 5.6778 13.2335 14.8931 9.6932 9.4763 5.7766 11.5081 6.3912 9.056 6.86100661163 14.6858
2016-10-17 18:47:11.419000 544.631 4.013 50.106 34.267 52.43 5.802 37.7006 5.7769 13.1478 14.5184 9.676 9.887 5.8338 11.516 6.2812 9.046 7.05474857532 14.7206
2016-10-17 18:48:12.049000 605.261 3.912 50.122 34.125 52.452 5.889 39.8165 5.9081 13.3883 14.4877 9.6929 10.2667 5.9316 11.5301 6.2694 9.079 7.12535540734 14.7672
2016-10-17 18:49:12.699000 665.911 3.953 50.137 34.42 52.466 5.996 41.6574 6.0434 13.7876 14.6697 9.7363 10.6088 6.0504 11.5447 6.2923 9.138 7.16065882335 14.798
2016-10-17 18:50:13.439000 726.651 4.35 50.158 34.496 52.486 6.106 43.3173 6.1688 14.2292 14.9585 9.7996 10.9218 6.1707 11.5546 6.3305 9.207 6.7048061466 14.846
2016-10-17 18:51:14.169000 787.381 4.11 50.182 33.82 52.506 6.223 44.8081 6.2987 14.6678 15.2952 9.8738 11.2023 6.298 11.5706 6.384 9.283 7.01944515931 14.8836
2016-10-17 18:52:14.929000 848.141 4.087 50.206 34.271 52.53 6.348 46.1894 6.4403 15.0828 15.6323 9.9544 11.4503 6.4341 11.5832 6.455 9.364 7.12535540734 14.9312
2016-10-17 18:53:15.739000 908.951 4.548 50.227 34.201 52.554 6.482 47.4396 6.5957 15.4756 15.9462 10.0389 11.6695 6.5808 11.6034 6.543 9.451 6.6735660536 14.9744
2016-10-17 18:54:16.589000 969.801 4.164 50.253 34.427 52.576 6.514 48.073 6.6058 15.7528 16.1857 10.0516 11.7682 6.6072 11.6183 6.534 9.51 7.23126565537 15.0132
2016-10-17 18:55:17.479000 1030.691 4.566 50.281 34.698 52.603 6.484 48.1759 6.5443 15.7406 16.2145 9.9612 11.6994 6.5695 11.6294 6.4828 9.526 6.76728633261 15.0518
2016-10-17 18:56:18.389000 1091.601 4.304 50.31 33.922 52.63 6.381 48.3972 6.4028 15.436 16.0282 9.8272 11.5229 6.4522 11.6445 6.3855 9.492 6.92348679764 15.0894
2016-10-17 18:57:19.319000 1152.531 4.121 50.335 34.687 52.654 6.225 48.7918 6.2125 14.9298 15.6954 9.6712 11.3411 6.2812 11.6531 6.237 9.419 6.79852642562 15.1191
2016-10-17 18:58:20.350000 1213.562 4.204 50.356 33.926 52.675 6.054 49.2924 6.0185 14.3311 15.2516 9.4963 11.201 6.0942 11.6591 6.0497 9.32 6.82976651862 15.1497
2016-10-17 18:59:21.400000 1274.612 3.938 50.37 34.624 52.688 5.893 49.8087 5.8367 13.7167 14.7596 9.3142 11.07 5.9219 11.6648 5.8657 9.214 6.76728633261 15.1784
2016-10-17 19:00:22.470000 1335.682 4.098 50.379 33.925 52.7 5.758 50.3117 5.6918 13.1424 14.2683 9.1274 10.9334 5.7766 11.6648 5.6957 9.116 6.92348679764 15.2092
2016-10-17 19:01:23.560000 1396.772 4.106 50.391 34.599 52.709 5.646 50.8009 5.5863 12.6342 13.8058 8.9411 10.7932 5.6584 11.6695 5.5511 9.031 7.26656907139 15.2244
2016-10-17 19:02:24.710000 1457.922 3.764 50.396 34.188 52.715 5.521 50.9794 5.4651 12.1636 13.3492 8.7338 10.6198 5.522 11.6704 5.378 8.948 6.86100661163 15.2539
2016-10-17 19:03:25.880000 1519.092 3.979 50.4 34.366 52.718 5.406 50.8144 5.3801 11.6015 12.8342 8.4978 10.4083 5.3978 11.6705 5.2101 8.867 6.92348679764 15.2788
2016-10-17 19:04:27.080000 1580.292 3.685 50.398 34.035 52.719 5.299 50.5758 5.3577 10.9595 12.2564 8.261 10.1774 5.2843 11.6697 5.072 8.793 7.26656907139 15.2968
2016-10-17 19:05:28.320000 1641.532 3.773 50.394 33.759 52.716 5.204 50.3453 5.4063 10.2863 11.6375 8.0331 9.9331 5.1808 11.6746 4.9703 8.721 6.76728633261 15.3109
2016-10-17 19:06:29.630000 1702.842 3.904 50.388 34.529 52.714 5.124 50.1138 5.5183 9.5935 11.0014 7.8176 9.6858 5.0947 11.6703 4.8702 8.663 6.73604623961 15.3351
2016-10-17 19:07:30.920000 1764.132 3.579 50.384 34.297 52.71 5.048 49.8785 5.6474 8.9385 10.3651 7.6175 9.4468 5.0137 11.671 4.7764 8.611 6.82976651862 15.351
2016-10-17 19:08:32.260000 1825.472 3.595 50.379 33.799 52.705 4.977 49.66 5.7622 8.3314 9.7339 7.4344 9.2157 4.9373 11.6686 4.6848 8.564 7.16065882335 15.3584
2016-10-17 19:09:33.660000 1886.872 3.809 50.37 34.453 52.697 4.947 49.7781 5.8752 7.8538 9.1866 7.2777 9.0113 4.9059 11.6656 4.6396 8.531 6.98596698365 15.3759
2016-10-17 19:10:35.051000 1948.263 3.57 50.362 34.409 52.694 4.992 50.3407 27.0178 7.7077 8.9062 7.1666 8.8581 4.9587 10.8187 4.6753 8.532 6.92348679764 15.3954
2016-10-17 19:11:36.471000 2009.683 3.596 50.355 33.933 52.685 5.063 51.1048 35.802 7.8501 8.8847 7.1229 8.7736 5.038 7.5059 4.745 8.562 7.19596223936 15.3809
2016-10-17 19:12:37.971000 2071.183 3.712 50.346 33.666 52.679 5.077 51.5889 41.1946 8.0679 8.9796 7.1208 8.7362 5.0499 5.7128 4.7536 8.585 6.89224670463 15.3573
2016-10-17 19:13:39.501000 2132.713 3.846 50.341 34.103 52.673 5.05 51.6602 45.947 8.1179 8.9982 7.1405 8.7231 5.02 5.2545 4.7286 8.582 6.92348679764 15.3114
2016-10-17 19:14:41.061000 2194.273 3.697 50.338 34.446 52.671 5.015 51.6168 50.4551 8.0508 8.9559 7.1864 8.7393 4.9821 5.0582 4.691 8.567 6.86100661163 15.2662
2016-10-17 19:15:42.631000 2255.843 3.555 50.337 34.443 52.67 4.949 51.5054 52.3054 7.9206 8.8701 7.1931 8.7365 4.911 4.864 4.6325 8.535 7.3018724874 15.2229
2016-10-17 19:16:44.211000 2317.423 3.566 50.33 33.782 52.661 4.896 51.3842 52.4843 7.7013 8.7038 7.1384 8.6792 4.8525 4.7661 4.5778 8.502 6.6735660536 15.188
2016-10-17 19:17:45.871000 2379.083 3.521 50.325 34.059 52.656 4.841 51.2518 52.3198 7.4179 8.4697 7.0577 8.5867 4.7906 4.6987 4.5277 8.471 6.89224670463 15.1478
2016-10-17 19:18:47.571000 2440.783 3.561 50.317 33.634 52.649 4.792 51.1467 52.1049 7.113 8.19 6.9676 8.4739 4.7396 4.6379 4.4838 8.441 6.82976651862 15.0985
2016-10-17 19:19:49.281000 2502.493 3.547 50.31 34.018 52.646 4.757 51.0416 51.886 6.8125 7.8961 6.8776 8.3564 4.7016 4.5912 4.4416 8.417 7.16065882335 15.0574
2016-10-17 19:20:51.021000 2564.233 3.734 50.303 33.802 52.639 4.726 50.9465 51.6668 6.5369 7.6034 6.7892 8.2381 4.6672 4.5469 4.4022 8.397 7.16065882335 15.0227
2016-10-17 19:21:52.842000 2626.054 3.698 50.296 34.294 52.632 4.696 50.8543 51.445 6.2937 7.3248 6.7066 8.1273 4.6353 4.5078 4.3668 8.378 7.05474857532 14.9763
2016-10-17 19:22:54.662000 2687.874 3.68 50.289 34.138 52.625 4.67 50.7641 51.2189 6.0824 7.0667 6.6286 8.0219 4.6066 4.4685 4.3356 8.362 6.98596698365 14.9325
2016-10-17 19:23:56.522000 2749.734 3.715 50.28 34.005 52.621 4.647 50.6928 51.0075 5.8922 6.8319 6.5575 7.9261 4.5816 4.4325 4.3066 8.347 6.82976651862 14.9025
2016-10-17 19:24:58.452000 2811.664 3.618 50.271 33.632 52.608 4.627 50.6171 50.7899 5.7192 6.6232 6.4935 7.84 4.56 4.4058 4.2795 8.334 6.76728633261 14.8513
2016-10-17 19:26:00.402000 2873.614 3.516 50.264 33.55 52.602 4.609 50.5468 50.5668 5.5687 6.4376 6.4366 7.7625 4.5397 4.3788 4.2535 8.322 7.16065882335 14.8177
2016-10-17 19:27:02.342000 2935.554 3.7 50.257 33.858 52.594 4.591 50.48 50.362 5.4374 6.2769 6.3856 7.6939 4.5207 4.3533 4.2295 8.311 6.86100661163 14.7738
2016-10-17 19:28:04.372000 2997.584 3.452 50.25 33.774 52.594 4.576 50.4153 50.1454 5.3227 6.1365 6.3406 7.6327 4.5037 4.3297 4.2068 8.301 7.3018724874 14.74
2016-10-17 19:29:06.402000 3059.614 3.438 50.241 33.522 52.581 4.562 50.3539 49.9268 5.2217 6.0124 6.3006 7.5788 4.4878 4.3085 4.1857 8.292 7.40778273543 14.6974
2016-10-17 19:30:08.432000 3121.644 3.45 50.235 33.662 52.574 4.549 50.2982 49.7222 5.1344 5.8981 6.2651 7.5314 4.4733 4.2885 4.1668 8.284 6.6735660536 14.6465
2016-10-17 19:31:10.492000 3183.704 4.092 50.227 34.286 52.569 6.367 49.3981 49.8465 17.6611 6.2631 6.2407 7.5576 6.5872 4.388 4.2601 8.672 7.01944515931 14.6236
2016-10-17 19:32:12.592000 3245.804 5.325 50.208 34.311 52.547 8.439 44.7304 50.1339 21.2818 7.9547 6.3081 8.18 8.7287 4.406 4.2035 10.14 6.89224670463 14.5753
2016-10-17 19:33:14.732000 3307.944 5.655 50.225 34.763 52.575 8.742 41.4601 50.4797 23.4908 8.7531 6.3522 8.7655 9.0171 4.3491 4.1294 10.827 7.01944515931 14.5455
2016-10-17 19:34:16.893000 3370.105 5.722 50.329 34.861 52.669 8.678 38.897 50.4578 24.9424 9.0768 6.3568 9.1651 8.9315 4.2369 4.0294 11.067 6.7048061466 14.5038
2016-10-17 19:35:19.113000 3432.325 5.085 50.442 34.68 52.769 8.503 36.5753 50.2366 26.1273 9.164 6.3353 9.4197 8.7385 4.1103 3.9047 11.09 7.01944515931 14.4735
2016-10-17 19:36:21.343000 3494.555 4.954 50.538 34.938 52.854 8.304 34.3413 49.9789 26.9418 9.1214 6.2954 9.568 8.4973 3.9669 3.7586 11.008 6.76728633261 14.4339
2016-10-17 19:37:23.613000 3556.825 5.38 50.613 34.94 52.926 8.082 32.1188 49.7133 27.4931 8.9973 6.2403 9.6413 8.2603 3.8103 3.6028 10.872 7.01944515931 14.3929
2016-10-17 19:38:25.913000 3619.125 5.337 50.676 34.732 52.984 7.853 29.5551 49.7827 27.8597 8.8283 6.1756 9.6591 8.0157 3.6516 3.4356 10.713 6.61108586759 14.3541
2016-10-17 19:39:28.263000 3681.475 4.669 50.729 34.764 53.035 7.62 27.0538 50.0154 28.1782 8.6304 6.1029 9.637 7.7661 3.4647 3.2595 10.541 6.61108586759 14.3135
2016-10-17 19:40:30.633000 3743.845 4.959 50.771 35.021 53.077 7.39 24.8174 50.233 28.4545 8.4143 6.0241 9.5844 7.512 3.2528 3.0804 10.376 6.95472689064 14.2806
2016-10-17 19:41:33.033000 3806.245 4.613 50.808 34.888 53.112 7.166 22.95 50.0701 28.6262 8.1858 5.9356 9.5087 7.2712 3.0189 2.9045 10.215 6.89224670463 14.2465
2016-10-17 19:42:35.463000 3868.675 4.392 50.838 34.612 53.146 6.939 21.4494 49.7595 28.7423 7.943 5.8593 9.4162 7.0295 2.9183 2.7178 10.049 6.6735660536 14.2042
2016-10-17 19:43:37.933000 3931.145 4.289 50.865 35.078 53.167 6.735 20.1612 49.3791 28.7956 7.7009 5.8055 9.3112 6.81 2.7745 2.5336 9.889 7.09005199133 14.169
2016-10-17 19:44:40.453000 3993.665 4.597 50.886 34.591 53.189 6.55 19.0108 49.3355 28.8122 7.4699 5.7554 9.2002 6.6114 2.617 2.3598 9.742 6.64232596059 14.1221
2016-10-17 19:45:43.004000 4056.216 4.117 50.899 34.563 53.203 6.372 17.9575 49.4915 28.8075 7.255 5.699 9.087 6.4207 2.4432 2.199 9.604 6.76728633261 14.0987
2016-10-17 19:46:45.624000 4118.836 4.405 50.907 34.984 53.214 6.215 17.1731 49.6882 28.7875 7.0567 5.6223 8.9705 6.2553 2.2792 2.0879 9.479 7.05474857532 14.0506
2016-10-17 19:47:48.304000 4181.516 3.971 50.913 34.652 53.221 6.08 16.3617 49.945 28.7453 6.8865 5.5328 8.8595 6.1104 2.1428 1.9753 9.379 7.05474857532 14.0093
2016-10-17 19:48:50.954000 4244.166 4.216 50.912 34.776 53.222 5.947 15.5198 50.2255 28.7007 6.7301 5.4381 8.7494 5.9677 2.0108 1.8499 9.287 6.82976651862 13.9803
2016-10-17 19:49:53.674000 4306.886 3.862 50.909 34.161 53.222 5.815 14.6404 50.5066 28.6564 6.5853 5.3493 8.6429 5.8271 1.8707 1.7176 9.197 6.76728633261 13.9339
2016-10-17 19:50:56.414000 4369.626 4.098 50.902 34.614 53.217 5.68 13.7712 50.4033 28.5959 6.4423 21.3822 8.5364 5.6811 1.7182 1.5806 9.106 6.57984577458 13.8979
2016-10-17 19:51:59.214000 4432.426 3.758 50.893 34.11 53.209 5.543 12.9058 50.1045 28.5252 6.2978 26.1518 8.4295 5.5364 1.5703 1.4449 9.015 7.37247931942 13.8626
2016-10-17 19:53:02.104000 4495.316 4.019 50.881 34.36 53.2 5.408 12.0476 49.8118 28.4516 6.1511 29.3989 8.3233 5.391 1.4598 1.3217 8.923 6.73604623961 13.8325
2016-10-17 19:54:04.944000 4558.156 3.719 50.868 34.785 53.188 5.255 11.446 49.8395 28.3797 5.9883 31.4245 8.2124 5.2347 1.861 1.3374 8.817 7.01944515931 2.1034
2016-10-17 19:55:07.874000 4621.086 3.649 50.852 34.215 53.174 5.239 11.1158 49.7735 28.3457 5.8982 32.8013 8.1172 5.2133 1.5852 1.2684 8.774 6.46204073261 1.7428
2016-10-17 19:56:10.814000 4684.026 3.844 50.833 34.036 53.157 5.159 10.5844 50.0766 28.2869 5.8143 29.586 8.0317 5.1253 1.4337 1.2053 8.726 6.61108586759 1.5858
2016-10-17 19:57:13.784000 4746.996 3.771 50.813 34.619 53.143 5.07 9.9944 50.4428 28.2292 5.7282 27.9324 7.9508 5.0307 1.3572 1.1704 8.672 6.40947011861 1.502
2016-10-17 19:58:16.785000 4809.997 3.559 50.796 33.925 53.12 4.984 9.397 50.4204 28.1722 5.6416 27.317 7.8734 4.9378 1.3142 1.1536 8.617 6.30432889062 1.4525
2016-10-17 19:59:19.825000 4873.037 3.754 50.773 34.566 53.103 4.903 8.8386 50.1887 28.1221 5.5513 27.0146 7.798 4.852 1.2907 1.1443 8.564 6.17290235563 1.4207
2016-10-17 20:00:22.905000 4936.117 3.692 50.752 34.469 53.084 4.832 8.3336 49.9405 28.0693 5.464 26.8921 7.7274 4.7749 1.2744 1.1381 8.514 5.91883008792 1.3981
2016-10-17 20:01:26.015000 4999.227 3.491 50.732 34.595 53.068 4.769 7.8868 49.6872 28.0296 5.3837 26.8461 7.6606 4.7083 1.2617 1.1337 8.474 5.7333422952 1.3791
2016-10-17 20:02:29.135000 5062.347 3.52 50.709 33.841 53.047 4.72 7.5199 49.8637 27.9968 5.3162 26.8306 7.599 4.6554 1.2532 1.1312 8.44 5.82395252865 1.3649
2016-10-17 20:03:32.295000 5125.507 3.503 50.685 33.856 53.023 4.682 7.2242 50.2441 27.9793 5.2677 26.8316 7.5445 4.6143 1.2445 1.1283 8.413 5.7333422952 1.3514
2016-10-17 20:04:35.535000 5188.747 3.709 50.666 33.948 53.004 4.652 6.9912 50.6345 27.9646 5.234 26.8391 7.4965 4.5822 1.2364 1.1257 8.391 5.84767191847 1.3388
2016-10-17 20:05:38.775000 5251.987 3.702 50.642 34.493 52.982 4.626 6.7993 50.6166 27.9556 5.205 26.8488 7.4536 4.555 1.2273 1.1202 8.374 5.33420920113 1.3264
2016-10-17 20:06:42.105000 5315.317 3.549 50.621 34.473 52.959 4.603 6.6443 50.3896 27.9426 5.1714 26.8568 7.415 4.5299 1.2198 1.118 8.358 5.31486626545 1.3158
2016-10-17 20:07:45.445000 5378.657 3.536 50.599 34.47 52.943 4.584 6.5212 50.1344 27.9406 5.139 26.8665 7.3802 4.5091 1.2136 1.1157 8.344 5.39223800816 1.3069
2016-10-17 20:08:48.815000 5442.027 3.524 50.579 34.453 52.922 4.568 6.4227 49.8858 27.9356 5.1101 26.8753 7.3494 4.4925 1.2081 1.114 8.333 4.93460415167 1.2989
2016-10-17 20:09:52.226000 5505.438 3.561 50.559 34.068 52.904 4.556 6.3452 49.6414 27.9307 5.0847 26.8827 7.322 4.479 1.2034 1.1124 8.323 4.98455939776 1.2917
2016-10-17 20:10:55.636000 5568.848 3.435 50.539 34.03 52.886 4.55 6.2862 49.8179 27.9304 5.0683 26.8903 7.2985 4.472 1.2012 1.1119 8.316 4.88464890557 1.2873
2016-10-17 20:11:59.076000 5632.288 3.454 50.518 33.79 52.866 4.547 6.2395 50.2011 27.9264 5.0652 26.8973 7.2788 4.4689 1.1978 1.1107 8.312 4.75512757598 1.2818
2016-10-17 20:13:02.616000 5695.828 3.456 50.505 33.818 52.85 4.545 6.2007 50.5977 27.9251 5.068 26.9052 7.2625 4.4669 1.1944 1.1097 8.309 4.45948785334 1.2766
2016-10-17 20:14:06.186000 5759.398 3.481 50.489 33.619 52.835 4.541 6.1652 50.5824 27.9199 5.0691 26.9095 7.2483 4.4624 1.1896 1.108 8.306 4.4878244239 1.2702
2016-10-17 20:15:09.756000 5822.968 3.482 50.47 33.642 52.82 4.535 6.1322 50.3471 27.923 5.0605 26.9159 7.2345 4.4557 1.1862 1.1069 8.301 4.29859035196 1.2652
2016-10-17 20:16:13.366000 5886.578 3.475 50.457 33.662 52.806 4.529 6.1033 50.1054 27.9216 5.0481 26.9196 7.2214 4.4498 1.1834 1.1059 8.297 4.29859035196 1.2611
2016-10-17 20:17:17.016000 5950.228 3.446 50.446 34.467 52.798 4.523 6.0775 49.8546 27.922 5.0354 26.9262 7.2091 4.4428 1.1809 1.105 8.292 4.29859035196 1.2574
2016-10-17 20:18:20.716000 6013.928 3.454 50.43 34.489 52.784 4.52 6.0551 49.6006 27.9199 5.0234 26.9302 7.1977 4.4389 1.1788 1.1043 8.289 4.07621738308 1.2542
2016-10-17 20:19:24.406000 6077.618 3.43 50.417 34.223 52.768 4.519 6.0396 49.7766 27.9156 5.0175 26.9329 7.1879 4.4379 1.1789 1.1045 8.286 4.14752382584 1.2534
2016-10-17 20:20:28.126000 6141.338 3.6 50.406 34.329 52.761 4.521 6.0307 49.7475 27.9209 17.0062 26.9375 7.1795 4.4503 1.176 1.1033 8.284 3.89403118492 1.2497
2016-10-17 20:21:31.877000 6205.089 5.001 50.388 34.22 52.74 7.451 8.0192 27.5072 28.4896 19.6569 26.9462 7.7422 7.5714 1.0584 1.0667 9.739 3.99349594313 1.1435
2016-10-17 20:22:35.657000 6268.869 4.261 50.395 34.275 52.757 6.126 7.2799 13.3539 28.3168 21.2055 26.9372 7.9837 6.1238 0.6149 1.0508 9.582 3.78896771976 0.7563
2016-10-17 20:23:39.497000 6332.709 3.66 50.471 34.07 52.817 5.144 6.4663 7.1343 28.0974 22.0678 26.8772 7.9132 5.0861 0.4618 1.2488 9.035 3.84121967566 0.6361
2016-10-17 20:24:43.357000 6396.569 3.515 50.496 34.05 52.837 4.76 5.9028 6.0054 27.9913 22.8024 26.8334 7.7635 4.6781 0.4458 1.4238 8.64 3.70854815683 0.6228
2016-10-17 20:25:47.297000 6460.509 3.492 50.482 34.419 52.823 4.597 5.5886 5.6906 27.9545 23.4594 26.8141 7.6215 4.5099 0.44 1.5025 8.436 3.7789152744 0.6177
2016-10-17 20:26:51.217000 6524.429 3.659 50.465 33.959 52.808 4.514 5.4101 5.5509 27.9304 23.9402 26.813 7.501 4.4245 0.4366 1.5449 8.337 3.60303572341 0.6144
2016-10-17 20:27:55.187000 6588.399 3.46 50.446 33.585 52.792 4.467 5.3002 5.4643 27.9142 24.4348 26.8176 7.4034 4.3779 0.4342 1.571 8.284 3.61258918915 0.6124
2016-10-17 20:28:59.207000 6652.419 3.401 50.43 34.09 52.779 4.44 5.2311 5.407 27.9038 24.7908 26.8252 7.327 4.3504 0.4325 1.5869 8.254 3.63169612063 0.6109
2016-10-17 20:30:03.247000 6716.459 3.528 50.414 34.301 52.767 4.423 5.1857 5.3636 27.8978 25.0732 26.8306 7.2669 4.3334 0.431 1.5968 8.237 3.53941786573 0.6096
2016-10-17 20:31:07.307000 6780.519 3.606 50.403 33.712 52.752 4.413 5.1534 5.3281 27.8911 25.3964 26.8381 7.2199 4.3227 0.4297 1.6032 8.227 3.52128557844 0.6085
2016-10-17 20:32:11.447000 6844.659 3.413 50.39 33.764 52.74 4.406 5.1303 5.2995 27.8891 25.6387 26.8434 7.1829 4.3159 0.4287 1.6072 8.22 3.6508030521 0.6077
2016-10-17 20:33:15.598000 6908.81 3.629 50.377 34.341 52.728 4.402 5.1126 5.2749 27.8808 25.8274 26.8459 7.1542 4.3103 0.4278 1.6098 8.215 3.53035172209 0.6068
2016-10-17 20:34:19.838000 6973.05 3.438 50.366 33.605 52.719 4.397 5.0982 5.253 27.8831 25.9767 26.8456 7.1313 4.3061 0.4271 1.6114 8.211 3.58474858394 0.6061
2016-10-17 20:35:24.078000 7037.29 3.401 50.356 34.19 52.709 4.395 5.0879 5.2341 27.8831 26.1222 26.8422 7.1124 4.3035 0.4264 1.6124 8.209 3.60303572341 0.6055
2016-10-17 20:36:28.328000 7101.54 3.509 50.344 33.553 52.695 4.392 5.0775 5.2157 27.8793 26.2504 26.8381 7.0971 4.3003 0.426 1.6131 8.206 3.53035172209 0.6051
2016-10-17 20:37:32.618000 7165.83 3.395 50.336 33.948 52.691 4.389 5.0683 5.1993 27.8799 26.3543 26.8362 7.0842 4.2965 0.4256 1.6135 8.204 3.55755015301 0.6047
2016-10-17 20:38:37.068000 7230.28 3.629 50.328 33.68 52.68 4.388 5.0613 5.1838 27.8746 26.4383 26.8325 7.0731 4.2952 0.4252 1.6139 8.201 3.5756824403 0.6044
2016-10-17 20:39:41.438000 7294.65 3.398 50.318 34.348 52.674 4.386 5.0553 5.1705 27.8771 26.5089 26.8313 7.0637 4.2934 0.4249 1.6141 8.2 3.45145167022 0.604
2016-10-17 20:40:45.838000 7359.05 3.495 50.306 33.485 52.66 4.386 5.0504 5.1576 27.8719 26.5661 26.8328 7.0555 4.2931 0.4247 1.6141 8.199 3.58474858394 0.6038
2016-10-17 20:41:50.278000 7423.49 3.541 50.297 34.213 52.652 4.384 5.0449 5.1446 27.8767 26.6157 26.8316 7.0485 4.2903 0.4245 1.6142 8.197 3.54848400937 0.6036
2016-10-17 20:42:54.798000 7488.01 3.403 50.293 33.833 52.645 4.383 5.0406 5.1326 27.8696 26.6545 26.8309 7.042 4.2895 0.4244 1.6143 8.195 3.44286237549 0.6035
2016-10-17 20:43:59.298000 7552.51 3.632 50.283 33.83 52.638 4.381 5.0362 5.121 27.8744 26.6891 26.8349 7.0362 4.2875 0.4245 1.6143 8.194 3.58474858394 0.6034
2016-10-17 20:45:03.849000 7617.061 3.404 50.274 34.231 52.629 4.38 5.0328 5.1106 27.8687 26.7159 26.8376 7.0308 4.2866 0.4244 1.6143 8.192 3.56661629665 0.6033
2016-10-17 20:46:08.459000 7681.671 3.463 50.267 33.475 52.62 4.379 5.0289 5.1001 27.8744 26.74 26.838 7.0259 4.2849 0.4244 1.6142 8.191 3.53035172209 0.6032
2016-10-17 20:47:13.129000 7746.341 3.54 50.263 34.221 52.617 4.378 5.0254 5.0895 27.8696 26.7591 26.8432 7.0213 4.2831 0.4245 1.6142 8.189 3.63169612063 0.6031
2016-10-17 20:48:17.769000 7810.981 3.467 50.257 34.291 52.612 4.376 5.022 5.0796 27.873 26.7751 26.8468 7.0169 4.2811 0.4245 1.6142 8.188 3.55755015301 0.603
2016-10-17 20:49:22.519000 7875.731 3.441 50.253 33.503 52.607 4.374 5.0182 5.0672 27.8717 26.789 26.8514 7.0129 4.2798 0.4253 1.6141 8.186 3.53941786573 0.6034
2016-10-17 20:50:27.239000 7940.451 3.562 50.247 34.105 52.601 4.373 5.0156 5.0563 27.8726 26.7962 26.8611 7.009 4.2784 0.4257 1.6143 8.184 3.5122194348 0.6036
2016-10-17 20:51:32.059000 8005.271 3.489 50.241 34.256 52.594 4.372 5.0128 5.0471 27.8724 26.8115 26.8683 7.0053 4.277 0.4258 1.6144 8.183 3.41709449132 0.6036
2016-10-17 20:52:36.889000 8070.101 3.402 50.235 34.228 52.589 4.371 5.0108 5.0382 27.8664 26.8175 26.8744 7.0019 4.2757 0.4259 1.6143 8.182 3.46863025966 0.6036
2016-10-17 20:53:41.739000 8134.951 3.486 50.231 33.476 52.588 4.369 5.0077 5.0292 27.8724 26.8237 26.8788 6.9986 4.2738 0.4258 1.6143 8.18 3.52128557844 0.6034
2016-10-17 20:54:46.609000 8199.821 3.593 50.229 33.609 52.583 4.368 5.0053 5.02 27.8709 26.831 26.8827 6.9955 4.273 0.4261 1.6144 8.179 3.49439814384 0.6035
2016-10-17 20:55:51.549000 8264.761 3.63 50.225 33.79 52.579 4.367 5.0034 5.0117 27.8717 26.8304 26.8887 6.9926 4.2718 0.4263 1.6143 8.178 3.50315329116 0.6036
2016-10-17 20:56:56.510000 8329.722 3.585 50.22 33.986 52.573 4.366 5.0015 5.0033 27.8726 26.8398 26.8924 6.9897 4.2705 0.4266 1.6144 8.177 3.46004096494 0.6037
2016-10-17 20:58:01.500000 8394.712 3.544 50.218 34.153 52.571 4.365 4.9997 4.9952 27.8713 26.8404 26.8976 6.987 4.2693 0.4265 1.6145 8.176 3.54848400937 0.6035
2016-10-17 20:59:06.540000 8459.752 3.455 50.213 34.269 52.564 4.364 4.9981 4.988 27.8707 26.8417 26.9003 6.9844 4.2682 0.4263 1.6147 8.175 3.45145167022 0.6034
2016-10-17 21:00:11.600000 8524.812 3.404 50.21 34.207 52.562 4.363 4.9962 4.9807 27.873 26.8475 26.9037 6.9818 4.2671 0.426 1.6146 8.174 3.54848400937 0.6032
2016-10-17 21:01:16.750000 8589.962 3.391 50.205 33.929 52.559 4.362 4.9945 4.9736 27.8691 26.849 26.9034 6.9794 4.2661 0.4256 1.6148 8.173 3.5122194348 0.6029
2016-10-17 21:02:21.880000 8655.092 3.442 50.204 33.711 52.556 4.36 4.9931 4.9655 27.866 26.8501 26.9043 6.9769 4.2644 0.4265 1.6147 8.171 3.44286237549 0.6033
2016-10-17 21:03:27.050000 8720.262 3.399 50.2 34.201 52.554 4.359 4.9907 4.9315 27.8702 26.8519 26.9229 6.9742 4.2624 0.4693 1.615 8.17 3.42568378604 0.6284
2016-10-17 21:04:32.280000 8785.492 3.379 50.197 33.95 52.552 4.324 4.9692 4.336 27.8644 26.8225 27.1384 6.9693 4.2243 1.2978 1.6308 8.159 3.62214265489 1.343
2016-10-17 21:05:37.520000 8850.732 3.414 50.196 34.262 52.548 4.287 4.9679 3.9497 27.8534 26.8015 27.3349 6.9581 4.1831 2.0795 1.6531 8.139 3.53035172209 2.1342
2016-10-17 21:06:42.830000 8916.042 3.363 50.191 34.067 52.545 4.275 4.9914 3.8401 27.8576 26.7972 27.4314 6.9465 4.168 2.5997 1.6672 8.126 3.5122194348 2.6648
2016-10-17 21:07:48.160000 8981.372 3.455 50.187 34.255 52.542 4.271 5.0197 3.7974 27.8597 26.803 27.4656 6.937 4.1638 3.0079 1.6757 8.12 3.53941786573 3.089
2016-10-17 21:08:53.531000 9046.743 3.581 50.184 33.874 52.535 4.271 5.0472 3.7782 27.8597 26.8086 27.4695 6.9298 4.1639 3.3481 1.6806 8.118 3.66990998358 3.4429
2016-10-17 21:09:58.911000 9112.123 3.473 50.179 34.078 52.534 4.27 5.0705 3.7672 27.8594 26.8115 27.4544 6.9241 4.1635 3.6402 1.6838 8.117 3.64124958636 3.7454
2016-10-17 21:11:04.321000 9177.533 3.59 50.177 33.658 52.53 4.272 5.0908 3.7623 27.8554 26.8096 27.4343 6.9197 4.1652 3.8958 1.6859 8.117 3.83065737381 4.0155
2016-10-17 21:12:09.721000 9242.933 3.417 50.172 33.457 52.527 4.274 5.1085 3.7601 27.8624 26.8173 27.4114 6.9165 4.1676 4.1229 1.6873 8.117 3.7789152744 4.2568
2016-10-17 21:13:15.241000 9308.453 3.364 50.168 33.979 52.522 4.274 5.1222 3.7586 27.8622 26.8203 27.3827 6.9139 4.1685 4.3321 1.6886 8.117 3.85178197751 4.4737
2016-10-17 21:14:20.761000 9373.973 3.423 50.168 34.243 52.52 4.276 5.1342 3.7572 27.8622 26.8215 27.359 6.9118 4.1704 4.5224 1.6894 8.118 3.99349594313 4.6722
2016-10-17 21:15:26.321000 9439.533 3.558 50.163 33.998 52.515 4.277 5.1447 3.7564 27.8624 26.8228 27.3345 6.9102 4.1715 4.6956 1.6903 8.118 3.971327096 4.8572
2016-10-17 21:16:31.871000 9505.083 3.38 50.158 33.513 52.512 4.279 5.154 3.7569 27.8634 26.8234 27.3128 6.9088 4.174 4.8571 1.691 8.119 4.19506145435 5.0304
2016-10-17 21:17:37.541000 9570.753 3.385 50.156 34.202 52.509 4.28 5.1616 3.756 27.8573 26.8246 27.2901 6.9075 4.1744 5.0105 1.6918 8.119 4.20759729212 5.1879
2016-10-17 21:18:43.171000 9636.383 3.526 50.155 34.153 52.509 4.279 5.1677 3.755 27.8628 26.8228 27.267 6.9062 4.1737 5.1496 1.6923 8.119 4.28559134341 5.3429
2016-10-17 21:19:48.881000 9702.093 3.6 50.154 33.759 52.505 4.28 5.1737 3.7542 27.8634 26.8234 27.2495 6.9049 4.1746 5.2838 1.693 8.118 4.31158936051 5.4819
2016-10-17 21:20:54.642000 9767.854 3.368 50.152 33.952 52.503 4.28 5.1792 3.7546 27.8634 26.8276 27.2313 6.9036 4.1754 5.4105 1.6935 8.119 4.43115128278 5.6197
2016-10-17 21:22:00.572000 9833.784 3.601 50.147 33.768 52.5 4.281 5.184 3.754 27.8622 26.828 27.2147 6.9025 4.1758 5.5322 1.694 8.118 4.35058638615 5.7445
2016-10-17 21:23:06.502000 9899.714 3.374 50.145 33.878 52.496 4.282 5.1889 3.7547 27.8639 26.8294 27.1985 6.9013 4.1769 5.6458 1.6947 8.119 4.60127129354 5.871
2016-10-17 21:24:12.582000 9965.794 3.555 50.139 34.02 52.493 4.283 5.1935 3.7554 27.8622 26.8301 27.1848 6.9004 4.1778 5.7521 1.6952 8.119 4.50199270918 5.9879
2016-10-17 21:25:18.572000 10031.784 3.384 50.138 33.695 52.491 4.283 5.1977 3.7551 27.8634 26.8304 27.1716 6.8993 4.1784 5.8616 1.6957 8.119 4.5586658503 6.0949
2016-10-17 21:26:24.632000 10097.844 3.562 50.138 33.992 52.49 4.283 5.2007 3.7536 27.8632 26.8258 27.1579 6.8983 4.178 5.9591 1.6961 8.118 4.5586658503 6.2064
2016-10-17 21:27:31.212000 10164.424 3.443 50.135 34.238 52.487 4.283 5.2039 3.7539 27.8594 26.8291 27.146 6.8973 4.1779 6.0532 1.6967 8.118 4.72435631949 6.3061
2016-10-17 21:28:37.692000 10230.904 3.367 50.133 34.051 52.485 4.283 5.2071 3.753 27.8576 26.8301 27.1369 6.8962 4.1779 6.1458 1.697 8.118 4.5586658503 6.4033
2016-10-17 21:29:43.932000 10297.144 3.403 50.131 33.571 52.482 4.283 5.21 3.7529 27.8634 26.8313 27.1253 6.8951 4.1782 6.2336 1.6977 8.118 4.70897069125 6.4994
2016-10-17 21:30:50.582000 10363.794 3.536 50.13 33.643 52.484 4.284 5.2133 3.7535 27.8644 26.8315 27.1177 6.8942 4.1788 6.3159 1.6981 8.118 4.693585063 6.5894
2016-10-17 21:31:57.162000 10430.374 3.577 50.126 33.869 52.477 4.284 5.2161 3.753 27.8634 26.8313 27.1101 6.8932 4.1785 6.3956 1.6986 8.117 4.57283413558 6.6818
2016-10-17 21:33:03.293000 10496.505 3.373 50.122 33.817 52.474 4.283 5.2189 3.7535 27.8634 26.8315 27.1002 6.8923 4.1791 6.4761 1.6989 8.117 4.83469365948 6.7689
2016-10-17 21:34:09.433000 10562.645 3.584 50.122 33.878 52.473 4.284 5.2216 3.7527 27.8639 26.8304 27.0938 6.8914 4.1791 6.5527 1.6994 8.117 4.693585063 6.8543
2016-10-17 21:35:15.643000 10628.855 3.49 50.118 34.212 52.469 4.285 5.2248 3.7537 27.865 26.8307 27.088 6.8903 4.1802 6.6256 1.6998 8.117 4.90130065427 6.9344
2016-10-17 21:36:21.903000 10695.115 3.46 50.117 33.401 52.465 4.286 5.2281 3.7548 27.8634 26.8294 27.0814 6.8897 4.1821 6.7014 1.7001 8.118 4.83469365948 7.0136
2016-10-17 21:37:28.213000 10761.425 3.569 50.108 33.967 52.462 4.286 5.2304 3.755 27.8634 26.8276 27.0754 6.889 4.1818 6.7725 1.7007 8.118 4.73974194774 7.0888
2016-10-17 21:38:34.543000 10827.755 3.391 50.111 33.635 52.459 4.286 5.233 3.7548 27.8591 26.8322 27.0705 6.8882 4.1816 6.8402 1.7011 8.117 4.85134540818 7.1639
2016-10-17 21:39:40.943000 10894.155 3.503 50.11 33.467 52.459 4.286 5.235 3.7534 27.8576 26.832 27.0684 6.8873 4.1818 6.9056 1.7017 8.117 5.01926895274 7.2323
2016-10-17 21:40:47.353000 10960.565 3.591 50.107 33.847 52.457 4.287 5.2374 3.7544 27.8632 26.8325 27.0643 6.8864 4.1822 6.9699 1.702 8.117 4.95125590036 7.3029
2016-10-17 21:41:53.843000 11027.055 3.481 50.104 34.214 52.455 4.287 5.2396 3.7543 27.8632 26.8315 27.0614 6.8857 4.1821 7.0354 1.7024 8.117 4.90130065427 7.3735
2016-10-17 21:43:00.353000 11093.565 3.375 50.104 34.117 52.454 4.286 5.2414 3.7544 27.8632 26.8325 27.0565 6.8847 4.182 7.0952 1.7025 8.117 4.96790764906 7.437
2016-10-17 21:44:06.933000 11160.145 3.389 50.1 33.65 52.452 4.287 5.2437 3.7544 27.8634 26.8285 27.0543 6.8839 4.1824 7.1532 1.7028 8.116 4.83469365948 7.5005
2016-10-17 21:45:13.504000 11226.716 3.522 50.1 33.609 52.453 4.287 5.2456 3.7541 27.8587 26.8328 27.0522 6.8831 4.1827 7.21 1.7032 8.116 4.88464890557 7.56
2016-10-17 21:46:20.094000 11293.306 3.596 50.095 33.828 52.447 4.287 5.2473 3.7541 27.8639 26.8325 27.0499 6.8822 4.1829 7.2643 1.7037 8.116 5.07315636952 7.6221
2016-10-17 21:47:26.874000 11360.086 3.588 50.098 33.6 52.444 4.287 5.2489 3.7545 27.8644 26.8325 27.048 6.8814 4.1829 7.3213 1.7041 8.116 5.09111884178 7.6806
2016-10-17 21:48:33.584000 11426.796 3.534 50.094 34.118 52.444 4.286 5.2506 3.7533 27.8639 26.832 27.0449 6.8805 4.1821 7.3758 1.7045 8.116 5.16296873083 7.7395
2016-10-17 21:49:40.294000 11493.506 3.594 50.095 33.829 52.444 4.288 5.253 3.7544 27.8654 26.828 27.0415 6.8796 4.1834 7.4276 1.7048 8.115 5.07315636952 7.7925
2016-10-17 21:50:47.044000 11560.256 3.461 50.091 34.237 52.442 4.287 5.2544 3.7534 27.8628 26.8322 27.0409 6.8788 4.1825 7.4774 1.7052 8.115 5.21815158705 7.8485
2016-10-17 21:51:53.844000 11627.066 3.543 50.091 34.079 52.44 4.288 5.2566 3.7542 27.865 26.834 27.0377 6.878 4.1833 7.5265 1.7057 8.115 5.07315636952 7.8967
2016-10-17 21:53:00.634000 11693.846 3.587 50.089 34.231 52.438 4.287 5.2586 3.7537 27.8646 26.8328 27.0347 6.877 4.1824 7.5719 1.7061 8.115 5.29552332977 7.9529
2016-10-17 21:54:07.494000 11760.716 3.477 50.092 34.345 52.444 4.287 5.26 3.7534 27.8597 26.8315 27.0328 6.8761 4.1826 7.6149 1.7063 8.115 5.09111884178 8.0039
2016-10-17 21:55:14.654000 11827.866 3.545 50.088 34.134 52.435 4.287 5.2616 3.7542 27.865 26.8325 27.0314 6.8752 4.1833 7.6624 1.7065 8.115 5.18093120309 8.058
2016-10-17 21:56:22.344000 11895.566 3.371 50.083 34.052 52.435 4.287 5.2633 3.7541 27.8644 26.8289 27.0314 6.8744 4.1831 7.7086 1.7066 8.115 5.10908131404 8.1051
2016-10-17 21:57:30.995000 11964.207 3.37 50.082 33.999 52.43 4.288 5.265 3.7546 27.8656 26.8298 27.0299 6.8737 4.1837 7.7514 1.7071 8.115 5.21815158705 8.153
2016-10-17 21:58:37.985000 12031.197 3.373 50.082 34.07 52.429 4.288 5.2662 3.7542 27.8597 26.8331 27.0309 6.8728 4.1836 7.7975 1.7073 8.114 5.1270437863 8.1996
2016-10-17 21:59:44.975000 12098.187 3.38 50.079 34.141 52.429 4.288 5.2672 3.7539 27.865 26.8325 27.0289 6.8722 4.1835 7.8374 1.7076 8.114 5.29552332977 8.2463
2016-10-17 22:00:52.025000 12165.237 3.392 50.079 34.189 52.427 4.287 5.2685 3.7534 27.8628 26.8301 27.0261 6.8712 4.1834 7.878 1.7079 8.114 5.31486626545 8.2915
2016-10-17 22:01:59.145000 12232.357 3.47 50.075 34.213 52.424 4.288 5.2699 3.7539 27.8639 26.8331 27.0261 6.8704 4.184 7.9155 1.7083 8.114 5.27618039409 8.338
2016-10-17 22:03:06.285000 12299.497 3.497 50.073 34.051 52.423 4.286 5.1957 3.7511 27.8618 26.8331 27.024 6.8697 4.1816 7.9594 2.5752 8.114 5.23749452273 8.3819
2016-10-17 22:04:13.415000 12366.627 3.44 50.072 33.398 52.42 4.266 4.9137 3.7195 27.8461 26.823 27.0272 6.8695 4.1562 8.0011 3.6294 8.107 5.3535521368 8.427
2016-10-17 22:05:20.625000 12433.837 3.393 50.068 33.566 52.417 4.243 4.6751 3.6862 27.833 26.8221 27.0415 6.8677 4.1275 8.043 4.365 8.094 5.45404328384 8.4751
2016-10-17 22:06:27.865000 12501.077 3.468 50.067 34.18 52.414 4.225 4.5008 3.6616 27.8248 26.8183 27.0607 6.8639 4.1065 8.0898 4.9344 8.083 5.4332471431 8.5235
2016-10-17 22:07:35.175000 12568.387 3.487 50.062 34.162 52.411 4.212 4.3688 3.6433 27.8212 26.8164 27.0894 6.8595 4.0907 8.1356 5.4042 8.074 5.45404328384 8.5815
2016-10-17 22:08:42.496000 12635.708 3.469 50.06 33.39 52.408 4.202 4.2682 3.6307 27.8188 26.8142 27.1215 6.8553 4.079 8.1846 5.8017 8.067 5.07315636952 8.6342
2016-10-17 22:09:49.876000 12703.088 3.346 50.058 33.425 52.406 4.193 4.1879 3.6187 27.8142 26.8124 27.1646 6.8517 4.0685 8.2341 6.1488 8.062 5.29552332977 8.6868
2016-10-17 22:10:57.256000 12770.468 3.375 50.055 34.189 52.403 4.185 4.1243 3.6097 27.8174 26.8122 27.2044 6.8484 4.0608 8.2904 6.4525 8.057 5.55802398752 8.7464
2016-10-17 22:12:04.826000 12838.038 3.568 50.049 33.637 52.399 4.18 4.074 3.6029 27.8142 26.8124 27.246 6.8458 4.0551 8.3414 6.734 8.054 5.27618039409 8.8044
2016-10-17 22:13:12.266000 12905.478 3.346 50.05 33.806 52.396 4.176 4.0317 3.5977 27.8188 26.8106 27.2891 6.8438 4.0507 8.3934 6.9905 8.051 5.59961626899 8.8587
2016-10-17 22:14:19.846000 12973.058 3.513 50.045 33.988 52.394 4.173 3.9982 3.5929 27.8138 26.8096 27.3349 6.8422 4.0474 8.4436 7.2226 8.049 5.4332471431 8.9238
2016-10-17 22:15:27.346000 13040.558 3.348 50.042 33.43 52.389 4.171 3.9696 3.5902 27.8223 26.8106 27.3761 6.8412 4.0443 8.4984 7.4364 8.047 5.49563556531 8.9817
2016-10-17 22:16:34.886000 13108.098 3.567 50.04 34.204 52.387 4.169 3.9461 3.587 27.816 26.8103 27.4223 6.8405 4.0426 8.5508 7.6308 8.045 5.53722784678 9.044
2016-10-17 22:17:42.486000 13175.698 3.363 50.036 33.637 52.384 4.167 3.9261 3.5852 27.824 26.8109 27.4635 6.84 4.0403 8.6079 7.8168 8.044 5.49563556531 9.1004
2016-10-17 22:18:50.156000 13243.368 3.409 50.033 34.185 52.382 4.166 3.9098 3.5831 27.8223 26.8086 27.508 6.8398 4.0398 8.66 7.9877 8.043 5.71105002305 9.1623
2016-10-17 22:19:57.826000 13311.038 3.536 50.03 33.509 52.379 4.165 3.8962 3.5821 27.8259 26.8115 27.5477 6.8398 4.0385 8.7168 8.1491 8.042 5.3535521368 9.2193
2016-10-17 22:21:05.517000 13378.729 3.488 50.027 34.093 52.376 4.164 3.8827 3.5806 27.8238 26.8091 27.5893 6.8402 4.0375 8.7688 8.3043 8.042 5.57882012825 9.2819
2016-10-17 22:22:13.257000 13446.469 3.411 50.025 33.374 52.375 4.162 3.8719 3.5781 27.824 26.8064 27.6303 6.8401 4.0348 8.8235 8.4469 8.04 5.66646547876 9.3437
2016-10-17 22:23:21.027000 13514.239 3.543 50.025 33.873 52.373 4.161 3.861 3.5764 27.825 26.8106 27.6692 6.8404 4.034 8.8776 8.5871 8.039 5.51643170605 9.4082
2016-10-17 22:24:28.877000 13582.089 3.387 50.021 33.422 52.37 4.161 3.8538 3.5762 27.8198 26.8087 27.7063 6.8407 4.0335 8.9315 8.7226 8.039 5.66646547876 9.4684
2016-10-17 22:25:36.687000 13649.899 3.56 50.019 33.747 52.365 4.161 3.8471 3.5767 27.8265 26.81 27.743 6.8412 4.0339 8.9837 8.8452 8.039 5.7333422952 9.524
2016-10-17 22:26:44.587000 13717.799 3.368 50.017 34.201 52.365 4.16 3.8395 3.5741 27.8265 26.8096 27.78 6.8417 4.0323 9.0409 8.9707 8.038 5.47483942457 9.583
2016-10-17 22:27:52.647000 13785.859 3.375 50.017 33.525 52.364 4.159 3.8339 3.5736 27.8216 26.8082 27.8147 6.8421 4.0314 9.0941 9.0867 8.037 5.59961626899 9.6507
2016-10-17 22:29:00.627000 13853.839 3.572 50.012 33.672 52.361 4.159 3.8296 3.5743 27.8265 26.81 27.8465 6.8426 4.0321 9.1461 9.199 8.037 5.80023313883 9.7057
2016-10-17 22:30:08.597000 13921.809 3.391 50.009 34.196 52.357 4.159 3.8245 3.5733 27.8265 26.8096 27.8797 6.8432 4.0319 9.2021 9.3054 8.037 5.66646547876 9.7678
2016-10-17 22:31:16.637000 13989.849 3.358 50.01 33.602 52.355 4.159 3.8207 3.5729 27.8227 26.8054 27.9098 6.8438 4.0312 9.2519 9.4121 8.036 5.59961626899 9.8276
2016-10-17 22:32:24.698000 14057.91 3.572 50.008 33.702 52.355 4.159 3.8172 3.5733 27.8279 26.8091 27.9416 6.8444 4.0313 9.3065 9.5114 8.036 5.80023313883 9.8857
2016-10-17 22:33:32.818000 14126.03 3.399 50.003 34.196 52.352 4.158 3.8129 3.5714 27.8279 26.8086 27.9717 6.8449 4.0303 9.3635 9.6108 8.036 5.7333422952 9.9411
2016-10-17 22:34:40.978000 14194.19 3.356 50.005 33.629 52.348 4.158 3.8104 3.5718 27.8229 26.81 28.0037 6.8456 4.031 9.4117 9.7044 8.035 5.80023313883 10.0048
2016-10-17 22:35:49.208000 14262.42 3.363 50.002 33.568 52.348 4.158 3.8078 3.571 27.8271 26.805 28.0519 6.8462 4.0303 9.4638 9.796 8.035 5.75563456734 10.0602
2016-10-17 22:36:57.478000 14330.69 3.559 49.998 33.587 52.346 4.157 3.8042 3.5699 27.8286 26.8096 28.0956 6.8467 4.029 9.5144 9.8829 8.034 5.59961626899 10.1222
2016-10-17 22:38:05.818000 14399.03 3.558 49.998 33.58 52.343 4.157 3.8014 3.5692 27.8279 26.8094 28.1427 6.8471 4.0286 9.5652 9.9709 8.034 5.59961626899 10.1797
2016-10-17 22:39:14.148000 14467.36 3.558 49.998 33.588 52.345 4.156 3.7988 3.5682 27.8223 26.8096 28.1873 6.8474 4.0279 9.6171 10.0529 8.033 6.09404643464 10.2337
2016-10-17 22:40:22.478000 14535.69 3.447 49.998 34.175 52.343 4.154 3.796 3.5672 27.8281 26.8045 28.2303 6.8478 4.0266 9.6666 10.1343 8.033 5.66646547876 10.2918
2016-10-17 22:41:30.938000 14604.15 3.448 49.996 34.173 52.342 4.155 3.7952 3.5683 27.8271 26.8096 28.2733 6.8481 4.0277 9.7206 10.2095 8.032 6.04147582064 10.3481
2016-10-17 22:42:39.368000 14672.58 3.427 49.995 34.318 52.344 4.155 3.7928 3.5683 27.8297 26.8094 28.3124 6.8486 4.0272 9.7719 10.2833 8.032 5.84767191847 10.4069
2016-10-17 22:43:47.838000 14741.05 3.427 49.992 34.198 52.337 4.155 3.7906 3.5673 27.8279 26.8087 28.3536 6.8491 4.0271 9.8178 10.3616 8.032 5.8951106981 10.4631
2016-10-17 22:44:56.459000 14809.671 3.426 49.989 34.196 52.336 4.155 3.7896 3.5669 27.8293 26.8087 28.3912 6.8496 4.0274 9.8669 10.4352 8.032 5.62188093447 10.5179
2016-10-17 22:46:04.989000 14878.201 3.447 49.991 34.184 52.335 4.154 3.7876 3.5661 27.8244 26.8087 28.4321 6.85 4.0264 9.9156 10.5043 8.031 6.01519051364 10.5683
2016-10-17 22:47:13.509000 14946.721 3.427 49.987 34.178 52.334 4.155 3.7875 3.5678 27.8286 26.8054 28.4696 6.8504 4.0278 9.9612 10.573 8.031 5.75563456734 10.6258
2016-10-17 22:48:22.119000 15015.331 3.568 49.986 34.202 52.33 4.154 3.7856 3.5666 27.8281 26.8058 28.5053 6.8508 4.0262 10.0129 10.6398 8.031 5.87139130828 10.6772
2016-10-17 22:49:30.749000 15083.961 3.542 49.986 33.818 52.331 4.156 3.7852 3.5687 27.8281 26.8094 28.5423 6.8514 4.0275 10.0556 10.703 8.031 5.77792683949 10.7333
2016-10-17 22:50:39.379000 15152.591 3.53 49.985 34.006 52.331 4.155 3.7834 3.5673 27.8297 26.8115 28.5803 6.8518 4.027 10.1092 10.7689 8.031 6.04147582064 10.7881
2016-10-17 22:51:48.049000 15221.261 3.529 49.98 33.94 52.327 4.156 3.7825 3.5668 27.8286 26.8103 28.6141 6.8523 4.0271 10.1532 10.8339 8.031 6.19918766263 10.8389
2016-10-17 22:52:56.769000 15289.981 3.424 49.981 33.38 52.325 4.153 3.7799 3.5652 27.8275 26.8072 28.6467 6.8528 4.0254 10.201 10.892 8.03 6.09404643464 10.8915
2016-10-17 22:54:05.519000 15358.731 3.426 49.982 33.363 52.326 4.154 3.7801 3.566 27.8271 26.8094 28.6788 6.853 4.0263 10.2442 10.9541 8.03 5.87139130828 10.9435
2016-10-17 22:55:14.359000 15427.571 3.339 49.978 33.842 52.322 4.153 3.7784 3.5652 27.8297 26.81 28.7127 6.8533 4.0258 10.2909 11.0074 8.03 5.87139130828 10.9959
2016-10-17 22:56:23.180000 15496.392 3.341 49.977 33.886 52.322 4.154 3.7783 3.5655 27.825 26.8091 28.7423 6.8537 4.0265 10.3358 11.0644 8.03 6.14661704863 11.0473
2016-10-17 22:57:32.010000 15565.222 3.466 49.975 34.157 52.322 4.154 3.7775 3.5656 27.8227 26.8094 28.7744 6.854 4.026 10.3811 11.1212 8.03 5.87139130828 11.0986
2016-10-17 22:58:40.940000 15634.152 3.556 49.974 33.585 52.321 4.153 3.7756 3.5649 27.8234 26.81 28.8001 6.8544 4.0246 10.4306 11.1764 8.029 6.22547296963 11.1492
2016-10-17 22:59:49.880000 15703.092 3.366 49.975 33.516 52.32 4.153 3.775 3.5646 27.8229 26.8096 28.8305 6.8545 4.0254 10.4712 11.2306 8.029 5.91883008792 11.1975
2016-10-17 23:00:59.050000 15772.262 3.364 49.978 34.299 52.324 4.152 3.7736 3.5635 27.8229 26.8076 28.8636 6.8548 4.0244 10.5169 11.2844 8.028 6.09404643464 11.2463
2016-10-17 23:02:08.100000 15841.312 3.552 49.978 33.939 52.323 4.152 3.7727 3.5634 27.824 26.8087 28.8925 6.8549 4.0233 10.5614 11.34 8.028 5.8951106981 11.2984
2016-10-17 23:03:17.130000 15910.342 3.385 49.976 33.407 52.318 4.152 3.7717 3.5635 27.8244 26.8094 28.9174 6.8551 4.0236 10.6067 11.3829 8.028 6.09404643464 11.3456
2016-10-17 23:04:26.200000 15979.412 3.335 49.976 33.935 52.318 4.151 3.7706 3.5616 27.8229 26.8082 28.9421 6.8553 4.023 10.6449 11.4341 8.027 6.27804358362 11.3937
2016-10-17 23:05:35.310000 16048.522 3.523 49.975 33.465 52.318 4.151 3.77 3.5622 27.8279 26.8078 28.9693 6.8555 4.0227 10.688 11.4814 8.027 6.06776112764 11.4403
2016-10-17 23:06:44.450000 16117.662 3.341 49.973 33.778 52.318 4.151 3.7696 3.5625 27.8275 26.8094 28.9954 6.8557 4.0233 10.7255 11.5299 8.027 5.94254947774 11.4933
2016-10-17 23:07:53.641000 16186.853 3.43 49.971 34.181 52.314 4.152 3.7695 3.5625 27.8261 26.8087 29.0157 6.856 4.0235 10.7722 11.5801 8.027 6.30432889062 11.5349
2016-10-17 23:09:02.871000 16256.083 3.373 49.969 33.603 52.311 4.153 3.7698 3.5642 27.8281 26.8096 29.0336 6.8564 4.0247 10.8128 11.627 8.027 5.98998825737 11.5888
2016-10-17 23:10:12.111000 16325.323 3.354 49.969 34.142 52.313 4.152 3.7684 3.5634 27.8269 26.8103 29.0525 6.8567 4.024 10.8557 11.6707 8.027 6.30432889062 11.6339
2016-10-17 23:11:21.431000 16394.643 3.43 49.967 33.367 52.311 4.153 3.7691 3.5642 27.8271 26.81 29.0681 6.8569 4.0246 10.8943 11.7141 8.027 6.04147582064 11.6824
2016-10-17 23:12:30.761000 16463.973 3.341 49.968 33.875 52.309 4.153 3.7689 3.565 27.8286 26.8087 29.086 6.8572 4.0251 10.9345 11.7607 8.027 6.35689950462 11.7306
2016-10-17 23:13:40.331000 16533.543 3.361 49.966 33.535 52.309 4.152 3.7684 3.5635 27.8286 26.805 29.1037 6.8575 4.0245 10.9785 11.806 8.027 6.30432889062 11.7766
2016-10-17 23:14:49.741000 16602.953 3.393 49.964 34.182 52.306 4.154 3.769 3.5652 27.8248 26.8054 29.1207 6.8578 4.0255 11.0145 11.8436 8.028 6.04147582064 11.8168
2016-10-17 23:15:59.181000 16672.393 3.389 49.963 33.407 52.306 4.153 3.7679 3.5649 27.8259 26.8103 29.1382 6.8582 4.0254 11.0553 11.8829 8.027 6.09404643464 11.864
2016-10-17 23:17:08.681000 16741.893 3.516 49.962 33.991 52.305 4.153 3.767 3.5632 27.8293 26.8096 29.1543 6.8584 4.0242 11.0941 11.9287 8.027 6.14661704863 11.9044
2016-10-17 23:18:18.201000 16811.413 3.341 49.961 33.822 52.302 4.153 3.7671 3.5648 27.8291 26.8115 29.1703 6.8585 4.0253 11.1336 11.9652 8.027 6.30432889062 11.9494
2016-10-17 23:19:27.761000 16880.973 3.557 49.964 33.57 52.304 4.153 3.7663 3.564 27.8271 26.8096 29.1837 6.8586 4.0244 11.1709 12.0094 8.027 6.40947011861 11.9963
2016-10-17 23:20:37.412000 16950.624 3.564 49.96 33.746 52.301 4.153 3.7673 3.5648 27.8291 26.8067 29.2011 6.8588 4.0248 11.2127 12.0447 8.027 5.98998825737 12.0394
2016-10-17 23:21:47.062000 17020.274 3.344 49.958 34.074 52.3 4.153 3.7658 3.564 27.8238 26.8087 29.2194 6.859 4.025 11.2464 12.0843 8.027 6.35689950462 12.0828
2016-10-17 23:22:56.752000 17089.964 3.425 49.958 33.354 52.299 4.153 3.7661 3.5643 27.8275 26.8091 29.2315 6.8592 4.0249 11.288 12.1239 8.027 6.33061419762 12.131
2016-10-17 23:24:06.502000 17159.714 3.537 49.956 33.665 52.302 4.153 3.765 3.564 27.8281 26.8103 29.2477 6.8594 4.0244 11.3245 12.1651 8.027 6.33061419762 12.1715
2016-10-17 23:25:16.282000 17229.494 3.556 49.956 34.182 52.297 4.153 3.7657 3.5642 27.8275 26.8058 29.2628 6.8595 4.0247 11.3619 12.1936 8.026 6.35689950462 12.2118
2016-10-17 23:26:26.302000 17299.514 3.521 49.955 34.083 52.295 4.153 3.7646 3.5632 27.8223 26.8086 29.279 6.8595 4.0247 11.4018 12.2294 8.026 6.14661704863 12.2531
2016-10-17 23:27:36.132000 17369.344 3.338 49.954 33.902 52.297 4.153 3.7643 3.5643 27.8286 26.8103 29.2922 6.8596 4.0249 11.4338 12.2706 8.026 6.22547296963 12.2938
2016-10-17 23:28:45.982000 17439.194 3.359 49.951 33.589 52.292 4.154 3.7656 3.565 27.8293 26.8076 29.3052 6.8597 4.0259 11.468 12.3042 8.026 6.09404643464 12.3409
2016-10-17 23:29:55.902000 17509.114 3.39 49.95 33.402 52.291 4.153 3.7641 3.5641 27.8229 26.8076 29.3191 6.8599 4.0245 11.5065 12.3363 8.026 6.04147582064 12.3761
2016-10-17 23:31:05.852000 17579.064 3.458 49.951 33.395 52.293 4.152 3.7628 3.5625 27.8254 26.8076 29.3334 6.86 4.0238 11.5379 12.3742 8.026 6.48832603961 12.4209
2016-10-17 23:32:15.843000 17649.055 3.569 49.95 34.182 52.292 4.153 3.7633 3.5644 27.8297 26.8076 29.3453 6.86 4.0243 11.5743 12.4114 8.025 6.43575542561 12.4621
2016-10-17 23:33:25.893000 17719.105 3.521 49.948 33.968 52.289 4.153 3.7633 3.5638 27.8208 26.8042 29.3558 6.86 4.0245 11.613 12.4433 8.026 6.54860568158 12.5004
2016-10-17 23:34:36.013000 17789.225 3.436 49.947 34.173 52.289 4.153 3.7629 3.564 27.8275 26.8076 29.3714 6.8601 4.0249 11.6491 12.4701 8.025 6.57984577458 12.5432
2016-10-17 23:35:46.113000 17859.335 3.37 49.945 34.163 52.286 4.153 3.7638 3.5644 27.8275 26.8082 29.386 6.8603 4.0249 11.6818 12.5112 8.026 6.27804358362 12.5814
2016-10-17 23:36:56.263000 17929.475 3.341 49.945 34.044 52.286 4.152 3.7622 3.5634 27.8216 26.8067 29.3995 6.8603 4.0245 11.7211 12.5462 8.025 6.35689950462 12.6222
2016-10-17 23:38:06.443000 17999.655 3.44 49.945 34.159 52.286 4.152 3.7617 3.5634 27.8279 26.8082 29.4119 6.8602 4.0238 11.7445 12.5711 8.025 6.25175827662 12.6622
2016-10-17 23:39:16.863000 18070.085 3.54 49.942 34.144 52.285 4.152 3.7615 3.5629 27.8223 26.8042 29.4209 6.8601 4.024 11.7802 12.6065 8.025 6.30432889062 12.695
2016-10-17 23:40:27.113000 18140.325 3.482 49.942 34.122 52.282 4.152 3.7609 3.5628 27.8286 26.8069 29.4357 6.8601 4.0236 11.8174 12.6348 8.024 6.25175827662 12.7416
2016-10-17 23:41:37.413000 18210.625 3.554 49.943 34.182 52.285 4.149 3.7575 3.5585 23.9462 23.5294 29.4486 6.8596 4.0202 11.8577 12.6636 8.023 6.43575542561 12.774
2016-10-17 23:42:47.723000 18280.935 3.508 49.939 33.953 52.28 4.148 3.7543 3.5551 20.9294 21.212 29.4607 6.8591 4.0188 11.8862 12.6964 8.022 6.6735660536 12.8134
2016-10-17 23:43:58.074000 18351.286 3.562 49.936 33.589 52.28 4.147 3.7532 3.5546 17.9035 19.1163 29.4723 6.8586 4.0182 11.9126 12.7234 8.022 6.27804358362 12.856
2016-10-17 23:45:08.444000 18421.656 3.387 49.938 33.918 52.282 4.144 3.7547 3.5502 14.6239 16.9028 29.483 6.858 4.0155 11.9458 12.7562 8.02 6.7048061466 12.8947
2016-10-17 23:46:18.884000 18492.096 3.337 49.935 33.381 52.275 4.143 3.8073 3.5478 11.6799 14.5056 29.4959 6.8571 4.0135 11.9823 12.7899 8.019 6.33061419762 12.93
2016-10-17 23:47:29.324000 18562.536 3.358 49.935 33.549 52.273 4.141 3.8665 3.5467 9.1774 12.2952 29.5084 6.8563 4.0116 12.0129 12.821 8.019 6.6735660536 12.9709
2016-10-17 23:48:39.784000 18632.996 3.334 49.933 33.956 52.273 4.14 3.9056 3.554 6.9784 10.3218 29.5165 6.8555 4.011 12.0499 12.8459 8.018 6.35689950462 13.0092
2016-10-17 23:49:50.314000 18703.526 3.356 49.929 34.15 52.27 4.141 3.9396 3.5635 5.3876 8.5033 29.5299 6.8549 4.0114 12.0779 12.8737 8.017 6.54860568158 13.0433
2016-10-17 23:51:00.884000 18774.096 3.51 49.927 33.997 52.268 4.14 3.9714 3.5735 4.4308 7.0005 29.5374 6.8544 4.0105 12.1104 12.9036 8.017 6.51736558857 13.0762
2016-10-17 23:52:11.674000 18844.886 3.365 49.926 33.501 52.268 4.139 4.0024 3.5816 4.0412 6.0175 29.5535 6.8542 4.0098 12.1437 12.9243 8.017 6.48832603961 13.1165
2016-10-17 23:53:22.304000 18915.516 3.332 49.929 34.043 52.271 4.138 4.0319 3.5894 3.9209 5.4064 29.5608 6.8536 4.0085 12.1739 12.9549 8.016 6.35689950462 13.1526
2016-10-17 23:54:32.954000 18986.166 3.345 49.926 34.088 52.265 4.138 4.0591 3.5956 3.8876 5.0498 29.5715 6.8532 4.0087 12.2077 12.9812 8.016 6.73604623961 13.1875
2016-10-17 23:55:43.625000 19056.837 3.551 49.924 34.148 52.264 4.138 4.0866 3.6016 3.8783 4.8387 29.5845 6.8528 4.0085 12.2297 13.0067 8.015 6.51736558857 13.2245
2016-10-17 23:56:54.355000 19127.567 3.399 49.923 33.35 52.262 4.137 4.1116 3.6062 3.8756 4.7044 29.5951 6.8525 4.0082 12.2602 13.0338 8.015 6.40947011861 13.2609
2016-10-17 23:58:05.095000 19198.307 3.352 49.918 33.59 52.256 4.139 4.1365 3.6104 3.8749 4.6145 29.6039 6.8523 4.0092 12.2905 13.0551 8.015 6.76728633261 13.2951
2016-10-17 23:59:15.915000 19269.127 3.522 49.914 33.926 52.256 4.139 4.16 3.6146 3.8751 4.5531 29.6126 6.8524 4.0094 12.3226 13.0809 8.015 6.57984577458 13.3285
