#Time (s) since start. Lakeshore temperature sensor 218 T1,3,5,6,8 and 224 C2,C3,C4,C5,D2,D3,D5,A,B
0.0 5.967 5.631 34.693 52.858 3.961 5.7815 5.5672 5.725 6.0439 5.732 5.9805 6.1495 5.5952 5.5696
1.036 5.966 5.63 34.737 52.858 3.912 5.7816 5.5672 5.725 6.0438 5.7322 5.9805 6.1499 5.5946 5.57
2.078 5.966 5.63 33.957 52.86 3.799 5.7815 5.5671 5.725 6.0438 5.7322 5.9805 6.1508 5.5948 5.5703
3.115 5.966 5.63 34.702 52.86 4.056 5.7816 5.5672 5.725 6.0439 5.7322 5.9805 6.1499 5.5948 5.5692
4.181 5.966 5.63 34.137 52.859 3.744 5.7816 5.5672 5.725 6.0438 5.7322 5.9805 6.1495 5.5948 5.5689
5.218 5.966 5.631 34.464 52.858 4.171 5.7816 5.5672 5.725 6.0438 5.7322 5.9805 6.1498 5.5957 5.5693
6.28 5.966 5.63 34.409 52.86 3.726 5.7815 5.5671 5.7251 6.0438 5.7322 5.9803 6.1505 5.5945 5.5691
7.317 5.966 5.629 34.228 52.857 4.06 5.7816 5.5671 5.7251 6.0437 5.7322 5.9804 6.15 5.595 5.5695
8.381 5.966 5.631 34.689 52.858 3.832 5.7815 5.5672 5.7251 6.0438 5.7322 5.9804 6.1493 5.5946 5.5693
9.418 5.967 5.629 33.983 52.858 3.823 5.7816 5.5672 5.7251 6.0437 5.7317 5.9804 6.1498 5.5949 5.5693
10.48 5.966 5.631 34.743 52.858 4.122 5.7815 5.5672 5.725 6.0438 5.7322 5.9805 6.1505 5.5943 5.5679
11.517 5.966 5.63 34.073 52.858 3.822 5.7816 5.5672 5.725 6.0438 5.7322 5.9805 6.1499 5.5949 5.5692
12.582 5.967 5.63 33.995 52.858 3.849 5.7815 5.5671 5.725 6.0438 5.7322 5.9805 6.1493 5.5951 5.569
13.617 5.966 5.63 34.749 52.858 4.016 5.7816 5.5671 5.725 6.0438 5.7323 5.9805 6.1497 5.5949 5.5695
14.681 5.966 5.63 34.06 52.858 3.763 5.7815 5.5671 5.725 6.0438 5.7323 5.9804 6.1506 5.5956 5.5695
15.718 5.966 5.63 34.564 52.858 4.138 5.7815 5.5671 5.725 6.0438 5.7322 5.9805 6.1499 5.5944 5.5697
16.781 5.966 5.63 34.317 52.857 3.724 5.7816 5.5671 5.7251 6.0438 5.7322 5.9805 6.1493 5.5941 5.5691
17.816 5.966 5.63 34.327 52.859 4.144 5.7816 5.5672 5.725 6.0437 5.7322 5.9806 6.1497 5.5956 5.5682
18.881 5.966 5.63 34.624 52.859 3.78 5.7815 5.5671 5.725 6.0438 5.7322 5.9806 6.1504 5.5932 5.5694
19.917 5.967 5.629 34.051 52.858 3.863 5.7815 5.5672 5.7251 6.0438 5.7323 5.9805 6.1498 5.5946 5.5691
20.981 5.966 5.631 34.757 52.856 4.154 5.7816 5.5671 5.7251 6.0438 5.7322 5.9805 6.1494 5.5955 5.5695
22.018 5.966 5.629 34.005 52.858 3.773 5.7815 5.5671 5.725 6.0437 5.7322 5.9805 6.1496 5.5941 5.5694
23.081 5.966 5.63 34.636 52.858 3.901 5.7815 5.5671 5.725 6.0438 5.7323 5.9805 6.1506 5.5951 5.5693
24.117 5.966 5.63 34.759 52.858 3.96 5.7816 5.5671 5.725 6.0438 5.7322 5.9805 6.1498 5.5948 5.57
25.181 5.966 5.63 34.0 52.856 3.785 5.7816 5.5671 5.7249 6.0438 5.7322 5.9803 6.1493 5.5947 5.5694
26.218 5.966 5.63 34.646 52.858 4.099 5.7815 5.5672 5.7249 6.0437 5.7323 5.9804 6.1497 5.5952 5.5695
27.282 5.966 5.629 34.206 52.856 3.73 5.7815 5.5671 5.725 6.0439 5.7324 5.9805 6.1504 5.5947 5.5696
28.32 5.966 5.63 34.42 52.859 4.183 5.7815 5.5671 5.7249 6.0438 5.7323 5.9805 6.1498 5.5945 5.5688
29.383 5.966 5.63 34.538 52.858 3.745 5.7815 5.5672 5.7251 6.0437 5.7322 5.9805 6.1493 5.5957 5.5699
30.418 5.966 5.629 34.133 52.858 3.93 5.7816 5.5671 5.725 6.0437 5.7323 5.9804 6.1497 5.5949 5.5688
