#Human readable time. Time (s) since start. Lakeshore temperature sensor 218 T1,3,5,6,8 and 224 C2,C3,C4,C5,D2,D3,D5,A,B
2015-09-04 14:25:08.912000 0.001 7.746 7.533 45.214 54.197 7.044 5.7846 5.6214 6.6521 6.8749 5.7706 6.4378 7.9438 5.5998 5.5711
2015-09-04 14:26:08.959000 60.048 8.425 8.252 47.546 55.194 7.843 5.8038 5.7279 7.3065 7.4547 5.8444 6.8727 8.6238 5.5991 5.5776
2015-09-04 14:27:08.997000 120.086 8.98 8.812 49.404 56.18 8.446 5.8324 5.8791 7.8964 7.9871 5.9898 7.3266 9.1774 5.5992 5.5903
2015-09-04 14:28:09.064000 180.153 9.479 9.335 51.001 57.131 9.066 5.8683 6.0637 8.4189 8.4722 6.258 7.7695 9.6865 5.5991 5.6217
2015-09-04 14:29:09.102000 240.191 10.034 9.898 52.418 58.031 9.692 5.9096 6.2665 8.9195 8.9502 6.7159 8.2179 10.2334 5.6 5.6862
2015-09-04 14:30:09.170000 300.259 10.475 10.352 53.689 58.868 10.171 5.9518 6.4771 9.3989 9.4079 7.2955 8.6665 10.6827 5.6037 5.7864
2015-09-04 14:31:09.208000 360.297 10.919 10.793 54.855 59.661 10.651 5.9949 6.6844 9.8301 9.8263 7.8281 9.0883 11.1153 5.608 5.9078
2015-09-04 14:32:09.277000 420.366 11.382 11.267 55.939 60.416 11.173 6.0413 6.9008 10.2488 10.24 8.2839 9.4928 11.5717 5.6162 6.0304
2015-09-04 14:33:09.314000 480.403 11.861 11.745 56.946 61.136 11.697 6.0979 7.1494 10.6582 10.6363 8.6732 9.8919 12.0489 5.6262 6.1609
2015-09-04 14:34:09.383000 540.472 12.338 12.229 57.893 61.833 12.209 6.1795 7.4992 11.0687 11.0248 9.0128 10.2841 12.5148 5.6381 6.2847
2015-09-04 14:35:09.419000 600.508 12.816 12.711 58.773 62.496 12.719 6.3209 8.0951 11.4817 11.4128 9.3123 10.659 12.9932 5.6546 6.4087
2015-09-04 14:36:09.487000 660.576 13.286 13.188 59.612 63.139 13.232 6.5649 9.01 11.9017 11.822 9.5742 11.0251 13.4523 5.6725 6.5293
2015-09-04 14:37:13.787000 724.876 13.807 13.7 60.473 63.795 13.785 7.0002 10.1402 12.3553 12.2851 9.8182 11.4154 13.9767 5.6957 6.6548
2015-09-04 14:38:13.826000 784.915 14.286 14.183 61.244 64.395 14.294 7.6079 10.8807 12.7859 12.7247 10.0179 11.7748 14.4449 5.7229 6.7657
2015-09-04 14:39:13.864000 844.953 14.733 14.634 61.993 64.98 14.763 8.4173 10.324 13.2162 13.1593 10.1963 12.1196 14.8807 5.8502 6.8799
2015-09-04 14:40:13.915000 905.004 15.169 15.066 62.72 65.538 15.214 9.3794 11.6616 13.6427 13.5904 10.3569 12.438 15.3189 5.9039 6.9979
2015-09-04 14:41:13.952000 965.041 15.601 15.499 63.437 66.082 15.657 10.3996 12.9178 14.0682 14.0164 10.5077 12.6699 15.742 5.9537 7.1107
2015-09-04 14:42:14.022000 1025.111 16.008 15.908 64.136 66.611 16.076 11.3939 13.9794 14.4825 14.4388 10.6781 12.5885 16.141 6.0049 7.2252
2015-09-04 14:43:14.059000 1085.148 16.384 16.284 64.827 67.13 16.457 12.3579 14.8473 14.8881 14.8548 11.0102 12.9286 16.5094 6.0644 7.3843
2015-09-04 14:44:14.127000 1145.216 16.747 16.645 65.501 67.64 16.821 13.2798 15.5587 15.2867 15.2597 11.524 13.3204 16.8635 6.1336 7.5926
2015-09-04 14:45:14.165000 1205.254 17.094 16.987 66.16 68.139 17.176 14.1369 16.1373 15.6698 15.6505 12.0906 13.7065 17.2137 6.2094 7.8352
2015-09-04 14:46:14.233000 1265.322 17.443 17.335 66.812 68.632 17.524 14.8858 16.6399 16.0353 16.0207 12.6542 14.0779 17.5576 6.2973 8.0741
2015-09-04 14:47:14.272000 1325.361 17.775 17.667 67.452 69.116 17.853 15.406 17.074 16.4013 16.3917 13.1979 14.4405 17.8845 6.3989 8.3181
2015-09-04 14:48:14.341000 1385.43 18.085 17.981 68.087 69.597 18.163 14.8181 17.4632 16.7438 16.741 13.7199 14.7947 18.1879 6.5175 8.5624
2015-09-04 14:49:14.379000 1445.468 18.349 18.246 68.713 70.068 18.429 13.1986 17.7885 17.0472 17.0652 14.2215 15.1354 18.4444 6.6452 8.8084
2015-09-04 14:50:14.447000 1505.536 18.572 18.468 69.334 70.52 18.651 12.6857 18.0582 17.3128 17.3633 14.692 15.4615 18.6601 6.7804 9.063
2015-09-04 14:51:14.484000 1565.573 18.796 18.693 69.948 70.971 18.875 13.608 18.3152 17.5651 17.6378 15.1296 15.7638 18.8838 6.9193 9.3027
2015-09-04 14:52:14.553000 1625.642 19.022 18.919 70.547 71.416 19.101 14.451 18.5688 17.8135 17.899 15.5392 16.0505 19.1093 7.0642 9.5327
2015-09-04 14:53:14.590000 1685.679 19.25 19.146 71.142 71.858 19.327 15.2053 18.8153 18.0593 18.1504 15.911 16.3349 19.3345 7.2097 9.7586
2015-09-04 14:54:14.659000 1745.748 19.475 19.371 71.737 72.292 19.55 15.8683 19.0583 18.3056 18.3949 16.2674 16.605 19.5581 7.3575 9.9794
2015-09-04 14:55:14.697000 1805.786 19.696 19.594 72.322 72.724 19.77 16.4627 19.2953 18.5478 18.6338 16.6023 16.8629 19.7774 7.5059 10.1965
2015-09-04 14:56:14.736000 1865.825 19.917 19.814 72.902 73.151 19.99 16.9873 19.5319 18.7887 18.8714 16.9182 17.1136 19.9969 7.656 10.405
2015-09-04 14:57:14.784000 1925.873 20.138 20.035 73.478 73.578 20.21 17.4673 19.7691 19.0284 19.1016 17.2195 17.3593 20.2175 7.8071 10.6177
2015-09-04 14:58:14.822000 1985.911 20.36 20.259 74.049 73.999 20.432 17.8995 20.0076 19.2632 19.327 17.5076 17.5992 20.4388 7.958 10.8232
2015-09-04 14:59:14.890000 2045.979 20.585 20.481 74.615 74.415 20.656 18.2953 20.2427 19.4983 19.5523 17.7828 17.8295 20.6623 8.1098 11.0206
2015-09-04 15:00:14.927000 2106.016 20.812 20.707 75.176 74.83 20.882 18.6618 20.481 19.7349 19.7775 18.0477 18.054 20.8886 8.2631 11.2139
2015-09-04 15:01:14.997000 2166.086 21.039 20.935 75.723 75.237 21.105 19.0062 20.7248 19.9732 20.0036 18.3043 18.2734 21.1087 8.4141 11.4086
2015-09-04 15:02:15.035000 2226.124 21.257 21.154 76.27 75.639 21.321 19.3246 20.9755 20.2089 20.2262 18.5541 18.4887 21.3268 8.5673 11.592
2015-09-04 15:03:15.105000 2286.194 21.479 21.372 76.815 76.038 21.543 19.6329 21.1926 20.4477 20.4515 18.7981 18.7007 21.5486 8.7207 11.7722
2015-09-04 15:04:15.143000 2346.232 21.708 21.596 77.352 76.435 21.772 19.9278 21.4148 20.6926 20.6813 19.0368 18.9098 21.7774 8.8692 11.9511
2015-09-04 15:05:15.212000 2406.301 21.944 21.827 77.884 76.831 22.008 20.2105 21.6501 20.9451 20.9168 19.2679 19.1142 22.0124 9.0255 12.128
2015-09-04 15:06:15.250000 2466.339 22.171 22.059 78.412 77.222 22.229 20.4867 21.895 21.1701 21.1313 19.4971 19.3157 22.2329 9.1798 12.2955
2015-09-04 15:07:15.318000 2526.407 22.399 22.282 78.933 77.612 22.456 20.7618 22.1556 21.3974 21.3393 19.7247 19.517 22.4592 9.3456 12.4717
2015-09-04 15:08:15.357000 2586.446 22.633 22.509 79.454 78.0 22.688 21.032 22.4212 21.6337 21.557 19.9546 19.719 22.6905 9.5129 12.6415
2015-09-04 15:09:15.424000 2646.513 22.872 22.74 79.968 78.386 22.927 21.2638 22.6714 21.8812 21.7883 20.1788 19.9222 22.928 9.696 12.8206
2015-09-04 15:10:15.460000 2706.549 23.125 22.977 80.472 78.769 23.185 21.5038 22.8947 22.1414 22.0293 20.4033 20.1247 23.1842 9.8854 12.9871
2015-09-04 15:11:15.527000 2766.616 23.383 23.234 80.971 79.151 23.428 21.7546 23.1719 22.4022 22.2838 20.6312 20.3303 23.4301 10.0814 13.1513
2015-09-04 15:12:15.565000 2826.654 23.614 23.477 81.47 79.532 23.643 22.0189 23.4923 22.645 22.5303 20.8635 20.5376 23.6494 10.2802 13.3276
2015-09-04 15:13:15.602000 2886.691 23.821 23.696 81.962 79.91 23.836 22.3 23.7616 22.8626 22.757 21.0841 20.75 23.8449 10.4942 13.5068
2015-09-04 15:14:15.650000 2946.739 24.009 23.894 82.449 80.281 24.016 22.5712 23.988 23.1037 22.9578 21.2871 20.9694 24.034 10.7156 13.6808
2015-09-04 15:15:15.688000 3006.777 24.286 24.118 82.932 80.655 24.28 22.8155 24.3359 23.4238 23.2601 21.4982 21.1625 24.3015 10.9415 13.8657
2015-09-04 15:16:15.756000 3066.845 24.524 24.383 83.414 81.025 24.51 23.0544 24.6432 23.6953 23.5537 21.7187 21.3592 24.5308 11.171 14.0469
2015-09-04 15:17:15.795000 3126.884 24.727 24.608 83.89 81.393 24.708 23.4017 24.9126 23.9249 23.8042 21.9482 21.5662 24.7278 11.4118 14.2278
2015-09-04 15:18:15.863000 3186.952 24.901 24.8 84.363 81.76 24.88 23.6914 25.2631 24.2254 24.0312 22.1918 21.7893 24.8968 11.6573 14.411
2015-09-04 15:19:15.901000 3246.99 25.103 24.964 84.836 82.128 25.059 23.9328 25.6298 24.5395 24.3715 22.4352 22.026 25.0871 11.903 14.5928
2015-09-04 15:20:15.969000 3307.058 25.369 25.215 85.298 82.495 25.323 24.2526 25.9611 24.8168 24.6677 22.6648 22.28 25.3463 12.1569 14.7845
2015-09-04 15:21:16.005000 3367.094 25.606 25.469 85.761 82.861 25.558 24.5751 26.3447 25.101 24.9253 22.8724 22.531 25.5789 12.4151 14.9788
2015-09-04 15:22:16.073000 3427.162 25.822 25.699 86.215 83.229 25.774 24.854 26.7097 25.4731 25.2719 23.1127 22.7635 25.7913 12.671 15.1784
2015-09-04 15:23:16.110000 3487.199 26.033 25.909 86.67 83.596 25.974 25.1681 27.0558 25.8097 25.6259 23.4233 22.9702 25.9879 12.9426 15.3663
2015-09-04 15:24:16.179000 3547.268 26.311 26.157 87.121 83.965 26.242 25.5422 27.4188 26.1514 25.9486 23.6895 23.2962 26.2578 13.198 15.5699
2015-09-04 15:25:16.217000 3607.306 26.576 26.431 87.568 84.33 26.507 25.8776 27.7578 26.5204 26.3152 23.9164 23.5959 26.5186 13.4609 15.7768
2015-09-04 15:26:16.253000 3667.342 26.827 26.694 88.012 84.696 26.761 26.2369 28.1406 26.8614 26.6706 24.2071 23.8487 26.7682 13.7468 15.9815
2015-09-04 15:27:16.302000 3727.391 27.085 26.944 88.456 85.061 27.008 26.601 28.6718 27.2048 26.9962 24.5201 24.118 27.0102 14.0118 16.1951
2015-09-04 15:28:16.340000 3787.429 27.375 27.228 88.897 85.425 27.302 26.9356 29.1315 27.5466 27.3486 24.7935 24.4594 27.3012 14.2737 16.3997
2015-09-04 15:29:16.408000 3847.497 27.657 27.518 89.335 85.786 27.591 27.2877 29.4907 27.8701 27.6801 25.0611 24.7547 27.5822 14.56 16.6157
2015-09-04 15:30:16.443000 3907.532 27.932 27.799 89.773 86.148 27.87 27.6217 29.84 28.3038 27.9911 25.4316 25.0223 27.8548 14.8215 16.8368
2015-09-04 15:31:16.511000 3967.6 28.233 28.083 90.204 86.511 28.164 27.9372 30.244 28.808 28.5021 25.7655 25.4155 28.1389 15.0964 17.0427
2015-09-04 15:32:16.549000 4027.638 28.532 28.389 90.635 86.875 28.471 28.4089 30.687 29.2162 28.9965 26.0887 25.7679 28.44 15.3676 17.2551
2015-09-04 15:33:16.618000 4087.707 28.83 28.69 91.062 87.238 28.772 28.9004 31.1228 29.5628 29.3484 26.4534 26.1009 28.734 15.6272 17.4694
2015-09-04 15:34:16.656000 4147.745 29.13 28.984 91.486 87.602 29.073 29.278 31.5495 29.897 29.6848 26.7899 26.4923 29.0253 15.9004 17.6922
2015-09-04 15:35:16.726000 4207.815 29.437 29.295 91.905 87.968 29.385 29.6126 31.967 30.3032 30.0233 27.1184 26.842 29.3313 16.1582 17.8973
2015-09-04 15:36:16.763000 4267.852 29.735 29.599 92.327 88.33 29.691 29.935 32.3249 30.728 30.4585 27.451 27.1873 29.6274 16.4224 18.1159
2015-09-04 15:37:16.831000 4327.92 30.026 29.892 92.743 88.692 29.983 30.3341 32.6658 31.1428 30.8743 27.7609 27.5339 29.9154 16.6821 18.3329
2015-09-04 15:38:16.870000 4387.959 30.326 30.188 93.159 89.055 30.289 30.7401 33.002 31.5428 31.2811 28.0936 27.8535 30.209 16.9343 18.5459
2015-09-04 15:39:16.939000 4448.028 30.62 30.484 93.574 89.417 30.589 31.1354 33.3266 31.9346 31.6769 28.5738 28.2647 30.5013 17.1731 18.7612
2015-09-04 15:40:16.976000 4508.065 30.907 30.772 93.983 89.776 30.879 31.5216 33.645 32.2753 32.0541 29.0213 28.7532 30.7853 17.4076 18.9628
2015-09-04 15:41:17.045000 4568.134 31.2 31.057 94.392 90.132 31.171 31.9006 33.9569 32.6015 32.3819 29.3406 29.161 31.0682 17.6445 19.1727
2015-09-04 15:42:17.083000 4628.172 31.486 31.348 94.802 90.489 31.462 32.2343 34.2639 32.9188 32.7031 29.6493 29.4869 31.355 17.8744 19.3751
2015-09-04 15:43:17.120000 4688.209 31.766 31.63 95.205 90.841 31.746 32.5456 34.5639 33.2317 33.0164 29.9453 29.8006 31.6343 18.0954 19.5761
2015-09-04 15:44:17.170000 4748.259 32.045 31.907 95.6 91.194 32.027 32.8519 34.8576 33.5357 33.3245 30.3113 30.1381 31.9073 18.3174 19.7672
2015-09-04 15:45:17.207000 4808.296 32.328 32.188 95.998 91.548 32.313 33.156 35.1462 33.8368 33.6306 30.6824 30.5313 32.1839 18.5265 19.9701
2015-09-04 15:46:17.275000 4868.364 32.604 32.468 96.391 91.901 32.592 33.4498 35.4313 34.1314 33.9257 31.0437 30.9127 32.4608 18.7446 20.1517
2015-09-04 15:47:17.313000 4928.402 32.877 32.742 96.783 92.251 32.868 33.7429 35.7103 34.4188 34.2199 31.3992 31.283 32.7328 18.9534 20.339
2015-09-04 15:48:17.381000 4988.47 33.15 33.011 97.173 92.601 33.146 34.0292 35.9894 34.7009 34.5031 31.7411 31.6406 32.9992 19.1723 20.5252
2015-09-04 15:49:17.419000 5048.508 33.421 33.286 97.561 92.951 33.419 34.3115 36.2585 34.9779 34.7891 32.0647 31.9932 33.2683 19.3748 20.7087
2015-09-04 15:50:17.487000 5108.576 33.689 33.553 97.946 93.298 33.689 34.5889 36.5254 35.2543 35.0634 32.349 32.2924 33.5341 19.5978 20.901
2015-09-04 15:51:17.525000 5168.614 33.949 33.816 98.334 93.642 33.953 34.8659 36.7887 35.525 35.3378 32.6225 32.584 33.7953 19.7787 21.0762
2015-09-04 15:52:17.594000 5228.683 34.216 34.075 98.716 93.994 34.221 35.1319 37.0515 35.7915 35.6031 32.8954 32.8675 34.0508 19.9765 21.259
2015-09-04 15:53:17.631000 5288.72 34.479 34.34 99.098 94.338 34.487 35.3994 37.3027 36.0567 35.8721 33.1635 33.1457 34.3154 20.1754 21.4456
2015-09-04 15:54:17.700000 5348.789 34.738 34.601 99.476 94.682 34.75 35.6647 37.5576 36.3141 36.1335 33.426 33.4217 34.574 20.3632 21.6163
2015-09-04 15:55:17.737000 5408.826 34.993 34.859 99.854 95.027 35.009 35.925 37.8058 36.5681 36.3916 33.6841 33.6894 34.8278 20.5414 21.7939
2015-09-04 15:56:17.806000 5468.895 35.245 35.113 100.23 95.368 35.264 36.1805 38.0557 36.8199 36.6461 33.9379 33.9548 35.0787 20.7311 21.9652
2015-09-04 15:57:17.844000 5528.933 35.493 35.362 100.6 95.703 35.516 36.4323 38.2975 37.067 36.8959 34.1865 34.2127 35.3261 20.9235 22.1252
2015-09-04 15:58:17.913000 5589.002 35.739 35.607 100.96 96.042 35.766 36.6851 38.5411 37.3176 37.1452 34.4331 34.469 35.5711 21.1083 22.2955
2015-09-04 15:59:17.949000 5649.038 35.984 35.853 101.33 96.379 36.012 36.9312 38.7762 37.5606 37.3868 34.6753 34.7209 35.8121 21.2659 22.4542
2015-09-04 16:00:17.986000 5709.075 36.238 36.097 101.7 96.714 36.267 37.1761 39.0132 37.8005 37.633 34.9162 34.967 36.0586 21.4404 22.6289
2015-09-04 16:01:18.037000 5769.126 36.487 36.348 102.06 97.049 36.519 37.4186 39.2465 38.0392 37.8723 35.1531 35.2122 36.3061 21.6236 22.7866
2015-09-04 16:02:18.074000 5829.163 36.736 36.6 102.42 97.387 36.769 37.6602 39.482 38.2747 38.1118 35.3871 35.4568 36.5509 21.7651 22.9397
2015-09-04 16:03:18.143000 5889.232 36.984 36.847 102.78 97.722 37.019 37.8977 39.7136 38.5096 38.3488 35.6179 35.6986 36.7979 21.9463 23.0977
2015-09-04 16:04:18.181000 5949.27 37.228 37.093 103.14 98.056 37.267 38.133 39.9439 38.7424 38.5813 35.8479 35.9362 37.0411 22.1049 23.2533
2015-09-04 16:05:18.251000 6009.34 37.471 37.337 103.5 98.39 37.511 38.369 40.1737 38.9722 38.8135 36.0745 36.1677 37.2841 22.2646 23.4
2015-09-04 16:06:18.288000 6069.377 37.714 37.58 103.86 98.723 37.756 38.6029 40.4008 39.205 39.0448 36.2977 36.3991 37.5293 22.4344 23.5613
2015-09-04 16:07:18.358000 6129.447 37.953 37.822 104.21 99.056 38.001 38.8388 40.6269 39.4322 39.2745 36.5182 36.6259 37.7715 22.5856 23.6889
2015-09-04 16:08:18.395000 6189.484 38.199 38.061 104.57 99.388 38.244 39.0681 40.8513 39.6582 39.5023 36.7398 36.8526 38.0094 22.7539 23.8502
2015-09-04 16:09:18.463000 6249.552 38.437 38.3 104.92 99.72 38.485 39.2978 41.0778 39.8848 39.7292 36.9566 37.0795 38.2472 22.8903 23.9938
2015-09-04 16:10:18.499000 6309.588 38.677 38.541 105.27 100.05 38.724 39.5245 41.3023 40.109 39.954 37.1758 37.3021 38.4846 23.0331 24.1393
2015-09-04 16:11:18.566000 6369.655 38.915 38.778 105.62 100.38 38.965 39.7526 41.5294 40.335 40.1779 37.3914 37.5257 38.7232 23.1966 24.2726
2015-09-04 16:12:18.605000 6429.694 39.157 39.016 105.96 100.71 39.213 39.9773 41.7492 40.5549 40.3996 37.6065 37.7459 38.9606 23.3272 24.4277
2015-09-04 16:13:18.674000 6489.763 39.403 39.262 106.31 101.04 39.461 40.1999 41.9768 40.7769 40.6256 37.8189 37.9653 39.2058 23.473 24.5553
2015-09-04 16:14:18.713000 6549.802 39.65 39.51 106.65 101.36 39.709 40.424 42.1981 40.9961 40.8451 38.0327 38.1826 39.4492 23.6472 24.688
2015-09-04 16:15:18.781000 6609.87 39.895 39.757 107.0 101.69 39.958 40.6433 42.4191 41.2176 41.0665 38.2418 38.4025 39.6941 23.7854 24.8207
2015-09-04 16:16:18.819000 6669.908 40.141 40.002 107.34 102.02 40.205 40.8637 42.6412 41.437 41.2876 38.4528 38.6157 39.9396 23.9146 24.957
2015-09-04 16:17:18.889000 6729.978 40.387 40.246 107.68 102.34 40.454 41.086 42.8644 41.6592 41.5072 38.6586 38.8297 40.185 24.046 25.1064
2015-09-04 16:18:18.927000 6790.016 40.632 40.49 108.02 102.67 40.701 41.3055 43.0874 41.8768 41.7282 38.8711 39.0447 40.4269 24.2045 25.2487
2015-09-04 16:19:18.964000 6850.053 40.877 40.738 108.36 102.99 40.948 41.5263 43.3107 42.096 41.9455 39.076 39.2569 40.6727 24.3561 25.3872
2015-09-04 16:20:19.012000 6910.101 41.122 40.978 108.7 103.32 41.193 41.7446 43.5321 42.3119 42.1668 39.2817 39.4678 40.9169 24.4809 25.5126
2015-09-04 16:21:19.050000 6970.139 41.362 41.221 109.04 103.64 41.441 41.9625 43.754 42.5313 42.3834 39.4911 39.6784 41.1591 24.6092 25.6513
2015-09-04 16:22:19.118000 7030.207 41.605 41.464 109.38 103.97 41.684 42.1787 43.9807 42.749 42.6024 39.693 39.8915 41.4001 24.7528 25.7967
2015-09-04 16:23:19.156000 7090.245 41.845 41.709 109.71 104.29 41.93 42.3978 44.1987 42.9674 42.8179 39.8971 40.0997 41.6421 24.8855 25.9027
2015-09-04 16:24:19.225000 7150.314 42.087 41.949 110.05 104.62 42.171 42.6112 44.4217 43.186 43.0358 40.1007 40.3065 41.8851 25.0285 26.0446
2015-09-04 16:25:19.262000 7210.351 42.326 42.19 110.38 104.94 42.415 42.8265 44.6411 43.3998 43.2554 40.3025 40.5124 42.1219 25.1574 26.1751
2015-09-04 16:26:19.331000 7270.42 42.566 42.428 110.71 105.26 42.659 43.0384 44.8589 43.6178 43.4739 40.5047 40.7205 42.3616 25.2959 26.3144
2015-09-04 16:27:19.368000 7330.457 42.802 42.666 111.04 105.58 42.897 43.2538 45.0777 43.8333 43.6887 40.7056 40.925 42.5966 25.4239 26.4315
2015-09-04 16:28:19.437000 7390.526 43.04 42.902 111.37 105.9 43.137 43.4647 45.2977 44.0491 43.9069 40.9059 41.1325 42.8305 25.5531 26.5632
2015-09-04 16:29:19.474000 7450.563 43.272 43.137 111.69 106.21 43.374 43.6782 45.514 44.263 44.1167 41.104 41.3348 43.0625 25.678 26.6828
2015-09-04 16:30:19.541000 7510.63 43.503 43.37 112.02 106.53 43.609 43.8894 45.7272 44.4774 44.3352 41.3025 41.5372 43.2955 25.8058 26.815
2015-09-04 16:31:19.579000 7570.668 43.73 43.603 112.34 106.85 43.843 44.0965 45.9451 44.69 44.5481 41.5007 41.7395 43.5247 25.9525 26.9301
2015-09-04 16:32:19.647000 7630.736 43.96 43.83 112.66 107.16 44.077 44.3073 46.155 44.9017 44.7608 41.6972 41.942 43.7565 26.0759 27.0714
2015-09-04 16:33:19.686000 7690.775 44.184 44.059 112.98 107.48 44.306 44.5149 46.3663 45.1129 44.9708 41.8917 42.1408 43.9819 26.1921 27.1881
2015-09-04 16:34:19.754000 7750.843 44.411 44.282 113.3 107.79 44.54 44.7205 46.5751 45.3241 45.1817 42.0871 42.3384 44.208 26.331 27.3061
2015-09-04 16:35:19.793000 7810.882 44.632 44.506 113.62 108.1 44.767 44.924 46.7812 45.5308 45.3932 42.2822 42.5369 44.4295 26.4395 27.4289
2015-09-04 16:36:19.830000 7870.919 44.851 44.726 113.94 108.41 44.99 45.1262 46.9886 45.741 45.6005 42.4728 42.7359 44.6498 26.5541 27.5582
2015-09-04 16:37:19.880000 7930.969 45.068 44.947 114.26 108.72 45.213 45.3308 47.1912 45.9497 45.8101 42.665 42.932 44.8671 26.6889 27.656
2015-09-04 16:38:19.917000 7991.006 45.281 45.161 114.57 109.03 45.434 45.5327 47.3919 46.1519 46.0182 42.857 43.1279 45.0794 26.7998 27.7833
2015-09-04 16:39:19.986000 8051.075 45.498 45.379 114.88 109.34 45.654 45.7317 47.5896 46.3527 46.2231 43.0489 43.3225 45.2932 26.9395 27.8924
2015-09-04 16:40:20.024000 8111.113 45.706 45.59 115.2 109.64 45.873 45.9328 47.7904 46.557 46.4251 43.2393 43.5201 45.5055 27.0647 28.0226
2015-09-04 16:41:20.092000 8171.181 45.915 45.8 115.5 109.94 46.085 46.1281 47.9887 46.7556 46.6255 43.4277 43.7145 45.716 27.1843 28.1364
2015-09-04 16:42:20.131000 8231.22 46.119 46.009 115.81 110.24 46.295 46.3208 48.1812 46.9543 46.8247 43.6135 43.9079 45.9201 27.2862 28.2425
2015-09-04 16:43:20.200000 8291.289 46.323 46.212 116.11 110.54 46.503 46.513 48.3727 47.151 47.0249 43.7994 44.0996 46.1242 27.3978 28.3892
2015-09-04 16:44:20.238000 8351.327 46.524 46.412 116.42 110.84 46.709 46.7072 48.5647 47.3464 47.222 43.9861 44.2914 46.3257 27.5206 28.4722
2015-09-04 16:45:20.307000 8411.396 46.722 46.612 116.72 111.14 46.914 46.8973 48.7537 47.5428 47.4171 44.1724 44.4832 46.511 27.6716 28.6122
2015-09-04 16:46:20.344000 8471.433 46.916 46.808 117.02 111.43 47.114 47.0883 48.9432 47.735 47.6128 44.354 44.6709 46.7191 27.7558 28.7287
2015-09-04 16:47:20.413000 8531.502 47.114 47.005 117.32 111.73 47.315 47.2743 49.1317 47.9257 47.8056 44.5345 44.863 46.9147 27.8761 28.8654
2015-09-04 16:48:20.451000 8591.54 47.305 47.202 117.62 112.03 47.515 47.462 49.3154 48.1156 47.9987 44.7165 45.0537 47.1082 27.9901 28.9543
2015-09-04 16:49:20.521000 8651.61 47.498 47.393 117.92 112.32 47.713 47.6466 49.4997 48.3079 48.1876 44.8959 45.2415 47.2992 28.1132 29.0714
2015-09-04 16:50:20.559000 8711.648 47.689 47.584 118.22 112.61 47.91 47.8337 49.6846 48.4973 48.3782 45.0766 45.4316 47.4915 28.1938 29.2057
2015-09-04 16:51:20.629000 8771.718 47.879 47.776 118.51 112.9 48.107 48.0193 49.8663 48.6834 48.5712 45.2571 45.6226 47.6818 28.3423 29.2786
2015-09-04 16:52:20.667000 8831.756 48.07 47.966 118.81 113.19 48.302 48.1997 50.0483 48.8704 48.7592 45.4347 45.8138 47.8718 28.4362 29.4325
2015-09-04 16:53:20.736000 8891.825 48.261 48.159 119.1 113.48 48.497 48.3807 50.2256 49.0538 48.9453 45.61 46.0077 48.0624 28.5837 29.5273
2015-09-04 16:54:20.774000 8951.863 48.45 48.347 119.4 113.77 48.689 48.5582 50.4046 49.2378 49.1323 45.7834 46.1933 48.251 28.6959 29.6471
2015-09-04 16:55:20.843000 9011.932 48.639 48.537 119.69 114.06 48.884 48.7396 50.5819 49.4239 49.3182 45.9595 46.3845 48.4377 28.7964 29.7502
2015-09-04 16:56:20.882000 9071.971 48.831 48.723 119.98 114.35 49.077 48.9191 50.7597 49.6085 49.5048 46.1333 46.5755 48.6311 28.9463 29.8742
2015-09-04 16:57:20.951000 9132.04 49.019 48.916 120.27 114.64 49.271 49.1006 50.9396 49.7909 49.6904 46.3026 46.7662 48.8231 29.0322 29.9921
2015-09-04 16:58:20.990000 9192.079 49.213 49.106 120.56 114.92 49.465 49.2791 51.1169 49.9735 49.8747 46.4747 46.9598 49.0145 29.1431 30.0901
2015-09-04 16:59:21.058000 9252.147 49.405 49.298 120.85 115.21 49.658 49.458 51.3007 50.1555 50.0603 46.6435 47.1528 49.2055 29.2682 30.2106
2015-09-04 17:00:21.097000 9312.186 49.598 49.489 121.13 115.49 49.856 49.6344 51.4816 50.3357 50.2446 46.814 47.3479 49.3966 29.3908 30.3343
2015-09-04 17:01:21.166000 9372.255 49.796 49.686 121.42 115.78 50.054 49.816 51.6628 50.522 50.4315 46.9818 47.5461 49.5946 29.4918 30.4221
2015-09-04 17:02:21.203000 9432.292 49.994 49.88 121.71 116.06 50.252 49.992 51.8451 50.704 50.6177 47.1488 47.7462 49.7923 29.6171 30.562
2015-09-04 17:03:21.273000 9492.362 50.197 50.078 122.0 116.35 50.452 50.1708 52.0319 50.8896 50.8024 47.3192 47.9459 49.9923 29.7544 30.6479
2015-09-04 17:04:21.310000 9552.399 50.401 50.28 122.29 116.64 50.656 50.3512 52.2176 51.0741 50.9923 47.4845 48.1481 50.1965 29.8062 30.772
2015-09-04 17:05:21.379000 9612.468 50.607 50.484 122.58 116.93 50.86 50.5256 52.406 51.2592 51.18 47.6523 48.3572 50.4003 29.9387 30.9042
2015-09-04 17:06:21.417000 9672.506 50.817 50.69 122.87 117.22 51.069 50.7094 52.5968 51.4521 51.3709 47.8198 48.5653 50.6103 30.103 31.0108
2015-09-04 17:07:21.486000 9732.575 51.031 50.9 123.16 117.51 51.28 50.8912 52.7938 51.645 51.5647 47.9848 48.7765 50.8233 30.1822 31.1342
2015-09-04 17:08:21.523000 9792.612 51.251 51.115 123.45 117.8 51.494 51.0741 52.9896 51.8341 51.7584 48.1486 48.9901 51.0388 30.2872 31.2429
2015-09-04 17:09:21.560000 9852.649 51.473 51.332 123.74 118.09 51.714 51.2604 53.1901 52.0315 51.9552 48.315 49.2076 51.2635 30.391 31.3453
2015-09-04 17:10:21.608000 9912.697 51.704 51.555 124.04 118.38 51.934 51.4468 53.3938 52.2287 52.157 48.4808 49.4313 51.4907 30.5371 31.4818
2015-09-04 17:11:21.646000 9972.735 51.936 51.782 124.34 118.68 52.156 51.635 53.603 52.4302 52.3576 48.6463 49.6544 51.7195 30.6356 31.6076
2015-09-04 17:12:21.715000 10032.804 52.167 52.013 124.63 118.98 52.38 51.8249 53.8189 52.6364 52.5639 48.8126 49.8825 51.9537 30.7482 31.7202
2015-09-04 17:13:21.753000 10092.842 52.403 52.244 124.93 119.28 52.61 52.018 54.0357 52.8446 52.7741 48.9799 50.1173 52.1888 30.8506 31.8123
2015-09-04 17:14:21.822000 10152.911 52.643 52.482 125.23 119.58 52.842 52.2118 54.2531 53.0576 52.9865 49.1482 50.3504 52.4308 30.987 31.9649
2015-09-04 17:15:21.860000 10212.949 52.891 52.722 125.53 119.88 53.078 52.4105 54.4792 53.2726 53.208 49.3212 50.5893 52.677 31.1013 32.0728
2015-09-04 17:16:21.930000 10273.019 53.141 52.969 125.83 120.18 53.323 52.61 54.7097 53.4935 53.4305 49.492 50.8282 52.929 31.2226 32.1946
2015-09-04 17:17:21.968000 10333.057 53.395 53.219 126.13 120.49 53.568 52.8161 54.9421 53.7176 53.6525 49.6649 51.0731 53.183 31.3285 32.2987
2015-09-04 17:18:22.036000 10393.125 53.656 53.474 126.44 120.79 53.82 53.0197 55.1826 53.9486 53.8869 49.8393 51.3231 53.4432 31.4103 32.3941
2015-09-04 17:19:22.074000 10453.163 53.923 53.732 126.75 121.1 54.076 53.2294 55.4274 54.1814 54.1207 50.0162 51.5751 53.7068 31.5152 32.5321
2015-09-04 17:20:22.143000 10513.232 54.188 53.995 127.06 121.41 54.336 53.4415 55.6758 54.4189 54.3572 50.1961 51.8246 53.9726 31.6454 32.697
2015-09-04 17:21:22.180000 10573.269 54.46 54.263 127.37 121.73 54.598 53.6556 55.9271 54.6569 54.596 50.3789 52.0763 54.25 31.7804 32.8037
2015-09-04 17:22:22.248000 10633.337 54.734 54.535 127.68 122.04 54.864 53.8775 56.1831 54.9011 54.84 50.5645 52.3276 54.5237 31.8989 32.8908
2015-09-04 17:23:22.286000 10693.375 55.009 54.806 127.99 122.36 55.134 54.098 56.4415 55.15 55.0913 50.7503 52.5815 54.8014 31.9906 33.0031
2015-09-04 17:24:22.354000 10753.443 55.285 55.085 128.3 122.68 55.406 54.3187 56.7047 55.4007 55.3424 50.9406 52.8387 55.0803 32.13 33.1734
2015-09-04 17:25:22.392000 10813.481 55.562 55.359 128.61 122.99 55.68 54.5433 56.9685 55.649 55.5948 51.1354 53.0917 55.358 32.2247 33.2836
2015-09-04 17:26:22.461000 10873.55 55.841 55.638 128.92 123.31 55.956 54.7689 57.2355 55.9086 55.8521 51.3322 53.3481 55.6387 32.3178 33.375
2015-09-04 17:27:22.498000 10933.587 56.121 55.915 129.23 123.63 56.235 54.9985 57.5022 56.1665 56.1108 51.5311 53.6058 55.9184 32.4449 33.5188
2015-09-04 17:28:22.536000 10993.625 56.405 56.197 129.55 123.95 56.512 55.225 57.7746 56.4259 56.3721 51.7314 53.8617 56.1912 32.5106 33.6269
2015-09-04 17:29:22.584000 11053.673 56.685 56.476 129.86 124.27 56.791 55.46 58.0432 56.6871 56.6326 51.9356 54.1191 56.4813 32.6739 33.7802
2015-09-04 17:30:22.620000 11113.709 56.966 56.754 130.17 124.59 57.072 55.694 58.3149 56.9499 56.8975 52.1399 54.3807 56.7657 32.8111 33.8961
2015-09-04 17:31:22.687000 11173.776 57.248 57.036 130.48 124.91 57.35 55.9295 58.5872 57.2139 57.1636 52.346 54.6408 57.0428 32.9297 34.0031
2015-09-04 17:32:22.725000 11233.814 57.531 57.316 130.79 125.23 57.63 56.1645 58.8632 57.4814 57.4322 52.5537 54.9003 57.328 33.0172 34.0993
2015-09-04 17:33:22.794000 11293.883 57.811 57.598 131.1 125.55 57.912 56.4013 59.1334 57.7502 57.6983 52.765 55.1609 57.6101 33.1281 34.2225
2015-09-04 17:34:22.831000 11353.92 58.09 57.877 131.41 125.87 58.189 56.6381 59.4096 58.0173 57.9701 52.9732 55.4241 57.8956 33.2469 34.3244
2015-09-04 17:35:22.900000 11413.989 58.367 58.156 131.72 126.19 58.463 56.8803 59.6833 58.2856 58.2422 53.1878 55.6857 58.1736 33.3352 34.4693
2015-09-04 17:36:22.937000 11474.026 58.642 58.43 132.03 126.51 58.74 57.1216 59.9574 58.5583 58.5155 53.4036 55.9482 58.4494 33.4604 34.6187
2015-09-04 17:37:23.005000 11534.094 58.921 58.703 132.33 126.82 59.017 57.3612 60.2341 58.83 58.7875 53.6181 56.2118 58.7255 33.5747 34.7764
2015-09-04 17:38:23.042000 11594.131 59.196 58.978 132.65 127.14 59.291 57.6024 60.5073 59.1039 59.0599 53.8368 56.4746 59.0019 33.7017 34.8436
2015-09-04 17:39:23.081000 11654.17 59.47 59.251 132.96 127.46 59.566 57.8447 60.7833 59.3798 59.3383 54.055 56.7392 59.2764 33.8201 34.9891
2015-09-04 17:40:23.129000 11714.218 59.746 59.525 133.27 127.78 59.84 58.0909 61.0539 59.6516 59.612 54.2716 57.0029 59.5533 33.9152 35.1055
2015-09-04 17:41:23.166000 11774.255 60.023 59.801 133.57 128.1 60.116 58.3344 61.3282 59.9273 59.8926 54.4937 57.2679 59.8286 34.0467 35.2388
2015-09-04 17:42:23.236000 11834.325 60.297 60.074 133.88 128.42 60.392 58.5789 61.6009 60.1996 60.1682 54.7138 57.5345 60.1039 34.1568 35.3561
2015-09-04 17:43:23.274000 11894.363 60.573 60.349 134.19 128.74 60.666 58.8233 61.8755 60.4724 60.4414 54.9373 57.8046 60.3801 34.2726 35.4396
2015-09-04 17:44:23.343000 11954.432 60.848 60.622 134.5 129.06 60.943 59.0696 62.1506 60.7455 60.7185 55.1586 58.0715 60.6549 34.3836 35.5792
2015-09-04 17:45:23.380000 12014.469 61.124 60.896 134.81 129.38 61.218 59.3158 62.4258 61.0197 60.9935 55.3831 58.3393 60.9309 34.5009 35.7269
2015-09-04 17:46:23.450000 12074.539 61.402 61.171 135.12 129.7 61.494 59.5657 62.6994 61.2968 61.2722 55.6072 58.609 61.2075 34.5778 35.8613
2015-09-04 17:47:23.488000 12134.577 61.679 61.445 135.43 130.01 61.768 59.8117 62.9754 61.5715 61.5487 55.8338 58.8778 61.4859 34.6938 35.9764
2015-09-04 17:48:23.556000 12194.645 61.954 61.719 135.74 130.33 62.044 60.0632 63.2496 61.8467 61.8287 56.0559 59.1479 61.7626 34.7973 36.0707
2015-09-04 17:49:23.595000 12254.684 62.231 61.993 136.05 130.65 62.32 60.3138 63.5239 62.1246 62.1066 56.2815 59.4211 62.042 34.9518 36.2161
2015-09-04 17:50:23.663000 12314.752 62.508 62.269 136.35 130.97 62.594 60.5599 63.8015 62.4006 62.386 56.5075 59.6908 62.3184 35.0717 36.3377
2015-09-04 17:51:23.702000 12374.791 62.785 62.546 136.66 131.29 62.869 60.8054 64.0771 62.6795 62.6647 56.7314 59.9663 62.5956 35.1819 36.4279
2015-09-04 17:52:23.771000 12434.86 63.062 62.822 136.97 131.6 63.146 61.0574 64.3515 62.9599 62.945 56.959 60.2383 62.8725 35.2876 36.5319
2015-09-04 17:53:23.809000 12494.898 63.34 63.097 137.28 131.92 63.422 61.3065 64.6288 63.2385 63.229 57.1888 60.509 63.1532 35.4076 36.6811
2015-09-04 17:54:23.878000 12554.967 63.621 63.375 137.59 132.24 63.7 61.554 64.9024 63.518 63.5098 57.4152 60.7826 63.4316 35.5502 36.8044
2015-09-04 17:55:23.916000 12615.005 63.902 63.651 137.9 132.56 63.978 61.8054 65.1779 63.7974 63.7952 57.6432 61.0592 63.7113 35.6468 36.9444
2015-09-04 17:56:23.985000 12675.074 64.182 63.928 138.22 132.88 64.257 62.0549 65.4515 64.0804 64.0775 57.8716 61.3348 63.9911 35.7402 37.0661
2015-09-04 17:57:24.022000 12735.111 64.464 64.207 138.53 133.2 64.532 62.3072 65.7246 64.3622 64.3622 58.1007 61.6103 64.2734 35.8866 37.1473
2015-09-04 17:58:24.092000 12795.181 64.745 64.485 138.84 133.52 64.811 62.5586 65.9994 64.6422 64.6474 58.3305 61.8863 64.5541 35.9961 37.2845
2015-09-04 17:59:24.130000 12855.219 65.025 64.767 139.15 133.84 65.089 62.8102 66.2759 64.925 64.9299 58.5636 62.1633 64.8396 36.091 37.428
2015-09-04 18:00:24.200000 12915.289 65.303 65.048 139.47 134.16 65.363 63.0674 66.5491 65.2045 65.2108 58.7957 62.433 65.1196 36.2106 37.5546
2015-09-04 18:01:24.238000 12975.327 65.579 65.323 139.78 134.48 65.639 63.3197 66.8266 65.4822 65.4896 59.0304 62.71 65.3996 36.2935 37.6466
2015-09-04 18:02:24.307000 13035.396 65.856 65.597 140.09 134.8 65.914 63.5718 67.1047 65.7576 65.7702 59.2626 62.9832 65.6759 36.4122 37.7807
2015-09-04 18:03:24.344000 13095.433 66.132 65.874 140.4 135.12 66.19 63.8256 67.3815 66.0366 66.0514 59.4977 63.2562 65.9507 36.5604 37.9083
2015-09-04 18:04:24.413000 13155.502 66.411 66.149 140.71 135.44 66.465 64.0785 67.6577 66.3164 66.3275 59.7324 63.5325 66.2285 36.6425 38.0296
2015-09-04 18:05:24.451000 13215.54 66.686 66.424 141.01 135.75 66.743 64.3338 67.9324 66.5921 66.6054 59.9704 63.8058 66.506 36.7648 38.1628
2015-09-04 18:06:24.519000 13275.608 66.963 66.699 141.32 136.07 67.018 64.5881 68.2079 66.8686 66.8872 60.2055 64.082 66.7814 36.9172 38.2323
2015-09-04 18:07:24.557000 13335.646 67.239 66.972 141.63 136.38 67.293 64.8414 68.4831 67.145 67.1674 60.4413 64.3536 67.0586 37.025 38.4073
2015-09-04 18:08:24.594000 13395.683 67.514 67.246 141.94 136.7 67.569 65.0959 68.759 67.425 67.4437 60.6772 64.6312 67.3345 37.1579 38.505
2015-09-04 18:09:24.641000 13455.73 67.79 67.519 142.24 137.02 67.843 65.3432 69.0337 67.7 67.723 60.9113 64.9032 67.6081 37.2697 38.6509
2015-09-04 18:10:24.676000 13515.765 68.063 67.792 142.55 137.33 68.118 65.5965 69.3059 67.9752 67.999 61.1471 65.1717 67.8843 37.3844 38.7404
2015-09-04 18:11:24.744000 13575.833 68.338 68.068 142.85 137.65 68.394 65.845 69.581 68.2498 68.2766 61.3811 65.4418 68.1587 37.4804 38.8495
2015-09-04 18:12:24.782000 13635.871 68.613 68.342 143.16 137.96 68.667 66.0947 69.8538 68.5269 68.554 61.619 65.7079 68.4362 37.6149 39.0173
2015-09-04 18:13:24.850000 13695.939 68.887 68.611 143.46 138.27 68.941 66.3493 70.1234 68.8004 68.8316 61.8549 65.9752 68.7108 37.7252 39.1263
2015-09-04 18:14:24.888000 13755.977 69.158 68.885 143.77 138.59 69.218 66.5986 70.3941 69.0761 69.1066 62.0904 66.2412 68.9857 37.8358 39.2589
2015-09-04 18:15:24.956000 13816.045 69.433 69.156 144.07 138.9 69.492 66.8513 70.6626 69.3493 69.3828 62.3281 66.5102 69.2571 37.9417 39.3656
2015-09-04 18:16:24.995000 13876.084 69.704 69.427 144.37 139.21 69.764 67.0983 70.9318 69.6207 69.6563 62.5645 66.7753 69.5277 38.0595 39.4973
2015-09-04 18:17:25.064000 13936.153 69.98 69.695 144.67 139.52 70.037 67.3487 71.1977 69.8971 69.9314 62.8012 67.0397 69.8009 38.1587 39.6513
2015-09-04 18:18:25.102000 13996.191 70.248 69.968 144.98 139.83 70.303 67.5976 71.4654 70.1692 70.2035 63.0391 67.3077 70.0715 38.3065 39.7272
2015-09-04 18:19:25.172000 14056.261 70.515 70.238 145.28 140.14 70.575 67.8469 71.7307 70.4376 70.4729 63.2664 67.5713 70.3404 38.3631 39.8691
2015-09-04 18:20:25.206000 14116.295 70.782 70.501 145.57 140.45 70.84 68.0958 71.9982 70.7045 70.7453 63.5154 67.8376 70.6062 38.5173 39.9186
2015-09-04 18:21:25.244000 14176.333 71.047 70.766 145.87 140.76 71.107 68.3471 72.2607 70.9756 71.0158 63.7513 68.1047 70.8747 38.6499 40.0956
2015-09-04 18:22:25.295000 14236.384 71.312 71.031 146.17 141.06 71.373 68.593 72.5255 71.2424 71.2848 63.9862 68.3702 71.1387 38.7373 40.2247
2015-09-04 18:23:25.334000 14296.423 71.579 71.296 146.47 141.37 71.643 68.8435 72.7881 71.5086 71.5541 64.2226 68.6342 71.4054 38.8798 40.3142
2015-09-04 18:24:25.404000 14356.493 71.846 71.559 146.76 141.67 71.909 69.0896 73.0512 71.7745 71.822 64.4629 68.897 71.6711 38.9436 40.4472
2015-09-04 18:25:25.442000 14416.531 72.11 71.822 147.06 141.97 72.175 69.3374 73.3149 72.0408 72.0876 64.6968 69.1606 71.9361 39.0707 40.5493
2015-09-04 18:26:25.511000 14476.6 72.375 72.085 147.35 142.28 72.441 69.5887 73.5776 72.3065 72.3563 64.9356 69.4236 72.2033 39.2033 40.6801
2015-09-04 18:27:25.549000 14536.638 72.64 72.349 147.65 142.58 72.706 69.8341 73.8434 72.5715 72.6219 65.1682 69.6859 72.4661 39.2985 40.7828
2015-09-04 18:28:25.618000 14596.707 72.901 72.611 147.94 142.88 72.971 70.0773 74.1029 72.8371 72.888 65.4008 69.948 72.7305 39.4215 40.8773
2015-09-04 18:29:25.653000 14656.742 73.167 72.876 148.24 143.18 73.235 70.3237 74.3627 73.1001 73.1525 65.6345 70.2081 72.9941 39.5424 41.0344
2015-09-04 18:30:25.722000 14716.811 73.429 73.137 148.53 143.48 73.501 70.5673 74.6268 73.3666 73.417 65.8657 70.4664 73.2556 39.6744 41.147
2015-09-04 18:31:25.760000 14776.849 73.693 73.399 148.82 143.78 73.767 70.8094 74.8858 73.6293 73.6796 66.1011 70.7239 73.5219 39.7855 41.2195
2015-09-04 18:32:25.830000 14836.919 73.957 73.66 149.11 144.08 74.031 71.0533 75.1465 73.8929 73.9498 66.3332 70.9814 73.7819 39.8922 41.3415
2015-09-04 18:33:25.867000 14896.956 74.22 73.92 149.4 144.38 74.296 71.2945 75.4006 74.1557 74.2132 66.567 71.2402 74.0456 39.9978 41.4359
2015-09-04 18:34:25.936000 14957.025 74.482 74.182 149.69 144.68 74.557 71.5338 75.6545 74.4156 74.4762 66.7996 71.4948 74.3066 40.128 41.5722
2015-09-04 18:35:25.974000 15017.063 74.742 74.441 149.98 144.97 74.82 71.7778 75.9105 74.6801 74.7381 67.0302 71.7532 74.5681 40.2428 41.693
2015-09-04 18:36:26.043000 15077.132 75.003 74.704 150.27 145.27 75.081 72.0193 76.1669 74.938 75.0011 67.2599 72.0089 74.8296 40.3675 41.754
2015-09-04 18:37:26.081000 15137.17 75.261 74.962 150.56 145.56 75.339 72.259 76.4189 75.1962 75.2584 67.4917 72.2635 75.0943 40.4774 41.8771
2015-09-04 18:38:26.150000 15197.239 75.518 75.22 150.84 145.85 75.598 72.5038 76.6753 75.4522 75.5156 67.7252 72.5181 75.3502 40.5411 41.9397
2015-09-04 18:39:26.188000 15257.277 75.776 75.475 151.12 146.14 75.859 72.7429 76.9271 75.7085 75.773 67.9549 72.776 75.6074 40.7213 42.1347
2015-09-04 18:40:26.257000 15317.346 76.033 75.73 151.41 146.43 76.117 72.983 77.1822 75.9647 76.0311 68.1846 73.0282 75.8621 40.7899 42.2138
2015-09-04 18:41:26.295000 15377.384 76.289 75.984 151.69 146.72 76.373 73.2256 77.4337 76.2203 76.2853 68.4175 73.2829 76.1202 40.8526 42.3055
2015-09-04 18:42:26.365000 15437.454 76.544 76.239 151.98 147.01 76.632 73.4641 77.6873 76.4784 76.5421 68.6467 73.5348 76.3742 41.0481 42.4127
2015-09-04 18:43:26.403000 15497.492 76.8 76.492 152.26 147.3 76.888 73.7013 77.937 76.7331 76.7979 68.876 73.7888 76.6305 41.1096 42.5017
2015-09-04 18:44:26.473000 15557.562 77.055 76.748 152.54 147.59 77.146 73.9424 78.1889 76.987 77.0566 69.1084 74.0406 76.8846 41.2376 42.6115
2015-09-04 18:45:26.511000 15617.6 77.311 77.003 152.82 147.88 77.4 74.1787 78.4392 77.2397 77.3097 69.337 74.292 77.1403 41.3294 42.7445
2015-09-04 18:46:26.580000 15677.669 77.564 77.254 153.1 148.17 77.657 74.4164 78.6894 77.4914 77.5637 69.5685 74.5471 77.3953 41.4112 42.7917
2015-09-04 18:47:26.618000 15737.707 77.818 77.508 153.38 148.45 77.913 74.6547 78.9416 77.7462 77.8173 69.7949 74.7986 77.6492 41.4964 42.9565
2015-09-04 18:48:26.687000 15797.776 78.074 77.761 153.66 148.74 78.172 74.8934 79.1882 77.9979 78.0705 70.0231 75.0502 77.9049 41.6233 43.0444
2015-09-04 18:49:26.725000 15857.814 78.328 78.014 153.93 149.02 78.426 75.1279 79.439 78.2501 78.3249 70.2499 75.2972 78.16 41.6848 43.1268
2015-09-04 18:50:26.794000 15917.883 78.584 78.267 154.21 149.3 78.681 75.3644 79.688 78.5018 78.5761 70.4735 75.5441 78.4129 41.8677 43.2147
2015-09-04 18:51:26.833000 15977.922 78.836 78.517 154.49 149.59 78.938 75.5956 79.9345 78.7536 78.8282 70.6986 75.7925 78.6653 41.9419 43.3289
2015-09-04 18:52:26.902000 16037.991 79.091 78.767 154.77 149.87 79.192 75.8301 80.1847 79.0024 79.0809 70.9259 76.0377 78.917 42.0528 43.3949
2015-09-04 18:53:26.941000 16098.03 79.341 79.021 155.04 150.15 79.447 76.0618 80.4298 79.2537 79.3299 71.1504 76.2819 79.1699 42.1232 43.5311
2015-09-04 18:54:27.010000 16158.099 79.594 79.275 155.32 150.43 79.702 76.2954 80.6754 79.5059 79.5819 71.3739 76.5294 79.424 42.2501 43.6124
2015-09-04 18:55:27.049000 16218.138 79.845 79.524 155.59 150.7 79.954 76.5285 80.9184 79.7562 79.8324 71.5952 76.7741 79.6739 42.3643 43.7135
2015-09-04 18:56:27.118000 16278.207 80.097 79.775 155.86 150.98 80.208 76.7607 81.1633 80.0064 80.0845 71.822 77.0192 79.9256 42.4462 43.8091
2015-09-04 18:57:27.155000 16338.244 80.346 80.025 156.14 151.25 80.457 76.9912 81.4056 80.2521 80.3326 72.0464 77.2631 80.1752 42.5983 43.8969
2015-09-04 18:58:27.194000 16398.283 80.593 80.271 156.41 151.53 80.707 77.2243 81.6509 80.4979 80.5763 72.2677 77.5092 80.4251 42.65 44.031
2015-09-04 18:59:27.241000 16458.33 80.84 80.516 156.68 151.8 80.954 77.4551 81.8914 80.743 80.8234 72.4908 77.7553 80.671 42.7368 44.0716
2015-09-04 19:00:27.279000 16518.368 81.088 80.762 156.95 152.08 81.204 77.6854 82.1362 80.9878 81.0715 72.7158 77.9975 80.9149 42.7994 44.2167
2015-09-04 19:01:27.348000 16578.437 81.335 81.011 157.22 152.35 81.452 77.9176 82.376 81.2329 81.3166 72.9377 78.2403 81.1633 42.9104 44.2211
2015-09-04 19:02:27.387000 16638.476 81.58 81.254 157.49 152.62 81.699 78.1465 82.6194 81.4778 81.5608 73.1586 78.4855 81.4133 43.0389 44.3749
2015-09-04 19:03:27.456000 16698.545 81.826 81.499 157.76 152.89 81.947 78.3774 82.8615 81.723 81.8056 73.3793 78.7265 81.6592 43.0982 44.4825
2015-09-04 19:04:27.494000 16758.583 82.074 81.745 158.02 153.16 82.197 78.6096 83.1004 81.9668 82.0512 73.6033 78.9698 81.9062 43.1982 44.5232
2015-09-04 19:05:27.563000 16818.652 82.319 81.988 158.29 153.43 82.445 78.8367 83.3467 82.2101 82.2938 73.8247 79.2127 82.1523 43.3037 44.6583
2015-09-04 19:06:27.601000 16878.69 82.566 82.234 158.56 153.7 82.692 79.0675 83.5878 82.4554 82.54 74.0477 79.4554 82.3964 43.4036 44.7385
2015-09-04 19:07:27.670000 16938.759 82.811 82.478 158.83 153.96 82.94 79.2955 83.8285 82.695 82.7829 74.2666 79.695 82.6413 43.5201 44.8198
2015-09-04 19:08:27.705000 16998.794 83.058 82.722 159.09 154.23 83.186 79.5253 84.0677 82.939 83.0262 74.4879 79.9378 82.886 43.5959 44.8605
2015-09-04 19:09:27.773000 17058.862 83.301 82.965 159.36 154.5 83.435 79.7539 84.3073 83.1827 83.2722 74.7096 80.175 83.1321 43.7069 44.9967
2015-09-04 19:10:27.811000 17118.9 83.545 83.21 159.62 154.76 83.681 79.9814 84.5474 83.4266 83.5144 74.9319 80.4148 83.3765 43.7486 0.0
2015-09-04 19:11:27.879000 17178.968 83.79 83.454 159.88 155.03 83.925 80.208 84.7858 83.6662 83.7576 75.1509 80.6538 83.6216 43.8607 0.0
2015-09-04 19:12:27.916000 17239.005 84.036 83.697 160.14 155.29 84.172 80.4312 85.0249 83.9093 83.9992 75.3667 80.8904 83.8648 43.9947 0.0
2015-09-04 19:13:27.983000 17299.072 84.279 83.939 160.4 155.55 84.418 80.6571 85.2609 84.1497 84.2393 75.5827 81.1272 84.1094 44.0705 0.0
2015-09-04 19:14:28.021000 17359.11 84.523 84.182 160.66 155.82 84.667 80.8821 85.4962 84.39 84.4831 75.7994 81.3655 84.3513 44.0837 0.0
2015-09-04 19:15:28.059000 17419.148 84.765 84.423 160.91 156.08 84.913 81.1081 85.7338 84.6316 84.7239 76.0154 81.6015 84.5972 44.2167 0.0
2015-09-04 19:16:28.108000 17479.197 85.01 84.667 161.17 156.34 85.155 81.3336 85.9695 84.8697 84.9678 76.2326 81.8369 84.8421 44.3507 0.0
2015-09-04 19:17:28.146000 17539.235 85.251 84.909 161.43 156.6 85.397 81.5572 86.2075 85.1103 85.2042 76.4487 82.0743 85.0824 44.388 0.0
2015-09-04 19:18:28.214000 17599.303 85.492 85.15 161.68 156.86 85.639 81.7807 86.4417 85.3494 85.4422 76.6663 82.3098 85.3222 44.4814 0.0
2015-09-04 19:19:28.252000 17659.341 85.729 85.387 161.94 157.12 85.88 82.004 86.6769 85.5843 85.6764 76.8776 82.5458 85.562 44.6034 0.0
2015-09-04 19:20:28.319000 17719.408 85.97 85.627 162.19 157.38 86.123 82.2289 86.9123 85.8241 85.9168 77.0949 82.7813 85.8015 44.7286 0.0
2015-09-04 19:21:28.357000 17779.446 86.208 85.863 162.44 157.63 86.364 82.4526 87.1452 86.0629 86.1535 77.3099 83.0164 86.0395 44.744 0.0
2015-09-04 19:22:28.424000 17839.513 86.448 86.1 162.7 157.89 86.603 82.6758 87.3809 86.2951 86.395 77.5282 83.2505 86.2781 44.8561 0.0
2015-09-04 19:23:28.462000 17899.551 86.686 86.337 162.95 158.14 86.845 82.8994 87.6141 86.5334 86.6325 77.7408 83.486 86.5158 44.9967 0.0
2015-09-04 19:24:28.529000 17959.618 86.925 86.576 163.2 158.4 87.087 83.1225 87.8491 86.7691 86.8659 77.9577 83.7211 86.7547 0.0 0.0
2015-09-04 19:25:28.567000 18019.656 87.162 86.812 163.45 158.65 87.328 83.343 88.0822 87.0049 87.103 78.1708 83.9566 86.9924 0.0 0.0
2015-09-04 19:26:28.632000 18079.721 87.403 87.049 163.7 158.9 87.568 83.5666 88.3129 87.2398 87.3397 78.3843 84.1914 87.2297 0.0 0.0
2015-09-04 19:27:28.669000 18139.758 87.64 87.288 163.95 159.15 87.808 83.7894 88.5472 87.4749 87.5753 78.5979 84.4258 87.4674 0.0 0.0
2015-09-04 19:28:28.706000 18199.795 87.88 87.522 164.2 159.4 88.048 84.0145 88.7797 87.7092 87.8093 78.8138 84.659 87.7094 0.0 0.0
2015-09-04 19:29:28.755000 18259.844 88.115 87.759 164.44 159.66 88.288 84.2367 89.0109 87.9446 88.0444 79.0268 84.8927 87.9457 0.0 0.0
2015-09-04 19:30:28.793000 18319.882 88.35 87.997 164.69 159.91 88.526 84.4566 89.2465 88.1793 88.2819 79.2414 85.1255 88.1839 0.0 0.0
2015-09-04 19:31:28.859000 18379.948 88.591 88.234 164.93 160.15 88.765 84.6793 89.4831 88.4123 88.514 79.4535 85.3539 88.4213 0.0 0.0
2015-09-04 19:32:28.898000 18439.987 88.826 88.47 165.18 160.4 89.003 84.9012 89.7124 88.6457 88.7476 79.6657 85.5847 88.656 0.0 0.0
2015-09-04 19:33:28.964000 18500.053 89.063 88.705 165.42 160.65 89.244 85.1207 89.9419 88.8813 88.9839 79.8821 85.8133 88.8928 0.0 0.0
2015-09-04 19:34:29.003000 18560.092 89.299 88.942 165.67 160.89 89.484 85.3387 90.1727 89.1167 89.2174 80.0927 86.0463 89.1293 0.0 0.0
2015-09-04 19:35:29.070000 18620.159 89.538 89.174 165.91 161.13 89.723 85.5579 90.4019 89.3497 89.4519 80.3035 86.2715 89.3658 0.0 0.0
2015-09-04 19:36:29.107000 18680.196 89.773 89.412 166.15 161.38 89.961 85.7769 90.6296 89.5839 89.687 80.5151 86.5044 89.6023 0.0 0.0
2015-09-04 19:37:29.146000 18740.235 90.011 89.646 166.4 161.62 90.197 85.9944 90.8584 89.8174 89.9214 80.7236 86.7347 89.8383 0.0 0.0
2015-09-04 19:38:29.193000 18800.282 90.243 89.881 166.64 161.86 90.43 86.2113 91.0871 90.0481 90.1508 80.9345 86.9648 90.0721 0.0 0.0
2015-09-04 19:39:29.232000 18860.321 90.475 90.113 166.88 162.1 90.667 86.4308 91.3164 90.2786 90.3827 81.1447 87.1928 90.307 0.0 0.0
2015-09-04 19:40:29.298000 18920.387 90.709 90.347 167.12 162.34 90.9 86.6492 91.5421 90.5085 90.6101 81.3554 87.4213 90.5376 0.0 0.0
2015-09-04 19:41:29.337000 18980.426 90.94 90.578 167.36 162.58 91.136 86.8659 91.7696 90.7354 90.8422 81.5638 87.6499 90.7716 0.0 0.0
2015-09-04 19:42:29.403000 19040.492 91.173 90.809 167.59 162.82 91.368 87.0848 91.9975 90.9669 91.0727 81.7732 87.8788 91.0027 0.0 0.0
2015-09-04 19:43:29.441000 19100.53 91.404 91.039 167.83 163.06 91.602 87.3029 92.2251 91.1952 91.3026 81.9831 88.1073 91.2343 0.0 0.0
2015-09-04 19:44:29.508000 19160.597 91.635 91.269 168.07 163.3 91.839 87.5186 92.4524 91.4264 91.5322 82.1923 88.3355 91.4654 0.0 0.0
2015-09-04 19:45:29.545000 19220.634 91.868 91.499 168.3 163.53 92.072 87.7347 92.6831 91.6539 91.7597 82.4025 88.5622 91.6981 0.0 0.0
2015-09-04 19:46:29.584000 19280.673 92.099 91.731 168.54 163.77 92.307 87.9527 92.9089 91.8853 91.9907 82.6115 88.792 91.9288 0.0 0.0
2015-09-04 19:47:29.629000 19340.718 92.331 91.96 168.77 164.0 92.539 88.1689 93.1355 92.1142 92.2191 82.8199 89.0176 92.1599 0.0 0.0
2015-09-04 19:48:29.668000 19400.757 92.562 92.191 169.01 164.24 92.771 88.3881 93.361 92.3416 92.4503 83.0316 89.2464 92.3902 0.0 0.0
2015-09-04 19:49:29.734000 19460.823 92.793 92.421 169.24 164.47 93.005 88.6035 93.5872 92.5687 92.6799 83.2415 89.4744 92.6209 0.0 0.0
2015-09-04 19:50:29.772000 19520.861 93.024 92.652 169.48 164.71 93.238 88.8194 93.8138 92.797 92.9089 83.4485 89.7036 92.8508 0.0 0.0
2015-09-04 19:51:29.839000 19580.928 93.253 92.882 169.71 164.94 93.471 89.0371 94.0383 93.0259 93.1343 83.6596 89.9301 93.081 0.0 0.0
2015-09-04 19:52:29.877000 19640.966 93.484 93.11 169.94 165.17 93.702 89.2519 94.2642 93.2529 93.3638 83.8657 90.1531 93.3113 0.0 0.0
2015-09-04 19:53:29.944000 19701.033 93.714 93.339 170.17 165.4 93.936 89.4678 94.49 93.4781 93.5898 84.0741 90.3775 93.5415 0.0 0.0
2015-09-04 19:54:29.982000 19761.071 93.946 93.566 170.39 165.63 94.168 89.6843 94.7169 93.7065 93.8182 84.2821 90.6021 93.7702 0.0 0.0
2015-09-04 19:55:30.049000 19821.138 94.173 93.796 170.62 165.86 94.401 89.9032 94.9413 93.9331 94.0461 84.4892 90.8264 94.0023 0.0 0.0
2015-09-04 19:56:30.086000 19881.175 94.403 94.023 170.85 166.09 94.632 90.118 95.1659 94.1601 94.2745 84.6995 91.0499 94.2329 0.0 0.0
2015-09-04 19:57:30.124000 19941.213 94.634 94.255 171.07 166.32 94.864 90.3302 95.3881 94.3886 94.5003 84.9061 91.2719 94.4615 0.0 0.0
2015-09-04 19:58:30.173000 20001.262 94.862 94.482 171.3 166.55 95.095 90.5442 95.6133 94.6141 94.7278 85.1132 91.498 94.6927 0.0 0.0
2015-09-04 19:59:30.211000 20061.3 95.092 94.71 171.53 166.77 95.321 90.7584 95.8332 94.8445 94.9564 85.3167 91.7195 94.9197 0.0 0.0
2015-09-04 20:00:30.278000 20121.367 95.318 94.941 171.75 167.0 95.55 90.9695 96.0552 95.0683 95.1805 85.5238 91.9416 95.1472 0.0 0.0
2015-09-04 20:01:30.316000 20181.405 95.543 95.166 171.97 167.22 95.779 91.1819 96.2791 95.2927 95.4057 85.7313 92.1651 95.3738 0.0 0.0
2015-09-04 20:02:30.383000 20241.472 95.77 95.391 172.2 167.45 96.007 91.3963 96.5003 95.517 95.6324 85.9361 92.3884 95.5982 0.0 0.0
2015-09-04 20:03:30.420000 20301.509 95.994 95.616 172.42 167.67 96.236 91.6076 96.7203 95.7395 95.8563 86.1426 92.6113 95.8252 0.0 0.0
2015-09-04 20:04:30.487000 20361.576 96.222 95.839 172.64 167.9 96.464 91.8203 96.9429 95.9631 96.0796 86.3473 92.8356 96.0517 0.0 0.0
2015-09-04 20:05:30.525000 20421.614 96.448 96.064 172.86 168.12 96.692 92.0343 97.1624 96.1851 96.3018 86.5517 93.0582 96.2742 0.0 0.0
2015-09-04 20:06:30.562000 20481.651 96.671 96.29 173.08 168.34 96.919 92.2443 97.3867 96.4091 96.5261 86.7582 93.2806 96.4987 0.0 0.0
2015-09-04 20:07:30.609000 20541.698 96.896 96.511 173.3 168.56 97.145 92.4561 97.6058 96.6312 96.7486 86.9617 93.5023 96.722 0.0 0.0
2015-09-04 20:08:30.647000 20601.736 97.122 96.736 173.52 168.78 97.373 92.6692 97.8257 96.852 96.973 87.1677 93.7257 96.9504 0.0 0.0
2015-09-04 20:09:30.714000 20661.803 97.348 96.962 173.74 169.0 97.6 92.8822 98.0476 97.0766 97.1939 87.3722 93.9468 97.1762 0.0 0.0
2015-09-04 20:10:30.750000 20721.839 97.572 97.187 173.95 169.22 97.827 93.095 98.2694 97.2962 97.4159 87.5771 94.1683 97.4011 0.0 0.0
2015-09-04 20:11:30.816000 20781.905 97.797 97.41 174.17 169.44 98.053 93.3053 98.4924 97.5219 97.6393 87.7822 94.3872 97.6232 0.0 0.0
2015-09-04 20:12:30.853000 20841.942 98.021 97.634 174.38 169.66 98.281 93.5181 98.7132 97.7431 97.8624 87.9841 94.6119 97.8473 0.0 0.0
2015-09-04 20:13:30.920000 20902.009 98.244 97.856 174.6 169.88 98.508 93.7311 98.9338 97.9684 98.0857 88.1895 94.8313 98.0722 0.0 0.0
2015-09-04 20:14:30.958000 20962.047 98.471 98.078 174.82 170.09 98.734 93.9412 99.1529 98.1899 98.308 88.3936 95.0533 98.2958 0.0 0.0
2015-09-04 20:15:30.996000 21022.085 98.695 98.303 175.03 170.31 98.96 94.1525 99.3732 98.413 98.5337 88.5999 95.2709 98.5211 0.0 0.0
2015-09-04 20:16:31.045000 21082.134 98.918 98.525 175.25 170.52 99.187 94.3635 99.5923 98.6338 98.7544 88.8057 95.4912 98.7437 0.0 0.0
2015-09-04 20:17:31.082000 21142.171 99.142 98.749 175.46 170.74 99.411 94.5751 99.8131 98.8533 98.9762 89.0098 95.7111 98.9669 0.0 0.0
2015-09-04 20:18:31.149000 21202.238 99.365 98.972 175.67 170.95 99.637 94.7859 100.033 99.075 99.1982 89.2139 95.9295 99.1897 0.0 0.0
2015-09-04 20:19:31.187000 21262.276 99.589 99.196 175.88 171.16 99.864 94.9979 100.25 99.2967 99.4185 89.4186 96.1469 99.4148 0.0 0.0
2015-09-04 20:20:31.255000 21322.344 99.813 99.418 176.09 171.37 100.09 95.2063 100.466 99.5187 99.641 89.6234 96.3658 99.6377 0.0 0.0
2015-09-04 20:21:31.292000 21382.381 100.03 99.639 176.3 171.59 100.31 95.4141 100.685 99.7386 99.8627 89.8276 96.5834 99.8629 0.0 0.0
2015-09-04 20:22:31.359000 21442.448 100.25 99.861 176.51 171.8 100.53 95.6248 100.903 99.9599 100.082 90.032 96.8027 100.084 0.0 0.0
2015-09-04 20:23:31.398000 21502.487 100.48 100.08 176.72 172.01 100.76 95.8344 101.12 100.179 100.303 90.2313 97.0206 100.303 0.0 0.0
2015-09-04 20:24:31.464000 21562.553 100.7 100.3 176.93 172.21 100.98 96.0437 101.338 100.398 100.523 90.4339 97.239 100.524 0.0 0.0
2015-09-04 20:25:31.502000 21622.591 100.92 100.52 177.14 172.42 101.2 96.2512 101.555 100.617 100.74 90.6346 97.4571 100.746 0.0 0.0
2015-09-04 20:26:31.540000 21682.629 101.14 100.74 177.35 172.63 101.42 96.4574 101.771 100.836 100.959 90.8382 97.6747 100.963 0.0 0.0
2015-09-04 20:27:31.589000 21742.678 101.36 100.96 177.55 172.84 101.64 96.6662 101.988 101.055 101.178 91.0381 97.8906 101.183 0.0 0.0
2015-09-04 20:28:31.626000 21802.715 101.58 101.18 177.76 173.04 101.87 96.8747 102.207 101.273 101.399 91.2324 98.1082 101.402 0.0 0.0
2015-09-04 20:29:31.693000 21862.782 101.8 101.4 177.96 173.25 102.09 97.0812 102.421 101.49 101.618 91.4427 98.3246 101.622 0.0 0.0
2015-09-04 20:30:31.731000 21922.82 102.01 101.61 178.17 173.46 102.31 97.2916 102.636 101.71 101.837 91.6461 98.5435 101.839 0.0 0.0
2015-09-04 20:31:31.796000 21982.885 102.24 101.83 178.37 173.66 102.53 97.4989 102.853 101.926 102.054 91.8444 98.7603 102.059 0.0 0.0
2015-09-04 20:32:31.834000 22042.923 102.45 102.05 178.58 173.86 102.75 97.7054 103.07 102.144 102.273 92.0467 98.9779 102.279 0.0 0.0
2015-09-04 20:33:31.901000 22102.99 102.67 102.27 178.78 174.07 102.97 97.9133 103.286 102.361 102.489 92.2484 99.1933 102.498 0.0 0.0
2015-09-04 20:34:31.940000 22163.029 102.89 102.49 178.98 174.27 103.19 98.1204 103.502 102.58 102.708 92.449 99.4109 102.715 0.0 0.0
2015-09-04 20:35:31.978000 22223.067 103.11 102.71 179.19 174.47 103.41 98.3315 103.719 102.798 102.927 92.6498 99.6312 102.936 0.0 0.0
2015-09-04 20:36:32.023000 22283.112 103.33 102.92 179.39 174.68 103.64 98.5385 103.934 103.015 103.145 92.8518 99.8436 103.154 0.0 0.0
2015-09-04 20:37:32.061000 22343.15 103.55 103.14 179.59 174.88 103.85 98.7451 104.151 103.232 103.363 93.0536 100.062 103.374 0.0 0.0
2015-09-04 20:38:32.127000 22403.216 103.77 103.36 179.79 175.08 104.08 98.9539 104.368 103.449 103.58 93.2543 100.276 103.589 0.0 0.0
2015-09-04 20:39:32.164000 22463.253 103.98 103.58 179.99 175.28 104.3 99.1614 104.585 103.668 103.797 93.4552 100.491 103.807 0.0 0.0
2015-09-04 20:40:32.230000 22523.319 104.2 103.79 180.19 175.48 104.52 99.3679 104.796 103.884 104.015 93.6562 100.706 104.025 0.0 0.0
2015-09-04 20:41:32.269000 22583.358 104.42 104.01 180.38 175.67 104.74 99.5763 105.015 104.102 104.232 93.858 100.918 104.243 0.0 0.0
2015-09-04 20:42:32.336000 22643.425 104.64 104.23 180.58 175.87 104.96 99.783 105.226 104.319 104.454 94.0635 101.134 104.461 0.0 0.0
2015-09-04 20:43:32.374000 22703.463 104.86 104.45 180.78 176.07 105.18 99.99 105.44 104.535 104.668 94.2626 101.349 104.677 0.0 0.0
2015-09-04 20:44:32.412000 22763.501 105.07 104.66 180.97 176.27 105.39 100.197 105.653 104.752 104.887 94.4627 101.565 104.895 0.0 0.0
2015-09-04 20:45:32.459000 22823.548 105.29 104.88 181.17 176.46 105.61 100.403 105.865 104.968 105.102 94.6632 101.779 105.112 0.0 0.0
2015-09-04 20:46:32.498000 22883.587 105.5 105.1 181.36 176.66 105.82 100.607 106.078 105.184 105.316 94.8624 101.992 105.325 0.0 0.0
2015-09-04 20:47:32.564000 22943.653 105.72 105.31 181.56 176.85 106.04 100.81 106.288 105.397 105.531 95.0649 102.208 105.539 0.0 0.0
2015-09-04 20:48:32.603000 23003.692 105.93 105.52 181.75 177.05 106.26 101.018 106.503 105.612 105.746 95.2642 102.421 105.757 0.0 0.0
2015-09-04 20:49:32.669000 23063.758 106.15 105.74 181.94 177.24 106.47 101.224 106.715 105.824 105.96 95.4615 102.635 105.972 0.0 0.0
2015-09-04 20:50:32.708000 23123.797 106.36 105.95 182.14 177.44 106.69 101.429 106.927 106.038 106.174 95.66 102.848 106.185 0.0 0.0
2015-09-04 20:51:32.773000 23183.862 106.58 106.16 182.33 177.63 106.91 101.633 107.141 106.252 106.387 95.8592 103.061 106.4 0.0 0.0
2015-09-04 20:52:32.810000 23243.899 106.79 106.38 182.52 177.82 107.12 101.838 107.352 106.466 106.601 96.0577 103.274 106.615 0.0 0.0
2015-09-04 20:53:32.849000 23303.938 107.01 106.59 182.71 178.02 107.34 102.045 107.567 106.681 106.817 96.2571 103.487 106.828 0.0 0.0
2015-09-04 20:54:32.894000 23363.983 107.22 106.8 182.9 178.21 107.55 102.248 107.778 106.896 107.03 96.4554 103.699 107.041 0.0 0.0
2015-09-04 20:55:32.932000 23424.021 107.44 107.02 183.09 178.4 107.77 102.453 107.99 107.109 107.246 96.6539 103.912 107.255 0.0 0.0
2015-09-04 20:56:32.998000 23484.087 107.65 107.23 183.28 178.59 107.99 102.657 108.201 107.321 107.46 96.8547 104.128 107.469 0.0 0.0
2015-09-04 20:57:33.036000 23544.125 107.86 107.44 183.46 178.78 108.2 102.862 108.413 107.534 107.672 97.0519 104.34 107.681 0.0 0.0
2015-09-04 20:58:33.102000 23604.191 108.07 107.66 183.65 178.96 108.42 103.067 108.623 107.749 107.887 97.2505 104.555 107.895 0.0 0.0
2015-09-04 20:59:33.139000 23664.228 108.29 107.87 183.84 179.15 108.63 103.271 108.835 107.963 108.101 97.4478 104.769 108.105 0.0 0.0
2015-09-04 21:00:33.177000 23724.266 108.5 108.08 184.03 179.34 108.85 103.474 109.047 108.174 108.312 97.6463 104.982 108.319 0.0 0.0
2015-09-04 21:01:33.223000 23784.312 108.72 108.29 184.22 179.53 109.06 103.679 109.257 108.388 108.526 97.8445 105.19 108.533 0.0 0.0
2015-09-04 21:02:33.261000 23844.35 108.93 108.5 184.4 179.71 109.28 103.885 109.468 108.601 108.74 98.0445 105.404 108.747 0.0 0.0
2015-09-04 21:03:33.327000 23904.416 109.14 108.72 184.58 179.9 109.49 104.092 109.678 108.811 108.952 98.2424 105.613 108.959 0.0 0.0
2015-09-04 21:04:33.365000 23964.454 109.35 108.93 184.77 180.09 109.71 104.294 109.892 109.024 109.167 98.4406 105.823 109.172 0.0 0.0
2015-09-04 21:05:33.431000 24024.52 109.57 109.14 184.95 180.27 109.92 104.499 110.104 109.237 109.378 98.638 106.034 109.385 0.0 0.0
2015-09-04 21:06:33.469000 24084.558 109.78 109.36 185.14 180.45 110.13 104.703 110.312 109.45 109.592 98.8388 106.246 109.594 0.0 0.0
2015-09-04 21:07:33.535000 24144.624 109.99 109.57 185.32 180.64 110.35 104.908 110.521 109.664 109.804 99.0368 106.455 109.808 0.0 0.0
2015-09-04 21:08:33.572000 24204.661 110.2 109.78 185.5 180.82 110.56 105.111 110.728 109.874 110.016 99.2359 106.665 110.02 0.0 0.0
2015-09-04 21:09:33.611000 24264.7 110.41 109.99 185.69 181.0 110.77 105.312 110.936 110.086 110.229 99.4344 106.876 110.229 0.0 0.0
2015-09-04 21:10:33.658000 24324.747 110.62 110.2 185.87 181.18 110.98 105.515 111.146 110.296 110.44 99.6317 107.086 110.438 0.0 0.0
2015-09-04 21:11:33.697000 24384.786 110.83 110.41 186.05 181.36 111.19 105.718 111.354 110.508 110.65 99.8303 107.297 110.645 0.0 0.0
2015-09-04 21:12:33.763000 24444.852 111.04 110.62 186.23 181.54 111.41 105.918 111.563 110.717 110.861 100.03 107.508 110.857 0.0 0.0
2015-09-04 21:13:33.801000 24504.89 111.25 110.83 186.41 181.72 111.62 106.121 111.77 110.925 111.07 100.226 107.715 111.064 0.0 0.0
2015-09-04 21:14:33.866000 24564.955 111.46 111.03 186.59 181.9 111.83 106.32 111.976 111.137 111.279 100.422 107.929 111.276 0.0 0.0
2015-09-04 21:15:33.903000 24624.992 111.67 111.25 186.77 182.08 112.04 106.523 112.186 111.345 111.49 100.618 108.135 111.483 0.0 0.0
2015-09-04 21:16:33.970000 24685.059 111.88 111.45 186.94 182.25 112.25 106.727 112.395 111.554 111.698 100.816 108.347 111.695 0.0 0.0
2015-09-04 21:17:34.008000 24745.097 112.09 111.66 187.12 182.43 112.46 106.928 112.601 111.763 111.911 101.013 108.555 111.904 0.0 0.0
2015-09-04 21:18:34.047000 24805.136 112.3 111.87 187.3 182.61 112.67 107.132 112.811 111.973 112.118 101.208 108.765 112.111 0.0 0.0
2015-09-04 21:19:34.093000 24865.182 112.5 112.08 187.48 182.78 112.88 107.333 113.019 112.182 112.327 101.405 108.976 112.321 0.0 0.0
2015-09-04 21:20:34.131000 24925.22 112.71 112.29 187.65 182.96 113.09 107.534 113.228 112.39 112.536 101.602 109.186 112.528 0.0 0.0
2015-09-04 21:21:34.197000 24985.286 112.92 112.49 187.83 183.14 113.3 107.735 113.433 112.601 112.746 101.798 109.394 112.737 0.0 0.0
2015-09-04 21:22:34.234000 25045.323 113.13 112.7 188.01 183.31 113.51 107.936 113.641 112.81 112.956 101.995 109.601 112.945 0.0 0.0
2015-09-04 21:23:34.301000 25105.39 113.34 112.91 188.18 183.49 113.72 108.139 113.849 113.02 113.167 102.194 109.813 113.155 0.0 0.0
2015-09-04 21:24:34.339000 25165.428 113.55 113.12 188.36 183.66 113.93 108.34 114.056 113.227 113.376 102.388 110.02 113.362 0.0 0.0
2015-09-04 21:25:34.405000 25225.494 113.76 113.32 188.53 183.83 114.14 108.539 114.263 113.437 113.586 102.588 110.23 113.568 0.0 0.0
2015-09-04 21:26:34.443000 25285.532 113.97 113.53 188.71 184.0 114.35 108.741 114.468 113.645 113.794 102.782 110.437 113.775 0.0 0.0
2015-09-04 21:27:34.482000 25345.571 114.17 113.74 188.88 184.18 114.56 108.944 114.676 113.854 114.003 102.981 110.643 113.982 0.0 0.0
2015-09-04 21:28:34.530000 25405.619 114.38 113.95 189.05 184.35 114.77 109.144 114.884 114.063 114.213 103.177 110.851 114.19 0.0 0.0
2015-09-04 21:29:34.567000 25465.656 114.59 114.15 189.22 184.52 114.98 109.346 115.089 114.269 114.421 103.372 111.055 114.398 0.0 0.0
2015-09-04 21:30:34.634000 25525.723 114.79 114.36 189.4 184.69 115.19 109.547 115.294 114.477 114.628 103.568 111.263 114.606 0.0 0.0
2015-09-04 21:31:34.672000 25585.761 115.0 114.57 189.57 184.86 115.39 109.75 115.498 114.687 114.836 103.766 111.468 114.813 0.0 0.0
2015-09-04 21:32:34.739000 25645.828 115.2 114.77 189.74 185.03 115.6 109.95 115.706 114.894 115.045 103.961 111.676 115.019 0.0 0.0
2015-09-04 21:33:34.777000 25705.866 115.41 114.98 189.91 185.2 115.81 110.151 115.909 115.101 115.251 104.158 111.881 115.225 0.0 0.0
2015-09-04 21:34:34.844000 25765.933 115.62 115.19 190.08 185.37 116.01 110.349 116.115 115.309 115.46 104.355 112.087 115.429 0.0 0.0
2015-09-04 21:35:34.879000 25825.968 115.82 115.39 190.25 185.54 116.22 110.548 116.319 115.514 115.666 104.552 112.296 115.632 0.0 0.0
2015-09-04 21:36:34.916000 25886.005 116.03 115.59 190.41 185.7 116.43 110.747 116.524 115.721 115.874 104.752 112.501 115.838 0.0 0.0
2015-09-04 21:37:34.965000 25946.054 116.23 115.8 190.58 185.87 116.63 110.947 116.727 115.927 116.078 104.946 112.708 116.041 0.0 0.0
2015-09-04 21:38:35.002000 26006.091 116.44 116.0 190.75 186.04 116.84 111.144 116.932 116.132 116.285 105.144 112.916 116.246 0.0 0.0
2015-09-04 21:39:35.068000 26066.157 116.64 116.21 190.91 186.21 117.05 111.344 117.137 116.34 116.492 105.338 113.122 116.448 0.0 0.0
2015-09-04 21:40:35.105000 26126.194 116.84 116.41 191.08 186.37 117.25 111.541 117.339 116.544 116.697 105.53 113.329 116.654 0.0 0.0
2015-09-04 21:41:35.172000 26186.261 117.05 116.61 191.25 186.54 117.46 111.741 117.544 116.749 116.903 105.724 113.534 116.857 0.0 0.0
2015-09-04 21:42:35.209000 26246.298 117.25 116.82 191.41 186.7 117.66 111.939 117.747 116.955 117.108 105.92 113.739 117.061 0.0 0.0
2015-09-04 21:43:35.247000 26306.336 117.46 117.02 191.58 186.87 117.87 112.139 117.951 117.159 117.314 106.115 113.945 117.265 0.0 0.0
2015-09-04 21:44:35.293000 26366.382 117.66 117.22 191.74 187.03 118.07 112.338 118.154 117.365 117.518 106.309 114.15 117.469 0.0 0.0
2015-09-04 21:45:35.331000 26426.42 117.86 117.43 191.9 187.19 118.28 112.538 118.36 117.569 117.725 106.502 114.356 117.672 0.0 0.0
2015-09-04 21:46:35.398000 26486.487 118.07 117.63 192.07 187.36 118.48 112.735 118.565 117.773 117.929 106.7 114.561 117.876 0.0 0.0
2015-09-04 21:47:35.435000 26546.524 118.27 117.83 192.23 187.52 118.69 112.936 118.768 117.98 118.136 106.892 114.769 118.08 0.0 0.0
2015-09-04 21:48:35.502000 26606.591 118.47 118.04 192.39 187.68 118.89 113.13 118.971 118.186 118.34 107.088 114.974 118.283 0.0 0.0
2015-09-04 21:49:35.539000 26666.628 118.68 118.24 192.56 187.85 119.1 113.333 119.173 118.391 118.547 107.281 115.178 118.483 0.0 0.0
2015-09-04 21:50:35.606000 26726.695 118.88 118.44 192.72 188.01 119.3 113.529 119.376 118.596 118.753 107.477 115.381 118.688 0.0 0.0
2015-09-04 21:51:35.643000 26786.732 119.08 118.64 192.88 188.17 119.51 113.726 119.579 118.801 118.959 107.674 115.584 118.889 0.0 0.0
2015-09-04 21:52:35.681000 26846.77 119.29 118.85 193.04 188.33 119.71 113.926 119.785 119.005 119.164 107.867 115.789 119.092 0.0 0.0
2015-09-04 21:53:35.728000 26906.817 119.49 119.05 193.2 188.49 119.92 114.124 119.986 119.208 119.367 108.061 115.994 119.293 0.0 0.0
2015-09-04 21:54:35.765000 26966.854 119.69 119.25 193.36 188.65 120.12 114.322 120.188 119.413 119.571 108.257 116.195 119.496 0.0 0.0
2015-09-04 21:55:35.832000 27026.921 119.89 119.45 193.52 188.81 120.32 114.519 120.387 119.617 119.777 108.45 116.397 119.699 0.0 0.0
2015-09-04 21:56:35.869000 27086.958 120.09 119.65 193.68 188.97 120.52 114.716 120.59 119.821 119.982 108.645 116.602 119.901 0.0 0.0
2015-09-04 21:57:35.936000 27147.025 120.29 119.85 193.84 189.13 120.73 114.918 120.791 120.024 120.185 108.839 116.806 120.103 0.0 0.0
2015-09-04 21:58:35.974000 27207.063 120.5 120.06 194.0 189.29 120.93 115.115 120.991 120.228 120.388 109.035 117.008 120.302 0.0 0.0
2015-09-04 21:59:36.040000 27267.129 120.7 120.26 194.15 189.44 121.13 115.31 121.193 120.428 120.59 109.227 117.212 120.502 0.0 0.0
2015-09-04 22:00:36.076000 27327.165 120.9 120.46 194.31 189.6 121.33 115.506 121.395 120.632 120.791 109.422 117.413 120.701 0.0 0.0
2015-09-04 22:01:36.114000 27387.203 121.1 120.66 194.47 189.76 121.53 115.703 121.594 120.835 120.994 109.619 117.616 120.901 0.0 0.0
2015-09-04 22:02:36.164000 27447.253 121.29 120.86 194.63 189.92 121.73 115.899 121.796 121.039 121.195 109.813 117.819 121.1 0.0 0.0
2015-09-04 22:03:36.201000 27507.29 121.5 121.06 194.78 190.07 121.94 116.095 121.995 121.24 121.399 110.011 118.021 121.3 0.0 0.0
2015-09-04 22:04:36.269000 27567.358 121.7 121.25 194.94 190.23 122.14 116.289 122.195 121.439 121.602 110.2 118.224 121.5 0.0 0.0
2015-09-04 22:05:36.306000 27627.395 121.89 121.45 195.09 190.38 122.34 116.485 122.397 121.641 121.804 110.396 118.43 121.698 0.0 0.0
2015-09-04 22:06:36.373000 27687.462 122.09 121.65 195.25 190.54 122.54 116.681 122.597 121.845 122.005 110.588 118.63 121.897 0.0 0.0
2015-09-04 22:07:36.411000 27747.5 122.29 121.85 195.41 190.69 122.74 116.878 122.795 122.045 122.207 110.779 118.835 122.096 0.0 0.0
2015-09-04 22:08:36.477000 27807.566 122.49 122.05 195.56 190.84 122.94 117.073 122.994 122.245 122.41 110.971 119.037 122.294 0.0 0.0
2015-09-04 22:09:36.516000 27867.605 122.69 122.25 195.71 191.0 123.14 117.27 123.195 122.448 122.611 111.166 119.237 122.492 0.0 0.0
2015-09-04 22:10:36.554000 27927.643 122.89 122.45 195.87 191.15 123.34 117.466 123.395 122.648 122.811 111.358 119.441 122.693 0.0 0.0
2015-09-04 22:11:36.600000 27987.689 123.09 122.65 196.02 191.3 123.54 117.662 123.595 122.85 123.013 111.55 119.642 122.892 0.0 0.0
2015-09-04 22:12:36.637000 28047.726 123.29 122.84 196.17 191.45 123.74 117.858 123.795 123.051 123.215 111.744 119.846 123.09 0.0 0.0
2015-09-04 22:13:36.703000 28107.792 123.49 123.04 196.33 191.61 123.94 118.054 123.997 123.251 123.416 111.936 120.046 123.289 0.0 0.0
2015-09-04 22:14:36.740000 28167.829 123.68 123.24 196.48 191.76 124.14 118.251 124.196 123.452 123.619 112.129 120.248 123.487 0.0 0.0
2015-09-04 22:15:36.806000 28227.895 123.88 123.44 196.63 191.91 124.34 118.445 124.395 123.654 123.817 112.322 120.446 123.683 0.0 0.0
2015-09-04 22:16:36.845000 28287.934 124.08 123.64 196.78 192.06 124.54 118.638 124.593 123.856 124.017 112.515 120.648 123.881 0.0 0.0
2015-09-04 22:17:36.911000 28348.0 124.28 123.83 196.93 192.21 124.74 118.834 124.792 124.057 124.223 112.709 120.847 124.079 0.0 0.0
2015-09-04 22:18:36.947000 28408.036 124.48 124.03 197.08 192.36 124.94 119.029 124.991 124.254 124.423 112.903 121.034 124.277 0.0 0.0
2015-09-04 22:19:36.984000 28468.073 124.67 124.23 197.23 192.51 125.14 119.226 125.188 124.455 124.624 113.095 121.247 124.473 0.0 0.0
2015-09-04 22:20:37.035000 28528.124 124.87 124.43 197.39 192.66 125.33 119.422 125.386 124.657 124.824 113.289 121.449 124.673 0.0 0.0
2015-09-04 22:21:37.072000 28588.161 125.07 124.63 197.53 192.81 125.53 119.616 125.583 124.857 125.024 113.48 121.647 124.869 0.0 0.0
2015-09-04 22:22:37.140000 28648.229 125.27 124.82 197.68 192.96 125.73 119.811 125.781 125.056 125.224 113.674 121.847 125.063 0.0 0.0
2015-09-04 22:23:37.177000 28708.266 125.46 125.02 197.83 193.11 125.93 120.005 125.975 125.254 125.421 113.866 122.046 125.261 0.0 0.0
2015-09-04 22:24:37.243000 28768.332 125.66 125.21 197.98 193.25 126.12 120.201 126.173 125.452 125.621 114.061 122.247 125.458 0.0 0.0
2015-09-04 22:25:37.281000 28828.37 125.85 125.41 198.13 193.4 126.32 120.393 126.369 125.651 125.818 114.253 122.445 125.653 0.0 0.0
2015-09-04 22:26:37.347000 28888.436 126.05 125.6 198.28 193.55 126.52 120.586 126.569 125.848 126.016 114.444 122.644 125.848 0.0 0.0
2015-09-04 22:27:37.386000 28948.475 126.24 125.8 198.43 193.7 126.71 120.78 126.765 126.043 126.212 114.638 122.846 126.043 0.0 0.0
2015-09-04 22:28:37.424000 29008.513 126.44 125.99 198.57 193.84 126.91 120.973 126.961 126.245 126.413 114.829 123.044 126.237 0.0 0.0
2015-09-04 22:29:37.472000 29068.561 126.63 126.19 198.72 193.99 127.11 121.166 127.158 126.443 126.61 115.023 123.243 126.432 0.0 0.0
2015-09-04 22:30:37.510000 29128.599 126.83 126.38 198.87 194.14 127.3 121.36 127.352 126.641 126.812 115.215 123.443 126.627 0.0 0.0
2015-09-04 22:31:37.577000 29188.666 127.02 126.58 199.01 194.28 127.5 121.551 127.549 126.838 127.008 115.407 123.641 126.821 0.0 0.0
2015-09-04 22:32:37.616000 29248.705 127.22 126.77 199.16 194.43 127.7 121.743 127.744 127.034 127.208 115.6 123.844 127.015 0.0 0.0
2015-09-04 22:33:37.682000 29308.771 127.41 126.96 199.31 194.58 127.89 121.936 127.942 127.232 127.403 115.79 124.04 127.211 0.0 0.0
2015-09-04 22:34:37.720000 29368.809 127.61 127.16 199.45 194.72 128.09 122.13 128.136 127.428 127.6 115.983 124.24 127.403 0.0 0.0
2015-09-04 22:35:37.786000 29428.875 127.8 127.35 199.6 194.87 128.28 122.323 128.333 127.625 127.796 116.172 124.438 127.597 0.0 0.0
2015-09-04 22:36:37.825000 29488.914 128.0 127.55 199.74 195.01 128.48 122.516 128.531 127.823 127.995 116.364 124.637 127.791 0.0 0.0
2015-09-04 22:37:37.891000 29548.98 128.19 127.74 199.89 195.16 128.68 122.711 128.724 128.018 128.191 116.552 124.835 127.988 0.0 0.0
2015-09-04 22:38:37.926000 29609.015 128.38 127.94 200.03 195.3 128.87 122.904 128.921 128.215 128.389 116.746 125.036 128.182 0.0 0.0
2015-09-04 22:39:37.962000 29669.051 128.58 128.13 200.17 195.45 129.07 123.093 129.117 128.41 128.587 116.936 125.23 128.374 0.0 0.0
2015-09-04 22:40:38.014000 29729.103 128.77 128.32 200.32 195.59 129.26 123.289 129.313 128.607 128.783 117.126 125.427 128.567 0.0 0.0
2015-09-04 22:41:38.053000 29789.142 128.96 128.52 200.46 195.74 129.46 123.48 129.508 128.806 128.979 117.318 125.623 128.761 0.0 0.0
2015-09-04 22:42:38.120000 29849.209 129.16 128.71 200.6 195.88 129.65 123.672 129.705 129.002 129.177 117.509 125.82 128.956 0.0 0.0
2015-09-04 22:43:38.159000 29909.248 129.35 128.9 200.75 196.02 129.85 123.865 129.9 129.198 129.375 117.702 126.016 129.148 0.0 0.0
2015-09-04 22:44:38.226000 29969.315 129.55 129.1 200.89 196.17 111.13 124.06 130.093 129.396 129.574 117.893 126.213 129.34 0.0 0.0
2015-09-04 22:45:38.265000 30029.354 129.74 129.29 201.04 196.31 130.24 124.249 130.287 129.593 129.77 118.084 126.41 129.533 0.0 0.0
2015-09-04 22:46:38.331000 30089.42 129.93 129.48 201.18 196.46 130.43 124.443 130.479 129.787 129.965 118.276 126.607 129.728 0.0 0.0
2015-09-04 22:47:38.369000 30149.458 130.12 129.68 201.32 196.6 130.62 124.634 130.675 129.983 130.16 118.467 126.801 129.919 0.0 0.0
2015-09-04 22:48:38.436000 30209.525 130.32 129.87 201.46 196.74 128.89 124.827 130.868 130.178 130.355 118.657 126.998 130.11 0.0 0.0
2015-09-04 22:49:38.474000 30269.563 130.51 130.06 201.6 196.88 131.01 125.017 131.06 130.372 130.549 118.849 127.181 130.301 0.0 0.0
2015-09-04 22:50:38.513000 30329.602 130.7 130.25 201.74 197.02 131.2 125.212 131.253 130.568 130.745 119.038 127.389 130.495 0.0 0.0
2015-09-04 22:51:38.558000 30389.647 130.89 130.44 201.88 197.16 131.03 125.399 131.446 130.76 130.938 119.231 127.586 130.687 0.0 0.0
2015-09-04 22:52:38.596000 30449.685 131.08 130.63 202.02 197.31 131.59 125.59 131.639 130.954 131.133 119.42 127.78 130.877 0.0 0.0
2015-09-04 22:53:38.662000 30509.751 131.27 130.82 202.16 197.45 131.78 125.781 131.834 131.149 131.327 119.611 127.977 131.067 0.0 0.0
2015-09-04 22:54:38.699000 30569.788 131.46 131.01 202.31 197.59 129.95 125.97 132.027 131.343 131.522 119.802 128.172 131.257 0.0 0.0
2015-09-04 22:55:38.766000 30629.855 131.65 131.2 202.45 197.73 128.75 126.159 132.22 131.538 131.715 119.993 128.368 131.448 0.0 0.0
2015-09-04 22:56:38.803000 30689.892 131.85 131.4 202.58 197.87 44.093 126.348 132.41 131.732 131.91 120.182 128.561 131.638 0.0 0.0
2015-09-04 22:57:38.870000 30749.959 132.04 131.59 202.73 198.01 107.11 126.539 132.604 131.925 132.106 120.374 128.76 131.829 0.0 0.0
2015-09-04 22:58:38.907000 30809.996 132.22 131.78 202.86 198.15 132.74 126.729 132.796 132.121 132.3 120.563 128.955 132.019 0.0 0.0
2015-09-04 22:59:38.945000 30870.034 132.41 131.97 203.0 198.29 93.365 126.92 132.989 132.314 132.496 120.752 129.152 132.211 0.0 0.0
2015-09-04 23:00:38.993000 30930.082 132.61 132.16 203.14 198.44 130.92 127.11 133.181 132.506 132.689 120.941 129.346 132.398 0.0 0.0
2015-09-04 23:01:39.030000 30990.119 132.8 132.35 203.28 198.58 133.32 127.299 133.375 132.699 132.883 121.13 129.541 132.589 0.0 0.0
2015-09-04 23:02:39.097000 31050.186 132.99 132.54 203.42 198.72 133.51 127.49 133.565 132.893 133.075 121.32 129.735 132.778 0.0 0.0
2015-09-04 23:03:39.134000 31110.223 133.18 132.72 203.56 198.86 129.25 127.678 133.758 133.087 133.268 121.509 129.932 132.971 0.0 0.0
2015-09-04 23:04:39.201000 31170.29 133.37 132.92 203.7 199.0 133.89 127.871 133.95 133.282 133.461 121.698 130.126 133.161 0.0 0.0
2015-09-04 23:05:39.239000 31230.328 133.56 133.11 203.83 199.13 134.08 128.059 134.141 133.472 133.654 121.887 130.319 133.349 0.0 0.0
2015-09-04 23:06:39.306000 31290.395 133.75 133.29 203.97 199.27 134.27 128.249 134.335 133.665 133.85 122.076 130.512 133.539 0.0 0.0
2015-09-04 23:07:39.344000 31350.433 133.94 133.48 204.11 199.41 70.646 128.437 134.528 133.857 134.042 122.265 130.704 133.728 0.0 0.0
2015-09-04 23:08:39.383000 31410.472 134.13 133.67 204.25 199.55 118.39 128.627 134.719 134.052 134.235 122.456 130.898 133.918 0.0 0.0
2015-09-04 23:09:39.429000 31470.518 134.32 133.86 204.38 199.69 134.85 128.816 134.91 134.245 134.428 122.644 131.09 134.107 0.0 0.0
2015-09-04 23:10:39.466000 31530.555 134.5 134.05 204.52 199.83 135.03 129.007 135.101 134.44 134.623 122.835 131.283 134.295 0.0 0.0
2015-09-04 23:11:39.533000 31590.622 134.7 134.24 204.66 199.97 135.2 129.195 135.289 134.632 134.816 123.024 131.477 134.484 0.0 0.0
2015-09-04 23:12:39.570000 31650.659 134.88 134.43 204.8 200.11 135.42 129.384 135.48 134.823 135.008 123.213 131.671 134.674 0.0 0.0
2015-09-04 23:13:39.637000 31710.726 135.07 134.62 204.93 200.24 135.6 129.574 135.669 135.016 135.199 123.4 131.866 134.863 0.0 0.0
2015-09-04 23:14:39.674000 31770.763 135.26 134.81 205.07 200.38 135.79 129.761 135.86 135.209 135.39 123.591 132.055 135.051 0.0 0.0
2015-09-04 23:15:39.742000 31830.831 135.45 135.0 205.2 200.52 135.98 129.95 136.046 135.398 135.582 123.78 132.249 135.237 0.0 0.0
2015-09-04 23:16:39.779000 31890.868 135.64 135.18 205.34 200.65 109.86 130.138 136.239 135.588 135.772 123.968 132.441 135.426 0.0 0.0
2015-09-04 23:17:39.817000 31950.906 135.83 135.37 205.47 200.79 136.36 130.327 136.428 135.78 135.962 124.158 132.635 135.612 0.0 0.0
2015-09-04 23:18:39.865000 32010.954 136.01 135.56 205.6 200.93 136.55 130.514 136.615 135.97 136.154 124.347 132.828 135.8 0.0 0.0
2015-09-04 23:19:39.903000 32070.992 136.2 135.74 205.74 201.06 135.99 130.702 136.806 136.161 136.345 124.536 133.018 135.988 0.0 0.0
2015-09-04 23:20:39.970000 32131.059 136.39 135.93 205.87 201.2 136.93 130.89 136.997 136.35 136.535 124.727 133.212 136.174 0.0 0.0
2015-09-04 23:21:40.005000 32191.094 136.57 136.12 206.01 201.34 137.12 131.075 137.185 136.539 136.726 124.915 133.404 136.361 0.0 0.0
2015-09-04 23:22:40.070000 32251.159 136.76 136.31 206.14 201.47 137.3 131.265 137.372 136.732 136.917 125.105 133.596 136.547 0.0 0.0
2015-09-04 23:23:40.108000 32311.197 136.95 136.49 206.27 201.61 91.994 131.45 137.563 136.924 137.108 125.29 133.786 136.733 0.0 0.0
2015-09-04 23:24:40.146000 32371.235 137.13 136.68 206.41 201.75 137.68 131.639 137.754 137.112 137.298 125.48 133.978 136.921 0.0 0.0
2015-09-04 23:25:40.193000 32431.282 137.32 136.86 206.54 201.88 137.87 131.825 137.94 137.303 137.488 125.667 134.171 137.107 0.0 0.0
2015-09-04 23:26:40.230000 32491.319 137.51 137.05 206.67 202.02 138.06 132.009 138.129 137.493 137.678 125.854 134.366 137.294 0.0 0.0
2015-09-04 23:27:40.297000 32551.386 137.7 137.24 206.8 202.15 138.25 132.197 138.319 137.682 137.869 126.041 134.56 137.48 0.0 0.0
2015-09-04 23:28:40.335000 32611.424 137.88 137.42 206.94 202.29 138.43 132.385 138.506 137.872 138.06 126.226 134.751 137.667 0.0 0.0
2015-09-04 23:29:40.402000 32671.491 138.07 137.61 207.07 202.42 138.62 132.57 138.695 138.062 138.25 126.415 134.941 137.852 0.0 0.0
2015-09-04 23:30:40.438000 32731.527 138.26 137.8 207.2 202.56 138.81 132.757 138.883 138.251 138.44 126.603 135.132 138.038 0.0 0.0
2015-09-04 23:31:40.505000 32791.594 138.44 137.98 207.33 202.69 139.0 132.948 139.07 138.441 138.629 126.789 135.321 138.226 0.0 0.0
2015-09-04 23:32:40.543000 32851.632 138.63 138.17 207.46 202.83 139.19 133.133 139.258 138.63 138.819 126.978 135.512 138.412 0.0 0.0
2015-09-04 23:33:40.580000 32911.669 138.81 138.35 207.59 202.96 139.37 133.32 139.45 138.819 139.009 127.166 135.701 138.597 0.0 0.0
2015-09-04 23:34:40.628000 32971.717 139.0 138.54 207.72 203.09 139.56 133.507 139.638 139.01 139.198 127.353 135.891 138.783 0.0 0.0
2015-09-04 23:35:40.665000 33031.754 139.18 138.73 207.85 203.22 139.75 133.694 139.825 139.198 139.387 127.543 136.079 138.968 0.0 0.0
2015-09-04 23:36:40.732000 33091.821 139.37 138.91 207.98 203.36 139.93 133.879 140.015 139.39 139.576 127.731 136.27 139.152 0.0 0.0
2015-09-04 23:37:40.769000 33151.858 139.55 139.1 208.1 203.49 140.12 134.065 140.201 139.576 139.764 127.919 136.459 139.335 0.0 0.0
2015-09-04 23:38:40.835000 33211.924 139.74 139.28 208.23 203.61 140.31 134.253 140.385 139.766 139.955 128.108 136.647 139.52 0.0 0.0
2015-09-04 23:39:40.873000 33271.962 139.92 139.46 208.35 203.74 140.49 134.439 140.572 139.955 140.143 128.297 136.837 139.704 0.0 0.0
2015-09-04 23:40:40.939000 33332.028 140.11 139.65 208.48 203.87 140.67 134.623 140.758 140.141 140.33 128.485 137.027 139.887 0.0 0.0
2015-09-04 23:41:40.976000 33392.065 140.29 139.83 208.6 204.0 140.86 134.809 140.942 140.327 140.518 128.672 137.216 140.072 0.0 0.0
2015-09-04 23:42:41.011000 33452.1 140.47 140.02 208.73 204.13 141.04 134.995 141.13 140.513 140.702 128.859 137.405 140.254 0.0 0.0
2015-09-04 23:43:41.062000 33512.151 140.65 140.2 208.85 204.26 120.13 135.178 141.314 140.7 140.889 129.046 137.591 140.437 0.0 0.0
2015-09-04 23:44:41.100000 33572.189 140.84 140.38 208.98 204.38 120.49 135.362 141.499 140.887 141.077 129.236 137.781 140.62 0.0 0.0
2015-09-04 23:45:41.167000 33632.256 141.02 140.57 209.1 204.51 141.6 135.55 141.683 141.073 141.262 129.423 137.968 140.8 0.0 0.0
2015-09-04 23:46:41.205000 33692.294 141.2 140.75 209.22 204.64 141.78 135.733 141.869 141.26 141.447 129.608 138.157 140.983 0.0 0.0
2015-09-04 23:47:41.271000 33752.36 141.39 140.93 209.35 204.76 141.96 135.92 142.056 141.443 141.635 129.796 138.344 141.165 0.0 0.0
2015-09-04 23:48:41.310000 33812.399 141.57 141.11 209.47 204.89 142.15 136.099 142.24 141.631 141.821 129.982 138.532 141.348 0.0 0.0
2015-09-04 23:49:41.376000 33872.465 141.75 141.29 209.59 205.02 142.33 136.285 142.425 141.815 142.006 130.169 138.721 141.528 0.0 0.0
2015-09-04 23:50:41.414000 33932.503 141.93 141.47 209.72 205.14 142.52 136.468 142.609 142.001 142.193 130.354 138.907 141.71 0.0 0.0
2015-09-04 23:51:41.452000 33992.541 142.11 141.66 209.84 205.26 142.7 136.652 142.794 142.188 142.38 130.543 139.097 141.891 0.0 0.0
2015-09-04 23:52:41.500000 34052.589 142.29 141.84 209.96 205.39 142.88 136.836 142.975 142.373 142.566 130.726 139.284 142.072 0.0 0.0
2015-09-04 23:53:41.537000 34112.626 142.47 142.02 210.08 205.51 143.06 137.017 143.162 142.558 142.75 130.913 139.474 142.253 0.0 0.0
2015-09-04 23:54:41.603000 34172.692 142.65 142.2 210.2 205.63 143.25 137.202 143.345 142.744 142.936 131.098 139.661 142.434 0.0 0.0
2015-09-04 23:55:41.641000 34232.73 142.84 142.38 210.32 205.76 132.62 137.386 143.529 142.929 143.122 131.283 139.849 142.614 0.0 0.0
2015-09-04 23:56:41.707000 34292.796 143.02 142.56 210.44 205.88 143.61 137.566 143.712 143.113 143.305 131.468 140.036 142.795 0.0 0.0
2015-09-04 23:57:41.745000 34352.834 143.2 142.74 210.56 206.0 143.79 137.75 143.896 143.296 143.489 131.655 140.221 142.974 0.0 0.0
2015-09-04 23:58:41.811000 34412.9 143.38 142.92 210.68 206.12 143.98 137.936 144.079 143.482 143.677 131.839 140.406 143.157 0.0 0.0
2015-09-04 23:59:41.850000 34472.939 143.56 143.1 210.81 206.24 144.16 138.118 144.262 143.666 143.859 132.025 140.592 143.338 0.0 0.0
