2016-06-26 00:01:49.850000 480761.388 292.86 292.79 293.01 293.15 293.29 294.845 294.676 294.821 294.97 294.658 294.932 292.243 0.0 0.0 292.73 0.0
2016-06-26 00:04:10.068000 480901.556 292.86 292.79 293.01 293.15 293.29 294.846 294.678 294.822 294.97 294.658 294.931 292.243 0.0 0.0 292.73 0.0
2016-06-26 00:06:26.935000 481038.423 292.86 292.79 293.01 293.15 293.29 294.846 294.677 294.822 294.971 294.658 294.933 292.243 0.0 0.0 292.73 0.0
2016-06-26 00:08:47.093000 481178.581 292.86 292.79 293.01 293.15 293.3 294.846 294.677 294.823 294.97 294.659 294.933 292.245 0.0 0.0 292.73 0.0
2016-06-26 00:11:03.301000 481314.789 292.86 292.79 293.01 293.15 293.3 294.845 294.677 294.821 294.972 294.659 294.934 292.243 0.0 0.0 292.73 0.0
2016-06-26 00:13:23.559000 481455.047 292.86 292.79 293.01 293.15 293.3 294.846 294.678 294.822 294.971 294.659 294.933 292.244 0.0 0.0 292.73 0.0
2016-06-26 00:15:40.516000 481592.004 292.86 292.79 293.01 293.15 293.3 294.847 294.678 294.823 294.972 294.66 294.934 292.244 0.0 0.0 292.73 0.0
2016-06-26 00:18:00.774000 481732.262 292.86 292.79 293.01 293.15 293.3 294.847 294.679 294.824 294.97 294.661 294.936 292.245 0.0 0.0 292.74 0.0
2016-06-26 00:20:17.762000 481869.25 292.86 292.79 293.01 293.14 293.3 294.848 294.679 294.823 294.973 294.66 294.935 292.247 0.0 0.0 292.73 0.0
2016-06-26 00:22:38.031000 482009.519 292.86 292.79 293.01 293.14 293.3 294.848 294.681 294.825 294.972 294.661 294.934 292.245 0.0 0.0 292.73 0.0
2016-06-26 00:24:54.998000 482146.486 292.86 292.79 293.0 293.14 293.3 294.848 294.679 294.825 294.973 294.66 294.935 292.246 0.0 0.0 292.73 0.0
2016-06-26 00:27:15.366000 482286.854 292.86 292.79 293.0 293.14 293.3 294.847 294.681 294.824 294.973 294.661 294.936 292.247 0.0 0.0 292.73 0.0
2016-06-26 00:29:31.673000 482423.161 292.86 292.79 293.0 293.14 293.3 294.848 294.681 294.826 294.973 294.661 294.936 292.246 0.0 0.0 292.74 0.0
2016-06-26 00:31:51.981000 482563.469 292.86 292.79 293.0 293.14 293.3 294.848 294.681 294.823 294.974 294.661 294.936 292.248 0.0 0.0 292.74 0.0
2016-06-26 00:34:08.988000 482700.476 292.86 292.78 293.0 293.14 293.3 294.85 294.682 294.824 294.974 294.661 294.936 292.248 0.0 0.0 292.74 0.0
2016-06-26 00:36:29.357000 482840.845 292.86 292.78 293.0 293.14 293.3 294.85 294.68 294.825 294.975 294.661 294.937 292.247 0.0 0.0 292.74 0.0
2016-06-26 00:38:46.344000 482977.832 292.86 292.78 293.0 293.14 293.3 294.851 294.682 294.825 294.974 294.662 294.936 292.247 0.0 0.0 292.74 0.0
2016-06-26 00:41:06.722000 483118.21 292.87 292.78 293.0 293.14 293.3 294.849 294.682 294.826 294.973 294.661 294.937 292.247 0.0 0.0 292.74 0.0
2016-06-26 00:43:23.780000 483255.268 292.86 292.78 293.0 293.13 293.3 294.85 294.681 294.826 294.975 294.662 294.938 292.246 0.0 0.0 292.74 0.0
2016-06-26 00:45:44.248000 483395.736 292.86 292.78 293.0 293.13 293.3 294.851 294.682 294.826 294.973 294.663 294.938 292.246 0.0 0.0 292.74 0.0
2016-06-26 00:48:00.676000 483532.164 292.87 292.78 293.0 293.13 293.3 294.852 294.682 294.825 294.975 294.663 294.939 292.247 0.0 0.0 292.74 0.0
2016-06-26 00:50:21.134000 483672.622 292.87 292.78 292.99 293.13 293.3 294.85 294.683 294.825 294.974 294.663 294.938 292.246 0.0 0.0 292.74 0.0
2016-06-26 00:52:37.931000 483809.419 292.87 292.78 292.99 293.13 293.3 294.851 294.683 294.826 294.975 294.664 294.938 292.247 0.0 0.0 292.74 0.0
2016-06-26 00:54:58.779000 483950.267 292.87 292.78 292.99 293.13 293.3 294.852 294.682 294.826 294.975 294.663 294.937 292.247 0.0 0.0 292.74 14.9013572741
2016-06-26 00:57:15.576000 484087.064 292.87 292.78 292.99 293.13 293.3 294.852 294.682 294.826 294.974 294.665 294.939 292.248 0.0 0.0 292.74 0.0
2016-06-26 00:59:36.475000 484227.963 292.87 292.78 292.99 293.13 293.3 294.852 294.681 294.827 294.975 294.663 294.939 292.249 0.0 0.0 292.74 0.0
2016-06-26 01:02:01.711000 484373.199 292.87 292.77 292.99 293.13 293.3 294.853 294.683 294.827 294.974 294.665 294.939 292.248 0.0 0.0 292.74 0.0
2016-06-26 01:04:22.669000 484514.157 292.87 292.77 292.99 293.13 293.3 294.854 294.684 294.829 294.976 294.665 294.938 292.247 0.0 0.0 292.74 0.0
2016-06-26 01:06:39.926000 484651.414 292.87 292.77 292.99 293.13 293.3 294.853 294.682 294.826 294.975 294.665 294.938 292.249 0.0 0.0 292.74 0.0
2016-06-26 01:09:00.544000 484792.032 292.87 292.77 292.99 293.13 293.3 294.854 294.684 294.827 294.975 294.664 294.937 292.247 0.0 0.0 292.74 0.0
2016-06-26 01:11:17.831000 484929.319 292.87 292.77 292.99 293.12 293.3 294.854 294.684 294.827 294.975 294.665 294.938 292.248 0.0 0.0 292.74 0.0
2016-06-26 01:13:38.480000 485069.968 292.87 292.77 292.98 293.12 293.3 294.854 294.685 294.826 294.975 294.665 294.94 292.248 0.0 0.0 292.74 0.0
2016-06-26 01:15:55.788000 485207.276 292.87 292.77 292.98 293.12 293.3 294.853 294.683 294.826 294.976 294.664 294.938 292.248 0.0 0.0 292.74 0.0
2016-06-26 01:18:16.196000 485347.684 292.87 292.77 292.98 293.12 293.3 294.854 294.683 294.828 294.976 294.665 294.94 292.249 0.0 0.0 292.74 0.0
2016-06-26 01:20:33.603000 485485.091 292.87 292.77 292.98 293.12 293.3 294.855 294.684 294.827 294.976 294.666 294.937 292.25 0.0 0.0 292.74 0.0
2016-06-26 01:22:54.431000 485625.919 292.87 292.77 292.98 293.12 293.3 294.854 294.683 294.827 294.977 294.665 294.937 292.249 0.0 0.0 292.74 0.0
2016-06-26 01:25:11.439000 485762.927 292.87 292.77 292.98 293.12 293.3 294.854 294.683 294.826 294.975 294.665 294.939 292.248 0.0 0.0 292.74 0.0
2016-06-26 01:27:32.247000 485903.735 292.87 292.77 292.98 293.12 293.3 294.854 294.684 294.826 294.976 294.664 294.94 292.247 0.0 0.0 292.74 0.0
2016-06-26 01:29:49.745000 486041.233 292.87 292.77 292.98 293.12 293.3 294.856 294.684 294.826 294.976 294.666 294.939 292.248 0.0 0.0 292.74 0.0
2016-06-26 01:32:10.563000 486182.051 292.87 292.77 292.98 293.12 293.3 294.853 294.684 294.827 294.975 294.666 294.939 292.248 0.0 0.0 292.74 0.0
2016-06-26 01:34:28.020000 486319.508 292.87 292.76 292.98 293.12 293.3 294.855 294.683 294.827 294.976 294.665 294.937 292.249 0.0 0.0 292.74 0.0
2016-06-26 01:36:48.509000 486459.997 292.87 292.76 292.98 293.12 293.3 294.855 294.684 294.827 294.976 294.665 294.938 292.248 0.0 0.0 292.74 0.0
2016-06-26 01:39:05.957000 486597.445 292.87 292.76 292.98 293.12 293.3 294.854 294.682 294.826 294.976 294.666 294.94 292.247 0.0 0.0 292.74 0.0
2016-06-26 01:41:26.845000 486738.333 292.87 292.76 292.98 293.12 293.3 294.855 294.683 294.827 294.975 294.665 294.939 292.249 0.0 0.0 292.74 0.0
2016-06-26 01:43:43.982000 486875.47 292.87 292.76 292.98 293.11 293.3 294.855 294.684 294.827 294.975 294.665 294.94 292.246 0.0 0.0 292.74 0.0
2016-06-26 01:46:04.900000 487016.388 292.87 292.76 292.98 293.12 293.3 294.856 294.684 294.827 294.976 294.665 294.94 292.248 0.0 0.0 292.74 0.0
2016-06-26 01:48:22.478000 487153.966 292.87 292.76 292.97 293.12 293.3 294.856 294.683 294.827 294.975 294.665 294.939 292.247 0.0 0.0 292.74 0.0
2016-06-26 01:50:43.466000 487294.954 292.87 292.76 292.97 293.11 293.3 294.855 294.684 294.826 294.975 294.665 294.939 292.248 0.0 0.0 292.74 0.0
2016-06-26 01:53:00.704000 487432.192 292.87 292.76 292.97 293.11 293.3 294.854 294.683 294.826 294.975 294.667 294.939 292.247 0.0 0.0 292.74 0.0
2016-06-26 01:55:21.412000 487572.9 292.86 292.76 292.97 293.11 293.3 294.855 294.684 294.826 294.976 294.666 294.937 292.247 0.0 0.0 292.74 0.0
2016-06-26 01:57:38.709000 487710.197 292.86 292.76 292.97 293.11 293.3 294.855 294.684 294.826 294.975 294.665 294.938 292.248 0.0 0.0 292.74 0.0
2016-06-26 01:59:59.698000 487851.186 292.87 292.76 292.97 293.11 293.3 294.855 294.684 294.826 294.974 294.667 294.938 292.246 0.0 0.0 292.74 0.0
2016-06-26 02:02:17.336000 487988.824 292.86 292.76 292.97 293.11 293.3 294.856 294.682 294.825 294.974 294.666 294.94 292.247 0.0 0.0 292.74 0.0
2016-06-26 02:04:38.404000 488129.892 292.87 292.76 292.97 293.11 293.3 294.856 294.684 294.826 294.975 294.665 294.939 292.247 0.0 0.0 292.74 0.0
2016-06-26 02:06:55.741000 488267.229 292.87 292.76 292.97 293.11 293.3 294.855 294.685 294.825 294.975 294.665 294.937 292.247 0.0 0.0 292.74 0.0
2016-06-26 02:09:16.549000 488408.037 292.86 292.76 292.97 293.11 293.3 294.855 294.683 294.825 294.974 294.666 294.938 292.246 0.0 0.0 292.74 0.0
2016-06-26 02:11:33.907000 488545.395 292.86 292.76 292.97 293.11 293.3 294.855 294.681 294.825 294.973 294.665 294.939 292.248 0.0 0.0 292.74 0.0
2016-06-26 02:13:55.026000 488686.514 292.86 292.76 292.97 293.11 293.3 294.856 294.683 294.826 294.973 294.665 294.939 292.246 0.0 0.0 292.74 0.0
2016-06-26 02:16:12.743000 488824.231 292.86 292.76 292.97 293.11 293.3 294.856 294.683 294.826 294.974 294.666 294.937 292.247 0.0 0.0 292.74 0.0
2016-06-26 02:18:33.821000 488965.309 292.86 292.76 292.97 293.11 293.3 294.856 294.683 294.826 294.975 294.665 294.939 292.246 0.0 0.0 292.74 0.0
2016-06-26 02:20:51.288000 489102.776 292.86 292.75 292.97 293.11 293.3 294.854 294.683 294.825 294.975 294.666 294.936 292.246 0.0 0.0 292.73 0.0
2016-06-26 02:23:12.168000 489243.656 292.86 292.75 292.97 293.11 293.3 294.854 294.683 294.825 294.975 294.666 294.937 292.247 0.0 0.0 292.74 0.0
2016-06-26 02:25:29.675000 489381.163 292.87 292.75 292.97 293.11 293.3 294.855 294.682 294.825 294.974 294.665 294.937 292.245 0.0 0.0 292.74 0.0
2016-06-26 02:27:50.923000 489522.411 292.86 292.75 292.97 293.11 293.3 294.856 294.682 294.826 294.975 294.664 294.936 292.246 0.0 0.0 292.74 0.0
2016-06-26 02:30:08.770000 489660.258 292.86 292.75 292.97 293.11 293.3 294.856 294.684 294.825 294.973 294.667 294.938 292.247 0.0 0.0 292.74 0.0
2016-06-26 02:32:30.039000 489801.527 292.86 292.75 292.96 293.11 293.3 294.854 294.683 294.825 294.973 294.665 294.936 292.246 0.0 0.0 292.73 0.0
2016-06-26 02:34:47.606000 489939.094 292.87 292.75 292.96 293.11 293.3 294.855 294.681 294.824 294.974 294.667 294.937 292.247 0.0 0.0 292.73 0.0
2016-06-26 02:37:08.915000 490080.403 292.86 292.75 292.96 293.11 293.3 294.855 294.682 294.825 294.972 294.665 294.937 292.246 0.0 0.0 292.74 0.0
2016-06-26 02:39:26.443000 490217.931 292.86 292.75 292.96 293.1 293.3 294.855 294.682 294.825 294.974 294.666 294.937 292.244 0.0 0.0 292.74 0.0
2016-06-26 02:41:48.121000 490359.609 292.86 292.75 292.96 293.1 293.3 294.855 294.682 294.824 294.973 294.665 294.937 292.245 0.0 0.0 292.73 0.0
2016-06-26 02:44:05.428000 490496.916 292.86 292.75 292.96 293.1 293.3 294.855 294.683 294.823 294.972 294.665 294.938 292.247 0.0 0.0 292.73 0.0
2016-06-26 02:46:27.126000 490638.614 292.86 292.75 292.96 293.1 293.3 294.856 294.682 294.825 294.973 294.665 294.936 292.246 0.0 0.0 292.73 0.0
2016-06-26 02:48:44.725000 490776.213 292.86 292.75 292.96 293.1 293.29 294.853 294.683 294.824 294.974 294.665 294.936 292.246 0.0 0.0 292.73 0.0
2016-06-26 02:51:06.473000 490917.961 292.86 292.75 292.96 293.1 293.3 294.856 294.682 294.824 294.973 294.665 294.937 292.245 0.0 0.0 292.73 0.0
2016-06-26 02:53:24.180000 491055.668 292.86 292.74 292.96 293.1 293.3 294.853 294.682 294.824 294.972 294.659 294.937 292.244 0.0 0.0 292.73 0.0
2016-06-26 02:55:45.909000 491197.397 292.86 292.74 292.95 293.1 293.3 294.854 294.682 294.823 294.973 294.665 294.936 292.245 0.0 0.0 292.73 0.0
2016-06-26 02:58:03.986000 491335.474 292.86 292.74 292.95 293.09 293.3 294.854 294.683 294.824 294.972 294.663 294.936 292.243 0.0 0.0 292.73 0.0
2016-06-26 03:00:25.425000 491476.913 292.86 292.74 292.95 293.09 293.3 294.854 294.682 294.823 294.972 294.665 294.936 292.244 0.0 0.0 292.73 0.0
2016-06-26 03:02:43.533000 491615.021 292.86 292.74 292.95 293.09 293.3 294.854 294.682 294.823 294.971 294.664 294.936 292.243 0.0 0.0 292.73 0.0
2016-06-26 03:05:05.021000 491756.509 292.86 292.74 292.95 293.09 293.29 294.854 294.681 294.822 294.972 294.663 294.935 292.243 0.0 0.0 292.73 0.0
2016-06-26 03:07:23.128000 491894.616 292.86 292.73 292.94 293.09 293.29 294.854 294.681 294.822 294.971 294.662 294.935 292.243 0.0 0.0 292.73 0.0
2016-06-26 03:09:44.677000 492036.165 292.86 292.73 292.94 293.08 293.29 294.854 294.681 294.822 294.971 294.662 294.936 292.242 0.0 0.0 292.73 0.0
2016-06-26 03:12:02.845000 492174.333 292.86 292.73 292.94 293.08 293.29 294.853 294.681 294.822 294.97 294.663 294.934 292.243 0.0 0.0 292.73 0.0
2016-06-26 03:14:24.383000 492315.871 292.86 292.73 292.94 293.08 293.29 294.852 294.679 294.821 294.971 294.662 294.934 292.241 0.0 0.0 292.73 0.0
2016-06-26 03:16:42.501000 492453.989 292.86 292.73 292.94 293.08 293.29 294.854 294.681 294.821 294.97 294.657 294.934 292.243 0.0 0.0 292.73 0.0
2016-06-26 03:19:04.179000 492595.667 292.86 292.73 292.93 293.08 293.29 294.854 294.678 294.819 294.97 294.662 294.933 292.241 0.0 0.0 292.73 0.0
2016-06-26 03:21:22.026000 492733.514 292.86 292.73 292.93 293.08 293.29 294.853 294.679 294.82 294.97 294.661 294.933 292.24 0.0 0.0 292.73 0.0
2016-06-26 03:23:43.236000 492874.724 292.86 292.72 292.93 293.07 293.29 294.852 294.679 294.819 294.968 294.662 294.933 292.24 0.0 0.0 292.73 0.0
2016-06-26 03:26:01.493000 493012.981 292.86 292.72 292.93 293.07 293.29 294.852 294.678 294.819 294.968 294.662 294.933 292.239 0.0 0.0 292.73 0.0
2016-06-26 03:28:22.901000 493154.389 292.86 292.72 292.93 293.07 293.29 294.853 294.678 294.819 294.968 294.661 294.933 292.238 0.0 0.0 292.73 0.0
2016-06-26 03:30:41.249000 493292.737 292.86 292.72 292.93 293.07 293.29 294.851 294.678 294.819 294.967 294.662 294.932 292.239 0.0 0.0 292.73 0.0
2016-06-26 03:33:02.947000 493434.435 292.86 292.72 292.92 293.07 293.29 294.852 294.677 294.819 294.967 294.66 294.931 292.239 0.0 0.0 292.73 0.0
2016-06-26 03:35:20.966000 493572.454 292.86 292.72 292.92 293.06 293.29 294.851 294.677 294.817 294.967 294.658 294.932 292.238 0.0 0.0 292.73 0.0
2016-06-26 03:37:42.704000 493714.192 292.86 292.71 292.92 293.06 293.29 294.851 294.677 294.818 294.966 294.66 294.93 292.238 0.0 0.0 292.73 0.0
2016-06-26 03:40:00.721000 493852.209 292.86 292.71 292.92 293.06 293.29 294.852 294.676 294.817 294.965 294.66 294.93 292.237 0.0 0.0 292.73 0.0
2016-06-26 03:42:22.520000 493994.008 292.85 292.71 292.92 293.06 293.29 294.85 294.674 294.818 294.964 294.659 294.931 292.236 0.0 0.0 292.73 0.0
2016-06-26 03:44:40.897000 494132.385 292.85 292.71 292.92 293.06 293.29 294.849 294.675 294.816 294.965 294.659 294.929 292.234 0.0 0.0 292.73 0.0
2016-06-26 03:47:04.657000 494276.145 292.85 292.71 292.91 293.06 293.29 294.85 294.674 294.815 294.965 294.659 294.928 292.236 0.0 0.0 292.73 0.0
2016-06-26 03:49:23.114000 494414.602 292.85 292.71 292.91 293.06 293.29 294.849 294.674 294.816 294.963 294.658 294.928 292.235 0.0 0.0 292.73 0.0
2016-06-26 03:51:44.892000 494556.38 292.85 292.71 292.91 293.06 293.29 294.848 294.674 294.815 294.962 294.658 294.927 292.233 0.0 0.0 292.73 0.0
2016-06-26 03:54:03.050000 494694.538 292.85 292.7 292.91 293.05 293.29 294.851 294.673 294.814 294.963 294.658 294.927 292.234 0.0 0.0 292.72 0.0
2016-06-26 03:56:24.918000 494836.406 292.85 292.7 292.91 293.05 293.29 294.849 294.672 294.814 294.962 294.658 294.927 292.234 0.0 0.0 292.72 0.0
2016-06-26 03:58:43.087000 494974.575 292.85 292.7 292.91 293.05 293.28 294.848 294.672 294.814 294.963 294.657 294.926 292.233 0.0 0.0 292.72 0.0
2016-06-26 04:01:05.035000 495116.523 292.85 292.7 292.9 293.05 293.28 294.847 294.673 294.813 294.962 294.656 294.926 292.231 0.0 0.0 292.72 0.0
2016-06-26 04:03:23.543000 495255.031 292.85 292.7 292.9 293.05 293.28 294.848 294.67 294.811 294.96 294.655 294.925 292.232 0.0 0.0 292.72 0.0
2016-06-26 04:05:45.201000 495396.689 292.85 292.7 292.9 293.05 293.28 294.847 294.671 294.812 294.961 294.654 294.924 292.231 0.0 0.0 292.72 0.0
2016-06-26 04:08:03.758000 495535.246 292.85 292.69 292.9 293.04 293.28 294.846 294.671 294.811 294.96 294.654 294.923 292.229 0.0 0.0 292.72 0.0
2016-06-26 04:10:25.728000 495677.216 292.85 292.69 292.9 293.04 293.28 294.846 294.67 294.81 294.96 294.653 294.924 292.229 0.0 0.0 292.72 0.0
2016-06-26 04:12:43.955000 495815.443 292.85 292.69 292.9 293.04 293.28 294.847 294.669 294.81 294.959 294.652 294.923 292.228 0.0 0.0 292.72 0.0
2016-06-26 04:15:06.044000 495957.532 292.85 292.69 292.9 293.04 293.28 294.845 294.669 294.808 294.957 294.653 294.923 292.228 0.0 0.0 292.72 0.0
2016-06-26 04:17:24.341000 496095.829 292.85 292.69 292.89 293.04 293.28 294.844 294.669 294.809 294.958 294.654 294.922 292.227 0.0 0.0 292.72 0.0
2016-06-26 04:19:46.359000 496237.847 292.85 292.69 292.89 293.04 293.28 294.844 294.668 294.807 294.956 294.652 294.921 292.227 0.0 0.0 292.72 0.0
2016-06-26 04:22:04.998000 496376.486 292.85 292.69 292.89 293.04 293.28 294.843 294.667 294.808 294.955 294.653 294.92 292.226 0.0 0.0 292.72 0.0
2016-06-26 04:24:27.106000 496518.594 292.84 292.69 292.89 293.04 293.28 294.843 294.667 294.807 294.956 294.651 294.92 292.226 0.0 0.0 292.72 0.0
2016-06-26 04:26:45.444000 496656.932 292.84 292.68 292.89 293.03 293.28 294.843 294.665 294.807 294.954 294.65 294.92 292.226 0.0 0.0 292.72 0.0
2016-06-26 04:29:07.812000 496799.3 292.84 292.68 292.89 293.03 293.28 294.842 294.666 294.805 294.954 294.65 294.919 292.224 0.0 0.0 292.71 0.0
2016-06-26 04:31:26.120000 496937.608 292.84 292.68 292.88 293.03 293.28 294.842 294.665 294.804 294.954 294.649 294.92 292.224 0.0 0.0 292.72 0.0
2016-06-26 04:33:48.599000 497080.087 292.84 292.68 292.88 293.03 293.27 294.842 294.665 294.805 294.953 294.648 294.918 292.223 0.0 0.0 292.71 0.0
2016-06-26 04:36:06.977000 497218.465 292.84 292.68 292.88 293.03 293.27 294.841 294.663 294.805 294.955 294.649 294.918 292.224 0.0 0.0 292.71 0.0
2016-06-26 04:38:29.505000 497360.993 292.84 292.68 292.88 293.03 293.27 294.84 294.663 294.801 294.951 294.648 294.917 292.222 0.0 0.0 292.71 0.0
2016-06-26 04:40:47.953000 497499.441 292.84 292.68 292.88 293.03 293.27 294.84 294.662 294.801 294.951 294.648 294.916 292.222 0.0 0.0 292.71 0.0
2016-06-26 04:43:10.231000 497641.719 292.84 292.68 292.88 293.03 293.27 294.84 294.662 294.802 294.95 294.646 294.916 292.221 0.0 0.0 292.71 0.0
2016-06-26 04:45:28.760000 497780.248 292.84 292.68 292.88 293.03 293.27 294.84 294.661 294.801 294.949 294.646 294.914 292.221 0.0 0.0 292.71 0.0
2016-06-26 04:47:50.968000 497922.456 292.84 292.68 292.88 293.03 293.27 294.839 294.661 294.801 294.948 294.646 294.913 292.218 0.0 0.0 292.71 0.0
2016-06-26 04:50:09.775000 498061.263 292.84 292.68 292.88 293.02 293.27 294.836 294.658 294.799 294.948 294.645 294.914 292.22 0.0 0.0 292.71 0.0
2016-06-26 04:52:32.054000 498203.542 292.84 292.67 292.88 293.02 293.27 294.837 294.66 294.798 294.947 294.645 294.912 292.218 0.0 0.0 292.71 0.0
2016-06-26 04:54:50.981000 498342.469 292.84 292.67 292.88 293.03 293.27 294.837 294.658 294.798 294.948 294.643 294.912 292.217 0.0 0.0 292.71 0.0
2016-06-26 04:57:13.271000 498484.759 292.84 292.67 292.88 293.03 293.27 294.837 294.658 294.798 294.946 294.642 294.911 292.216 0.0 0.0 292.71 0.0
2016-06-26 04:59:32.168000 498623.656 292.83 292.67 292.88 293.02 293.27 294.836 294.657 294.798 294.946 294.643 294.91 292.216 0.0 0.0 292.71 0.0
2016-06-26 05:01:54.527000 498766.015 292.83 292.67 292.88 293.02 293.27 294.835 294.657 294.798 294.945 294.642 294.911 292.215 0.0 0.0 292.71 0.0
2016-06-26 05:04:13.474000 498904.962 292.83 292.67 292.88 293.02 293.27 294.834 294.656 294.796 294.945 294.643 294.911 292.214 0.0 0.0 292.71 0.0
2016-06-26 05:06:35.883000 499047.371 292.83 292.67 292.88 293.02 293.27 294.834 294.657 294.796 294.944 294.642 294.909 292.214 0.0 0.0 292.71 0.0
2016-06-26 05:08:54.812000 499186.3 292.83 292.67 292.88 293.02 293.26 294.834 294.657 294.795 294.945 294.641 294.909 292.213 0.0 0.0 292.7 0.0
2016-06-26 05:11:16.610000 499328.098 292.83 292.67 292.87 293.02 293.27 294.833 294.654 294.795 294.943 294.639 294.909 292.213 0.0 0.0 292.7 0.0
2016-06-26 05:13:36.028000 499467.516 292.83 292.67 292.87 293.02 293.26 294.832 294.653 294.794 294.943 294.639 294.906 292.212 0.0 0.0 292.7 0.0
2016-06-26 05:15:58.087000 499609.575 292.83 292.67 292.88 293.02 293.26 294.831 294.654 294.792 294.942 294.64 294.907 292.211 0.0 0.0 292.7 0.0
2016-06-26 05:18:16.864000 499748.352 292.83 292.67 292.87 293.02 293.26 294.832 294.652 294.792 294.941 294.637 294.906 292.211 0.0 0.0 292.7 0.0
2016-06-26 05:20:39.354000 499890.842 292.83 292.67 292.87 293.02 293.26 294.831 294.652 294.791 294.94 294.637 294.906 292.212 0.0 0.0 292.7 0.0
2016-06-26 05:22:58.432000 500029.92 292.83 292.67 292.87 293.02 293.26 294.83 294.652 294.79 294.94 294.638 294.905 292.209 0.0 0.0 292.7 0.0
2016-06-26 05:25:20.950000 500172.438 292.83 292.67 292.87 293.02 293.26 294.829 294.649 294.789 294.942 294.636 294.904 292.209 0.0 0.0 292.7 0.0
2016-06-26 05:27:39.708000 500311.196 292.83 292.67 292.87 293.02 293.26 294.828 294.65 294.787 294.94 294.636 294.904 292.209 0.0 0.0 292.7 0.0
2016-06-26 05:30:02.266000 500453.754 292.83 292.66 292.87 293.02 293.26 294.83 294.649 294.789 294.939 294.637 294.904 292.207 0.0 0.0 292.7 0.0
2016-06-26 05:32:21.425000 500592.913 292.83 292.66 292.87 293.01 293.26 294.828 294.65 294.788 294.938 294.636 294.904 292.208 0.0 0.0 292.7 0.0
2016-06-26 05:34:43.943000 500735.431 292.83 292.66 292.86 293.01 293.26 294.826 294.647 294.787 294.937 294.635 294.901 292.206 0.0 0.0 292.7 0.0
2016-06-26 05:37:02.791000 500874.279 292.82 292.66 292.86 293.01 293.26 294.827 294.648 294.787 294.937 294.634 294.901 292.205 0.0 0.0 292.7 0.0
2016-06-26 05:39:25.489000 501016.977 292.82 292.66 292.86 293.01 293.26 294.826 294.646 294.786 294.936 294.634 294.901 292.206 0.0 0.0 292.7 0.0
2016-06-26 05:41:44.657000 501156.145 292.82 292.66 292.86 293.01 293.26 294.825 294.647 294.786 294.935 294.633 294.901 292.204 0.0 0.0 292.7 0.0
2016-06-26 05:44:07.266000 501298.754 292.82 292.66 292.86 293.01 293.26 294.825 294.645 294.785 294.935 294.634 294.901 292.204 0.0 0.0 292.7 0.0
2016-06-26 05:46:26.184000 501437.672 292.82 292.66 292.86 293.01 293.26 294.824 294.646 294.785 294.934 294.632 294.899 292.202 0.0 0.0 292.69 0.0
2016-06-26 05:48:48.912000 501580.4 292.82 292.66 292.86 293.01 293.25 294.824 294.644 294.785 294.933 294.631 294.899 292.203 0.0 0.0 292.69 0.0
2016-06-26 05:51:08.130000 501719.618 292.82 292.65 292.86 293.0 293.26 294.824 294.644 294.783 294.933 294.631 294.898 292.202 0.0 0.0 292.69 0.0
2016-06-26 05:53:30.858000 501862.346 292.82 292.65 292.85 293.0 293.25 294.822 294.644 294.783 294.933 294.63 294.897 292.201 0.0 0.0 292.69 0.0
2016-06-26 05:55:49.837000 502001.325 292.82 292.65 292.85 293.0 293.25 294.821 294.642 294.784 294.93 294.629 294.895 292.2 0.0 0.0 292.69 0.0
2016-06-26 05:58:12.606000 502144.094 292.82 292.65 292.85 293.0 293.25 294.822 294.642 294.782 294.93 294.629 294.896 292.199 0.0 0.0 292.69 0.0
2016-06-26 06:00:31.843000 502283.331 292.82 292.65 292.85 293.0 293.25 294.82 294.641 294.781 294.931 294.627 294.896 292.2 0.0 0.0 292.69 0.0
2016-06-26 06:02:54.512000 502426.0 292.82 292.65 292.85 293.0 293.25 294.819 294.641 294.78 294.93 294.627 294.894 292.199 0.0 0.0 292.69 0.0
2016-06-26 06:05:13.489000 502564.977 292.82 292.65 292.85 293.0 293.25 294.819 294.64 294.779 294.929 294.627 294.895 292.198 0.0 0.0 292.69 0.0
2016-06-26 06:07:36.319000 502707.807 292.82 292.65 292.85 293.0 293.25 294.819 294.639 294.779 294.928 294.625 294.893 292.197 0.0 0.0 292.69 0.0
2016-06-26 06:09:55.667000 502847.155 292.82 292.65 292.85 292.99 293.25 294.818 294.64 294.777 294.927 294.625 294.892 292.197 0.0 0.0 292.69 0.0
2016-06-26 06:12:18.475000 502989.963 292.82 292.64 292.85 292.99 293.25 294.818 294.638 294.777 294.925 294.625 294.892 292.196 0.0 0.0 292.69 0.0
2016-06-26 06:14:37.553000 503129.041 292.81 292.64 292.84 292.99 293.25 294.817 294.636 294.778 294.925 294.623 294.89 292.196 0.0 0.0 292.69 0.0
2016-06-26 06:17:00.811000 503272.299 292.81 292.64 292.84 292.99 293.25 294.815 294.636 294.775 294.925 294.623 294.89 292.194 0.0 0.0 292.69 0.0
2016-06-26 06:19:19.900000 503411.388 292.81 292.64 292.84 292.99 293.25 294.815 294.635 294.776 294.924 294.622 294.889 292.194 0.0 0.0 292.68 0.0
2016-06-26 06:21:43.178000 503554.666 292.81 292.64 292.84 292.99 293.24 294.815 294.635 294.774 294.923 294.622 294.888 292.192 0.0 0.0 292.68 0.0
2016-06-26 06:24:02.376000 503693.864 292.81 292.64 292.84 292.99 293.24 294.814 294.634 294.773 294.923 294.621 294.888 292.192 0.0 0.0 292.68 0.0
2016-06-26 06:26:25.725000 503837.213 292.81 292.64 292.84 292.99 293.24 294.812 294.633 294.773 294.921 294.62 294.888 292.191 0.0 0.0 292.68 0.0
2016-06-26 06:28:44.792000 503976.28 292.81 292.64 292.84 292.98 293.24 294.813 294.632 294.772 294.921 294.62 294.887 292.191 0.0 0.0 292.68 0.0
2016-06-26 06:31:07.452000 504118.94 292.81 292.63 292.84 292.98 293.24 294.813 294.633 294.771 294.919 294.619 294.886 292.19 0.0 0.0 292.68 0.0
2016-06-26 06:33:26.319000 504257.807 292.81 292.63 292.83 292.98 293.24 294.81 294.631 294.771 294.92 294.618 294.884 292.189 0.0 0.0 292.68 0.0
2016-06-26 06:35:49.758000 504401.246 292.81 292.63 292.83 292.98 293.24 294.811 294.631 294.771 294.919 294.618 294.884 292.187 0.0 0.0 292.68 0.0
2016-06-26 06:38:09.266000 504540.754 292.81 292.63 292.83 292.98 293.24 294.81 294.629 294.771 294.917 294.617 294.883 292.185 0.0 0.0 292.68 0.0
2016-06-26 06:40:32.254000 504683.742 292.81 292.63 292.83 292.98 293.24 294.807 294.628 294.767 294.918 294.616 294.882 292.186 0.0 0.0 292.68 0.0
2016-06-26 06:42:51.902000 504823.39 292.81 292.63 292.83 292.98 293.24 294.808 294.628 294.768 294.917 294.615 294.882 292.186 0.0 0.0 292.68 0.0
2016-06-26 06:45:14.952000 504966.44 292.81 292.63 292.83 292.98 293.24 294.808 294.627 294.767 294.916 294.614 294.88 292.185 0.0 0.0 292.68 0.0
2016-06-26 06:47:34.569000 505106.057 292.8 292.63 292.83 292.98 293.24 294.807 294.627 294.765 294.916 294.613 294.88 292.184 0.0 0.0 292.68 0.0
2016-06-26 06:49:57.728000 505249.216 292.8 292.63 292.83 292.98 293.24 294.806 294.626 294.765 294.915 294.614 294.88 292.184 0.0 0.0 292.68 0.0
2016-06-26 06:52:17.456000 505388.944 292.8 292.63 292.83 292.97 293.23 294.805 294.625 294.764 294.913 294.613 294.878 292.184 0.0 0.0 292.68 0.0
2016-06-26 06:54:40.284000 505531.772 292.8 292.63 292.83 292.97 293.23 294.805 294.625 294.764 294.912 294.612 294.878 292.182 0.0 0.0 292.67 0.0
2016-06-26 06:56:59.633000 505671.121 292.8 292.62 292.83 292.97 293.23 294.805 294.624 294.763 294.913 294.611 294.877 292.181 0.0 0.0 292.67 0.0
2016-06-26 06:59:22.791000 505814.279 292.8 292.62 292.83 292.97 293.23 294.804 294.623 294.763 294.912 294.61 294.877 292.18 0.0 0.0 292.67 0.0
2016-06-26 07:01:42.519000 505954.007 292.8 292.62 292.82 292.97 293.23 294.804 294.622 294.76 294.91 294.611 294.876 292.179 0.0 0.0 292.67 0.0
2016-06-26 07:04:05.408000 506096.896 292.8 292.62 292.82 292.97 293.23 294.802 294.621 294.76 294.91 294.61 294.875 292.18 0.0 0.0 292.67 0.0
2016-06-26 07:06:25.146000 506236.634 292.8 292.62 292.82 292.97 293.23 294.803 294.622 294.76 294.91 294.608 294.875 292.177 0.0 0.0 292.67 0.0
2016-06-26 07:08:48.415000 506379.903 292.8 292.62 292.82 292.97 293.23 294.801 294.621 294.76 294.91 294.607 294.874 292.178 0.0 0.0 292.67 0.0
2016-06-26 07:11:08.263000 506519.751 292.79 292.62 292.82 292.97 293.23 294.8 294.62 294.759 294.908 294.606 294.873 292.176 0.0 0.0 292.67 0.0
2016-06-26 07:13:31.261000 506662.749 292.79 292.62 292.82 292.97 293.23 294.798 294.619 294.758 294.907 294.607 294.872 292.176 0.0 0.0 292.67 0.0
2016-06-26 07:15:51.159000 506802.647 292.79 292.62 292.82 292.97 293.23 294.8 294.619 294.756 294.907 294.604 294.871 292.176 0.0 0.0 292.67 0.0
2016-06-26 07:18:27.511000 506958.999 292.79 292.62 292.82 292.97 293.23 294.796 294.618 294.757 294.906 294.605 294.871 292.175 0.0 0.0 292.67 0.0
2016-06-26 07:20:47.399000 507098.887 292.79 292.62 292.82 292.97 293.22 294.796 294.616 294.756 294.904 294.604 294.869 292.174 0.0 0.0 292.67 0.0
2016-06-26 07:23:10.418000 507241.906 292.79 292.62 292.82 292.97 293.22 294.795 294.616 294.755 294.904 294.604 294.871 292.172 0.0 0.0 292.66 0.0
2016-06-26 07:25:30.376000 507381.864 292.79 292.62 292.82 292.97 293.22 294.795 294.615 294.755 294.903 294.603 294.87 292.173 0.0 0.0 292.66 0.0
2016-06-26 07:27:53.474000 507524.962 292.79 292.62 292.82 292.97 293.22 294.795 294.616 294.753 294.903 294.602 294.869 292.172 0.0 0.0 292.66 0.0
2016-06-26 07:30:13.413000 507664.901 292.79 292.62 292.82 292.97 293.22 294.795 294.613 294.754 294.902 294.601 294.867 292.171 0.0 0.0 292.66 0.0
2016-06-26 07:32:36.492000 507807.98 292.79 292.62 292.82 292.97 293.22 294.794 294.614 294.752 294.902 294.6 294.867 292.17 0.0 0.0 292.66 0.0
2016-06-26 07:34:56.449000 507947.937 292.79 292.62 292.82 292.97 293.22 294.793 294.612 294.751 294.9 294.599 294.867 292.169 0.0 0.0 292.66 0.0
2016-06-26 07:37:19.528000 508091.016 292.79 292.62 292.82 292.97 293.22 294.792 294.611 294.751 294.9 294.6 294.865 292.169 0.0 0.0 292.66 0.0
2016-06-26 07:39:39.516000 508231.004 292.79 292.62 292.82 292.97 293.22 294.79 294.612 294.751 294.9 294.6 294.865 292.166 0.0 0.0 292.66 0.0
2016-06-26 07:42:02.675000 508374.163 292.79 292.62 292.82 292.97 293.22 294.791 294.611 294.751 294.899 294.598 294.864 292.169 0.0 0.0 292.66 0.0
2016-06-26 07:44:22.693000 508514.181 292.79 292.62 292.82 292.97 293.22 294.789 294.609 294.748 294.898 294.599 294.864 292.167 0.0 0.0 292.66 0.0
2016-06-26 07:46:45.912000 508657.4 292.78 292.62 292.82 292.97 293.22 294.791 294.61 294.748 294.898 294.597 294.862 292.167 0.0 0.0 292.66 0.0
2016-06-26 07:49:06.020000 508797.508 292.78 292.62 292.82 292.97 293.22 294.787 294.608 294.748 294.897 294.597 294.861 292.165 0.0 0.0 292.66 0.0
2016-06-26 07:51:29.268000 508940.756 292.78 292.62 292.82 292.97 293.22 294.789 294.609 294.748 294.896 294.596 294.862 292.165 0.0 0.0 292.66 0.0
2016-06-26 07:53:49.287000 509080.775 292.78 292.62 292.82 292.97 293.22 294.788 294.606 294.747 294.895 294.597 294.86 292.165 0.0 0.0 292.66 0.0
2016-06-26 07:56:12.546000 509224.034 292.78 292.62 292.82 292.97 293.22 294.786 294.607 294.747 294.895 294.595 294.861 292.165 0.0 0.0 292.66 0.0
2016-06-26 07:58:32.653000 509364.141 292.78 292.62 292.82 292.96 293.21 294.785 294.606 294.745 294.894 294.594 294.86 292.161 0.0 0.0 292.66 0.0
2016-06-26 08:00:55.882000 509507.37 292.78 292.61 292.82 292.96 293.21 294.783 294.606 294.746 294.894 294.593 294.859 292.162 0.0 0.0 292.65 0.0
2016-06-26 08:03:16.040000 509647.528 292.78 292.61 292.82 292.96 293.21 294.784 294.605 294.744 294.894 294.593 294.858 292.162 0.0 0.0 292.65 0.0
2016-06-26 08:05:39.749000 509791.237 292.78 292.61 292.81 292.96 293.21 294.784 294.605 294.744 294.891 294.591 294.858 292.161 0.0 0.0 292.65 0.0
2016-06-26 08:07:59.577000 509931.065 292.78 292.61 292.81 292.96 293.21 294.785 294.604 294.743 294.892 294.591 294.858 292.161 0.0 0.0 292.65 0.0
2016-06-26 08:10:23.296000 510074.784 292.78 292.61 292.81 292.96 293.21 294.783 294.602 294.742 294.891 294.591 294.857 292.161 0.0 0.0 292.65 0.0
2016-06-26 08:12:43.164000 510214.652 292.78 292.61 292.81 292.96 293.21 294.78 294.602 294.741 294.89 294.59 294.857 292.161 0.0 0.0 292.65 0.0
2016-06-26 08:15:07.182000 510358.67 292.78 292.61 292.81 292.96 293.21 294.781 294.601 294.74 294.889 294.589 294.856 292.158 0.0 0.0 292.65 0.0
2016-06-26 08:17:27.081000 510498.569 292.78 292.61 292.81 292.95 293.21 294.78 294.6 294.74 294.889 294.589 294.854 292.159 0.0 0.0 292.65 0.0
2016-06-26 08:19:50.780000 510642.268 292.78 292.6 292.81 292.95 293.21 294.779 294.601 294.74 294.889 294.587 294.853 292.157 0.0 0.0 292.65 0.0
2016-06-26 08:22:10.708000 510782.196 292.77 292.6 292.8 292.95 293.21 294.778 294.599 294.738 294.888 294.587 294.853 292.157 0.0 0.0 292.65 0.0
2016-06-26 08:24:34.586000 510926.074 292.77 292.6 292.8 292.95 293.21 294.778 294.598 294.737 294.886 294.586 294.851 292.157 0.0 0.0 292.65 0.0
2016-06-26 08:26:54.934000 511066.422 292.77 292.6 292.8 292.95 293.21 294.777 294.597 294.737 294.886 294.585 294.851 292.154 0.0 0.0 292.65 0.0
2016-06-26 08:29:18.674000 511210.162 292.77 292.6 292.8 292.95 293.21 294.777 294.597 294.737 294.886 294.585 294.851 292.154 0.0 0.0 292.65 0.0
2016-06-26 08:31:39.072000 511350.56 292.77 292.6 292.8 292.94 293.2 294.776 294.597 294.734 294.886 294.585 294.85 292.153 0.0 0.0 292.64 0.0
2016-06-26 08:34:02.961000 511494.449 292.77 292.59 292.8 292.94 293.2 294.776 294.595 294.736 294.883 294.583 294.85 292.152 0.0 0.0 292.64 0.0
2016-06-26 08:36:23.409000 511634.897 292.77 292.59 292.79 292.94 293.2 294.776 294.594 294.735 294.885 294.583 294.849 292.152 0.0 0.0 292.64 0.0
2016-06-26 08:38:47.337000 511778.825 292.77 292.59 292.79 292.94 293.2 294.774 294.594 294.733 294.883 294.582 294.849 292.151 0.0 0.0 292.64 0.0
2016-06-26 08:41:07.736000 511919.224 292.77 292.59 292.79 292.94 293.2 294.773 294.591 294.732 294.882 294.581 294.848 292.149 0.0 0.0 292.64 0.0
2016-06-26 08:43:31.715000 512063.203 292.77 292.59 292.79 292.94 293.2 294.773 294.593 294.733 294.881 294.58 294.846 292.149 0.0 0.0 292.64 0.0
2016-06-26 08:45:51.763000 512203.251 292.77 292.59 292.79 292.93 293.2 294.77 294.592 294.73 294.879 294.578 294.846 292.146 0.0 0.0 292.64 0.0
2016-06-26 08:48:15.681000 512347.169 292.77 292.59 292.79 292.93 293.2 294.77 294.592 294.729 294.879 294.578 294.845 292.148 0.0 0.0 292.64 0.0
2016-06-26 08:50:36.099000 512487.587 292.77 292.58 292.79 292.93 293.2 294.771 294.591 294.73 294.878 294.578 294.844 292.147 0.0 0.0 292.64 0.0
2016-06-26 08:52:59.679000 512631.167 292.76 292.58 292.78 292.93 293.2 294.771 294.59 294.729 294.878 294.578 294.844 292.146 0.0 0.0 292.64 0.0
2016-06-26 08:55:20.687000 512772.175 292.76 292.58 292.78 292.93 293.2 294.768 294.59 294.728 294.875 294.576 294.843 292.144 0.0 0.0 292.64 0.0
2016-06-26 08:57:44.006000 512915.494 292.76 292.58 292.78 292.93 293.19 294.767 294.588 294.726 294.876 294.576 294.841 292.144 0.0 0.0 292.64 0.0
2016-06-26 09:00:04.524000 513056.012 292.76 292.58 292.78 292.93 293.19 294.767 294.587 294.726 294.875 294.575 294.841 292.142 0.0 0.0 292.64 0.0
2016-06-26 09:02:28.582000 513200.07 292.76 292.58 292.78 292.93 293.19 294.766 294.586 294.726 294.874 294.574 294.841 292.142 0.0 0.0 292.63 0.0
2016-06-26 09:04:48.831000 513340.319 292.76 292.58 292.78 292.93 293.19 294.767 294.587 294.724 294.873 294.573 294.84 292.141 0.0 0.0 292.63 0.0
2016-06-26 09:07:12.980000 513484.468 292.76 292.58 292.78 292.93 293.19 294.765 294.584 294.723 294.872 294.573 294.837 292.141 0.0 0.0 292.63 0.0
2016-06-26 09:09:33.588000 513625.076 292.76 292.58 292.78 292.93 293.19 294.765 294.583 294.723 294.873 294.573 294.839 292.14 0.0 0.0 292.63 0.0
2016-06-26 09:11:57.447000 513768.935 292.76 292.58 292.78 292.93 293.19 294.763 294.582 294.722 294.872 294.571 294.836 292.139 0.0 0.0 292.63 0.0
2016-06-26 09:14:18.135000 513909.623 292.76 292.58 292.78 292.93 293.19 294.763 294.583 294.72 294.87 294.57 294.836 292.138 0.0 0.0 292.63 0.0
2016-06-26 09:16:42.344000 514053.832 292.76 292.58 292.78 292.93 293.19 294.762 294.582 294.72 294.869 294.57 294.835 292.137 0.0 0.0 292.63 0.0
2016-06-26 09:19:03.062000 514194.55 292.76 292.58 292.78 292.93 293.19 294.762 294.58 294.719 294.87 294.568 294.835 292.136 0.0 0.0 292.63 0.0
2016-06-26 09:21:27.311000 514338.799 292.75 292.58 292.78 292.93 293.19 294.761 294.581 294.718 294.867 294.569 294.834 292.136 0.0 0.0 292.63 0.0
2016-06-26 09:23:47.689000 514479.177 292.75 292.58 292.78 292.93 293.19 294.761 294.58 294.717 294.868 294.567 294.833 292.136 0.0 0.0 292.63 0.0
2016-06-26 09:26:11.908000 514623.396 292.75 292.58 292.78 292.93 293.19 294.761 294.579 294.718 294.866 294.567 294.831 292.135 0.0 0.0 292.63 0.0
2016-06-26 09:28:32.627000 514764.115 292.75 292.58 292.78 292.93 293.18 294.758 294.578 294.717 294.866 294.566 294.831 292.133 0.0 0.0 292.63 0.0
2016-06-26 09:30:56.545000 514908.033 292.75 292.58 292.78 292.93 293.18 294.758 294.577 294.716 294.866 294.565 294.831 292.132 0.0 0.0 292.63 0.0
2016-06-26 09:33:17.324000 515048.812 292.75 292.58 292.78 292.93 293.18 294.755 294.576 294.714 294.864 294.565 294.831 292.131 0.0 0.0 292.63 0.0
2016-06-26 09:35:41.662000 515193.15 292.75 292.58 292.78 292.93 293.18 294.756 294.575 294.714 294.864 294.564 294.83 292.134 0.0 0.0 292.62 0.0
2016-06-26 09:38:02.460000 515333.948 292.75 292.58 292.78 292.93 293.18 294.756 294.575 294.713 294.863 294.563 294.83 292.131 0.0 0.0 292.62 0.0
2016-06-26 09:40:26.800000 515478.288 292.75 292.58 292.78 292.93 293.18 294.755 294.574 294.714 294.862 294.562 294.827 292.129 0.0 0.0 292.62 0.0
2016-06-26 09:42:47.318000 515618.806 292.75 292.58 292.78 292.93 293.18 294.752 294.574 294.713 294.861 294.563 294.828 292.129 0.0 0.0 292.62 0.0
2016-06-26 09:45:11.677000 515763.165 292.75 292.58 292.78 292.93 293.18 294.754 294.573 294.713 294.861 294.56 294.827 292.129 0.0 0.0 292.62 0.0
2016-06-26 09:47:32.605000 515904.093 292.75 292.58 292.78 292.93 293.18 294.752 294.571 294.711 294.86 294.56 294.825 292.128 0.0 0.0 292.62 0.0
2016-06-26 09:49:56.674000 516048.162 292.75 292.58 292.78 292.93 293.18 294.751 294.57 294.71 294.86 294.559 294.825 292.128 0.0 0.0 292.62 0.0
2016-06-26 09:52:17.673000 516189.161 292.75 292.58 292.78 292.93 293.18 294.751 294.57 294.709 294.86 294.559 294.826 292.128 0.0 0.0 292.62 0.0
2016-06-26 09:54:42.461000 516333.949 292.75 292.58 292.78 292.93 293.18 294.749 294.57 294.71 294.857 294.559 294.824 292.127 0.0 0.0 292.62 0.0
2016-06-26 09:57:02.629000 516474.117 292.74 292.58 292.78 292.93 293.18 294.749 294.569 294.708 294.856 294.559 294.824 292.126 0.0 0.0 292.62 0.0
2016-06-26 09:59:27.478000 516618.966 292.74 292.58 292.78 292.93 293.18 294.749 294.569 294.708 294.857 294.558 294.816 292.126 0.0 0.0 292.62 0.0
2016-06-26 10:01:48.036000 516759.524 292.74 292.58 292.78 292.93 293.18 294.748 294.569 294.708 294.856 294.556 294.821 292.126 0.0 0.0 292.62 0.0
2016-06-26 10:04:12.516000 516904.004 292.74 292.58 292.78 292.93 293.18 294.748 294.569 294.706 294.856 294.556 294.821 292.124 0.0 0.0 292.62 0.0
2016-06-26 10:06:33.104000 517044.592 292.74 292.58 292.78 292.93 293.18 294.747 294.566 294.707 294.855 294.556 294.82 292.123 0.0 0.0 292.62 0.0
2016-06-26 10:08:58.023000 517189.511 292.74 292.58 292.78 292.93 293.18 294.744 294.566 294.705 294.854 294.556 294.821 292.122 0.0 0.0 292.62 0.0
2016-06-26 10:11:18.731000 517330.219 292.74 292.57 292.78 292.93 293.17 294.745 294.565 294.704 294.855 294.555 294.82 292.12 0.0 0.0 292.61 0.0
2016-06-26 10:13:43.340000 517474.828 292.74 292.57 292.78 292.92 293.17 294.745 294.565 294.704 294.853 294.553 294.818 292.121 0.0 0.0 292.61 0.0
2016-06-26 10:16:04.359000 517615.847 292.74 292.57 292.77 292.92 293.17 294.744 294.564 294.703 294.853 294.552 294.819 292.121 0.0 0.0 292.61 0.0
2016-06-26 10:18:29.018000 517760.506 292.74 292.57 292.77 292.92 293.17 294.743 294.563 294.703 294.853 294.552 294.818 292.121 0.0 0.0 292.61 0.0
2016-06-26 10:20:50.126000 517901.614 292.74 292.57 292.77 292.92 293.17 294.744 294.562 294.702 294.851 294.551 294.817 292.12 0.0 0.0 292.61 0.0
2016-06-26 10:23:14.814000 518046.302 292.74 292.57 292.77 292.92 293.17 294.742 294.563 294.702 294.85 294.551 294.816 292.118 0.0 0.0 292.61 0.0
2016-06-26 10:25:35.482000 518186.97 292.74 292.57 292.77 292.92 293.17 294.741 294.562 294.702 294.849 294.55 294.816 292.118 0.0 0.0 292.61 0.0
2016-06-26 10:28:00.172000 518331.66 292.74 292.57 292.77 292.92 293.17 294.74 294.56 294.701 294.849 294.549 294.814 292.119 0.0 0.0 292.61 0.0
2016-06-26 10:30:21.280000 518472.768 292.74 292.57 292.77 292.91 293.17 294.74 294.562 294.699 294.848 294.549 294.816 292.116 0.0 0.0 292.61 0.0
2016-06-26 10:32:45.959000 518617.447 292.74 292.57 292.77 292.91 293.17 294.74 294.56 294.701 294.848 294.547 294.814 292.115 0.0 0.0 292.61 0.0
2016-06-26 10:35:07.217000 518758.705 292.73 292.56 292.76 292.91 293.17 294.739 294.56 294.698 294.846 294.547 294.812 292.115 0.0 0.0 292.61 0.0
2016-06-26 10:37:32.026000 518903.514 292.73 292.56 292.76 292.91 293.16 294.737 294.558 294.698 294.848 294.547 294.812 292.115 0.0 0.0 292.61 0.0
2016-06-26 10:39:52.735000 519044.223 292.73 292.56 292.76 292.91 293.17 294.738 294.557 294.697 294.845 294.546 294.811 292.115 0.0 0.0 292.61 0.0
2016-06-26 10:42:17.444000 519188.932 292.73 292.56 292.76 292.91 293.16 294.737 294.557 294.696 294.845 294.545 294.811 292.112 0.0 0.0 292.61 0.0
2016-06-26 10:44:38.692000 519330.18 292.73 292.56 292.76 292.91 293.16 294.736 294.555 294.695 294.844 294.543 294.809 292.114 0.0 0.0 292.6 0.0
2016-06-26 10:47:03.131000 519474.619 292.73 292.56 292.76 292.91 293.16 294.736 294.555 294.695 294.842 294.543 294.809 292.11 0.0 0.0 292.6 0.0
2016-06-26 10:49:24.399000 519615.887 292.73 292.56 292.76 292.91 293.16 294.734 294.555 294.693 294.842 294.543 294.809 292.111 0.0 0.0 292.6 0.0
2016-06-26 10:51:49.299000 519760.787 292.73 292.56 292.76 292.91 293.16 294.736 294.553 294.692 294.842 294.54 294.809 292.111 0.0 0.0 292.6 0.0
2016-06-26 10:54:10.647000 519902.135 292.73 292.56 292.76 292.9 293.16 294.734 294.554 294.693 294.841 294.541 294.808 292.112 0.0 0.0 292.6 0.0
2016-06-26 10:56:35.556000 520047.044 292.73 292.55 292.75 292.9 293.16 294.731 294.553 294.69 294.839 294.541 294.806 292.108 0.0 0.0 292.6 0.0
2016-06-26 10:58:56.194000 520187.682 292.73 292.55 292.76 292.9 293.16 294.732 294.551 294.691 294.84 294.54 294.806 292.108 0.0 0.0 292.6 0.0
2016-06-26 11:01:21.063000 520332.551 292.73 292.55 292.75 292.9 293.16 294.732 294.552 294.691 294.839 294.54 294.806 292.107 0.0 0.0 292.6 0.0
2016-06-26 11:03:42.462000 520473.95 292.73 292.55 292.75 292.9 293.16 294.731 294.551 294.69 294.838 294.539 294.805 292.106 0.0 0.0 292.6 0.0
2016-06-26 11:06:07.401000 520618.889 292.73 292.55 292.75 292.9 293.16 294.73 294.548 294.688 294.837 294.539 294.804 292.106 0.0 0.0 292.6 0.0
2016-06-26 11:08:28.799000 520760.287 292.72 292.55 292.75 292.9 293.15 294.729 294.549 294.687 294.838 294.538 294.802 292.105 0.0 0.0 292.6 0.0
2016-06-26 11:10:53.768000 520905.256 292.72 292.55 292.75 292.9 293.16 294.727 294.547 294.688 294.836 294.537 294.802 292.104 0.0 0.0 292.6 0.0
2016-06-26 11:13:15.246000 521046.734 292.72 292.55 292.75 292.9 293.15 294.728 294.548 294.687 294.836 294.536 294.801 292.104 0.0 0.0 292.6 0.0
2016-06-26 11:15:40.236000 521191.724 292.72 292.55 292.75 292.9 293.15 294.725 294.547 294.686 294.835 294.535 294.801 292.102 0.0 0.0 292.6 0.0
2016-06-26 11:18:01.054000 521332.542 292.72 292.55 292.75 292.9 293.15 294.725 294.546 294.685 294.834 294.535 294.801 292.103 0.0 0.0 292.59 0.0
2016-06-26 11:20:26.033000 521477.521 292.72 292.55 292.75 292.9 293.15 294.725 294.546 294.685 294.833 294.534 294.8 292.102 0.0 0.0 292.59 0.0
2016-06-26 11:22:47.541000 521619.029 292.72 292.55 292.75 292.9 293.15 294.725 294.546 294.684 294.834 294.532 294.799 292.101 0.0 0.0 292.59 0.0
2016-06-26 11:25:12.560000 521764.048 292.72 292.55 292.75 292.9 293.15 294.723 294.543 294.682 294.831 294.531 294.797 292.099 0.0 0.0 292.59 0.0
2016-06-26 11:27:34.099000 521905.587 292.72 292.55 292.75 292.9 293.15 294.723 294.543 294.682 294.832 294.532 294.797 292.099 0.0 0.0 292.59 0.0
2016-06-26 11:29:59.168000 522050.656 292.72 292.55 292.75 292.9 293.15 294.723 294.543 294.681 294.83 294.532 294.797 292.098 0.0 0.0 292.59 0.0
2016-06-26 11:32:20.856000 522192.344 292.72 292.55 292.75 292.9 293.15 294.722 294.543 294.682 294.83 294.531 294.796 292.099 0.0 0.0 292.59 0.0
2016-06-26 11:34:46.005000 522337.493 292.72 292.55 292.75 292.9 293.15 294.721 294.541 294.682 294.83 294.531 294.796 292.098 0.0 0.0 292.59 0.0
2016-06-26 11:37:06.903000 522478.391 292.72 292.55 292.75 292.9 293.15 294.719 294.54 294.68 294.83 294.528 294.795 292.097 0.0 0.0 292.59 0.0
2016-06-26 11:39:32.063000 522623.551 292.72 292.55 292.75 292.9 293.15 294.72 294.54 294.678 294.828 294.528 294.794 292.096 0.0 0.0 292.59 0.0
2016-06-26 11:41:53.641000 522765.129 292.71 292.55 292.75 292.9 293.15 294.719 294.54 294.68 294.827 294.528 294.794 292.096 0.0 0.0 292.59 0.0
2016-06-26 11:44:18.830000 522910.318 292.72 292.55 292.75 292.9 293.15 294.718 294.539 294.677 294.828 294.526 294.792 292.095 0.0 0.0 292.59 0.0
2016-06-26 11:46:40.498000 523051.986 292.71 292.55 292.75 292.89 293.14 294.717 294.539 294.677 294.825 294.527 294.793 292.096 0.0 0.0 292.59 0.0
2016-06-26 11:49:06.147000 523197.635 292.71 292.55 292.75 292.89 293.14 294.718 294.536 294.677 294.824 294.526 294.792 292.095 0.0 0.0 292.59 0.0
2016-06-26 11:51:27.545000 523339.033 292.71 292.55 292.75 292.89 293.14 294.716 294.538 294.676 294.825 294.526 294.792 292.092 0.0 0.0 292.59 0.0
2016-06-26 11:53:53.224000 523484.712 292.71 292.54 292.75 292.89 293.14 294.716 294.536 294.675 294.824 294.524 294.79 292.094 0.0 0.0 292.58 0.0
2016-06-26 11:56:14.593000 523626.081 292.71 292.54 292.74 292.89 293.14 294.714 294.536 294.674 294.823 294.525 294.79 292.092 0.0 0.0 292.58 0.0
2016-06-26 11:58:40.362000 523771.85 292.71 292.54 292.74 292.89 293.14 294.714 294.535 294.673 294.824 294.523 294.789 292.09 0.0 0.0 292.58 0.0
2016-06-26 12:01:01.820000 523913.308 292.71 292.54 292.74 292.89 293.14 294.714 294.534 294.673 294.823 294.521 294.788 292.091 0.0 0.0 292.58 0.0
2016-06-26 12:03:27.470000 524058.958 292.71 292.54 292.74 292.89 293.14 294.711 294.532 294.672 294.821 294.521 294.788 292.09 0.0 0.0 292.58 0.0
2016-06-26 12:05:48.858000 524200.346 292.71 292.54 292.74 292.89 293.14 294.712 294.532 294.672 294.821 294.522 294.787 292.088 0.0 0.0 292.58 0.0
2016-06-26 12:08:14.587000 524346.075 292.71 292.54 292.74 292.89 293.14 294.712 294.533 294.671 294.82 294.52 294.787 292.089 0.0 0.0 292.58 0.0
2016-06-26 12:10:36.455000 524487.943 292.71 292.54 292.74 292.89 293.14 294.711 294.531 294.67 294.82 294.519 294.786 292.088 0.0 0.0 292.58 0.0
2016-06-26 12:13:01.864000 524633.352 292.71 292.54 292.74 292.89 293.14 294.711 294.532 294.669 294.818 294.519 294.784 292.088 0.0 0.0 292.58 0.0
2016-06-26 12:15:23.774000 524775.262 292.7 292.54 292.74 292.89 293.14 294.71 294.53 294.669 294.818 294.52 294.784 292.086 0.0 0.0 292.58 0.0
2016-06-26 12:17:49.302000 524920.79 292.7 292.54 292.74 292.89 293.14 294.708 294.528 294.668 294.816 294.518 294.785 292.084 0.0 0.0 292.58 0.0
2016-06-26 12:20:11.191000 525062.679 292.7 292.54 292.74 292.89 293.14 294.708 294.528 294.668 294.817 294.516 294.783 292.086 0.0 0.0 292.58 0.0
2016-06-26 12:22:36.600000 525208.088 292.7 292.54 292.74 292.89 293.13 294.709 294.527 294.668 294.816 294.517 294.782 292.085 0.0 0.0 292.58 0.0
2016-06-26 12:24:58.618000 525350.106 292.7 292.54 292.74 292.89 293.13 294.705 294.53 294.666 294.815 294.516 294.781 292.083 0.0 0.0 292.58 0.0
2016-06-26 12:27:24.168000 525495.656 292.7 292.54 292.74 292.89 293.13 294.706 294.527 294.665 294.815 294.515 294.774 292.082 0.0 0.0 292.58 0.0
2016-06-26 12:29:46.146000 525637.634 292.7 292.54 292.74 292.89 293.13 294.707 294.526 294.665 294.813 294.514 294.782 292.083 0.0 0.0 292.57 0.0
2016-06-26 12:32:11.685000 525783.173 292.7 292.54 292.74 292.88 293.13 294.706 294.526 294.665 294.815 294.513 294.779 292.081 0.0 0.0 292.57 0.0
2016-06-26 12:34:33.373000 525924.861 292.7 292.54 292.74 292.88 293.13 294.704 294.526 294.664 294.813 294.512 294.779 292.081 0.0 0.0 292.57 0.0
2016-06-26 12:36:57.882000 526069.37 292.7 292.54 292.74 292.89 293.13 294.703 294.524 294.663 294.814 294.513 294.78 292.08 0.0 0.0 292.57 0.0
2016-06-26 12:39:19.631000 526211.119 292.7 292.54 292.74 292.89 293.13 294.704 294.524 294.664 294.812 294.512 294.78 292.08 0.0 0.0 292.57 0.0
2016-06-26 12:41:45.200000 526356.688 292.7 292.54 292.74 292.89 293.13 294.702 294.523 294.662 294.811 294.511 294.779 292.079 0.0 0.0 292.57 0.0
2016-06-26 12:44:07.209000 526498.697 292.7 292.54 292.74 292.89 293.13 294.701 294.523 294.662 294.811 294.51 294.777 292.078 0.0 0.0 292.57 0.0
2016-06-26 12:46:32.828000 526644.316 292.7 292.54 292.74 292.89 293.13 294.701 294.522 294.662 294.811 294.511 294.777 292.079 0.0 0.0 292.57 0.0
2016-06-26 12:48:54.946000 526786.434 292.7 292.54 292.74 292.89 293.13 294.701 294.521 294.659 294.811 294.51 294.774 292.077 0.0 0.0 292.57 0.0
2016-06-26 12:51:20.596000 526932.084 292.7 292.54 292.74 292.89 293.13 294.698 294.52 294.659 294.808 294.509 294.776 292.077 0.0 0.0 292.57 0.0
2016-06-26 12:53:42.784000 527074.272 292.69 292.54 292.74 292.89 293.13 294.699 294.52 294.659 294.807 294.508 294.773 292.077 0.0 0.0 292.57 0.0
2016-06-26 12:56:08.173000 527219.661 292.69 292.54 292.74 292.89 293.13 294.697 294.518 294.659 294.807 294.509 294.773 292.076 0.0 0.0 292.57 0.0
2016-06-26 12:58:29.962000 527361.45 292.69 292.54 292.74 292.89 293.13 294.698 294.519 294.659 294.807 294.505 294.773 292.076 0.0 0.0 292.57 0.0
2016-06-26 13:00:55.632000 527507.12 292.69 292.54 292.74 292.89 293.12 294.698 294.519 294.658 294.806 294.506 294.772 292.075 0.0 0.0 292.57 0.0
2016-06-26 13:03:17.830000 527649.318 292.69 292.54 292.74 292.89 293.12 294.695 294.518 294.657 294.806 294.505 294.772 292.075 0.0 0.0 292.57 0.0
2016-06-26 13:05:43.589000 527795.077 292.69 292.54 292.74 292.89 293.12 294.696 294.517 294.656 294.806 294.505 294.773 292.075 0.0 0.0 292.57 0.0
2016-06-26 13:08:05.857000 527937.345 292.69 292.54 292.74 292.89 293.12 294.695 294.516 294.655 294.806 294.505 294.771 292.072 0.0 0.0 292.57 0.0
2016-06-26 13:10:31.636000 528083.124 292.69 292.54 292.74 292.89 293.12 294.696 294.517 294.656 294.804 294.504 294.771 292.073 0.0 0.0 292.57 0.0
2016-06-26 13:12:53.866000 528225.354 292.69 292.54 292.74 292.89 293.12 294.694 294.516 294.655 294.805 294.504 294.77 292.074 0.0 0.0 292.56 0.0
2016-06-26 13:15:19.445000 528370.933 292.69 292.54 292.74 292.89 293.12 294.693 294.514 294.654 294.803 294.504 294.77 292.071 0.0 0.0 292.56 0.0
2016-06-26 13:17:41.423000 528512.911 292.69 292.54 292.74 292.89 293.12 294.692 294.515 294.654 294.802 294.502 294.769 292.071 0.0 0.0 292.56 0.0
2016-06-26 13:20:07.222000 528658.71 292.69 292.54 292.74 292.89 293.12 294.692 294.515 294.654 294.803 294.502 294.769 292.068 0.0 0.0 292.56 0.0
2016-06-26 13:22:29.470000 528800.958 292.69 292.54 292.74 292.89 293.12 294.692 294.515 294.653 294.803 294.502 294.769 292.072 0.0 0.0 292.56 0.0
2016-06-26 13:24:55.370000 528946.858 292.69 292.54 292.74 292.89 293.12 294.692 294.515 294.653 294.801 294.502 294.768 292.07 0.0 0.0 292.56 0.0
2016-06-26 13:27:17.739000 529089.227 292.69 292.54 292.74 292.89 293.12 294.691 294.512 294.653 294.8 294.501 294.768 292.07 0.0 0.0 292.56 0.0
2016-06-26 13:29:43.698000 529235.186 292.69 292.54 292.74 292.89 293.12 294.69 294.512 294.651 294.801 294.501 294.767 292.07 0.0 0.0 292.56 0.0
2016-06-26 13:32:06.156000 529377.644 292.69 292.54 292.74 292.89 293.12 294.689 294.512 294.651 294.799 294.5 294.767 292.068 0.0 0.0 292.56 0.0
2016-06-26 13:34:31.805000 529523.293 292.69 292.54 292.75 292.89 293.12 294.689 294.51 294.651 294.799 294.498 294.765 292.068 0.0 0.0 292.56 0.0
2016-06-26 13:36:53.884000 529665.372 292.69 292.54 292.74 292.89 293.12 294.689 294.51 294.649 294.799 294.498 294.765 292.067 0.0 0.0 292.56 0.0
2016-06-26 13:39:20.214000 529811.702 292.69 292.54 292.75 292.89 293.12 294.688 294.508 294.65 294.796 294.499 294.766 292.069 0.0 0.0 292.56 0.0
2016-06-26 13:41:42.302000 529953.79 292.69 292.54 292.75 292.89 293.12 294.689 294.509 294.649 294.799 294.498 294.764 292.066 0.0 0.0 292.56 0.0
2016-06-26 13:44:08.761000 530100.249 292.69 292.54 292.75 292.89 293.12 294.687 294.51 294.649 294.798 294.498 294.763 292.067 0.0 0.0 292.56 0.0
2016-06-26 13:46:30.849000 530242.337 292.68 292.54 292.75 292.89 293.12 294.687 294.509 294.65 294.798 294.497 294.766 292.067 0.0 0.0 292.56 0.0
2016-06-26 13:48:56.929000 530388.417 292.68 292.54 292.75 292.89 293.12 294.687 294.508 294.649 294.798 294.497 294.763 292.067 0.0 0.0 292.56 0.0
2016-06-26 13:51:19.048000 530530.536 292.68 292.54 292.75 292.89 293.12 294.686 294.508 294.647 294.797 294.495 294.763 292.065 0.0 0.0 292.56 0.0
2016-06-26 13:53:45.567000 530677.055 292.68 292.54 292.75 292.89 293.11 294.684 294.508 294.649 294.795 294.495 294.763 292.065 0.0 0.0 292.56 0.0
2016-06-26 13:56:07.095000 530818.583 292.68 292.54 292.75 292.89 293.12 294.685 294.509 294.646 294.797 294.495 294.762 292.064 0.0 0.0 292.56 0.0
2016-06-26 13:58:33.654000 530965.142 292.68 292.54 292.75 292.89 293.11 294.684 294.506 294.647 294.796 294.495 294.761 292.063 0.0 0.0 292.56 0.0
2016-06-26 14:00:56.224000 531107.712 292.68 292.54 292.75 292.89 293.11 294.684 294.506 294.646 294.796 294.494 294.763 292.066 0.0 0.0 292.56 0.0
2016-06-26 14:03:22.483000 531253.971 292.68 292.54 292.75 292.89 293.11 294.684 294.508 294.646 294.796 294.493 294.762 292.064 0.0 0.0 292.56 0.0
2016-06-26 14:05:44.761000 531396.249 292.68 292.54 292.75 292.89 293.11 294.683 294.507 294.645 294.796 294.493 294.761 292.064 0.0 0.0 292.55 0.0
2016-06-26 14:08:10.980000 531542.468 292.68 292.54 292.75 292.9 293.11 294.683 294.507 294.645 294.795 294.492 294.76 292.063 0.0 0.0 292.56 0.0
2016-06-26 14:10:33.709000 531685.197 292.68 292.54 292.75 292.89 293.11 294.683 294.504 294.645 294.794 294.492 294.76 292.062 0.0 0.0 292.56 0.0
2016-06-26 14:12:59.759000 531831.247 292.68 292.54 292.75 292.89 293.11 294.683 294.506 294.645 294.794 294.494 294.76 292.065 0.0 0.0 292.55 0.0
2016-06-26 14:15:22.057000 531973.545 292.68 292.54 292.75 292.89 293.11 294.682 294.505 294.646 294.794 294.493 294.76 292.061 0.0 0.0 292.55 0.0
2016-06-26 14:17:48.326000 532119.814 292.68 292.54 292.75 292.89 293.11 294.681 294.505 294.645 294.793 294.491 294.76 292.062 0.0 0.0 292.55 0.0
2016-06-26 14:20:10.755000 532262.243 292.68 292.54 292.75 292.89 293.11 294.682 294.504 294.645 294.793 294.492 294.759 292.063 0.0 0.0 292.55 0.0
2016-06-26 14:22:36.724000 532408.212 292.68 292.54 292.75 292.89 293.11 294.681 294.504 294.643 294.793 294.49 294.758 292.062 0.0 0.0 292.55 0.0
2016-06-26 14:24:59.443000 532550.931 292.68 292.54 292.75 292.9 293.11 294.678 294.503 294.643 294.792 294.49 294.758 292.06 0.0 0.0 292.55 0.0
2016-06-26 14:27:25.412000 532696.9 292.68 292.54 292.75 292.9 293.11 294.679 294.504 294.643 294.792 294.491 294.759 292.06 0.0 0.0 292.55 0.0
2016-06-26 14:29:48.531000 532840.019 292.68 292.54 292.75 292.9 293.11 294.68 294.502 294.643 294.792 294.491 294.757 292.059 0.0 0.0 292.55 0.0
2016-06-26 14:32:14.180000 532985.668 292.68 292.55 292.75 292.9 293.11 294.679 294.503 294.643 294.792 294.49 294.758 292.061 0.0 0.0 292.55 0.0
2016-06-26 14:34:36.648000 533128.136 292.68 292.54 292.75 292.9 293.11 294.678 294.502 294.642 294.791 294.489 294.757 292.06 0.0 0.0 292.55 0.0
2016-06-26 14:37:03.018000 533274.506 292.68 292.54 292.75 292.9 293.11 294.678 294.502 294.643 294.792 294.489 294.757 292.06 0.0 0.0 292.55 0.0
2016-06-26 14:39:25.567000 533417.055 292.68 292.54 292.75 292.9 293.11 294.677 294.502 294.643 294.791 294.489 294.757 292.058 0.0 0.0 292.55 0.0
2016-06-26 14:41:52.026000 533563.514 292.68 292.55 292.75 292.9 293.11 294.677 294.501 294.643 294.79 294.489 294.756 292.059 0.0 0.0 292.55 0.0
2016-06-26 14:44:14.904000 533706.392 292.68 292.55 292.75 292.9 293.11 294.677 294.501 294.641 294.791 294.488 294.756 292.057 0.0 0.0 292.55 0.0
2016-06-26 14:46:41.403000 533852.891 292.68 292.55 292.75 292.9 293.11 294.677 294.501 294.641 294.79 294.487 294.757 292.059 0.0 0.0 292.55 0.0
2016-06-26 14:49:04.373000 533995.861 292.68 292.55 292.75 292.9 293.11 294.676 294.499 294.641 294.789 294.487 294.756 292.059 0.0 0.0 292.55 0.0
2016-06-26 14:51:30.622000 534142.11 292.68 292.55 292.75 292.9 293.11 294.675 294.499 294.641 294.789 294.487 294.756 292.057 0.0 0.0 292.55 0.0
2016-06-26 14:53:53.260000 534284.748 292.68 292.55 292.75 292.9 293.11 294.676 294.501 294.641 294.789 294.487 294.756 292.057 0.0 0.0 292.55 0.0
2016-06-26 14:56:19.839000 534431.327 292.68 292.55 292.76 292.9 293.11 294.675 294.5 294.641 294.789 294.486 294.755 292.057 0.0 0.0 292.55 0.0
2016-06-26 14:58:42.497000 534573.985 292.68 292.55 292.76 292.9 293.11 294.674 294.5 294.64 294.788 294.487 294.756 292.057 0.0 0.0 292.55 0.0
2016-06-26 15:01:09.157000 534720.645 292.68 292.55 292.76 292.9 293.11 294.674 294.5 294.638 294.788 294.486 294.754 292.057 0.0 0.0 292.55 0.0
2016-06-26 15:03:32.156000 534863.644 292.68 292.55 292.76 292.9 293.11 294.674 294.5 294.638 294.789 294.487 294.755 292.059 0.0 0.0 292.55 0.0
2016-06-26 15:05:58.775000 535010.263 292.68 292.55 292.76 292.9 293.11 294.676 294.5 294.641 294.788 294.487 294.753 292.058 0.0 0.0 292.55 0.0
2016-06-26 15:08:21.873000 535153.361 292.67 292.55 292.76 292.9 293.11 294.673 294.499 294.638 294.788 294.485 294.755 292.055 0.0 0.0 292.55 0.0
2016-06-26 15:10:48.212000 535299.7 292.67 292.55 292.76 292.9 293.11 294.674 294.499 294.638 294.787 294.485 294.747 292.058 0.0 0.0 292.55 0.0
2016-06-26 15:13:10.942000 535442.43 292.67 292.55 292.76 292.91 293.11 294.674 294.498 294.639 294.788 294.486 294.755 292.056 0.0 0.0 292.55 0.0
2016-06-26 15:15:37.641000 535589.129 292.68 292.55 292.76 292.91 293.11 294.673 294.499 294.639 294.786 294.486 294.753 292.056 0.0 0.0 292.55 0.0
2016-06-26 15:18:00.359000 535731.847 292.67 292.55 292.76 292.91 293.11 294.673 294.498 294.639 294.786 294.485 294.754 292.057 0.0 0.0 292.55 0.0
2016-06-26 15:20:27.139000 535878.627 292.67 292.55 292.76 292.91 293.11 294.673 294.498 294.639 294.787 294.485 294.755 292.057 0.0 0.0 292.55 0.0
2016-06-26 15:22:50.228000 536021.716 292.67 292.56 292.77 292.91 293.11 294.673 294.498 294.638 294.788 294.486 294.753 292.058 0.0 0.0 292.55 0.0
2016-06-26 15:25:17.007000 536168.495 292.67 292.56 292.77 292.91 293.11 294.673 294.498 294.639 294.788 294.486 294.754 292.057 0.0 0.0 292.55 0.0
2016-06-26 15:27:40.156000 536311.644 292.67 292.56 292.77 292.91 293.11 294.672 294.499 294.638 294.787 294.484 294.753 292.056 0.0 0.0 292.55 0.0
2016-06-26 15:30:06.615000 536458.103 292.67 292.56 292.77 292.91 293.11 294.672 294.498 294.638 294.787 294.484 294.753 292.056 0.0 0.0 292.55 0.0
2016-06-26 15:32:29.394000 536600.882 292.67 292.56 292.77 292.92 293.11 294.672 294.498 294.638 294.787 294.484 294.753 292.055 0.0 0.0 292.55 0.0
2016-06-26 15:34:56.484000 536747.972 292.67 292.56 292.77 292.92 293.11 294.672 294.497 294.637 294.787 294.484 294.754 292.057 0.0 0.0 292.55 0.0
2016-06-26 15:37:19.322000 536890.81 292.67 292.56 292.77 292.92 293.11 294.671 294.498 294.638 294.786 294.483 294.753 292.057 0.0 0.0 292.55 0.0
2016-06-26 15:39:46.662000 537038.15 292.68 292.57 292.78 292.92 293.11 294.671 294.497 294.638 294.786 294.483 294.753 292.057 0.0 0.0 292.55 0.0
2016-06-26 15:42:09.550000 537181.038 292.67 292.57 292.78 292.92 293.11 294.671 294.497 294.637 294.788 294.479 294.752 292.057 0.0 0.0 292.55 0.0
2016-06-26 15:44:36.879000 537328.367 292.67 292.57 292.78 292.92 293.11 294.671 294.497 294.639 294.786 294.483 294.753 292.057 0.0 0.0 292.55 0.0
2016-06-26 15:46:59.539000 537471.027 292.67 292.57 292.78 292.92 293.11 294.669 294.497 294.637 294.788 294.482 294.751 292.057 0.0 0.0 292.55 0.0
2016-06-26 15:49:26.828000 537618.316 292.67 292.57 292.78 292.93 293.11 294.67 294.496 294.638 294.787 294.483 294.751 292.056 0.0 0.0 292.55 0.0
2016-06-26 15:51:49.807000 537761.295 292.67 292.57 292.79 292.93 293.11 294.671 294.496 294.638 294.787 294.483 294.753 292.057 0.0 0.0 292.55 0.0
2016-06-26 15:54:16.806000 537908.294 292.67 292.57 292.79 292.93 293.11 294.67 294.497 294.637 294.787 294.482 294.753 292.058 0.0 0.0 292.55 0.0
2016-06-26 15:56:40.214000 538051.702 292.67 292.57 292.79 292.93 293.11 294.671 294.497 294.638 294.786 294.483 294.752 292.056 0.0 0.0 292.55 0.0
2016-06-26 15:59:07.275000 538198.763 292.67 292.58 292.79 292.93 293.11 294.67 294.496 294.639 294.788 294.484 294.753 292.058 0.0 0.0 292.55 0.0
2016-06-26 16:01:30.693000 538342.181 292.68 292.58 292.79 292.94 293.11 294.67 294.497 294.638 294.786 294.482 294.752 292.057 0.0 0.0 292.55 0.0
2016-06-26 16:03:57.753000 538489.241 292.67 292.58 292.8 292.94 293.11 294.67 294.497 294.638 294.788 294.484 294.754 292.059 0.0 0.0 292.55 0.0
2016-06-26 16:06:21.291000 538632.779 292.67 292.58 292.8 292.94 293.11 294.67 294.497 294.638 294.789 294.483 294.753 292.058 0.0 0.0 292.55 0.0
2016-06-26 16:08:48.451000 538779.939 292.68 292.59 292.8 292.94 293.11 294.671 294.498 294.639 294.787 294.483 294.753 292.059 0.0 0.0 292.55 0.0
2016-06-26 16:11:11.530000 538923.018 292.67 292.59 292.8 292.94 293.11 294.669 294.498 294.64 294.789 294.483 294.754 292.057 0.0 0.0 292.55 0.0
2016-06-26 16:13:38.649000 539070.137 292.68 292.59 292.8 292.95 293.11 294.671 294.497 294.64 294.788 294.482 294.755 292.06 0.0 0.0 292.55 0.0
2016-06-26 16:16:02.158000 539213.646 292.68 292.59 292.81 292.95 293.11 294.67 294.499 294.64 294.789 294.484 294.755 292.059 0.0 0.0 292.55 0.0
2016-06-26 16:18:29.287000 539360.775 292.68 292.59 292.81 292.95 293.11 294.67 294.498 294.64 294.79 294.484 294.754 292.059 0.0 0.0 292.55 0.0
2016-06-26 16:20:52.826000 539504.314 292.68 292.6 292.81 292.95 293.11 294.67 294.499 294.641 294.788 294.483 294.753 292.062 0.0 0.0 292.55 0.0
2016-06-26 16:23:19.606000 539651.094 292.68 292.6 292.81 292.95 293.11 294.671 294.498 294.641 294.789 294.485 294.756 292.061 0.0 0.0 292.55 0.0
2016-06-26 16:25:43.185000 539794.673 292.68 292.6 292.82 292.96 293.11 294.671 294.499 294.64 294.79 294.485 294.755 292.062 0.0 0.0 292.55 0.0
2016-06-26 16:28:10.034000 539941.522 292.68 292.6 292.82 292.96 293.11 294.671 294.499 294.64 294.79 294.484 294.755 292.061 0.0 0.0 292.55 0.0
2016-06-26 16:30:33.632000 540085.12 292.68 292.6 292.82 292.96 293.11 294.671 294.499 294.641 294.792 294.483 294.755 292.062 0.0 0.0 292.55 0.0
2016-06-26 16:33:00.552000 540232.04 292.68 292.61 292.82 292.96 293.11 294.672 294.499 294.642 294.789 294.485 294.756 292.061 0.0 0.0 292.55 0.0
2016-06-26 16:35:24.201000 540375.689 292.68 292.61 292.83 292.97 293.11 294.672 294.499 294.642 294.791 294.484 294.757 292.064 0.0 0.0 292.55 0.0
2016-06-26 16:37:51.141000 540522.629 292.68 292.61 292.83 292.97 293.11 294.672 294.5 294.644 294.792 294.487 294.756 292.063 0.0 0.0 292.55 0.0
2016-06-26 16:40:14.709000 540666.197 292.68 292.61 292.83 292.97 293.11 294.672 294.501 294.644 294.792 294.486 294.758 292.065 0.0 0.0 292.55 0.0
2016-06-26 16:42:41.638000 540813.126 292.68 292.62 292.83 292.97 293.11 294.672 294.502 294.644 294.793 294.487 294.757 292.064 0.0 0.0 292.55 0.0
2016-06-26 16:45:05.297000 540956.785 292.68 292.62 292.84 292.98 293.12 294.673 294.502 294.645 294.793 294.485 294.759 292.065 0.0 0.0 292.55 0.0
2016-06-26 16:47:32.327000 541103.815 292.68 292.62 292.84 292.98 293.11 294.67 294.501 294.645 294.794 294.486 294.759 292.066 0.0 0.0 292.56 0.0
2016-06-26 16:49:56.006000 541247.494 292.68 292.62 292.84 292.98 293.12 294.671 294.503 294.644 294.793 294.488 294.759 292.066 0.0 0.0 292.56 0.0
2016-06-26 16:52:23.045000 541394.533 292.68 292.62 292.84 292.98 293.12 294.671 294.503 294.645 294.794 294.487 294.76 292.066 0.0 0.0 292.56 0.0
2016-06-26 16:54:46.894000 541538.382 292.68 292.63 292.85 292.98 293.12 294.673 294.504 294.646 294.794 294.487 294.76 292.069 0.0 0.0 292.56 0.0
2016-06-26 16:57:13.904000 541685.392 292.68 292.63 292.85 292.99 293.12 294.671 294.505 294.646 294.795 294.488 294.761 292.069 0.0 0.0 292.56 0.0
2016-06-26 16:59:37.703000 541829.191 292.68 292.63 292.85 292.99 293.12 294.673 294.504 294.647 294.796 294.488 294.762 292.069 0.0 0.0 292.56 0.0
2016-06-26 17:02:04.832000 541976.32 292.68 292.63 292.85 292.99 293.12 294.673 294.504 294.648 294.797 294.49 294.762 292.069 0.0 0.0 292.56 0.0
2016-06-26 17:04:28.661000 542120.149 292.69 292.63 292.85 292.99 293.12 294.674 294.506 294.648 294.797 294.491 294.762 292.068 0.0 0.0 292.56 0.0
2016-06-26 17:06:55.780000 542267.268 292.69 292.64 292.86 292.99 293.12 294.676 294.506 294.649 294.798 294.489 294.763 292.07 0.0 0.0 292.56 0.0
2016-06-26 17:09:19.700000 542411.188 292.69 292.64 292.86 292.99 293.12 294.676 294.507 294.65 294.798 294.491 294.763 292.071 0.0 0.0 292.56 0.0
2016-06-26 17:11:46.849000 542558.337 292.69 292.64 292.86 293.0 293.12 294.674 294.507 294.649 294.799 294.491 294.765 292.07 0.0 0.0 292.56 0.0
2016-06-26 17:14:10.768000 542702.256 292.69 292.64 292.86 293.0 293.12 294.676 294.508 294.651 294.8 294.492 294.765 292.071 0.0 0.0 292.56 0.0
2016-06-26 17:16:37.917000 542849.405 292.69 292.64 292.86 293.0 293.12 294.676 294.507 294.65 294.8 294.491 294.765 292.074 0.0 0.0 292.56 0.0
2016-06-26 17:19:01.826000 542993.314 292.69 292.64 292.86 293.0 293.12 294.677 294.509 294.651 294.8 294.492 294.767 292.075 0.0 0.0 292.56 0.0
2016-06-26 17:21:29.066000 543140.554 292.69 292.65 292.87 293.0 293.12 294.677 294.509 294.654 294.801 294.494 294.768 292.075 0.0 0.0 292.56 0.0
2016-06-26 17:23:53.035000 543284.523 292.69 292.65 292.87 293.0 293.13 294.678 294.509 294.653 294.803 294.494 294.766 292.075 0.0 0.0 292.56 0.0
2016-06-26 17:26:20.914000 543432.402 292.69 292.65 292.87 293.0 293.13 294.678 294.51 294.654 294.802 294.493 294.768 292.077 0.0 0.0 292.57 0.0
2016-06-26 17:28:44.483000 543575.971 292.69 292.65 292.87 293.01 293.13 294.678 294.511 294.656 294.804 294.494 294.77 292.076 0.0 0.0 292.57 0.0
2016-06-26 17:31:12.202000 543723.69 292.69 292.65 292.87 293.01 293.13 294.679 294.513 294.655 294.803 294.495 294.769 292.078 0.0 0.0 292.57 0.0
2016-06-26 17:33:35.882000 543867.37 292.69 292.65 292.87 293.01 293.13 294.679 294.513 294.657 294.804 294.495 294.77 292.078 0.0 0.0 292.57 0.0
2016-06-26 17:36:03.941000 544015.429 292.7 292.65 292.87 293.01 293.13 294.679 294.513 294.655 294.807 294.498 294.771 292.079 0.0 0.0 292.57 0.0
2016-06-26 17:38:27.570000 544159.058 292.7 292.66 292.88 293.01 293.13 294.681 294.514 294.658 294.807 294.498 294.77 292.08 0.0 0.0 292.57 0.0
2016-06-26 17:40:55.669000 544307.157 292.7 292.66 292.88 293.01 293.13 294.681 294.514 294.658 294.807 294.496 294.771 292.081 0.0 0.0 292.57 0.0
2016-06-26 17:43:19.358000 544450.846 292.7 292.66 292.88 293.01 293.13 294.681 294.515 294.66 294.808 294.498 294.773 292.082 0.0 0.0 292.57 0.0
2016-06-26 17:45:47.078000 544598.566 292.7 292.66 292.88 293.01 293.13 294.683 294.515 294.66 294.808 294.499 294.772 292.083 0.0 0.0 292.57 0.0
2016-06-26 17:48:11.297000 544742.785 292.7 292.66 292.88 293.01 293.13 294.682 294.517 294.66 294.809 294.498 294.774 292.082 0.0 0.0 292.57 0.0
2016-06-26 17:50:38.726000 544890.214 292.7 292.66 292.88 293.02 293.13 294.684 294.518 294.662 294.81 294.5 294.773 292.083 0.0 0.0 292.57 0.0
2016-06-26 17:53:02.485000 545033.973 292.7 292.66 292.88 293.02 293.13 294.682 294.519 294.662 294.811 294.498 294.776 292.083 0.0 0.0 292.57 0.0
2016-06-26 17:55:30.264000 545181.752 292.7 292.66 292.88 293.02 293.13 294.684 294.519 294.661 294.812 294.501 294.776 292.084 0.0 0.0 292.57 0.0
2016-06-26 17:57:54.434000 545325.922 292.7 292.66 292.88 293.02 293.13 294.685 294.52 294.662 294.811 294.5 294.777 292.085 0.0 0.0 292.58 0.0
2016-06-26 18:00:22.224000 545473.712 292.7 292.66 292.88 293.02 293.13 294.687 294.519 294.664 294.813 294.502 294.778 292.088 0.0 0.0 292.58 0.0
2016-06-26 18:02:46.522000 545618.01 292.7 292.67 292.88 293.02 293.14 294.686 294.521 294.663 294.813 294.504 294.777 292.086 0.0 0.0 292.58 0.0
2016-06-26 18:05:14.352000 545765.84 292.7 292.67 292.89 293.02 293.14 294.686 294.521 294.666 294.814 294.504 294.778 292.087 0.0 0.0 292.58 0.0
2016-06-26 18:07:38.591000 545910.079 292.7 292.67 292.89 293.02 293.14 294.687 294.522 294.665 294.814 294.504 294.779 292.088 0.0 0.0 292.58 0.0
2016-06-26 18:10:06.461000 546057.949 292.71 292.67 292.89 293.02 293.14 294.689 294.522 294.667 294.815 294.505 294.779 292.089 0.0 0.0 292.58 0.0
2016-06-26 18:12:30.730000 546202.218 292.71 292.67 292.89 293.02 293.14 294.689 294.523 294.667 294.814 294.506 294.781 292.09 0.0 0.0 292.58 0.0
2016-06-26 18:14:58.239000 546349.727 292.71 292.67 292.89 293.02 293.14 294.69 294.524 294.669 294.816 294.505 294.782 292.091 0.0 0.0 292.58 0.0
2016-06-26 18:17:22.168000 546493.656 292.71 292.67 292.89 293.02 293.14 294.69 294.524 294.669 294.818 294.505 294.782 292.091 0.0 0.0 292.58 0.0
2016-06-26 18:19:50.218000 546641.706 292.71 292.67 292.89 293.02 293.14 294.691 294.526 294.669 294.817 294.506 294.782 292.092 0.0 0.0 292.58 0.0
2016-06-26 18:22:14.517000 546786.005 292.71 292.67 292.89 293.03 293.14 294.691 294.526 294.67 294.819 294.503 294.783 292.092 0.0 0.0 292.58 0.0
2016-06-26 18:24:59.650000 546951.138 292.71 292.67 292.89 293.02 293.14 294.692 294.528 294.671 294.818 294.507 294.783 292.093 0.0 0.0 292.58 0.0
2016-06-26 18:27:23.939000 547095.427 292.71 292.67 292.89 293.03 293.14 294.692 294.528 294.671 294.819 294.51 294.783 292.094 0.0 0.0 292.58 0.0
2016-06-26 18:29:51.598000 547243.086 292.71 292.67 292.89 293.03 293.14 294.693 294.528 294.67 294.821 294.509 294.785 292.094 0.0 0.0 292.58 0.0
2016-06-26 18:32:16.018000 547387.506 292.71 292.67 292.89 293.03 293.14 294.693 294.528 294.671 294.821 294.51 294.785 292.094 0.0 0.0 292.58 0.0
2016-06-26 18:34:43.767000 547535.255 292.71 292.67 292.89 293.03 293.14 294.695 294.531 294.673 294.822 294.51 294.786 292.095 0.0 0.0 292.59 0.0
2016-06-26 18:37:08.226000 547679.714 292.71 292.67 292.89 293.03 293.14 294.695 294.53 294.672 294.822 294.511 294.787 292.096 0.0 0.0 292.59 0.0
2016-06-26 18:39:36.145000 547827.633 292.71 292.67 292.89 293.03 293.15 294.695 294.53 294.673 294.823 294.512 294.788 292.096 0.0 0.0 292.59 0.0
2016-06-26 18:42:00.614000 547972.102 292.72 292.67 292.89 293.03 293.15 294.695 294.531 294.674 294.824 294.512 294.788 292.099 0.0 0.0 292.59 0.0
2016-06-26 18:44:28.345000 548119.833 292.71 292.67 292.9 293.03 293.15 294.696 294.532 294.676 294.825 294.512 294.79 292.098 0.0 0.0 292.59 0.0
2016-06-26 18:46:52.863000 548264.351 292.72 292.68 292.9 293.03 293.15 294.698 294.534 294.676 294.825 294.514 294.79 292.098 0.0 0.0 292.59 0.0
2016-06-26 18:49:20.693000 548412.181 292.72 292.68 292.9 293.03 293.15 294.699 294.534 294.676 294.825 294.513 294.789 292.092 0.0 0.0 292.59 0.0
2016-06-26 18:51:45.142000 548556.63 292.72 292.68 292.9 293.03 293.15 294.701 294.533 294.678 294.827 294.515 294.791 292.1 0.0 0.0 292.59 0.0
2016-06-26 18:54:13.031000 548704.519 292.72 292.68 292.9 293.03 293.15 294.701 294.533 294.676 294.826 294.516 294.792 292.102 0.0 0.0 292.59 0.0
2016-06-26 18:56:37.581000 548849.069 292.72 292.68 292.9 293.03 293.15 294.7 294.535 294.678 294.827 294.516 294.793 292.1 0.0 0.0 292.59 0.0
2016-06-26 18:59:05.540000 548997.028 292.72 292.68 292.9 293.04 293.15 294.701 294.536 294.678 294.828 294.515 294.792 292.102 0.0 0.0 292.59 0.0
2016-06-26 19:01:30.149000 549141.637 292.72 292.68 292.9 293.04 293.15 294.701 294.536 294.679 294.83 294.518 294.793 292.102 0.0 0.0 292.59 0.0
2016-06-26 19:03:58.059000 549289.547 292.72 292.68 292.9 293.04 293.15 294.703 294.537 294.68 294.83 294.517 294.795 292.102 0.0 0.0 292.59 0.0
2016-06-26 19:06:22.637000 549434.125 292.72 292.68 292.91 293.04 293.15 294.703 294.538 294.681 294.831 294.518 294.793 292.104 0.0 0.0 292.59 0.0
2016-06-26 19:08:50.588000 549582.076 292.72 292.68 292.91 293.04 293.15 294.704 294.54 294.683 294.83 294.518 294.795 292.104 0.0 0.0 292.59 0.0
2016-06-26 19:11:15.277000 549726.765 292.72 292.68 292.91 293.04 293.15 294.704 294.54 294.681 294.831 294.519 294.795 292.106 0.0 0.0 292.6 0.0
2016-06-26 19:13:43.286000 549874.774 292.72 292.68 292.91 293.04 293.16 294.706 294.541 294.683 294.834 294.52 294.796 292.106 0.0 0.0 292.6 0.0
2016-06-26 19:16:08.005000 550019.493 292.72 292.69 292.91 293.04 293.16 294.706 294.541 294.683 294.834 294.521 294.797 292.107 0.0 0.0 292.6 0.0
2016-06-26 19:18:36.534000 550168.022 292.72 292.69 292.91 293.04 293.16 294.707 294.54 294.684 294.833 294.52 294.791 292.107 0.0 0.0 292.6 0.0
2016-06-26 19:21:00.824000 550312.312 292.73 292.69 292.91 293.04 293.16 294.708 294.541 294.686 294.834 294.522 294.799 292.109 0.0 0.0 292.6 0.0
2016-06-26 19:23:29.724000 550461.212 292.73 292.69 292.91 293.05 293.16 294.709 294.542 294.686 294.835 294.522 294.799 292.108 0.0 0.0 292.6 0.0
2016-06-26 19:25:53.693000 550605.181 292.73 292.69 292.91 293.05 293.16 294.709 294.543 294.687 294.836 294.523 294.801 292.11 0.0 0.0 292.6 0.0
2016-06-26 19:28:22.562000 550754.05 292.73 292.69 292.91 293.05 293.16 294.709 294.542 294.686 294.835 294.523 294.8 292.111 0.0 0.0 292.6 0.0
2016-06-26 19:30:47.012000 550898.5 292.73 292.69 292.92 293.05 293.16 294.71 294.543 294.689 294.836 294.525 294.8 292.11 0.0 0.0 292.6 0.0
2016-06-26 19:33:15.552000 551047.04 292.73 292.69 292.92 293.05 293.16 294.71 294.545 294.689 294.836 294.526 294.803 292.111 0.0 0.0 292.6 0.0
2016-06-26 19:35:40.030000 551191.518 292.73 292.69 292.92 293.05 293.16 294.711 294.546 294.689 294.838 294.526 294.802 292.112 0.0 0.0 292.6 0.0
2016-06-26 19:38:09.030000 551340.518 292.73 292.7 292.92 293.05 293.16 294.712 294.547 294.691 294.84 294.526 294.804 292.113 0.0 0.0 292.6 0.0
2016-06-26 19:40:33.449000 551484.937 292.73 292.7 292.92 293.05 293.16 294.713 294.547 294.691 294.841 294.528 294.804 292.114 0.0 0.0 292.6 0.0
2016-06-26 19:43:01.999000 551633.487 292.73 292.7 292.92 293.05 293.17 294.713 294.549 294.692 294.84 294.527 294.805 292.116 0.0 0.0 292.6 0.0
2016-06-26 19:45:26.948000 551778.436 292.73 292.7 292.92 293.06 293.16 294.714 294.548 294.694 294.84 294.529 294.806 292.114 0.0 0.0 292.6 0.0
2016-06-26 19:47:55.528000 551927.016 292.73 292.7 292.93 293.06 293.17 294.713 294.55 294.693 294.842 294.53 294.806 292.117 0.0 0.0 292.61 0.0
2016-06-26 19:50:20.387000 552071.875 292.73 292.7 292.92 293.06 293.17 294.716 294.549 294.695 294.843 294.53 294.807 292.118 0.0 0.0 292.61 0.0
2016-06-26 19:52:49.006000 552220.494 292.74 292.7 292.93 293.06 293.17 294.717 294.553 294.694 294.844 294.532 294.808 292.117 0.0 0.0 292.61 0.0
2016-06-26 19:55:14.006000 552365.494 292.74 292.7 292.93 293.06 293.17 294.717 294.551 294.695 294.845 294.532 294.809 292.119 0.0 0.0 292.61 0.0
2016-06-26 19:57:42.646000 552514.134 292.74 292.7 292.93 293.06 293.17 294.717 294.552 294.696 294.844 294.533 294.81 292.119 0.0 0.0 292.61 0.0
2016-06-26 20:00:07.595000 552659.083 292.74 292.71 292.93 293.06 293.17 294.718 294.554 294.697 294.846 294.534 294.809 292.119 0.0 0.0 292.61 0.0
2016-06-26 20:02:36.304000 552807.792 292.74 292.71 292.93 293.06 293.17 294.718 294.554 294.698 294.847 294.535 294.81 292.121 0.0 0.0 292.61 0.0
2016-06-26 20:05:01.283000 552952.771 292.74 292.71 292.93 293.07 293.17 294.72 294.555 294.698 294.847 294.534 294.81 292.123 0.0 0.0 292.61 0.0
2016-06-26 20:07:29.584000 553101.072 292.74 292.71 292.93 293.07 293.17 294.72 294.555 294.699 294.848 294.535 294.813 292.123 0.0 0.0 292.61 0.0
2016-06-26 20:09:55.043000 553246.531 292.74 292.71 292.93 293.07 293.17 294.721 294.557 294.701 294.848 294.536 294.813 292.123 0.0 0.0 292.61 0.0
2016-06-26 20:12:23.012000 553394.5 292.74 292.71 292.94 293.07 293.17 294.721 294.557 294.701 294.849 294.536 294.814 292.123 0.0 0.0 292.61 0.0
2016-06-26 20:14:48.071000 553539.559 292.74 292.71 292.94 293.07 293.18 294.721 294.557 294.702 294.851 294.538 294.814 292.125 0.0 0.0 292.61 0.0
2016-06-26 20:17:16.560000 553688.048 292.74 292.71 292.94 293.07 293.18 294.722 294.557 294.703 294.852 294.539 294.816 292.127 0.0 0.0 292.62 0.0
2016-06-26 20:19:41.700000 553833.188 292.74 292.72 292.94 293.07 293.18 294.724 294.559 294.703 294.852 294.54 294.816 292.127 0.0 0.0 292.62 0.0
2016-06-26 20:22:10.540000 553982.028 292.74 292.72 292.94 293.07 293.18 294.725 294.559 294.704 294.854 294.54 294.817 292.127 0.0 0.0 292.62 0.0
2016-06-26 20:24:35.689000 554127.177 292.74 292.72 292.94 293.08 293.18 294.726 294.562 294.704 294.854 294.54 294.817 292.13 0.0 0.0 292.62 0.0
2016-06-26 20:27:04.549000 554276.037 292.75 292.72 292.94 293.08 293.18 294.725 294.561 294.704 294.855 294.536 294.819 292.129 0.0 0.0 292.62 0.0
2016-06-26 20:29:29.337000 554420.825 292.75 292.72 292.95 293.08 293.18 294.727 294.564 294.706 294.855 294.541 294.819 292.13 0.0 0.0 292.62 0.0
2016-06-26 20:31:58.218000 554569.706 292.75 292.72 292.95 293.08 293.18 294.727 294.564 294.707 294.856 294.544 294.821 292.131 0.0 0.0 292.62 0.0
2016-06-26 20:34:23.417000 554714.905 292.75 292.72 292.95 293.08 293.18 294.727 294.563 294.707 294.857 294.543 294.821 292.131 0.0 0.0 292.62 0.0
2016-06-26 20:36:51.967000 554863.455 292.75 292.72 292.95 293.08 293.18 294.73 294.564 294.71 294.859 294.545 294.821 292.133 0.0 0.0 292.62 0.0
2016-06-26 20:39:17.185000 555008.673 292.75 292.72 292.95 293.08 293.18 294.729 294.565 294.709 294.859 294.545 294.823 292.133 0.0 0.0 292.62 0.0
2016-06-26 20:41:46.156000 555157.644 292.75 292.73 292.95 293.08 293.18 294.731 294.567 294.709 294.859 294.545 294.823 292.135 0.0 0.0 292.62 0.0
2016-06-26 20:44:11.415000 555302.903 292.75 292.73 292.95 293.09 293.19 294.73 294.568 294.711 294.859 294.548 294.824 292.135 0.0 0.0 292.62 0.0
2016-06-26 20:46:40.345000 555451.833 292.75 292.73 292.95 293.09 293.19 294.731 294.568 294.712 294.861 294.547 294.824 292.137 0.0 0.0 292.63 0.0
2016-06-26 20:49:05.354000 555596.842 292.75 292.73 292.95 293.09 293.19 294.732 294.569 294.713 294.862 294.549 294.826 292.137 0.0 0.0 292.63 0.0
2016-06-26 20:51:34.473000 555745.961 292.75 292.73 292.96 293.09 293.19 294.733 294.569 294.712 294.862 294.549 294.826 292.138 0.0 0.0 292.63 0.0
2016-06-26 20:53:59.863000 555891.351 292.76 292.73 292.96 293.09 293.19 294.733 294.571 294.714 294.864 294.55 294.827 292.139 0.0 0.0 292.63 0.0
2016-06-26 20:56:28.513000 556040.001 292.76 292.73 292.96 293.09 293.19 294.735 294.571 294.715 294.864 294.551 294.828 292.138 0.0 0.0 292.63 0.0
2016-06-26 20:58:53.872000 556185.36 292.76 292.73 292.96 293.09 293.19 294.737 294.572 294.717 294.864 294.551 294.83 292.141 0.0 0.0 292.63 0.0
2016-06-26 21:01:22.921000 556334.409 292.76 292.74 292.96 293.09 293.19 294.737 294.573 294.717 294.866 294.552 294.83 292.142 0.0 0.0 292.63 0.0
2016-06-26 21:03:48.340000 556479.828 292.76 292.74 292.96 293.09 293.19 294.737 294.573 294.718 294.867 294.553 294.831 292.143 0.0 0.0 292.63 0.0
2016-06-26 21:06:17.462000 556628.95 292.76 292.74 292.96 293.1 293.19 294.739 294.575 294.719 294.869 294.553 294.83 292.142 0.0 0.0 292.63 0.0
2016-06-26 21:08:42.531000 556774.019 292.76 292.74 292.96 293.1 293.19 294.739 294.574 294.719 294.87 294.553 294.832 292.144 0.0 0.0 292.63 0.0
2016-06-26 21:11:11.751000 556923.239 292.76 292.74 292.97 293.1 293.19 294.739 294.576 294.719 294.868 294.556 294.834 292.144 0.0 0.0 292.63 0.0
2016-06-26 21:13:37.270000 557068.758 292.76 292.74 292.97 293.1 293.2 294.741 294.576 294.721 294.87 294.555 294.833 292.146 0.0 0.0 292.63 0.0
2016-06-26 21:16:06.920000 557218.408 292.76 292.74 292.97 293.1 293.2 294.742 294.578 294.722 294.871 294.557 294.835 292.146 0.0 0.0 292.64 0.0
2016-06-26 21:18:32.009000 557363.497 292.76 292.74 292.97 293.1 293.2 294.741 294.58 294.723 294.872 294.558 294.836 292.147 0.0 0.0 292.64 0.0
2016-06-26 21:21:01.639000 557513.127 292.77 292.74 292.97 293.1 293.2 294.744 294.58 294.723 294.873 294.559 294.836 292.149 0.0 0.0 292.64 0.0
2016-06-26 21:23:26.788000 557658.276 292.76 292.75 292.97 293.1 293.2 294.744 294.58 294.724 294.874 294.56 294.837 292.149 0.0 0.0 292.64 0.0
2016-06-26 21:25:56.398000 557807.886 292.77 292.75 292.97 293.11 293.2 294.745 294.582 294.725 294.874 294.56 294.838 292.151 0.0 0.0 292.64 0.0
2016-06-26 21:28:21.567000 557953.055 292.77 292.75 292.97 293.11 293.2 294.745 294.583 294.724 294.875 294.561 294.84 292.15 0.0 0.0 292.64 0.0
2016-06-26 21:30:51.298000 558102.786 292.77 292.75 292.97 293.11 293.2 294.746 294.582 294.727 294.875 294.563 294.84 292.151 0.0 0.0 292.64 0.0
2016-06-26 21:33:16.487000 558247.975 292.77 292.75 292.98 293.11 293.2 294.747 294.584 294.728 294.876 294.563 294.842 292.153 0.0 0.0 292.64 0.0
2016-06-26 21:35:45.816000 558397.304 292.77 292.75 292.98 293.11 293.2 294.748 294.585 294.729 294.878 294.563 294.841 292.153 0.0 0.0 292.64 0.0
2016-06-26 21:38:11.405000 558542.893 292.77 292.75 292.98 293.11 293.2 294.749 294.585 294.73 294.878 294.564 294.842 292.153 0.0 0.0 292.64 0.0
2016-06-26 21:40:40.676000 558692.164 292.77 292.76 292.98 293.11 293.2 294.749 294.587 294.731 294.881 294.565 294.843 292.156 0.0 0.0 292.65 0.0
2016-06-26 21:43:06.325000 558837.813 292.77 292.76 292.98 293.12 293.2 294.751 294.587 294.731 294.881 294.566 294.844 292.158 0.0 0.0 292.65 0.0
2016-06-26 21:45:35.795000 558987.283 292.77 292.76 292.98 293.12 293.21 294.75 294.588 294.731 294.882 294.567 294.846 292.158 0.0 0.0 292.65 0.0
2016-06-26 21:48:01.004000 559132.492 292.77 292.76 292.99 293.12 293.21 294.752 294.591 294.733 294.881 294.568 294.846 292.157 0.0 0.0 292.65 0.0
2016-06-26 21:50:30.453000 559281.941 292.78 292.76 292.99 293.12 293.21 294.752 294.588 294.734 294.883 294.569 294.848 292.16 0.0 0.0 292.65 0.0
2016-06-26 21:52:56.214000 559427.702 292.78 292.76 292.99 293.12 293.21 294.754 294.591 294.736 294.885 294.571 294.849 292.16 0.0 0.0 292.65 0.0
2016-06-26 21:55:25.253000 559576.741 292.78 292.76 292.99 293.12 293.21 294.757 294.592 294.737 294.885 294.571 294.85 292.162 0.0 0.0 292.65 0.0
2016-06-26 21:57:50.942000 559722.43 292.78 292.76 292.99 293.12 293.21 294.757 294.593 294.738 294.886 294.572 294.85 292.162 0.0 0.0 292.65 0.0
2016-06-26 22:00:20.482000 559871.97 292.78 292.76 292.99 293.12 293.21 294.757 294.594 294.738 294.887 294.573 294.852 292.164 0.0 0.0 292.65 0.0
2016-06-26 22:02:46.211000 560017.699 292.78 292.77 292.99 293.13 293.21 294.758 294.594 294.739 294.889 294.573 294.852 292.165 0.0 0.0 292.65 0.0
2016-06-26 22:05:15.252000 560166.74 292.78 292.77 292.99 293.12 293.21 294.758 294.594 294.738 294.89 294.574 294.852 292.165 0.0 0.0 292.65 0.0
2016-06-26 22:07:41.081000 560312.569 292.78 292.77 292.99 293.13 293.21 294.76 294.595 294.741 294.89 294.576 294.855 292.166 0.0 0.0 292.65 0.0
2016-06-26 22:10:10.651000 560462.139 292.78 292.77 292.99 293.13 293.22 294.759 294.598 294.741 294.89 294.576 294.854 292.167 0.0 0.0 292.66 0.0
2016-06-26 22:12:36.500000 560607.988 292.78 292.77 293.0 293.13 293.22 294.761 294.598 294.742 294.893 294.576 294.856 292.169 0.0 0.0 292.66 0.0
2016-06-26 22:15:06.069000 560757.557 292.79 292.77 293.0 293.13 293.22 294.761 294.599 294.743 294.893 294.578 294.858 292.168 0.0 0.0 292.66 0.0
2016-06-26 22:17:31.579000 560903.067 292.79 292.77 293.0 293.13 293.22 294.764 294.6 294.744 294.894 294.578 294.857 292.171 0.0 0.0 292.66 0.0
2016-06-26 22:20:01.159000 561052.647 292.79 292.77 293.0 293.13 293.22 294.762 294.602 294.745 294.895 294.58 294.859 292.17 0.0 0.0 292.66 0.0
2016-06-26 22:22:27.048000 561198.536 292.79 292.77 293.0 293.13 293.22 294.764 294.602 294.745 294.896 294.582 294.859 292.172 0.0 0.0 292.66 0.0
2016-06-26 22:24:56.638000 561348.126 292.79 292.78 293.0 293.13 293.22 294.767 294.604 294.747 294.896 294.582 294.86 292.173 0.0 0.0 292.66 0.0
2016-06-26 22:27:22.557000 561494.045 292.79 292.78 293.0 293.14 293.22 294.767 294.605 294.749 294.899 294.582 294.861 292.174 0.0 0.0 292.66 0.0
2016-06-26 22:29:52.268000 561643.756 292.79 292.78 293.01 293.14 293.22 294.768 294.605 294.749 294.9 294.584 294.862 292.174 0.0 0.0 292.66 0.0
2016-06-26 22:32:18.267000 561789.755 292.79 292.78 293.01 293.14 293.23 294.768 294.606 294.749 294.901 294.585 294.864 292.175 0.0 0.0 292.67 0.0
2016-06-26 22:34:47.907000 561939.395 292.79 292.78 293.01 293.14 293.23 294.77 294.607 294.751 294.899 294.585 294.865 292.176 0.0 0.0 292.67 0.0
2016-06-26 22:37:13.586000 562085.074 292.79 292.78 293.01 293.14 293.23 294.77 294.607 294.752 294.902 294.587 294.866 292.178 0.0 0.0 292.67 0.0
2016-06-26 22:39:43.277000 562234.765 292.8 292.78 293.01 293.14 293.23 294.77 294.609 294.753 294.902 294.587 294.866 292.179 0.0 0.0 292.67 0.0
2016-06-26 22:42:09.316000 562380.804 292.8 292.78 293.01 293.14 293.23 294.772 294.61 294.754 294.903 294.589 294.866 292.179 0.0 0.0 292.67 0.0
2016-06-26 22:44:39.025000 562530.513 292.8 292.79 293.01 293.15 293.23 294.773 294.61 294.755 294.904 294.59 294.868 292.181 0.0 0.0 292.67 0.0
2016-06-26 22:47:05.075000 562676.563 292.8 292.79 293.01 293.15 293.23 294.774 294.611 294.756 294.906 294.59 294.869 292.182 0.0 0.0 292.67 0.0
2016-06-26 22:49:34.864000 562826.352 292.8 292.79 293.01 293.15 293.23 294.774 294.614 294.756 294.907 294.591 294.87 292.182 0.0 0.0 292.67 0.0
2016-06-26 22:52:00.934000 562972.422 292.8 292.79 293.01 293.15 293.23 294.775 294.613 294.758 294.906 294.592 294.87 292.184 0.0 0.0 292.67 0.0
2016-06-26 22:54:30.774000 563122.262 292.8 292.79 293.01 293.15 293.23 294.777 294.614 294.759 294.908 294.592 294.872 292.186 0.0 0.0 292.67 0.0
2016-06-26 22:56:56.473000 563267.961 292.8 292.79 293.01 293.15 293.23 294.777 294.616 294.76 294.909 294.594 294.873 292.186 0.0 0.0 292.68 0.0
2016-06-26 22:59:26.323000 563417.811 292.8 292.79 293.02 293.15 293.24 294.778 294.617 294.761 294.909 294.594 294.874 292.185 0.0 0.0 292.68 0.0
2016-06-26 23:01:52.392000 563563.88 292.8 292.79 293.02 293.15 293.24 294.779 294.618 294.761 294.91 294.595 294.873 292.187 0.0 0.0 292.68 0.0
2016-06-26 23:04:22.293000 563713.781 292.81 292.79 293.02 293.15 293.24 294.781 294.618 294.764 294.911 294.596 294.874 292.189 0.0 0.0 292.68 0.0
2016-06-26 23:06:48.482000 563859.97 292.81 292.79 293.02 293.15 293.24 294.78 294.62 294.763 294.913 294.597 294.876 292.19 0.0 0.0 292.68 0.0
2016-06-26 23:09:18.712000 564010.2 292.81 292.79 293.02 293.15 293.24 294.783 294.62 294.765 294.914 294.599 294.877 292.191 0.0 0.0 292.68 0.0
2016-06-26 23:11:44.541000 564156.029 292.81 292.79 293.02 293.15 293.24 294.783 294.62 294.764 294.914 294.599 294.878 292.19 0.0 0.0 292.68 0.0
2016-06-26 23:14:14.911000 564306.399 292.81 292.79 293.02 293.15 293.24 294.785 294.621 294.766 294.915 294.6 294.879 292.192 0.0 0.0 292.68 0.0
2016-06-26 23:16:40.771000 564452.259 292.81 292.79 293.02 293.15 293.24 294.784 294.623 294.767 294.915 294.6 294.88 292.193 0.0 0.0 292.68 0.0
2016-06-26 23:19:11.231000 564602.719 292.81 292.79 293.02 293.15 293.24 294.787 294.624 294.768 294.916 294.601 294.881 292.195 0.0 0.0 292.68 0.0
2016-06-26 23:21:37.160000 564748.648 292.81 292.8 293.02 293.15 293.24 294.788 294.627 294.768 294.917 294.602 294.881 292.194 0.0 0.0 292.68 0.0
2016-06-26 23:24:07.590000 564899.078 292.81 292.8 293.02 293.15 293.25 294.789 294.626 294.77 294.917 294.604 294.883 292.198 0.0 0.0 292.69 0.0
2016-06-26 23:26:33.549000 565045.037 292.81 292.79 293.02 293.15 293.25 294.788 294.626 294.771 294.918 294.604 294.884 292.192 0.0 0.0 292.69 0.0
2016-06-26 23:29:03.690000 565195.178 292.81 292.8 293.02 293.15 293.25 294.79 294.627 294.771 294.92 294.606 294.884 292.197 0.0 0.0 292.69 0.0
2016-06-26 23:31:30.129000 565341.617 292.82 292.8 293.02 293.16 293.25 294.792 294.628 294.772 294.922 294.606 294.886 292.199 0.0 0.0 292.69 0.0
2016-06-26 23:34:00.179000 565491.667 292.82 292.8 293.02 293.16 293.25 294.792 294.63 294.772 294.923 294.608 294.887 292.199 0.0 0.0 292.69 0.0
2016-06-26 23:36:26.518000 565638.006 292.82 292.8 293.03 293.16 293.25 294.792 294.632 294.774 294.923 294.608 294.887 292.2 0.0 0.0 292.69 0.0
2016-06-26 23:38:56.669000 565788.157 292.82 292.8 293.03 293.16 293.25 294.794 294.631 294.775 294.925 294.609 294.888 292.2 0.0 0.0 292.69 0.0
2016-06-26 23:41:22.958000 565934.446 292.82 292.8 293.03 293.16 293.25 294.794 294.632 294.776 294.924 294.611 294.89 292.202 0.0 0.0 292.69 0.0
2016-06-26 23:43:52.708000 566084.196 292.82 292.8 293.03 293.16 293.25 294.795 294.634 294.776 294.925 294.612 294.89 292.202 0.0 0.0 292.69 0.0
2016-06-26 23:46:18.807000 566230.295 292.82 292.81 293.03 293.16 293.25 294.796 294.634 294.778 294.927 294.612 294.891 292.204 0.0 0.0 292.69 0.0
2016-06-26 23:48:49.027000 566380.515 292.82 292.81 293.03 293.16 293.25 294.797 294.634 294.778 294.929 294.614 294.892 292.204 0.0 0.0 292.69 0.0
2016-06-26 23:51:15.457000 566526.945 292.82 292.81 293.03 293.17 293.26 294.799 294.636 294.78 294.929 294.613 294.893 292.206 0.0 0.0 292.69 0.0
2016-06-26 23:53:45.707000 566677.195 292.82 292.81 293.03 293.17 293.26 294.798 294.637 294.78 294.93 294.613 294.894 292.207 0.0 0.0 292.7 0.0
2016-06-26 23:56:11.826000 566823.314 292.83 292.81 293.03 293.17 293.26 294.8 294.637 294.78 294.932 294.614 294.894 292.208 0.0 0.0 292.7 0.0
2016-06-26 23:58:41.386000 566972.874 292.83 292.81 293.04 293.17 293.26 294.801 294.64 294.782 294.932 294.616 294.897 292.21 0.0 0.0 292.7 0.0
