2016-11-26 00:00:19.334000 31659.456 3.826 48.944 33.62 51.078 1.0 51.3481 40.5477 7.6883 8.6269 6.2066 7.0354 4.8316 5.2184 4.5308 8.292 35.0581837494 7.9025
2016-11-26 00:01:27.395000 31727.516 3.604 48.94 34.04 51.072 1.0 51.3332 45.8668 7.4571 8.4167 6.2434 7.0661 4.8092 4.9301 4.5164 8.287 35.4277126231 7.7688
2016-11-26 00:02:36.032000 31796.153 3.576 48.933 34.014 51.068 1.0 51.2803 50.9003 7.2917 8.2678 6.3326 7.1569 4.7729 4.7604 4.4875 8.272 36.9409673963 7.6322
2016-11-26 00:03:44.051000 31864.172 3.546 48.927 33.337 51.063 4.624 51.1771 52.6271 7.147 8.1434 6.3509 7.197 4.6896 4.5859 4.4392 8.238 35.0581837494 7.5072
2016-11-26 00:04:52.412000 31932.533 3.541 48.925 33.273 51.058 1.0 51.0566 52.6722 6.9265 7.9479 6.2856 7.142 4.6434 4.5055 4.3904 8.208 34.5230665942 7.3789
2016-11-26 00:06:00.408000 32000.529 3.756 48.92 33.525 51.054 4.598 50.9351 52.4603 6.6637 7.6957 6.1918 7.0379 4.6059 4.4493 4.3485 8.185 34.7006893192 7.2485
2016-11-26 00:07:08.458000 32068.579 3.547 48.913 33.988 51.046 1.0 50.8395 52.2266 6.3968 7.4162 6.0903 6.913 4.5714 4.4041 4.3103 8.165 34.1678211442 7.1268
2016-11-26 00:08:16.497000 32136.618 3.503 48.903 33.369 51.038 4.422 50.7438 51.9832 6.1561 7.1422 5.9875 6.7852 4.5402 4.3596 4.2765 8.147 35.0581837494 7.0024
2016-11-26 00:09:24.518000 32204.639 3.713 48.895 33.329 51.029 3.17 50.6488 51.7378 5.9407 6.8856 5.8832 6.6628 4.5128 4.3233 4.2437 8.131 37.1379128795 6.8832
2016-11-26 00:10:32.844000 32272.965 3.685 48.888 33.322 51.026 1.0 50.5734 51.497 5.7419 6.6513 5.7856 6.5502 4.4894 4.2886 4.2126 8.117 34.3454438692 6.7704
2016-11-26 00:11:40.927000 32341.048 3.613 48.883 33.922 51.022 1.0 50.4961 51.2575 5.5675 6.4435 5.6959 6.4507 4.4675 4.2588 4.1855 8.104 37.1379128795 6.6609
2016-11-26 00:12:48.961000 32409.082 3.455 48.88 33.599 51.014 4.466 50.4171 51.0159 5.4179 6.2639 5.6156 6.3638 4.448 4.232 4.1591 8.092 36.7490354971 6.5617
2016-11-26 00:13:57.103000 32477.224 3.597 48.874 33.16 51.009 3.212 50.3527 50.7736 5.2877 6.1067 5.5441 6.289 4.4295 4.2036 4.1339 8.081 36.5571035979 6.4692
2016-11-26 00:15:05.532000 32545.653 3.595 48.867 33.191 51.005 4.389 50.2895 50.5395 5.1778 5.9698 5.4808 6.2237 4.4127 4.1801 4.112 8.072 35.61247706 6.3809
2016-11-26 00:16:13.545000 32613.666 3.611 48.863 33.864 50.997 1.0 50.2268 50.3084 5.0852 5.8471 5.4256 6.1682 4.3978 4.1581 4.0927 8.063 36.9409673963 6.3013
2016-11-26 00:17:21.633000 32681.754 3.437 48.858 33.728 50.997 1.0 50.164 50.0707 5.0061 5.7405 5.3774 6.1205 4.3844 4.1355 4.0749 8.054 35.9820059338 6.2266
2016-11-26 00:18:29.748000 32749.869 3.52 48.852 33.108 50.991 1.0 50.1138 49.8371 14.3449 5.6468 5.3349 6.0792 4.3759 4.1173 4.0582 8.047 34.3454438692 6.1592
2016-11-26 00:19:37.803000 32817.924 5.218 48.843 33.518 50.982 7.97 46.3531 49.7346 19.9772 7.2429 5.4072 6.6634 8.2296 4.2503 4.1086 9.451 35.7972414969 6.099
2016-11-26 00:20:46.277000 32886.398 5.675 48.843 34.173 50.989 8.574 42.0832 50.0575 22.8185 8.486 5.5188 7.5555 8.9421 4.1873 4.0131 10.509 36.3651716986 6.0499
2016-11-26 00:21:54.403000 32954.524 5.704 48.953 34.481 51.097 8.514 39.1023 50.3902 24.6537 8.9405 5.5483 8.1095 8.8921 4.0677 3.8855 10.859 34.5230665942 6.0012
2016-11-26 00:23:02.599000 33022.72 5.11 49.088 34.829 51.219 8.435 36.465 50.4469 25.9453 9.0665 5.531 8.4282 8.6783 3.9053 3.7373 10.895 36.7490354971 5.9451
2016-11-26 00:24:10.748000 33090.869 5.066 49.196 34.074 51.319 8.209 33.9372 50.1808 26.872 9.0232 5.4811 8.5948 8.4157 3.736 3.5711 10.793 34.5230665942 5.8802
2016-11-26 00:25:18.917000 33159.038 4.979 49.279 34.515 51.399 7.953 31.2974 49.8714 27.473 8.8822 5.4072 8.6577 8.142 3.5522 3.3888 10.629 35.9820059338 5.8087
2016-11-26 00:26:27.452000 33227.573 4.857 49.347 34.445 51.464 7.683 28.2667 49.5359 27.8555 8.6799 5.3125 8.6461 7.8531 3.3518 3.1917 10.44 36.3651716986 5.7261
2016-11-26 00:27:35.596000 33295.717 5.072 49.398 34.482 51.517 6.469 25.6729 49.6317 28.1664 8.4446 5.2055 8.5828 7.5685 3.1054 2.9955 10.254 34.1678211442 5.6404
2016-11-26 00:28:43.765000 33363.886 4.518 49.441 34.722 51.562 7.094 23.4429 49.8196 28.4374 8.1958 5.0893 8.4826 7.2954 2.9376 2.8061 10.067 37.337085349 5.5453
2016-11-26 00:29:51.922000 33432.043 4.391 49.475 34.058 51.594 6.928 21.6639 49.9899 28.6005 7.9375 4.969 8.3563 7.0334 2.7558 2.622 9.879 36.5571035979 5.4463
2016-11-26 00:31:00.133000 33500.254 4.318 49.502 33.993 51.623 5.264 20.2186 50.1889 28.6874 7.6822 4.85 8.212 6.7782 2.597 2.4282 9.694 34.1678211442 5.3501
2016-11-26 00:32:08.766000 33568.887 4.226 49.523 33.977 51.646 6.445 18.8799 50.259 28.7177 7.428 4.76 8.0561 6.5368 2.4281 2.231 9.518 33.649518975 5.2498
2016-11-26 00:33:17.100000 33637.221 4.127 49.535 33.983 51.661 6.196 17.8758 49.8901 28.7342 7.1841 4.6702 7.8929 6.3257 2.2501 2.0948 9.368 36.3651716986 5.151
2016-11-26 00:34:25.323000 33705.444 4.398 49.542 34.088 51.667 6.108 16.9051 49.506 28.7165 6.969 4.5579 7.7349 6.1492 2.0999 1.9665 9.244 34.3454438692 5.0541
2016-11-26 00:35:33.483000 33773.604 4.32 49.543 34.059 51.67 5.949 15.872 49.4485 28.679 6.7694 4.4356 7.5813 5.98 1.9564 1.82 9.129 37.1379128795 4.96
2016-11-26 00:36:41.668000 33841.789 4.015 49.544 34.519 51.672 5.025 14.8042 49.7412 28.6197 6.5868 4.3218 7.4347 5.8074 1.792 1.6609 9.017 35.9820059338 4.8674
2016-11-26 00:37:50.341000 33910.462 3.824 49.535 34.447 51.667 3.269 13.7012 50.0605 28.558 6.4144 9.7123 7.2902 5.6303 1.6106 1.4958 8.903 36.7490354971 4.7825
2016-11-26 00:38:58.507000 33978.628 3.759 49.524 33.731 51.659 5.222 12.6338 50.4001 28.4796 6.2488 22.5823 7.1468 5.4529 1.4294 1.335 8.789 35.2429481863 4.6966
2016-11-26 00:40:06.700000 34046.821 3.726 49.51 33.693 51.647 5.114 11.5581 50.2485 28.392 6.0846 27.6883 7.0043 5.2739 1.2982 1.1884 8.672 34.3454438692 4.6141
2016-11-26 00:41:14.934000 34115.055 3.885 49.494 34.086 51.63 4.56 10.5531 49.9689 28.2964 5.9102 31.0218 6.8621 5.0962 1.1836 1.0804 8.558 35.9820059338 2.6013
2016-11-26 00:42:23.258000 34183.379 3.81 49.473 34.098 51.612 4.981 9.5736 49.6794 28.2148 5.739 30.7917 6.7255 4.9358 1.0872 0.9913 8.458 35.7972414969 1.0399
2016-11-26 00:43:31.842000 34251.963 3.74 49.45 34.105 51.589 1.0 8.4899 49.5356 28.1192 5.5749 28.3962 6.5937 4.7781 1.0456 1.0217 8.37 36.9409673963 1.0685
2016-11-26 00:44:40.120000 34320.241 3.679 49.426 34.074 51.567 1.0 7.5065 49.9151 28.0239 5.4263 27.3782 6.4695 4.6362 1.0478 1.0228 8.287 36.5571035979 1.0695
2016-11-26 00:45:48.470000 34388.591 3.459 49.401 34.076 51.543 2.706 6.7836 50.3393 27.9708 5.3052 27.0037 6.3556 4.5277 1.0486 1.0229 8.217 34.3454438692 1.0695
2016-11-26 00:46:56.743000 34456.864 3.44 49.372 33.987 51.517 1.0 6.307 50.5212 27.9365 5.2121 26.9073 6.2569 4.45 1.0476 1.0221 8.164 36.9409673963 1.0689
2016-11-26 00:48:05.009000 34525.13 3.573 49.345 33.356 51.49 4.051 5.9959 50.2961 27.9218 5.1325 26.9166 6.1711 4.3969 1.0468 1.0216 8.125 35.9820059338 1.0683
2016-11-26 00:49:13.746000 34593.867 3.421 49.319 33.77 51.468 3.914 5.7686 50.03 27.9095 5.0677 26.9715 6.0993 4.3592 1.0464 1.0213 8.097 34.8783120441 1.068
2016-11-26 00:50:22.152000 34662.273 3.529 49.293 33.293 51.442 1.0 5.607 49.7588 27.9018 5.017 27.0379 6.0401 4.3334 1.046 1.021 8.078 35.9820059338 1.0678
2016-11-26 00:51:30.540000 34730.661 3.557 49.267 33.338 51.418 1.0 5.4891 49.4802 27.8924 4.9775 27.1169 5.9909 4.3153 1.046 1.0209 8.064 33.9905895192 1.0676
2016-11-26 00:52:38.942000 34799.063 3.585 49.247 33.378 51.396 1.0 5.4073 49.7342 27.8865 4.9522 27.1876 5.9493 4.3053 1.0473 1.0217 8.054 36.7490354971 1.0684
2016-11-26 00:53:47.679000 34867.8 3.613 49.228 33.342 51.377 2.022 5.348 50.1679 27.8865 4.9446 27.2551 5.9168 4.3011 1.0477 1.022 8.048 36.1732397994 1.0686
2016-11-26 00:54:56.045000 34936.166 3.589 49.204 33.334 51.359 1.0 5.3036 50.5392 27.8902 4.9455 27.3128 5.8915 4.299 1.0472 1.0218 8.045 34.3454438692 1.0684
2016-11-26 00:56:04.413000 35004.534 3.562 49.186 33.269 51.337 4.362 5.265 50.3757 27.8908 4.941 27.3698 5.8697 4.2952 1.0464 1.0212 8.041 36.7490354971 1.0679
2016-11-26 00:57:12.798000 35072.919 3.591 49.168 33.314 51.32 1.0 5.2318 50.1162 27.8908 4.9281 27.4167 5.8492 4.2883 1.046 1.021 8.037 34.8783120441 1.0676
2016-11-26 00:58:21.537000 35141.658 3.615 49.153 33.354 51.304 1.0 5.2056 49.8411 27.8886 4.9141 27.462 5.8302 4.2832 1.0457 1.0208 8.033 34.1678211442 1.0675
2016-11-26 00:59:30.013000 35210.134 3.637 49.134 33.339 51.288 3.594 5.1861 49.7849 27.8839 4.9025 27.4977 5.8134 4.2808 1.0467 1.0214 8.029 34.3454438692 1.068
2016-11-26 01:00:38.439000 35278.56 3.62 49.118 33.336 51.271 4.308 5.176 50.1775 27.8902 4.9051 27.5366 5.8009 4.2839 1.0473 1.0218 8.028 36.7490354971 1.0684
2016-11-26 01:01:46.867000 35346.988 3.64 49.103 33.344 51.259 1.0 5.1681 50.6045 27.8924 4.9153 27.5683 5.7912 4.2861 1.0476 1.0219 8.028 34.1678211442 1.0685
2016-11-26 01:02:55.320000 35415.441 3.656 49.09 33.365 51.244 3.368 5.1594 50.6991 27.892 4.9243 27.5962 5.783 4.2877 1.0466 1.0214 8.028 34.3454438692 1.0679
2016-11-26 01:04:04.111000 35484.232 3.658 49.08 33.478 51.231 1.0 5.1473 50.4589 27.893 4.9201 27.6229 5.7736 4.284 1.046 1.0211 8.026 34.3454438692 1.0676
2016-11-26 01:05:12.609000 35552.73 3.655 49.069 33.486 51.224 1.0 5.1362 50.1865 27.8918 4.9111 27.6499 5.7637 4.28 1.0457 1.0209 8.023 34.8783120441 1.0675
2016-11-26 01:06:21.067000 35621.188 3.657 49.058 33.459 51.215 1.0 5.1273 49.924 27.8871 4.9005 27.6695 5.7536 4.2775 1.0454 1.0208 8.02 34.3454438692 1.0674
2016-11-26 01:07:29.538000 35689.659 3.657 49.05 33.466 51.205 3.946 5.1186 49.6477 27.8892 10.9209 27.6904 5.7444 4.2744 1.0453 1.0207 8.017 35.61247706 1.0673
2016-11-26 01:08:38.352000 35758.473 4.031 49.04 33.541 51.195 4.136 7.1143 46.9921 28.3441 17.2059 27.7048 5.8369 6.8428 1.047 1.0232 8.42 36.5571035979 1.0696
2016-11-26 01:09:46.790000 35826.911 4.807 49.019 33.966 51.175 4.703 7.303 20.4621 28.4421 20.2114 27.7436 6.7108 6.9596 0.8249 0.9887 9.565 36.9409673963 1.0351
2016-11-26 01:10:55.297000 35895.418 4.015 49.08 34.387 51.243 5.298 6.0909 8.4627 28.1483 21.4611 27.745 6.7552 5.3088 0.4494 0.9832 9.041 35.9820059338 1.029
2016-11-26 01:12:03.821000 35963.942 3.683 49.149 34.043 51.294 4.295 5.4835 5.3339 27.9777 22.3239 27.5156 6.5081 4.5785 0.3955 0.9912 8.459 34.1678211442 1.0375
2016-11-26 01:13:12.285000 36032.406 3.581 49.143 33.968 51.289 1.0 5.2138 4.6627 27.9308 22.9748 27.181 6.2691 4.34 0.3805 0.9921 8.189 34.8783120441 1.0383
2016-11-26 01:14:21.185000 36101.306 3.604 49.122 33.319 51.27 1.058 5.0534 4.4329 27.9008 23.6669 26.9189 6.0824 4.2334 0.3751 0.9918 8.06 34.8783120441 1.0379
2016-11-26 01:15:29.620000 36169.741 3.566 49.105 33.319 51.258 4.23 4.9505 4.3327 27.8833 24.125 26.7529 5.944 4.1759 0.3727 0.9914 7.997 36.7490354971 1.0373
2016-11-26 01:16:38.200000 36238.321 3.582 49.088 33.349 51.241 3.087 4.8817 4.2818 27.8759 24.5922 26.6447 5.8429 4.1445 0.3714 0.9911 7.965 34.3454438692 1.037
2016-11-26 01:17:46.663000 36306.784 3.595 49.074 33.392 51.229 1.0 4.8329 4.2519 27.8692 24.9037 26.5868 5.7718 4.1268 0.3705 0.9908 7.948 34.5230665942 1.0367
2016-11-26 01:18:55.625000 36375.746 3.401 49.063 33.282 51.216 3.783 4.7985 4.2318 27.8658 25.2162 21.3075 5.7215 4.1172 0.3697 0.9906 7.939 33.9905895192 1.0364
2016-11-26 01:20:04.223000 36444.344 3.4 49.051 33.283 51.206 3.041 4.771 4.2151 27.8608 25.4959 18.1454 5.6859 4.11 0.369 0.9897 7.933 37.1379128795 1.0354
2016-11-26 01:21:12.987000 36513.108 3.408 49.038 33.235 51.194 4.225 4.7485 4.2022 27.8555 25.7075 16.2591 5.66 4.1063 0.3683 0.9884 7.93 33.9905895192 1.034
2016-11-26 01:22:21.567000 36581.688 3.383 49.027 33.891 51.185 4.222 4.7291 4.1913 27.8555 25.8745 15.058 5.6402 4.1034 0.3677 0.9871 7.927 35.7972414969 1.0325
2016-11-26 01:23:30.554000 36650.675 3.555 49.016 33.84 51.173 2.138 4.7117 4.1826 27.8533 26.0049 14.1699 5.6247 4.1016 0.3671 0.9859 7.925 36.7490354971 1.0312
2016-11-26 01:24:39.132000 36719.253 3.555 49.01 33.737 51.166 4.219 4.6955 4.1738 27.849 26.141 13.4364 5.6119 4.0987 0.3667 0.9848 7.923 34.7006893192 1.03
2016-11-26 01:25:47.734000 36787.855 3.543 49.0 33.75 51.157 4.005 4.6814 4.1649 27.848 26.2446 12.7946 5.6014 4.0963 0.3663 0.9838 7.921 33.9905895192 1.0289
2016-11-26 01:26:56.302000 36856.423 3.544 48.993 33.734 51.149 4.025 4.6694 4.1588 27.8514 26.3334 12.2201 5.592 4.0947 0.366 0.983 7.919 36.5571035979 1.028
2016-11-26 01:28:04.945000 36925.066 3.542 48.984 33.746 51.14 4.203 4.6583 4.1531 27.8508 26.4096 11.7069 5.5838 4.0927 0.3656 0.9822 7.918 34.8783120441 1.0272
2016-11-26 01:29:13.926000 36994.047 3.498 48.981 33.168 51.136 2.887 4.4794 4.1351 27.8421 26.4673 11.2463 5.5767 4.0797 0.3656 1.1505 7.914 36.7490354971 1.1906
2016-11-26 01:30:22.585000 37062.706 3.366 48.973 33.574 51.128 4.181 4.3494 4.1181 27.8326 26.5091 10.8392 5.5688 4.0637 0.3659 1.2753 7.905 35.9820059338 1.3164
2016-11-26 01:31:31.240000 37131.361 3.362 48.969 33.583 51.121 4.176 4.3043 4.1115 27.8316 26.5508 10.4838 5.5592 4.0564 0.366 1.3385 7.9 34.1678211442 1.3831
2016-11-26 01:32:39.928000 37200.049 3.366 48.959 33.565 51.113 4.138 4.2947 4.1097 27.834 26.5836 10.1789 5.5503 4.0548 0.366 1.3798 7.897 36.9409673963 1.4234
2016-11-26 01:33:49.033000 37269.154 3.591 48.953 33.93 51.11 3.863 4.2993 4.1072 27.834 26.6102 9.9007 5.5426 4.0531 0.3659 1.4063 7.895 35.2429481863 1.4515
2016-11-26 01:34:57.730000 37337.851 3.587 48.947 33.509 51.105 3.315 4.3121 4.106 27.835 26.6344 9.6627 5.5363 4.054 0.3658 1.424 7.894 33.9905895192 1.4707
2016-11-26 01:36:06.462000 37406.583 3.588 48.941 33.458 51.095 4.165 4.3282 4.1055 27.8385 26.6533 9.4563 5.5315 4.0557 0.3657 1.437 7.894 35.2429481863 1.4842
2016-11-26 01:37:15.188000 37475.309 3.406 48.937 33.154 51.091 4.182 4.3433 4.1041 27.8364 26.6679 9.2771 5.5276 4.0558 0.3657 1.4465 7.894 34.5230665942 1.4935
2016-11-26 01:38:24.432000 37544.553 3.37 48.931 33.85 51.087 3.72 4.3571 4.1028 27.8406 26.6811 9.121 5.5245 4.056 0.3655 1.4534 7.893 34.8783120441 1.5001
2016-11-26 01:39:33.190000 37613.311 3.529 48.93 33.736 51.084 3.988 4.3699 4.1024 27.8396 26.6923 8.9727 5.5215 4.0577 0.3654 1.4582 7.893 37.1379128795 1.5049
2016-11-26 01:40:41.963000 37682.084 3.53 48.925 33.786 51.076 2.639 4.381 4.1016 27.84 26.7006 8.7979 5.5191 4.0588 0.3654 1.4617 7.893 36.5571035979 1.5086
2016-11-26 01:41:50.763000 37750.884 3.512 48.92 33.13 51.075 4.154 4.3899 4.1009 27.8389 26.7042 8.5239 5.5169 4.059 0.3653 1.4641 7.893 34.3454438692 1.512
2016-11-26 01:42:59.534000 37819.655 3.582 48.915 33.295 51.071 4.187 4.3975 4.1004 27.8463 26.7113 8.1122 5.5151 4.0598 0.3651 1.4658 7.893 35.7972414969 1.5181
2016-11-26 01:44:08.715000 37888.836 3.445 48.912 33.083 51.066 3.906 4.4026 4.0968 27.8453 26.717 7.6083 5.5132 4.0598 0.3649 1.467 7.892 34.1678211442 1.5197
2016-11-26 01:45:17.490000 37957.611 3.37 48.907 33.452 51.064 4.18 4.4077 4.0957 27.8463 26.7211 7.1066 5.5114 4.0611 0.3648 1.4677 7.892 36.5571035979 1.5187
2016-11-26 01:46:26.345000 38026.466 3.392 48.906 33.291 51.06 4.1 4.41 4.0929 27.8453 26.7255 6.6491 5.5095 4.0595 0.3647 1.468 7.892 34.8783120441 1.522
2016-11-26 01:47:35.591000 38095.712 3.582 48.905 33.549 51.056 3.833 4.412 4.0911 27.8453 26.7289 6.2312 5.5078 4.0603 0.3645 1.4681 7.891 36.9409673963 1.5271
2016-11-26 01:48:44.430000 38164.551 3.413 48.899 33.114 51.05 3.604 4.414 4.0885 27.8453 26.7307 5.8538 5.5063 4.061 0.3644 1.4681 7.891 34.1678211442 1.535
2016-11-26 01:49:53.305000 38233.426 3.42 48.897 33.098 51.051 1.0 4.4141 4.0846 27.8465 26.7328 5.4905 5.5047 4.0599 0.3642 1.468 7.89 36.7490354971 1.549
2016-11-26 01:51:02.221000 38302.342 3.367 48.896 33.802 51.046 1.0 4.4137 4.082 27.8444 26.7379 5.1637 5.503 4.059 0.3641 1.4678 7.89 35.2429481863 1.5726
2016-11-26 01:52:11.735000 38371.856 3.469 48.894 33.104 51.046 4.184 4.4124 4.0788 27.8463 26.7365 4.8748 5.5013 4.0582 0.364 1.4676 7.889 35.9820059338 1.5721
2016-11-26 01:53:20.729000 38440.85 3.371 48.89 33.491 51.042 4.183 4.4124 4.0772 27.8455 26.7365 4.6302 5.4996 4.0584 0.3639 1.4675 7.888 37.1379128795 1.586
2016-11-26 01:54:29.781000 38509.902 3.452 48.888 33.915 51.041 3.476 4.4115 4.075 27.8396 26.7392 4.4242 5.4981 4.0576 0.3638 1.4672 7.888 34.5230665942 1.6091
2016-11-26 01:55:39.442000 38579.563 3.379 48.883 33.9 51.037 4.184 4.4104 4.0727 27.8453 26.7431 4.255 5.497 4.0573 0.3638 1.4669 7.887 34.1678211442 1.6362
2016-11-26 01:56:48.556000 38648.677 3.57 48.883 33.554 51.037 4.181 4.4087 4.0703 27.8428 26.7431 4.1173 5.4955 4.0556 0.3638 1.4665 7.886 36.1732397994 1.6658
