2016-08-09 00:00:28.469000 192129.694 4.129 49.518 34.145 51.717 5.278 135.202 8.0972 13.5901 15.2816 10.4121 12.7265 5.6972 11.2323 5.5053 8.649 0.0
2016-08-09 00:02:05.329000 192226.514 4.189 49.524 34.423 51.721 5.346 135.361 8.1057 13.611 15.3025 10.4129 12.7257 5.722 11.2402 5.5181 8.657 0.0
2016-08-09 00:03:41.968000 192323.153 4.057 49.527 34.352 51.725 5.514 135.517 8.1023 13.6286 15.3235 10.413 12.7248 5.73 11.2459 5.528 8.664 0.0
2016-08-09 00:05:18.617000 192419.802 3.839 49.53 34.339 51.728 5.737 135.667 8.089 13.6433 15.3429 10.4135 12.7241 5.7197 11.2495 5.5331 8.668 0.0
2016-08-09 00:06:57.267000 192518.452 3.837 49.533 34.244 51.729 5.78 135.829 8.12 13.6662 15.3647 10.4139 12.7228 5.7577 11.2597 5.5493 8.677 0.0
2016-08-09 00:08:34.076000 192615.261 3.845 49.534 34.359 51.733 5.728 135.984 8.0807 13.6712 15.3828 10.4146 12.7218 6.0337 11.2638 5.5518 8.677 0.0
2016-08-09 00:10:10.926000 192712.111 3.904 49.54 34.405 51.737 5.732 136.133 8.2156 13.6971 15.4026 10.4153 12.7209 5.937 11.2686 5.5653 8.685 0.0
2016-08-09 00:11:47.795000 192808.98 4.012 49.542 34.008 51.741 5.799 136.283 8.1117 13.7205 15.4242 10.4161 12.72 5.7747 11.2757 5.5813 8.696 0.0
2016-08-09 00:13:24.685000 192905.87 3.841 49.547 34.16 51.745 5.762 136.427 8.0794 13.7293 15.4421 10.4168 12.7192 5.7523 11.2801 5.5848 8.698 0.0
2016-08-09 00:15:01.534000 193002.719 3.857 49.551 34.314 51.75 5.785 136.575 8.0865 13.7526 15.4622 10.4177 12.7183 5.7692 11.2845 5.5983 8.707 0.0
2016-08-09 00:16:38.484000 193099.669 3.898 49.557 34.409 51.756 5.683 136.72 8.0844 13.7681 15.4811 10.4189 12.7177 5.7757 11.2925 5.608 8.714 0.0
2016-08-09 00:18:15.383000 193196.568 3.998 49.563 34.433 51.761 5.862 136.861 8.2312 13.7908 15.5059 10.4198 12.7169 5.979 11.295 5.6249 8.723 0.0
2016-08-09 00:19:52.382000 193293.567 4.086 49.567 34.381 51.766 5.8 137.001 8.086 13.8046 15.5207 10.4209 12.7165 5.792 11.3043 5.6288 8.727 0.0
2016-08-09 00:21:30.882000 193392.067 4.059 49.573 34.41 51.772 5.841 137.135 8.2355 13.8276 15.5449 10.4224 12.7159 6.1112 11.31 5.6432 8.736 0.0
2016-08-09 00:23:07.851000 193489.036 4.135 49.579 34.343 51.777 5.855 137.275 8.1039 13.8504 15.5615 10.4235 12.7152 5.8311 11.3137 5.6566 8.747 0.0
2016-08-09 00:24:44.812000 193585.997 4.196 49.583 34.226 51.781 5.901 137.409 8.233 13.8663 15.584 10.4248 12.715 5.9798 11.3201 5.6689 8.755 0.0
2016-08-09 00:26:21.881000 193683.066 4.243 49.586 34.11 51.785 5.89 137.534 8.1647 13.8877 15.6018 10.4261 12.7148 5.9103 11.3219 5.6804 8.763 0.0
2016-08-09 00:27:58.930000 193780.115 4.246 49.589 33.869 51.787 5.862 137.669 8.1025 13.9025 15.6189 10.4277 12.7147 5.8483 11.3298 5.6874 8.769 0.0
2016-08-09 00:29:35.870000 193877.055 4.111 49.592 33.725 51.793 5.887 137.795 8.1138 13.9251 15.6387 10.4295 12.7145 5.8658 11.3329 5.7012 8.779 0.0
2016-08-09 00:31:12.839000 193974.024 3.999 49.595 33.665 51.797 5.878 137.916 8.1091 13.9405 15.6577 10.431 12.7148 5.8678 11.3324 5.7098 8.785 0.0
2016-08-09 00:32:52.139000 194073.324 4.119 49.603 34.195 51.803 5.886 138.043 8.1141 13.9604 15.6771 10.4329 12.7149 5.8774 11.3414 5.7208 8.794 0.0
2016-08-09 00:34:29.208000 194170.393 4.186 49.609 34.279 51.809 5.892 138.163 8.117 13.9774 15.6954 10.4351 12.715 5.9886 11.3442 5.7354 8.801 0.0
2016-08-09 00:36:06.328000 194267.513 4.198 49.615 34.321 51.815 5.934 138.28 8.1325 14.0038 15.7156 10.4374 12.7154 5.9117 11.3503 5.7521 8.813 0.0
2016-08-09 00:37:43.438000 194364.623 4.262 49.621 34.159 51.817 5.21 138.397 8.134 14.0233 15.7341 10.4396 12.7157 5.9208 11.3513 5.7643 8.822 0.0
2016-08-09 00:39:20.637000 194461.822 3.976 49.628 34.015 51.828 5.533 138.509 8.2312 14.0449 15.7562 10.4421 12.7164 6.019 11.3587 5.7814 8.832 0.0
2016-08-09 00:40:57.656000 194558.841 3.944 49.633 33.825 51.833 6.001 138.612 8.1954 14.0655 15.7746 10.4445 12.7169 5.9998 11.3608 5.7958 8.842 0.0
2016-08-09 00:42:34.816000 194656.001 3.947 49.641 33.983 51.84 5.96 138.726 8.1483 14.082 15.7898 10.4473 12.7179 5.9508 11.3664 5.8047 8.848 0.0
2016-08-09 00:44:11.945000 194753.13 3.929 49.646 34.163 51.843 5.913 138.828 8.1551 14.1003 15.8086 10.4504 12.7186 6.1061 11.3732 5.8213 8.857 0.0
2016-08-09 00:45:50.575000 194851.76 3.94 49.651 34.088 51.85 5.998 138.932 8.2676 14.125 15.8258 10.4531 12.7198 6.0077 11.3726 5.8352 8.868 0.0
2016-08-09 00:47:27.814000 194948.999 4.226 49.655 34.397 51.854 5.414 139.025 8.2119 14.147 15.8472 10.4564 12.7206 6.0376 11.38 5.8537 8.881 0.0
2016-08-09 00:49:04.844000 195046.029 4.28 49.662 34.238 51.86 6.063 139.128 8.3191 14.1668 15.8658 10.4596 12.7218 6.1561 11.3863 5.8713 8.889 0.0
2016-08-09 00:50:42.074000 195143.259 4.016 49.669 34.036 51.866 6.037 139.223 8.1946 14.1853 15.8797 10.4632 12.723 6.0245 11.3889 5.8841 8.899 0.0
2016-08-09 00:52:19.303000 195240.488 4.021 49.674 33.815 51.874 6.044 139.313 8.192 14.2042 15.8965 10.4669 12.7244 6.0299 11.3896 5.8992 8.909 0.0
2016-08-09 00:53:56.392000 195337.577 3.99 49.681 33.967 51.881 6.024 139.402 8.2154 14.2259 15.9135 10.4707 12.726 6.0541 11.3966 5.9176 8.921 0.0
2016-08-09 00:55:33.682000 195434.867 4.181 49.689 34.512 51.887 6.119 139.482 8.3381 14.2467 15.9337 10.475 12.7275 6.2217 11.3979 5.9343 8.932 0.0
2016-08-09 00:57:10.811000 195531.996 4.275 49.697 34.41 51.895 6.12 139.566 8.2694 14.2659 15.948 10.4791 12.7295 6.105 11.4047 5.9498 8.944 0.0
2016-08-09 00:58:49.801000 195630.986 4.257 49.704 33.837 51.902 6.1 139.645 8.2324 14.2818 15.9627 10.483 12.7313 6.1317 11.4076 5.9618 8.953 0.0
2016-08-09 01:00:26.961000 195728.146 4.103 49.71 33.769 51.91 6.125 139.722 8.2554 14.3026 15.9792 10.4876 12.7331 6.114 11.415 5.981 8.966 0.0
2016-08-09 01:02:04.121000 195825.306 4.0 49.72 34.34 51.917 6.01 139.789 8.3609 14.3232 15.9973 10.4921 12.7351 6.2635 11.4176 5.997 8.977 0.0
2016-08-09 01:03:41.470000 195922.655 4.029 49.725 34.494 51.923 6.164 139.867 8.2803 14.3398 16.0099 10.4965 12.7373 6.1443 11.4197 6.0112 8.988 0.0
2016-08-09 01:05:18.799000 196019.984 4.393 49.73 34.144 51.93 5.976 139.927 8.3194 14.3563 16.0259 10.5008 12.7394 6.2673 11.4221 6.0247 8.997 0.0
2016-08-09 01:06:56.119000 196117.304 4.053 49.738 33.943 51.94 6.174 139.998 8.3512 14.3763 16.0415 10.5058 12.7416 6.1942 11.4278 6.0426 9.009 0.0
2016-08-09 01:08:33.298000 196214.483 4.033 49.745 34.173 51.946 6.196 140.058 8.2977 14.3906 16.0569 10.5108 12.7436 6.1818 11.4377 6.057 9.02 0.0
2016-08-09 01:10:10.677000 196311.862 4.301 49.754 34.521 51.954 6.219 140.114 8.3233 14.4097 16.0717 10.5156 12.7456 6.2137 11.4367 6.0768 9.032 0.0
2016-08-09 01:11:49.918000 196411.103 4.402 49.767 33.996 51.965 6.241 140.172 8.332 14.4263 16.0866 10.5207 12.7479 6.4273 11.4381 6.0922 9.042 0.0
2016-08-09 01:13:27.228000 196508.413 4.043 49.777 34.313 51.976 6.253 140.222 8.3414 14.4434 16.1007 10.5258 12.7502 6.25 11.4446 6.1102 9.055 0.0
2016-08-09 01:15:04.657000 196605.842 4.361 49.788 34.395 51.988 6.288 140.274 8.4264 14.4608 16.1156 10.5306 12.7522 6.363 11.4528 6.1288 9.066 0.0
2016-08-09 01:16:41.916000 196703.101 4.147 49.793 34.264 51.995 6.263 140.319 8.3575 14.4737 16.1262 10.5358 12.7543 6.3449 11.4519 6.1414 9.077 0.0
2016-08-09 01:18:19.396000 196800.581 4.108 49.805 33.978 52.006 6.307 140.362 8.4045 14.4921 16.1416 10.5409 12.7566 6.32 11.4586 6.1602 9.089 0.0
2016-08-09 01:19:56.905000 196898.09 4.473 49.814 34.63 52.014 6.317 140.404 8.4784 14.5079 16.154 10.546 12.7587 6.4769 11.4596 6.1775 9.099 0.0
2016-08-09 01:21:34.355000 196995.54 4.089 49.822 33.928 52.022 6.318 140.442 8.4195 14.5222 16.1639 10.5512 12.761 6.3104 11.4688 6.1918 9.111 0.0
2016-08-09 01:23:13.635000 197094.82 4.215 49.831 34.641 52.031 6.344 140.474 8.5073 14.5401 16.1782 10.5564 12.7631 6.4971 11.4711 6.2082 9.122 0.0
2016-08-09 01:24:51.215000 197192.4 4.423 49.843 34.003 52.042 6.34 140.508 8.4427 14.553 16.188 10.5612 12.7655 6.4998 11.4704 6.2246 9.133 0.0
2016-08-09 01:26:28.744000 197289.929 4.09 49.854 34.377 52.052 6.372 140.536 8.502 14.5696 16.2 10.5662 12.7677 6.4694 11.4798 6.2398 9.144 0.0
2016-08-09 01:28:06.244000 197387.429 4.267 49.861 34.433 52.064 6.394 140.563 8.5359 14.5829 16.2097 10.5713 12.7699 6.5461 11.4793 6.2562 9.155 0.0
2016-08-09 01:29:43.803000 197484.988 4.107 49.873 34.51 52.074 6.41 140.586 8.5323 14.5974 16.221 10.576 12.7722 6.5028 11.4886 6.2696 9.166 0.0
2016-08-09 01:31:21.372000 197582.557 4.451 49.885 34.395 52.086 6.405 140.607 8.4747 14.6091 16.2297 10.5811 12.7744 6.4167 11.49 6.2846 9.177 0.0
2016-08-09 01:32:58.972000 197680.157 4.189 49.895 33.945 52.095 6.406 140.626 8.5649 14.6247 16.2407 10.5857 12.7763 6.479 11.4915 6.2997 9.188 0.0
2016-08-09 01:34:38.112000 197779.297 4.127 49.904 34.6 52.106 6.439 140.642 8.5051 14.6359 16.2486 10.5906 12.7783 6.437 11.4998 6.3139 9.198 0.0
2016-08-09 01:36:15.702000 197876.887 4.229 49.914 34.325 52.114 6.446 140.655 8.5348 14.6482 16.2572 10.5954 12.7804 6.4659 11.4969 6.3274 9.208 0.0
2016-08-09 01:37:53.312000 197974.497 4.17 49.925 34.665 52.126 6.455 140.664 8.5301 14.6607 16.2651 10.5994 12.782 6.466 11.5065 6.3411 9.218 0.0
2016-08-09 01:39:30.891000 198072.076 4.553 49.935 34.23 52.137 6.483 140.667 8.5999 14.6739 16.275 10.6046 12.7841 6.5701 11.51 6.3572 9.229 0.0
2016-08-09 01:41:08.540000 198169.725 4.166 49.947 34.175 52.147 6.489 140.677 8.5591 14.6829 16.2804 10.6088 12.7858 6.5287 11.5144 6.3696 9.238 0.0
2016-08-09 01:42:46.230000 198267.415 4.563 49.955 34.158 52.157 6.5 140.675 8.5777 14.6942 16.2885 10.6129 12.7875 6.5236 11.5182 6.386 9.248 0.0
2016-08-09 01:44:23.959000 198365.144 4.172 49.967 34.229 52.168 6.505 140.681 8.5762 14.7036 16.2953 10.6166 12.7886 6.5841 11.5218 6.3984 9.257 0.0
2016-08-09 01:46:03.149000 198464.334 4.572 49.978 34.723 52.182 6.464 140.68 8.591 14.7141 16.3019 10.6204 12.79 6.625 11.5264 6.4128 9.267 0.0
2016-08-09 01:47:40.690000 198561.875 4.194 49.99 34.205 52.191 6.545 140.677 8.6429 14.7252 16.3093 10.6242 12.7912 6.6282 11.533 6.4267 9.276 0.0
2016-08-09 01:49:18.389000 198659.574 4.405 50.001 34.721 52.204 6.542 140.671 8.6701 14.7337 16.314 10.6279 12.7922 6.6676 11.5374 6.4391 9.285 0.0
2016-08-09 01:50:56.118000 198757.303 4.18 50.012 34.399 52.214 6.56 140.665 8.6315 14.7431 16.3191 10.6313 12.7929 6.6981 11.5386 6.4516 9.293 0.0
2016-08-09 01:52:33.938000 198855.123 4.496 50.024 34.632 52.224 6.569 140.649 8.6706 14.7522 16.3251 10.6348 12.7939 6.6461 11.5465 6.4643 9.301 0.0
2016-08-09 01:54:11.697000 198952.882 4.18 50.035 34.538 52.236 6.584 140.644 8.6833 14.7594 16.3287 10.6382 12.7946 6.6256 11.5501 6.477 9.31 0.0
2016-08-09 01:55:49.277000 199050.462 4.548 50.044 34.471 52.243 6.584 140.626 8.6597 14.7663 16.3327 10.6413 12.7953 6.6395 11.5532 6.488 9.317 0.0
2016-08-09 01:57:28.767000 199149.952 4.189 50.053 34.497 52.252 6.602 140.616 8.6805 14.773 16.3363 10.6445 12.7956 6.6589 11.5532 6.4975 9.325 0.0
2016-08-09 01:59:06.417000 199247.602 4.519 50.061 34.58 52.262 6.608 140.602 8.7211 14.778 16.3392 10.6473 12.796 6.6865 11.5624 6.5094 9.331 0.0
2016-08-09 02:00:44.107000 199345.292 4.196 50.07 34.632 52.271 6.619 140.585 8.7215 14.785 16.3429 10.6498 12.7958 6.6638 11.5589 6.519 9.338 0.0
2016-08-09 02:02:21.966000 199443.151 4.301 50.079 34.477 52.28 6.617 140.56 8.6877 14.7886 16.3441 10.652 12.7957 6.7537 11.5691 6.5274 9.344 0.0
2016-08-09 02:03:59.715000 199540.9 4.226 50.092 34.723 52.293 6.626 140.547 8.7297 14.7945 16.3467 10.6544 12.7952 6.7488 11.5711 6.5362 9.35 0.0
2016-08-09 02:05:37.605000 199638.79 4.269 50.099 34.135 52.3 6.638 140.527 8.7253 14.7984 16.349 10.656 12.7951 6.7176 11.5779 6.5427 9.355 0.0
2016-08-09 02:07:15.504000 199736.689 4.63 50.109 34.409 52.31 6.632 140.506 8.7484 14.8015 16.3495 10.6576 12.7941 6.7417 11.58 6.551 9.36 0.0
2016-08-09 02:08:54.904000 199836.089 4.21 50.121 34.699 52.324 6.642 140.481 8.7326 14.8035 16.3505 10.6588 12.7933 6.699 11.5844 6.5562 9.364 0.0
2016-08-09 02:10:32.895000 199934.08 4.337 50.131 34.047 52.333 6.653 140.468 8.7327 14.8049 16.3511 10.6595 12.7917 6.748 11.5849 6.5606 9.368 0.0
2016-08-09 02:12:10.674000 200031.859 4.223 50.14 34.733 52.342 6.655 140.445 8.739 14.8082 16.352 10.66 12.7902 6.73 11.5936 6.5659 9.372 0.0
2016-08-09 02:13:48.624000 200129.809 4.306 50.149 34.078 52.35 6.652 140.424 8.7384 14.8089 16.3515 10.6599 12.7884 6.7708 11.5922 6.5681 9.374 0.0
2016-08-09 02:15:26.593000 200227.778 4.605 50.155 34.517 52.36 6.657 140.405 8.7317 14.8083 16.35 10.6593 12.7861 6.7209 11.5964 6.5717 9.377 0.0
2016-08-09 02:17:04.403000 200325.588 4.251 50.167 34.782 52.371 6.626 140.379 8.75 14.8089 16.3499 10.6583 12.7839 6.7321 11.5958 6.5736 9.379 0.0
2016-08-09 02:18:44.073000 200425.258 4.374 50.175 34.058 52.378 6.659 140.362 8.7359 14.8079 16.3483 10.657 12.7809 6.7482 11.6067 6.5742 9.38 0.0
2016-08-09 02:20:22.022000 200523.207 4.56 50.182 34.639 52.385 6.66 140.338 8.7489 14.8068 16.3473 10.6552 12.7777 6.7475 11.6055 6.5748 9.381 0.0
2016-08-09 02:21:59.902000 200621.087 4.215 50.19 34.662 52.392 6.662 140.326 8.745 14.806 16.3457 10.6531 12.7743 6.7607 11.606 6.5755 9.382 0.0
2016-08-09 02:23:37.992000 200719.177 4.32 50.196 34.052 52.397 6.65 140.308 8.7393 14.8031 16.3438 10.6504 12.7708 6.7103 11.6074 6.5746 9.381 0.0
2016-08-09 02:25:15.962000 200817.147 4.575 50.201 34.555 52.409 6.652 140.286 8.7296 14.7994 16.341 10.6473 12.7667 6.6888 11.6138 6.5729 9.38 0.0
2016-08-09 02:26:54.041000 200915.226 4.218 50.21 34.752 52.415 6.655 140.277 8.7495 14.7963 16.3389 10.6438 12.7623 6.772 11.6147 6.5707 9.38 0.0
2016-08-09 02:28:32.121000 201013.306 4.317 50.217 34.085 52.421 6.645 140.263 8.7217 14.7931 16.336 10.6398 12.7576 6.7788 11.6153 6.5662 9.378 0.0
2016-08-09 02:30:11.911000 201113.096 4.537 50.225 34.15 52.43 6.638 140.251 8.7567 14.7883 16.3325 10.6354 12.7524 6.7267 11.6183 6.5635 9.376 0.0
2016-08-09 02:31:49.850000 201211.035 4.488 50.23 34.736 52.437 6.635 140.241 8.7518 14.7856 16.3302 10.6304 12.7471 6.7646 11.6211 6.5586 9.374 0.0
2016-08-09 02:33:27.820000 201309.005 4.206 50.235 34.638 52.441 6.641 140.23 8.7434 14.7808 16.328 10.6254 12.7417 6.7206 11.6208 6.5541 9.371 0.0
2016-08-09 02:35:05.940000 201407.125 4.371 50.243 34.074 52.45 6.625 140.223 8.7431 14.7756 16.3237 10.6198 12.7358 6.7638 11.6224 6.5485 9.368 0.0
2016-08-09 02:36:43.980000 201505.165 4.539 50.246 34.66 52.454 6.59 140.217 8.7392 14.7715 16.3222 10.6138 12.7297 6.7503 11.6228 6.5438 9.365 0.0
2016-08-09 02:38:22.109000 201603.294 4.529 50.25 34.717 52.457 6.625 140.205 8.7129 14.7664 16.3189 10.6076 12.7236 6.6815 11.6271 6.5358 9.362 0.0
2016-08-09 02:40:02.209000 201703.394 4.398 50.253 34.838 52.462 6.61 140.209 8.7025 14.7608 16.3152 10.6011 12.7169 6.7405 11.6268 6.5301 9.358 0.0
2016-08-09 02:41:40.429000 201801.614 4.201 50.257 34.444 52.463 6.608 140.202 8.6768 14.7546 16.3112 10.5944 12.7103 6.6353 11.6258 6.5238 9.354 0.0
2016-08-09 02:43:18.628000 201899.813 4.203 50.26 34.481 52.468 6.597 140.206 8.6829 14.7501 16.3085 10.5876 12.7035 6.7047 11.6248 6.5175 9.35 0.0
2016-08-09 02:44:56.858000 201998.043 4.473 50.265 34.155 52.472 6.588 140.207 8.6723 14.7447 16.3048 10.5805 12.6966 6.7299 11.6238 6.5094 9.346 0.0
2016-08-09 02:46:35.148000 202096.333 4.609 50.268 34.34 52.477 6.593 140.207 8.6874 14.7396 16.3027 10.5735 12.6895 6.6115 11.6232 6.5048 9.342 0.0
2016-08-09 02:48:13.238000 202194.423 4.291 50.269 34.851 52.478 6.589 140.207 8.6914 14.7358 16.3004 10.5661 12.6825 6.664 11.6229 6.4971 9.339 0.0
2016-08-09 02:49:53.198000 202294.383 4.19 50.271 34.745 52.481 6.583 140.216 8.6894 14.7307 16.2977 10.5583 12.6752 6.6152 11.6259 6.4906 9.335 0.0
2016-08-09 02:51:31.437000 202392.622 4.257 50.275 34.134 52.486 6.57 140.218 8.6752 14.7266 16.295 10.551 12.6679 6.6838 11.6243 6.4843 9.331 0.0
2016-08-09 02:53:09.537000 202490.722 4.264 50.278 34.097 52.487 6.481 140.23 8.6516 14.7205 16.2918 10.5437 12.661 6.586 11.6213 6.4774 9.328 0.0
2016-08-09 02:54:47.867000 202589.052 4.565 50.28 34.52 52.492 6.569 140.237 8.682 14.7185 16.2902 10.5363 12.6539 6.6837 11.6185 6.4722 9.324 0.0
2016-08-09 02:56:26.286000 202687.471 4.535 50.284 34.598 52.494 6.549 140.244 8.6545 14.7144 16.2883 10.5291 12.6468 6.688 11.619 6.4659 9.321 0.0
2016-08-09 02:58:04.437000 202785.622 4.524 50.284 34.558 52.497 6.561 140.247 8.6676 14.7108 16.287 10.5219 12.64 6.6392 11.6184 6.4607 9.318 0.0
2016-08-09 02:59:44.257000 202885.442 4.171 50.286 34.54 52.496 6.541 140.263 8.6648 14.7082 16.2852 10.5147 12.6328 6.6656 11.6158 6.4559 9.315 0.0
2016-08-09 03:01:22.666000 202983.851 4.167 50.285 34.512 52.497 6.547 140.267 8.6307 14.7042 16.2831 10.5078 12.626 6.5789 11.6162 6.4525 9.313 0.0
2016-08-09 03:03:01.066000 203082.251 4.166 50.286 34.483 52.497 6.533 140.284 8.6083 14.7016 16.2815 10.501 12.6195 6.577 11.6063 6.4473 9.31 0.0
2016-08-09 03:04:39.445000 203180.63 4.182 50.287 34.399 52.5 6.531 140.292 8.6118 14.6987 16.2804 10.4947 12.6128 6.5574 11.6125 6.4438 9.308 0.0
2016-08-09 03:06:17.685000 203278.87 4.494 50.286 34.163 52.497 6.543 140.304 8.6523 14.6987 16.2806 10.489 12.6063 6.6507 11.6117 6.4408 9.306 0.0
2016-08-09 03:07:56.115000 203377.3 4.548 50.286 34.234 52.498 6.533 140.316 8.6008 14.6957 16.279 10.4832 12.6001 6.5477 11.6124 6.4364 9.304 0.0
2016-08-09 03:09:36.255000 203477.44 4.539 50.283 34.515 52.498 6.528 140.327 8.6417 14.6961 16.28 10.4775 12.5937 6.6751 11.6071 6.4348 9.303 0.0
2016-08-09 03:11:14.495000 203575.68 4.53 50.283 34.542 52.496 6.52 140.338 8.6557 14.6938 16.2784 10.4721 12.5878 6.6268 11.6064 6.4315 9.301 0.0
2016-08-09 03:12:52.975000 203674.16 4.521 50.286 34.563 52.498 6.519 140.348 8.643 14.6952 16.2787 10.4669 12.582 6.6249 11.6034 6.4288 9.3 0.0
2016-08-09 03:14:31.474000 203772.659 4.492 50.285 34.635 52.499 6.522 140.354 8.5985 14.6937 16.279 10.462 12.5764 6.5577 11.602 6.4279 9.299 0.0
2016-08-09 03:16:09.764000 203870.949 4.465 50.284 34.656 52.499 6.528 140.371 8.6049 14.693 16.2801 10.4571 12.5707 6.5404 11.5979 6.4269 9.299 0.0
2016-08-09 03:17:48.303000 203969.488 4.457 50.287 34.719 52.499 6.534 140.382 8.633 14.6935 16.2802 10.4525 12.5653 6.5676 11.5979 6.4268 9.299 0.0
2016-08-09 03:19:28.493000 204069.678 4.255 50.288 34.806 52.5 6.524 140.386 8.6582 14.6954 16.2814 10.4479 12.5602 6.657 11.5947 6.4264 9.299 0.0
2016-08-09 03:21:07.013000 204168.198 4.215 50.288 34.789 52.501 6.516 140.402 8.6192 14.695 16.2811 10.4438 12.5549 6.6508 11.5944 6.4274 9.298 0.0
2016-08-09 03:22:45.384000 204266.569 4.205 50.286 34.783 52.501 6.523 140.411 8.596 14.6935 16.2808 10.4396 12.5498 6.5554 11.5904 6.4254 9.298 0.0
2016-08-09 03:24:23.943000 204365.128 4.179 50.289 34.744 52.502 6.527 140.421 8.6104 14.6953 16.281 10.4357 12.545 6.5347 11.5873 6.4256 9.299 0.0
2016-08-09 03:26:03.303000 204464.488 4.367 50.288 34.063 52.5 6.532 140.432 8.6579 14.6977 16.284 10.4319 12.5402 6.6212 11.5852 6.4262 9.3 0.0
2016-08-09 03:27:44.263000 204565.448 4.209 50.288 34.797 52.502 6.528 140.439 8.614 14.6976 16.2837 10.428 12.5355 6.5711 11.5831 6.4266 9.3 0.0
2016-08-09 03:29:23.373000 204664.558 4.521 50.29 34.568 52.502 6.533 140.448 8.6589 14.7007 16.2861 10.4247 12.5312 6.6232 11.579 6.4278 9.301 0.0
2016-08-09 03:31:02.733000 204763.918 4.161 50.286 34.537 52.499 6.518 140.455 8.6562 14.7018 16.2866 10.4214 12.5267 6.634 11.5772 6.4298 9.301 0.0
2016-08-09 03:32:42.012000 204863.197 4.374 50.289 34.779 52.503 6.523 140.463 8.6003 14.7017 16.2862 10.4181 12.5223 6.6656 11.5724 6.4298 9.302 0.0
2016-08-09 03:34:21.333000 204962.518 4.196 50.288 34.228 52.502 6.525 140.471 8.6612 14.704 16.2891 10.4149 12.518 6.6552 11.571 6.4317 9.303 0.0
2016-08-09 03:36:00.583000 205061.768 4.551 50.288 34.798 52.503 6.543 140.478 8.6639 14.7055 16.2903 10.4117 12.5137 6.6342 11.5708 6.4323 9.304 0.0
2016-08-09 03:37:41.513000 205162.698 4.508 50.29 34.165 52.504 6.532 140.484 8.6362 14.7068 16.2909 10.4086 12.5098 6.5528 11.5694 6.4331 9.305 0.0
2016-08-09 03:39:20.743000 205261.928 4.233 50.288 34.816 52.503 6.543 140.491 8.66 14.7093 16.2922 10.4058 12.5056 6.6687 11.5592 6.4363 9.307 0.0
2016-08-09 03:41:00.002000 205361.187 4.555 50.291 34.416 52.505 6.541 140.498 8.6361 14.7108 16.2933 10.4029 12.5019 6.6791 11.5612 6.4381 9.307 0.0
2016-08-09 03:42:38.701000 205459.886 4.267 50.288 34.048 52.504 6.531 140.5 8.6073 14.7115 16.295 10.4005 12.4982 6.5571 11.5561 6.4397 9.309 0.0
2016-08-09 03:44:17.181000 205558.366 4.28 50.292 34.034 52.508 6.548 140.505 8.6323 14.7136 16.2961 10.3978 12.4949 6.5962 11.5541 6.442 9.31 0.0
2016-08-09 03:45:55.742000 205656.927 4.323 50.295 34.048 52.511 6.55 140.504 8.6398 14.7154 16.2977 10.3957 12.4915 6.5961 11.5533 6.4438 9.312 0.0
2016-08-09 03:47:36.362000 205757.547 4.207 50.296 34.252 52.51 6.538 140.514 8.6637 14.7179 16.2974 10.3931 12.4877 6.5852 11.5524 6.4454 9.312 0.0
2016-08-09 03:49:15.061000 205856.246 4.191 50.297 34.789 52.512 6.552 140.515 8.656 14.7194 16.2994 10.3906 12.4841 6.586 11.5497 6.4483 9.314 0.0
2016-08-09 03:50:53.581000 205954.766 4.187 50.301 34.751 52.518 6.552 140.518 8.6505 14.7214 16.3012 10.3883 12.4808 6.6754 11.5424 6.4503 9.315 0.0
2016-08-09 03:52:32.411000 206053.596 4.514 50.304 34.734 52.518 6.558 140.52 8.6763 14.7236 16.3028 10.386 12.4774 6.6449 11.5443 6.4528 9.317 0.0
2016-08-09 03:54:11.240000 206152.425 4.486 50.305 34.684 52.521 6.561 140.523 8.655 14.7244 16.3035 10.3838 12.4741 6.6311 11.5396 6.4559 9.319 0.0
2016-08-09 03:55:49.960000 206251.145 4.503 50.307 34.164 52.524 6.545 140.522 8.6293 14.7251 16.3038 10.3815 12.4707 6.6692 11.5405 6.4564 9.32 0.0
2016-08-09 03:57:30.491000 206351.676 4.239 50.309 34.156 52.525 6.561 140.526 8.6503 14.7267 16.3053 10.3791 12.4674 6.5867 11.5342 6.4581 9.321 0.0
2016-08-09 03:59:09.131000 206450.316 4.262 50.313 34.072 52.527 6.564 140.525 8.6839 14.73 16.3066 10.377 12.4642 6.6545 11.5343 6.4606 9.323 0.0
2016-08-09 04:00:47.830000 206549.015 4.272 50.313 34.056 52.525 6.567 140.526 8.6773 14.7309 16.3071 10.3747 12.4609 6.6866 11.5263 6.4641 9.324 0.0
2016-08-09 04:02:26.680000 206647.865 4.173 50.315 34.691 52.527 6.568 140.525 8.6393 14.7323 16.3085 10.3726 12.4574 6.6103 11.5253 6.4647 9.325 0.0
2016-08-09 04:04:05.520000 206746.705 4.461 50.314 34.742 52.529 6.554 140.525 8.6284 14.7322 16.3082 10.3702 12.4542 6.6966 11.525 6.4661 9.326 0.0
2016-08-09 04:05:45.950000 206847.135 4.584 50.316 34.402 52.529 6.571 140.524 8.6546 14.7336 16.3099 10.3681 12.4507 6.6006 11.5212 6.4677 9.327 0.0
2016-08-09 04:07:24.879000 206946.064 4.28 50.319 34.056 52.534 6.571 140.522 8.677 14.7353 16.3103 10.3657 12.4473 6.7013 11.521 6.4687 9.328 0.0
2016-08-09 04:09:03.660000 207044.845 4.29 50.32 34.071 52.537 6.511 140.524 8.6596 14.7359 16.3103 10.3634 12.4439 6.7029 11.5159 6.4708 9.329 0.0
2016-08-09 04:10:42.580000 207143.765 4.175 50.324 34.598 52.539 6.558 140.523 8.6795 14.7371 16.3114 10.361 12.4404 6.7028 11.5144 6.472 9.33 0.0
2016-08-09 04:12:21.489000 207242.674 4.421 50.328 34.806 52.541 6.569 140.522 8.6919 14.7378 16.312 10.3585 12.4371 6.6623 11.5145 6.4728 9.331 0.0
2016-08-09 04:14:02.159000 207343.344 4.575 50.329 34.49 52.543 6.562 140.52 8.6511 14.7392 16.3125 10.356 12.4335 6.614 11.511 6.4744 9.332 0.0
2016-08-09 04:15:40.859000 207442.044 4.297 50.33 34.08 52.544 6.567 140.513 8.6449 14.7381 16.3115 10.3534 12.43 6.5945 11.5045 6.4762 9.333 0.0
2016-08-09 04:17:19.739000 207540.924 4.177 50.333 34.101 52.549 6.577 140.512 8.6947 14.7406 16.3132 10.3506 12.4263 6.6972 11.5033 6.4762 9.333 0.0
2016-08-09 04:18:58.648000 207639.833 4.177 50.336 34.569 52.549 6.565 140.51 8.6381 14.7391 16.3129 10.3481 12.4229 6.5863 11.5019 6.477 9.334 0.0
2016-08-09 04:20:37.329000 207738.514 4.426 50.336 34.782 52.55 6.573 140.515 8.69 14.7414 16.3134 10.3453 12.4192 6.7081 11.4997 6.4788 9.335 0.0
2016-08-09 04:22:17.829000 207839.014 4.56 50.337 34.488 52.551 6.57 140.512 8.644 14.7405 16.3127 10.3426 12.4155 6.5911 11.4945 6.479 9.335 0.0
2016-08-09 04:23:56.759000 207937.944 4.297 50.337 34.067 52.553 6.578 140.511 8.6555 14.7419 16.3138 10.3397 12.4119 6.6314 11.4923 6.4812 9.336 0.0
2016-08-09 04:25:35.668000 208036.853 4.179 50.339 34.075 52.555 6.457 140.508 8.692 14.7424 16.3141 10.3368 12.4079 6.6759 11.4925 6.4797 9.336 0.0
2016-08-09 04:27:14.468000 208135.653 4.178 50.341 34.509 52.557 6.532 140.505 8.6573 14.7419 16.3129 10.3338 12.4041 6.6089 11.4923 6.4796 9.336 0.0
2016-08-09 04:28:53.258000 208234.443 4.36 50.339 34.844 52.558 6.491 140.504 8.6415 14.7409 16.3135 10.331 12.4005 6.5948 11.4903 6.4791 9.337 0.0
2016-08-09 04:30:33.988000 208335.173 4.53 50.342 34.623 52.558 6.581 140.503 8.6429 14.7416 16.3135 10.3281 12.3966 6.6292 11.4808 6.4816 9.337 0.0
2016-08-09 04:32:12.969000 208434.154 4.359 50.342 34.097 52.556 6.581 140.501 8.6528 14.7422 16.3138 10.325 12.3928 6.6515 11.4831 6.4812 9.338 0.0
2016-08-09 04:33:51.948000 208533.133 4.189 50.343 34.44 52.555 6.498 140.5 8.6644 14.742 16.3138 10.3219 12.3887 6.6758 11.48 6.4804 9.338 0.0
2016-08-09 04:35:30.968000 208632.153 4.346 50.341 34.834 52.554 6.574 140.498 8.678 14.7419 16.3136 10.3189 12.385 6.7006 11.4757 6.4817 9.338 0.0
2016-08-09 04:37:09.978000 208731.163 4.603 50.343 34.387 52.555 6.58 140.498 8.6917 14.7414 16.3127 10.3156 12.381 6.7085 11.4704 6.4825 9.337 0.0
2016-08-09 04:38:50.748000 208831.933 4.178 50.344 34.563 52.557 6.566 140.496 8.6441 14.7406 16.3122 10.3122 12.3768 6.7116 11.4698 6.4815 9.337 0.0
2016-08-09 04:40:29.738000 208930.923 4.396 50.342 34.813 52.559 6.536 140.494 8.6567 14.7401 16.3118 10.3088 12.3728 6.6119 11.4712 6.4796 9.337 0.0
2016-08-09 04:42:08.807000 209029.992 4.599 50.343 34.333 52.56 6.465 140.493 8.6466 14.7407 16.3128 10.3054 12.3686 6.6134 11.4666 6.4793 9.337 0.0
2016-08-09 04:43:47.737000 209128.922 4.24 50.347 34.192 52.561 6.572 140.493 8.6846 14.7409 16.3127 10.3021 12.3645 6.685 11.4622 6.4806 9.336 0.0
2016-08-09 04:45:26.778000 209227.963 4.191 50.348 34.791 52.562 6.571 140.492 8.654 14.7388 16.3113 10.2987 12.3601 6.6216 11.4604 6.479 9.336 0.0
2016-08-09 04:47:05.906000 209327.091 4.536 50.349 34.607 52.565 6.576 140.49 8.6629 14.7385 16.3121 10.2952 12.3563 6.6447 11.4607 6.4783 9.336 0.0
2016-08-09 04:48:46.536000 209427.721 4.214 50.35 34.314 52.565 6.562 140.485 8.6387 14.7375 16.3104 10.2916 12.3519 6.5958 11.4531 6.4774 9.335 0.0
2016-08-09 04:50:25.586000 209526.771 4.248 50.354 34.842 52.569 6.578 140.484 8.6953 14.7388 16.3116 10.2882 12.3476 6.6848 11.4497 6.4767 9.336 0.0
2016-08-09 04:52:04.586000 209625.771 4.554 50.357 34.507 52.57 6.569 140.482 8.6602 14.7369 16.3102 10.2845 12.3431 6.6055 11.4495 6.4759 9.335 0.0
2016-08-09 04:53:43.646000 209724.831 4.281 50.357 34.088 52.572 6.56 140.483 8.6943 14.7362 16.3096 10.2809 12.3392 6.6975 11.4499 6.475 9.335 0.0
2016-08-09 04:55:22.735000 209823.92 4.179 50.356 34.604 52.573 6.569 140.482 8.6801 14.7365 16.3103 10.2772 12.3347 6.6533 11.4453 6.4746 9.334 0.0
2016-08-09 04:57:03.466000 209924.651 4.575 50.36 34.495 52.572 6.576 140.49 8.6585 14.7364 16.3094 10.2734 12.3303 6.6533 11.4397 6.475 9.334 0.0
2016-08-09 04:58:42.626000 210023.811 4.298 50.357 34.075 52.572 6.575 140.489 8.653 14.7342 16.3093 10.2698 12.3259 6.6421 11.4362 6.4732 9.334 0.0
2016-08-09 05:00:21.626000 210122.811 4.177 50.359 34.569 52.573 6.574 140.491 8.6536 14.7335 16.3091 10.2661 12.3216 6.6431 11.4343 6.4732 9.334 0.0
2016-08-09 05:02:00.766000 210221.951 4.285 50.363 34.85 52.578 6.574 140.491 8.6635 14.7333 16.3085 10.2625 12.3172 6.6002 11.4312 6.4725 9.333 0.0
2016-08-09 05:03:39.905000 210321.09 4.264 50.363 34.111 52.577 6.572 140.493 8.6834 14.7335 16.3085 10.2588 12.313 6.6355 11.4265 6.4712 9.333 0.0
2016-08-09 05:05:20.896000 210422.081 4.401 50.365 34.837 52.58 6.572 140.493 8.6626 14.7339 16.3083 10.2549 12.3086 6.6486 11.4276 6.4716 9.332 0.0
2016-08-09 05:06:59.955000 210521.14 4.596 50.364 34.372 52.579 6.56 140.496 8.6907 14.7319 16.3067 10.2512 12.3043 6.7003 11.4212 6.4701 9.332 0.0
2016-08-09 05:08:39.176000 210620.361 4.258 50.366 34.121 52.578 6.563 140.495 8.6306 14.7311 16.3058 10.2475 12.2997 6.5886 11.4236 6.4701 9.332 0.0
2016-08-09 05:10:18.466000 210719.651 4.47 50.365 34.751 52.583 6.569 140.497 8.6803 14.7322 16.3065 10.2438 12.2954 6.6173 11.4204 6.4692 9.331 0.0
2016-08-09 05:11:59.686000 210820.871 4.236 50.366 34.162 52.579 6.562 140.498 8.688 14.7319 16.307 10.2398 12.2909 6.6955 11.4183 6.4677 9.331 0.0
2016-08-09 05:13:39.016000 210920.201 4.519 50.367 34.598 52.58 6.555 140.498 8.6627 14.7313 16.3056 10.2363 12.2867 6.5936 11.4106 6.4676 9.33 0.0
2016-08-09 05:15:18.125000 211019.31 4.365 50.368 34.099 52.583 6.56 140.5 8.6812 14.7307 16.3058 10.2325 12.2822 6.6902 11.4083 6.4666 9.33 0.0
2016-08-09 05:16:57.415000 211118.6 4.394 50.368 34.825 52.585 6.561 140.503 8.6509 14.7294 16.3048 10.2289 12.278 6.5758 11.4055 6.4639 9.329 0.0
2016-08-09 05:18:36.685000 211217.87 4.589 50.368 34.325 52.585 6.559 140.504 8.6858 14.7297 16.3042 10.2251 12.2736 6.6505 11.4007 6.4642 9.329 0.0
2016-08-09 05:20:17.596000 211318.781 4.174 50.372 34.635 52.584 6.561 140.506 8.678 14.7292 16.3058 10.2212 12.2691 6.6716 11.399 6.4632 9.329 0.0
2016-08-09 05:21:56.986000 211418.171 4.514 50.367 34.209 52.585 6.564 140.509 8.6302 14.7286 16.3054 10.2169 12.2647 6.5914 11.3968 6.4628 9.328 0.0
2016-08-09 05:23:36.116000 211517.301 4.205 50.37 34.292 52.588 6.553 140.51 8.63 14.7268 16.3052 10.2138 12.2604 6.5918 11.3913 6.4632 9.328 0.0
2016-08-09 05:25:15.345000 211616.53 4.55 50.371 34.552 52.587 6.556 140.513 8.637 14.7266 16.3035 10.2104 12.2564 6.5756 11.3921 6.4613 9.327 0.0
2016-08-09 05:26:54.705000 211715.89 4.169 50.37 34.628 52.586 6.548 140.514 8.6328 14.7263 16.3038 10.2067 12.2518 6.5754 11.3908 6.4607 9.327 0.0
2016-08-09 05:28:35.885000 211817.07 4.576 50.369 34.428 52.586 6.549 140.517 8.6262 14.7256 16.3036 10.2029 12.2474 6.6661 11.3853 6.4599 9.326 0.0
2016-08-09 05:30:15.305000 211916.49 4.17 50.367 34.549 52.582 6.546 140.519 8.6257 14.7259 16.3032 10.1992 12.243 6.6852 11.382 6.4585 9.326 0.0
2016-08-09 05:31:54.746000 212015.931 4.579 50.368 34.846 52.583 6.546 140.522 8.6415 14.7259 16.3035 10.1956 12.2387 6.5705 11.3746 6.4579 9.326 0.0
2016-08-09 05:33:33.986000 212115.171 4.255 50.37 34.102 52.586 6.557 140.525 8.6414 14.7248 16.3036 10.192 12.2344 6.572 11.3748 6.4566 9.326 0.0
2016-08-09 05:35:13.265000 212214.45 4.465 50.368 34.752 52.584 6.422 140.526 8.6441 14.7258 16.3048 10.1883 12.2303 6.6492 11.3709 6.4586 9.325 0.0
2016-08-09 05:36:54.276000 212315.461 4.246 50.368 34.126 52.585 6.558 140.53 8.6814 14.7263 16.3042 10.1847 12.2259 6.6897 11.3702 6.457 9.325 0.0
2016-08-09 05:38:33.745000 212414.93 4.408 50.37 34.573 52.585 6.547 140.533 8.6734 14.7253 16.3027 10.1813 12.2219 6.6 11.3641 6.4554 9.324 0.0
2016-08-09 05:40:13.155000 212514.34 4.583 50.368 34.441 52.584 6.551 140.536 8.6464 14.7241 16.3038 10.1778 12.2174 6.5781 11.3616 6.4566 9.324 0.0
2016-08-09 05:41:52.635000 212613.82 4.177 50.367 34.718 52.583 6.519 140.538 8.6683 14.725 16.3044 10.174 12.2133 6.6274 11.3563 6.4563 9.324 0.0
2016-08-09 05:43:34.026000 212715.211 4.212 50.366 34.245 52.583 6.553 140.54 8.6801 14.7248 16.3048 10.1706 12.2091 6.6538 11.3561 6.4545 9.324 0.0
2016-08-09 05:45:16.797000 212817.982 4.591 50.367 34.368 52.581 6.543 140.538 8.6283 14.7233 16.3036 10.1669 12.2047 6.5654 11.3556 6.4546 9.323 0.0
2016-08-09 05:46:56.346000 212917.531 4.19 50.369 34.777 52.583 6.555 140.546 8.6585 14.7248 16.3049 10.1633 12.2007 6.5677 11.3509 6.4547 9.323 0.0
2016-08-09 05:48:35.916000 213017.101 4.381 50.368 34.094 52.583 6.555 140.547 8.6795 14.7255 16.3057 10.1595 12.1962 6.631 11.3442 6.4541 9.323 0.0
2016-08-09 05:50:15.496000 213116.681 4.408 50.368 34.806 52.585 6.541 140.552 8.6282 14.7246 16.304 10.1564 12.1922 6.6877 11.342 6.4537 9.322 0.0
2016-08-09 05:51:58.787000 213219.972 4.318 50.367 34.849 52.583 6.542 140.549 8.6241 14.7237 16.304 10.153 12.1881 6.5608 11.3423 6.4527 9.322 0.0
2016-08-09 05:53:38.317000 213319.502 4.231 50.368 34.145 52.583 6.548 140.551 8.6535 14.7251 16.3053 10.1495 12.1842 6.6121 11.3327 6.4524 9.323 0.0
2016-08-09 05:55:17.857000 213419.042 4.499 50.368 34.636 52.585 6.556 140.559 8.6775 14.7258 16.306 10.146 12.1801 6.6807 11.3347 6.4541 9.323 0.0
2016-08-09 05:56:57.477000 213518.662 4.175 50.37 34.515 52.584 6.541 140.562 8.6645 14.7262 16.3054 10.1429 12.176 6.6778 11.3285 6.4541 9.322 0.0
2016-08-09 05:58:38.897000 213620.082 4.262 50.37 34.089 52.586 6.541 140.563 8.6244 14.7252 16.3053 10.1398 12.172 6.6887 11.3247 6.4528 9.322 0.0
2016-08-09 06:00:18.347000 213719.532 4.475 50.37 34.727 52.588 6.554 140.566 8.6266 14.7249 16.3045 10.1365 12.1681 6.5886 11.3238 6.4526 9.323 0.0
2016-08-09 06:01:58.017000 213819.202 4.314 50.372 34.404 52.589 6.55 140.568 8.6403 14.725 16.3059 10.1335 12.1642 6.5702 11.3187 6.4542 9.324 0.0
2016-08-09 06:03:37.727000 213918.912 4.303 50.372 34.061 52.59 6.55 140.571 8.654 14.7265 16.3065 10.1301 12.1602 6.6006 11.3155 6.4536 9.323 0.0
2016-08-09 06:05:17.377000 214018.562 4.407 50.372 34.826 52.587 6.492 140.568 8.6641 14.7268 16.3068 10.1272 12.1565 6.6317 11.312 6.4549 9.324 0.0
2016-08-09 06:06:58.818000 214120.003 4.173 50.373 34.722 52.589 6.559 140.57 8.6649 14.7272 16.307 10.1242 12.1526 6.6197 11.3091 6.4543 9.324 0.0
2016-08-09 06:08:38.418000 214219.603 4.466 50.373 34.168 52.589 6.56 140.575 8.6672 14.7273 16.3075 10.1213 12.1488 6.5775 11.3028 6.4549 9.324 0.0
2016-08-09 06:10:18.158000 214319.343 4.541 50.375 34.583 52.59 6.555 140.578 8.6251 14.7275 16.3075 10.1184 12.1451 6.5853 11.3023 6.4546 9.325 0.0
2016-08-09 06:11:57.857000 214419.042 4.17 50.376 34.594 52.591 6.531 140.58 8.6206 14.7262 16.307 10.1153 12.1411 6.5853 11.3031 6.4545 9.325 0.0
2016-08-09 06:13:37.567000 214518.752 4.204 50.372 34.232 52.59 6.544 140.581 8.6266 14.7275 16.3074 10.1123 12.1373 6.6296 11.2982 6.4567 9.325 0.0
2016-08-09 06:15:18.748000 214619.933 4.478 50.375 34.68 52.591 6.547 140.584 8.6677 14.727 16.307 10.1094 12.1334 6.5791 11.2934 6.4539 9.325 0.0
2016-08-09 06:16:58.557000 214719.742 4.287 50.377 34.853 52.594 6.555 140.584 8.6807 14.7291 16.309 10.1062 12.1297 6.6799 11.2896 6.4576 9.325 0.0
2016-08-09 06:18:38.358000 214819.543 4.258 50.379 34.095 52.594 6.559 140.58 8.6771 14.7292 16.3091 10.1032 12.1258 6.6618 11.2863 6.455 9.325 0.0
2016-08-09 06:20:17.998000 214919.183 4.483 50.378 34.72 52.596 6.555 140.587 8.6596 14.7288 16.3089 10.1001 12.1217 6.5763 11.277 6.4563 9.326 0.0
2016-08-09 06:21:59.808000 215020.993 4.543 50.378 34.576 52.597 6.545 140.588 8.6705 14.7299 16.3094 10.0969 12.1178 6.6614 11.281 6.457 9.325 0.0
2016-08-09 06:23:39.668000 215120.853 4.306 50.378 34.84 52.594 6.561 140.592 8.6792 14.73 16.3091 10.0939 12.1142 6.624 11.2807 6.4575 9.326 0.0
2016-08-09 06:25:19.338000 215220.523 4.224 50.377 34.187 52.594 6.558 140.59 8.6515 14.7286 16.3091 10.091 12.1103 6.5843 11.2736 6.457 9.326 0.0
2016-08-09 06:26:59.218000 215320.403 4.352 50.38 34.098 52.593 6.551 140.587 8.6828 14.7308 16.3104 10.0878 12.1067 6.6883 11.2737 6.4574 9.327 0.0
2016-08-09 06:28:40.998000 215422.183 4.28 50.38 34.544 52.593 6.549 140.588 8.6335 14.7297 16.3095 10.0847 12.1027 6.6055 11.2651 6.4574 9.327 0.0
2016-08-09 06:30:20.979000 215522.164 4.502 50.379 34.77 52.594 6.563 140.594 8.6808 14.7312 16.3105 10.0816 12.0987 6.6832 11.2662 6.4571 9.327 0.0
2016-08-09 06:32:00.679000 215621.864 4.323 50.377 34.848 52.593 6.555 140.595 8.6378 14.7299 16.3089 10.0786 12.095 6.5713 11.2628 6.459 9.327 0.0
2016-08-09 06:33:40.769000 215721.954 4.184 50.379 34.739 52.594 6.487 140.595 8.6645 14.731 16.3104 10.0756 12.0913 6.6156 11.2613 6.4576 9.327 0.0
2016-08-09 06:35:20.699000 215821.884 4.181 50.377 34.453 52.595 6.549 140.595 8.6823 14.7309 16.3102 10.0726 12.0876 6.6871 11.2555 6.4597 9.327 0.0
2016-08-09 06:37:02.299000 215923.484 4.295 50.38 34.076 52.598 6.559 140.592 8.6258 14.73 16.3096 10.0697 12.0838 6.5679 11.2504 6.4575 9.327 0.0
2016-08-09 06:38:42.049000 216023.234 4.529 50.381 34.216 52.598 6.564 140.597 8.6801 14.7322 16.3114 10.0666 12.0799 6.6096 11.2509 6.459 9.328 0.0
2016-08-09 06:40:22.039000 216123.224 4.586 50.385 34.443 52.601 6.54 140.598 8.6838 14.7321 16.3114 10.0636 12.076 6.6698 11.2492 6.4593 9.328 0.0
2016-08-09 06:42:01.889000 216223.074 4.48 50.384 34.683 52.601 6.55 140.598 8.6354 14.7305 16.3102 10.0606 12.0723 6.5729 11.2446 6.4606 9.328 0.0
2016-08-09 06:43:43.690000 216324.875 4.189 50.382 34.801 52.6 6.563 140.6 8.6411 14.7311 16.3106 10.0575 12.0684 6.58 11.2407 6.4602 9.328 0.0
2016-08-09 06:45:23.530000 216424.715 4.175 50.383 34.548 52.599 6.562 140.594 8.6849 14.7326 16.3119 10.0545 12.0646 6.6876 11.239 6.4595 9.329 0.0
2016-08-09 06:47:03.480000 216524.665 4.219 50.383 34.225 52.601 6.551 140.602 8.6818 14.7327 16.3114 10.0511 12.0606 6.6649 11.2327 6.4596 9.328 0.0
2016-08-09 06:48:43.550000 216624.735 4.292 50.386 34.092 52.604 6.55 140.602 8.6709 14.7305 16.3106 10.0481 12.0568 6.5691 11.2315 6.4611 9.328 0.0
2016-08-09 06:50:25.420000 216726.605 4.236 50.388 34.144 52.605 6.551 140.603 8.6383 14.7306 16.3108 10.045 12.0528 6.5691 11.2299 6.4585 9.328 0.0
2016-08-09 06:52:05.450000 216826.635 4.409 50.39 34.097 52.603 6.559 140.596 8.6459 14.7315 16.311 10.0418 12.0491 6.596 11.2255 6.4602 9.329 0.0
2016-08-09 06:53:45.340000 216926.525 4.58 50.388 34.296 52.605 6.564 140.603 8.6543 14.7326 16.3119 10.0387 12.0451 6.6363 11.2238 6.4598 9.329 0.0
2016-08-09 06:55:25.471000 217026.656 4.545 50.386 34.582 52.604 6.559 140.605 8.6763 14.7321 16.3118 10.0355 12.0413 6.687 11.2192 6.46 9.329 0.0
2016-08-09 06:57:07.191000 217128.376 4.248 50.387 34.85 52.603 6.556 140.606 8.6694 14.7318 16.3116 10.0325 12.0373 6.692 11.2162 6.4593 9.328 0.0
2016-08-09 06:58:47.261000 217228.446 4.51 50.388 34.651 52.604 6.548 140.601 8.6377 14.7316 16.3108 10.0293 12.0335 6.614 11.2113 6.4608 9.328 0.0
2016-08-09 07:00:27.361000 217328.546 4.396 50.388 34.846 52.602 6.558 140.606 8.6261 14.7315 16.3112 10.0261 12.0294 6.5836 11.2106 6.4595 9.328 0.0
2016-08-09 07:02:07.461000 217428.646 4.205 50.393 34.811 52.608 6.448 140.609 8.6818 14.7315 16.3116 10.023 12.0255 6.6427 11.2088 6.4598 9.328 0.0
2016-08-09 07:03:47.601000 217528.786 4.172 50.394 34.599 52.61 6.448 140.605 8.6802 14.7321 16.3116 10.0198 12.0216 6.6939 11.2082 6.4588 9.328 0.0
2016-08-09 07:05:29.591000 217630.776 4.174 50.393 34.751 52.61 6.56 140.604 8.6586 14.7319 16.3112 10.0165 12.0176 6.6637 11.2003 6.4587 9.328 0.0
2016-08-09 07:07:09.772000 217730.957 4.354 50.395 34.854 52.611 6.546 140.61 8.623 14.7304 16.3098 10.0133 12.0137 6.6685 11.2015 6.4581 9.328 0.0
2016-08-09 07:08:49.972000 217831.157 4.188 50.397 34.786 52.613 6.559 140.612 8.6402 14.7304 16.3104 10.0099 12.0097 6.5782 11.1962 6.458 9.328 0.0
2016-08-09 07:10:30.022000 217931.207 4.173 50.398 34.544 52.617 6.56 140.613 8.668 14.7312 16.3111 10.0066 12.0058 6.6507 11.1895 6.4582 9.328 0.0
2016-08-09 07:12:12.032000 218033.217 4.175 50.4 34.711 52.618 6.461 140.613 8.683 14.7318 16.3116 10.0034 12.0018 6.6887 11.1887 6.4591 9.328 0.0
2016-08-09 07:13:52.262000 218133.447 4.349 50.401 34.84 52.619 6.508 140.613 8.6551 14.7307 16.3109 10.0002 11.9981 6.6922 11.1872 6.4586 9.328 0.0
2016-08-09 07:15:32.642000 218233.827 4.52 50.399 34.598 52.616 6.547 140.609 8.6299 14.7297 16.3102 9.9969 11.9944 6.5729 11.1812 6.4569 9.328 0.0
2016-08-09 07:17:12.802000 218333.987 4.415 50.399 34.828 52.618 6.561 140.616 8.6619 14.7308 16.3107 9.9936 11.9904 6.5877 11.1809 6.4574 9.328 0.0
2016-08-09 07:18:54.874000 218436.059 4.489 50.401 34.729 52.616 6.558 140.618 8.6827 14.7313 16.3111 9.9905 11.9868 6.6395 11.174 6.4574 9.328 0.0
2016-08-09 07:20:35.123000 218536.308 4.594 50.399 34.314 52.616 6.549 140.612 8.6304 14.73 16.3108 9.9872 11.9829 6.6371 11.1727 6.4569 9.328 0.0
2016-08-09 07:22:15.303000 218636.488 4.554 50.401 34.552 52.617 6.558 140.619 8.6482 14.7299 16.3107 9.9843 11.9793 6.5652 11.1706 6.4581 9.328 0.0
2016-08-09 07:23:55.513000 218736.698 4.538 50.399 34.21 52.62 6.561 140.62 8.6819 14.7302 16.3117 9.9813 11.9754 6.6523 11.1715 6.4561 9.328 0.0
2016-08-09 07:25:37.654000 218838.839 4.326 50.404 34.093 52.619 6.546 140.622 8.6813 14.7289 16.3105 9.9783 11.9718 6.6677 11.165 6.4564 9.327 0.0
2016-08-09 07:27:17.974000 218939.159 4.2 50.404 34.367 52.62 6.548 140.623 8.6225 14.729 16.3112 9.975 11.968 6.5648 11.1609 6.4555 9.327 0.0
2016-08-09 07:28:58.284000 219039.469 4.261 50.407 34.148 52.624 6.558 140.625 8.6658 14.7292 16.3108 9.972 11.9644 6.6053 11.1598 6.4561 9.327 0.0
2016-08-09 07:30:38.655000 219139.84 4.175 50.406 34.513 52.623 6.533 140.621 8.6423 14.7297 16.3108 9.9689 11.9605 6.6303 11.1528 6.456 9.327 0.0
2016-08-09 07:32:20.835000 219242.02 4.452 50.405 34.697 52.623 6.547 140.627 8.6496 14.7291 16.3105 9.9656 11.9568 6.5629 11.1505 6.455 9.327 0.0
2016-08-09 07:34:01.335000 219342.52 4.588 50.406 34.861 52.623 6.559 140.629 8.6668 14.729 16.311 9.9626 11.9528 6.6077 11.149 6.4537 9.327 0.0
2016-08-09 07:35:41.785000 219442.97 4.506 50.406 34.689 52.624 6.553 140.632 8.6316 14.7293 16.3106 9.9594 11.9493 6.6817 11.144 6.4554 9.327 0.0
2016-08-09 07:37:22.205000 219543.39 4.582 50.406 34.32 52.622 6.558 140.631 8.6236 14.7275 16.3102 9.9563 11.9453 6.5914 11.1379 6.4539 9.327 0.0
2016-08-09 07:39:04.625000 219645.81 4.184 50.406 34.497 52.624 6.56 140.633 8.6748 14.7291 16.3116 9.9528 11.9418 6.6251 11.138 6.4557 9.328 0.0
2016-08-09 07:40:45.085000 219746.27 4.213 50.406 34.806 52.624 6.544 140.633 8.6806 14.73 16.3115 9.9496 11.9379 6.6891 11.136 6.4547 9.327 0.0
2016-08-09 07:42:25.256000 219846.441 4.404 50.404 34.59 52.622 6.554 140.635 8.6402 14.728 16.3109 9.9464 11.9342 6.6252 11.1351 6.4534 9.327 0.0
2016-08-09 07:44:05.716000 219946.901 4.564 50.401 34.823 52.621 6.558 140.631 8.6716 14.7299 16.3114 9.9433 11.9306 6.6857 11.13 6.4534 9.326 0.0
2016-08-09 07:45:48.037000 220049.222 4.589 50.401 34.369 52.618 6.55 140.639 8.6332 14.7288 16.3106 9.9399 11.9266 6.5731 11.1224 6.4542 9.327 0.0
2016-08-09 07:47:28.577000 220149.762 4.401 50.4 34.103 52.618 6.56 140.64 8.6699 14.7288 16.3113 9.9368 11.9229 6.6136 11.1225 6.4545 9.327 0.0
2016-08-09 07:49:08.917000 220250.102 4.214 50.4 34.239 52.617 6.542 140.64 8.6797 14.7279 16.31 9.9328 11.9193 6.6875 11.1199 6.4521 9.326 0.0
2016-08-09 07:50:49.287000 220350.472 4.171 50.401 34.682 52.618 6.557 140.642 8.648 14.728 16.3111 9.9302 11.9155 6.6403 11.1138 6.4527 9.326 0.0
2016-08-09 07:52:31.857000 220453.042 4.522 50.402 34.602 52.62 6.556 140.644 8.6726 14.7291 16.3112 9.9272 11.9117 6.6342 11.1131 6.4539 9.326 0.0
2016-08-09 07:54:12.458000 220553.643 4.528 50.402 34.237 52.62 6.547 140.647 8.6266 14.7277 16.31 9.9239 11.9081 6.6304 11.1112 6.4522 9.326 0.0
2016-08-09 07:55:53.078000 220654.263 4.339 50.403 34.084 52.623 6.559 140.648 8.6595 14.7287 16.3113 9.9208 11.9042 6.6069 11.1091 6.453 9.326 0.0
2016-08-09 07:57:33.698000 220754.883 4.266 50.406 34.856 52.622 6.553 140.65 8.6807 14.7295 16.3104 9.9177 11.9005 6.6837 11.1031 6.4534 9.326 0.0
2016-08-09 07:59:16.119000 220857.304 4.361 50.405 34.834 52.623 6.531 140.65 8.639 14.7282 16.3102 9.9145 11.8969 6.561 11.1045 6.4522 9.326 0.0
2016-08-09 08:00:56.639000 220957.824 4.321 50.405 34.64 52.625 6.551 140.647 8.6698 14.7294 16.312 9.9115 11.8934 6.642 11.0967 6.4536 9.327 0.0
2016-08-09 08:02:37.299000 221058.484 4.211 50.408 34.255 52.627 6.545 140.653 8.6789 14.7296 16.3101 9.9085 11.8896 6.6317 11.0981 6.4522 9.327 0.0
2016-08-09 08:04:17.949000 221159.134 4.169 50.408 34.62 52.627 6.553 140.654 8.6455 14.7289 16.3116 9.9055 11.8861 6.5729 11.0936 6.4529 9.327 0.0
2016-08-09 08:06:00.240000 221261.425 4.498 50.41 34.708 52.631 6.56 140.656 8.6634 14.7296 16.3122 9.9025 11.8824 6.6422 11.0906 6.4534 9.327 0.0
2016-08-09 08:07:40.910000 221362.095 4.591 50.413 34.282 52.632 6.548 140.659 8.6801 14.7305 16.3115 9.8996 11.8789 6.6587 11.0889 6.4539 9.327 0.0
2016-08-09 08:09:21.670000 221462.855 4.171 50.415 34.652 52.634 6.547 140.658 8.6784 14.729 16.3112 9.8965 11.8753 6.6588 11.0851 6.4539 9.327 0.0
2016-08-09 08:11:02.340000 221563.525 4.253 50.41 34.843 52.634 6.549 140.652 8.6338 14.7297 16.3117 9.8936 11.8717 6.5684 11.0838 6.453 9.327 0.0
2016-08-09 08:12:44.551000 221665.736 4.344 50.411 34.844 52.635 6.553 140.655 8.6351 14.7301 16.3129 9.8908 11.8682 6.5793 11.0786 6.4552 9.328 0.0
2016-08-09 08:14:25.091000 221766.276 4.303 50.413 34.605 52.634 6.53 140.661 8.6776 14.7321 16.3128 9.888 11.8645 6.6166 11.0761 6.4551 9.329 0.0
2016-08-09 08:16:05.861000 221867.046 4.207 50.413 34.344 52.634 6.561 140.654 8.6734 14.7321 16.3136 9.8852 11.8611 6.6482 11.0773 6.4545 9.329 0.0
2016-08-09 08:17:46.642000 221967.827 4.486 50.417 34.727 52.639 6.528 140.66 8.6632 14.7318 16.3132 9.8823 11.8578 6.5992 11.0683 6.4544 9.329 0.0
2016-08-09 08:19:29.102000 222070.287 4.319 50.419 34.635 52.639 6.554 140.661 8.6392 14.7318 16.3129 9.8795 11.8544 6.5759 11.0701 6.456 9.33 0.0
2016-08-09 08:21:10.410000 222171.595 4.324 50.42 34.867 52.643 6.831 140.66 8.4769 16.0599 17.4367 9.8762 11.8511 7.0795 11.0626 6.4881 9.37 0.0
2016-08-09 08:22:51.690000 222272.875 8.459 50.374 33.368 52.592 13.564 135.476 14.2596 22.4812 21.6861 10.1428 12.6539 14.3813 11.0859 7.0069 13.157 0.0
2016-08-09 08:24:32.550000 222373.735 11.829 50.277 35.548 52.537 14.848 127.206 15.7814 26.2585 24.2126 10.8805 13.5938 15.4459 11.1036 7.2084 15.394 0.0
2016-08-09 08:26:15.360000 222476.545 9.854 50.579 35.901 52.778 15.2 122.035 16.1769 28.4687 25.9581 11.8853 14.3824 15.7518 11.1277 7.3128 16.233 0.0
2016-08-09 08:27:56.450000 222577.635 12.186 50.91 36.93 53.064 15.357 117.826 16.3158 29.7647 27.0973 12.9155 15.0115 15.8741 11.2497 7.346 16.584 0.0
2016-08-09 08:29:37.341000 222678.526 10.17 51.256 37.034 53.378 15.398 114.056 16.3288 30.5122 27.7772 13.7659 15.5271 15.8899 11.6258 7.357 16.736 0.0
2016-08-09 08:31:20.171000 222781.356 12.652 51.645 37.913 53.732 15.368 110.454 16.2629 30.9625 28.303 14.4425 15.9269 15.8388 11.8621 7.3641 16.782 0.0
2016-08-09 08:33:01.121000 222882.306 10.142 52.057 38.66 54.115 15.29 107.064 16.1493 31.1566 28.6608 14.9485 16.2415 15.7443 11.9793 7.3696 16.764 0.0
2016-08-09 08:34:42.061000 222983.246 12.575 52.497 39.389 54.531 15.178 103.766 16.001 31.1915 28.8375 15.3315 16.4843 15.6197 12.0725 7.3737 16.707 0.0
2016-08-09 08:36:23.021000 223084.206 9.947 52.966 40.038 54.978 15.042 100.562 15.8356 31.1088 28.8689 15.6005 16.6655 15.4719 12.162 7.3776 16.62 0.0
2016-08-09 08:38:05.871000 223187.056 11.044 53.463 40.954 55.452 14.89 97.3422 15.6483 30.9365 28.8 15.7828 16.7989 15.3014 12.2429 7.3762 16.512 0.0
2016-08-09 08:39:46.661000 223287.846 10.413 53.963 41.288 55.932 14.73 94.2349 15.449 30.6948 28.6531 15.8918 16.8871 15.1193 12.3126 7.3763 16.391 0.0
2016-08-09 08:41:27.642000 223388.827 10.418 54.466 42.179 56.414 14.556 91.1256 15.2338 30.4217 28.4439 15.9463 16.9404 14.9283 12.3867 7.3697 16.257 0.0
2016-08-09 08:43:08.695000 223489.88 10.425 54.961 42.402 56.896 14.372 88.0455 15.0059 30.1018 28.1865 15.9562 16.9632 14.7384 12.4603 7.357 16.114 0.0
2016-08-09 08:44:51.526000 223592.711 11.639 55.455 43.067 57.376 14.172 84.9342 14.7766 29.8081 27.9312 15.9279 16.9585 14.5331 12.5149 7.339 15.961 0.0
2016-08-09 08:46:32.366000 223693.551 9.192 55.924 43.344 57.834 13.967 81.8672 14.5406 29.5253 27.737 15.868 16.9301 14.324 12.5696 7.317 15.804 0.0
2016-08-09 08:48:13.336000 223794.521 10.652 56.376 43.866 58.272 13.752 78.7884 14.3021 29.2234 27.5201 15.7798 16.8807 14.1043 12.6203 7.2893 15.639 0.0
2016-08-09 08:49:54.376000 223895.561 9.11 56.802 43.994 58.687 13.525 75.7138 14.0533 28.8633 27.2946 15.6672 16.8116 13.8708 12.6691 7.2512 15.467 0.0
2016-08-09 08:51:37.067000 223998.252 9.228 57.216 44.428 59.087 13.298 72.5608 13.7965 28.3866 27.0385 15.5298 16.7229 13.6209 12.7094 7.2076 15.283 0.0
2016-08-09 08:53:18.148000 224099.333 10.353 57.595 44.373 59.462 13.064 69.4302 13.5312 27.9363 26.8067 15.3728 16.618 13.3712 12.7462 7.1547 15.093 0.0
2016-08-09 08:54:59.218000 224200.403 8.601 57.953 44.761 59.812 12.813 66.2898 13.2599 27.6244 26.5601 15.1952 16.4967 13.1168 12.7871 7.0893 14.902 0.0
2016-08-09 08:56:40.278000 224301.463 8.21 58.282 44.748 60.144 12.544 63.1111 12.9743 27.289 26.2913 14.996 16.3574 12.8425 12.8101 7.0095 14.706 0.0
2016-08-09 08:58:23.209000 224404.394 9.86 58.593 44.898 60.465 12.259 59.9043 12.6689 26.9227 26.0021 14.7857 16.2002 12.5347 12.8412 6.9095 14.492 0.0
2016-08-09 09:00:04.139000 224505.324 8.332 58.877 44.757 60.761 11.946 56.7677 12.3435 26.5635 25.7605 14.5564 16.026 12.2137 12.8549 6.7988 14.258 0.0
2016-08-09 09:01:45.319000 224606.504 9.151 59.145 44.792 61.032 11.59 53.6479 11.9834 26.1513 25.4996 14.3089 15.841 11.8528 12.875 6.6659 13.997 0.0
2016-08-09 09:03:28.589000 224709.774 7.483 59.393 44.951 61.295 11.205 50.5275 11.5901 25.7395 25.1931 14.0311 15.6305 11.4404 12.8775 6.5091 13.697 0.0
2016-08-09 09:05:09.630000 224810.815 8.182 59.614 44.666 61.532 10.786 47.5183 11.1741 25.3116 24.9173 13.7391 15.4006 11.017 12.8851 6.3276 13.382 0.0
2016-08-09 09:06:50.381000 224911.566 6.694 59.818 44.823 61.751 10.338 44.5369 10.725 24.8757 24.6942 13.4175 15.1461 10.5456 12.8761 6.1217 13.055 0.0
2016-08-09 09:08:31.601000 225012.786 7.317 60.004 44.562 61.954 9.866 41.5506 10.2407 24.4928 24.4366 13.0704 14.8696 10.067 12.8645 5.8802 12.699 0.0
2016-08-09 09:10:14.786000 225115.971 6.755 60.178 44.49 62.143 9.354 38.5101 9.7028 23.9998 24.1346 12.6919 14.5695 9.5258 12.8433 5.5946 12.323 0.0
2016-08-09 09:11:56.076000 225217.261 5.57 60.332 44.477 62.315 8.86 35.5622 9.1592 23.6631 23.8879 12.2939 14.2582 9.0202 12.8135 5.2816 11.953 0.0
2016-08-09 09:13:37.026000 225318.211 5.857 60.473 44.338 62.474 8.4 32.6226 8.6482 23.2345 23.6827 11.8795 13.9363 8.5332 12.7702 4.9424 11.596 0.0
2016-08-09 09:15:20.146000 225421.331 5.515 60.605 44.353 62.621 7.98 29.2694 8.1521 22.8489 23.4521 11.4487 13.6081 8.0928 12.7222 4.6039 11.277 0.0
2016-08-09 09:17:01.327000 225522.512 4.798 60.722 44.144 62.759 7.588 26.1025 7.7014 22.5512 23.2112 11.0247 13.2912 7.6854 12.6829 4.3468 10.993 0.0
2016-08-09 09:18:42.667000 225623.852 5.035 60.834 43.926 62.885 7.246 23.5573 7.2918 22.2441 22.9823 10.6239 12.9803 7.3189 12.6384 4.0682 10.736 0.0
2016-08-09 09:20:24.037000 225725.222 4.402 60.934 44.079 63.003 6.847 21.5196 6.9297 21.9562 22.8578 10.2427 12.688 7.0022 12.6008 3.7735 10.507 0.0
2016-08-09 09:22:07.227000 225828.412 4.263 61.028 43.977 63.115 6.667 19.9033 6.6016 21.7109 22.7344 9.8664 12.4026 6.7049 12.563 3.467 10.318 0.0
2016-08-09 09:23:48.837000 225930.022 4.276 61.116 43.669 63.216 6.359 18.4471 6.3214 21.5085 22.621 9.5089 12.1391 6.4425 12.5263 3.1594 10.153 0.0
2016-08-09 09:25:30.367000 226031.552 4.48 61.194 43.535 63.313 6.042 17.0537 6.0645 21.3378 22.515 9.1696 11.8915 6.1967 12.4946 2.8478 10.004 0.0
2016-08-09 09:27:11.937000 226133.122 4.186 61.259 43.466 63.393 5.975 15.6892 5.8111 21.1916 22.4161 8.8429 11.661 5.9622 12.4655 2.5355 9.863 0.0
2016-08-09 09:28:55.408000 226236.593 3.995 61.299 43.068 63.452 5.76 14.3189 5.5526 21.0633 22.3234 8.5336 11.4402 5.7321 12.4304 2.2703 9.726 0.0
2016-08-09 09:30:36.908000 226338.093 3.721 61.291 42.483 63.472 5.557 12.9922 5.3024 20.9418 22.2407 8.2879 11.2434 5.514 12.4102 3.4349 9.598 0.0
