2016-12-09 00:01:09.558000 301094.42 3.367 50.002 33.634 52.264 4.102 5.5481 3.5461 3.8576 4.3936 3.9988 4.2334 3.9416 3.8508 3.7805 7.962 6.38602004355 3.9677
2016-12-09 00:03:00.228000 301205.09 3.375 50.002 34.007 52.262 4.101 5.5452 3.5463 3.858 4.3935 3.999 4.2339 3.9411 3.8503 3.7807 7.962 6.40155611346 3.9676
2016-12-09 00:04:48.063000 301312.925 3.417 50.0 33.305 52.263 4.101 5.5423 3.5466 3.8578 4.3932 3.999 4.2337 3.9408 3.8509 3.7804 7.962 6.1995872047 3.9666
2016-12-09 00:06:38.415000 301423.277 3.369 50.002 33.28 52.262 4.102 5.5391 3.547 3.8579 4.3938 3.999 4.2337 3.9417 3.8504 3.7806 7.962 6.2151232746 3.9678
2016-12-09 00:08:26.025000 301530.887 3.446 49.999 34.065 52.265 4.101 5.536 3.5466 3.858 4.3936 3.9991 4.2339 3.9403 3.8502 3.7806 7.962 6.35494790374 3.9671
2016-12-09 00:10:16.107000 301640.969 3.368 50.002 33.975 52.266 4.101 5.5332 3.5465 3.8576 4.3937 3.9991 4.2337 3.9404 3.8506 3.7804 7.962 6.35494790374 3.9665
2016-12-09 00:12:03.969000 301748.831 3.414 50.004 33.305 52.266 4.099 5.5303 3.5464 3.8562 4.3924 3.9991 4.233 3.9383 3.8503 3.7803 7.961 6.16851506489 3.9673
2016-12-09 00:13:54.388000 301859.25 3.364 50.005 33.336 52.264 4.099 5.5271 3.5466 3.8563 4.3923 3.9989 4.2327 3.9387 3.8504 3.7806 7.961 6.23065934451 3.967
2016-12-09 00:15:42.213000 301967.075 3.511 50.005 33.983 52.267 4.098 5.5242 3.5465 3.855 4.391 3.9988 4.2319 3.9376 3.85 3.7802 7.96 6.40155611346 3.9671
2016-12-09 00:17:32.351000 302077.213 3.581 50.005 34.065 52.265 4.1 5.5211 3.5469 3.8561 4.3922 3.9987 4.2322 3.94 3.8502 3.7811 7.961 6.16851506489 3.9666
2016-12-09 00:19:20.237000 302185.099 3.391 50.002 33.452 52.265 4.101 5.5182 3.547 3.8571 4.3929 3.9986 4.233 3.9401 3.85 3.7801 7.961 6.2151232746 3.9676
2016-12-09 00:21:10.645000 302295.507 3.365 50.005 33.633 52.265 4.099 5.5151 3.5464 3.8564 4.3926 3.9985 4.2327 3.9392 3.8501 3.7803 7.961 6.41709218336 3.967
2016-12-09 00:22:58.539000 302403.401 3.569 50.001 33.368 52.263 4.101 5.5123 3.5466 3.8575 4.3936 3.9985 4.2333 3.9402 3.8501 3.7797 7.962 6.27726755422 3.9665
2016-12-09 00:24:48.476000 302513.338 3.585 50.0 33.676 52.262 4.103 5.5094 3.5467 3.8582 4.3938 3.9985 4.2339 3.9426 3.8497 3.78 7.962 6.15297899498 3.9673
2016-12-09 00:26:36.377000 302621.239 3.389 50.0 34.054 52.262 4.102 5.5067 3.5471 3.8594 4.3945 3.9987 4.2347 3.9418 3.8493 3.7796 7.963 6.43262825326 3.9665
2016-12-09 00:28:38.844000 302743.706 3.596 50.0 33.618 52.262 4.105 5.5036 3.5472 3.8596 4.395 3.9988 4.2348 3.9439 3.8493 3.7801 7.963 6.32387576393 3.9662
2016-12-09 00:30:26.846000 302851.708 3.393 50.001 34.064 52.263 4.103 5.5007 3.5474 3.8592 4.3947 3.999 4.2349 3.9421 3.85 3.7802 7.963 6.35494790374 3.9664
2016-12-09 00:32:17.157000 302962.019 3.363 50.0 33.769 52.262 4.104 5.4976 3.5481 3.8605 4.3954 3.9992 4.2355 3.9434 3.8492 3.7794 7.963 6.12190685517 3.9664
2016-12-09 00:34:04.899000 303069.761 3.512 50.001 33.307 52.262 4.103 5.4946 3.5478 3.8605 4.3955 3.9992 4.2358 3.9431 3.8501 3.7799 7.963 6.37048397365 3.9663
2016-12-09 00:35:55.377000 303180.239 3.409 50.002 33.354 52.263 4.102 5.4919 3.5475 3.8593 4.395 3.9995 4.2353 3.9418 3.8495 3.7799 7.963 6.1995872047 3.9665
2016-12-09 00:37:43.377000 303288.239 3.582 50.003 33.684 52.266 4.1 5.4891 3.5475 3.8574 4.3938 3.9994 4.2342 3.94 3.8493 3.7798 7.962 6.38602004355 3.966
2016-12-09 00:39:34.005000 303398.867 3.523 50.005 33.32 52.266 4.102 5.4861 3.5475 3.8576 4.3937 3.9993 4.234 3.9411 3.8488 3.7796 7.962 6.12190685517 3.9664
2016-12-09 00:41:21.974000 303506.836 3.501 50.003 34.027 52.265 4.102 5.4833 3.5477 3.8575 4.3936 3.9991 4.234 3.9408 3.8488 3.7792 7.962 6.18405113479 3.9661
2016-12-09 00:43:12.609000 303617.471 3.58 50.006 33.645 52.267 4.1 5.4804 3.5477 3.8564 4.3927 3.999 4.2334 3.9398 3.849 3.7799 7.961 6.24619541441 3.9664
2016-12-09 00:45:00.693000 303725.555 3.568 50.005 33.699 52.268 4.1 5.4776 3.5476 3.8569 4.393 3.9989 4.2335 3.9393 3.849 3.7794 7.961 6.1995872047 3.9659
2016-12-09 00:46:51.077000 303835.939 3.496 50.003 33.998 52.266 4.102 5.475 3.5476 3.8577 4.3934 3.9987 4.2337 3.9409 3.849 3.7791 7.962 6.1995872047 3.966
2016-12-09 00:48:38.918000 303943.78 3.362 50.003 33.699 52.266 4.101 5.4722 3.5477 3.858 4.3937 3.9987 4.234 3.9411 3.8489 3.7795 7.962 6.30833969403 3.9658
2016-12-09 00:50:29.651000 304054.513 3.553 50.005 34.003 52.266 4.1 5.4691 3.5481 3.8571 4.393 3.9987 4.2334 3.9395 3.849 3.779 7.962 6.16851506489 3.9655
2016-12-09 00:52:17.726000 304162.588 3.366 50.005 33.967 52.268 4.1 5.4666 3.5482 3.8568 4.3929 3.9985 4.2332 3.9398 3.8482 3.7789 7.962 6.33941183384 3.9661
2016-12-09 00:54:08.429000 304273.291 3.455 50.006 34.065 52.268 4.101 5.4635 3.5479 3.8568 4.3927 3.9984 4.2331 3.94 3.8489 3.7789 7.961 6.26173148431 3.9659
2016-12-09 00:55:56.620000 304381.482 3.43 50.004 34.082 52.266 4.1 5.4608 3.548 3.8574 4.3932 3.9984 4.2334 3.9402 3.8482 3.7792 7.962 6.26173148431 3.9658
2016-12-09 00:57:47.316000 304492.178 3.539 50.005 33.823 52.267 4.101 5.4579 3.5481 3.8571 4.3929 3.9982 4.2332 3.9398 3.8484 3.7786 7.961 6.35494790374 3.9658
2016-12-09 00:59:35.493000 304600.355 3.529 50.005 33.903 52.266 4.101 5.4551 3.5481 3.8574 4.3931 3.9981 4.2334 3.9405 3.8487 3.7784 7.962 6.26173148431 3.966
2016-12-09 01:01:25.966000 304710.828 3.423 50.007 34.078 52.266 4.1 5.4522 3.5476 3.8572 4.3929 3.9981 4.2333 3.94 3.8477 3.779 7.962 6.10637078527 3.9653
2016-12-09 01:03:13.869000 304818.731 3.376 50.007 33.52 52.268 4.101 5.4494 3.5476 3.8574 4.3929 3.9981 4.2333 3.9408 3.8484 3.7788 7.962 6.40155611346 3.9655
2016-12-09 01:05:04.621000 304929.483 3.539 50.005 33.894 52.268 4.104 5.4465 3.5475 3.8591 4.3948 3.9981 4.2343 3.9432 3.8482 3.7781 7.963 6.32387576393 3.9652
2016-12-09 01:06:52.832000 305037.694 3.362 50.003 33.936 52.267 4.103 5.444 3.5479 3.8599 4.3951 3.9983 4.2349 3.9427 3.8484 3.7788 7.963 6.27726755422 3.9654
2016-12-09 01:08:43.896000 305148.758 3.403 50.007 33.609 52.269 4.102 5.4412 3.5481 3.8595 4.3947 3.9983 4.235 3.9413 3.8483 3.7781 7.963 6.13744292508 3.9648
2016-12-09 01:10:31.843000 305256.705 3.388 50.008 34.065 52.271 4.101 5.4385 3.5481 3.8581 4.394 3.9983 4.2342 3.9408 3.848 3.7786 7.962 6.30833969403 3.9654
2016-12-09 01:12:22.881000 305367.743 3.369 50.01 33.332 52.271 4.1 5.4358 3.548 3.8573 4.3933 3.9983 4.2336 3.9401 3.8484 3.7786 7.962 6.12190685517 3.9648
2016-12-09 01:14:10.893000 305475.755 3.577 50.009 34.036 52.271 4.1 5.433 3.5481 3.8576 4.3935 3.9982 4.2337 3.9402 3.8477 3.7782 7.962 6.10637078527 3.9644
2016-12-09 01:16:02.024000 305586.886 3.359 50.01 33.913 52.273 4.099 5.4303 3.5479 3.8563 4.3923 3.9981 4.233 3.9381 3.8478 3.7779 7.961 6.33941183384 3.9649
2016-12-09 01:17:50.009000 305694.871 3.433 50.01 33.262 52.272 4.099 5.4276 3.5478 3.8561 4.392 3.9978 4.2326 3.9389 3.8478 3.778 7.961 6.23065934451 3.9646
2016-12-09 01:19:41.139000 305806.001 3.421 50.012 34.076 52.272 4.1 5.4248 3.5477 3.8563 4.3921 3.9976 4.2324 3.9387 3.8478 3.7774 7.961 6.04422650565 3.9646
2016-12-09 01:21:29.180000 305914.042 3.412 50.01 33.292 52.271 4.1 5.4222 3.5478 3.8569 4.3926 3.9974 4.2317 3.94 3.8471 3.7774 7.962 6.38602004355 3.9642
2016-12-09 01:23:20.351000 306025.213 3.593 50.01 34.077 52.272 4.1 5.4197 3.5481 3.8569 4.3926 3.9974 4.233 3.9394 3.8471 3.7777 7.962 6.29280362412 3.9643
2016-12-09 01:25:08.698000 306133.56 3.444 50.015 34.094 52.275 4.098 5.417 3.5482 3.8556 4.3918 3.9973 4.2323 3.9374 3.848 3.7775 7.961 6.09083471536 3.9642
2016-12-09 01:26:59.371000 306244.233 3.457 50.014 33.261 52.277 4.098 5.4142 3.548 3.8554 4.3915 3.997 4.2319 3.9379 3.8474 3.7776 7.961 6.12190685517 3.9637
2016-12-09 01:28:47.785000 306352.647 3.515 50.016 33.906 52.275 4.098 5.4117 3.5479 3.8548 4.3913 3.9968 4.2316 3.9372 3.8475 3.7768 7.961 6.35494790374 3.9636
2016-12-09 01:30:38.754000 306463.616 3.372 50.014 33.38 52.276 4.099 5.4089 3.5478 3.8554 4.3918 3.9968 4.2318 3.9388 3.8476 3.7771 7.961 6.13744292508 3.9639
2016-12-09 01:32:26.873000 306571.735 3.4 50.012 33.349 52.273 4.1 5.4065 3.5479 3.8568 4.3928 3.9967 4.2327 3.9395 3.8475 3.7769 7.962 6.04422650565 3.9643
2016-12-09 01:34:17.958000 306682.82 3.473 50.014 34.063 52.277 4.099 5.4038 3.5479 3.856 4.392 3.9967 4.2323 3.9391 3.8468 3.7774 7.962 6.18405113479 3.9638
2016-12-09 01:36:06.047000 306790.909 3.372 50.015 33.558 52.277 4.1 5.4013 3.5475 3.8567 4.3927 3.9967 4.2325 3.94 3.8473 3.7772 7.962 6.32387576393 3.9638
2016-12-09 01:37:57.116000 306901.978 3.527 50.013 33.944 52.275 4.1 5.3985 3.5475 3.8574 4.3931 3.9966 4.2331 3.9399 3.8468 3.7769 7.962 6.16851506489 3.9634
2016-12-09 01:39:45.215000 307010.077 3.515 50.017 33.974 52.277 4.099 5.3958 3.5475 3.8557 4.3918 3.9966 4.2323 3.939 3.8468 3.7764 7.962 6.2151232746 3.9632
2016-12-09 01:41:36.272000 307121.134 3.406 50.015 33.35 52.28 4.099 5.3931 3.5476 3.8557 4.3917 3.9964 4.232 3.9387 3.8467 3.7767 7.962 6.13744292508 3.9635
2016-12-09 01:43:24.460000 307229.322 3.571 50.019 33.729 52.279 4.098 5.3904 3.5473 3.855 4.3911 3.9963 4.2318 3.9376 3.847 3.7764 7.961 6.07529864546 3.9636
2016-12-09 01:45:15.178000 307340.04 3.364 50.019 33.63 52.28 4.098 5.3879 3.5473 3.8546 4.391 3.9963 4.2312 3.9375 3.8461 3.7768 7.961 6.2151232746 3.9634
2016-12-09 01:47:03.567000 307448.429 3.369 50.02 33.385 52.28 4.098 5.385 3.5473 3.8551 4.3912 3.9961 4.2316 3.9377 3.8463 3.7761 7.961 6.16851506489 3.963
2016-12-09 01:48:54.377000 307559.239 3.364 50.019 33.968 52.281 4.098 5.3826 3.5473 3.8547 4.3909 3.9959 4.2312 3.9379 3.8468 3.7764 7.961 6.05976257555 3.9629
2016-12-09 01:50:42.817000 307667.679 3.358 50.02 33.964 52.28 4.097 5.3797 3.5471 3.8542 4.3906 3.9957 4.231 3.9365 3.8462 3.7758 7.961 6.16851506489 3.9632
2016-12-09 01:52:33.681000 307778.543 3.574 50.018 33.709 52.282 4.098 5.377 3.5471 3.8547 4.3909 3.9956 4.2311 3.9376 3.8457 3.7757 7.961 6.23065934451 3.9627
2016-12-09 01:54:22.176000 307887.038 3.576 50.02 33.707 52.281 4.1 5.3744 3.547 3.8549 4.3915 3.9956 4.2313 3.9391 3.8462 3.7756 7.962 6.32387576393 3.9625
2016-12-09 01:56:13.015000 307997.877 3.372 50.017 33.365 52.28 4.099 5.3718 3.5471 3.8557 4.392 3.9956 4.232 3.9383 3.8462 3.7756 7.962 6.24619541441 3.9627
2016-12-09 01:58:01.545000 308106.407 3.372 50.019 33.545 52.28 4.098 5.3692 3.5468 3.855 4.3918 3.9955 4.2315 3.9376 3.8459 3.7753 7.962 6.04422650565 3.9624
2016-12-09 01:59:52.506000 308217.368 3.521 50.019 33.95 52.281 4.099 5.3666 3.5468 3.8554 4.392 3.9955 4.2316 3.9378 3.8455 3.7753 7.962 6.01315436584 3.9624
2016-12-09 02:01:41.040000 308325.902 3.498 50.019 34.031 52.279 4.099 5.3638 3.5472 3.856 4.3922 3.9955 4.2308 3.938 3.8454 3.7754 7.962 6.24619541441 3.9625
2016-12-09 02:03:32.017000 308436.879 3.417 50.021 33.275 52.282 4.098 5.3613 3.5471 3.8552 4.3916 3.9953 4.2314 3.9378 3.8456 3.7752 7.962 6.01315436584 3.9618
2016-12-09 02:05:20.593000 308545.455 3.427 50.021 33.252 52.282 4.098 5.3589 3.5475 3.8549 4.391 3.9952 4.2312 3.9373 3.8451 3.7754 7.961 6.18405113479 3.9622
2016-12-09 02:07:11.567000 308656.429 3.426 50.021 34.086 52.28 4.098 5.3563 3.5474 3.855 4.391 3.995 4.2312 3.9375 3.8453 3.7747 7.961 6.26173148431 3.9619
2016-12-09 02:09:00.237000 308765.099 3.404 50.022 34.094 52.282 4.096 5.3539 3.547 3.8543 4.3906 3.9949 4.2309 3.9359 3.8453 3.775 7.961 6.15297899498 3.9619
2016-12-09 02:10:51.232000 308876.094 3.507 50.019 33.327 52.282 4.097 5.3513 3.5469 3.8541 4.3906 3.9949 4.2306 3.9363 3.8455 3.7744 7.961 6.01315436584 3.9625
2016-12-09 02:12:39.909000 308984.771 3.365 50.021 33.599 52.282 4.096 5.3486 3.5467 3.8533 4.3899 3.9948 4.2304 3.9353 3.8448 3.7747 7.961 6.24619541441 3.9621
2016-12-09 02:14:31.011000 309095.873 3.541 50.02 33.809 52.282 4.096 5.3461 3.5466 3.8531 4.3899 3.9946 4.2301 3.9359 3.8454 3.7745 7.961 6.27726755422 3.9615
2016-12-09 02:16:19.649000 309204.511 3.529 50.02 33.921 52.281 4.097 5.3435 3.5463 3.8539 4.3907 3.9945 4.2304 3.9361 3.8448 3.7742 7.961 6.10637078527 3.9613
2016-12-09 02:18:10.713000 309315.575 3.392 50.019 33.367 52.284 4.098 5.3408 3.5463 3.8537 4.3906 3.9943 4.2303 3.937 3.8446 3.7739 7.961 6.04422650565 3.9607
2016-12-09 02:19:59.416000 309424.278 3.368 50.02 34.008 52.281 4.098 5.3382 3.5466 3.8552 4.3912 3.9941 4.231 3.9375 3.8451 3.7737 7.962 6.2151232746 3.9607
2016-12-09 02:21:50.491000 309535.353 3.584 50.017 33.465 52.279 4.099 5.3357 3.5466 3.8555 4.3914 3.9941 4.2312 3.9385 3.8446 3.7736 7.962 6.26173148431 3.9611
2016-12-09 02:23:39.238000 309644.1 3.395 50.018 33.411 52.282 4.098 5.3336 3.5468 3.8547 4.3909 3.9941 4.2311 3.9372 3.8443 3.7736 7.961 6.04422650565 3.9611
2016-12-09 02:25:30.380000 309755.242 3.482 50.017 34.026 52.28 4.099 5.3311 3.5468 3.8554 4.3912 3.9941 4.2314 3.9387 3.8439 3.7735 7.962 6.18405113479 3.9604
2016-12-09 02:27:19.166000 309864.028 3.592 50.015 34.079 52.279 4.098 5.3284 3.5468 3.8552 4.3915 3.9942 4.2316 3.9381 3.8446 3.7735 7.962 6.2151232746 3.9607
2016-12-09 02:29:10.617000 309975.479 3.357 50.016 33.806 52.28 4.098 5.3259 3.5466 3.8552 4.3917 3.9942 4.2314 3.9377 3.844 3.7734 7.962 6.12190685517 3.9604
2016-12-09 02:30:59.156000 310084.018 3.489 50.018 33.757 52.279 4.098 5.3232 3.5469 3.8554 4.3916 3.9941 4.2314 3.9369 3.844 3.7733 7.961 6.26173148431 3.9598
2016-12-09 02:32:50.865000 310195.727 3.357 50.017 33.9 52.277 4.097 5.3209 3.5473 3.8545 4.391 3.994 4.2311 3.9368 3.8439 3.7729 7.961 6.16851506489 3.9599
2016-12-09 02:34:39.015000 310303.877 3.448 50.015 33.25 52.277 4.098 5.3184 3.5471 3.855 4.3912 3.994 4.2311 3.9377 3.8433 3.7731 7.961 6.05976257555 3.9603
2016-12-09 02:36:30.765000 310415.627 3.427 50.014 33.28 52.276 4.099 5.3159 3.5468 3.8556 4.3914 3.994 4.2313 3.9387 3.8435 3.7728 7.962 6.18405113479 3.96
2016-12-09 02:38:19.327000 310524.189 3.428 50.017 33.233 52.278 4.098 5.3135 3.5467 3.8544 4.3911 3.9939 4.2311 3.9381 3.8436 3.7723 7.961 6.10637078527 3.96
2016-12-09 02:40:10.846000 310635.708 3.596 50.013 33.547 52.275 4.1 5.311 3.5466 3.8557 4.3922 3.9938 4.2317 3.9389 3.8428 3.7728 7.962 5.99782179732 3.9598
2016-12-09 02:41:59.453000 310744.315 3.586 50.015 33.658 52.276 4.1 5.3084 3.5468 3.8565 4.3924 3.9938 4.2322 3.9394 3.8438 3.772 7.962 6.02869043575 3.9601
2016-12-09 02:43:50.993000 310855.855 3.598 50.012 34.063 52.273 4.1 5.3061 3.5475 3.8568 4.3926 3.994 4.2325 3.9398 3.8434 3.7725 7.962 6.15297899498 3.9598
2016-12-09 02:45:39.519000 310964.381 3.592 50.013 33.62 52.275 4.101 5.3039 3.5471 3.8568 4.3925 3.994 4.2325 3.9404 3.8431 3.7722 7.962 6.10637078527 3.9597
2016-12-09 02:47:31.070000 311075.932 3.461 50.014 34.062 52.277 4.098 5.3013 3.5472 3.8556 4.392 3.994 4.2322 3.938 3.8431 3.7725 7.962 6.05976257555 3.9597
2016-12-09 02:49:21.004000 311185.866 3.372 50.012 34.002 52.273 4.1 5.2988 3.5476 3.8564 4.3924 3.994 4.2321 3.9397 3.8425 3.772 7.962 6.2151232746 3.9593
2016-12-09 02:51:13.712000 311298.574 3.573 50.01 33.728 52.27 4.1 5.2964 3.5469 3.8565 4.3928 3.994 4.2323 3.9397 3.8429 3.7725 7.962 5.95519596113 3.9587
2016-12-09 02:53:03.703000 311408.565 3.498 50.012 34.024 52.272 4.098 5.2941 3.5473 3.8555 4.3915 3.994 4.2319 3.938 3.8433 3.7715 7.961 6.2151232746 3.9593
2016-12-09 02:54:56.233000 311521.095 3.496 50.011 33.297 52.27 4.099 5.2913 3.5471 3.8556 4.3921 3.9939 4.2318 3.9379 3.8428 3.7715 7.961 5.98361318526 3.9584
2016-12-09 02:56:46.450000 311631.312 3.395 50.008 33.365 52.269 4.099 5.2892 3.5471 3.8552 4.3917 3.9938 4.2317 3.9381 3.8422 3.7721 7.961 6.18405113479 3.9581
2016-12-09 02:58:39.176000 311744.038 3.432 50.009 34.074 52.268 4.097 5.2865 3.5474 3.8543 4.3907 3.9936 4.231 3.937 3.8422 3.7717 7.96 6.2151232746 3.9582
2016-12-09 03:00:29.244000 311854.106 3.362 50.006 33.999 52.268 4.097 5.284 3.5468 3.8547 4.3912 3.9935 4.231 3.9372 3.8426 3.7713 7.96 6.23065934451 3.9586
2016-12-09 03:02:20.556000 311965.418 3.388 50.006 33.458 52.268 4.098 5.2816 3.547 3.8548 4.3909 3.9933 4.231 3.9377 3.8423 3.7715 7.96 6.18405113479 3.9585
2016-12-09 03:04:09.264000 312074.126 3.405 50.002 33.311 52.265 4.099 5.2797 3.5473 3.8555 4.3917 3.9933 4.2313 3.9387 3.8417 3.7707 7.961 5.96940457319 3.9584
2016-12-09 03:06:00.652000 312185.514 3.595 50.005 33.46 52.264 4.1 5.2774 3.547 3.8553 4.3913 3.9932 4.2314 3.939 3.842 3.7713 7.961 6.2151232746 3.9582
2016-12-09 03:07:49.714000 312294.576 3.396 50.003 33.4 52.264 4.097 5.2748 3.5466 3.8551 4.3913 3.9931 4.2315 3.9366 3.8419 3.7718 7.96 5.926778737 3.9583
2016-12-09 03:09:41.378000 312406.24 3.371 50.005 33.543 52.263 4.097 5.2722 3.5468 3.8544 4.3907 3.9931 4.2308 3.9368 3.8419 3.771 7.96 5.99782179732 3.9579
2016-12-09 03:11:30.453000 312515.315 3.405 50.001 34.067 52.261 4.098 5.2703 3.5469 3.8551 4.3912 3.993 4.2311 3.9379 3.8414 3.7706 7.96 6.05976257555 3.9578
2016-12-09 03:13:22.219000 312627.081 3.463 49.999 33.626 52.261 4.1 5.2676 3.5469 3.8557 4.392 3.993 4.2316 3.9392 3.8413 3.7707 7.961 6.23065934451 3.958
2016-12-09 03:15:11.283000 312736.145 3.59 49.999 33.632 52.26 4.1 5.2652 3.547 3.8569 4.3929 3.9932 4.2324 3.9393 3.8418 3.7709 7.961 6.02869043575 3.9574
2016-12-09 03:17:03.080000 312847.942 3.488 50.001 34.038 52.26 4.098 5.2629 3.5476 3.8553 4.3915 3.993 4.2317 3.9375 3.8407 3.7703 7.96 6.12190685517 3.9576
2016-12-09 03:18:51.983000 312956.845 3.598 49.999 33.54 52.259 4.101 5.2606 3.547 3.8564 4.3923 3.9931 4.2319 3.9403 3.8407 3.7705 7.961 6.2151232746 3.9574
2016-12-09 03:20:43.754000 313068.616 3.583 50.0 33.47 52.26 4.098 5.2583 3.5468 3.8554 4.3915 3.993 4.2317 3.937 3.8409 3.7693 7.96 6.13744292508 3.9572
2016-12-09 03:22:32.834000 313177.696 3.391 49.999 33.393 52.259 4.099 5.256 3.5475 3.8559 4.392 3.9929 4.2318 3.9391 3.8413 3.7706 7.96 6.09083471536 3.9573
2016-12-09 03:24:24.614000 313289.476 3.373 49.997 33.386 52.259 4.1 5.254 3.5473 3.8566 4.3924 3.993 4.2325 3.9391 3.8402 3.77 7.961 6.2151232746 3.9569
2016-12-09 03:26:13.765000 313398.627 3.41 49.997 34.068 52.258 4.1 5.2515 3.547 3.8571 4.3929 3.9931 4.2328 3.94 3.8407 3.7701 7.961 5.99782179732 3.9571
2016-12-09 03:28:05.587000 313510.449 3.469 49.996 33.688 52.255 4.102 5.2488 3.5475 3.8577 4.3933 3.9931 4.233 3.9413 3.8409 3.7699 7.961 5.99782179732 3.9561
2016-12-09 03:29:54.760000 313619.622 3.598 49.995 33.524 52.254 4.102 5.2471 3.5476 3.858 4.3935 3.9932 4.2335 3.9415 3.8406 3.7702 7.961 6.02869043575 3.9562
2016-12-09 03:31:46.571000 313731.433 3.595 49.997 34.069 52.255 4.1 5.2445 3.5476 3.8561 4.3925 3.9932 4.2328 3.9394 3.84 3.7696 7.96 6.2151232746 3.9562
2016-12-09 03:33:35.541000 313840.403 3.411 49.995 33.585 52.258 4.101 5.2421 3.5475 3.857 4.3929 3.9931 4.2327 3.94 3.8404 3.7693 7.96 6.13744292508 3.9557
2016-12-09 03:35:27.431000 313952.293 3.581 49.995 33.465 52.256 4.099 5.2402 3.5483 3.8566 4.3925 3.9931 4.2326 3.9382 3.8406 3.7695 7.96 6.01315436584 3.9569
2016-12-09 03:37:16.620000 314061.482 3.374 49.999 34.025 52.258 4.097 5.2377 3.5475 3.8542 4.3911 3.9931 4.2314 3.9363 3.84 3.7694 7.959 5.89836151287 3.9566
2016-12-09 03:39:08.575000 314173.437 3.399 49.996 34.052 52.256 4.099 5.2352 3.5473 3.8555 4.3917 3.9928 4.2315 3.9388 3.8394 3.7694 7.96 6.16851506489 3.9567
2016-12-09 03:40:57.832000 314282.694 3.552 49.995 33.822 52.258 4.097 5.2334 3.5474 3.8552 4.3912 3.9926 4.2316 3.9367 3.8397 3.7691 7.959 5.96940457319 3.9562
2016-12-09 03:42:49.749000 314394.611 3.582 49.997 33.609 52.257 4.097 5.231 3.5469 3.853 4.3902 3.9925 4.2304 3.9366 3.8391 3.7693 7.958 6.12190685517 3.9554
2016-12-09 03:44:39.014000 314503.876 3.36 49.998 33.947 52.257 4.096 5.2287 3.5474 3.8531 4.39 3.9921 4.2301 3.9357 3.84 3.769 7.958 6.16851506489 3.9564
2016-12-09 03:46:31.013000 314615.875 3.38 49.996 34.049 52.259 4.096 5.2264 3.5468 3.8537 4.39 3.992 4.2303 3.9358 3.8392 3.7686 7.958 6.04422650565 3.956
2016-12-09 03:48:20.113000 314724.975 3.55 49.999 33.81 52.26 4.095 5.2241 3.5464 3.8522 4.3895 3.9917 4.2295 3.9342 3.8391 3.7685 7.958 5.89836151287 3.9557
2016-12-09 03:50:12.336000 314837.198 3.58 49.998 33.619 52.258 4.096 5.2219 3.547 3.8527 4.3897 3.9914 4.2296 3.936 3.8392 3.7685 7.958 5.98361318526 3.9557
2016-12-09 03:52:01.389000 314946.251 3.361 49.996 33.927 52.258 4.098 5.2196 3.5464 3.8536 4.3903 3.9913 4.2298 3.9374 3.8393 3.7681 7.959 6.07529864546 3.9557
2016-12-09 03:53:53.663000 315058.525 3.37 49.995 34.003 52.254 4.097 5.2172 3.5465 3.8544 4.3906 3.9913 4.2304 3.9369 3.8393 3.7676 7.959 6.15297899498 3.9549
2016-12-09 03:55:42.724000 315167.586 3.538 49.995 33.865 52.255 4.096 5.2154 3.5464 3.8541 4.3903 3.9909 4.2303 3.9358 3.8389 3.7684 7.958 5.91257012494 3.9548
2016-12-09 03:57:34.971000 315279.833 3.424 49.993 33.253 52.252 4.098 5.2129 3.5463 3.8549 4.3915 3.9911 4.2308 3.9377 3.8385 3.7679 7.959 5.98361318526 3.955
2016-12-09 03:59:24.156000 315389.018 3.364 49.993 33.67 52.253 4.096 5.2107 3.5468 3.8535 4.3901 3.991 4.2303 3.9357 3.8388 3.768 7.958 6.16851506489 3.9546
2016-12-09 04:01:16.459000 315501.321 3.493 49.992 34.032 52.251 4.097 5.2085 3.5465 3.8538 4.3905 3.991 4.2303 3.9363 3.8385 3.7676 7.958 6.13744292508 3.9545
2016-12-09 04:03:05.634000 315610.496 3.586 49.991 33.424 52.252 4.097 5.2061 3.5464 3.8542 4.3906 3.9909 4.2303 3.9365 3.8386 3.7679 7.958 5.91257012494 3.9554
2016-12-09 04:04:57.768000 315722.63 3.369 49.988 33.328 52.248 4.099 5.2043 3.5464 3.8553 4.3913 3.9908 4.2309 3.9389 3.838 3.7675 7.959 5.94098734906 3.9549
2016-12-09 04:06:47.005000 315831.867 3.423 49.985 34.07 52.245 4.1 5.2019 3.5464 3.8561 4.3925 3.9909 4.2317 3.9394 3.8384 3.7672 7.96 6.07529864546 3.9543
2016-12-09 04:08:39.100000 315943.962 3.461 49.986 34.059 52.245 4.099 5.1997 3.5473 3.856 4.3921 3.9911 4.2318 3.9388 3.8381 3.7674 7.959 5.96940457319 3.9539
2016-12-09 04:10:28.548000 316053.41 3.409 49.985 33.337 52.247 4.099 5.1976 3.5468 3.8557 4.392 3.9912 4.2318 3.9385 3.8378 3.7674 7.959 5.94098734906 3.9541
2016-12-09 04:12:20.621000 316165.483 3.388 49.987 33.399 52.246 4.099 5.1951 3.5469 3.8553 4.3914 3.991 4.2314 3.9383 3.8379 3.7672 7.959 6.09083471536 3.954
2016-12-09 04:14:10.064000 316274.926 3.56 49.984 33.727 52.245 4.099 5.1935 3.5469 3.8554 4.3914 3.9911 4.2316 3.9383 3.8377 3.7671 7.959 5.88415290081 3.9539
2016-12-09 04:16:02.245000 316387.107 3.402 49.984 33.337 52.244 4.1 5.1909 3.5466 3.8566 4.3929 3.9912 4.2322 3.9391 3.8375 3.7668 7.959 5.96940457319 3.9535
2016-12-09 04:17:51.806000 316496.668 3.506 49.985 33.999 52.246 4.098 5.1889 3.547 3.8551 4.3913 3.991 4.2315 3.9373 3.8371 3.7668 7.958 5.94098734906 3.9537
2016-12-09 04:19:43.734000 316608.596 3.533 49.988 33.84 52.246 4.097 5.1865 3.547 3.854 4.3907 3.991 4.2309 3.9363 3.8369 3.7667 7.958 6.12190685517 3.9538
2016-12-09 04:21:33.288000 316718.15 3.366 49.987 33.638 52.246 4.097 5.1844 3.5472 3.8536 4.3902 3.9909 4.2302 3.936 3.8376 3.7667 7.957 6.12190685517 3.9534
2016-12-09 04:23:25.116000 316829.978 3.461 49.983 33.226 52.243 4.099 5.1823 3.5467 3.8554 4.3915 3.9907 4.231 3.9389 3.8369 3.7661 7.959 5.926778737 3.9529
2016-12-09 04:25:14.762000 316939.624 3.59 49.986 33.476 52.246 4.099 5.1797 3.5467 3.8551 4.3912 3.9907 4.2311 3.9384 3.8369 3.7662 7.958 6.05976257555 3.953
2016-12-09 04:27:06.446000 317051.308 3.502 49.982 34.003 52.244 4.099 5.1777 3.5472 3.8552 4.3913 3.9906 4.2312 3.9381 3.8368 3.7662 7.958 6.07529864546 3.9526
2016-12-09 04:28:56.008000 317160.87 3.374 49.986 33.516 52.244 4.098 5.1756 3.5465 3.8549 4.3913 3.9906 4.2312 3.9374 3.8369 3.7658 7.958 5.91257012494 3.9537
2016-12-09 04:30:48.312000 317273.174 3.476 49.985 34.035 52.244 4.099 5.1734 3.5473 3.8556 4.3918 3.9905 4.2315 3.9382 3.8366 3.7657 7.959 6.05976257555 3.9527
2016-12-09 04:32:37.915000 317382.777 3.392 49.986 33.369 52.244 4.097 5.1713 3.5465 3.8538 4.3906 3.9904 4.2307 3.937 3.8362 3.7657 7.957 5.96940457319 3.9522
2016-12-09 04:34:30.167000 317495.029 3.416 49.983 34.065 52.243 4.097 5.1691 3.5472 3.8537 4.3901 3.9901 4.2302 3.9362 3.8366 3.7658 7.957 5.99782179732 3.9526
2016-12-09 04:36:19.829000 317604.691 3.416 49.985 33.258 52.243 4.098 5.167 3.5466 3.8541 4.3908 3.9901 4.2304 3.9379 3.8362 3.7656 7.958 5.89836151287 3.9525
2016-12-09 04:38:12.131000 317716.993 3.376 49.982 34.067 52.241 4.097 5.1648 3.5471 3.8551 4.391 3.9901 4.2309 3.9368 3.8364 3.7656 7.958 5.926778737 3.9531
2016-12-09 04:40:01.826000 317826.688 3.451 49.984 33.246 52.243 4.097 5.1626 3.5466 3.8538 4.3904 3.99 4.2304 3.9368 3.8356 3.7653 7.957 6.07529864546 3.9527
2016-12-09 04:41:53.980000 317938.842 3.357 49.987 33.921 52.244 4.095 5.1603 3.5464 3.8537 4.3898 3.9898 4.2301 3.9352 3.8362 3.7651 7.957 6.02869043575 3.9517
2016-12-09 04:43:43.656000 318048.518 3.549 49.986 33.342 52.246 4.096 5.1584 3.5464 3.853 4.3898 3.9895 4.2298 3.935 3.8356 3.765 7.957 5.89836151287 3.9518
2016-12-09 04:45:36.033000 318160.895 3.356 49.986 33.714 52.245 4.095 5.1562 3.5462 3.8527 4.3892 3.9894 4.2293 3.9347 3.8355 3.7647 7.956 6.07529864546 3.9517
2016-12-09 04:47:25.687000 318270.549 3.589 49.987 33.525 52.242 4.095 5.1541 3.546 3.8521 4.389 3.9893 4.2291 3.9344 3.8353 3.7651 7.956 5.96940457319 3.9515
2016-12-09 04:49:18.032000 318382.894 3.365 49.985 33.587 52.244 4.096 5.1517 3.5459 3.8525 4.389 3.989 4.2288 3.9351 3.835 3.7644 7.956 5.85573567668 3.9511
2016-12-09 04:51:07.850000 318492.712 3.4 49.983 33.628 52.244 4.095 5.1498 3.5459 3.8523 4.3891 3.9889 4.2291 3.9342 3.8354 3.7649 7.956 5.86994428874 3.9517
2016-12-09 04:53:00.322000 318605.184 3.392 49.982 33.431 52.242 4.095 5.1477 3.5463 3.8521 4.3891 3.9886 4.2289 3.9346 3.8352 3.7641 7.956 5.95519596113 3.9508
2016-12-09 04:54:50.098000 318714.96 3.488 49.981 33.278 52.238 4.097 5.1456 3.5455 3.853 4.3896 3.9886 4.2292 3.9357 3.8351 3.7643 7.956 6.09083471536 3.951
2016-12-09 04:56:42.276000 318827.138 3.45 49.98 33.218 52.238 4.098 5.1434 3.5463 3.8534 4.3899 3.9886 4.2295 3.937 3.8352 3.7641 7.957 6.07529864546 3.9509
2016-12-09 04:58:32.068000 318936.93 3.591 49.975 33.462 52.235 4.098 5.1414 3.5456 3.8544 4.3908 3.9885 4.2302 3.9373 3.8346 3.7635 7.957 5.94098734906 3.9511
2016-12-09 05:00:24.554000 319049.416 3.366 49.98 33.601 52.236 4.097 5.1392 3.5463 3.8538 4.3904 3.9887 4.23 3.937 3.8353 3.7632 7.957 6.09083471536 3.9507
2016-12-09 05:02:14.244000 319159.106 3.582 49.977 33.659 52.237 4.096 5.1372 3.5456 3.8534 4.3903 3.9887 4.2299 3.9352 3.8348 3.7637 7.956 6.07529864546 3.9506
2016-12-09 05:04:06.676000 319271.538 3.411 49.974 33.272 52.236 4.097 5.1351 3.5464 3.8537 4.3902 3.9886 4.2298 3.9361 3.8345 3.7634 7.957 5.84152706461 3.951
2016-12-09 05:05:56.483000 319381.345 3.542 49.974 33.345 52.232 4.098 5.1331 3.5456 3.8545 4.3911 3.9887 4.2303 3.9376 3.8344 3.7633 7.957 5.926778737 3.9508
2016-12-09 05:07:48.921000 319493.783 3.357 49.973 33.797 52.233 4.098 5.1313 3.546 3.8546 4.3909 3.9886 4.2304 3.9375 3.8339 3.7639 7.957 6.04422650565 3.9497
2016-12-09 05:09:38.870000 319603.732 3.385 49.973 33.468 52.231 4.097 5.1287 3.546 3.8544 4.3906 3.9885 4.2304 3.9371 3.834 3.7637 7.957 6.07529864546 3.9499
2016-12-09 05:11:31.468000 319716.33 3.463 49.971 34.059 52.23 4.099 5.1269 3.5461 3.8551 4.3909 3.9886 4.2307 3.9381 3.8336 3.7632 7.957 5.84152706461 3.9501
2016-12-09 05:13:21.068000 319825.93 3.393 49.97 33.367 52.23 4.099 5.1246 3.5461 3.8555 4.3914 3.9886 4.231 3.9386 3.8342 3.7629 7.957 5.86994428874 3.9491
2016-12-09 05:15:13.920000 319938.782 3.59 49.972 33.564 52.23 4.098 5.1229 3.5462 3.8548 4.3911 3.9886 4.231 3.9375 3.8336 3.7625 7.957 5.926778737 3.9499
2016-12-09 05:17:03.506000 320048.368 3.361 49.971 33.929 52.229 4.098 5.1208 3.5468 3.8552 4.3913 3.9886 4.2311 3.9379 3.8341 3.7627 7.957 5.94098734906 3.9496
2016-12-09 05:18:56.178000 320161.04 3.423 49.972 33.243 52.228 4.099 5.1188 3.5461 3.8551 4.3914 3.9886 4.2311 3.9382 3.8335 3.7629 7.957 6.05976257555 3.9495
2016-12-09 05:20:45.809000 320270.671 3.514 49.969 33.97 52.227 4.098 5.117 3.5469 3.8553 4.3915 3.9887 4.2312 3.938 3.8332 3.7627 7.957 6.02869043575 3.9491
2016-12-09 05:22:38.566000 320383.428 3.359 49.969 33.256 52.229 4.098 5.1146 3.5461 3.8553 4.3918 3.9886 4.2313 3.9377 3.8335 3.7624 7.957 5.86994428874 3.9496
2016-12-09 05:24:28.269000 320493.131 3.589 49.968 33.444 52.23 4.098 5.1129 3.5464 3.8548 4.3908 3.9886 4.231 3.9368 3.8334 3.7628 7.956 5.88415290081 3.9489
2016-12-09 05:26:20.897000 320605.759 3.366 49.971 33.613 52.23 4.098 5.1104 3.5464 3.8548 4.3911 3.9885 4.2308 3.9381 3.833 3.7626 7.956 5.96940457319 3.9485
2016-12-09 05:28:10.909000 320715.771 3.409 49.969 33.33 52.228 4.099 5.1086 3.5465 3.8551 4.3915 3.9885 4.2311 3.9385 3.8332 3.7621 7.957 5.99782179732 3.9491
2016-12-09 05:30:03.408000 320828.27 3.39 49.97 34.049 52.228 4.099 5.1066 3.547 3.8554 4.3917 3.9885 4.2314 3.9389 3.8331 3.7622 7.957 5.926778737 3.9485
2016-12-09 05:31:53.389000 320938.251 3.362 49.97 33.666 52.228 4.097 5.1046 3.5462 3.855 4.3914 3.9885 4.2312 3.9368 3.8328 3.7621 7.956 5.81310984049 3.9483
2016-12-09 05:33:46.140000 321051.002 3.551 49.971 33.331 52.229 4.096 5.1029 3.5466 3.8532 4.3897 3.9884 4.2302 3.9356 3.8326 3.7621 7.955 5.86994428874 3.9488
2016-12-09 05:35:35.823000 321160.685 3.428 49.971 34.072 52.228 4.097 5.1003 3.5463 3.8538 4.3908 3.9882 4.2302 3.9371 3.8324 3.7615 7.956 5.926778737 3.9476
2016-12-09 05:37:28.495000 321273.357 3.382 49.97 33.461 52.23 4.097 5.0984 3.5462 3.8535 4.3899 3.9879 4.2299 3.9368 3.8324 3.7616 7.956 6.04422650565 3.9482
2016-12-09 05:39:18.566000 321383.428 3.44 49.974 33.241 52.23 4.096 5.0965 3.5466 3.8533 4.39 3.9878 4.2298 3.9356 3.832 3.7616 7.955 5.88415290081 3.9485
2016-12-09 05:41:11.294000 321496.156 3.361 49.973 33.943 52.23 4.097 5.0945 3.5457 3.8535 4.3901 3.9878 4.2298 3.9366 3.8317 3.7615 7.956 5.86994428874 3.9477
2016-12-09 05:43:01.353000 321606.215 3.378 49.972 33.473 52.232 4.096 5.0928 3.5461 3.8534 4.3897 3.9876 4.2298 3.9352 3.832 3.7616 7.955 5.98361318526 3.9476
2016-12-09 05:44:53.929000 321718.791 3.592 49.972 34.057 52.23 4.097 5.0903 3.5459 3.8542 4.3909 3.9875 4.2301 3.9363 3.8319 3.7608 7.956 6.04422650565 3.9473
2016-12-09 05:46:43.982000 321828.844 3.547 49.973 33.813 52.235 4.095 5.0887 3.5459 3.8521 4.3891 3.9873 4.2292 3.9345 3.8319 3.7611 7.955 5.926778737 3.9477
2016-12-09 05:48:36.514000 321941.376 3.422 49.975 33.271 52.233 4.095 5.0866 3.5461 3.8518 4.3888 3.987 4.2287 3.9345 3.832 3.7604 7.955 5.85573567668 3.9471
2016-12-09 05:50:26.623000 322051.485 3.519 49.974 33.327 52.232 4.095 5.0847 3.5453 3.8517 4.3889 3.9869 4.2285 3.9339 3.8318 3.761 7.955 6.02869043575 3.9478
2016-12-09 05:52:19.427000 322164.289 3.499 49.974 33.969 52.231 4.096 5.083 3.5455 3.8524 4.3889 3.9867 4.2287 3.9353 3.8312 3.7604 7.955 6.05976257555 3.9463
2016-12-09 05:54:09.599000 322274.461 3.414 49.975 34.072 52.231 4.096 5.0807 3.5459 3.8532 4.3896 3.9866 4.2292 3.9356 3.8313 3.7604 7.955 5.91257012494 3.9478
2016-12-09 05:56:02.186000 322387.048 3.588 49.975 33.498 52.232 4.096 5.0787 3.5455 3.8529 4.3896 3.9865 4.2292 3.9355 3.8311 3.7603 7.956 5.82731845255 3.9466
2016-12-09 05:57:52.373000 322497.235 3.437 49.972 33.234 52.232 4.098 5.0771 3.5456 3.8534 4.3898 3.9865 4.2296 3.9371 3.8312 3.7604 7.956 5.81310984049 3.9471
2016-12-09 05:59:45.270000 322610.132 3.552 49.971 33.99 52.231 4.098 5.0746 3.5456 3.8548 4.3908 3.9865 4.2303 3.938 3.8306 3.7602 7.956 5.89836151287 3.9471
2016-12-09 06:01:35.483000 322720.345 3.485 49.972 34.043 52.232 4.097 5.0729 3.5455 3.8545 4.3911 3.9866 4.2305 3.9365 3.831 3.7601 7.956 5.91257012494 3.946
2016-12-09 06:03:28.383000 322833.245 3.38 49.977 33.444 52.234 4.095 5.0713 3.5456 3.8525 4.3891 3.9863 4.2293 3.9351 3.8304 3.7596 7.955 5.96940457319 3.9459
2016-12-09 06:05:18.682000 322943.544 3.439 49.974 33.25 52.234 4.095 5.0691 3.546 3.8528 4.3895 3.9863 4.2292 3.9351 3.8306 3.7597 7.955 5.95519596113 3.9462
2016-12-09 06:07:11.612000 323056.474 3.533 49.976 33.886 52.236 4.095 5.0671 3.5451 3.8519 4.3892 3.9862 4.2288 3.9343 3.8299 3.7594 7.955 5.84152706461 3.946
2016-12-09 06:09:01.892000 323166.754 3.589 49.977 33.585 52.238 4.094 5.0652 3.5454 3.8517 4.3888 3.986 4.2288 3.9337 3.8304 3.7595 7.955 5.96940457319 3.9458
2016-12-09 06:10:54.625000 323279.487 3.368 49.978 33.549 52.238 4.094 5.0633 3.5457 3.8518 4.3886 3.9858 4.2285 3.9339 3.83 3.7593 7.955 5.81310984049 3.9459
2016-12-09 06:12:44.872000 323389.734 3.358 49.98 33.95 52.24 4.094 5.0612 3.5452 3.8515 4.3887 3.9857 4.2283 3.9339 3.8307 3.759 7.955 5.84152706461 3.9454
2016-12-09 06:14:37.872000 323502.734 3.516 49.979 33.296 52.239 4.094 5.0594 3.5451 3.8511 4.3879 3.9855 4.2281 3.9332 3.8299 3.7587 7.955 5.86994428874 3.9465
2016-12-09 06:16:28.202000 323613.064 3.396 49.98 33.608 52.239 4.093 5.0577 3.5449 3.8514 4.3883 3.9853 4.2281 3.9329 3.8296 3.7594 7.955 5.96940457319 3.9452
2016-12-09 06:18:21.240000 323726.102 3.566 49.982 33.733 52.239 4.095 5.0553 3.5448 3.8515 4.3881 3.9852 4.2279 3.9343 3.8295 3.7591 7.955 5.86994428874 3.9446
2016-12-09 06:20:11.535000 323836.397 3.505 49.981 33.986 52.241 4.095 5.0536 3.5444 3.8514 4.3886 3.985 4.2279 3.9344 3.8293 3.7584 7.955 5.86994428874 3.9444
2016-12-09 06:22:04.517000 323949.379 3.353 49.981 33.791 52.24 4.093 5.052 3.5447 3.851 4.3876 3.9849 4.2279 3.9325 3.8294 3.7589 7.955 5.98361318526 3.9449
2016-12-09 06:23:54.850000 324059.712 3.379 49.985 34.051 52.244 4.092 5.0498 3.5449 3.8495 4.3868 3.9847 4.2269 3.9314 3.8294 3.758 7.954 5.94098734906 3.9448
2016-12-09 06:25:47.745000 324172.607 3.396 49.985 33.338 52.244 4.092 5.0479 3.544 3.8497 4.3873 3.9844 4.2267 3.9318 3.8288 3.7585 7.954 5.75849166001 3.9448
2016-12-09 06:27:38.117000 324282.979 3.355 49.985 33.287 52.245 4.091 5.0459 3.5441 3.8487 4.3864 3.9842 4.2263 3.9303 3.8293 3.7582 7.954 5.89836151287 3.9437
2016-12-09 06:29:31.175000 324396.037 3.516 49.992 33.367 52.248 4.088 5.0442 3.5439 3.8468 4.3846 3.9838 4.225 3.9278 3.8287 3.7576 7.952 5.99782179732 3.9444
2016-12-09 06:31:21.585000 324506.447 3.398 49.995 33.68 52.253 4.086 5.042 3.5439 3.8452 4.3831 3.9833 4.2234 3.9265 3.8289 3.7575 7.951 5.81310984049 3.9441
2016-12-09 06:33:14.941000 324619.803 3.561 49.998 33.718 52.255 4.086 5.0399 3.5426 3.8435 4.3825 3.9828 4.2222 3.925 3.8287 3.7571 7.951 5.86994428874 3.944
2016-12-09 06:35:05.094000 324729.956 3.54 50.0 33.372 52.258 4.086 5.0381 3.5425 3.8432 4.382 3.9822 4.2217 3.9252 3.8285 3.7568 7.951 5.89836151287 3.9438
2016-12-09 06:36:58.313000 324843.175 3.481 50.004 34.057 52.262 4.085 5.0366 3.542 3.8427 4.3813 3.9816 4.2209 3.9241 3.8283 3.7565 7.95 5.926778737 3.9443
2016-12-09 06:38:48.494000 324953.356 3.567 50.008 34.105 52.265 4.084 5.0343 3.5414 3.8423 4.3806 3.9811 4.2205 3.9229 3.8278 3.7559 7.95 5.94098734906 3.9435
2016-12-09 06:40:41.963000 325066.825 3.55 50.011 34.08 52.269 4.084 5.0321 3.5409 3.8424 4.3813 3.9806 4.2205 3.924 3.8279 3.7566 7.951 5.81310984049 3.9432
2016-12-09 06:42:31.791000 325176.653 3.344 50.015 33.841 52.271 4.084 5.0305 3.541 3.8421 4.3804 3.9801 4.2201 3.9239 3.8282 3.756 7.951 5.75849166001 3.9439
2016-12-09 06:44:25.305000 325290.167 3.35 50.017 33.735 52.275 4.084 5.0288 3.5407 3.8422 4.3808 3.9796 4.22 3.9245 3.8276 3.7553 7.951 5.926778737 3.9426
2016-12-09 06:46:15.565000 325400.427 3.37 50.02 34.073 52.276 4.084 5.0266 3.5405 3.8425 4.3808 3.9794 4.22 3.9244 3.8275 3.7551 7.951 5.926778737 3.9429
2016-12-09 06:48:09.114000 325513.976 3.348 50.023 34.022 52.281 4.084 5.0245 3.5404 3.8425 4.3812 3.9792 4.2201 3.9243 3.8275 3.7548 7.952 5.81310984049 3.9429
2016-12-09 06:49:59.377000 325624.239 3.449 50.027 33.673 52.283 4.084 5.0228 3.54 3.8417 4.3805 3.9789 4.2195 3.9235 3.827 3.7548 7.952 5.81310984049 3.9436
2016-12-09 06:51:52.403000 325737.265 3.356 50.026 33.641 52.284 4.083 5.0211 3.5398 3.8418 4.3803 3.9786 4.2195 3.9229 3.8271 3.7548 7.952 5.95519596113 3.9413
2016-12-09 06:53:42.925000 325847.787 3.354 50.024 34.013 52.282 4.086 5.019 3.5401 3.8432 4.3814 3.9785 4.22 3.925 3.8271 3.7547 7.953 5.91257012494 3.9417
2016-12-09 06:55:36.242000 325961.104 3.407 50.024 33.303 52.284 4.086 5.0169 3.5397 3.8444 4.3822 3.9785 4.221 3.9258 3.8268 3.7541 7.954 5.81310984049 3.9416
2016-12-09 06:57:26.867000 326071.729 3.432 50.027 34.109 52.286 4.086 5.0153 3.5394 3.8437 4.3822 3.9783 4.2209 3.9257 3.8263 3.754 7.954 5.7315148188 3.941
2016-12-09 06:59:20.197000 326185.059 3.416 50.03 33.568 52.288 4.087 5.0136 3.5397 3.8436 4.3818 3.9783 4.2209 3.9261 3.8264 3.7532 7.954 5.926778737 3.9413
2016-12-09 07:01:10.770000 326295.632 3.51 50.029 33.93 52.288 4.085 5.0116 3.5396 3.8439 4.3817 3.9783 4.2211 3.9249 3.8258 3.7532 7.954 5.86994428874 3.9412
2016-12-09 07:03:04.205000 326409.067 3.501 50.033 33.902 52.29 4.084 5.01 3.5399 3.8425 4.3811 3.9782 4.2202 3.9237 3.8255 3.7532 7.953 5.89836151287 3.9408
2016-12-09 07:04:54.326000 326519.188 3.41 50.036 34.11 52.293 4.084 5.0077 3.5391 3.8422 4.3807 3.9779 4.2198 3.9236 3.8259 3.7529 7.953 5.7180263982 3.9403
2016-12-09 07:06:47.194000 326632.056 3.388 50.039 33.677 52.298 4.082 5.006 3.539 3.8407 4.3797 3.9777 4.2191 3.922 3.826 3.7519 7.952 5.74500323941 3.9404
2016-12-09 07:08:38.160000 326743.022 3.46 50.039 33.72 52.298 4.083 5.0041 3.5387 3.8408 4.3799 3.9775 4.2188 3.9228 3.825 3.7528 7.953 5.81310984049 3.9399
2016-12-09 07:10:31.245000 326856.107 3.353 50.042 33.68 52.3 4.084 5.0026 3.539 3.8417 4.3804 3.9772 4.2191 3.9238 3.825 3.752 7.953 5.94098734906 3.9395
2016-12-09 07:12:21.861000 326966.723 3.348 50.046 34.028 52.304 4.083 5.0004 3.5389 3.8418 4.3805 3.9769 4.2194 3.9228 3.8244 3.7521 7.953 5.94098734906 3.9396
2016-12-09 07:14:15.348000 327080.21 3.346 50.047 33.979 52.307 4.083 4.9983 3.5382 3.8417 4.3801 3.9767 4.219 3.9229 3.8247 3.7518 7.954 5.67756113639 3.9402
2016-12-09 07:16:06.036000 327190.898 3.42 50.049 34.128 52.31 4.083 4.9965 3.5378 3.841 4.3802 3.9766 4.219 3.9223 3.8248 3.7513 7.954 5.74500323941 3.9397
2016-12-09 07:17:59.497000 327304.359 3.386 50.053 34.117 52.314 4.082 4.9948 3.538 3.8403 4.3795 3.9763 4.2183 3.9223 3.8242 3.7508 7.954 5.82731845255 3.9391
2016-12-09 07:19:50.246000 327415.108 3.526 50.055 33.422 52.316 4.083 4.9929 3.5378 3.8408 4.3797 3.9761 4.2184 3.9225 3.8239 3.7508 7.954 5.82731845255 3.9392
2016-12-09 07:21:42.908000 327527.77 3.342 50.06 33.84 52.319 4.083 4.9911 3.5382 3.8411 4.3798 3.976 4.2185 3.9231 3.8239 3.7508 7.954 5.78546850122 3.939
2016-12-09 07:23:33.612000 327638.474 3.558 50.064 33.741 52.324 4.082 4.9891 3.5376 3.8408 4.3795 3.9757 4.2183 3.9219 3.8237 3.7503 7.954 5.85573567668 3.9391
2016-12-09 07:25:27.041000 327751.903 3.543 50.066 33.81 52.325 4.084 4.9875 3.537 3.8407 4.38 3.9756 4.2183 3.9235 3.8233 3.75 7.955 5.91257012494 3.9373
2016-12-09 07:27:17.763000 327862.625 3.524 50.067 33.415 52.328 4.083 4.9856 3.5371 3.841 4.38 3.9755 4.2185 3.9216 3.8237 3.7501 7.955 5.85573567668 3.9379
2016-12-09 07:29:11.294000 327976.156 3.56 50.071 33.443 52.33 4.083 4.9838 3.5372 3.8405 4.3795 3.9753 4.2183 3.9228 3.8232 3.7498 7.955 5.81310984049 3.9374
2016-12-09 07:31:02.072000 328086.934 3.344 50.072 33.987 52.333 4.082 4.9821 3.5371 3.841 4.3794 3.9752 4.2184 3.922 3.8225 3.7491 7.956 5.77198008061 3.9374
2016-12-09 07:32:55.751000 328200.613 3.342 50.076 33.945 52.337 4.082 4.9804 3.537 3.8404 4.379 3.975 4.2182 3.9221 3.8228 3.7496 7.956 5.7045379776 3.9373
2016-12-09 07:34:46.585000 328311.447 3.573 50.08 33.628 52.342 4.083 4.9786 3.5367 3.8405 4.3794 3.9747 4.2181 3.9208 3.8229 3.7491 7.956 5.7180263982 3.9367
2016-12-09 07:36:39.407000 328424.269 3.407 50.081 34.131 52.343 4.082 4.9762 3.5366 3.8404 4.3791 3.9747 4.218 3.9218 3.8222 3.7487 7.956 5.78546850122 3.9367
2016-12-09 07:38:30.225000 328535.087 3.505 50.086 33.988 52.349 4.083 4.9745 3.5366 3.8404 4.3796 3.9747 4.2181 3.9228 3.8219 3.7489 7.957 5.7045379776 3.9369
2016-12-09 07:40:23.824000 328648.686 3.516 50.091 33.413 52.35 4.082 4.9728 3.5362 3.8404 4.3796 3.9745 4.218 3.922 3.8217 3.7487 7.957 5.91257012494 3.9364
2016-12-09 07:42:14.715000 328759.577 3.387 50.092 33.367 52.355 4.082 4.9711 3.5362 3.8403 4.3793 3.9744 4.2181 3.9224 3.8214 3.7483 7.957 5.78546850122 3.9357
2016-12-09 07:44:08.329000 328873.191 3.345 50.095 33.995 52.359 4.082 4.9693 3.5362 3.8398 4.379 3.9743 4.2179 3.9222 3.8215 3.7482 7.957 5.77198008061 3.9357
2016-12-09 07:45:59.239000 328984.101 3.558 50.099 34.144 52.362 4.082 4.9674 3.5362 3.84 4.3791 3.9743 4.2179 3.9211 3.8214 3.7482 7.958 5.62360745397 3.935
2016-12-09 07:47:55.881000 329100.743 3.423 50.103 34.133 52.366 4.081 4.966 3.5361 3.84 4.3785 3.9739 4.2176 3.9213 3.8212 3.748 7.958 5.69104955699 3.9354
2016-12-09 07:49:46.843000 329211.705 3.439 50.106 33.322 52.369 4.081 4.9641 3.5359 3.8395 4.3781 3.9738 4.2174 3.9203 3.821 3.7479 7.958 5.7180263982 3.9347
2016-12-09 07:51:39.730000 329324.592 3.503 50.11 33.999 52.374 4.081 4.9618 3.5357 3.8391 4.3781 3.9736 4.217 3.9208 3.8207 3.7476 7.958 5.81310984049 3.9346
2016-12-09 07:53:30.631000 329435.493 3.572 50.109 33.629 52.375 4.083 4.9601 3.5356 3.8401 4.3789 3.9734 4.2174 3.9222 3.8203 3.7475 7.959 5.89836151287 3.9346
2016-12-09 07:55:24.554000 329549.416 3.386 50.11 33.382 52.375 4.082 4.9583 3.5356 3.8406 4.3791 3.9733 4.218 3.9215 3.8199 3.7468 7.959 5.69104955699 3.9344
2016-12-09 07:57:15.181000 329660.043 3.46 50.109 34.122 52.374 4.082 4.9566 3.5353 3.8408 4.3799 3.9733 4.2181 3.9224 3.8198 3.7468 7.96 5.69104955699 3.9343
2016-12-09 07:59:09.254000 329774.116 3.54 50.11 33.786 52.375 4.083 4.9548 3.5353 3.8408 4.3798 3.9734 4.2183 3.9228 3.8196 3.7464 7.96 5.86994428874 3.9337
2016-12-09 08:00:59.920000 329884.782 3.523 50.111 33.435 52.376 4.082 4.9531 3.5351 3.8402 4.3794 3.9732 4.218 3.9213 3.8191 3.7463 7.96 5.85573567668 3.9336
2016-12-09 08:02:53.970000 329998.832 3.358 50.112 33.54 52.379 4.08 4.9514 3.5349 3.8391 4.3786 3.9731 4.2174 3.9197 3.8191 3.7461 7.959 5.86994428874 3.9339
2016-12-09 08:04:44.607000 330109.469 3.489 50.116 33.885 52.379 4.081 4.9497 3.5351 3.8387 4.3782 3.9729 4.217 3.9207 3.8186 3.7457 7.959 5.77198008061 3.9332
2016-12-09 08:06:38.751000 330223.613 3.557 50.114 33.471 52.38 4.081 4.9479 3.5347 3.8393 4.3784 3.9728 4.2172 3.9213 3.8183 3.7459 7.96 5.79895692182 3.933
2016-12-09 08:08:29.815000 330334.677 3.339 50.116 33.943 52.381 4.08 4.9462 3.5346 3.8389 4.3781 3.9727 4.217 3.9201 3.8188 3.7457 7.96 5.89836151287 3.9328
2016-12-09 08:10:23.806000 330448.668 3.478 50.117 34.037 52.382 4.08 4.9443 3.5344 3.8379 4.3774 3.9723 4.2164 3.9196 3.8182 3.7454 7.959 5.61011903337 3.9333
2016-12-09 08:12:14.861000 330559.723 3.398 50.118 33.362 52.381 4.082 4.9426 3.5343 3.8398 4.3786 3.9722 4.217 3.9216 3.8179 3.7451 7.96 5.7045379776 3.9323
2016-12-09 08:14:08.671000 330673.533 3.34 50.117 33.997 52.382 4.082 4.9408 3.5347 3.84 4.379 3.9723 4.2175 3.9219 3.8177 3.7446 7.961 5.75849166001 3.9318
2016-12-09 08:15:59.541000 330784.403 3.569 50.121 33.607 52.385 4.081 4.9392 3.5346 3.8394 4.3785 3.9723 4.2174 3.9211 3.8177 3.7452 7.96 5.75849166001 3.9317
2016-12-09 08:17:53.166000 330898.028 3.568 50.123 33.65 52.389 4.081 4.9374 3.5345 3.8389 4.3777 3.972 4.2169 3.9207 3.8178 3.7448 7.96 5.75849166001 3.9312
2016-12-09 08:19:44.339000 331009.201 3.342 50.128 33.75 52.392 4.08 4.9357 3.5343 3.8382 4.3775 3.972 4.2165 3.9204 3.8178 3.7446 7.96 5.86994428874 3.9322
2016-12-09 08:21:38.205000 331123.067 3.42 50.126 34.136 52.394 4.082 4.934 3.5343 3.8392 4.3781 3.9717 4.2168 3.9212 3.8176 3.7444 7.961 5.7315148188 3.9309
2016-12-09 08:23:29.339000 331234.201 3.47 50.128 33.359 52.396 4.082 4.9322 3.5343 3.8399 4.3787 3.9718 4.2175 3.9223 3.8168 3.7437 7.962 5.63709587458 3.9313
2016-12-09 08:25:23.163000 331348.025 3.351 50.133 33.642 52.399 4.082 4.9306 3.5343 3.8404 4.3789 3.9717 4.2178 3.9223 3.8168 3.744 7.962 5.81310984049 3.9308
2016-12-09 08:27:14.226000 331459.088 3.518 50.136 33.891 52.405 4.081 4.9288 3.5342 3.84 4.3785 3.9719 4.2176 3.9207 3.8164 3.744 7.962 5.75849166001 3.9307
2016-12-09 08:29:07.478000 331572.34 3.512 50.139 33.917 52.407 4.082 4.9272 3.5346 3.8396 4.3785 3.9714 4.2173 3.9216 3.8162 3.7439 7.962 5.66407271578 3.93
2016-12-09 08:30:58.952000 331683.814 3.371 50.143 34.133 52.416 4.081 4.9258 3.5342 3.8393 4.3781 3.9713 4.2171 3.9211 3.8159 3.7436 7.962 5.65058429518 3.9302
2016-12-09 08:32:52.605000 331797.467 3.352 50.149 34.075 52.417 4.081 4.9239 3.5344 3.8389 4.3781 3.971 4.2168 3.921 3.8161 3.7433 7.962 5.7045379776 3.9301
2016-12-09 08:34:43.807000 331908.669 3.365 50.149 33.521 52.421 4.081 4.9223 3.534 3.8398 4.3786 3.9711 4.2171 3.9209 3.816 3.7434 7.963 5.75849166001 3.9298
2016-12-09 08:36:37.549000 332022.411 3.379 50.153 33.457 52.424 4.082 4.9207 3.5344 3.8398 4.3786 3.9711 4.2174 3.9218 3.8149 3.7428 7.963 5.78546850122 3.9303
2016-12-09 08:38:28.801000 332133.663 3.536 50.157 33.488 52.426 3.422 4.9189 3.5339 3.8403 4.3792 3.971 4.2178 3.9221 3.8154 3.7425 7.964 5.59675912581 3.9294
2016-12-09 08:40:22.757000 332247.619 3.372 50.162 33.511 52.43 4.083 4.9171 3.5339 3.8408 4.3794 3.9709 4.2179 3.9227 3.8156 3.7423 7.965 5.67756113639 3.9293
2016-12-09 08:42:14.036000 332358.898 3.493 50.165 34.05 52.435 3.824 4.9157 3.5339 3.84 4.3786 3.971 4.2178 3.9217 3.8147 3.7428 7.965 5.86994428874 3.9286
2016-12-09 08:44:08.028000 332472.89 3.563 50.168 33.521 52.439 4.081 4.9138 3.5338 3.8397 4.3784 3.9708 4.2175 3.9209 3.8149 3.7424 7.965 5.85573567668 3.9289
2016-12-09 08:45:59.353000 332584.215 3.489 50.17 34.067 52.442 4.079 4.9119 3.5337 3.8381 4.377 3.9708 4.2166 3.9189 3.8149 3.7422 7.964 5.59675912581 3.9286
2016-12-09 08:47:53.389000 332698.251 3.546 50.176 33.489 52.446 4.077 4.9102 3.5332 3.8357 4.3755 3.9705 4.2151 3.9171 3.8142 3.7426 7.963 5.82731845255 3.9289
2016-12-09 08:49:44.710000 332809.572 3.496 50.175 34.02 52.448 3.819 4.9085 3.5329 3.8343 4.3746 3.97 4.2139 3.9153 3.8144 3.742 7.962 5.81310984049 3.9279
2016-12-09 08:51:38.558000 332923.42 3.491 50.171 34.038 52.443 3.931 4.9068 3.5324 3.8354 4.3753 3.9695 4.2139 3.9177 3.814 3.7417 7.963 5.65058429518 3.9287
2016-12-09 08:53:29.855000 333034.717 3.337 50.162 33.901 52.434 4.08 4.905 3.5324 3.8376 4.3771 3.9694 4.2152 3.9201 3.8136 3.7414 7.965 5.66407271578 3.9275
2016-12-09 08:55:24.045000 333148.907 3.468 50.16 34.103 52.432 4.081 4.9034 3.5322 3.8384 4.3773 3.9692 4.2157 3.9204 3.8137 3.7413 7.965 5.61011903337 3.9276
2016-12-09 08:57:15.372000 333260.234 3.339 50.154 33.962 52.428 4.081 4.9017 3.5322 3.8396 4.3787 3.9693 4.2168 3.9211 3.8136 3.7407 7.965 5.75849166001 3.9277
2016-12-09 08:59:09.488000 333374.35 3.48 50.155 34.08 52.426 4.081 4.8999 3.5323 3.839 4.3781 3.9693 4.2167 3.9204 3.8134 3.7405 7.965 5.81310984049 3.9276
2016-12-09 09:01:00.842000 333485.704 3.34 50.152 33.826 52.423 3.663 4.8983 3.5326 3.8395 4.3783 3.9693 4.2166 3.922 3.8135 3.7407 7.965 5.77198008061 3.9273
2016-12-09 09:02:55.092000 333599.954 3.563 50.153 34.122 52.424 4.078 4.8967 3.5327 3.8394 4.3782 3.9692 4.2169 3.9199 3.8126 3.7409 7.965 5.69104955699 3.9266
2016-12-09 09:04:46.539000 333711.401 3.337 50.152 33.892 52.426 4.081 4.8951 3.5331 3.8389 4.378 3.9692 4.2165 3.9209 3.8129 3.7403 7.964 5.67756113639 3.9268
2016-12-09 09:06:40.428000 333825.29 3.465 50.154 34.122 52.425 3.778 4.8935 3.5331 3.8395 4.3784 3.9693 4.217 3.9207 3.8125 3.7404 7.965 5.79895692182 3.9263
2016-12-09 09:08:31.795000 333936.657 3.341 50.158 33.99 52.428 4.081 4.8921 3.5326 3.8393 4.3783 3.9693 4.2168 3.9216 3.8124 3.7409 7.965 5.77198008061 3.9266
2016-12-09 09:10:26.099000 334050.961 3.518 50.156 33.454 52.431 4.08 4.8905 3.5326 3.8392 4.3778 3.9693 4.2168 3.9196 3.8116 3.7404 7.965 5.82731845255 3.9264
2016-12-09 09:12:17.567000 334162.429 3.51 50.161 33.964 52.434 4.051 4.8884 3.5325 3.8388 4.3779 3.9693 4.2167 3.9222 3.8122 3.7396 7.965 5.63709587458 3.9262
2016-12-09 09:14:11.813000 334276.675 3.522 50.162 33.447 52.435 4.082 4.8869 3.5327 3.8398 4.3787 3.9692 4.2175 3.9214 3.812 3.7398 7.965 5.7180263982 3.9263
2016-12-09 09:16:03.236000 334388.098 3.517 50.166 33.947 52.439 3.775 4.8853 3.5323 3.8394 4.3788 3.9692 4.2172 3.9209 3.8118 3.7395 7.965 5.77198008061 3.9254
2016-12-09 09:17:57.768000 334502.63 3.343 50.168 33.702 52.442 3.699 4.8834 3.5325 3.8388 4.3782 3.9691 4.2167 3.92 3.8111 3.7392 7.965 5.62360745397 3.9254
2016-12-09 09:19:48.491000 334613.353 3.526 50.173 33.842 52.447 4.076 4.8819 3.532 3.8375 4.3773 3.969 4.2161 3.9196 3.8113 3.7393 7.965 5.59675912581 3.9261
2016-12-09 09:21:43.100000 334727.962 3.339 50.172 33.872 52.448 4.072 4.88 3.5323 3.8386 4.3776 3.9688 4.2163 3.9199 3.8111 3.739 7.965 5.7180263982 3.9252
2016-12-09 09:23:34.356000 334839.218 3.403 50.172 33.805 52.448 4.081 4.8786 3.5327 3.8396 4.3783 3.9688 4.2169 3.9211 3.8109 3.7387 7.966 5.62360745397 3.9242
2016-12-09 09:25:29.114000 334953.976 3.492 50.177 34.045 52.453 4.082 4.8773 3.5322 3.8394 4.378 3.9687 4.2168 3.9213 3.8108 3.7395 7.966 5.74500323941 3.9244
2016-12-09 09:27:20.236000 335065.098 3.382 50.176 33.403 52.451 3.99 4.8759 3.5322 3.8391 4.3778 3.9687 4.2169 3.9198 3.8104 3.7385 7.966 5.77198008061 3.925
2016-12-09 09:29:14.609000 335179.472 3.511 50.179 33.97 52.455 3.54 4.8739 3.5321 3.8381 4.3771 3.9686 4.2164 3.92 3.8105 3.7387 7.966 5.66407271578 3.9238
2016-12-09 09:31:06.150000 335291.012 3.339 50.179 33.995 52.455 1.295 4.8722 3.5316 3.8373 4.3767 3.9685 4.2156 3.9191 3.8106 3.7387 7.966 5.65058429518 3.9239
2016-12-09 09:33:00.537000 335405.399 3.516 50.177 33.438 52.453 3.554 4.8706 3.5316 3.8388 4.3781 3.9685 4.2163 3.9211 3.8099 3.7381 7.967 5.62360745397 3.9239
2016-12-09 09:34:52.766000 335517.628 3.489 50.176 34.72 52.452 4.084 4.869 3.5319 3.8387 4.3776 3.9681 4.2163 3.9249 3.8099 3.7379 7.967 5.63709587458 3.9233
2016-12-09 09:35:57.387000 335582.249 4.355 50.543 41.226 52.885 4.626 4.8697 3.5418 4.1409 4.6309 3.9811 4.3547 4.554 3.8097 3.7381 8.159 5.7180263982 3.9233
2016-12-09 09:36:57.660000 335642.522 4.774 51.533 44.478 53.804 1.0 4.8733 3.5801 4.5289 4.9329 4.0089 4.5963 4.9715 3.8098 3.7392 8.383 5.7045379776 3.9234
2016-12-09 09:37:57.967000 335702.829 5.142 52.658 46.863 54.85 1.0 4.8793 3.6386 4.8813 5.2193 4.0533 4.8544 5.3342 3.8095 3.7437 8.616 5.62360745397 3.9239
2016-12-09 09:38:58.287000 335763.149 5.461 53.773 48.799 55.905 5.66 4.8883 3.7188 5.2043 5.4867 4.1147 5.1071 5.6522 3.81 3.7497 8.853 5.7315148188 3.9244
2016-12-09 09:39:58.628000 335823.49 5.745 54.864 50.463 56.919 6.071 4.9027 3.8278 5.4958 5.7349 4.1903 5.3499 5.9424 3.8101 3.7598 9.075 5.65058429518 3.9248
2016-12-09 09:40:59.017000 335883.879 6.006 55.908 51.956 57.889 4.672 4.9227 3.978 5.7666 5.9675 4.279 5.5793 6.2067 3.811 3.773 9.289 5.61011903337 3.9268
2016-12-09 09:41:59.356000 335944.218 6.258 56.895 53.288 58.803 6.507 4.9478 4.1592 6.0109 6.1755 4.3775 5.7943 6.458 3.811 3.7888 9.492 5.7045379776 3.9287
2016-12-09 09:42:59.710000 336004.572 6.492 57.824 54.519 59.659 2.94 4.9747 4.3482 6.23 6.3789 4.4833 5.9972 6.6946 3.8133 3.8085 9.708 5.59675912581 3.9329
2016-12-09 09:44:00.115000 336064.977 6.716 58.701 55.66 60.486 6.107 5.002 4.5291 6.4399 6.5788 4.5961 6.1805 6.9182 3.8147 3.8318 9.915 5.65058429518 3.9359
2016-12-09 09:45:00.526000 336125.388 6.927 59.535 56.748 61.277 7.264 5.0291 4.6931 6.6396 6.7716 4.7141 6.3584 7.127 3.816 3.8572 10.113 5.65058429518 3.941
2016-12-09 09:46:00.939000 336185.801 7.121 60.335 57.779 62.038 7.457 5.0563 4.8405 6.8344 6.9612 4.8372 6.5324 7.3241 3.8193 3.8851 10.301 5.66407271578 3.9478
2016-12-09 09:47:01.392000 336246.254 7.296 61.102 58.75 62.77 7.642 5.0833 4.9739 7.0172 7.1406 4.9649 6.6994 7.5011 3.8229 3.9163 10.476 5.77198008061 3.9557
2016-12-09 09:48:01.866000 336306.728 7.486 61.839 59.676 63.479 7.806 5.1113 5.096 7.1905 7.3101 5.0961 6.8624 7.6929 3.826 3.9534 10.657 5.7315148188 3.964
2016-12-09 09:49:02.319000 336367.181 7.702 62.547 60.566 64.16 8.024 5.1416 5.2165 7.37 7.4899 5.2331 7.0282 7.9016 3.8309 3.9918 10.847 5.67756113639 3.9748
2016-12-09 09:50:02.832000 336427.694 7.907 63.235 61.423 64.823 8.236 5.1723 5.3332 7.5559 7.6727 5.3743 7.1977 8.103 3.8362 4.0346 11.035 5.75849166001 3.9869
2016-12-09 09:51:03.359000 336488.221 8.104 63.903 62.254 65.457 8.213 5.2035 5.4488 7.7404 7.8542 5.5188 7.3691 8.2948 3.8424 4.0787 11.219 5.57081121826 4.0003
2016-12-09 09:52:03.883000 336548.745 8.294 64.551 63.06 66.071 8.62 5.2352 5.5619 7.923 8.0333 5.6671 7.5411 8.4802 3.8498 4.1269 11.397 5.74500323941 4.0158
2016-12-09 09:53:04.411000 336609.273 8.479 65.184 63.839 66.667 8.818 5.2677 5.6739 8.1034 8.21 5.82 7.7136 8.6785 3.858 4.1816 11.576 5.59675912581 4.034
2016-12-09 09:54:04.970000 336669.832 8.675 65.785 64.601 67.251 9.009 5.3014 5.7852 8.2804 8.3849 5.9787 7.888 8.8716 3.8669 4.2392 11.761 5.77198008061 4.0546
2016-12-09 09:55:05.554000 336730.416 8.867 66.374 65.334 67.819 9.193 5.336 5.8934 8.456 8.5565 6.1418 8.0618 9.0586 3.8776 4.3008 11.941 5.61011903337 4.0764
2016-12-09 09:56:06.150000 336791.012 9.056 66.948 66.043 68.375 9.376 5.3713 6.0011 8.63 8.7268 6.3241 8.2357 9.244 3.8895 4.3669 12.118 5.63709587458 4.1031
2016-12-09 09:57:06.782000 336851.644 9.241 67.509 66.743 68.919 9.557 5.4075 6.1021 8.8022 8.8962 6.5334 8.412 9.4218 3.9024 4.4454 12.292 5.77198008061 4.1343
2016-12-09 09:58:07.405000 336912.267 9.418 68.063 67.418 69.457 9.748 5.4442 6.2044 8.9731 9.0634 6.7744 8.5891 9.6062 3.9166 4.5312 12.462 5.61011903337 4.1728
2016-12-09 09:59:08.047000 336972.909 9.603 68.599 68.08 69.978 9.935 5.4825 6.3095 9.1437 9.2291 7.0372 8.7669 9.7961 3.9347 4.6234 12.639 5.57081121826 4.2184
2016-12-09 10:00:08.729000 337033.591 9.795 69.127 68.734 70.484 10.12 5.5222 6.417 9.3127 9.3956 7.31 8.9438 9.9834 3.9538 4.7246 12.815 5.77198008061 4.2729
2016-12-09 10:01:09.405000 337094.267 9.983 69.648 69.369 70.981 10.301 5.563 6.5302 9.4812 9.5614 7.5814 9.1192 10.1665 3.9769 4.8276 12.992 5.59675912581 4.3416
2016-12-09 10:02:10.086000 337154.948 10.166 70.154 69.992 71.468 10.479 5.6059 6.6497 9.6519 9.7269 7.839 9.293 10.3451 4.0007 4.9301 13.164 5.75849166001 4.4302
2016-12-09 10:03:10.799000 337215.661 10.35 70.645 70.598 71.951 10.67 5.6507 6.7808 9.8219 9.8945 8.0809 9.4633 10.5264 4.0268 5.0329 13.335 5.59675912581 4.5476
2016-12-09 10:04:11.524000 337276.386 10.531 71.131 71.19 72.421 10.859 5.6982 6.9241 9.9938 10.0605 8.3071 9.6335 10.7186 4.0563 5.1293 13.504 5.74500323941 4.6962
2016-12-09 10:05:12.253000 337337.115 10.728 71.606 71.778 72.885 11.046 5.7492 7.0851 10.1636 10.227 8.5154 9.7991 10.9083 4.0895 5.2229 13.685 5.69104955699 4.8792
2016-12-09 10:06:13.021000 337397.883 10.92 72.079 72.351 73.344 11.025 5.8054 7.269 10.3301 10.3882 8.711 9.9643 11.0932 4.1262 5.3127 13.865 5.58378517203 5.0873
2016-12-09 10:07:13.798000 337458.66 11.109 72.538 72.921 73.795 11.41 5.8677 7.4831 10.4923 10.5486 8.8915 10.1245 11.2762 4.1701 5.3981 14.039 5.7315148188 5.2823
2016-12-09 10:08:14.600000 337519.462 11.292 72.994 73.475 74.24 11.593 5.939 7.7255 10.662 10.7148 9.0598 10.2803 11.4536 4.2178 5.481 14.217 5.63709587458 5.4386
2016-12-09 10:09:15.423000 337580.285 11.473 73.446 74.028 74.682 11.782 6.0201 7.9984 10.8262 10.8767 9.2148 10.4281 11.6409 4.2669 5.5679 14.392 5.78546850122 5.5671
2016-12-09 10:10:16.247000 337641.109 11.664 73.888 74.572 75.11 11.967 6.1113 8.3025 10.9866 11.0379 9.357 10.5734 11.8279 4.3188 5.6501 14.561 5.59675912581 5.6686
2016-12-09 10:11:17.081000 337701.943 11.854 74.327 75.108 75.535 12.112 6.2172 8.6235 11.1543 11.2059 9.4861 10.7141 12.0106 4.3705 5.7273 14.731 5.75849166001 5.759
2016-12-09 10:12:17.931000 337762.793 12.04 74.761 75.632 75.954 12.251 6.343 8.9522 11.3175 11.369 9.6054 10.8439 12.1911 4.4256 5.8084 14.898 5.63709587458 5.8464
2016-12-09 10:13:18.814000 337823.676 12.223 75.182 76.153 76.363 12.5 6.489 9.2771 11.4784 11.5333 9.7119 10.9641 12.368 4.4828 5.886 15.069 5.7315148188 5.926
2016-12-09 10:14:19.728000 337884.59 12.404 75.601 76.668 76.772 12.686 6.6612 9.5645 11.6435 11.7006 9.8117 11.0823 12.5452 4.5384 5.9601 15.244 5.78546850122 6.0009
2016-12-09 10:15:20.677000 337945.539 12.587 76.013 77.174 77.178 12.867 6.8588 9.736 11.8078 11.8651 9.9071 11.2049 12.7273 4.5951 6.0339 15.42 5.74500323941 6.076
2016-12-09 10:16:21.595000 338006.457 12.772 76.423 77.679 77.578 13.032 7.0872 9.4189 11.9667 12.0267 10.0026 11.3418 12.9065 4.6543 6.11 15.594 5.63709587458 6.1531
2016-12-09 10:17:22.549000 338067.411 12.952 76.826 78.179 77.974 13.215 7.3418 9.1075 12.1317 12.1929 10.1084 11.4914 13.0797 4.7605 6.1958 15.764 5.61011903337 6.2327
2016-12-09 10:18:23.516000 338128.378 13.131 77.226 78.679 78.369 13.385 7.629 9.6231 12.2929 12.3552 10.2299 11.6542 13.2516 4.8419 6.2887 15.932 5.79895692182 6.3216
2016-12-09 10:19:24.525000 338189.387 13.308 77.623 79.171 78.758 13.559 7.9425 10.1999 12.4527 12.5175 10.3713 11.8199 13.4227 4.9193 6.3863 16.1 5.66407271578 6.421
2016-12-09 10:20:25.552000 338250.414 13.486 78.015 79.665 79.144 13.743 8.2874 10.7515 12.6185 12.6869 10.5352 11.9821 13.6007 5.0009 6.4975 16.266 5.82731845255 6.5351
2016-12-09 10:21:26.561000 338311.423 13.677 78.404 80.145 79.525 13.926 8.6609 11.2679 12.7855 12.8533 10.7255 12.1503 13.7872 5.0791 6.6089 16.433 5.69104955699 6.6581
2016-12-09 10:22:27.587000 338372.449 13.87 78.792 80.622 79.906 14.111 9.0568 11.7441 12.9494 13.0213 10.9287 12.317 13.9721 5.1595 6.734 16.601 5.66407271578 6.7976
2016-12-09 10:23:28.617000 338433.479 14.062 79.176 81.096 80.278 14.293 9.4668 12.1903 13.1219 13.1974 11.1492 12.4806 14.1566 5.2435 6.8576 16.768 5.7315148188 6.9511
2016-12-09 10:24:29.672000 338494.534 14.256 79.556 81.567 80.645 14.476 9.8961 12.6026 13.2963 13.3723 11.3777 12.6491 14.3414 5.3297 6.9892 16.936 5.75849166001 7.1191
2016-12-09 10:25:30.745000 338555.607 14.449 79.934 82.039 81.012 14.659 10.327 12.9828 13.4679 13.5482 11.6125 12.8189 14.526 5.4165 7.1204 17.111 5.84152706461 7.2924
2016-12-09 10:26:31.889000 338616.751 14.639 80.304 82.505 81.377 14.84 10.7554 13.34 13.6496 13.7321 11.8514 12.9852 14.7112 5.5074 7.2477 17.292 5.63709587458 7.4791
2016-12-09 10:27:32.991000 338677.853 14.831 80.673 82.969 81.737 15.024 11.1845 13.6651 13.8319 13.9144 12.091 13.1582 14.8952 5.6023 7.3844 17.473 5.82731845255 7.6561
2016-12-09 10:28:34.143000 338739.005 15.024 81.038 83.428 82.097 15.224 11.6098 13.969 14.0141 14.1028 12.3281 13.3315 15.086 5.6979 7.5154 17.654 5.78546850122 7.8317
2016-12-09 10:29:35.277000 338800.139 15.233 81.4 83.892 82.452 15.11 12.0375 14.2598 14.2044 14.2936 12.5622 13.5015 15.2868 5.7978 7.6472 17.838 5.81310984049 8.0065
2016-12-09 10:30:36.463000 338861.325 15.439 81.759 84.347 82.807 15.617 12.4639 14.5299 14.3936 14.4835 12.7951 13.6789 15.4854 5.9008 7.7801 18.02 5.75849166001 8.1745
2016-12-09 10:31:37.670000 338922.532 15.647 82.118 84.801 83.159 15.814 12.8829 14.7926 14.5865 14.6807 13.0196 13.8556 15.6836 6.0022 7.909 18.204 5.7045379776 8.3389
2016-12-09 10:32:38.889000 338983.751 15.852 82.471 85.252 83.51 16.009 13.2836 15.0429 14.783 14.8768 13.244 14.0303 15.8824 6.106 8.043 18.389 5.82731845255 8.4972
2016-12-09 10:33:40.115000 339044.977 16.056 82.83 85.694 83.859 16.203 13.6371 15.2925 14.9782 15.0772 13.4603 14.2121 16.0785 6.2129 8.1728 18.574 5.75849166001 8.6559
2016-12-09 10:34:41.332000 339106.194 16.26 83.181 86.141 84.205 16.397 13.8934 15.5323 15.1822 15.2824 13.6751 14.3906 16.275 6.317 8.3049 18.758 5.7180263982 8.8144
2016-12-09 10:35:42.556000 339167.418 16.458 83.531 86.576 84.552 16.585 13.8768 15.7609 15.3835 15.4854 13.8856 14.57 16.4657 6.4239 8.4317 18.944 5.84152706461 8.9721
2016-12-09 10:36:43.788000 339228.65 16.647 83.878 87.015 84.894 16.767 12.9842 15.9754 15.5775 15.6835 14.0914 14.753 16.6463 6.5339 8.5624 19.126 5.84152706461 9.1238
2016-12-09 10:37:45.095000 339289.957 16.817 84.225 87.445 85.233 16.929 12.1141 16.1806 15.7562 15.8716 14.2973 14.9317 16.8082 6.6442 8.6908 19.303 5.7315148188 9.2774
2016-12-09 10:38:46.413000 339351.275 16.98 84.571 87.878 85.569 17.088 11.6934 16.3718 15.9236 16.0546 14.4929 15.1099 16.9626 6.7557 8.8187 19.472 5.91257012494 9.4278
2016-12-09 10:39:47.738000 339412.6 17.142 84.915 88.306 85.903 17.244 11.5345 16.5475 16.0829 16.2351 14.6903 15.2876 17.1145 6.866 8.9544 19.63 5.75849166001 9.5844
2016-12-09 10:40:49.049000 339473.911 17.31 85.256 88.734 86.234 17.403 12.0919 16.7221 16.2461 16.4099 14.8797 15.4584 17.2781 6.9776 9.0861 19.786 5.82731845255 9.739
2016-12-09 10:41:50.383000 339535.245 17.486 85.589 89.16 86.566 17.57 12.661 16.9004 16.4122 16.5819 15.0637 15.6266 17.4481 7.0885 9.2147 19.943 5.84152706461 9.8905
2016-12-09 10:42:51.732000 339596.594 17.665 85.922 89.583 86.893 17.741 13.2156 17.0838 16.581 16.7537 15.2504 15.7917 17.6195 7.1979 9.349 20.102 5.84152706461 10.0427
2016-12-09 10:43:53.117000 339657.979 17.844 86.257 90.0 87.223 17.913 13.7392 17.2713 16.7553 16.9256 15.4322 15.9542 17.7942 7.3089 9.4751 20.265 5.86994428874 10.193
2016-12-09 10:44:54.535000 339719.397 18.025 86.589 90.411 87.551 18.077 14.2367 17.4584 16.9288 17.1024 15.6102 16.1203 17.9696 7.4209 9.5998 20.432 5.79895692182 10.3383
2016-12-09 10:45:55.969000 339780.831 18.206 86.917 90.821 87.877 18.187 14.7122 17.6477 17.1083 17.2801 15.7835 16.2889 18.1455 7.5316 9.7298 20.601 5.99782179732 10.4887
2016-12-09 10:46:57.377000 339842.239 18.387 87.248 91.227 88.197 18.431 15.1602 17.8344 17.2912 17.4589 15.9552 16.4553 18.3217 7.6383 9.8535 20.772 5.91257012494 10.6341
2016-12-09 10:47:58.823000 339903.685 18.568 87.573 91.63 88.522 18.44 15.5848 18.0214 17.474 17.6364 16.1324 16.6199 18.4964 7.7497 9.9837 20.945 5.86994428874 10.7854
2016-12-09 10:49:00.270000 339965.132 18.749 87.901 92.03 88.843 18.642 15.9786 18.2096 17.658 17.8129 16.3105 16.7827 18.6725 7.8581 10.11 21.113 6.01315436584 10.9305
2016-12-09 10:50:01.752000 340026.614 18.929 88.224 92.426 89.165 18.952 16.3577 18.3957 17.8414 17.9922 16.486 16.9439 18.8484 7.968 10.2318 21.28 5.98361318526 11.0788
2016-12-09 10:51:03.254000 340088.116 19.109 88.549 92.822 89.483 19.125 16.7143 18.5836 18.0255 18.1686 16.6602 17.107 19.024 8.0763 10.3619 21.45 5.99782179732 11.2215
2016-12-09 10:52:04.797000 340149.659 19.289 88.87 93.218 89.801 19.298 17.0428 18.7694 18.2091 18.3477 16.8326 17.2702 19.1992 8.182 10.4873 21.624 6.07529864546 11.3683
2016-12-09 10:53:06.309000 340211.171 19.469 89.19 93.609 90.116 19.115 17.3626 18.9571 18.3936 18.5235 17.0037 17.432 19.3742 8.2912 10.6114 21.803 5.926778737 11.511
2016-12-09 10:54:07.837000 340272.699 19.645 89.51 93.995 90.427 19.641 17.6588 19.1394 18.5773 18.7025 17.178 17.5925 19.5481 8.3999 10.7308 21.986 6.07529864546 11.6587
2016-12-09 10:55:09.380000 340334.242 19.82 89.829 94.381 90.737 19.809 17.9419 19.3228 18.7618 18.8804 17.351 17.7521 19.7205 8.5055 10.8565 22.16 6.16851506489 11.8051
2016-12-09 10:56:10.963000 340395.825 19.995 90.146 94.763 91.047 19.978 18.2102 19.5046 18.9457 19.0555 17.5229 17.9102 19.8913 8.6162 10.9809 22.334 5.926778737 11.9491
2016-12-09 10:57:12.553000 340457.415 20.17 90.454 95.142 91.355 20.124 18.4637 19.6889 19.1273 19.2297 17.6936 18.0673 20.0623 8.7239 11.103 22.511 6.13744292508 12.0966
2016-12-09 10:58:14.141000 340519.003 20.346 90.766 95.516 91.662 20.318 18.7084 19.8736 19.3093 19.4024 17.8641 18.2237 20.2334 8.8256 11.2259 22.691 6.01315436584 12.2355
2016-12-09 10:59:15.745000 340580.607 20.523 91.077 95.886 91.965 20.487 18.9444 20.0559 19.4886 19.5769 18.0324 18.3804 20.4046 8.936 11.3419 22.873 6.1995872047 12.3808
2016-12-09 11:00:17.379000 340642.241 20.7 91.384 96.254 92.271 20.656 19.1662 20.2377 19.6715 19.7519 18.2001 18.5348 20.5763 9.0417 11.4578 23.063 5.96940457319 12.5198
2016-12-09 11:01:19.063000 340703.925 20.877 91.691 96.62 92.575 20.774 19.3824 20.4208 19.8547 19.9277 18.3667 18.6886 20.7499 9.1456 11.5863 23.26 6.2151232746 12.6558
2016-12-09 11:02:20.743000 340765.605 21.053 91.996 96.985 92.875 21.0 19.5932 20.607 20.0378 20.1 18.5339 18.8431 20.9235 9.2506 11.6956 23.446 6.05976257555 12.8059
2016-12-09 11:03:22.410000 340827.272 21.219 92.303 97.345 93.178 21.159 19.7992 20.7956 20.2172 20.2734 18.6993 18.9959 21.0915 9.3597 11.8113 23.617 6.13744292508 12.9379
2016-12-09 11:04:24.141000 340889.003 21.388 92.606 97.702 93.478 21.136 20.0027 20.9854 20.3998 20.4475 18.8655 19.1447 21.2539 9.4624 11.9324 23.773 6.16851506489 13.082
2016-12-09 11:05:25.856000 340950.718 21.559 92.906 98.06 93.779 21.484 20.1953 21.1486 20.5855 20.6251 19.029 19.2945 21.4179 9.565 12.0462 23.915 6.18405113479 13.2154
2016-12-09 11:06:27.596000 341012.458 21.733 93.21 98.413 94.076 21.65 20.3895 21.3136 20.7733 20.8044 19.1893 19.4425 21.586 9.6686 12.1563 24.072 6.12190685517 13.3541
2016-12-09 11:07:29.345000 341074.207 21.912 93.509 98.769 94.374 21.819 20.5823 21.4832 20.9666 20.9873 19.351 19.5921 21.7557 9.7754 12.2637 24.268 6.27726755422 13.4861
2016-12-09 11:08:31.113000 341135.975 22.085 93.81 99.119 94.671 21.992 20.775 21.6576 21.1345 21.1429 19.5124 19.7403 21.9298 9.873 12.3802 24.44 6.12190685517 13.6165
2016-12-09 11:09:32.923000 341197.785 22.251 94.111 99.466 94.968 22.15 20.9691 21.8381 21.3012 21.2991 19.6727 19.8899 22.0968 9.9744 12.4885 24.594 6.2151232746 13.7559
2016-12-09 11:10:34.748000 341259.61 22.421 94.406 99.814 95.257 22.311 21.1351 22.0239 21.4727 21.4615 19.8341 20.039 22.258 10.0772 12.5976 24.729 6.16851506489 13.8827
2016-12-09 11:11:36.572000 341321.434 22.593 94.704 100.15 95.55 22.474 21.2994 22.2182 21.649 21.6279 19.9952 20.1847 22.4224 10.171 12.7042 24.847 6.23065934451 14.0157
2016-12-09 11:12:38.398000 341383.26 22.764 94.999 100.49 95.837 22.637 21.4673 22.4098 21.8314 21.7996 20.1538 20.3323 22.5869 10.2726 12.8102 24.953 6.2151232746 14.1453
2016-12-09 11:13:40.246000 341445.108 22.939 95.291 100.83 96.126 22.803 21.6401 22.5913 22.0173 21.9755 20.3134 20.4809 22.754 10.3719 12.9177 25.097 6.44816432317 14.2695
2016-12-09 11:14:42.174000 341507.036 23.122 95.581 101.17 96.414 22.89 21.8201 22.7594 22.2092 22.1592 20.4742 20.6296 22.9222 10.4695 13.0239 25.268 6.23065934451 14.4045
2016-12-09 11:15:44.057000 341568.919 23.303 95.871 101.5 96.701 23.148 22.0035 22.9122 22.3956 22.3428 20.6347 20.7814 23.0995 10.5661 13.1149 25.425 6.41709218336 14.5301
2016-12-09 11:16:45.987000 341630.849 23.473 96.16 101.83 96.987 23.317 22.1968 23.0907 22.5724 22.5177 20.7986 20.9351 23.2777 10.6591 13.2241 25.57 6.30833969403 14.6557
2016-12-09 11:17:47.888000 341692.75 23.628 96.447 102.16 97.272 23.473 22.3873 23.3251 22.7339 22.6822 20.9648 21.0751 23.4415 10.7586 13.3271 25.703 6.30833969403 14.7696
2016-12-09 11:18:49.792000 341754.654 23.77 96.734 102.48 97.556 23.616 22.568 23.5302 22.8809 22.832 21.11 21.2064 23.591 10.855 13.4227 25.827 6.51164171461 14.8982
2016-12-09 11:19:51.729000 341816.591 23.9 97.019 102.81 97.837 23.746 22.7353 23.7101 23.0239 22.9666 21.2515 21.3395 23.7279 10.9491 13.5223 25.943 6.32387576393 15.0317
2016-12-09 11:20:53.672000 341878.534 24.029 97.303 103.13 98.119 23.866 22.8873 23.869 23.2557 23.1716 21.3959 21.4776 23.8531 11.0382 13.6238 26.077 6.46370039307 15.1455
2016-12-09 11:21:55.665000 341940.527 24.211 97.589 103.46 98.403 23.976 23.0412 24.0152 23.4624 23.3821 21.5424 21.6193 23.9677 11.1331 13.728 26.232 6.47923646298 15.259
2016-12-09 11:22:57.677000 342002.539 24.373 97.871 103.78 98.683 24.131 23.2746 24.2455 23.6413 23.5707 21.6941 21.7656 24.1235 11.2284 13.8192 26.38 6.52918691407 15.3903
2016-12-09 11:23:59.727000 342064.589 24.518 98.151 104.1 98.966 24.288 23.4815 24.4526 23.8017 23.7362 21.8477 21.9159 24.2857 11.323 13.9198 26.522 6.37048397365 15.5067
2016-12-09 11:25:01.766000 342126.628 24.647 98.437 104.41 99.243 24.43 23.6611 24.6371 23.9438 23.8846 22.0041 22.0717 24.4321 11.4093 14.0198 26.657 6.6344581108 15.6276
2016-12-09 11:26:03.808000 342188.67 24.762 98.718 104.73 99.521 24.558 23.8217 24.8038 24.1271 24.0276 22.1672 22.2328 24.5627 11.4959 14.1124 26.787 6.44816432317 15.7513
2016-12-09 11:27:05.903000 342250.765 24.865 98.996 105.04 99.8 24.673 23.9618 24.9574 24.3396 24.2457 22.3277 22.3903 24.6804 11.5891 14.2097 26.913 6.56427731298 15.8737
2016-12-09 11:28:08.002000 342312.864 24.958 99.274 105.35 100.07 24.778 24.1632 25.1646 24.5279 24.4431 22.4832 22.5413 24.7864 11.6761 14.2869 27.042 6.47923646298 15.9754
2016-12-09 11:29:10.125000 342374.987 25.084 99.553 105.66 100.35 24.872 24.3706 25.3839 24.6988 24.6204 22.6296 22.683 24.8811 11.7671 14.3888 27.187 6.66954850972 16.0911
2016-12-09 11:30:12.244000 342437.106 25.236 99.831 105.96 100.62 24.957 24.5578 25.5909 24.8542 24.7795 22.7667 22.814 24.9673 11.8566 14.4833 27.33 6.757274507 16.2085
