2016-08-31 00:00:19.953000 5132.798 3.531 49.455 33.39 51.705 4.649 51.4365 49.7056 5.2529 5.8575 12.0681 14.6756 4.6374 4.5192 4.2989 8.245 9.55591035487 12.4691
2016-08-31 00:01:23.293000 5196.138 3.522 49.449 33.409 51.694 4.649 51.407 49.8479 5.1903 5.8052 12.0631 14.6682 4.6377 4.5199 4.2929 8.243 9.26757465184 12.543
2016-08-31 00:02:26.619000 5259.464 3.513 49.444 33.443 51.688 4.646 51.3807 50.172 5.1394 5.7604 12.0583 14.661 4.6346 4.5213 4.2893 8.24 9.86929258736 12.5927
2016-08-31 00:03:29.986000 5322.841 3.497 49.439 33.75 51.691 4.644 51.3528 50.5015 5.0994 5.723 12.0536 14.6541 4.6314 4.517 4.2866 8.238 9.26757465184 12.6521
2016-08-31 00:04:33.391000 5386.236 3.711 49.434 33.714 51.68 4.635 51.3229 50.495 5.0614 5.6858 12.0489 14.6469 4.6223 4.5018 4.2806 8.234 10.0629579836 12.7157
2016-08-31 00:05:36.853000 5449.698 3.71 49.43 33.663 51.681 4.631 51.281 50.3082 5.0236 5.6466 12.0437 14.6398 4.6177 4.4893 4.2751 8.23 9.55591035487 12.7861
2016-08-31 00:06:40.314000 5513.159 3.702 49.422 33.636 51.676 4.627 51.2526 50.093 4.9885 5.6087 12.0385 14.6329 4.613 4.4882 4.2683 8.227 9.99464548035 12.8427
2016-08-31 00:07:43.821000 5576.666 3.703 49.417 33.589 51.675 4.623 51.2189 49.879 4.9576 5.573 12.0333 14.626 4.6085 4.4849 4.2635 8.224 9.68126324787 12.9084
2016-08-31 00:08:47.391000 5640.236 3.703 49.414 33.62 51.665 4.617 51.1886 49.6629 4.9293 5.5392 12.0282 14.619 4.603 4.4828 4.258 8.221 9.99464548035 12.9493
2016-08-31 00:09:50.990000 5703.835 3.472 49.41 33.632 51.654 4.62 51.156 49.8083 4.9104 5.5151 12.0231 14.6127 4.6063 4.4906 4.2563 8.22 9.49389210497 12.9934
2016-08-31 00:10:54.602000 5767.447 3.468 49.405 33.587 51.652 4.62 51.128 50.1398 4.9004 5.5003 12.0185 14.6067 4.6066 4.4923 4.2563 8.219 9.61858680137 13.0251
2016-08-31 00:11:58.276000 5831.121 3.47 49.4 33.624 51.647 4.621 51.1118 50.479 4.895 5.4915 12.0144 14.6015 4.6072 4.4902 4.255 8.219 10.3383138839 13.059
2016-08-31 00:13:01.940000 5894.785 3.485 49.393 33.526 51.642 4.615 51.0838 50.4682 4.8855 5.4807 12.0101 14.5954 4.6007 4.4715 4.2518 8.217 9.43731274169 13.1015
2016-08-31 00:14:05.657000 5958.502 3.482 49.392 34.158 51.633 4.612 51.0565 50.2774 4.8714 5.4648 12.0055 14.5897 4.5979 4.4655 4.2488 8.214 9.93196903385 13.1412
2016-08-31 00:15:09.430000 6022.275 3.491 49.388 34.18 51.632 4.609 51.026 50.055 4.8566 5.4475 12.001 14.5839 4.5943 4.4598 4.2456 8.212 9.61858680137 13.1915
2016-08-31 00:16:13.234000 6086.079 3.696 49.385 33.764 51.628 4.606 50.9948 49.8469 4.8424 5.4303 11.9965 14.5783 4.5905 4.4579 4.2417 8.21 9.99464548035 13.2391
2016-08-31 00:17:17.052000 6149.897 3.485 49.379 33.446 51.632 4.603 50.9643 49.6337 4.8292 5.414 11.9923 14.5724 4.5872 4.457 4.2388 8.208 9.99464548035 13.2707
2016-08-31 00:18:20.905000 6213.75 3.488 49.374 33.487 51.622 4.607 50.937 49.7775 4.8237 5.4056 11.9881 14.5674 4.5921 4.4674 4.2375 8.208 10.2694749088 13.2965
2016-08-31 00:19:24.782000 6277.627 3.47 49.373 34.145 51.622 4.608 50.9109 50.111 4.8254 5.4049 11.9845 14.5626 4.5936 4.4799 4.2386 8.208 9.55591035487 13.3178
2016-08-31 00:20:28.925000 6341.77 3.683 49.368 33.84 51.614 4.61 50.8946 50.4541 4.8294 5.408 11.9811 14.5581 4.5948 4.4719 4.2401 8.209 9.61858680137 13.3431
2016-08-31 00:21:33.105000 6405.95 3.445 49.365 33.985 51.609 4.604 50.872 50.4377 4.8279 5.4071 11.9776 14.5532 4.5885 4.4597 4.2385 8.206 9.68126324787 13.3649
2016-08-31 00:22:37.067000 6469.912 3.621 49.362 34.033 51.607 4.602 50.8347 50.2504 4.8207 5.3996 11.9741 14.5482 4.5861 4.4505 4.235 8.205 10.407152859 13.402
2016-08-31 00:23:41.074000 6533.919 3.562 49.36 33.391 51.603 4.599 50.811 50.0373 4.8111 5.3892 11.9702 14.543 4.5833 4.4481 4.2327 8.203 9.80661614086 13.4428
2016-08-31 00:24:45.089000 6597.934 3.443 49.355 33.846 51.596 4.597 50.782 49.8122 4.8017 5.3788 11.9664 14.5384 4.5804 4.4481 4.2302 8.201 10.2694749088 13.4731
2016-08-31 00:25:49.113000 6661.958 3.604 49.349 34.104 51.589 4.596 50.7472 49.6037 4.7934 5.3684 11.9626 14.5336 4.5791 4.447 4.2268 8.2 9.49389210497 13.5053
2016-08-31 00:26:53.207000 6726.052 3.665 49.341 33.523 51.583 4.6 50.7287 49.7533 4.7917 5.3645 11.9589 14.5291 4.5836 4.4635 4.2276 8.201 0.181886859319 13.5219
2016-08-31 00:27:57.351000 6790.196 3.456 49.338 33.671 51.578 4.601 50.7077 50.082 4.7963 5.3682 11.9564 14.525 4.585 4.4717 4.2297 8.201 10.0629579836 13.5284
2016-08-31 00:29:01.572000 6854.417 3.704 49.334 33.664 51.575 4.603 50.6881 50.4302 4.8033 5.3751 11.9523 14.5208 4.5873 4.4658 4.2324 8.202 9.68126324787 13.5441
2016-08-31 00:30:05.827000 6918.672 3.472 49.33 33.511 51.568 4.598 50.6683 50.4227 4.804 5.3775 11.9491 14.5164 4.5814 4.4536 4.2302 8.2 10.475991834 13.5736
2016-08-31 00:31:10.119000 6982.964 3.67 49.327 33.859 51.566 4.596 50.6316 50.2274 4.7991 5.3728 11.9455 14.512 4.5798 4.4501 4.228 8.198 9.86929258736 13.6007
2016-08-31 00:32:14.529000 7047.374 3.443 49.323 33.979 51.56 4.595 50.6086 50.0103 4.7916 5.365 11.9417 14.5077 4.5773 4.4435 4.2253 8.197 10.2694749088 13.638
2016-08-31 00:33:18.893000 7111.738 3.631 49.319 34.015 51.557 4.592 50.5711 49.7931 4.784 5.3567 11.9381 14.5028 4.5753 4.4403 4.2231 8.195 9.93196903385 13.6666
2016-08-31 00:34:23.297000 7176.142 3.442 49.315 33.816 51.554 4.59 50.5502 49.578 4.7762 5.3476 11.9346 14.4984 4.5725 4.4381 4.2208 8.193 9.86929258736 13.7069
2016-08-31 00:35:27.730000 7240.575 3.671 49.312 33.474 51.55 4.595 50.5175 49.7288 4.7758 5.3459 11.9312 14.4947 4.5784 4.4543 4.2218 8.194 9.93196903385 13.7232
2016-08-31 00:36:32.237000 7305.082 3.514 49.304 34.157 51.545 4.597 50.503 50.064 4.7816 5.3503 11.928 14.4906 4.5807 4.454 4.2236 8.195 10.3383138839 13.7285
2016-08-31 00:37:36.683000 7369.528 3.481 49.303 33.444 51.542 4.599 50.4785 50.4038 4.7896 5.3591 11.9253 14.4872 4.5818 4.4588 4.2261 8.196 9.32415401512 13.7489
2016-08-31 00:38:41.236000 7434.081 3.667 49.301 33.86 51.541 4.594 50.4624 50.4032 4.7912 5.3621 11.9223 14.4831 4.5766 4.4467 4.2246 8.194 9.93196903385 13.7754
2016-08-31 00:39:45.776000 7498.621 3.445 49.299 34.016 51.538 4.592 50.4297 50.205 4.7864 5.3586 11.9192 14.4791 4.5747 4.4377 4.2234 8.192 10.1317969587 13.7961
2016-08-31 00:40:50.386000 7563.231 3.443 49.295 33.337 51.533 4.591 50.4046 49.9897 4.7796 5.3514 11.9158 14.4749 4.5728 4.4364 4.2212 8.191 10.2694749088 13.8259
2016-08-31 00:41:55.065000 7627.91 3.665 49.29 33.515 51.53 4.588 50.3694 49.773 4.7725 5.3436 11.9124 14.4709 4.5707 4.4374 4.2181 8.189 9.74393969436 13.8507
2016-08-31 00:42:59.704000 7692.549 3.517 49.29 34.172 51.527 4.593 50.3511 49.9227 4.7718 5.3412 11.9092 14.4673 4.5752 4.4549 4.2186 8.19 10.699487239 13.8644
2016-08-31 00:44:04.381000 7757.226 3.459 49.29 33.461 51.527 4.594 50.3316 50.2543 4.7781 5.347 11.9062 14.4637 4.5771 4.4565 4.2211 8.191 9.3807333784 13.8739
2016-08-31 00:45:09.131000 7821.976 3.501 49.287 33.375 51.525 4.596 50.3142 50.5981 4.7861 5.3561 11.9035 14.4605 4.5793 4.4556 4.2235 8.192 10.3383138839 13.8866
2016-08-31 00:46:13.945000 7886.79 3.603 49.284 33.388 51.523 4.591 50.2891 50.5867 4.7882 5.3598 11.9007 14.4563 4.574 4.4422 4.2223 8.19 9.86929258736 13.9109
2016-08-31 00:47:18.801000 7951.646 3.585 49.285 34.139 51.521 4.589 50.2549 50.3893 4.7832 5.3563 11.8975 14.4526 4.5717 4.4314 4.2204 8.189 9.93196903385 13.9343
2016-08-31 00:48:23.609000 8016.454 3.525 49.283 34.176 51.521 4.587 50.2328 50.1735 4.7761 5.3486 11.8944 14.4488 4.5692 4.4368 4.2183 8.187 10.774730187 13.9646
2016-08-31 00:49:28.523000 8081.368 3.459 49.282 34.12 51.518 4.585 50.2025 49.9539 4.7686 5.3407 11.8909 14.4445 4.5671 4.4336 4.2155 8.186 9.32415401512 13.9789
2016-08-31 00:50:33.462000 8146.307 3.437 49.279 33.973 51.517 4.583 50.1763 49.7253 4.7613 5.3324 11.8875 14.4404 4.5652 4.4276 4.2137 8.184 10.475991834 14.0054
2016-08-31 00:51:38.465000 8211.31 3.444 49.279 33.748 51.516 4.588 50.1501 49.8842 4.7613 5.3303 11.8842 14.4369 4.5711 4.4462 4.2145 8.186 9.68126324787 14.0177
2016-08-31 00:52:43.484000 8276.329 3.469 49.276 33.498 51.511 4.59 50.1292 50.2229 4.7677 5.336 11.881 14.4336 4.5727 4.4445 4.2163 8.186 10.5490013431 14.0344
2016-08-31 00:53:48.537000 8341.382 3.492 49.274 33.385 51.507 4.592 50.1104 50.5612 4.7762 5.3452 11.8783 14.4301 4.5748 4.4504 4.2185 8.187 9.99464548035 14.0428
2016-08-31 00:54:53.607000 8406.452 3.57 49.272 33.352 51.502 4.588 50.0884 50.5552 4.7783 5.3486 11.8757 14.4263 4.5696 4.4367 4.2179 8.186 10.407152859 14.0713
2016-08-31 00:55:58.701000 8471.546 3.656 49.271 33.49 51.499 4.586 50.061 50.3571 4.7738 5.3455 11.8723 14.4223 4.5679 4.4268 4.216 8.185 10.1317969587 14.0894
2016-08-31 00:57:03.839000 8536.684 3.479 49.266 33.434 51.502 4.585 50.0272 50.1387 4.7671 5.3386 11.8691 14.4185 4.5661 4.428 4.2141 8.184 10.0629579836 14.1087
2016-08-31 00:58:08.996000 8601.841 3.504 49.263 33.336 51.499 4.583 50.0058 49.9204 4.7598 5.331 11.8656 14.4147 4.5643 4.4259 4.2121 8.183 9.86929258736 14.134
2016-08-31 00:59:14.210000 8667.055 3.579 49.26 33.388 51.494 4.581 49.9748 49.698 4.7533 5.3228 11.8622 14.4105 4.5623 4.4321 4.2101 8.181 10.2694749088 14.1553
2016-08-31 01:00:19.458000 8732.303 3.462 49.257 33.602 51.488 4.586 49.951 49.8523 4.7535 5.3215 11.859 14.4071 4.5679 4.4424 4.2115 8.182 9.68126324787 14.1674
2016-08-31 01:01:24.727000 8797.572 3.459 49.255 33.371 51.487 4.633 50.2888 50.1916 4.8226 5.3835 11.8575 14.4079 4.6206 4.4731 4.2462 8.198 10.3383138839 14.1637
2016-08-31 01:02:30.035000 8862.88 3.465 49.252 33.913 51.487 4.675 51.011 50.5653 5.0599 5.5954 11.8624 14.4139 4.6657 4.522 4.292 8.22 9.68126324787 14.1287
2016-08-31 01:03:35.372000 8928.217 3.535 49.254 34.18 51.493 4.667 51.4615 50.5633 5.2985 5.8159 11.868 14.4168 4.6536 4.5413 4.304 8.228 10.1317969587 14.0847
2016-08-31 01:04:40.749000 8993.594 3.681 49.255 33.857 51.489 4.655 51.5397 50.3619 5.341 5.8748 11.8694 14.4153 4.6408 4.5356 4.2989 8.225 10.1317969587 14.0554
2016-08-31 01:05:46.159000 9059.004 3.632 49.254 34.08 51.476 4.645 51.5361 50.1402 5.2985 5.8581 11.868 14.4124 4.6292 4.5214 4.2911 8.219 10.2006359338 14.0458
2016-08-31 01:06:51.562000 9124.407 3.716 49.251 33.628 51.483 4.637 51.5223 49.9097 5.2323 5.8154 11.8656 14.4084 4.6198 4.5069 4.2845 8.214 9.55591035487 14.0583
2016-08-31 01:07:57.052000 9189.897 3.51 49.246 33.372 51.472 4.63 51.4937 49.6941 5.1648 5.7643 11.8619 14.4043 4.6136 4.4974 4.2772 8.21 10.2006359338 14.0823
2016-08-31 01:09:02.621000 9255.466 3.454 49.245 33.878 51.474 4.63 51.4634 49.8434 5.1099 5.7181 11.8581 14.4002 4.6144 4.5037 4.2724 8.209 9.99464548035 14.1118
2016-08-31 01:10:08.234000 9321.079 3.713 49.242 33.684 51.476 4.628 51.4355 50.1841 5.0683 5.6811 11.8544 14.3959 4.6125 4.5014 4.27 8.207 10.0629579836 14.1321
2016-08-31 01:11:13.966000 9386.811 3.531 49.242 33.347 51.474 4.627 51.4067 50.5358 5.0369 5.6517 11.851 14.3919 4.6106 4.5005 4.2677 8.206 10.699487239 14.1549
2016-08-31 01:12:20.169000 9453.014 3.705 49.242 34.157 51.472 4.619 51.3783 50.5169 5.0062 5.6222 11.8472 14.3871 4.602 4.4801 4.2628 8.202 9.61858680137 14.1881
2016-08-31 01:13:26.075000 9518.92 3.451 49.24 33.995 51.47 4.615 51.343 50.3131 4.9739 5.5885 11.8429 14.3823 4.5971 4.4733 4.2575 8.199 10.5490013431 14.2318
2016-08-31 01:14:32.067000 9584.912 3.601 49.237 34.126 51.469 4.611 51.3104 50.0945 4.9442 5.5561 11.8386 14.3775 4.5935 4.4703 4.2524 8.197 10.6242442911 14.2562
2016-08-31 01:15:37.923000 9650.768 3.482 49.238 33.439 51.47 4.607 51.2751 49.8727 4.9176 5.5253 11.8342 14.3725 4.5892 4.4583 4.2469 8.194 9.93196903385 14.2858
2016-08-31 01:16:43.705000 9716.55 3.623 49.234 34.043 51.469 4.603 51.2448 49.6479 4.8935 5.4967 11.8295 14.3676 4.5848 4.4568 4.2427 8.192 10.407152859 14.3278
2016-08-31 01:17:49.582000 9782.427 3.476 49.23 33.555 51.46 4.607 51.2133 49.8037 4.8787 5.4771 11.8251 14.3632 4.5893 4.4654 4.2408 8.192 10.2006359338 14.3482
2016-08-31 01:18:55.550000 9848.395 3.451 49.231 34.025 51.459 4.607 51.1894 50.1486 4.8725 5.4668 11.8214 14.3591 4.589 4.4696 4.2404 8.192 9.80661614086 14.3668
2016-08-31 01:20:01.462000 9914.307 3.682 49.228 33.513 51.462 4.608 51.1646 50.4995 4.8704 5.4623 11.8176 14.3549 4.5905 4.4736 4.2407 8.192 10.2694749088 14.3799
2016-08-31 01:21:07.368000 9980.213 3.447 49.226 34.067 51.457 4.602 51.1336 50.4856 4.8636 5.4545 11.8141 14.3504 4.5825 4.4493 4.2381 8.19 9.68126324787 14.4056
2016-08-31 01:22:13.437000 10046.282 3.683 49.227 33.547 51.457 4.598 51.1082 50.2822 4.8505 5.4405 11.81 14.3457 4.5794 4.4509 4.2344 8.188 9.99464548035 14.4282
2016-08-31 01:23:19.441000 10112.286 3.449 49.226 34.042 51.457 4.595 51.0749 50.0616 4.837 5.4251 11.8058 14.3412 4.5762 4.4468 4.2309 8.186 9.93196903385 14.4468
2016-08-31 01:24:25.450000 10178.295 3.665 49.221 33.504 51.454 4.592 51.0435 49.8362 4.8238 5.4096 11.8017 14.3362 4.5729 4.4414 4.2275 8.184 9.86929258736 14.473
2016-08-31 01:25:31.486000 10244.331 3.446 49.217 34.07 51.448 4.59 51.0132 49.6158 4.8117 5.3949 11.7976 14.3319 4.5702 4.4383 4.2241 8.182 10.3383138839 14.4985
2016-08-31 01:26:37.616000 10310.461 3.461 49.217 33.633 51.441 4.594 50.9843 49.775 4.8076 5.3878 11.7935 14.328 4.5757 4.4552 4.2245 8.183 10.0629579836 14.5215
2016-08-31 01:27:43.736000 10376.581 3.663 49.214 33.868 51.445 4.596 50.9648 50.1188 4.8103 5.3886 11.79 14.3238 4.5767 4.4539 4.225 8.183 10.6242442911 14.5183
2016-08-31 01:28:49.891000 10442.736 3.452 49.212 33.745 51.435 4.596 50.9439 50.4736 4.8158 5.3936 11.7868 14.3201 4.5774 4.4574 4.2263 8.184 9.99464548035 14.5284
2016-08-31 01:29:56.123000 10508.968 3.514 49.208 33.343 51.439 4.592 50.918 50.4585 4.815 5.3939 11.7834 14.3157 4.5724 4.4408 4.2246 8.182 9.74393969436 14.5449
2016-08-31 01:31:02.377000 10575.222 3.576 49.207 34.129 51.432 4.59 50.8891 50.2568 4.808 5.3867 11.7799 14.3116 4.5695 4.4442 4.2223 8.18 10.1317969587 14.566
2016-08-31 01:32:08.640000 10641.485 3.444 49.206 34.015 51.436 4.588 50.8602 50.0337 4.7993 5.3772 11.7762 14.3073 4.5672 4.4297 4.2193 8.179 10.3383138839 14.588
2016-08-31 01:33:14.918000 10707.763 3.676 49.204 33.523 51.434 4.585 50.8277 49.8091 4.79 5.3672 11.7726 14.3032 4.5652 4.4309 4.2168 8.178 10.475991834 14.6128
2016-08-31 01:34:21.318000 10774.163 3.655 49.201 33.884 51.43 4.583 50.7954 49.5844 4.7813 5.357 11.7686 14.2986 4.5621 4.4325 4.2138 8.176 9.93196903385 14.6192
2016-08-31 01:35:27.740000 10840.585 3.527 49.198 34.135 51.426 4.587 50.7709 49.7403 4.7803 5.3538 11.7651 14.2949 4.5672 4.4494 4.2148 8.177 10.774730187 14.6379
2016-08-31 01:36:34.201000 10907.046 3.441 49.197 33.959 51.426 4.589 50.7436 50.0954 4.7855 5.3577 11.7617 14.291 4.5698 4.4436 4.2172 8.178 9.99464548035 14.6377
2016-08-31 01:37:40.660000 10973.505 3.5 49.195 33.375 51.43 4.591 50.7296 50.4523 4.7933 5.3659 11.7587 14.2878 4.5715 4.4476 4.2189 8.179 9.99464548035 14.6417
2016-08-31 01:38:47.185000 11040.03 3.669 49.195 33.495 51.422 4.587 50.7062 50.4377 4.795 5.3692 11.7559 14.2837 4.5664 4.431 4.2174 8.177 10.849973135 14.6618
2016-08-31 01:39:53.717000 11106.562 3.614 49.19 34.048 51.416 4.585 50.6748 50.2328 4.7893 5.364 11.7526 14.2795 4.5639 4.43 4.2154 8.176 9.68126324787 14.68
2016-08-31 01:41:00.288000 11173.133 3.476 49.189 34.126 51.419 4.583 50.6463 50.0107 4.7816 5.3565 11.7491 14.2755 4.5618 4.4291 4.2136 8.175 10.3383138839 14.6991
2016-08-31 01:42:06.865000 11239.71 3.444 49.187 33.753 51.413 4.581 50.6091 49.7787 4.7741 5.3481 11.7456 14.2717 4.5603 4.4249 4.2113 8.173 10.5490013431 14.7132
2016-08-31 01:43:13.550000 11306.395 3.443 49.185 33.363 51.417 4.578 50.587 49.5623 4.7664 5.3389 11.7423 14.2672 4.5572 4.4212 4.2095 8.172 9.80661614086 14.7285
2016-08-31 01:44:20.264000 11373.109 3.46 49.185 33.605 51.416 4.583 50.5623 49.7227 4.7657 5.3365 11.7386 14.2639 4.5626 4.4336 4.2097 8.173 10.475991834 14.7455
2016-08-31 01:45:27.150000 11439.995 3.44 49.185 33.855 51.414 4.584 50.5418 50.0736 4.7713 5.3419 11.7355 14.2601 4.5641 4.4429 4.2118 8.174 9.61858680137 14.7475
2016-08-31 01:46:33.953000 11506.798 3.523 49.181 33.31 51.415 4.587 50.5154 50.4263 4.7806 5.3515 11.7326 14.2567 4.5667 4.4387 4.2142 8.175 10.475991834 14.7514
2016-08-31 01:47:40.776000 11573.621 3.468 49.181 33.482 51.412 4.582 50.4965 50.4164 4.7828 5.3552 11.7296 14.2528 4.5618 4.4224 4.2131 8.173 10.2006359338 14.7749
2016-08-31 01:48:47.639000 11640.484 3.447 49.182 33.734 51.409 4.58 50.4676 50.2136 4.7777 5.3508 11.7264 14.2482 4.5593 4.4227 4.2109 8.172 9.93196903385 14.7836
2016-08-31 01:49:54.487000 11707.332 3.509 49.18 33.333 51.407 4.578 50.4387 49.9824 4.7703 5.3435 11.7231 14.2451 4.557 4.4178 4.2086 8.171 10.3383138839 14.802
2016-08-31 01:51:01.426000 11774.271 3.469 49.175 33.512 51.405 4.577 50.4028 49.7631 4.763 5.3353 11.7195 14.2408 4.5553 4.4159 4.2072 8.17 10.1317969587 14.8224
2016-08-31 01:52:08.339000 11841.184 3.443 49.174 33.768 51.397 4.581 50.3819 49.9227 4.7628 5.3338 11.7163 14.2373 4.561 4.4331 4.2082 8.171 10.2006359338 14.8361
2016-08-31 01:53:15.290000 11908.135 3.445 49.172 34.05 51.402 4.583 50.3625 50.2702 4.7692 5.3398 11.7131 14.2339 4.5624 4.439 4.2107 8.172 10.2694749088 14.8376
2016-08-31 01:54:22.339000 11975.184 3.49 49.171 34.136 51.399 4.586 50.337 50.6246 4.7787 5.3496 11.7105 14.2307 4.5647 4.4394 4.2129 8.173 10.407152859 14.8476
2016-08-31 01:55:29.376000 12042.221 3.601 49.169 34.078 51.399 4.581 50.3211 50.6121 4.781 5.3538 11.7079 14.2269 4.5598 4.4242 4.212 8.171 10.6242442911 14.8555
2016-08-31 01:56:36.446000 12109.291 3.666 49.17 33.831 51.397 4.579 50.2936 50.3932 4.7755 5.3498 11.7047 14.2229 4.5575 4.4151 4.2101 8.17 10.849973135 14.8689
2016-08-31 01:57:43.534000 12176.379 3.462 49.17 33.561 51.396 4.577 50.2613 50.1756 4.7683 5.3421 11.7012 14.219 4.5557 4.4175 4.2075 8.169 9.86929258736 14.8865
2016-08-31 01:58:50.676000 12243.521 3.453 49.169 33.583 51.397 4.576 50.231 49.9494 4.7606 5.3335 11.6977 14.2152 4.554 4.4101 4.2062 8.168 9.86929258736 14.9035
2016-08-31 01:59:57.820000 12310.665 3.438 49.166 33.89 51.402 4.573 50.2031 49.7173 4.7532 5.3255 11.6943 14.2111 4.5517 4.4154 4.2043 8.166 10.774730187 14.9195
2016-08-31 02:01:05.064000 12377.909 3.662 49.165 33.802 51.395 4.579 50.1766 49.8877 4.7535 5.3237 11.6908 14.2075 4.5567 4.4342 4.2056 8.168 10.475991834 14.9198
2016-08-31 02:02:12.280000 12445.125 3.697 49.166 33.618 51.391 4.581 50.1573 50.2349 4.7601 5.3298 11.688 14.2043 4.559 4.4359 4.2078 8.169 9.74393969436 14.9387
2016-08-31 02:03:19.542000 12512.387 3.448 49.164 33.366 51.394 4.583 50.1373 50.5927 4.7695 5.3396 11.6852 14.2009 4.5617 4.4327 4.2099 8.17 10.475991834 14.9394
2016-08-31 02:04:26.874000 12579.719 3.439 49.163 33.939 51.391 4.578 50.1172 50.5777 4.7719 5.3436 11.6826 14.1972 4.5565 4.4227 4.2093 8.169 9.99464548035 14.9487
2016-08-31 02:05:34.247000 12647.092 3.68 49.165 33.764 51.391 4.576 50.0795 50.3674 4.767 5.3398 11.6794 14.1934 4.5537 4.4204 4.2071 8.167 10.699487239 14.964
2016-08-31 02:06:41.698000 12714.543 3.467 49.164 33.512 51.389 4.575 50.0577 50.1443 4.7597 5.3323 11.676 14.1894 4.5529 4.4175 4.2047 8.166 10.2694749088 14.9791
2016-08-31 02:07:49.123000 12781.968 3.577 49.163 34.122 51.39 4.573 50.0202 49.9134 4.7525 5.3249 11.6726 14.1853 4.5507 4.4143 4.2033 8.165 10.5490013431 14.989
2016-08-31 02:08:56.605000 12849.45 3.528 49.161 33.322 51.383 4.571 49.9968 49.6859 4.7455 5.3162 11.6691 14.1812 4.5483 4.4104 4.2011 8.164 9.99464548035 15.008
2016-08-31 02:10:04.232000 12917.077 3.45 49.158 34.104 51.388 4.577 49.9656 49.85 4.7463 5.3156 11.6659 14.1778 4.5547 4.4273 4.2019 8.165 9.99464548035 15.0215
2016-08-31 02:11:11.792000 12984.637 3.711 49.157 33.624 51.382 4.626 50.3355 50.2106 4.8214 5.3823 11.6644 14.1789 4.6096 4.4549 4.238 8.182 10.699487239 15.0213
2016-08-31 02:12:19.370000 13052.215 3.472 49.158 33.673 51.382 4.668 51.0783 50.5921 5.077 5.6107 11.6701 14.1861 4.6552 4.5157 4.2854 8.205 9.93196903385 14.9985
2016-08-31 02:13:27.029000 13119.874 3.609 49.153 33.382 51.378 4.659 51.5452 50.5822 5.3257 5.84 11.6771 14.1902 4.6424 4.5241 4.2972 8.213 10.699487239 14.9504
2016-08-31 02:14:34.660000 13187.505 3.465 49.155 34.041 51.379 4.647 51.6178 50.3719 5.3639 5.8978 11.6784 14.1887 4.6291 4.5178 4.2915 8.209 10.5490013431 14.9276
2016-08-31 02:15:42.330000 13255.175 3.71 49.157 33.731 51.38 4.636 51.6194 50.1423 5.3135 5.876 11.6772 14.1857 4.6164 4.5033 4.2835 8.204 9.99464548035 14.9105
2016-08-31 02:16:50.053000 13322.898 3.512 49.155 34.152 51.381 4.627 51.5954 49.9092 5.2411 5.8283 11.6741 14.1816 4.608 4.493 4.2752 8.198 10.699487239 14.9237
2016-08-31 02:17:57.796000 13390.641 3.654 49.155 33.44 51.379 4.621 51.5645 49.6726 5.1688 5.7731 11.6705 14.1771 4.6 4.484 4.2678 8.194 10.3383138839 14.9274
2016-08-31 02:19:05.597000 13458.442 3.623 49.153 34.05 51.379 4.621 51.5316 49.8424 5.1104 5.7231 11.6663 14.1728 4.6016 4.494 4.263 8.193 10.2006359338 14.9329
2016-08-31 02:20:13.439000 13526.284 3.452 49.151 33.944 51.379 4.62 51.4983 50.1961 5.0675 5.6845 11.6623 14.1684 4.5999 4.4927 4.2605 8.192 10.699487239 14.9456
2016-08-31 02:21:21.315000 13594.16 3.696 49.154 33.779 51.38 4.618 51.4762 50.5558 5.0345 5.6532 11.6587 14.1643 4.5978 4.4826 4.2582 8.19 9.93196903385 14.9731
2016-08-31 02:22:29.222000 13662.067 3.509 49.157 34.163 51.38 4.61 51.4465 50.5388 5.0028 5.6217 11.6548 14.1594 4.5894 4.4642 4.2531 8.187 10.0629579836 14.9895
2016-08-31 02:23:37.153000 13729.998 3.467 49.158 33.605 51.38 4.605 51.4025 50.3232 4.9693 5.587 11.6504 14.1543 4.5838 4.4619 4.2474 8.184 10.2006359338 15.0113
2016-08-31 02:24:45.122000 13797.967 3.668 49.159 33.475 51.387 4.601 51.3752 50.0966 4.9378 5.5517 11.6461 14.1496 4.5795 4.4516 4.2413 8.181 9.86929258736 15.0373
2016-08-31 02:25:53.314000 13866.169 3.585 49.158 34.091 51.39 4.597 51.3364 49.8666 4.9102 5.5197 11.6412 14.1444 4.5752 4.447 4.2366 8.179 10.774730187 15.0671
2016-08-31 02:27:01.366000 13934.211 3.583 49.156 33.793 51.381 4.592 51.2961 49.6337 4.8852 5.49 11.6365 14.1392 4.5703 4.442 4.2309 8.176 9.55591035487 15.1029
2016-08-31 02:28:09.451000 14002.296 3.457 49.156 33.419 51.378 4.596 51.2725 49.8001 4.8702 5.47 11.632 14.135 4.5743 4.4529 4.2299 8.177 10.1317969587 15.1119
2016-08-31 02:29:17.602000 14070.447 3.628 49.154 33.413 51.386 4.597 51.2472 50.1592 4.8642 5.459 11.6279 14.1306 4.5751 4.4622 4.2297 8.177 10.1317969587 15.124
2016-08-31 02:30:25.756000 14138.601 3.622 49.153 34.043 51.376 4.597 51.2244 50.5253 4.8624 5.4555 11.6243 14.1265 4.5759 4.4581 4.2306 8.177 10.699487239 15.1393
2016-08-31 02:31:33.997000 14206.842 3.631 49.153 34.006 51.37 4.591 51.1978 50.497 4.8553 5.4479 11.6206 14.1218 4.5691 4.4367 4.2272 8.175 9.55591035487 15.1557
2016-08-31 02:32:42.203000 14275.058 3.444 49.153 33.969 51.379 4.589 51.1639 50.2867 4.8425 5.434 11.6167 14.1159 4.5663 4.4303 4.2238 8.173 10.3383138839 15.1764
2016-08-31 02:33:50.498000 14343.343 3.443 49.154 33.993 51.383 4.586 51.1321 50.0616 4.8291 5.4183 11.6126 14.1124 4.563 4.4273 4.221 8.171 10.3383138839 15.1951
2016-08-31 02:34:58.819000 14411.664 3.49 49.154 33.362 51.377 4.583 51.0993 49.829 4.8161 5.4027 11.6083 14.1078 4.5597 4.4207 4.2177 8.17 9.93196903385 15.2175
2016-08-31 02:36:07.175000 14480.02 3.49 49.153 33.362 51.378 4.581 51.0618 49.5981 4.8037 5.3881 11.6041 14.1034 4.557 4.4195 4.2137 8.168 10.699487239 15.2293
2016-08-31 02:37:15.574000 14548.419 3.481 49.151 33.407 51.376 4.584 51.0415 49.7635 4.7996 5.3807 11.6001 14.0992 4.5618 4.4357 4.2138 8.169 9.93196903385 15.2509
2016-08-31 02:38:24.047000 14616.892 3.483 49.153 33.439 51.382 4.586 51.017 50.1292 4.8027 5.3815 11.5966 14.0953 4.5636 4.4346 4.2146 8.17 10.2694749088 15.2495
2016-08-31 02:39:32.480000 14685.325 3.477 49.15 33.418 51.368 4.587 50.9957 50.4955 4.8087 5.3875 11.5937 14.0914 4.5649 4.446 4.2163 8.171 10.407152859 15.2623
2016-08-31 02:40:41.039000 14753.884 3.483 49.148 33.4 51.374 4.583 50.9677 50.476 4.8084 5.3882 11.5902 14.0875 4.5598 4.4305 4.215 8.169 10.2006359338 15.2783
2016-08-31 02:41:49.538000 14822.393 3.482 49.146 33.4 51.372 4.58 50.9313 50.2624 4.8014 5.3812 11.5865 14.0832 4.557 4.4162 4.2127 8.168 10.407152859 15.2943
2016-08-31 02:42:58.296000 14891.141 3.473 49.151 33.43 51.376 4.578 50.899 50.0331 4.792 5.3715 11.5828 14.0786 4.5541 4.4152 4.2097 8.166 10.6242442911 15.3024
2016-08-31 02:44:06.944000 14959.789 3.458 49.149 34.087 51.374 4.576 50.8747 49.7938 4.7827 5.3606 11.5788 14.0744 4.5518 4.4168 4.2067 8.165 10.475991834 15.314
2016-08-31 02:45:15.565000 15028.41 3.457 49.148 34.088 51.372 4.573 50.8428 49.5678 4.7734 5.3501 11.5749 14.0702 4.5488 4.4175 4.2044 8.163 9.86929258736 15.3325
2016-08-31 02:46:24.223000 15097.068 3.458 49.148 34.089 51.372 4.579 50.817 49.7409 4.7727 5.3472 11.5713 14.0664 4.555 4.4256 4.2048 8.165 10.774730187 15.3453
2016-08-31 02:47:32.905000 15165.75 3.659 49.149 33.816 51.374 4.58 50.7938 50.1014 4.7787 5.3516 11.5681 14.0627 4.556 4.4387 4.2071 8.166 9.80661614086 15.3463
2016-08-31 02:48:41.750000 15234.595 3.671 49.148 33.811 51.376 4.581 50.7764 50.4715 4.7867 5.3601 11.5653 14.0591 4.5581 4.4298 4.2094 8.166 10.699487239 15.3492
2016-08-31 02:49:50.661000 15303.506 3.505 49.152 33.319 51.373 4.577 50.748 50.4495 4.7878 5.363 11.5622 14.0552 4.5529 4.4145 4.2084 8.165 9.99464548035 15.3609
2016-08-31 02:50:59.621000 15372.466 3.439 49.148 33.924 51.373 4.575 50.7176 50.2355 4.782 5.3584 11.5587 14.0513 4.5508 4.407 4.2061 8.164 10.699487239 15.3798
2016-08-31 02:52:08.629000 15441.474 3.617 49.147 33.981 51.375 4.574 50.6842 50.0043 4.7743 5.35 11.555 14.0468 4.5486 4.4098 4.2034 8.163 10.2006359338 15.3944
2016-08-31 02:53:17.698000 15510.543 3.575 49.149 33.343 51.374 4.572 50.6529 49.7711 4.7665 5.3412 11.5515 14.043 4.5471 4.4115 4.2007 8.162 10.407152859 15.4081
2016-08-31 02:54:26.767000 15579.612 3.441 49.149 33.804 51.379 4.569 50.622 49.5386 4.7585 5.3318 11.548 14.0386 4.5439 4.4071 4.1981 8.16 10.849973135 15.4149
2016-08-31 02:55:35.873000 15648.718 3.677 49.148 33.466 51.374 4.575 50.597 49.7146 4.7586 5.33 11.5446 14.0351 4.55 4.421 4.1998 8.162 9.68126324787 15.4225
2016-08-31 02:56:44.998000 15717.843 3.453 49.145 33.598 51.379 4.575 50.5786 50.078 4.7651 5.3359 11.5415 14.0318 4.5515 4.4297 4.201 8.163 10.1317969587 15.4199
2016-08-31 02:57:54.190000 15787.035 3.503 49.148 34.14 51.374 4.577 50.5577 50.4538 4.7738 5.3455 11.5387 14.0284 4.5533 4.4331 4.2039 8.164 10.2694749088 15.4201
2016-08-31 02:59:03.513000 15856.358 3.491 49.149 33.382 51.376 4.572 50.5349 50.4297 4.7753 5.3493 11.5358 14.0245 4.548 4.4109 4.2036 8.162 10.2694749088 15.4375
2016-08-31 03:00:12.648000 15925.493 3.445 49.147 34.065 51.381 4.571 50.5015 50.2154 4.7702 5.3451 11.5325 14.0205 4.5463 4.4061 4.2013 8.161 10.407152859 15.4578
2016-08-31 03:01:21.842000 15994.687 3.51 49.148 33.304 51.376 4.57 50.469 49.9748 4.7633 5.3378 11.5292 14.0168 4.5448 4.408 4.1988 8.16 10.1317969587 15.463
2016-08-31 03:02:31.072000 16063.917 3.437 49.147 33.918 51.375 4.568 50.4411 49.7418 4.7557 5.3295 11.5257 14.0128 4.5429 4.4015 4.1974 8.159 10.774730187 15.4795
2016-08-31 03:03:40.363000 16133.208 3.59 49.15 33.381 51.374 4.573 50.4059 49.9213 4.7559 5.3282 11.5224 14.0092 4.5479 4.4167 4.1976 8.161 10.5490013431 15.4817
2016-08-31 03:04:49.490000 16202.335 3.448 49.15 33.692 51.378 4.574 50.3854 50.2813 4.7632 5.3345 11.5193 14.006 4.5507 4.432 4.2005 8.162 10.5490013431 15.4909
2016-08-31 03:05:58.692000 16271.537 3.579 49.146 34.105 51.373 4.578 50.3664 50.6505 4.773 5.3449 11.5167 14.0028 4.5531 4.4288 4.203 8.164 10.849973135 15.4891
2016-08-31 03:07:07.909000 16340.754 3.455 49.148 33.588 51.374 4.572 50.3484 50.6274 4.7747 5.3488 11.5141 13.999 4.5471 4.4086 4.2029 8.162 10.1317969587 15.5007
2016-08-31 03:08:17.130000 16409.975 3.493 49.149 34.136 51.367 4.571 50.3187 50.4113 4.7688 5.3443 11.5105 13.9951 4.5454 4.4075 4.2002 8.161 9.86929258736 15.5063
2016-08-31 03:09:26.425000 16479.27 3.506 49.149 33.322 51.379 4.569 50.2888 50.1802 4.7612 5.3364 11.5071 13.9916 4.5434 4.404 4.1994 8.16 10.3383138839 15.5229
2016-08-31 03:10:35.753000 16548.598 3.623 49.152 33.969 51.379 4.567 50.2584 49.9444 4.7533 5.327 11.5036 13.9876 4.5412 4.3959 4.1966 8.159 10.3383138839 15.5353
2016-08-31 03:11:45.309000 16618.154 3.44 49.148 33.729 51.378 4.566 50.2266 49.7087 4.7457 5.319 11.4999 13.9835 4.5394 4.398 4.1944 8.158 9.99464548035 15.5403
2016-08-31 03:12:54.750000 16687.595 3.677 49.149 33.478 51.377 4.57 50.2016 49.8787 4.7463 5.3176 11.4968 13.9802 4.5447 4.4178 4.1957 8.159 10.0629579836 15.5557
2016-08-31 03:14:04.201000 16757.046 3.48 49.15 33.579 51.379 4.572 50.1791 50.2379 4.754 5.3246 11.4942 13.9773 4.5476 4.4165 4.1978 8.161 10.407152859 15.5594
2016-08-31 03:15:13.736000 16826.581 3.478 49.149 33.647 51.378 4.575 50.1514 50.616 4.7638 5.3347 11.4917 13.9741 4.5491 4.4217 4.1994 8.162 10.0629579836 15.5679
2016-08-31 03:16:23.306000 16896.151 3.652 49.149 33.829 51.379 4.571 50.1378 50.5906 4.7659 5.3389 11.4892 13.9705 4.5444 4.4079 4.1997 8.161 9.99464548035 15.571
2016-08-31 03:17:32.957000 16965.802 3.437 49.149 33.914 51.381 4.568 50.1058 50.3765 4.7605 5.3344 11.4863 13.967 4.5427 4.4035 4.1979 8.16 10.849973135 15.5771
2016-08-31 03:18:42.577000 17035.422 3.595 49.149 33.372 51.374 4.567 50.0775 50.1417 4.7532 5.3273 11.4832 13.9636 4.5407 4.3984 4.1958 8.159 10.2694749088 15.5978
2016-08-31 03:19:52.264000 17105.109 3.689 49.147 33.598 51.376 4.565 50.0397 49.8998 4.746 5.3192 11.4802 13.9597 4.5391 4.399 4.1929 8.158 9.74393969436 15.6002
2016-08-31 03:21:02.009000 17174.854 3.462 49.146 34.086 51.377 4.564 50.0147 49.6696 4.739 5.3106 11.4766 13.9557 4.5375 4.3986 4.1916 8.157 10.475991834 15.6093
2016-08-31 03:22:11.779000 17244.624 3.436 49.144 33.93 51.375 4.568 49.988 49.846 4.7396 5.3092 11.4735 13.9525 4.5423 4.4094 4.1925 8.158 9.93196903385 15.6195
2016-08-31 03:23:21.586000 17314.431 3.589 49.145 33.332 51.376 4.57 49.9676 50.2115 4.7465 5.3159 11.4709 13.9495 4.544 4.4191 4.1954 8.159 11.0004996737 15.6243
2016-08-31 03:24:31.509000 17384.354 3.698 49.142 33.532 51.366 4.621 50.346 50.596 4.8307 5.3915 11.47 13.9512 4.6014 4.4527 4.2328 8.177 10.6242442911 15.6108
2016-08-31 03:25:41.316000 17454.161 3.719 49.143 33.714 51.36 4.66 51.1325 50.5885 5.0965 5.6302 11.4766 13.9589 4.6427 4.4856 4.2787 8.199 9.93196903385 15.599
2016-08-31 03:26:51.098000 17523.943 3.667 49.142 34.067 51.359 4.651 51.5993 50.3804 5.3496 5.8635 11.4838 13.9631 4.6308 4.5118 4.2899 8.206 10.407152859 15.5751
2016-08-31 03:28:00.973000 17593.818 3.458 49.142 33.808 51.359 4.638 51.6685 50.1357 5.3813 5.9159 11.4853 13.9619 4.6165 4.5037 4.2836 8.202 10.475991834 15.5431
2016-08-31 03:29:10.931000 17663.776 3.469 49.143 33.586 51.364 4.627 51.6645 49.9038 5.3237 5.8883 11.4837 13.9589 4.6036 4.4931 4.2746 8.196 10.5490013431 15.5385
2016-08-31 03:30:20.902000 17733.747 3.497 49.142 33.419 51.366 4.618 51.6368 49.6665 5.2442 5.8346 11.4809 13.9547 4.5939 4.4758 4.2665 8.19 10.475991834 15.5289
2016-08-31 03:31:30.909000 17803.754 3.525 49.143 33.313 51.364 4.618 51.6068 49.8323 5.1736 5.7815 11.4772 13.9511 4.5944 4.4799 4.2609 8.189 9.99464548035 15.5366
2016-08-31 03:32:40.937000 17873.782 3.639 49.14 33.431 51.357 4.615 51.5795 50.2031 5.1187 5.7351 11.4734 13.9471 4.5918 4.4789 4.2576 8.187 10.3383138839 15.5289
2016-08-31 03:33:51.066000 17943.911 3.485 49.142 33.604 51.363 4.612 51.5488 50.5777 5.0753 5.697 11.4701 13.9426 4.5895 4.4761 4.2536 8.185 10.5490013431 15.5436
2016-08-31 03:35:01.166000 18014.011 3.504 49.143 33.352 51.367 4.604 51.5193 50.5442 5.0347 5.659 11.4665 13.9381 4.5803 4.4544 4.2486 8.181 10.2006359338 15.5629
2016-08-31 03:36:11.328000 18084.173 3.559 49.147 33.331 51.366 4.599 51.4829 50.3316 4.9939 5.6174 11.4621 13.9332 4.5749 4.4546 4.2425 8.178 9.99464548035 15.5771
2016-08-31 03:37:21.710000 18154.555 3.46 49.143 33.57 51.361 4.595 51.4424 50.0951 4.9564 5.577 11.4575 13.9283 4.5701 4.4338 4.2365 8.175 10.849973135 15.5988
2016-08-31 03:38:31.990000 18224.835 3.481 49.141 33.417 51.36 4.59 51.4067 49.8545 4.9243 5.5397 11.4529 13.9233 4.5649 4.4382 4.23 8.173 10.3383138839 15.6088
2016-08-31 03:39:42.236000 18295.081 3.44 49.142 33.914 51.363 4.585 51.3708 49.6152 4.8957 5.5057 11.4485 13.9183 4.5601 4.4288 4.2255 8.17 10.2694749088 15.6258
2016-08-31 03:40:52.534000 18365.379 3.507 49.142 33.595 51.364 4.589 51.3325 49.7931 4.8783 5.4828 11.4442 13.9141 4.5638 4.4405 4.2239 8.17 10.2006359338 15.6493
2016-08-31 03:42:02.910000 18435.755 3.468 49.142 34.092 51.363 4.589 51.3119 50.1652 4.8697 5.4693 11.4394 13.9096 4.5639 4.4448 4.2232 8.17 10.2694749088 15.6519
2016-08-31 03:43:13.369000 18506.214 3.62 49.138 34.027 51.363 4.59 51.28 50.5367 4.8664 5.4635 11.4366 13.9057 4.5649 4.4414 4.2228 8.171 9.68126324787 15.6632
2016-08-31 03:44:23.791000 18576.636 3.68 49.138 33.731 51.363 4.584 51.2582 50.514 4.8579 5.4539 11.433 13.9012 4.5585 4.426 4.2207 8.169 11.1643096521 15.6801
2016-08-31 03:45:34.250000 18647.095 3.567 49.137 33.345 51.361 4.582 51.2253 50.2873 4.8437 5.4383 11.429 13.897 4.5561 4.421 4.2166 8.167 10.475991834 15.7002
2016-08-31 03:46:44.768000 18717.613 3.457 49.137 33.621 51.36 4.578 51.1909 50.0577 4.8287 5.4208 11.425 13.8924 4.5526 4.4128 4.2132 8.165 9.93196903385 15.7186
2016-08-31 03:47:55.305000 18788.15 3.45 49.141 34.057 51.362 4.574 51.1591 49.8116 4.814 5.4035 11.421 13.8879 4.5478 4.4147 4.2096 8.163 10.699487239 15.7228
2016-08-31 03:49:05.887000 18858.732 3.59 49.138 34.096 51.363 4.572 51.1266 49.5805 4.8009 5.3869 11.4167 13.8832 4.545 4.4109 4.2058 8.161 10.475991834 15.753
2016-08-31 03:50:16.726000 18929.571 3.487 49.136 33.398 51.359 4.576 51.0903 49.7639 4.7968 5.3795 11.4125 13.8793 4.551 4.4211 4.2061 8.162 9.61858680137 15.7496
2016-08-31 03:51:27.407000 19000.252 3.439 49.138 33.842 51.363 4.578 51.0728 50.1342 4.7995 5.3802 11.4091 13.8756 4.5522 4.4308 4.2071 8.163 10.849973135 15.7677
2016-08-31 03:52:38.051000 19070.896 3.696 49.137 33.643 51.36 4.579 51.0474 50.5119 4.8058 5.3861 11.4059 13.8719 4.5529 4.4269 4.2077 8.164 10.3383138839 15.7733
2016-08-31 03:53:48.798000 19141.643 3.513 49.134 33.297 51.36 4.575 51.0221 50.4886 4.8047 5.3864 11.4026 13.8679 4.5482 4.4051 4.207 8.162 9.86929258736 15.7932
2016-08-31 03:54:59.530000 19212.375 3.532 49.135 34.131 51.361 4.572 50.9903 50.2659 4.7971 5.3787 11.3992 13.8637 4.5454 4.4034 4.2036 8.161 10.6242442911 15.7817
2016-08-31 03:56:10.336000 19283.181 3.667 49.131 33.772 51.353 4.57 50.9557 50.0238 4.7872 5.3682 11.3958 13.8597 4.5423 4.4042 4.2015 8.159 10.2694749088 15.8092
2016-08-31 03:57:21.148000 19353.993 3.443 49.132 33.713 51.354 4.568 50.925 49.7902 4.7773 5.3565 11.392 13.8553 4.5408 4.4049 4.1987 8.158 10.2694749088 15.8215
2016-08-31 03:58:31.975000 19424.82 3.678 49.134 33.75 51.362 4.565 50.8921 49.5518 4.7682 5.3458 11.3881 13.851 4.5372 4.4057 4.196 8.157 10.407152859 15.827
2016-08-31 03:59:42.941000 19495.786 3.441 49.134 33.357 51.359 4.57 50.8627 49.7273 4.7671 5.3426 11.3847 13.8476 4.5425 4.4181 4.1972 8.158 10.475991834 15.8398
2016-08-31 04:00:54.071000 19566.916 3.68 49.133 33.751 51.354 4.572 50.8432 50.1118 4.7733 5.3475 11.3817 13.8442 4.5444 4.4152 4.1983 8.159 9.93196903385 15.84
2016-08-31 04:02:05.027000 19637.872 3.44 49.134 33.747 51.353 4.573 50.8193 50.4905 4.7818 5.3567 11.3789 13.8407 4.5464 4.4177 4.201 8.159 10.6242442911 15.8464
2016-08-31 04:03:16.036000 19708.881 3.682 49.133 33.724 51.353 4.568 50.7948 50.4577 4.7828 5.3596 11.376 13.8369 4.5402 4.4032 4.1997 8.158 9.68126324787 15.8566
2016-08-31 04:04:27.076000 19779.921 3.436 49.13 33.881 51.354 4.567 50.7604 50.244 4.7768 5.3541 11.3728 13.8331 4.5396 4.397 4.1977 8.157 10.2006359338 15.8576
2016-08-31 04:05:38.185000 19851.03 3.691 49.128 33.616 51.35 4.565 50.7296 50.0043 4.7688 5.3458 11.3693 13.8293 4.5366 4.3993 4.1939 8.156 10.5490013431 15.8782
2016-08-31 04:06:49.340000 19922.185 3.435 49.126 33.927 51.35 4.563 50.6984 49.7585 4.7604 5.3367 11.3659 13.8251 4.5352 4.3959 4.1922 8.155 10.774730187 15.8815
2016-08-31 04:08:00.493000 19993.338 3.46 49.125 33.482 51.349 4.561 50.6654 49.5252 4.7521 5.3268 11.3623 13.8208 4.5321 4.3991 4.1898 8.153 10.3383138839 15.8821
2016-08-31 04:09:11.692000 20064.537 3.621 49.124 33.99 51.346 4.566 50.6379 49.7087 4.7523 5.3251 11.3589 13.8174 4.5384 4.4086 4.1903 8.155 10.2694749088 15.89
2016-08-31 04:10:22.893000 20135.738 3.475 49.121 34.11 51.346 4.568 50.6111 50.0845 4.7597 5.3318 11.356 13.8142 4.5402 4.4098 4.193 8.156 10.6242442911 15.9022
2016-08-31 04:11:34.365000 20207.21 3.44 49.12 33.325 51.344 4.57 50.5986 50.4669 4.7694 5.3424 11.3535 13.8109 4.5423 4.4096 4.1958 8.157 10.2694749088 15.9022
2016-08-31 04:12:45.720000 20278.565 3.688 49.119 33.695 51.342 4.566 50.5732 50.4452 4.771 5.346 11.351 13.8074 4.5374 4.3961 4.1952 8.156 9.74393969436 15.9104
2016-08-31 04:13:57.135000 20349.98 3.594 49.12 34.073 51.342 4.564 50.5367 50.2214 4.7654 5.341 11.3476 13.8034 4.5357 4.3933 4.1926 8.155 10.1317969587 15.9195
2016-08-31 04:15:08.552000 20421.397 3.443 49.12 34.021 51.342 4.562 50.5055 49.9826 4.7578 5.3333 11.3442 13.7996 4.5333 4.391 4.1909 8.153 10.849973135 15.9411
2016-08-31 04:16:20.005000 20492.85 3.45 49.118 33.643 51.344 4.56 50.4666 49.7409 4.7502 5.3246 11.3408 13.7959 4.5312 4.3889 4.189 8.152 10.2006359338 15.9299
2016-08-31 04:17:31.498000 20564.343 3.519 49.118 33.298 51.339 4.565 50.4392 49.9159 4.7505 5.3236 11.3378 13.7925 4.5374 4.4054 4.1894 8.154 10.475991834 15.9376
2016-08-31 04:18:43.004000 20635.849 3.693 49.116 33.621 51.34 4.567 50.4257 50.2903 4.7575 5.3298 11.3351 13.7892 4.5391 4.4115 4.1917 8.155 10.5490013431 15.9508
2016-08-31 04:19:54.517000 20707.362 3.605 49.117 34.008 51.339 4.569 50.4032 50.6813 4.7676 5.3407 11.3327 13.7864 4.5412 4.4104 4.1948 8.156 9.99464548035 15.9344
2016-08-31 04:21:06.091000 20778.936 3.459 49.118 34.089 51.34 4.565 50.378 50.6499 4.7697 5.345 11.33 13.7828 4.5362 4.3942 4.1937 8.155 9.99464548035 15.9531
2016-08-31 04:22:17.973000 20850.818 3.569 49.115 34.106 51.341 4.563 50.3481 50.4218 4.7637 5.3401 11.3269 13.779 4.5341 4.3926 4.1914 8.154 11.0004996737 15.9593
2016-08-31 04:23:29.614000 20922.459 3.438 49.114 33.945 51.338 4.562 50.3176 50.1821 4.756 5.3322 11.3238 13.7753 4.5327 4.3854 4.1907 8.152 10.5490013431 15.9766
2016-08-31 04:24:41.275000 20994.12 3.475 49.114 34.107 51.338 4.559 50.2837 49.9389 4.7479 5.3233 11.3203 13.7714 4.5299 4.3871 4.1881 8.151 9.93196903385 15.9732
2016-08-31 04:25:53.046000 21065.891 3.438 49.115 33.826 51.337 4.558 50.2493 49.6966 4.7405 5.3142 11.317 13.7676 4.5289 4.3809 4.1862 8.151 10.774730187 15.9825
2016-08-31 04:27:04.813000 21137.658 3.45 49.113 34.048 51.339 4.562 50.219 49.8812 4.7412 5.3129 11.3136 13.7643 4.5337 4.4024 4.187 8.152 10.9252160829 15.985
2016-08-31 04:28:16.649000 21209.494 3.529 49.114 33.633 51.337 4.565 50.2001 50.2603 4.7487 5.3202 11.311 13.7611 4.5365 4.406 4.1896 8.153 10.407152859 15.9939
2016-08-31 04:29:28.471000 21281.316 3.439 49.113 33.915 51.338 4.567 50.1855 50.6349 4.759 5.3313 11.3087 13.7581 4.5392 4.4113 4.1926 8.155 10.5490013431 15.9876
2016-08-31 04:30:40.384000 21353.229 3.447 49.114 34.076 51.338 4.563 50.1607 50.6046 4.7614 5.3356 11.3062 13.7545 4.5337 4.39 4.1922 8.153 10.0629579836 15.9955
2016-08-31 04:31:52.288000 21425.133 3.538 49.116 34.129 51.338 4.561 50.1303 50.3773 4.7555 5.3309 11.303 13.751 4.5313 4.3855 4.1896 8.152 10.699487239 15.9939
2016-08-31 04:33:04.447000 21497.292 3.603 49.117 34.045 51.34 4.559 50.0969 50.1378 4.7478 5.3229 11.2998 13.7472 4.5289 4.3908 4.1877 8.151 9.99464548035 16.0171
2016-08-31 04:34:16.462000 21569.307 3.658 49.116 33.822 51.341 4.557 50.0655 49.8922 4.7397 5.3141 11.2964 13.7431 4.527 4.3803 4.1851 8.15 10.5490013431 16.0193
2016-08-31 04:35:28.454000 21641.299 3.689 49.116 33.636 51.345 4.555 50.0346 49.6473 4.7322 5.3051 11.293 13.7375 4.5251 4.3781 4.1821 8.148 10.3383138839 16.026
2016-08-31 04:36:40.526000 21713.371 3.649 49.115 33.406 51.341 4.56 49.9978 49.8335 4.7329 5.3039 11.2896 13.7362 4.5309 4.4003 4.1837 8.15 10.3383138839 16.0211
2016-08-31 04:37:52.652000 21785.497 3.436 49.116 33.308 51.341 4.562 49.9793 50.2235 4.7407 5.3112 11.2868 13.733 4.5332 4.4015 4.1864 8.151 11.0004996737 16.0287
2016-08-31 04:39:04.841000 21857.686 3.469 49.116 34.064 51.347 4.615 50.3879 50.6185 4.831 5.3932 11.2863 13.735 4.5924 4.434 4.2254 8.17 11.0004996737 16.0352
2016-08-31 04:40:17.076000 21929.921 3.571 49.116 34.136 51.337 4.654 51.1964 50.6065 5.1151 5.6469 11.2942 13.7438 4.6335 4.4763 4.2732 8.193 9.99464548035 16.0128
2016-08-31 04:41:29.263000 22002.108 3.658 49.118 33.399 51.339 4.644 51.6787 50.3864 5.3789 5.8906 11.3021 13.7489 4.62 4.4978 4.2838 8.199 11.1643096521 15.9854
2016-08-31 04:42:41.755000 22074.6 3.457 49.12 33.91 51.342 4.631 51.7444 50.1447 5.4045 5.9396 11.3039 13.7483 4.6067 4.4963 4.2767 8.196 9.99464548035 15.9705
2016-08-31 04:43:54.043000 22146.888 3.479 49.119 34.13 51.342 4.619 51.7373 49.8927 5.3379 5.9064 11.3023 13.7445 4.5935 4.4725 4.2677 8.189 9.99464548035 15.9526
2016-08-31 04:45:06.313000 22219.158 3.694 49.119 33.528 51.34 4.611 51.71 49.6454 5.2529 5.8476 11.2991 13.7404 4.584 4.459 4.2585 8.184 10.774730187 15.9498
2016-08-31 04:46:18.625000 22291.47 3.451 49.117 33.792 51.343 4.61 51.6801 49.8329 5.1777 5.7901 11.2952 13.7362 4.5834 4.4736 4.2527 8.181 10.774730187 15.9522
2016-08-31 04:47:30.975000 22363.82 3.456 49.117 34.082 51.338 4.606 51.6493 50.211 5.1194 5.7408 11.2914 13.732 4.5808 4.4698 4.2489 8.179 10.407152859 15.9435
2016-08-31 04:48:43.417000 22436.262 3.705 49.117 33.67 51.339 4.605 51.6194 50.5912 5.0745 5.7004 11.2878 13.7278 4.5781 4.4592 4.2459 8.178 10.5490013431 15.9425
2016-08-31 04:49:55.890000 22508.735 3.464 49.116 33.551 51.336 4.596 51.579 50.5623 5.0321 5.6593 11.2836 13.7227 4.5689 4.4455 4.2403 8.174 10.475991834 15.9618
2016-08-31 04:51:08.691000 22581.536 3.67 49.113 33.43 51.336 4.592 51.5472 50.3331 4.9899 5.616 11.2794 13.7176 4.5634 4.4357 4.2337 8.171 10.2006359338 15.9744
2016-08-31 04:52:21.213000 22654.058 3.443 49.112 33.846 51.336 4.587 51.5067 50.0894 4.9516 5.5736 11.2745 13.7124 4.5591 4.4266 4.2279 8.168 9.93196903385 15.9791
2016-08-31 04:53:33.840000 22726.685 3.648 49.11 33.913 51.331 4.583 51.4709 49.8415 4.9181 5.5353 11.2699 13.7072 4.5544 4.4201 4.2224 8.165 10.407152859 16.0002
2016-08-31 04:54:46.411000 22799.256 3.486 49.108 33.377 51.33 4.579 51.433 49.5901 4.8898 5.501 11.2649 13.7021 4.5501 4.418 4.2172 8.163 10.2006359338 16.0085
2016-08-31 04:55:59.067000 22871.912 3.697 49.108 33.681 51.331 4.582 51.3937 49.7867 4.8724 5.4773 11.2604 13.6975 4.5539 4.4288 4.2151 8.164 10.2006359338 16.0159
2016-08-31 04:57:11.719000 22944.564 3.458 49.108 33.566 51.33 4.582 51.3742 50.1681 4.8643 5.4646 11.2565 13.6934 4.5538 4.4343 4.2148 8.163 10.3383138839 16.025
2016-08-31 04:58:24.470000 23017.315 3.6 49.108 34.078 51.327 4.583 51.3475 50.5608 4.861 5.4584 11.2529 13.6894 4.5545 4.4331 4.2153 8.163 9.86929258736 16.0411
2016-08-31 04:59:37.159000 23090.004 3.44 49.109 33.915 51.33 4.576 51.3185 50.5193 4.852 5.4489 11.2492 13.6848 4.5473 4.4107 4.2122 8.161 9.93196903385 16.0488
2016-08-31 05:00:50.211000 23163.056 3.509 49.108 33.3 51.327 4.574 51.2761 50.2977 4.8375 5.4326 11.2451 13.6803 4.5438 4.4044 4.2077 8.159 10.1317969587 16.0561
2016-08-31 05:02:03.084000 23235.929 3.659 49.106 33.848 51.327 4.57 51.2492 50.0496 4.8213 5.4141 11.241 13.6754 4.5405 4.3996 4.2045 8.157 10.475991834 16.0646
2016-08-31 05:03:15.946000 23308.791 3.463 49.108 33.491 51.331 4.567 51.2138 49.8046 4.8063 5.3963 11.2369 13.6708 4.5361 4.4015 4.2018 8.155 10.1317969587 16.0738
2016-08-31 05:04:28.878000 23381.723 3.69 49.109 33.551 51.333 4.563 51.173 49.556 4.7931 5.3801 11.2324 13.666 4.5336 4.394 4.1974 8.153 10.2006359338 16.1008
2016-08-31 05:05:41.842000 23454.687 3.553 49.111 34.118 51.334 4.568 51.1471 49.7479 4.7893 5.3724 11.2284 13.662 4.539 4.4097 4.1966 8.154 10.2006359338 16.0931
2016-08-31 05:06:54.856000 23527.701 3.444 49.111 33.719 51.332 4.569 51.1247 50.1373 4.7922 5.3737 11.225 13.658 4.5389 4.4084 4.1981 8.154 10.6242442911 16.1081
2016-08-31 05:08:07.919000 23600.764 3.639 49.111 33.384 51.331 4.571 51.0943 50.5299 4.7993 5.3804 11.2219 13.6545 4.5414 4.4114 4.2002 8.155 9.99464548035 16.1091
2016-08-31 05:09:21.240000 23674.085 3.631 49.111 33.378 51.331 4.566 51.0694 50.497 4.7982 5.3803 11.2187 13.6504 4.5358 4.3934 4.198 8.154 10.699487239 16.1187
2016-08-31 05:10:34.418000 23747.263 3.607 49.111 34.035 51.334 4.563 51.037 50.2588 4.7899 5.3728 11.2151 13.6462 4.5333 4.3905 4.1948 8.152 10.2006359338 16.1348
2016-08-31 05:11:47.490000 23820.335 3.622 49.111 33.972 51.334 4.561 51.0012 50.0186 4.7799 5.3618 11.2114 13.642 4.5304 4.3877 4.1929 8.151 10.2694749088 16.1446
2016-08-31 05:13:00.678000 23893.523 3.438 49.11 33.964 51.331 4.559 50.9708 49.7699 4.7699 5.3502 11.2075 13.6376 4.528 4.3879 4.1892 8.15 10.6242442911 16.1438
2016-08-31 05:14:13.862000 23966.707 3.489 49.109 33.331 51.33 4.557 50.9313 49.523 4.7608 5.3395 11.2037 13.6335 4.5254 4.3887 4.1864 8.148 11.0004996737 16.1562
2016-08-31 05:15:27.138000 24039.983 3.498 49.109 33.315 51.331 4.561 50.9065 49.7203 4.7599 5.3361 11.2002 13.6296 4.531 4.4042 4.1873 8.15 10.5490013431 16.1605
2016-08-31 05:16:40.427000 24113.272 3.494 49.109 33.778 51.332 4.562 50.8847 50.1034 4.7665 5.3419 11.1973 13.6262 4.5326 4.4064 4.1891 8.151 10.2694749088 16.1627
2016-08-31 05:17:54.007000 24186.852 3.485 49.111 33.34 51.333 4.565 50.8612 50.5073 4.7758 5.3513 11.1945 13.6232 4.5355 4.4043 4.1915 8.152 10.475991834 16.1627
2016-08-31 05:19:07.402000 24260.247 3.482 49.109 33.688 51.331 4.561 50.8329 50.4666 4.7774 5.3552 11.1917 13.6193 4.5301 4.3909 4.1905 8.151 11.1643096521 16.1594
2016-08-31 05:20:20.892000 24333.737 3.488 49.106 33.73 51.33 4.559 50.8014 50.2425 4.7708 5.3495 11.1885 13.6153 4.5281 4.3837 4.1884 8.15 10.3383138839 16.1801
2016-08-31 05:21:34.468000 24407.313 3.486 49.11 33.342 51.33 4.557 50.7694 49.985 4.7621 5.3406 11.1849 13.6115 4.5255 4.3798 4.1863 8.148 9.99464548035 16.1799
2016-08-31 05:22:48.076000 24480.921 3.492 49.107 33.329 51.332 4.555 50.733 49.7448 4.7536 5.3308 11.1815 13.6075 4.5234 4.3787 4.1844 8.147 10.9252160829 16.1871
2016-08-31 05:24:01.645000 24554.49 3.491 49.11 33.329 51.332 4.56 50.7071 49.9297 4.7538 5.3293 11.1782 13.6042 4.5292 4.3946 4.1856 8.149 9.99464548035 16.1919
2016-08-31 05:25:15.257000 24628.102 3.488 49.109 33.343 51.332 4.561 50.6842 50.3251 4.7613 5.3357 11.1754 13.6006 4.5306 4.4021 4.1877 8.15 10.699487239 16.1991
2016-08-31 05:26:28.852000 24701.697 3.447 49.109 33.375 51.334 4.563 50.6553 50.7176 4.7709 5.3468 11.173 13.5977 4.5328 4.4019 4.1897 8.151 11.0824046629 16.191
2016-08-31 05:27:42.822000 24775.667 3.644 49.11 34.1 51.333 4.558 50.6364 50.6798 4.7723 5.3502 11.1707 13.5941 4.5271 4.38 4.1892 8.149 10.699487239 16.2064
2016-08-31 05:28:56.605000 24849.45 3.658 49.11 33.823 51.333 4.556 50.6005 50.4432 4.7656 5.3447 11.1675 13.5905 4.5244 4.3845 4.1869 8.148 10.9252160829 16.2107
2016-08-31 05:30:10.372000 24923.217 3.502 49.112 33.314 51.333 4.555 50.5687 50.1862 4.7571 5.3359 11.1644 13.5869 4.5229 4.378 4.1847 8.147 10.2006359338 16.2166
2016-08-31 05:31:24.134000 24996.989 3.499 49.112 33.336 51.33 4.553 50.5374 49.9471 4.7489 5.3263 11.1607 13.583 4.5207 4.3801 4.1823 8.146 10.407152859 16.2262
2016-08-31 05:32:38.077000 25070.922 3.434 49.11 33.937 51.334 4.551 50.495 49.6955 4.7408 5.3167 11.1572 13.5792 4.5189 4.378 4.1794 8.145 10.0629579836 16.2228
2016-08-31 05:33:51.925000 25144.77 3.576 49.113 34.106 51.334 4.556 50.477 49.8911 4.7413 5.3154 11.1541 13.5753 4.5246 4.3866 4.181 8.147 11.3281196306 16.2215
2016-08-31 05:35:05.817000 25218.662 3.643 49.113 34.066 51.334 4.559 50.4523 50.2792 4.7499 5.3229 11.1513 13.5722 4.5272 4.3984 4.1833 8.148 10.6242442911 16.2404
2016-08-31 05:36:20.063000 25292.908 3.448 49.113 33.608 51.334 4.561 50.4248 50.6778 4.7603 5.3341 11.1485 13.5696 4.5295 4.3962 4.1863 8.149 11.0004996737 16.2362
2016-08-31 05:37:34.092000 25366.937 3.516 49.114 34.139 51.336 4.555 50.4032 50.6409 4.7615 5.338 11.1458 13.5658 4.5236 4.3836 4.185 8.148 10.6242442911 16.235
2016-08-31 05:38:48.117000 25440.972 3.689 49.114 33.639 51.339 4.554 50.3724 50.4032 4.7558 5.3331 11.1427 13.5618 4.5214 4.3808 4.1836 8.147 9.80661614086 16.238
2016-08-31 05:40:02.202000 25515.047 3.476 49.115 33.384 51.339 4.552 50.3322 50.1547 4.7481 5.3249 11.1396 13.5582 4.5202 4.3742 4.1808 8.146 11.0004996737 16.2435
2016-08-31 05:41:16.429000 25589.274 3.653 49.116 33.85 51.339 4.55 50.3067 49.8972 4.7398 5.3158 11.136 13.5543 4.5174 4.3723 4.1783 8.145 10.407152859 16.252
2016-08-31 05:42:30.572000 25663.417 3.494 49.119 33.314 51.345 4.549 50.2732 49.6559 4.7321 5.3062 11.1326 13.5503 4.5154 4.3738 4.1756 8.144 10.0629579836 16.249
2016-08-31 05:43:45.052000 25737.897 3.619 49.119 33.983 51.34 4.554 50.2444 49.8505 4.7333 5.3057 11.1292 13.5469 4.5221 4.3883 4.1773 8.146 10.2006359338 16.2623
2016-08-31 05:44:59.260000 25812.105 3.439 49.119 33.782 51.343 4.556 50.2175 50.2418 4.7415 5.3132 11.1265 13.5438 4.5237 4.3892 4.1799 8.147 10.475991834 16.2628
2016-08-31 05:46:13.424000 25886.269 3.58 49.119 34.103 51.337 4.558 50.2036 50.6355 4.752 5.3247 11.1241 13.5409 4.5264 4.3923 4.1823 8.149 10.6242442911 16.254
2016-08-31 05:47:27.594000 25960.439 3.679 49.12 33.499 51.342 4.554 50.1711 50.608 4.7538 5.3289 11.1216 13.5371 4.5209 4.3793 4.1814 8.147 10.6242442911 16.2591
2016-08-31 05:48:41.838000 26034.683 3.472 49.122 34.124 51.344 4.551 50.1438 50.369 4.7479 5.324 11.1182 13.5335 4.5183 4.3768 4.1799 8.146 10.2006359338 16.2591
2016-08-31 05:49:56.106000 26108.951 3.681 49.122 33.708 51.345 4.549 50.105 50.1179 4.7396 5.3157 11.115 13.5298 4.5164 4.3666 4.1776 8.145 10.774730187 16.2783
2016-08-31 05:51:10.777000 26183.622 3.633 49.121 33.915 51.346 4.546 50.0771 49.8567 4.7309 5.3062 11.1116 13.5256 4.5134 4.3659 4.175 8.143 10.407152859 16.2772
2016-08-31 05:52:25.190000 26258.035 3.43 49.121 33.878 51.345 4.544 50.0445 49.6161 4.7227 5.2967 11.1081 13.5218 4.5109 4.3675 4.1726 8.142 10.774730187 16.276
2016-08-31 05:53:39.620000 26332.465 3.588 49.119 34.067 51.34 4.55 50.0167 49.8147 4.7241 5.2958 11.105 13.5183 4.5178 4.3809 4.1735 8.144 10.407152859 16.2877
2016-08-31 05:54:54.037000 26406.882 3.446 49.116 33.611 51.344 4.552 49.9947 50.207 4.7325 5.3038 11.102 13.5155 4.5192 4.3855 4.1761 8.145 9.86929258736 16.2838
2016-08-31 05:56:08.572000 26481.417 3.685 49.119 33.676 51.332 4.555 49.9726 50.6086 4.7435 5.3157 11.0995 13.5124 4.5226 4.3863 4.1791 8.147 10.774730187 16.2835
2016-08-31 05:57:23.043000 26555.888 3.466 49.116 34.086 51.34 4.602 50.3954 50.5798 4.8317 5.3953 11.0991 13.5141 4.5752 4.4074 4.2174 8.163 11.1643096521 16.2882
2016-08-31 05:58:37.630000 26630.475 3.458 49.116 33.32 51.342 4.646 51.2406 50.358 5.1294 5.6604 11.1078 13.5242 4.6222 4.4587 4.2656 8.188 10.9252160829 16.2672
2016-08-31 05:59:52.506000 26705.351 3.669 49.119 33.426 51.334 4.634 51.72 50.1128 5.4019 5.9104 11.1164 13.5298 4.607 4.4855 4.2753 8.193 10.407152859 16.2515
2016-08-31 06:01:07.098000 26779.953 3.707 49.121 34.16 51.337 4.62 51.7837 49.8669 5.4185 5.9543 11.1179 13.5291 4.5921 4.4721 4.2663 8.189 10.5490013431 16.237
2016-08-31 06:02:21.738000 26854.583 3.46 49.125 34.083 51.348 4.607 51.7732 49.6107 5.3445 5.9144 11.1156 13.525 4.5782 4.462 4.2566 8.182 10.9252160829 16.2189
2016-08-31 06:03:36.420000 26929.265 3.53 49.124 33.329 51.349 4.606 51.7458 49.8068 5.2587 5.8563 11.112 13.5211 4.5769 4.4663 4.2506 8.179 10.699487239 16.2114
2016-08-31 06:04:51.161000 27004.006 3.649 49.127 33.461 51.35 4.601 51.7139 50.2016 5.1862 5.802 11.1083 13.5169 4.5719 4.4643 4.2451 8.176 10.2694749088 16.1976
2016-08-31 06:06:05.924000 27078.769 3.525 49.126 34.134 51.346 4.598 51.687 50.6001 5.1269 5.7536 11.1044 13.5125 4.5686 4.458 4.2416 8.174 10.774730187 16.2047
2016-08-31 06:07:21.044000 27153.889 3.666 49.127 34.127 51.342 4.589 51.6483 50.5603 5.0726 5.7045 11.1002 13.5072 4.5579 4.4325 4.2345 8.17 11.0004996737 16.2076
2016-08-31 06:08:35.900000 27228.745 3.439 49.127 33.926 51.351 4.584 51.6097 50.3202 5.021 5.6528 11.0951 13.5019 4.5532 4.423 4.2268 8.166 10.774730187 16.2048
2016-08-31 06:09:50.818000 27303.663 3.442 49.127 33.745 51.348 4.579 51.5665 50.0646 4.9751 5.6043 11.0901 13.4964 4.5483 4.4181 4.2203 8.164 10.2006359338 16.2169
2016-08-31 06:11:05.714000 27378.559 3.461 49.125 33.51 51.348 4.574 51.5285 49.8091 4.9354 5.5595 11.0849 13.4914 4.543 4.4081 4.2145 8.161 9.68126324787 16.2257
2016-08-31 06:12:20.655000 27453.5 3.532 49.126 33.338 51.348 4.569 51.4882 49.5569 4.9016 5.5189 11.0797 13.486 4.5368 4.3981 4.2074 8.158 9.99464548035 16.2261
2016-08-31 06:13:35.653000 27528.498 3.675 49.129 33.507 51.352 4.572 51.4548 49.76 4.8799 5.4905 11.0748 13.4813 4.54 4.4168 4.2053 8.158 9.99464548035 16.2388
2016-08-31 06:14:51.019000 27603.864 3.677 49.129 33.746 51.35 4.572 51.4245 50.1576 4.8688 5.4744 11.0705 13.4773 4.5404 4.4163 4.2048 8.158 10.849973135 16.2407
2016-08-31 06:16:06.166000 27679.011 3.562 49.129 33.368 51.349 4.572 51.3992 50.5608 4.8635 5.466 11.0666 13.4731 4.5405 4.4115 4.204 8.158 9.93196903385 16.2604
2016-08-31 06:17:21.352000 27754.197 3.674 49.129 33.506 51.351 4.565 51.3664 50.5218 4.8523 5.4536 11.0626 13.4683 4.5323 4.4012 4.2011 8.156 9.80661614086 16.2598
2016-08-31 06:18:36.605000 27829.45 3.479 49.131 33.365 51.35 4.562 51.3299 50.2828 4.8356 5.4346 11.0583 13.4637 4.5301 4.3933 4.1968 8.154 10.774730187 16.2664
2016-08-31 06:19:51.885000 27904.73 3.532 49.131 33.317 51.351 4.559 51.2936 50.0292 4.8186 5.4148 11.0539 13.4592 4.5262 4.3844 4.1922 8.152 11.0004996737 16.2677
2016-08-31 06:21:07.187000 27980.032 3.449 49.127 33.561 51.351 4.556 51.257 49.7756 4.8022 5.3955 11.0494 13.4548 4.5231 4.3819 4.1892 8.15 10.3383138839 16.277
2016-08-31 06:22:22.424000 28055.269 3.509 49.127 33.322 51.35 4.553 51.2229 49.5201 4.7879 5.3776 11.0447 13.45 4.5196 4.3775 4.1846 8.148 9.93196903385 16.2931
2016-08-31 06:23:38.045000 28130.89 3.514 49.127 33.625 51.356 4.557 51.1849 49.7294 4.7834 5.3693 11.0406 13.4462 4.5245 4.3909 4.1851 8.149 10.3383138839 16.2942
2016-08-31 06:24:53.383000 28206.228 3.441 49.127 34.063 51.351 4.559 51.1581 50.1288 4.7871 5.3706 11.0369 13.4422 4.5261 4.3952 4.1865 8.15 10.5490013431 16.2951
2016-08-31 06:26:08.714000 28281.559 3.596 49.126 34.074 51.348 4.56 51.14 50.5358 4.7935 5.3768 11.0333 13.439 4.5269 4.3993 4.1883 8.151 10.3383138839 16.2997
2016-08-31 06:27:24.115000 28356.96 3.684 49.127 33.638 51.347 4.555 51.1107 50.492 4.7922 5.3769 11.0309 13.435 4.5213 4.3778 4.1869 8.149 10.2694749088 16.3026
2016-08-31 06:28:39.480000 28432.325 3.611 49.12 33.991 51.342 4.553 51.0759 50.2549 4.7834 5.3679 11.0271 13.4308 4.519 4.3773 4.1838 8.148 9.80661614086 16.3105
2016-08-31 06:29:54.980000 28507.825 3.677 49.118 33.54 51.341 4.551 51.0435 50.0027 4.773 5.3568 11.0232 13.4268 4.517 4.377 4.1811 8.147 10.6242442911 16.3195
2016-08-31 06:31:10.834000 28583.679 3.434 49.117 33.968 51.34 4.549 51.0101 49.7372 4.7629 5.3452 11.0191 13.4226 4.5149 4.371 4.179 8.145 10.3383138839 16.3307
2016-08-31 06:32:18.954000 28651.799 3.478 49.115 33.357 51.336 4.547 50.9768 49.514 4.7542 5.3342 11.0157 13.4189 4.5123 4.3631 4.1763 8.144 11.1643096521 16.3324
2016-08-31 06:33:26.530000 28719.375 3.68 49.115 34.12 51.334 4.551 50.9424 49.6789 4.7532 5.3311 11.0125 13.4157 4.5178 4.3864 4.1764 8.145 10.2006359338 16.3282
2016-08-31 06:34:34.095000 28786.94 3.45 49.11 33.549 51.332 4.553 50.9289 50.0391 4.7586 5.3357 11.0098 13.4129 4.5199 4.3859 4.1789 8.146 10.2694749088 16.3334
2016-08-31 06:35:41.659000 28854.504 3.568 49.111 34.111 51.331 4.555 50.9081 50.3999 4.767 5.3442 11.0072 13.4099 4.5212 4.3898 4.1817 8.147 10.0629579836 16.3376
2016-08-31 06:36:49.493000 28922.338 3.434 49.11 33.301 51.33 4.55 50.8849 50.3784 4.7683 5.3473 11.0048 13.4069 4.516 4.3731 4.1795 8.145 10.774730187 16.3445
2016-08-31 06:37:57.071000 28989.916 3.628 49.105 33.975 51.328 4.55 50.8531 50.1771 4.7633 5.343 11.0019 13.4034 4.5159 4.3714 4.177 8.145 10.1317969587 16.3434
2016-08-31 06:39:04.603000 29057.448 3.483 49.105 33.343 51.325 4.548 50.8223 49.9409 4.7557 5.3352 10.9987 13.3999 4.5127 4.3674 4.1759 8.144 10.6242442911 16.3426
2016-08-31 06:40:12.171000 29125.016 3.481 49.103 34.125 51.325 4.546 50.7919 49.7203 4.7482 5.3266 10.9959 13.3966 4.5113 4.3666 4.1735 8.142 9.80661614086 16.3457
2016-08-31 06:41:19.766000 29192.611 3.661 49.104 33.451 51.325 4.55 50.7678 49.8812 4.7479 5.3248 10.9931 13.3935 4.5157 4.3847 4.1745 8.144 10.407152859 16.3505
2016-08-31 06:42:27.459000 29260.304 3.434 49.105 33.849 51.325 4.552 50.7459 50.2399 4.7544 5.3304 10.9906 13.3908 4.5186 4.3835 4.1767 8.145 9.99464548035 16.3547
2016-08-31 06:43:35.433000 29328.278 3.532 49.105 33.333 51.326 4.553 50.7197 50.6016 4.763 5.3398 10.9886 13.3883 4.5195 4.3846 4.1785 8.145 10.699487239 16.3605
2016-08-31 06:44:43.125000 29395.97 3.633 49.109 33.909 51.329 4.549 50.7023 50.5837 4.7643 5.343 10.9864 13.3851 4.5144 4.3721 4.1784 8.144 10.1317969587 16.3555
2016-08-31 06:45:50.844000 29463.689 3.477 49.108 33.347 51.328 4.547 50.6694 50.3715 4.7588 5.3387 10.9837 13.3819 4.5122 4.3667 4.1766 8.143 10.6242442911 16.3543
2016-08-31 06:46:58.577000 29531.422 3.684 49.103 33.629 51.325 4.546 50.6403 50.1387 4.7514 5.3313 10.9807 13.3785 4.5111 4.3646 4.1743 8.142 10.0629579836 16.3693
2016-08-31 06:48:06.171000 29599.016 3.44 49.104 33.635 51.327 4.544 50.6095 49.9188 4.7442 5.3229 10.9778 13.3751 4.5091 4.3648 4.1722 8.141 10.774730187 16.3588
2016-08-31 06:49:14.126000 29666.971 3.589 49.105 33.365 51.328 4.543 50.5741 49.6811 4.7367 5.3144 10.975 13.3717 4.5074 4.3627 4.1696 8.14 10.5490013431 16.3665
2016-08-31 06:50:21.757000 29734.602 3.436 49.105 33.991 51.324 4.548 50.5543 49.852 4.7369 5.3121 10.972 13.3688 4.5131 4.3784 4.1707 8.142 10.3383138839 16.369
2016-08-31 06:51:29.367000 29802.212 3.675 49.103 33.726 51.328 4.549 50.5239 50.205 4.7437 5.3183 10.9698 13.3662 4.5144 4.3781 4.1735 8.142 11.1643096521 16.3738
2016-08-31 06:52:37.003000 29869.848 3.479 49.105 33.547 51.329 4.551 50.5145 50.5678 4.7525 5.3276 10.9677 13.3636 4.516 4.3827 4.1761 8.144 10.2006359338 16.3703
2016-08-31 06:53:44.624000 29937.469 3.663 49.105 33.504 51.327 4.546 50.4845 50.5488 4.7547 5.3318 10.9653 13.3604 4.5112 4.367 4.1756 8.142 10.9252160829 16.372
2016-08-31 06:54:52.256000 30005.101 3.432 49.106 33.779 51.327 4.545 50.4616 50.3397 4.749 5.3276 10.9628 13.3573 4.5096 4.3633 4.1739 8.141 10.3383138839 16.3655
2016-08-31 06:56:00.170000 30073.015 3.533 49.106 33.323 51.329 4.543 50.4308 50.1104 4.7425 5.3206 10.9599 13.3541 4.5074 4.3602 4.1709 8.14 10.849973135 16.3813
2016-08-31 06:57:07.855000 30140.7 3.439 49.106 34.039 51.328 4.542 50.4014 49.875 4.7353 5.3129 10.957 13.3506 4.507 4.3575 4.1691 8.14 9.99464548035 16.3813
2016-08-31 06:58:15.509000 30208.354 3.477 49.104 33.347 51.327 4.541 50.3694 49.6549 4.7283 5.3044 10.954 13.3471 4.5048 4.3595 4.1672 8.139 10.6242442911 16.3876
2016-08-31 06:59:23.163000 30276.008 3.451 49.103 34.056 51.326 4.545 50.3406 49.8091 4.7289 5.3033 10.9512 13.3443 4.5099 4.3768 4.1683 8.14 9.74393969436 16.3861
2016-08-31 07:00:30.836000 30343.681 3.686 49.104 33.614 51.323 4.548 50.3271 50.1735 4.7359 5.3091 10.9489 13.3418 4.5123 4.3758 4.1713 8.142 10.5490013431 16.3797
2016-08-31 07:01:39.015000 30411.86 3.683 49.101 34.119 51.326 4.549 50.3062 50.5403 4.7452 5.3194 10.9469 13.3393 4.5147 4.3749 4.1739 8.143 10.1317969587 16.3784
2016-08-31 07:02:46.803000 30479.648 3.433 49.103 33.772 51.326 4.544 50.2831 50.5145 4.7472 5.3236 10.9448 13.3362 4.5087 4.3613 4.1733 8.141 10.407152859 16.3786
2016-08-31 07:03:54.619000 30547.464 3.52 49.105 33.31 51.328 4.542 50.2523 50.3122 4.7421 5.3192 10.9423 13.3328 4.5068 4.3596 4.1714 8.14 10.9252160829 16.3749
2016-08-31 07:05:02.384000 30615.229 3.441 49.105 34.04 51.328 4.541 50.2181 50.0839 4.7352 5.3127 10.9396 13.3299 4.505 4.3582 4.1693 8.139 11.3281196306 16.3969
2016-08-31 07:06:10.121000 30682.966 3.462 49.104 33.421 51.329 4.54 50.195 49.8514 4.7279 5.3044 10.9366 13.3263 4.504 4.3538 4.1671 8.138 10.1317969587 16.3949
2016-08-31 07:07:17.859000 30750.704 3.552 49.104 34.113 51.328 4.538 50.1636 49.6242 4.7212 5.2964 10.9337 13.3229 4.5017 4.358 4.165 8.137 10.699487239 16.3882
2016-08-31 07:08:25.907000 30818.752 3.553 49.106 33.728 51.331 4.542 50.1363 49.7855 4.7216 5.2954 10.9309 13.3201 4.5064 4.3691 4.1654 8.138 10.407152859 16.3969
2016-08-31 07:09:33.652000 30886.497 3.656 49.109 33.48 51.331 4.545 50.1172 50.1493 4.7287 5.3013 10.9287 13.3175 4.5097 4.3749 4.1679 8.14 10.1317969587 16.3974
2016-08-31 07:10:41.421000 30954.266 3.43 49.109 33.818 51.331 4.546 50.0891 50.5124 4.738 5.3115 10.9265 13.3152 4.5107 4.3763 4.1702 8.141 10.849973135 16.3845
2016-08-31 07:11:49.208000 31022.053 3.51 49.11 33.29 51.332 4.542 50.073 50.495 4.7398 5.3152 10.9244 13.3122 4.5058 4.3596 4.1692 8.14 10.3383138839 16.3792
2016-08-31 07:12:56.963000 31089.808 3.645 49.111 34.069 51.33 4.54 50.0445 50.2843 4.7348 5.3116 10.9216 13.3088 4.5037 4.3602 4.1682 8.139 10.475991834 16.3845
2016-08-31 07:14:04.773000 31157.618 3.458 49.109 33.455 51.332 4.539 50.0152 50.0502 4.728 5.3047 10.919 13.3056 4.5017 4.3557 4.1657 8.138 10.5490013431 16.3972
2016-08-31 07:15:12.851000 31225.696 3.677 49.111 33.542 51.332 4.536 49.9872 49.8278 4.7205 5.2962 10.916 13.3021 4.4999 4.3553 4.1639 8.137 10.2006359338 16.3913
2016-08-31 07:16:20.679000 31293.524 3.494 49.113 34.124 51.337 4.534 49.9506 49.5986 4.7135 5.2882 10.913 13.2988 4.4973 4.351 4.162 8.135 10.407152859 16.3978
2016-08-31 07:17:28.477000 31361.322 3.454 49.114 33.415 51.336 4.588 50.3151 49.7765 4.7842 5.3495 10.912 13.3004 4.5579 4.391 4.1971 8.153 10.774730187 16.3961
2016-08-31 07:18:36.263000 31429.108 3.631 49.114 34.027 51.338 4.633 51.0715 50.1477 5.0435 5.5791 10.9193 13.3095 4.6064 4.4489 4.2441 8.178 10.2006359338 16.3865
2016-08-31 07:19:44.162000 31497.007 3.457 49.117 33.806 51.34 4.626 51.5316 50.5119 5.2985 5.8159 10.9277 13.3161 4.5961 4.4753 4.2594 8.186 10.699487239 16.3613
2016-08-31 07:20:52.401000 31565.246 3.555 49.119 33.338 51.342 4.612 51.6168 50.4995 5.341 5.8778 10.9305 13.316 4.5806 4.4597 4.2556 8.183 11.0824046629 16.3559
2016-08-31 07:22:00.244000 31633.089 3.648 49.119 33.935 51.343 4.6 51.6158 50.2867 5.2915 5.8582 10.9299 13.3132 4.5678 4.4447 4.2461 8.177 10.2006359338 16.3455
2016-08-31 07:23:08.025000 31700.87 3.442 49.121 33.307 51.345 4.591 51.5924 50.0505 5.2179 5.8105 10.9274 13.3099 4.5577 4.4354 4.2383 8.172 10.699487239 16.3357
2016-08-31 07:24:15.843000 31768.688 3.672 49.126 33.81 51.348 4.584 51.5602 49.8294 5.1447 5.7542 10.9241 13.3055 4.5506 4.4221 4.2303 8.167 10.6242442911 16.3334
2016-08-31 07:25:23.704000 31836.549 3.467 49.124 34.127 51.346 4.578 51.5178 49.5946 5.0797 5.6988 10.92 13.3011 4.5434 4.4172 4.2228 8.163 9.99464548035 16.3286
2016-08-31 07:26:31.957000 31904.802 3.482 49.124 33.382 51.348 4.58 51.4913 49.7569 5.0303 5.6527 10.9163 13.2974 4.546 4.4257 4.219 8.163 10.699487239 16.3311
2016-08-31 07:27:39.825000 31972.67 3.685 49.124 33.683 51.347 4.578 51.4639 50.1203 4.9954 5.617 10.913 13.2933 4.5449 4.4268 4.2161 8.162 10.849973135 16.3357
2016-08-31 07:28:47.722000 32040.567 3.508 49.126 34.145 51.348 4.576 51.431 50.4785 4.9691 5.5906 10.9093 13.2883 4.5424 4.4276 4.2147 8.161 10.0629579836 16.3309
2016-08-31 07:29:55.636000 32108.481 3.45 49.126 33.589 51.346 4.57 51.4082 50.4624 4.942 5.5627 10.9054 13.2856 4.5347 4.3993 4.2105 8.158 11.0824046629 16.333
2016-08-31 07:31:03.597000 32176.442 3.647 49.123 33.434 51.343 4.566 51.3722 50.25 4.9137 5.5319 10.9012 13.2813 4.5313 4.3935 4.2047 8.156 10.2006359338 16.3351
2016-08-31 07:32:11.823000 32244.668 3.61 49.121 34.022 51.343 4.562 51.3359 50.0228 4.8865 5.5007 10.8968 13.2768 4.5274 4.391 4.1996 8.154 11.0824046629 16.3307
2016-08-31 07:33:19.826000 32312.671 3.436 49.12 33.961 51.342 4.559 51.3014 49.784 4.8616 5.4719 10.8928 13.2724 4.5233 4.3842 4.1959 8.151 10.1317969587 16.3388
2016-08-31 07:34:27.795000 32380.64 3.492 49.121 33.352 51.341 4.555 51.268 49.5623 4.8398 5.4451 10.8888 13.2679 4.5194 4.3782 4.1905 8.149 9.99464548035 16.3436
2016-08-31 07:35:35.759000 32448.604 3.679 49.12 33.675 51.343 4.559 51.2334 49.7263 4.8274 5.4278 10.8844 13.2641 4.5235 4.3929 4.1887 8.15 10.9252160829 16.3432
2016-08-31 07:36:44.086000 32516.931 3.68 49.119 33.708 51.342 4.56 51.2159 50.0839 4.8233 5.4201 10.8811 13.2607 4.5243 4.3973 4.1902 8.15 11.0824046629 16.3422
2016-08-31 07:37:52.038000 32584.883 3.487 49.116 34.126 51.341 4.561 51.1903 50.4546 4.8236 5.4175 10.8782 13.2574 4.5253 4.3966 4.1903 8.151 10.2006359338 16.3434
2016-08-31 07:39:00.058000 32652.903 3.447 49.118 33.601 51.338 4.555 51.1639 50.4336 4.8182 5.4124 10.8752 13.2534 4.5196 4.3777 4.1879 8.149 10.3383138839 16.3588
2016-08-31 07:40:08.197000 32721.042 3.637 49.118 33.448 51.337 4.552 51.1361 50.2169 4.8064 5.4 10.8716 13.2496 4.5161 4.3729 4.1846 8.147 10.5490013431 16.3597
2016-08-31 07:41:16.282000 32789.127 3.593 49.119 34.06 51.341 4.549 51.1029 49.9956 4.7931 5.3847 10.8682 13.2455 4.512 4.3703 4.1816 8.145 10.699487239 16.3549
2016-08-31 07:42:24.738000 32857.583 3.59 49.119 34.076 51.341 4.546 51.0673 49.7619 4.7806 5.3701 10.8644 13.2417 4.5089 4.3676 4.1782 8.143 10.1317969587 16.3632
2016-08-31 07:43:32.841000 32925.686 3.431 49.12 33.802 51.343 4.551 51.0321 49.9274 4.7766 5.3629 10.8609 13.2382 4.5142 4.3825 4.1777 8.144 10.699487239 16.3674
2016-08-31 07:44:41.060000 32993.905 3.43 49.119 33.869 51.342 4.552 51.014 50.2762 4.7798 5.3646 10.8581 13.235 4.516 4.3813 4.1794 8.145 10.3383138839 16.3661
2016-08-31 07:45:49.225000 33062.07 3.499 49.12 33.32 51.341 4.553 50.9948 50.6493 4.7859 5.3699 10.8556 13.2322 4.5177 4.3798 4.181 8.146 10.699487239 16.3697
2016-08-31 07:46:57.310000 33130.155 3.657 49.119 33.807 51.343 4.548 50.9682 50.6295 4.7852 5.3707 10.8531 13.228 4.5111 4.369 4.1797 8.144 10.475991834 16.367
2016-08-31 07:48:05.757000 33198.602 3.667 49.12 33.76 51.342 4.546 50.9298 50.4127 4.7776 5.3635 10.8499 13.2252 4.5089 4.3646 4.1767 8.143 10.6242442911 16.3657
2016-08-31 07:49:13.987000 33266.832 3.674 49.121 33.714 51.343 4.544 50.9065 50.1781 4.7679 5.3534 10.8469 13.2214 4.5064 4.3589 4.1737 8.142 10.699487239 16.3815
2016-08-31 07:50:22.229000 33335.074 3.466 49.119 34.131 51.343 4.542 50.8741 49.9535 4.7586 5.3422 10.844 13.2179 4.5049 4.358 4.1718 8.141 10.2694749088 16.3715
2016-08-31 07:51:30.354000 33403.199 3.439 49.119 33.622 51.342 4.539 50.8397 49.7234 4.7494 5.3315 10.8407 13.2141 4.5021 4.3642 4.168 8.139 10.3383138839 16.3836
2016-08-31 07:52:38.492000 33471.337 3.441 49.122 33.672 51.342 4.545 50.8074 49.8922 4.7486 5.3285 10.8381 13.211 4.5079 4.3679 4.1693 8.141 10.407152859 16.3745
2016-08-31 07:53:47.078000 33539.923 3.442 49.118 33.607 51.343 4.546 50.7923 50.2399 4.754 5.333 10.8352 13.2081 4.5098 4.3706 4.1706 8.142 10.2694749088 16.3851
2016-08-31 07:54:55.265000 33608.11 3.604 49.118 33.388 51.341 4.548 50.7753 50.6115 4.7623 5.3412 10.8327 13.2052 4.5114 4.3745 4.1724 8.143 10.2694749088 16.3807
2016-08-31 07:56:03.394000 33676.239 3.603 49.118 34.012 51.343 4.544 50.749 50.59 4.7637 5.3445 10.8303 13.202 4.5058 4.3576 4.1712 8.142 10.3383138839 16.3817
2016-08-31 07:57:11.575000 33744.42 3.616 49.117 33.967 51.341 4.542 50.7101 50.3773 4.7579 5.3396 10.8275 13.1986 4.5036 4.3583 4.1702 8.141 10.699487239 16.388
2016-08-31 07:58:19.772000 33812.617 3.431 49.119 33.975 51.342 4.54 50.6881 50.1522 4.7497 5.3311 10.8242 13.195 4.5025 4.3557 4.1681 8.139 10.2006359338 16.3867
2016-08-31 07:59:28.390000 33881.235 3.614 49.119 33.96 51.342 4.538 50.6583 49.9188 4.7415 5.3218 10.8211 13.1914 4.5004 4.3517 4.1649 8.138 11.0004996737 16.3845
2016-08-31 08:00:36.595000 33949.44 3.434 49.117 33.999 51.342 4.536 50.6256 49.6871 4.7341 5.3129 10.818 13.1877 4.4984 4.351 4.1631 8.137 9.99464548035 16.3909
2016-08-31 08:01:44.787000 34017.632 3.479 49.117 33.334 51.34 4.542 50.5915 49.8545 4.7344 5.3111 10.8149 13.1847 4.5044 4.3654 4.1641 8.139 10.407152859 16.383
2016-08-31 08:02:52.991000 34085.836 3.479 49.113 33.347 51.337 4.543 50.581 50.204 4.741 5.3168 10.8125 13.182 4.5061 4.3654 4.1669 8.14 10.699487239 16.3842
2016-08-31 08:04:01.276000 34154.121 3.669 49.113 33.756 51.339 4.545 50.5608 50.5771 4.7501 5.3264 10.8104 13.1795 4.5071 4.3728 4.1682 8.141 10.2006359338 16.3878
2016-08-31 08:05:09.886000 34222.731 3.487 49.113 33.761 51.335 4.54 50.5343 50.5548 4.7516 5.3299 10.8082 13.1762 4.5016 4.3555 4.1684 8.14 10.407152859 16.3903
2016-08-31 08:06:18.092000 34290.937 3.674 49.115 33.709 51.335 4.538 50.5055 50.3424 4.7462 5.3257 10.8053 13.1729 4.4998 4.3536 4.1657 8.138 10.3383138839 16.3936
2016-08-31 08:07:26.362000 34359.207 3.673 49.114 34.134 51.335 4.537 50.4684 50.1058 4.7388 5.3185 10.8026 13.1695 4.4986 4.3524 4.1639 8.137 10.9252160829 16.3857
2016-08-31 08:08:34.642000 34427.487 3.505 49.112 34.117 51.334 4.535 50.4422 49.8835 4.731 5.3098 10.7995 13.166 4.4969 4.3523 4.1618 8.136 9.99464548035 16.4001
2016-08-31 08:09:43.064000 34495.909 3.506 49.11 34.117 51.332 4.533 50.4134 49.6534 4.724 5.301 10.7965 13.1625 4.4947 4.35 4.1598 8.135 10.849973135 16.3974
2016-08-31 08:10:51.866000 34564.711 3.677 49.108 34.126 51.33 4.54 50.3872 49.8228 4.7248 5.2999 10.7936 13.1597 4.5018 4.3583 4.1608 8.137 10.2006359338 16.3978
2016-08-31 08:12:00.197000 34633.042 3.484 49.108 34.136 51.33 4.541 50.3664 50.1831 4.7318 5.3064 10.7912 13.157 4.5029 4.3677 4.164 8.138 10.699487239 16.3926
2016-08-31 08:13:08.597000 34701.442 3.484 49.106 34.124 51.331 4.543 50.3412 50.5478 4.7414 5.3166 10.7892 13.1545 4.5054 4.3685 4.1666 8.139 10.2694749088 16.3909
2016-08-31 08:14:17.037000 34769.882 3.483 49.106 34.12 51.328 4.538 50.3237 50.5193 4.7433 5.3207 10.787 13.1514 4.5 4.3545 4.1655 8.138 10.699487239 16.3888
2016-08-31 08:15:25.915000 34838.76 3.641 49.108 34.073 51.329 4.536 50.2948 50.3032 4.7381 5.3166 10.7842 13.1482 4.4978 4.3504 4.1635 8.137 10.1317969587 16.3911
2016-08-31 08:16:34.392000 34907.247 3.652 49.106 34.084 51.33 4.535 50.2633 50.0845 4.7308 5.3092 10.7816 13.1448 4.4943 4.3493 4.1611 8.135 11.0004996737 16.3951
2016-08-31 08:17:42.938000 34975.783 3.65 49.108 33.807 51.329 4.532 50.2334 49.852 4.7231 5.3004 10.7788 13.1414 4.4934 4.3491 4.1589 8.134 9.80661614086 16.3934
2016-08-31 08:18:51.407000 35044.252 3.65 49.105 34.085 51.329 4.53 50.2016 49.6222 4.7156 5.2921 10.7757 13.1379 4.4914 4.347 4.1567 8.133 11.0004996737 16.3905
2016-08-31 08:20:00.290000 35113.135 3.663 49.105 33.766 51.326 4.536 50.1742 49.7931 4.7164 5.291 10.7731 13.1354 4.4971 4.3591 4.158 8.134 10.407152859 16.3994
2016-08-31 08:21:08.845000 35181.69 3.5 49.105 33.762 51.328 4.538 50.1498 50.1516 4.7241 5.2979 10.7708 13.1327 4.4993 4.3641 4.1605 8.136 10.1317969587 16.3919
2016-08-31 08:22:17.305000 35250.15 3.654 49.106 33.813 51.329 4.54 50.1373 50.5154 4.7334 5.3082 10.7689 13.1304 4.5018 4.3641 4.1629 8.137 10.3383138839 16.3955
2016-08-31 08:23:25.744000 35318.589 3.652 49.105 33.812 51.327 4.536 50.1143 50.5015 4.7356 5.3124 10.7669 13.1273 4.4963 4.3483 4.1623 8.136 10.699487239 16.3865
2016-08-31 08:24:34.252000 35387.097 3.66 49.108 33.768 51.328 4.533 50.0824 50.2888 4.7306 5.3081 10.7642 13.1241 4.4938 4.3427 4.1603 8.134 10.3383138839 16.398
2016-08-31 08:25:43.033000 35455.878 3.485 49.106 33.329 51.33 4.532 50.0526 50.058 4.7233 5.3008 10.7615 13.1207 4.492 4.3469 4.1588 8.133 10.407152859 16.4013
2016-08-31 08:26:51.574000 35524.419 3.485 49.11 33.313 51.33 4.53 50.0208 49.8253 4.7159 5.2925 10.7587 13.1174 4.4896 4.3449 4.1561 8.132 10.9252160829 16.3953
2016-08-31 08:28:00.028000 35592.873 3.474 49.109 33.35 51.331 4.527 49.9942 49.592 4.7086 5.2844 10.7558 13.114 4.4875 4.3419 4.1539 8.131 10.1317969587 16.3988
2016-08-31 08:29:08.595000 35661.44 3.477 49.108 33.337 51.331 4.533 49.96 49.7645 4.7093 5.2834 10.7529 13.1112 4.4941 4.3552 4.1549 8.133 11.1643096521 16.3984
2016-08-31 08:30:17.464000 35730.309 3.451 49.11 34.022 51.334 4.585 50.3382 50.1288 4.7893 5.3547 10.7527 13.1131 4.5517 4.3857 4.1928 8.151 10.1317969587 16.3955
2016-08-31 08:31:26.021000 35798.866 3.465 49.109 34.042 51.333 4.626 51.1098 50.5163 5.0553 5.5918 10.7608 13.1234 4.5995 4.4362 4.2408 8.176 10.2694749088 16.3832
2016-08-31 08:32:34.559000 35867.404 3.462 49.108 34.09 51.331 4.616 51.5771 50.5103 5.3109 5.829 10.7697 13.13 4.5834 4.4486 4.2535 8.182 10.475991834 16.3761
2016-08-31 08:33:43.086000 35935.931 3.465 49.113 34.097 51.336 4.605 51.6502 50.2948 5.3456 5.8836 10.7724 13.1299 4.5703 4.4413 4.2475 8.178 10.1317969587 16.359
2016-08-31 08:34:51.536000 36004.381 3.472 49.115 34.111 51.337 4.593 51.6493 50.0661 5.2916 5.8596 10.7716 13.1273 4.557 4.4319 4.2386 8.172 11.1643096521 16.3557
2016-08-31 08:36:00.430000 36073.275 3.681 49.115 33.766 51.338 4.583 51.6233 49.8282 5.2148 5.8085 10.7692 13.1234 4.5474 4.4187 4.2309 8.167 10.475991834 16.3484
2016-08-31 08:37:08.977000 36141.822 3.668 49.117 33.806 51.34 4.576 51.5849 49.5941 5.1399 5.7507 10.7654 13.1193 4.5402 4.4079 4.223 8.162 10.2006359338 16.3403
2016-08-31 08:38:17.545000 36210.39 3.677 49.119 33.762 51.339 4.577 51.5531 49.7555 5.0801 5.7 10.7618 13.1153 4.5413 4.4233 4.2175 8.161 10.2006359338 16.3418
2016-08-31 08:39:26.168000 36279.013 3.683 49.12 33.72 51.341 4.574 51.5307 50.1157 5.0353 5.6588 10.7582 13.1113 4.5378 4.4198 4.2142 8.159 10.0629579836 16.337
2016-08-31 08:40:35.204000 36348.049 3.474 49.12 33.405 51.344 4.572 51.5002 50.486 5.0015 5.6264 10.7549 13.1074 4.5355 4.4191 4.2111 8.158 10.475991834 16.3311
2016-08-31 08:41:43.835000 36416.68 3.447 49.12 34.059 51.34 4.565 51.472 50.4705 4.9682 5.5938 10.7512 13.1032 4.5272 4.3929 4.207 8.155 10.2694749088 16.3264
2016-08-31 08:42:52.451000 36485.296 3.439 49.12 34.065 51.341 4.56 51.4361 50.2568 4.9344 5.5577 10.7473 13.0983 4.5223 4.3825 4.2007 8.152 10.2006359338 16.3255
2016-08-31 08:44:01.116000 36553.961 3.446 49.119 34.042 51.34 4.557 51.3992 50.0247 4.9029 5.5224 10.743 13.0939 4.5188 4.3787 4.1964 8.15 10.2694749088 16.3347
2016-08-31 08:45:09.669000 36622.514 3.454 49.116 34.09 51.339 4.554 51.3648 49.7962 4.875 5.4903 10.7389 13.0892 4.5152 4.3764 4.1906 8.148 10.1317969587 16.3347
2016-08-31 08:46:18.674000 36691.519 3.663 49.116 33.785 51.339 4.55 51.331 49.5593 4.8505 5.4606 10.7346 13.0847 4.5117 4.3708 4.1864 8.146 10.2006359338 16.3297
