2016-01-13 00:00:43.219000 2556637.934 292.73 292.67 293.04 293.09 293.18 294.723 294.555 294.458 294.594 294.528 294.808 292.122 0.0 0.0 292.61
2016-01-13 00:01:43.261000 2556697.976 292.73 292.67 293.04 293.09 293.18 294.725 294.555 294.457 294.594 294.525 294.809 292.122 0.0 0.0 292.61
2016-01-13 00:02:43.327000 2556758.042 292.73 292.67 293.04 293.09 293.18 294.724 294.556 294.458 294.595 294.528 294.809 292.122 0.0 0.0 292.6
2016-01-13 00:03:43.368000 2556818.083 292.73 292.67 293.04 293.09 293.18 294.725 294.556 294.456 294.594 294.527 294.809 292.124 0.0 0.0 292.61
2016-01-13 00:04:43.435000 2556878.15 292.73 292.67 293.04 293.09 293.18 294.723 294.555 294.457 294.594 294.527 294.811 292.123 0.0 0.0 292.61
2016-01-13 00:05:43.476000 2556938.191 292.73 292.67 293.04 293.09 293.18 294.723 294.556 294.457 294.595 294.528 294.81 292.123 0.0 0.0 292.6
2016-01-13 00:06:43.542000 2556998.257 292.73 292.67 293.04 293.09 293.18 294.724 294.556 294.457 294.595 294.527 294.809 292.124 0.0 0.0 292.61
2016-01-13 00:07:43.584000 2557058.299 292.73 292.67 293.04 293.09 293.18 294.723 294.556 294.458 294.594 294.527 294.81 292.124 0.0 0.0 292.61
2016-01-13 00:08:43.650000 2557118.365 292.73 292.67 293.04 293.09 293.17 294.724 294.556 294.459 294.595 294.529 294.812 292.123 0.0 0.0 292.61
2016-01-13 00:09:43.693000 2557178.408 292.73 292.67 293.04 293.09 293.18 294.725 294.558 294.459 294.596 294.53 294.811 292.124 0.0 0.0 292.61
2016-01-13 00:10:43.759000 2557238.474 292.73 292.67 293.04 293.09 293.18 294.726 294.557 294.458 294.596 294.528 294.81 292.123 0.0 0.0 292.6
2016-01-13 00:11:43.801000 2557298.516 292.73 292.67 293.04 293.09 293.18 294.726 294.556 294.458 294.595 294.529 294.811 292.125 0.0 0.0 292.61
2016-01-13 00:12:43.866000 2557358.581 292.73 292.67 293.04 293.09 293.18 294.727 294.558 294.459 294.595 294.529 294.812 292.125 0.0 0.0 292.61
2016-01-13 00:13:43.907000 2557418.622 292.73 292.67 293.04 293.09 293.18 294.726 294.559 294.459 294.596 294.531 294.812 292.125 0.0 0.0 292.61
2016-01-13 00:14:43.975000 2557478.69 292.73 292.67 293.04 293.1 293.18 294.727 294.558 294.459 294.596 294.53 294.812 292.123 0.0 0.0 292.61
2016-01-13 00:15:44.017000 2557538.732 292.73 292.67 293.04 293.09 293.18 294.727 294.558 294.461 294.596 294.532 294.81 292.126 0.0 0.0 292.61
2016-01-13 00:16:44.082000 2557598.797 292.73 292.67 293.04 293.1 293.18 294.727 294.561 294.46 294.595 294.53 294.812 292.125 0.0 0.0 292.61
2016-01-13 00:17:44.123000 2557658.838 292.73 292.67 293.04 293.09 293.18 294.727 294.559 294.461 294.598 294.532 294.813 292.126 0.0 0.0 292.61
2016-01-13 00:18:44.191000 2557718.906 292.73 292.67 293.04 293.1 293.18 294.728 294.559 294.46 294.598 294.532 294.813 292.125 0.0 0.0 292.61
2016-01-13 00:19:44.232000 2557778.947 292.73 292.67 293.04 293.09 293.18 294.728 294.559 294.461 294.598 294.533 294.814 292.126 0.0 0.0 292.61
2016-01-13 00:20:44.298000 2557839.013 292.73 292.67 293.04 293.1 293.18 294.729 294.56 294.461 294.599 294.533 294.813 292.127 0.0 0.0 292.61
2016-01-13 00:21:44.340000 2557899.055 292.73 292.67 293.04 293.1 293.18 294.727 294.559 294.462 294.596 294.532 294.813 292.127 0.0 0.0 292.61
2016-01-13 00:22:44.406000 2557959.121 292.74 292.67 293.04 293.1 293.18 294.729 294.56 294.462 294.599 294.533 294.814 292.127 0.0 0.0 292.61
2016-01-13 00:23:44.448000 2558019.163 292.74 292.67 293.04 293.1 293.18 294.729 294.56 294.461 294.599 294.533 294.814 292.129 0.0 0.0 292.61
2016-01-13 00:24:44.514000 2558079.229 292.74 292.67 293.04 293.1 293.18 294.727 294.561 294.462 294.599 294.534 294.814 292.127 0.0 0.0 292.61
2016-01-13 00:25:44.557000 2558139.272 292.73 292.67 293.04 293.1 293.18 294.729 294.562 294.463 294.599 294.535 294.814 292.128 0.0 0.0 292.61
2016-01-13 00:26:44.622000 2558199.337 292.74 292.67 293.04 293.1 293.18 294.73 294.561 294.463 294.599 294.534 294.815 292.129 0.0 0.0 292.61
2016-01-13 00:27:44.664000 2558259.379 292.73 292.67 293.04 293.1 293.18 294.73 294.56 294.463 294.599 294.533 294.815 292.128 0.0 0.0 292.61
2016-01-13 00:28:44.730000 2558319.445 292.73 292.67 293.04 293.1 293.18 294.729 294.56 294.462 294.599 294.532 294.816 292.129 0.0 0.0 292.61
2016-01-13 00:29:44.772000 2558379.487 292.74 292.67 293.04 293.1 293.18 294.729 294.561 294.463 294.6 294.532 294.815 292.129 0.0 0.0 292.61
2016-01-13 00:30:44.839000 2558439.554 292.73 292.67 293.04 293.1 293.18 294.73 294.562 294.462 294.6 294.535 294.816 292.129 0.0 0.0 292.61
2016-01-13 00:31:44.880000 2558499.595 292.73 292.67 293.04 293.1 293.19 294.732 294.563 294.463 294.6 294.534 294.816 292.129 0.0 0.0 292.61
2016-01-13 00:32:44.946000 2558559.661 292.73 292.67 293.05 293.1 293.19 294.732 294.562 294.464 294.6 294.535 294.816 292.128 0.0 0.0 292.61
2016-01-13 00:33:44.988000 2558619.703 292.73 292.67 293.05 293.1 293.18 294.729 294.562 294.465 294.601 294.534 294.816 292.128 0.0 0.0 292.61
2016-01-13 00:34:45.055000 2558679.77 292.73 292.68 293.05 293.1 293.19 294.732 294.563 294.463 294.601 294.535 294.815 292.13 0.0 0.0 292.61
2016-01-13 00:35:45.096000 2558739.811 292.73 292.67 293.05 293.1 293.19 294.732 294.561 294.463 294.601 294.535 294.816 292.129 0.0 0.0 292.61
2016-01-13 00:36:45.161000 2558799.876 292.73 292.68 293.05 293.1 293.19 294.733 294.564 294.464 294.6 294.536 294.816 292.131 0.0 0.0 292.61
2016-01-13 00:37:45.203000 2558859.918 292.73 292.68 293.05 293.11 293.19 294.733 294.564 294.465 294.601 294.536 294.818 292.13 0.0 0.0 292.61
2016-01-13 00:38:45.270000 2558919.985 292.74 292.68 293.05 293.11 293.19 294.733 294.564 294.466 294.6 294.537 294.817 292.13 0.0 0.0 292.61
2016-01-13 00:39:45.312000 2558980.027 292.74 292.68 293.05 293.11 293.19 294.733 294.563 294.465 294.602 294.536 294.817 292.13 0.0 0.0 292.62
2016-01-13 00:40:45.378000 2559040.093 292.74 292.68 293.05 293.11 293.19 294.733 294.565 294.465 294.601 294.536 294.817 292.132 0.0 0.0 292.62
2016-01-13 00:41:45.420000 2559100.135 292.74 292.68 293.05 293.11 293.19 294.732 294.565 294.466 294.603 294.538 294.817 292.13 0.0 0.0 292.61
2016-01-13 00:42:45.486000 2559160.201 292.74 292.68 293.05 293.11 293.19 294.734 294.567 294.468 294.602 294.538 294.817 292.133 0.0 0.0 292.62
2016-01-13 00:43:45.527000 2559220.242 292.74 292.68 293.05 293.11 293.19 294.735 294.565 294.465 294.604 294.539 294.819 292.133 0.0 0.0 292.62
2016-01-13 00:44:45.594000 2559280.309 292.74 292.68 293.05 293.11 293.19 294.734 294.565 294.465 294.604 294.538 294.82 292.132 0.0 0.0 292.62
2016-01-13 00:45:45.635000 2559340.35 292.74 292.68 293.05 293.11 293.19 294.734 294.566 294.467 294.605 294.539 294.818 292.133 0.0 0.0 292.62
2016-01-13 00:46:45.702000 2559400.417 292.74 292.68 293.05 293.11 293.19 294.735 294.566 294.468 294.604 294.54 294.82 292.133 0.0 0.0 292.62
2016-01-13 00:47:45.743000 2559460.458 292.74 292.68 293.06 293.11 293.19 294.734 294.567 294.468 294.604 294.539 294.819 292.133 0.0 0.0 292.62
2016-01-13 00:48:45.810000 2559520.525 292.74 292.68 293.06 293.11 293.19 294.735 294.568 294.468 294.605 294.541 294.822 292.134 0.0 0.0 292.62
2016-01-13 00:49:45.852000 2559580.567 292.74 292.68 293.06 293.11 293.19 294.734 294.567 294.468 294.605 294.541 294.82 292.134 0.0 0.0 292.62
2016-01-13 00:50:45.917000 2559640.632 292.74 292.68 293.06 293.11 293.19 294.735 294.566 294.469 294.605 294.54 294.819 292.134 0.0 0.0 292.62
2016-01-13 00:51:45.958000 2559700.673 292.74 292.68 293.06 293.11 293.19 294.736 294.567 294.466 294.605 294.54 294.82 292.134 0.0 0.0 292.62
2016-01-13 00:52:46.025000 2559760.74 292.74 292.68 293.06 293.12 293.19 294.736 294.566 294.468 294.606 294.54 294.821 292.135 0.0 0.0 292.62
2016-01-13 00:53:46.068000 2559820.783 292.74 292.68 293.06 293.12 293.19 294.736 294.568 294.468 294.605 294.542 294.821 292.135 0.0 0.0 292.62
2016-01-13 00:54:46.133000 2559880.848 292.74 292.68 293.06 293.12 293.19 294.737 294.567 294.469 294.605 294.541 294.823 292.135 0.0 0.0 292.62
2016-01-13 00:55:46.176000 2559940.891 292.74 292.68 293.06 293.12 293.19 294.736 294.568 294.468 294.606 294.542 294.821 292.136 0.0 0.0 292.62
2016-01-13 00:56:46.241000 2560000.956 292.74 292.68 293.06 293.12 293.19 294.737 294.567 294.47 294.607 294.542 294.822 292.136 0.0 0.0 292.62
2016-01-13 00:57:46.284000 2560060.999 292.74 292.68 293.06 293.12 293.19 294.736 294.57 294.47 294.606 294.541 294.821 292.137 0.0 0.0 292.62
2016-01-13 00:58:46.350000 2560121.065 292.74 292.68 293.06 293.12 293.19 294.737 294.569 294.47 294.606 294.542 294.822 292.138 0.0 0.0 292.62
2016-01-13 00:59:46.392000 2560181.107 292.74 292.68 293.06 293.12 293.19 294.738 294.569 294.469 294.608 294.542 294.822 292.136 0.0 0.0 292.62
2016-01-13 01:00:46.457000 2560241.172 292.74 292.68 293.07 293.12 293.19 294.738 294.568 294.471 294.607 294.541 294.823 292.137 0.0 0.0 292.62
2016-01-13 01:01:46.497000 2560301.212 292.74 292.68 293.06 293.12 293.19 294.737 294.571 294.471 294.608 294.543 294.825 292.138 0.0 0.0 292.62
2016-01-13 01:02:46.566000 2560361.281 292.74 292.68 293.07 293.12 293.19 294.738 294.57 294.471 294.609 294.544 294.824 292.138 0.0 0.0 292.62
2016-01-13 01:03:46.608000 2560421.323 292.74 292.68 293.07 293.12 293.19 294.74 294.572 294.473 294.609 294.544 294.824 292.138 0.0 0.0 292.62
2016-01-13 01:04:46.674000 2560481.389 292.74 292.68 293.07 293.13 293.19 294.74 294.571 294.472 294.609 294.544 294.825 292.138 0.0 0.0 292.62
2016-01-13 01:05:46.716000 2560541.431 292.74 292.68 293.07 293.13 293.2 294.74 294.571 294.472 294.609 294.544 294.824 292.139 0.0 0.0 292.62
2016-01-13 01:06:46.781000 2560601.496 292.74 292.68 293.07 293.13 293.2 294.741 294.572 294.473 294.611 294.544 294.826 292.139 0.0 0.0 292.62
2016-01-13 01:07:46.823000 2560661.538 292.74 292.68 293.07 293.13 293.2 294.741 294.573 294.474 294.61 294.546 294.827 292.14 0.0 0.0 292.62
2016-01-13 01:08:46.889000 2560721.604 292.74 292.68 293.07 293.13 293.2 294.741 294.572 294.474 294.61 294.546 294.825 292.14 0.0 0.0 292.62
2016-01-13 01:09:46.931000 2560781.646 292.74 292.68 293.07 293.13 293.2 294.741 294.573 294.474 294.611 294.547 294.826 292.14 0.0 0.0 292.62
2016-01-13 01:10:46.997000 2560841.712 292.74 292.68 293.07 293.13 293.2 294.741 294.573 294.473 294.61 294.545 294.828 292.141 0.0 0.0 292.62
2016-01-13 01:11:47.039000 2560901.754 292.74 292.68 293.07 293.13 293.2 294.742 294.574 294.474 294.612 294.548 294.827 292.141 0.0 0.0 292.62
2016-01-13 01:12:47.105000 2560961.82 292.74 292.68 293.08 293.13 293.2 294.741 294.572 294.476 294.613 294.547 294.828 292.14 0.0 0.0 292.63
2016-01-13 01:13:47.147000 2561021.862 292.75 292.69 293.08 293.14 293.2 294.742 294.573 294.476 294.613 294.548 294.828 292.142 0.0 0.0 292.63
2016-01-13 01:14:47.214000 2561081.929 292.74 292.69 293.08 293.14 293.2 294.742 294.574 294.475 294.611 294.547 294.828 292.143 0.0 0.0 292.62
2016-01-13 01:15:47.256000 2561141.971 292.74 292.69 293.08 293.14 293.2 294.741 294.574 294.475 294.614 294.548 294.83 292.143 0.0 0.0 292.63
2016-01-13 01:16:47.322000 2561202.037 292.75 292.69 293.08 293.14 293.2 294.742 294.575 294.476 294.614 294.548 294.831 292.142 0.0 0.0 292.63
2016-01-13 01:17:47.364000 2561262.079 292.75 292.69 293.08 293.14 293.2 294.742 294.573 294.476 294.613 294.548 294.829 292.142 0.0 0.0 292.63
2016-01-13 01:18:47.430000 2561322.145 292.75 292.69 293.08 293.14 293.2 294.742 294.574 294.477 294.615 294.549 294.83 292.143 0.0 0.0 292.63
2016-01-13 01:19:47.471000 2561382.186 292.75 292.69 293.08 293.14 293.2 294.742 294.575 294.478 294.615 294.549 294.829 292.143 0.0 0.0 292.63
2016-01-13 01:20:47.537000 2561442.252 292.75 292.69 293.08 293.14 293.2 294.743 294.574 294.478 294.614 294.55 294.83 292.144 0.0 0.0 292.63
2016-01-13 01:21:47.578000 2561502.293 292.75 292.69 293.09 293.14 293.2 294.744 294.575 294.478 294.616 294.551 294.829 292.144 0.0 0.0 292.63
2016-01-13 01:22:47.645000 2561562.36 292.75 292.69 293.09 293.15 293.2 294.744 294.575 294.477 294.615 294.551 294.83 292.146 0.0 0.0 292.63
2016-01-13 01:23:47.688000 2561622.403 292.75 292.69 293.09 293.14 293.2 294.744 294.576 294.478 294.617 294.55 294.83 292.143 0.0 0.0 292.63
2016-01-13 01:24:47.753000 2561682.468 292.75 292.69 293.09 293.15 293.2 294.744 294.576 294.478 294.615 294.551 294.831 292.146 0.0 0.0 292.63
2016-01-13 01:25:47.795000 2561742.51 292.75 292.69 293.09 293.15 293.2 294.744 294.58 294.479 294.616 294.551 294.831 292.147 0.0 0.0 292.63
2016-01-13 01:26:47.861000 2561802.576 292.75 292.69 293.09 293.15 293.2 294.745 294.578 294.479 294.617 294.552 294.833 292.146 0.0 0.0 292.63
2016-01-13 01:27:47.903000 2561862.618 292.75 292.69 293.09 293.15 293.21 294.747 294.579 294.481 294.617 294.553 294.832 292.148 0.0 0.0 292.63
2016-01-13 01:28:47.969000 2561922.684 292.75 292.69 293.1 293.15 293.21 294.747 294.579 294.481 294.617 294.555 294.834 292.147 0.0 0.0 292.63
2016-01-13 01:29:48.010000 2561982.725 292.75 292.69 293.1 293.15 293.2 294.746 294.58 294.481 294.618 294.554 294.833 292.148 0.0 0.0 292.63
2016-01-13 01:30:48.077000 2562042.792 292.75 292.69 293.1 293.15 293.2 294.747 294.579 294.483 294.62 294.553 294.835 292.148 0.0 0.0 292.63
2016-01-13 01:31:48.119000 2562102.834 292.75 292.69 293.1 293.16 293.21 294.748 294.58 294.481 294.62 294.554 294.835 292.149 0.0 0.0 292.63
2016-01-13 01:32:48.185000 2562162.9 292.75 292.69 293.1 293.16 293.21 294.747 294.579 294.482 294.62 294.555 294.834 292.149 0.0 0.0 292.63
2016-01-13 01:33:48.227000 2562222.942 292.75 292.69 293.1 293.16 293.21 294.747 294.581 294.483 294.62 294.555 294.836 292.151 0.0 0.0 292.63
2016-01-13 01:34:48.293000 2562283.008 292.75 292.69 293.1 293.16 293.21 294.747 294.58 294.485 294.621 294.555 294.835 292.151 0.0 0.0 292.63
2016-01-13 01:35:48.335000 2562343.05 292.75 292.69 293.1 293.16 293.21 294.747 294.582 294.483 294.621 294.554 294.836 292.151 0.0 0.0 292.63
2016-01-13 01:36:48.401000 2562403.116 292.75 292.69 293.1 293.16 293.21 294.748 294.582 294.484 294.623 294.556 294.837 292.15 0.0 0.0 292.63
2016-01-13 01:37:48.443000 2562463.158 292.75 292.69 293.11 293.16 293.21 294.75 294.581 294.485 294.622 294.556 294.836 292.152 0.0 0.0 292.63
2016-01-13 01:38:48.509000 2562523.224 292.75 292.69 293.11 293.16 293.21 294.749 294.582 294.486 294.622 294.557 294.837 292.154 0.0 0.0 292.63
2016-01-13 01:39:48.551000 2562583.266 292.75 292.69 293.11 293.17 293.21 294.748 294.582 294.485 294.622 294.556 294.839 292.154 0.0 0.0 292.63
2016-01-13 01:40:48.617000 2562643.332 292.75 292.7 293.11 293.17 293.21 294.748 294.584 294.485 294.623 294.559 294.838 292.154 0.0 0.0 292.64
2016-01-13 01:41:48.659000 2562703.374 292.75 292.7 293.11 293.17 293.21 294.749 294.584 294.486 294.623 294.557 294.838 292.154 0.0 0.0 292.64
2016-01-13 01:42:48.725000 2562763.44 292.75 292.7 293.11 293.17 293.21 294.75 294.582 294.486 294.623 294.557 294.839 292.154 0.0 0.0 292.64
2016-01-13 01:43:48.767000 2562823.482 292.75 292.7 293.11 293.17 293.21 294.751 294.584 294.487 294.624 294.559 294.839 292.156 0.0 0.0 292.64
2016-01-13 01:44:48.831000 2562883.546 292.76 292.7 293.11 293.17 293.21 294.75 294.586 294.487 294.626 294.559 294.841 292.155 0.0 0.0 292.64
2016-01-13 01:45:48.871000 2562943.586 292.76 292.7 293.12 293.17 293.21 294.751 294.586 294.487 294.625 294.559 294.841 292.155 0.0 0.0 292.64
2016-01-13 01:46:48.941000 2563003.656 292.76 292.7 293.12 293.17 293.21 294.752 294.586 294.488 294.625 294.56 294.842 292.156 0.0 0.0 292.64
2016-01-13 01:47:49.239000 2563063.954 292.76 292.7 293.12 293.18 293.21 294.753 294.586 294.488 294.627 294.561 294.841 292.157 0.0 0.0 292.64
2016-01-13 01:48:49.280000 2563123.995 292.76 292.7 293.12 293.18 293.22 294.753 294.586 294.489 294.627 294.562 294.842 292.158 0.0 0.0 292.64
2016-01-13 01:49:49.349000 2563184.064 292.76 292.7 293.12 293.18 293.21 294.753 294.587 294.49 294.627 294.562 294.842 292.158 0.0 0.0 292.64
2016-01-13 01:50:49.390000 2563244.105 292.76 292.7 293.12 293.18 293.22 294.754 294.588 294.49 294.628 294.564 294.843 292.158 0.0 0.0 292.64
2016-01-13 01:51:49.458000 2563304.173 292.76 292.7 293.13 293.18 293.22 294.754 294.588 294.491 294.629 294.562 294.844 292.159 0.0 0.0 292.64
2016-01-13 01:52:49.499000 2563364.214 292.76 292.7 293.13 293.18 293.22 294.755 294.589 294.492 294.628 294.564 294.844 292.16 0.0 0.0 292.64
2016-01-13 01:53:49.617000 2563424.332 292.76 292.7 293.13 293.18 293.22 294.754 294.589 294.493 294.629 294.564 294.845 292.159 0.0 0.0 292.64
2016-01-13 01:54:49.671000 2563484.386 292.76 292.7 293.13 293.19 293.22 294.754 294.59 294.493 294.629 294.563 294.845 292.161 0.0 0.0 292.64
2016-01-13 01:55:49.714000 2563544.429 292.76 292.7 293.13 293.19 293.22 294.755 294.59 294.494 294.632 294.565 294.846 292.161 0.0 0.0 292.64
2016-01-13 01:56:49.780000 2563604.495 292.76 292.7 293.13 293.19 293.22 294.754 294.592 294.493 294.631 294.566 294.846 292.161 0.0 0.0 292.64
2016-01-13 01:57:49.820000 2563664.535 292.76 292.71 293.13 293.19 293.22 294.755 294.591 294.494 294.632 294.567 294.847 292.161 0.0 0.0 292.64
2016-01-13 01:58:49.886000 2563724.601 292.76 292.71 293.13 293.19 293.22 294.755 294.59 294.494 294.632 294.564 294.847 292.164 0.0 0.0 292.64
2016-01-13 01:59:49.926000 2563784.641 292.76 292.71 293.14 293.19 293.22 294.756 294.592 294.494 294.632 294.566 294.847 292.165 0.0 0.0 292.64
2016-01-13 02:00:49.993000 2563844.708 292.76 292.71 293.14 293.19 293.22 294.757 294.592 294.495 294.633 294.565 294.848 292.164 0.0 0.0 292.65
2016-01-13 02:01:50.032000 2563904.747 292.76 292.71 293.14 293.2 293.22 294.756 294.592 294.495 294.632 294.566 294.85 292.165 0.0 0.0 292.65
2016-01-13 02:02:50.100000 2563964.815 292.76 292.71 293.14 293.2 293.22 294.758 294.594 294.497 294.634 294.568 294.849 292.166 0.0 0.0 292.65
2016-01-13 02:03:50.139000 2564024.854 292.76 292.71 293.14 293.2 293.22 294.76 294.594 294.499 294.634 294.568 294.849 292.167 0.0 0.0 292.65
2016-01-13 02:04:50.210000 2564084.925 292.76 292.71 293.14 293.2 293.22 294.759 294.594 294.496 294.636 294.568 294.851 292.167 0.0 0.0 292.65
2016-01-13 02:05:50.251000 2564144.966 292.76 292.71 293.14 293.2 293.22 294.76 294.595 294.498 294.636 294.568 294.851 292.166 0.0 0.0 292.65
2016-01-13 02:06:50.320000 2564205.035 292.76 292.71 293.15 293.2 293.22 294.76 294.595 294.498 294.637 294.569 294.852 292.167 0.0 0.0 292.65
2016-01-13 02:07:50.361000 2564265.076 292.77 292.71 293.15 293.2 293.22 294.76 294.596 294.498 294.635 294.57 294.853 292.168 0.0 0.0 292.65
2016-01-13 02:08:50.428000 2564325.143 292.77 292.71 293.15 293.21 293.23 294.761 294.597 294.5 294.636 294.57 294.853 292.168 0.0 0.0 292.65
2016-01-13 02:09:50.470000 2564385.185 292.77 292.71 293.15 293.21 293.23 294.761 294.598 294.5 294.638 294.572 294.854 292.17 0.0 0.0 292.65
2016-01-13 02:10:50.536000 2564445.251 292.77 292.71 293.15 293.21 293.23 294.762 294.598 294.502 294.639 294.573 294.853 292.17 0.0 0.0 292.65
2016-01-13 02:11:50.578000 2564505.293 292.77 292.71 293.16 293.21 293.23 294.762 294.598 294.502 294.641 294.572 294.854 292.171 0.0 0.0 292.65
2016-01-13 02:12:50.644000 2564565.359 292.77 292.71 293.16 293.21 293.23 294.763 294.598 294.503 294.639 294.573 294.855 292.17 0.0 0.0 292.65
2016-01-13 02:13:50.686000 2564625.401 292.77 292.71 293.16 293.21 293.23 294.763 294.6 294.505 294.641 294.574 294.857 292.17 0.0 0.0 292.65
2016-01-13 02:14:50.752000 2564685.467 292.77 292.71 293.16 293.21 293.23 294.764 294.599 294.503 294.642 294.575 294.857 292.172 0.0 0.0 292.65
2016-01-13 02:15:50.793000 2564745.508 292.77 292.71 293.16 293.21 293.23 294.763 294.601 294.505 294.642 294.575 294.857 292.175 0.0 0.0 292.66
2016-01-13 02:16:50.860000 2564805.575 292.77 292.72 293.16 293.22 293.23 294.765 294.601 294.505 294.642 294.577 294.856 292.175 0.0 0.0 292.65
2016-01-13 02:17:50.901000 2564865.616 292.77 292.72 293.16 293.22 293.23 294.764 294.602 294.506 294.644 294.575 294.858 292.174 0.0 0.0 292.66
2016-01-13 02:18:50.968000 2564925.683 292.77 292.72 293.17 293.22 293.23 294.764 294.603 294.508 294.643 294.577 294.859 292.175 0.0 0.0 292.66
2016-01-13 02:19:51.009000 2564985.724 292.77 292.72 293.17 293.22 293.23 294.765 294.601 294.507 294.644 294.578 294.86 292.176 0.0 0.0 292.66
2016-01-13 02:20:51.076000 2565045.791 292.77 292.72 293.17 293.22 293.23 294.765 294.603 294.508 294.645 294.577 294.861 292.177 0.0 0.0 292.66
2016-01-13 02:21:51.117000 2565105.832 292.77 292.72 293.17 293.23 293.24 294.766 294.604 294.509 294.646 294.578 294.861 292.178 0.0 0.0 292.66
2016-01-13 02:22:51.184000 2565165.899 292.78 292.72 293.17 293.23 293.24 294.766 294.604 294.508 294.648 294.579 294.861 292.178 0.0 0.0 292.66
2016-01-13 02:23:51.226000 2565225.941 292.78 292.72 293.17 293.23 293.24 294.767 294.605 294.509 294.647 294.58 294.862 292.179 0.0 0.0 292.66
2016-01-13 02:24:51.292000 2565286.007 292.78 292.72 293.18 293.23 293.24 294.768 294.605 294.509 294.647 294.58 294.863 292.18 0.0 0.0 292.66
2016-01-13 02:25:51.334000 2565346.049 292.78 292.72 293.18 293.23 293.24 294.769 294.606 294.511 294.647 294.58 294.864 292.18 0.0 0.0 292.66
2016-01-13 02:26:51.399000 2565406.114 292.78 292.72 293.18 293.23 293.24 294.77 294.606 294.51 294.648 294.581 294.863 292.181 0.0 0.0 292.66
2016-01-13 02:27:51.442000 2565466.157 292.78 292.72 293.18 293.23 293.24 294.769 294.608 294.512 294.649 294.582 294.863 292.181 0.0 0.0 292.66
2016-01-13 02:28:51.508000 2565526.223 292.78 292.72 293.18 293.24 293.24 294.771 294.608 294.513 294.65 294.583 294.866 292.183 0.0 0.0 292.66
2016-01-13 02:29:51.551000 2565586.266 292.78 292.72 293.18 293.24 293.24 294.77 294.609 294.514 294.65 294.583 294.865 292.183 0.0 0.0 292.66
2016-01-13 02:30:51.615000 2565646.33 292.78 292.73 293.19 293.24 293.24 294.772 294.61 294.513 294.65 294.583 294.868 292.184 0.0 0.0 292.66
2016-01-13 02:31:51.657000 2565706.372 292.78 292.73 293.19 293.24 293.24 294.774 294.61 294.515 294.653 294.585 294.866 292.184 0.0 0.0 292.67
2016-01-13 02:32:51.724000 2565766.439 292.78 292.73 293.19 293.24 293.24 294.773 294.612 294.516 294.653 294.585 294.868 292.184 0.0 0.0 292.67
2016-01-13 02:33:51.766000 2565826.481 292.78 292.73 293.19 293.24 293.24 294.773 294.613 294.517 294.653 294.585 294.868 292.185 0.0 0.0 292.67
2016-01-13 02:34:51.832000 2565886.547 292.78 292.73 293.19 293.24 293.24 294.773 294.613 294.518 294.654 294.586 294.869 292.186 0.0 0.0 292.67
2016-01-13 02:35:51.873000 2565946.588 292.78 292.73 293.2 293.24 293.24 294.775 294.613 294.519 294.655 294.588 294.869 292.187 0.0 0.0 292.67
2016-01-13 02:36:51.940000 2566006.655 292.78 292.73 293.2 293.25 293.24 294.773 294.614 294.518 294.656 294.587 294.871 292.189 0.0 0.0 292.67
2016-01-13 02:37:51.982000 2566066.697 292.79 292.73 293.2 293.25 293.25 294.774 294.614 294.518 294.656 294.588 294.871 292.189 0.0 0.0 292.67
2016-01-13 02:38:52.047000 2566126.762 292.79 292.73 293.2 293.25 293.25 294.776 294.616 294.52 294.656 294.588 294.873 292.191 0.0 0.0 292.67
2016-01-13 02:39:52.089000 2566186.804 292.79 292.73 293.2 293.25 293.25 294.777 294.615 294.521 294.658 294.59 294.874 292.188 0.0 0.0 292.67
2016-01-13 02:40:52.155000 2566246.87 292.79 292.73 293.2 293.25 293.25 294.776 294.617 294.522 294.66 294.589 294.872 292.191 0.0 0.0 292.67
2016-01-13 02:41:52.197000 2566306.912 292.79 292.73 293.21 293.26 293.25 294.777 294.618 294.523 294.659 294.591 294.874 292.191 0.0 0.0 292.67
2016-01-13 02:42:52.263000 2566366.978 292.79 292.73 293.21 293.26 293.25 294.778 294.618 294.523 294.661 294.591 294.875 292.192 0.0 0.0 292.67
2016-01-13 02:43:52.305000 2566427.02 292.79 292.73 293.21 293.26 293.25 294.779 294.619 294.523 294.662 294.592 294.875 292.195 0.0 0.0 292.67
2016-01-13 02:44:52.372000 2566487.087 292.79 292.74 293.21 293.26 293.25 294.778 294.619 294.525 294.663 294.594 294.876 292.194 0.0 0.0 292.68
2016-01-13 02:45:52.414000 2566547.129 292.79 292.74 293.21 293.26 293.25 294.779 294.621 294.523 294.663 294.592 294.877 292.195 0.0 0.0 292.68
2016-01-13 02:46:52.479000 2566607.194 292.79 292.74 293.21 293.26 293.25 294.78 294.62 294.525 294.663 294.592 294.878 292.196 0.0 0.0 292.68
2016-01-13 02:47:52.520000 2566667.235 292.79 292.74 293.22 293.27 293.25 294.78 294.621 294.526 294.663 294.594 294.878 292.196 0.0 0.0 292.68
2016-01-13 02:48:52.588000 2566727.303 292.79 292.74 293.22 293.27 293.26 294.78 294.622 294.526 294.663 294.595 294.878 292.197 0.0 0.0 292.68
2016-01-13 02:49:52.629000 2566787.344 292.79 292.74 293.22 293.27 293.26 294.783 294.622 294.528 294.666 294.596 294.878 292.198 0.0 0.0 292.68
2016-01-13 02:50:52.695000 2566847.41 292.79 292.74 293.22 293.27 293.26 294.783 294.624 294.528 294.665 294.595 294.88 292.199 0.0 0.0 292.68
2016-