#Human readable time. Time (s) since start. Lakeshore temperature sensor 218 T1,3,5,6,8 and 224 C2,C3,C4,C5,D2,D3,D5,A,B
2016-08-09 14:35:10.113000 0.04 3.474 49.646 34.102 51.898 4.197 5.2232 3.9253 3.931 4.7174 9.3342 8.9023 4.0446 9.7401 9.9853 7.696 -1 9.3342
2016-08-09 14:36:11.024000 60.951 3.353 49.644 33.541 51.898 4.196 5.2514 3.9412 3.9295 4.6463 9.3954 8.9002 4.0439 9.7869 10.0767 7.695 10.2006359338 9.3954
2016-08-09 14:37:11.556000 121.483 3.325 49.636 33.969 51.891 4.197 5.2768 3.9549 3.9295 4.5963 9.4535 8.8982 4.0448 9.8317 10.1644 7.695 8.30274899925 9.4535
2016-08-09 14:38:12.149000 182.076 3.437 49.632 34.143 51.884 4.198 5.2993 3.9671 3.9298 4.56 9.5104 8.8965 4.0457 9.8745 10.2465 7.695 10.849973135 9.5104
2016-08-09 14:39:12.773000 242.7 3.374 49.625 33.412 51.885 4.2 10.2532 3.978 3.9377 4.5347 9.5676 8.8949 4.0495 9.9182 10.3319 7.695 9.74393969436 9.5676
2016-08-09 14:40:13.404000 303.331 3.327 49.627 33.839 51.88 4.209 10.5304 3.9883 3.977 4.5346 9.6224 8.8947 4.0593 9.9663 10.4194 7.698 8.12333950118 9.6224
2016-08-09 14:41:14.093000 364.02 3.381 49.623 34.164 51.876 4.216 12.7544 4.0018 4.028 4.5662 9.6777 8.8967 4.0685 10.0096 10.5008 7.702 9.86929258736 9.6777
2016-08-09 14:42:14.820000 424.747 3.432 49.621 33.357 51.873 4.242 14.6505 4.02 4.1235 4.6413 9.7213 8.9036 4.1037 10.0539 10.5844 7.712 10.5490013431 9.7213
2016-08-09 14:43:15.555000 485.482 3.36 49.616 33.688 51.869 4.273 16.3087 4.0464 4.2591 4.7546 9.5826 8.9158 4.1412 10.0973 10.3443 7.728 8.53049810849 9.5826
2016-08-09 14:44:16.308000 546.235 3.574 49.615 33.889 51.87 4.336 17.6723 4.082 4.4341 4.9067 9.3885 8.9303 4.2186 10.137 9.3189 7.758 8.39245374829 9.3885
2016-08-09 14:45:17.127000 607.054 3.526 49.614 33.487 51.866 4.388 18.7835 4.1273 4.6284 5.0775 9.2508 8.9513 4.2739 10.161 7.4179 7.791 10.0629579836 9.2508
2016-08-09 14:46:17.980000 667.907 3.413 49.614 34.169 51.857 4.399 19.6922 4.1803 4.7987 5.2342 9.0798 8.9709 4.2816 10.1685 5.4885 7.808 8.58114114557 9.0798
2016-08-09 14:47:18.853000 728.78 3.548 49.614 33.455 51.865 4.385 20.4915 4.2395 4.9397 5.3729 8.8591 8.9835 4.2675 10.1735 4.663 7.808 8.48215849733 8.8591
2016-08-09 14:48:19.759000 789.686 3.409 49.614 34.166 51.861 4.38 21.2437 4.3013 5.068 5.5051 8.6409 8.9926 4.2615 10.1759 4.4075 7.804 9.26757465184 8.6409
2016-08-09 14:49:20.673000 850.6 3.509 49.612 34.047 51.862 4.386 21.9544 4.3664 5.1985 5.6409 8.4506 9.0012 4.2692 10.1778 4.3184 7.805 9.93196903385 8.4506
2016-08-09 14:50:21.636000 911.563 3.405 49.612 33.57 51.856 4.396 22.7077 4.435 5.3251 5.7728 8.2874 9.0102 4.2801 10.1828 4.2797 7.81 8.43730612281 8.2874
2016-08-09 14:51:22.719000 972.646 3.482 49.61 33.986 51.856 4.408 23.4458 5.1358 5.4469 5.8989 8.1504 9.02 4.2941 10.1821 4.2586 7.816 8.88499936803 8.1504
2016-08-09 14:52:23.742000 1033.669 3.466 49.607 34.201 51.852 4.43 24.1186 11.1398 5.5649 6.0317 8.0339 9.0306 4.3182 10.1824 4.2559 7.827 10.3383138839 8.0339
2016-08-09 14:53:24.832000 1094.759 3.459 49.604 33.385 51.85 4.445 24.8427 12.9213 5.6747 6.1444 7.9387 9.0418 4.3351 10.2135 4.2597 7.836 8.34760137377 7.9387
2016-08-09 14:54:25.962000 1155.889 3.507 49.603 34.2 51.85 4.463 25.5908 15.2584 5.7771 6.2509 7.8604 9.0535 4.354 10.195 4.2671 7.847 10.5490013431 7.8604
2016-08-09 14:55:27.162000 1217.089 3.405 49.601 33.423 51.846 4.478 26.3166 17.025 5.8706 6.3498 7.797 9.065 4.3708 10.0077 4.3143 7.856 8.68242721972 7.797
2016-08-09 14:56:28.344000 1278.271 3.625 49.601 33.571 51.846 4.501 27.0061 18.3847 5.958 6.4439 7.7503 9.0769 4.3963 9.4391 4.3757 7.868 8.7330702568 7.7503
2016-08-09 14:57:29.550000 1339.477 3.427 49.601 34.15 51.847 4.528 27.6517 19.4719 6.0406 6.5347 7.7175 9.0897 4.426 8.4922 4.4205 7.883 9.43731274169 7.7175
2016-08-09 14:58:30.762000 1400.689 3.432 49.6 33.786 51.846 4.554 28.3322 20.3905 6.1179 6.6209 7.6934 9.1031 4.4535 7.3263 4.4272 7.899 8.88499936803 7.6934
2016-08-09 14:59:32.003000 1461.93 3.659 49.601 33.849 51.843 4.573 29.0987 21.1954 6.187 6.7003 7.6737 9.1164 4.4742 6.1994 4.4075 7.912 9.74393969436 7.6737
2016-08-09 15:00:33.194000 1523.121 3.57 49.602 34.212 51.846 4.585 29.6166 21.9114 6.2483 6.7715 7.6558 9.1289 4.4867 5.4155 4.3807 7.922 8.63178418265 7.6558
2016-08-09 15:01:34.435000 1584.362 3.489 49.603 33.48 51.848 4.593 30.1354 22.6694 6.3008 6.8344 7.6391 9.1397 4.4961 5.0066 4.3598 7.928 10.6242442911 7.6391
2016-08-09 15:02:35.726000 1645.653 3.656 49.604 33.584 51.848 4.6 30.7371 23.4346 6.3467 6.8919 7.6244 9.1493 4.5029 4.8191 4.3478 7.933 8.58114114557 7.6244
2016-08-09 15:03:37.057000 1706.984 3.45 49.605 34.144 51.848 4.607 31.3004 24.1631 6.388 6.9433 7.6115 9.1575 4.5104 4.7344 4.3426 7.938 9.55591035487 7.6115
2016-08-09 15:04:38.379000 1768.306 3.452 49.607 33.748 51.85 4.615 31.8382 24.9201 6.4262 6.9906 7.6012 9.165 4.5195 4.678 4.3415 7.942 10.5490013431 7.6012
2016-08-09 15:05:39.781000 1829.708 3.521 49.607 33.412 51.851 4.627 32.3084 25.7692 6.4632 7.0359 7.5934 9.1719 4.5338 4.6451 4.3403 7.949 8.30274899925 7.5934
2016-08-09 15:06:41.207000 1891.134 3.706 49.607 33.684 51.849 4.648 32.7279 26.574 6.501 7.0816 7.587 9.1793 4.5568 4.6288 4.3401 7.959 9.3807333784 7.587
2016-08-09 15:07:42.712000 1952.639 3.657 49.609 34.067 51.851 4.669 33.1258 27.3139 6.5391 7.1252 7.5801 9.1872 4.5793 4.6186 4.3415 7.972 10.2006359338 7.5801
2016-08-09 15:08:44.194000 2014.121 3.51 49.609 34.242 51.855 4.688 33.5005 27.9682 6.5747 7.1663 7.5751 9.1957 4.5995 4.604 4.3135 7.983 8.39245374829 7.5751
2016-08-09 15:09:45.715000 2075.642 3.469 49.612 33.935 51.854 4.704 33.8644 28.9339 6.6071 7.2034 7.5735 9.2041 4.6177 4.5929 4.3317 7.994 10.2694749088 7.5735
2016-08-09 15:10:47.266000 2137.193 3.508 49.612 33.562 51.856 4.718 34.2111 29.5924 6.6368 7.2379 7.5743 9.2121 4.6327 4.598 4.3498 8.004 8.25789662474 7.5743
2016-08-09 15:11:48.838000 2198.765 3.639 49.617 33.482 51.861 4.731 34.5482 30.2402 6.6638 7.2691 7.5763 9.2198 4.6456 4.6033 4.3642 8.012 10.407152859 7.5763
2016-08-09 15:12:50.439000 2260.366 3.7 49.617 34.017 51.861 4.741 34.878 30.9576 6.6875 7.2978 7.5794 9.2271 4.6569 4.6131 4.3777 8.019 8.07848712666 7.5794
2016-08-09 15:13:52.100000 2322.027 3.745 49.619 34.269 51.863 4.751 35.1941 31.6308 6.7097 7.3238 7.5828 9.2336 4.6672 4.6111 4.39 8.025 9.86929258736 7.5828
2016-08-09 15:14:53.761000 2383.688 3.652 49.621 34.162 51.862 4.758 35.5088 32.2262 6.7292 7.3475 7.5864 9.2397 4.6756 4.6231 4.4009 8.031 8.25789662474 7.5864
2016-08-09 15:15:55.473000 2445.4 3.498 49.621 34.213 51.864 4.765 35.8176 32.7585 6.747 7.3688 7.59 9.2448 4.6833 4.6245 4.4079 8.036 8.58114114557 7.59
2016-08-09 15:16:57.224000 2507.151 3.587 49.621 34.271 51.865 4.771 36.1148 33.256 6.763 7.3886 7.5935 9.2495 4.6894 4.6259 4.4163 8.04 10.1317969587 7.5935
2016-08-09 15:17:59.075000 2569.002 3.49 49.628 34.084 51.866 4.776 36.4218 33.7339 6.7778 7.4066 7.5968 9.2539 4.695 4.6241 4.4233 8.043 8.53049810849 7.5968
2016-08-09 15:19:00.907000 2630.834 3.522 49.627 34.248 51.868 4.78 36.7144 34.1947 6.7914 7.4237 7.5996 9.2575 4.6992 4.6269 4.4283 8.046 9.09783656199 7.5996
2016-08-09 15:20:02.738000 2692.665 3.638 49.628 34.248 51.87 4.784 37.0056 34.6315 6.8038 7.4394 7.602 9.2608 4.703 4.6241 4.4328 8.048 10.1317969587 7.602
2016-08-09 15:21:05.719000 2755.646 3.493 49.63 33.956 51.87 4.786 37.3033 35.0607 6.8155 7.454 7.6043 9.2632 4.7057 4.6209 4.4368 8.051 8.1681918757 7.6043
2016-08-09 15:22:07.620000 2817.547 3.517 49.632 33.593 51.873 4.781 37.5134 35.3627 6.8129 7.4558 7.6039 9.2631 4.6998 4.6095 4.4294 8.05 10.2694749088 7.6039
2016-08-09 15:23:09.581000 2879.508 3.602 49.632 33.885 51.876 4.775 37.6991 35.6424 6.7851 7.4355 7.601 9.2597 4.6932 4.603 4.4199 8.047 8.53049810849 7.601
2016-08-09 15:24:11.652000 2941.579 3.686 49.635 34.082 51.875 4.769 37.9089 35.9062 6.7431 7.401 7.5962 9.2543 4.6858 4.5889 4.4117 8.044 9.86929258736 7.5962
2016-08-09 15:25:13.774000 3003.701 3.732 49.635 33.91 51.878 4.758 38.0548 36.1003 6.6895 7.3541 7.5896 9.2464 4.673 4.5707 4.3963 8.038 8.48215849733 7.5896
2016-08-09 15:26:15.815000 3065.742 3.723 49.636 33.673 51.878 4.745 38.1767 36.2553 6.6151 7.2878 7.5801 9.2358 4.659 4.5511 4.3789 8.031 9.26757465184 7.5801
2016-08-09 15:27:17.866000 3127.793 3.66 49.639 33.563 51.881 4.733 38.3011 36.3927 6.5312 7.209 7.569 9.2232 4.6459 4.5334 4.3627 8.024 9.55591035487 7.569
2016-08-09 15:28:20.008000 3189.935 3.534 49.641 33.471 51.881 4.722 38.434 36.5509 6.4491 7.1291 7.5571 9.2095 4.634 4.5181 4.3492 8.017 9.61858680137 7.5571
2016-08-09 15:29:22.130000 3252.057 3.517 49.641 33.69 51.884 4.711 38.5704 36.6934 6.3725 7.0513 7.5451 9.1957 4.6227 4.5012 4.3364 8.01 8.34760137377 7.5451
2016-08-09 15:30:24.271000 3314.198 3.628 49.643 34.207 51.883 4.702 38.7027 36.8351 6.3053 6.9797 7.5329 9.1822 4.6124 4.4876 4.3238 8.004 10.2006359338 7.5329
2016-08-09 15:31:26.453000 3376.38 3.655 49.641 34.134 51.881 4.693 38.857 36.9749 6.2459 6.9141 7.521 9.1693 4.603 4.4713 4.3126 7.999 8.48215849733 7.521
2016-08-09 15:32:28.674000 3438.601 3.525 49.639 33.493 51.883 4.685 39.0096 37.1148 6.1946 6.855 7.5095 9.1566 4.5944 4.4557 4.3027 7.994 10.0629579836 7.5095
2016-08-09 15:33:30.936000 3500.863 3.481 49.64 33.666 51.882 4.678 39.162 37.2549 6.1506 6.8031 7.4984 9.1446 4.5873 4.4484 4.2938 7.989 8.07848712666 7.4984
2016-08-09 15:34:33.227000 3563.154 3.613 49.637 34.214 51.88 4.672 39.3135 37.3896 6.1131 6.7574 7.4879 9.1333 4.5801 4.4389 4.2852 7.985 8.98628544218 7.4879
2016-08-09 15:35:35.588000 3625.515 3.664 49.637 34.039 51.877 4.666 39.4815 37.5233 6.08 6.7166 7.4779 9.1228 4.5736 4.4273 4.2771 7.981 8.58114114557 7.4779
2016-08-09 15:36:37.939000 3687.866 3.494 49.635 33.57 51.875 4.661 39.6443 37.6566 6.0519 6.6807 7.4684 9.113 4.5681 4.42 4.2708 7.978 8.1681918757 7.4684
2016-08-09 15:37:40.341000 3750.268 3.53 49.634 34.263 51.876 4.656 39.8114 37.7881 6.0273 6.6495 7.4597 9.1036 4.5631 4.41 4.264 7.975 9.86929258736 7.4597
2016-08-09 15:38:42.802000 3812.729 3.634 49.632 33.557 51.876 4.652 39.9799 37.917 6.006 6.6219 7.4514 9.0952 4.5577 4.4008 4.2583 7.972 8.48215849733 7.4514
2016-08-09 15:39:45.295000 3875.222 3.452 49.632 34.077 51.875 4.648 40.1423 38.047 5.9866 6.5978 7.4436 9.087 4.5541 4.3951 4.2533 7.969 9.49389210497 7.4436
2016-08-09 15:40:47.822000 3937.749 3.693 49.631 33.873 51.873 4.644 40.3217 38.1664 5.9691 6.5768 7.4363 9.0794 4.5495 4.3907 4.2483 7.967 8.7330702568 7.4363
2016-08-09 15:41:50.388000 4000.315 3.465 49.631 33.696 51.874 4.64 40.4949 38.2953 5.9538 6.5585 7.4295 9.0724 4.546 4.3821 4.2436 7.964 8.98628544218 7.4295
2016-08-09 15:42:52.989000 4062.916 3.6 49.63 34.207 51.872 4.637 40.6727 38.421 5.9408 6.5425 7.423 9.0657 4.543 4.378 4.2398 7.962 9.3807333784 7.423
2016-08-09 15:43:55.611000 4125.538 3.448 49.629 33.465 51.873 4.635 40.8458 38.5397 5.9292 6.5288 7.4169 9.0593 4.5394 4.3715 4.2353 7.96 8.12333950118 7.4169
2016-08-09 15:44:58.242000 4188.169 3.66 49.63 34.004 51.871 4.632 41.0282 38.6622 5.9194 6.5166 7.4112 9.0533 4.5371 4.3672 4.2321 7.959 8.83435633095 7.4112
2016-08-09 15:46:00.953000 4250.88 3.487 49.628 33.519 51.874 4.63 41.2079 38.7788 5.9105 6.5063 7.4057 9.0476 4.534 4.3642 4.2293 7.957 9.93196903385 7.4057
2016-08-09 15:47:03.725000 4313.652 3.701 49.628 33.752 51.87 4.627 41.3819 38.8982 5.9032 6.497 7.4007 9.0422 4.5319 4.3632 4.2248 7.955 8.30274899925 7.4007
2016-08-09 15:48:06.586000 4376.513 3.471 49.63 33.608 51.869 4.625 41.565 39.0146 5.8967 6.4897 7.3957 9.037 4.529 4.3581 4.2228 7.954 9.55591035487 7.3957
2016-08-09 15:49:09.398000 4439.325 3.684 49.629 33.618 51.87 4.622 41.7479 39.1273 5.8912 6.4833 7.3913 9.0319 4.5261 4.3546 4.2193 7.952 8.39245374829 7.3913
2016-08-09 15:50:12.229000 4502.156 3.592 49.628 34.211 51.868 4.62 41.9343 39.2326 5.8865 6.4779 7.3869 9.0271 4.5245 4.3509 4.2168 7.951 10.1317969587 7.3869
2016-08-09 15:51:15.132000 4565.059 3.442 49.624 33.437 51.867 4.619 42.1263 39.3445 5.8829 6.4737 7.3827 9.0225 4.5219 4.3471 4.214 7.95 8.34760137377 7.3827
2016-08-09 15:52:18.093000 4628.02 3.665 49.624 33.95 51.865 4.617 42.3116 39.455 5.88 6.4701 7.3786 9.018 4.5203 4.342 4.2112 7.949 9.86929258736 7.3786
2016-08-09 15:53:21.105000 4691.032 3.686 49.621 34.219 51.863 4.685 42.2876 39.5639 14.1746 6.4515 7.3719 9.011 4.6395 4.3395 4.2069 7.956 8.48215849733 7.3719
2016-08-09 15:54:24.106000 4754.033 4.088 49.62 33.629 51.861 6.291 40.3151 39.6709 16.8764 6.9921 7.3801 9.1184 6.4348 4.3784 4.2025 8.598 9.49389210497 7.3801
2016-08-09 15:55:27.177000 4817.104 4.471 49.617 33.829 51.86 7.214 37.6336 39.7702 18.5355 7.6998 7.4044 9.3838 7.3942 4.3387 4.141 9.34 7.91097852082 7.4044
2016-08-09 15:56:30.279000 4880.206 5.121 49.647 34.032 51.891 7.553 35.1282 39.8658 19.6033 8.1443 7.4162 9.6636 7.7374 4.2669 4.0427 9.787 9.61858680137 7.4162
2016-08-09 15:57:33.420000 4943.347 4.98 49.709 34.717 51.941 7.603 32.8053 39.9481 20.317 8.3475 7.4087 9.8906 7.769 4.1458 3.911 9.975 10.3383138839 7.4087
2016-08-09 15:58:36.562000 5006.489 4.621 49.768 34.572 51.994 7.52 30.2939 39.9944 20.792 8.3897 7.3829 10.052 7.6691 3.9999 3.7603 10.007 8.83435633095 7.3829
2016-08-09 15:59:39.733000 5069.66 4.562 49.824 34.639 52.046 7.386 27.8199 40.0144 21.0905 8.3301 7.3433 10.1566 7.5096 3.835 3.5937 9.953 10.2006359338 7.3433
2016-08-09 16:00:42.965000 5132.892 4.591 49.871 34.096 52.09 7.227 25.7174 40.012 21.255 8.2059 7.2921 10.2133 7.3319 3.6539 3.4168 9.856 8.30274899925 7.2921
2016-08-09 16:01:46.216000 5196.143 4.469 49.911 34.124 52.125 7.049 23.8311 39.9886 21.347 8.0386 7.2312 10.234 7.1403 3.461 3.2337 9.733 9.61858680137 7.2312
2016-08-09 16:02:49.519000 5259.446 4.772 49.945 34.373 52.158 6.866 22.2545 39.9425 21.3836 7.8463 7.164 10.2268 6.9423 3.2618 3.046 9.599 9.09783656199 7.164
2016-08-09 16:03:52.870000 5322.797 4.676 49.979 34.33 52.19 6.693 20.9897 39.856 21.382 7.6398 7.0928 10.1997 6.7534 3.0374 2.8611 9.465 9.80661614086 7.0928
2016-08-09 16:04:56.232000 5386.159 4.591 50.005 34.344 52.217 6.528 19.8462 39.6709 21.3541 7.4361 7.0201 10.1592 6.577 2.8275 2.6873 9.348 8.78371329388 7.0201
2016-08-09 16:05:59.623000 5449.55 4.507 50.028 34.224 52.241 6.374 18.7945 39.5193 21.3102 7.2344 6.9775 10.1102 6.4104 2.7234 2.5146 9.235 10.3383138839 6.9775
2016-08-09 16:07:03.094000 5513.021 4.399 50.043 34.179 52.258 6.227 17.8154 39.2596 21.2565 7.042 6.95 10.0566 6.2521 2.5846 2.3487 9.128 8.21304425022 6.95
2016-08-09 16:08:06.576000 5576.503 4.338 50.059 34.175 52.275 6.087 16.889 38.9473 21.1975 6.8591 6.9168 9.9989 6.1014 2.4282 2.1938 9.025 10.2694749088 6.9168
2016-08-09 16:09:10.113000 5640.04 4.303 50.069 34.271 52.285 5.96 16.1618 38.6196 21.1382 6.6899 6.8698 9.9399 5.9654 2.2789 2.0842 8.928 8.03363475214 6.8698
2016-08-09 16:10:13.746000 5703.673 4.248 50.08 34.207 52.297 5.848 15.4304 38.3462 21.0805 6.536 6.8118 9.8797 5.8442 2.1495 1.97 8.842 9.61858680137 6.8118
2016-08-09 16:11:17.466000 5767.393 4.196 50.085 34.187 52.304 5.737 14.6689 38.0865 21.0235 6.3953 6.7469 9.8194 5.724 2.0257 1.8482 8.761 8.25789662474 6.7469
2016-08-09 16:12:21.195000 5831.122 3.822 50.086 34.023 52.31 5.627 13.9155 37.8225 20.9625 6.2634 6.6801 9.7579 5.6062 1.9033 1.7246 8.68 8.83435633095 6.6801
2016-08-09 16:13:24.955000 5894.882 3.765 50.088 34.068 52.313 5.519 13.1782 37.5675 20.8981 6.1373 6.6149 9.6976 5.4892 1.7813 1.6031 8.602 10.0629579836 6.6149
2016-08-09 16:14:28.777000 5958.704 3.746 50.085 34.627 52.311 5.414 12.4795 37.3089 20.8357 6.0157 6.5542 9.6362 5.3773 1.6603 1.4872 8.525 8.98628544218 6.5542
2016-08-09 16:15:32.606000 6022.533 3.958 50.081 34.595 52.309 5.314 11.8259 37.0596 20.7764 5.8953 6.4994 9.5745 5.2702 1.5447 1.38 8.456 9.99464548035 6.4994
2016-08-09 16:16:36.445000 6086.372 3.92 50.077 34.199 52.306 5.215 11.164 36.8958 20.7209 5.7775 6.4553 9.5115 5.1598 1.4559 1.2921 8.39 9.26757465184 6.4553
2016-08-09 16:17:40.327000 6150.254 3.641 50.069 33.843 52.297 5.116 10.5514 36.7685 20.6678 5.6624 6.4163 9.4506 5.0537 1.3733 1.2182 8.327 9.74393969436 6.4163
2016-08-09 16:18:44.239000 6214.166 3.565 50.063 34.468 52.295 5.024 9.9597 36.7023 20.6194 5.556 6.3814 9.3904 4.9545 1.3063 1.17 8.269 8.78371329388 6.3814
2016-08-09 16:19:48.201000 6278.128 3.762 50.056 34.302 52.29 4.939 9.3816 36.709 20.5738 5.4566 6.3509 9.331 4.8629 1.2595 1.1449 8.214 8.21304425022 6.3509
2016-08-09 16:20:52.242000 6342.169 3.594 50.044 33.707 52.282 4.861 8.8283 36.8079 20.5326 5.364 6.324 9.273 4.7793 1.2289 1.1311 8.164 9.93196903385 6.324
2016-08-09 16:21:56.297000 6406.224 3.484 50.034 34.267 52.272 4.791 8.3196 36.9453 20.4941 5.2805 6.3021 9.2179 4.7039 1.2113 1.1233 8.118 8.53049810849 6.3021
2016-08-09 16:23:00.375000 6470.302 3.665 50.022 34.288 52.26 4.73 7.8602 37.1013 20.4615 5.206 6.2833 9.166 4.6383 1.2001 1.1165 8.077 10.2694749088 6.2833
2016-08-09 16:24:04.520000 6534.447 3.453 50.009 33.687 52.25 4.676 7.4575 37.2854 20.4317 5.1387 6.2696 9.1167 4.5806 1.1923 1.1135 8.041 8.25789662474 6.2696
2016-08-09 16:25:08.673000 6598.6 3.529 49.992 34.414 52.236 4.631 7.1229 37.4723 20.4049 5.0807 6.2569 9.0702 4.5317 1.1872 1.1114 8.01 9.09783656199 6.2569
2016-08-09 16:26:12.867000 6662.794 3.678 49.977 33.875 52.221 4.594 6.8516 37.6569 20.3837 5.0319 6.2458 9.0268 4.4931 1.1838 1.1099 7.984 9.0412571987 6.2458
2016-08-09 16:27:17.106000 6727.033 3.451 49.963 34.376 52.207 4.565 6.6404 37.8453 20.3653 4.9915 6.2359 8.9875 4.461 1.1816 1.109 7.962 8.63178418265 6.2359
2016-08-09 16:28:21.394000 6791.321 3.655 49.95 33.942 52.196 4.543 6.4819 38.0257 20.3505 4.9599 6.2275 8.9527 4.4384 1.1799 1.1083 7.945 10.1317969587 6.2275
2016-08-09 16:29:25.742000 6855.669 3.415 49.937 34.247 52.183 4.527 6.3621 38.218 20.3384 4.9345 6.2202 8.9215 4.4204 1.1787 1.1077 7.932 8.58114114557 6.2202
2016-08-09 16:30:30.076000 6920.003 3.524 49.923 34.118 52.173 4.514 6.2711 38.3926 20.3288 4.9153 6.2137 8.8938 4.4075 1.1777 1.1073 7.922 10.1317969587 6.2137
2016-08-09 16:31:34.484000 6984.411 3.405 49.908 34.063 52.158 4.506 6.2014 38.5733 20.3216 4.9008 6.2079 8.8691 4.3975 1.1768 1.107 7.915 9.0412571987 6.2079
2016-08-09 16:32:38.926000 7048.853 3.61 49.894 33.668 52.147 4.499 6.1471 38.7446 20.3156 4.8896 6.203 8.8474 4.3908 1.176 1.1066 7.909 9.09783656199 6.203
2016-08-09 16:33:43.446000 7113.373 3.48 49.884 34.316 52.136 4.494 6.1049 38.9194 20.3111 4.8813 6.1984 8.8281 4.3853 1.1754 1.1063 7.904 9.74393969436 6.1984
2016-08-09 16:34:48.069000 7177.996 3.47 49.872 33.514 52.123 4.49 6.0714 39.0832 20.3075 4.8755 6.1943 8.8114 4.3815 1.1748 1.106 7.9 7.99010517368 6.1943
2016-08-09 16:35:52.633000 7242.56 3.556 49.86 33.515 52.115 4.489 6.0449 39.2565 20.3047 4.8713 6.1905 8.7963 4.3797 1.1742 1.1058 7.897 9.74393969436 6.1905
2016-08-09 16:36:57.252000 7307.179 3.526 49.85 34.314 52.102 4.486 6.0232 39.4099 20.3023 4.8685 6.1871 8.7831 4.3767 1.1737 1.1055 7.895 8.21304425022 6.1871
2016-08-09 16:38:01.893000 7371.82 3.423 49.838 33.701 52.092 4.485 6.0056 39.576 20.3007 4.8661 6.1839 8.7711 4.3757 1.1731 1.1053 7.893 9.80661614086 6.1839
2016-08-09 16:39:06.545000 7436.472 3.639 49.83 33.813 52.085 4.484 5.9899 39.7264 20.2993 4.8651 6.181 8.7606 4.3745 1.1727 1.1051 7.891 8.03363475214 6.181
2016-08-09 16:40:11.352000 7501.279 3.603 49.819 33.987 52.075 4.483 5.9771 39.8809 20.2985 4.8641 6.178 8.751 4.3731 1.1722 1.1049 7.889 9.99464548035 6.178
2016-08-09 16:41:17.703000 7567.63 3.49 49.809 34.269 52.065 4.453 5.5661 40.051 20.2871 11.7303 6.1823 8.7415 4.3377 1.2146 1.4368 7.879 8.1681918757 6.1823
2016-08-09 16:42:22.563000 7632.49 3.428 49.804 33.648 52.06 4.458 5.4381 39.9275 20.2833 15.6339 6.1992 8.7288 4.409 1.2637 1.5662 7.862 8.88499936803 6.1992
2016-08-09 16:43:27.464000 7697.391 4.142 49.792 33.455 52.046 6.273 6.7224 20.0628 20.471 17.5529 6.2415 8.9307 6.3056 0.9771 1.5902 8.775 9.93196903385 6.2415
2016-08-09 16:44:32.397000 7762.324 3.881 49.793 33.798 52.054 5.413 6.1487 9.5798 20.4589 18.7247 6.2413 9.0526 5.3259 0.4958 1.5905 8.639 7.91097852082 6.2413
2016-08-09 16:45:45.654000 7835.581 3.588 49.842 33.622 52.087 4.738 5.6695 6.0271 20.4 19.4547 6.2281 9.0218 4.6218 0.4445 1.6095 8.219 9.99464548035 6.2281
2016-08-09 16:46:50.604000 7900.531 3.656 49.84 33.68 52.087 4.571 5.4934 5.5686 20.365 19.9426 6.2247 8.9622 4.4548 0.4383 1.6193 8.029 8.12333950118 6.2247
2016-08-09 16:47:55.616000 7965.543 3.654 49.824 33.789 52.075 4.509 5.3969 5.4283 20.3411 20.3156 6.223 8.9058 4.3936 0.4359 1.6244 7.943 9.61858680137 6.223
2016-08-09 16:49:00.687000 8030.614 3.625 49.812 33.916 52.063 4.478 5.3332 5.3611 20.3223 20.6164 6.2215 8.8571 4.363 0.4345 1.6268 7.902 8.21304425022 6.2215
2016-08-09 16:50:05.844000 8095.771 3.567 49.8 34.179 52.053 4.461 5.2879 5.318 20.3082 20.8584 6.2199 8.8159 4.3455 0.4333 1.628 7.882 8.48215849733 6.2199
2016-08-09 16:51:11.020000 8160.947 3.632 49.79 34.249 52.044 4.449 5.2539 5.2843 20.298 21.0469 6.2182 8.7818 4.3339 0.4323 1.6285 7.87 8.12333950118 6.2182
2016-08-09 16:52:16.229000 8226.156 3.618 49.782 33.874 52.035 4.442 5.227 5.257 20.2894 21.1823 6.2164 8.7535 4.3264 0.4314 1.6288 7.862 10.2694749088 6.2164
2016-08-09 16:53:21.477000 8291.404 3.499 49.772 34.063 52.025 4.436 5.2054 5.2337 20.2832 21.2938 6.2145 8.7305 4.3206 0.4307 1.6287 7.857 8.43730612281 6.2145
2016-08-09 16:54:26.764000 8356.691 3.603 49.762 33.616 52.019 4.432 5.1881 5.2136 20.2778 21.387 6.2127 8.7114 4.3158 0.4302 1.6287 7.853 9.49389210497 6.2127
2016-08-09 16:55:32.165000 8422.092 3.43 49.755 33.509 52.011 4.428 5.1733 5.1947 20.2745 21.4644 6.2106 8.6952 4.3124 0.4296 1.6286 7.85 8.25789662474 6.2106
2016-08-09 16:56:37.542000 8487.469 3.387 49.751 33.969 52.005 4.424 5.1601 5.1776 20.2713 21.5292 6.2086 8.6813 4.3089 0.4292 1.6286 7.847 9.80661614086 6.2086
2016-08-09 16:57:43.014000 8552.941 3.493 49.744 34.235 52.001 4.421 5.1489 5.1614 20.2689 21.5823 6.2065 8.6696 4.3052 0.4289 1.6284 7.844 7.95054184725 6.2065
2016-08-09 16:58:48.550000 8618.477 3.608 49.738 33.873 51.994 4.42 5.1397 5.147 20.2669 21.6257 6.2043 8.6592 4.3028 0.4287 1.6283 7.842 9.15441592527 6.2043
2016-08-09 16:59:54.101000 8684.028 3.546 49.729 33.456 51.985 4.418 5.1325 5.1345 20.2653 21.661 6.2023 8.65 4.3015 0.4283 1.6282 7.84 8.48215849733 6.2023
2016-08-09 17:00:59.711000 8749.638 3.414 49.72 33.623 51.978 4.417 5.1254 5.122 20.2636 21.6914 6.2001 8.6418 4.3001 0.4281 1.628 7.838 9.74393969436 6.2001
2016-08-09 17:02:05.402000 8815.329 3.393 49.715 34.1 51.971 4.415 5.1191 5.1098 20.2632 21.7159 6.1979 8.6345 4.2984 0.4279 1.6279 7.837 8.34760137377 6.1979
2016-08-09 17:03:11.162000 8881.089 3.596 49.71 33.579 51.963 4.413 5.1134 5.0983 20.2623 21.7364 6.1958 8.6276 4.2953 0.4278 1.6277 7.835 8.78371329388 6.1958
2016-08-09 17:04:17.046000 8946.973 3.405 49.704 34.153 51.959 4.412 5.1084 5.0873 20.2617 21.7534 6.1938 8.6215 4.295 0.4278 1.6277 7.833 9.32415401512 6.1938
2016-08-09 17:05:22.988000 9012.915 3.579 49.698 33.503 51.952 4.41 5.1037 5.077 20.2611 21.7656 6.1918 8.6158 4.293 0.428 1.6276 7.832 7.87141519439 6.1918
2016-08-09 17:06:28.917000 9078.844 3.402 49.693 33.492 51.949 4.409 5.0992 5.0666 20.2607 21.7777 6.1896 8.6103 4.2911 0.4279 1.6274 7.83 9.3807333784 6.1896
2016-08-09 17:07:34.904000 9144.831 3.562 49.689 34.105 51.942 4.408 5.0956 5.0579 20.2602 21.7876 6.1875 8.6052 4.2907 0.4279 1.6272 7.829 9.80661614086 6.1875
2016-08-09 17:08:40.842000 9210.769 3.421 49.683 33.499 51.938 4.406 5.0912 5.0476 20.2597 21.7953 6.1856 8.6004 4.2881 0.4279 1.6271 7.828 8.34760137377 6.1856
2016-08-09 17:09:46.662000 9276.589 3.555 49.681 34.08 51.935 4.405 5.0874 5.0385 20.2594 21.8006 6.1833 8.5955 4.2865 0.428 1.6269 7.826 10.3383138839 6.1833
2016-08-09 17:10:52.383000 9342.31 3.406 49.674 33.58 51.927 4.404 5.0841 5.0281 20.2592 21.8056 6.1813 8.5908 4.2855 0.4288 1.6269 7.825 8.43730612281 6.1813
2016-08-09 17:11:58.036000 9407.963 3.392 49.665 34.084 51.917 4.403 5.0814 5.0191 20.2589 21.809 6.1793 8.5865 4.2846 0.429 1.6269 7.824 8.30274899925 6.1793
2016-08-09 17:13:03.687000 9473.614 3.531 49.657 34.141 51.912 4.403 5.0785 5.0107 20.2586 21.8122 6.1773 8.5823 4.2843 0.4291 1.6268 7.823 10.2006359338 6.1773
2016-08-09 17:14:09.439000 9539.366 3.426 49.654 33.451 51.906 4.402 5.0761 5.0022 20.2582 21.8155 6.1752 8.5781 4.283 0.4292 1.6267 7.822 8.43730612281 6.1752
2016-08-09 17:15:15.170000 9605.097 3.386 49.649 33.938 51.9 4.401 5.0737 4.9946 20.2579 21.8179 6.1731 8.574 4.2821 0.4291 1.6265 7.821 9.80661614086 6.1731
2016-08-09 17:16:20.992000 9670.919 3.623 49.643 33.693 51.897 4.4 5.0712 4.9858 20.2569 21.8201 6.171 8.5701 4.2813 0.4294 1.6264 7.82 8.98628544218 6.171
2016-08-09 17:17:26.853000 9736.78 3.383 49.641 33.382 51.892 4.398 5.0685 4.9781 20.2568 21.8217 6.169 8.5662 4.2788 0.4295 1.6263 7.818 9.99464548035 6.169
2016-08-09 17:18:32.696000 9802.623 3.491 49.637 34.171 51.886 4.397 5.0661 4.9701 20.2566 21.8229 6.1669 8.5623 4.2789 0.4297 1.6262 7.817 8.53049810849 6.1669
2016-08-09 17:19:38.777000 9868.704 3.445 49.629 33.363 51.88 4.397 5.0645 4.9635 20.2563 21.8241 6.1648 8.5585 4.278 0.4297 1.6261 7.816 9.74393969436 6.1648
2016-08-09 17:20:44.709000 9934.636 3.52 49.625 34.159 51.876 4.395 5.0616 4.9553 20.2561 21.8248 6.1628 8.5548 4.2767 0.4296 1.6259 7.815 8.30274899925 6.1628
2016-08-09 17:21:50.710000 10000.637 3.471 49.623 33.371 51.874 4.394 5.0595 4.9484 20.2558 21.8235 6.1607 8.5512 4.2746 0.4293 1.6257 7.814 9.80661614086 6.1607
2016-08-09 17:22:56.742000 10066.669 3.476 49.619 34.181 51.87 4.393 5.0569 4.941 20.2556 21.8244 6.1586 8.5473 4.274 0.429 1.6256 7.813 8.43730612281 6.1586
2016-08-09 17:24:02.803000 10132.73 3.445 49.619 33.4 51.867 4.391 5.0543 4.9335 20.2552 21.8248 6.1565 8.5436 4.2713 0.4294 1.6256 7.811 8.1681918757 6.1565
2016-08-09 17:25:08.927000 10198.854 3.617 49.613 33.629 51.863 4.39 5.052 4.9224 20.255 21.8251 6.1543 8.5399 4.2711 0.4384 1.6255 7.81 9.3807333784 6.1543
2016-08-09 17:26:15.077000 10265.004 3.378 49.609 34.01 51.859 4.372 5.0427 4.5213 20.2531 21.8104 6.1545 8.5355 4.2484 1.0986 1.6414 7.803 8.53049810849 6.1545
2016-08-09 17:27:21.459000 10331.386 3.385 49.605 33.581 51.853 4.33 5.044 4.0063 20.249 21.787 6.1628 8.5267 4.2035 2.0893 1.6717 7.782 8.93564240511 6.1628
2016-08-09 17:28:27.580000 10397.507 3.538 49.599 34.0 51.849 4.315 5.0687 3.874 20.2469 21.7841 6.17 8.5162 4.1862 2.7037 1.6829 7.768 8.39245374829 6.17
2016-08-09 17:29:33.702000 10463.629 3.378 49.596 33.575 51.843 4.31 5.0939 3.8234 20.2456 21.7849 6.1743 8.5066 4.1802 3.1782 1.6869 7.761 8.63178418265 6.1743
2016-08-09 17:30:39.893000 10529.82 3.457 49.591 33.962 51.839 4.309 5.1151 3.8016 20.2449 21.7867 6.1768 8.4983 4.1798 3.5673 1.6888 7.758 8.63178418265 6.1768
2016-08-09 17:31:46.106000 10596.033 3.401 49.586 34.155 51.833 4.309 5.1329 3.7901 20.2443 21.7884 6.1781 8.4913 4.1797 3.8987 1.6899 7.757 8.1681918757 6.1781
2016-08-09 17:32:52.347000 10662.274 3.359 49.581 33.349 51.829 4.31 5.1479 3.7845 20.244 21.789 6.1788 8.4855 4.1811 4.1857 1.6908 7.757 9.80661614086 6.1788
2016-08-09 17:33:58.679000 10728.606 3.594 49.578 33.684 51.825 4.311 5.1602 3.7805 20.2439 21.7892 6.1791 8.4803 4.1824 4.4391 1.6917 7.757 8.43730612281 6.1791
2016-08-09 17:35:06.071000 10795.998 3.373 49.571 33.699 51.82 4.312 5.1713 3.7776 20.2432 21.7911 6.1788 8.4758 4.1837 4.6678 1.6925 7.757 9.61858680137 6.1788
