#Human readable time. Time (s) since start. Lakeshore temperature sensor 218 T1,3,5,6,8 and 224 C2,C3,C4,C5,D2,D3,D5,A,B
2016-10-17 10:33:29.647000 0.0 3.394 49.873 33.386 52.2 4.193 4.2728 3.6226 27.817 26.7999 6.1304 7.4564 4.083 10.0246 6.2699 8.043 -1 15.5655
2016-10-17 10:34:30.367000 60.72 3.438 49.871 33.774 52.198 4.184 4.197 3.6117 27.816 26.7948 6.2705 7.4512 4.0744 10.0646 6.582 8.037 6.95472689064 15.5751
2016-10-17 10:35:30.707000 121.06 3.36 49.869 34.175 52.195 4.176 4.1346 3.6007 24.4535 23.8591 6.4069 7.4466 4.0659 10.1053 6.8675 8.032 6.95472689064 15.5773
2016-10-17 10:36:31.097000 181.45 3.785 49.867 34.134 52.19 4.882 14.5507 5.0961 22.1153 22.0129 6.5685 7.5463 5.2578 10.1499 7.18 8.351 7.59447190937 15.5838
2016-10-17 10:37:31.507000 241.86 4.302 49.861 33.836 52.187 6.003 18.8372 5.9934 19.554 20.2696 6.9345 7.9044 6.0818 10.189 7.2641 8.853 7.40778273543 15.5816
2016-10-17 10:38:31.958000 302.311 4.342 49.875 34.331 52.201 6.259 22.3903 6.2221 17.1777 18.5709 7.4329 8.3931 6.3276 10.2351 7.2651 9.176 6.79852642562 15.5866
2016-10-17 10:39:32.458000 362.811 4.322 49.913 34.156 52.237 6.006 27.3567 5.9078 15.1781 16.9831 7.8566 8.8721 6.04 10.2743 6.9693 9.207 7.3018724874 15.5936
2016-10-17 10:40:32.998000 423.351 4.09 49.954 33.76 52.272 5.764 32.2226 5.6536 13.8234 15.7128 8.1769 9.304 5.789 10.324 6.5594 9.092 7.40778273543 15.6058
2016-10-17 10:41:33.538000 483.891 3.88 49.984 33.783 52.3 5.731 35.3029 5.658 13.2033 14.8817 8.4391 9.7165 5.7594 10.3666 6.3344 9.025 7.19596223936 15.6186
2016-10-17 10:42:34.118000 544.471 3.864 50.002 34.076 52.315 5.792 37.751 5.771 13.1272 14.5132 8.6802 10.1151 5.8282 10.4138 6.2576 9.025 6.98596698365 15.6398
2016-10-17 10:43:34.768000 605.131 4.22 50.014 34.15 52.33 5.883 39.8497 5.9045 13.3806 14.4872 8.9091 10.4782 5.9299 10.4581 6.2547 9.064 6.89224670463 15.6509
2016-10-17 10:44:35.438000 665.791 4.181 50.033 33.741 52.345 5.99 41.6975 6.0408 13.7809 14.6719 9.127 10.8157 6.0481 10.5035 6.2832 9.125 7.19596223936 15.6708
2016-10-17 10:45:36.138000 726.491 4.032 50.051 33.879 52.363 6.103 43.3424 6.1673 14.2257 14.9616 9.3287 11.1201 6.1706 10.5529 6.3234 9.196 7.40778273543 15.699
2016-10-17 10:46:36.848000 787.201 4.314 50.068 34.462 52.381 6.221 44.8377 6.3009 14.6655 15.3005 9.5148 11.3906 6.3003 10.5935 6.3782 9.273 7.33717590341 15.7279
2016-10-17 10:47:37.598000 847.951 4.487 50.092 34.238 52.407 6.337 46.2113 6.443 15.0824 15.6364 9.6893 11.6293 6.4367 10.6429 6.4513 9.355 7.3018724874 15.7547
2016-10-17 10:48:38.398000 908.751 4.16 50.116 34.147 52.425 6.483 47.4769 6.6001 15.4752 15.9494 9.8511 11.8273 6.5844 10.6839 6.5411 9.442 6.92348679764 15.7766
2016-10-17 10:49:39.238000 969.591 4.197 50.14 34.608 52.448 6.515 48.104 6.612 15.7518 16.1868 9.9224 11.8883 6.6119 10.7264 6.5354 9.501 6.95472689064 15.8141
2016-10-17 10:50:40.089000 1030.442 4.455 50.166 33.944 52.473 6.486 48.2095 6.554 15.7396 16.2157 9.8801 11.7717 6.5754 10.7687 6.4857 9.518 7.40778273543 15.8241
2016-10-17 10:51:41.019000 1091.372 4.115 50.192 34.598 52.497 6.383 48.4253 6.4139 15.4352 16.0277 9.7866 11.6373 6.4591 10.8035 6.3877 9.485 7.37247931942 15.8532
2016-10-17 10:52:41.949000 1152.302 4.431 50.217 34.115 52.52 6.228 48.8275 6.2249 14.9288 15.694 9.6661 11.5495 6.2889 10.8433 6.2388 9.412 7.12535540734 15.8664
2016-10-17 10:53:42.919000 1213.282 4.163 50.237 33.92 52.536 6.056 49.3208 6.0302 14.3293 15.25 9.5252 11.4547 6.1016 10.8729 6.0527 9.313 6.95472689064 15.8898
2016-10-17 10:54:43.949000 1274.302 4.254 50.251 34.675 52.555 5.895 49.8376 5.8474 13.7157 14.7576 9.3718 11.3423 5.9293 10.9047 5.8698 9.206 7.47838956745 15.8953
2016-10-17 10:55:44.989000 1335.342 3.851 50.265 33.905 52.566 5.76 50.35 5.6998 13.1473 14.2715 9.2103 11.2147 5.7843 10.9323 5.7 9.108 7.19596223936 15.9217
2016-10-17 10:56:46.069000 1396.422 4.133 50.272 34.287 52.575 5.649 50.8372 5.5923 12.6398 13.8055 9.048 11.0756 5.6661 10.958 5.5559 9.023 7.23126565537 15.9258
2016-10-17 10:57:47.169000 1457.522 3.765 50.279 34.182 52.579 5.524 51.0136 5.4679 12.1657 13.3496 8.8634 10.9118 5.5308 10.9867 5.3803 8.939 7.37247931942 15.9472
2016-10-17 10:58:48.319000 1518.672 3.958 50.281 34.435 52.583 5.377 50.8533 5.3775 11.6054 12.8356 8.6505 10.7147 5.4056 11.0068 5.2134 8.858 7.01944515931 15.9502
2016-10-17 10:59:49.519000 1579.872 3.69 50.278 33.96 52.583 5.024 50.6127 5.3491 10.9648 12.2598 8.4312 10.4956 5.2913 11.029 5.0739 8.783 7.40778273543 15.9675
2016-10-17 11:00:50.739000 1641.092 3.82 50.272 33.802 52.577 5.095 50.384 5.3909 10.2923 11.6426 8.2208 10.2742 5.1887 11.0495 4.9729 8.71 7.51534525651 15.9813
2016-10-17 11:01:52.060000 1702.413 3.637 50.265 34.494 52.567 4.798 50.1503 5.5006 9.6074 11.009 8.0221 10.0456 5.1028 11.0684 4.8718 8.652 7.40778273543 15.9886
2016-10-17 11:02:53.350000 1763.703 3.583 50.254 34.082 52.56 5.05 49.9214 5.6345 8.9526 10.3803 7.8384 9.8215 5.0221 11.0873 4.7788 8.6 7.37247931942 16.0128
2016-10-17 11:03:54.690000 1825.043 3.753 50.242 34.336 52.551 4.979 49.6967 5.7579 8.3395 9.7504 7.667 9.6036 4.946 11.0981 4.6874 8.553 7.16065882335 16.0098
2016-10-17 11:04:56.050000 1886.403 3.57 50.234 34.451 52.541 4.948 49.8103 5.8847 7.8632 9.1983 7.5209 9.4099 4.9147 11.1161 4.6417 8.519 6.98596698365 16.022
2016-10-17 11:05:57.460000 1947.813 3.567 50.223 33.959 52.531 4.622 50.3786 26.2276 7.7178 8.9185 7.4176 9.2614 4.9691 10.3188 4.6741 8.52 7.09005199133 16.0189
2016-10-17 11:06:58.920000 2009.273 3.689 50.215 33.649 52.522 4.813 51.1292 35.493 7.8605 8.8968 7.3772 9.1759 5.043 7.2261 4.7426 8.55 6.98596698365 16.015
2016-10-17 11:08:00.370000 2070.723 3.872 50.204 34.015 52.514 5.073 51.6109 40.986 8.0776 8.9914 7.376 9.133 5.0522 5.6909 4.7503 8.57 6.95472689064 15.9856
2016-10-17 11:09:01.890000 2132.243 3.734 50.194 34.397 52.506 5.047 51.6797 45.8454 8.1281 9.0119 7.3956 9.1123 5.0243 5.2695 4.7253 8.567 7.19596223936 15.9539
2016-10-17 11:10:03.420000 2193.773 3.584 50.186 34.372 52.501 5.012 51.6464 50.3217 8.0629 8.9694 7.4411 9.1201 4.987 5.0679 4.689 8.551 7.16065882335 15.9213
2016-10-17 11:11:04.980000 2255.333 3.577 50.179 33.773 52.492 4.947 51.5369 52.1986 7.9324 8.8844 7.4499 9.112 4.9149 4.87 4.6304 8.519 7.09005199133 15.8827
2016-10-17 11:12:06.590000 2316.943 3.736 50.171 33.718 52.486 4.893 51.4141 52.3705 7.7158 8.7204 7.3984 9.0534 4.8571 4.7711 4.5769 8.487 7.44308615144 15.8523
2016-10-17 11:13:08.250000 2378.603 3.752 50.164 34.061 52.478 4.839 51.2842 52.2046 7.4327 8.4843 7.3227 8.9642 4.7958 4.7011 4.5276 8.456 7.37247931942 15.8128
2016-10-17 11:14:09.911000 2440.264 3.767 50.153 33.891 52.468 4.79 51.1815 51.99 7.1244 8.2049 7.238 8.8587 4.7445 4.6421 4.4842 8.426 6.92348679764 15.7795
2016-10-17 11:15:11.611000 2501.964 3.654 50.145 34.28 52.458 4.756 51.0779 51.771 6.8245 7.9112 7.1512 8.7455 4.7072 4.5958 4.4427 8.402 7.09005199133 15.7404
2016-10-17 11:16:13.351000 2563.704 3.718 50.132 34.342 52.448 4.724 50.9858 51.5447 6.5488 7.6208 7.0674 8.636 4.6726 4.5536 4.4036 8.381 7.47838956745 15.6964
2016-10-17 11:17:15.101000 2625.454 3.52 50.121 34.358 52.436 4.448 50.8932 51.33 6.3045 7.3414 6.9862 8.5284 4.6415 4.5193 4.3677 8.363 6.89224670463 15.6642
2016-10-17 11:18:16.931000 2687.284 3.482 50.111 33.823 52.425 4.67 50.8035 51.1147 6.0926 7.0828 6.9116 8.4296 4.6137 4.4778 4.3378 8.346 7.26656907139 15.6221
2016-10-17 11:19:18.761000 2749.114 3.459 50.099 33.994 52.415 4.631 50.7317 50.8956 5.9025 6.8476 6.8421 8.3375 4.5894 4.4439 4.3087 8.331 6.95472689064 15.5914
2016-10-17 11:20:20.611000 2810.964 3.458 50.084 34.267 52.403 4.627 50.6555 50.6808 5.7313 6.6366 6.7792 8.2529 4.567 4.416 4.2811 8.318 6.89224670463 15.5596
2016-10-17 11:21:22.531000 2872.884 3.518 50.076 34.325 52.394 4.608 50.5832 50.4587 5.5807 6.4528 6.7232 8.1788 4.5469 4.3887 4.2558 8.306 7.09005199133 15.5174
2016-10-17 11:22:24.481000 2934.834 3.446 50.065 33.975 52.385 4.592 50.5174 50.2504 5.4495 6.2915 6.6733 8.1117 4.5284 4.3618 4.2315 8.295 7.37247931942 15.4856
2016-10-17 11:23:26.441000 2996.794 3.441 50.057 34.266 52.38 4.57 50.4533 50.0384 5.3349 6.1511 6.6284 8.0514 4.5114 4.3417 4.2097 8.285 7.37247931942 15.4512
2016-10-17 11:24:28.471000 3058.824 3.469 50.045 34.289 52.363 4.562 50.3949 49.8171 5.2336 6.0268 6.5884 7.9977 4.4959 4.3218 4.1884 8.275 7.3018724874 15.42
2016-10-17 11:25:30.462000 3120.815 3.485 50.038 34.294 52.355 4.549 50.3377 49.6148 5.146 5.913 6.5533 7.9506 4.4816 4.3008 4.1694 8.266 6.76728633261 15.3827
2016-10-17 11:26:32.492000 3182.845 4.136 50.026 34.22 52.347 6.344 49.4367 49.7413 17.6163 6.2765 6.5283 7.9693 6.5951 4.4007 4.2634 8.658 7.26656907139 15.3523
2016-10-17 11:27:34.552000 3244.905 5.492 50.005 34.029 52.327 8.432 44.787 50.0362 21.2848 7.961 6.5933 8.5311 8.7221 4.4235 4.2226 10.116 7.05474857532 15.3141
2016-10-17 11:28:36.692000 3307.045 5.204 50.021 34.26 52.348 8.743 41.5576 50.3865 23.4772 8.7589 6.641 9.0848 9.0204 4.3808 4.1667 10.812 6.98596698365 15.2887
2016-10-17 11:29:38.822000 3369.175 5.132 50.121 34.747 52.444 8.684 39.0278 50.368 24.9452 9.0861 6.6499 9.4622 8.9424 4.2824 4.0718 11.055 7.33717590341 15.2478
2016-10-17 11:30:40.992000 3431.345 5.052 50.233 35.001 52.542 8.521 36.6834 50.1529 26.1326 9.1768 6.6327 9.7053 8.7599 4.1664 3.9475 11.082 6.92348679764 15.2181
2016-10-17 11:31:43.192000 3493.545 5.521 50.33 34.856 52.627 8.318 34.4732 49.9058 26.9385 9.1371 6.5962 9.852 8.5174 4.0289 3.8109 11.002 6.82976651862 15.1824
2016-10-17 11:32:45.452000 3555.805 5.428 50.409 34.599 52.697 8.101 32.2961 49.6368 27.502 9.0163 6.5463 9.925 8.2808 3.8707 3.6578 10.869 7.16065882335 15.1455
2016-10-17 11:33:47.752000 3618.105 4.767 50.468 34.892 52.756 7.875 29.7477 49.7123 27.8675 8.8502 6.4855 9.9465 8.0415 3.7174 3.4927 10.711 7.12535540734 15.121
2016-10-17 11:34:50.092000 3680.445 5.16 50.519 35.084 52.802 7.642 27.2602 49.9551 28.1899 8.6551 6.4168 9.9303 7.7926 3.5345 3.3192 10.542 7.16065882335 15.085
2016-10-17 11:35:52.422000 3742.775 5.104 50.561 34.657 52.844 7.415 24.9841 50.1791 28.4715 8.4433 6.3422 9.8862 7.5409 3.3367 3.1399 10.378 7.55490858294 15.0444
2016-10-17 11:36:54.812000 3805.165 4.502 50.594 34.548 52.878 7.198 23.1558 50.3955 28.6418 8.2204 6.2657 9.8217 7.3083 3.1097 2.9598 10.218 7.33717590341 15.0182
2016-10-17 11:37:57.233000 3867.586 4.605 50.622 35.064 52.907 6.973 21.5972 50.2703 28.7598 7.9877 6.2162 9.7411 7.0684 2.9821 2.7707 10.054 7.37247931942 14.9798
2016-10-17 11:38:59.683000 3930.036 4.618 50.646 34.998 52.931 6.765 20.3275 49.9144 28.8142 7.7477 6.163 9.6506 6.8472 2.8373 2.5883 9.895 6.76728633261 14.9486
2016-10-17 11:40:02.213000 3992.566 4.555 50.67 34.568 52.957 6.573 19.1734 49.4966 28.8342 7.5148 6.1087 9.5521 6.6414 2.6682 2.4136 9.745 7.05474857532 14.912
2016-10-17 11:41:04.723000 4055.076 4.388 50.682 34.805 52.968 6.399 18.1195 49.4479 28.8233 7.2948 6.0531 9.4501 6.4551 2.5021 2.2486 9.606 7.3018724874 14.8718
2016-10-17 11:42:07.263000 4117.616 4.144 50.692 34.246 52.977 6.235 17.2608 49.6277 28.7942 7.0922 5.9902 9.3469 6.281 2.3337 2.1205 9.478 6.82976651862 14.8474
2016-10-17 11:43:09.883000 4180.236 4.013 50.697 34.92 52.983 5.94 16.4919 49.8723 28.7628 6.9175 5.9089 9.2435 6.1375 2.1941 2.0155 9.376 7.19596223936 14.8032
2016-10-17 11:44:12.533000 4242.886 4.3 50.697 34.384 52.984 5.297 15.6785 50.1423 28.7258 6.7602 5.8221 9.1441 5.998 2.0645 1.8962 9.284 6.79852642562 14.7715
2016-10-17 11:45:15.223000 4305.576 4.08 50.693 34.561 52.981 5.7 14.8304 50.4222 28.6729 6.6166 5.736 9.0444 5.8616 1.9309 1.7678 9.195 7.16065882335 14.7347
2016-10-17 11:46:17.943000 4368.296 3.995 50.685 34.085 52.977 5.711 13.9856 50.3152 28.6141 6.4759 5.6565 8.9459 5.7197 1.7814 1.6342 9.106 6.76728633261 14.7049
2016-10-17 11:47:20.713000 4431.066 4.061 50.677 34.773 52.969 5.297 13.1482 50.0073 28.5477 6.3321 5.5802 8.8462 5.5798 1.6325 1.5017 9.017 7.01944515931 14.674
2016-10-17 11:48:23.593000 4493.946 3.751 50.664 34.141 52.96 5.45 12.3413 49.6987 28.4787 6.1901 5.5091 8.7457 5.441 1.4929 1.3762 8.928 6.86100661163 14.6345
2016-10-17 11:49:26.404000 4556.757 3.975 50.65 34.299 52.946 5.322 11.5338 49.4157 28.3995 6.0498 5.4473 8.6466 5.3056 1.404 1.2679 8.84 6.76728633261 14.6011
2016-10-17 11:50:29.304000 4619.657 3.699 50.632 34.744 52.93 4.654 10.7816 49.5664 28.3265 5.9126 5.3955 8.5477 5.18 1.3266 1.1876 8.757 7.09005199133 14.5668
2016-10-17 11:51:32.224000 4682.577 3.861 50.615 34.102 52.917 4.724 10.0695 49.9405 28.2587 5.7911 5.3504 8.4528 5.0596 1.2701 1.1447 8.68 7.16065882335 14.5399
2016-10-17 11:52:35.174000 4745.527 3.704 50.593 34.638 52.896 4.971 9.3788 50.3318 28.1936 5.6827 5.313 8.3634 4.9517 1.2398 1.1302 8.61 7.16065882335 14.5074
2016-10-17 11:53:38.134000 4808.487 3.526 50.571 34.253 52.875 4.901 8.7459 50.7222 28.1325 5.5886 5.2828 8.2776 4.8586 1.2265 1.125 8.548 6.86100661163 14.4739
2016-10-17 11:54:41.154000 4871.507 3.611 50.548 33.816 52.855 4.825 8.1842 50.7048 28.0763 5.5017 5.2573 8.1976 4.7736 1.2191 1.1217 8.493 6.98596698365 14.4441
2016-10-17 11:55:44.204000 4934.557 3.683 50.523 34.393 52.835 4.754 7.7052 50.4797 28.0273 5.4155 5.2357 8.1227 4.6999 1.2158 1.1203 8.448 7.01944515931 14.4147
2016-10-17 11:56:47.294000 4997.647 3.683 50.504 34.515 52.812 4.697 7.3193 50.2354 27.9936 5.3361 5.2179 8.0522 4.6387 1.2139 1.1186 8.41 6.73604623961 14.3677
2016-10-17 11:57:50.404000 5060.757 3.448 50.481 34.356 52.791 4.652 7.0216 49.9882 27.9731 5.2669 5.2048 7.9882 4.5901 1.2124 1.118 8.378 7.23126565537 14.3509
2016-10-17 11:58:53.524000 5123.877 3.493 50.457 33.723 52.771 4.617 6.7989 49.741 27.9594 5.2091 5.1936 7.9318 4.5528 1.2112 1.1175 8.353 6.7048061466 14.3178
2016-10-17 11:59:56.694000 5187.047 3.664 50.435 34.126 52.749 4.581 6.6417 49.9164 27.9499 5.1663 5.1851 7.8821 4.5285 1.2123 1.1181 8.334 7.12535540734 14.2877
2016-10-17 12:00:59.894000 5250.247 3.659 50.411 34.114 52.728 4.581 6.5289 50.2977 27.944 5.1431 5.1792 7.8394 4.5144 1.2123 1.1179 8.321 6.7048061466 14.258
2016-10-17 12:02:03.125000 5313.478 3.47 50.389 34.441 52.705 4.571 6.4453 50.6859 27.9397 5.1322 5.1746 7.8035 4.5043 1.2119 1.1179 8.312 6.92348679764 14.2264
2016-10-17 12:03:06.395000 5376.748 3.464 50.365 34.438 52.683 4.562 6.3793 50.6729 27.9356 5.1223 5.1698 7.7731 4.4939 1.2099 1.117 8.305 6.86100661163 14.1981
2016-10-17 12:04:09.705000 5440.058 3.448 50.346 33.853 52.664 4.553 6.3268 50.4458 27.9331 5.1053 5.1647 7.746 4.4839 1.2091 1.1167 8.298 6.73604623961 14.1718
2016-10-17 12:05:13.035000 5503.388 3.47 50.327 33.671 52.646 4.545 6.2861 50.2021 27.9254 5.0872 5.1604 7.7218 4.4758 1.2085 1.1164 8.292 6.86100661163 14.1456
2016-10-17 12:06:16.405000 5566.758 3.463 50.304 33.889 52.624 4.539 6.2533 49.9442 27.9251 5.0701 5.1566 7.7002 4.4689 1.208 1.1163 8.286 6.64232596059 14.1134
2016-10-17 12:07:19.805000 5630.158 3.667 50.287 33.844 52.606 4.534 6.2271 49.6928 27.9279 5.0549 5.1534 7.6811 4.4632 1.2075 1.1161 8.281 7.01944515931 14.0912
2016-10-17 12:08:23.295000 5693.648 3.667 50.268 33.852 52.589 4.531 6.2099 49.8782 27.9269 5.0459 5.1512 7.6645 4.462 1.2091 1.1168 8.278 6.89224670463 14.0551
2016-10-17 12:09:26.805000 5757.158 3.653 50.252 33.736 52.576 4.535 6.1985 50.2635 27.9273 5.049 5.1501 7.6508 4.4638 1.2091 1.1167 8.277 6.86100661163 14.0294
2016-10-17 12:10:30.335000 5820.688 3.669 50.232 33.888 52.557 4.538 6.1901 50.6569 27.9264 5.0585 5.1496 7.64 4.4669 1.2089 1.1167 8.276 6.61108586759 14.0008
2016-10-17 12:11:33.875000 5884.228 3.64 50.216 34.004 52.54 4.537 6.179 50.6395 27.9261 5.064 5.1481 7.6302 4.4656 1.2068 1.1159 8.275 6.95472689064 13.9707
2016-10-17 12:12:37.485000 5947.838 3.491 50.199 34.004 52.525 4.534 6.1676 50.4069 27.9216 5.0591 5.146 7.6206 4.4619 1.2061 1.1156 8.273 6.82976651862 13.9499
2016-10-17 12:13:41.096000 6011.449 3.482 50.186 33.532 52.511 4.53 6.1573 50.1662 27.9257 5.0504 5.1438 7.6112 4.4586 1.2055 1.1153 8.27 7.01944515931 13.9177
2016-10-17 12:14:44.696000 6075.049 3.496 50.173 33.511 52.498 4.527 6.1482 49.9169 27.9254 5.0405 5.1417 7.6021 4.4553 1.2051 1.1151 8.267 6.86100661163 13.8864
2016-10-17 12:15:48.386000 6138.739 3.498 50.161 33.514 52.487 4.469 6.1465 49.6604 27.9269 16.9992 5.1397 7.5936 4.4618 1.2048 1.115 8.265 6.6735660536 13.8666
2016-10-17 12:16:52.096000 6202.449 4.597 50.143 34.036 52.467 7.448 8.0852 27.4837 28.4823 19.6499 5.2208 8.098 7.5609 1.0856 1.0796 9.716 6.54860568158 13.8382
2016-10-17 12:17:55.846000 6266.199 4.076 50.149 34.719 52.484 6.142 7.3998 13.5699 28.3234 21.2048 5.2179 8.3336 6.1612 0.648 1.0585 9.568 6.64232596059 13.8128
2016-10-17 12:18:59.626000 6329.979 3.88 50.227 34.55 52.547 5.206 6.7536 7.5998 28.1325 22.0804 5.1816 8.2846 5.1553 0.476 1.0598 9.035 6.79852642562 13.7847
2016-10-17 12:20:03.496000 6393.849 3.699 50.251 34.343 52.564 4.387 6.1311 6.4081 28.0116 22.8139 5.1594 8.1593 4.7558 0.4635 1.3689 8.652 6.64232596059 13.7589
2016-10-17 12:21:07.326000 6457.679 3.639 50.239 33.674 52.552 4.658 5.7586 6.1245 27.9626 23.4752 5.1571 8.0343 4.5822 0.4582 1.4845 8.447 6.82976651862 13.7414
2016-10-17 12:22:11.246000 6521.599 3.445 50.22 33.957 52.54 4.557 5.5419 5.9894 27.9406 23.9507 5.1605 7.9268 4.4939 0.4555 1.54 8.346 6.89224670463 13.713
2016-10-17 12:23:15.206000 6585.559 3.497 50.2 34.367 52.519 4.52 5.4145 5.9045 27.9251 24.4451 5.165 7.8371 4.4433 0.4532 1.5727 8.292 6.61108586759 13.6862
2016-10-17 12:24:19.146000 6649.499 3.65 50.184 33.833 52.506 4.471 5.3344 5.8413 27.9077 24.8015 5.1696 7.7647 4.4129 0.4514 1.5916 8.26 6.92348679764 13.661
2016-10-17 12:25:23.187000 6713.54 3.437 50.171 33.65 52.493 4.472 5.2805 5.792 27.907 25.0848 5.1736 7.7073 4.3938 0.4502 1.6029 8.241 6.61108586759 13.6357
2016-10-17 12:26:27.197000 6777.55 3.426 50.159 34.301 52.482 4.459 5.2438 5.751 27.9 25.4037 5.1769 7.6611 4.3808 0.449 1.61 8.229 6.86100661163 13.6118
2016-10-17 12:27:31.267000 6841.62 3.622 50.148 33.903 52.471 4.451 5.2166 5.7147 27.8911 25.643 5.1794 7.6241 4.3715 0.4483 1.6146 8.221 6.57984577458 13.5851
2016-10-17 12:28:35.377000 6905.73 3.45 50.134 33.522 52.459 4.444 5.1957 5.6838 27.8908 25.8297 5.1812 7.5944 4.365 0.4476 1.6175 8.215 6.6735660536 13.564
2016-10-17 12:29:39.527000 6969.88 3.574 50.121 34.165 52.448 4.439 5.179 5.6547 27.888 25.9735 5.1827 7.5707 4.3589 0.4471 1.6193 8.211 6.7048061466 13.5403
2016-10-17 12:30:43.667000 7034.02 3.508 50.113 33.507 52.438 4.428 5.1654 5.6286 27.8856 26.1231 5.1836 7.5512 4.3547 0.4466 1.6204 8.207 6.43575542561 13.5163
2016-10-17 12:31:47.907000 7098.26 3.401 50.102 33.926 52.426 4.431 5.1536 5.6043 27.886 26.2498 5.1841 7.5349 4.3506 0.4462 1.6211 8.204 6.86100661163 13.4948
2016-10-17 12:32:52.137000 7162.49 3.616 50.09 33.79 52.417 4.428 5.1437 5.5801 27.8776 26.3509 5.1844 7.5213 4.3466 0.4462 1.6215 8.201 6.43575542561 13.4795
2016-10-17 12:33:56.467000 7226.82 3.411 50.079 33.732 52.406 4.424 5.1346 5.5579 27.8824 26.4362 5.1843 7.5096 4.3435 0.4461 1.6218 8.198 6.89224670463 13.4491
2016-10-17 12:35:00.737000 7291.09 3.633 50.07 33.808 52.396 4.422 5.1273 5.5368 27.8799 26.4997 5.1841 7.4994 4.3402 0.446 1.622 8.195 6.46204073261 13.4238
2016-10-17 12:36:05.047000 7355.4 3.401 50.062 33.5 52.387 4.419 5.1197 5.5159 27.8793 26.5606 5.1838 7.4905 4.3374 0.446 1.6222 8.193 6.57984577458 13.4118
2016-10-17 12:37:09.388000 7419.741 3.542 50.054 34.204 52.379 4.417 5.114 5.4932 27.8808 26.6081 5.1831 7.4826 4.3346 0.4469 1.6225 8.19 6.54860568158 13.3846
2016-10-17 12:38:13.808000 7484.161 3.405 50.044 33.778 52.37 4.413 5.1077 5.4725 27.8783 26.6474 5.1827 7.4753 4.3312 0.4472 1.6226 8.188 6.54860568158 13.3623
2016-10-17 12:39:18.298000 7548.651 3.623 50.036 33.857 52.365 4.412 5.1027 5.4548 27.8793 26.6794 5.1821 7.4685 4.3286 0.4472 1.6227 8.185 7.16065882335 13.3403
2016-10-17 12:40:22.838000 7613.191 3.403 50.03 34.163 52.355 4.409 5.0977 5.4373 27.8776 26.707 5.1816 7.4626 4.3265 0.4472 1.6227 8.183 6.14661704863 13.3208
2016-10-17 12:41:27.358000 7677.711 3.523 50.023 33.469 52.351 4.407 5.0931 5.4202 27.8783 26.7293 5.1806 7.4569 4.3236 0.4476 1.6227 8.181 5.98998825737 13.3027
2016-10-17 12:42:31.918000 7742.271 3.457 50.016 34.265 52.342 4.405 5.0888 5.4044 27.8776 26.7487 5.18 7.4516 4.3212 0.4478 1.6227 8.179 6.7048061466 13.2813
2016-10-17 12:43:36.478000 7806.831 3.434 50.012 33.532 52.337 4.402 5.0852 5.3894 27.8767 26.7659 5.1792 7.4466 4.3194 0.4475 1.6227 8.177 6.79852642562 13.2582
2016-10-17 12:44:41.098000 7871.451 3.588 50.006 34.002 52.331 4.401 5.081 5.3745 27.8761 26.7784 5.1783 7.442 4.317 0.4469 1.6227 8.175 6.64232596059 13.2354
2016-10-17 12:45:45.768000 7936.121 3.547 49.998 34.128 52.327 4.398 5.0779 5.3604 27.8771 26.7875 5.1775 7.4377 4.3146 0.4461 1.6228 8.173 6.54860568158 13.221
2016-10-17 12:46:50.488000 8000.841 3.403 49.995 33.782 52.321 4.397 5.0741 5.3444 27.8765 26.8008 5.1766 7.4335 4.3131 0.4481 1.6228 8.172 6.61108586759 13.1968
2016-10-17 12:47:55.188000 8065.541 3.614 49.988 33.797 52.316 4.378 5.0576 4.95 27.8691 26.7893 5.177 7.429 4.2907 1.0039 1.6287 8.167 6.51736558857 13.1773
2016-10-17 12:48:59.969000 8130.322 3.543 49.981 34.027 52.308 4.315 5.0245 4.1507 27.8611 26.7503 5.1912 7.4175 4.2229 2.1579 1.651 8.141 6.76728633261 13.1557
2016-10-17 12:50:04.779000 8195.132 3.471 49.978 33.833 52.304 4.284 5.0305 3.9092 27.8583 26.7509 5.2064 7.4008 4.1891 2.9134 1.6688 8.117 6.82976651862 13.1461
2016-10-17 12:51:09.619000 8259.972 3.384 49.974 33.548 52.298 4.274 5.0535 3.8278 27.857 26.7533 5.2158 7.386 4.1777 3.472 1.68 8.104 6.64232596059 13.1262
2016-10-17 12:52:14.489000 8324.842 3.412 49.966 33.426 52.292 4.27 5.0787 3.7932 27.8601 26.7627 5.2224 7.3739 4.1733 3.916 1.687 8.098 6.54860568158 13.115
2016-10-17 12:53:19.409000 8389.762 3.472 49.959 33.435 52.287 4.27 5.1038 3.7768 27.8554 26.7714 5.2274 7.3644 4.173 4.2909 1.6917 8.095 6.82976651862 13.1005
2016-10-17 12:54:24.319000 8454.672 3.569 49.951 33.603 52.279 4.271 5.1266 3.7687 27.8601 26.777 5.2313 7.357 4.1742 4.6079 1.695 8.094 6.46204073261 13.0852
2016-10-17 12:55:29.279000 8519.632 3.582 49.946 33.737 52.273 4.272 5.1458 3.7643 27.8615 26.7823 5.2343 7.3512 4.1758 4.8869 1.6973 8.094 6.43575542561 13.0856
2016-10-17 12:56:34.309000 8584.662 3.535 49.942 34.037 52.269 4.273 5.1622 3.761 27.8576 26.7877 5.2364 7.3464 4.1761 5.1364 1.6992 8.094 6.35689950462 13.0778
2016-10-17 12:57:39.349000 8649.702 3.48 49.939 34.187 52.267 4.274 5.1766 3.7598 27.8634 26.7913 5.2379 7.3424 4.1779 5.3616 1.7007 8.094 6.76728633261 13.0763
2016-10-17 12:58:44.399000 8714.752 3.405 49.934 34.221 52.261 4.275 5.1886 3.7581 27.8634 26.7942 5.239 7.3392 4.1793 5.5645 1.702 8.094 6.7048061466 13.0705
2016-10-17 12:59:49.549000 8779.902 3.366 49.928 34.11 52.256 4.277 5.1999 3.7578 27.8597 26.7981 5.2397 7.3363 4.1809 5.7474 1.7032 8.094 6.51736558857 13.0721
2016-10-17 13:00:54.680000 8845.033 3.359 49.923 33.926 52.251 4.278 5.21 3.7586 27.8634 26.7966 5.2403 7.3339 4.1829 5.9238 1.7041 8.094 6.43575542561 13.0727
2016-10-17 13:01:59.860000 8910.213 3.435 49.92 34.214 52.248 4.278 5.2177 3.7579 27.8639 26.803 5.2404 7.3318 4.1829 6.0787 1.7052 8.094 6.43575542561 13.0709
2016-10-17 13:03:05.070000 8975.423 3.377 49.916 34.202 52.244 4.279 5.2249 3.7563 27.8624 26.8058 5.2405 7.3298 4.1834 6.229 1.706 8.094 6.54860568158 13.0718
2016-10-17 13:04:10.330000 9040.683 3.52 49.915 34.098 52.242 4.279 5.2316 3.7567 27.8594 26.8058 5.2404 7.3277 4.1837 6.3643 1.7068 8.094 6.48832603961 13.0801
2016-10-17 13:05:15.600000 9105.953 3.468 49.91 34.212 52.239 4.279 5.2376 3.7561 27.865 26.8042 5.2403 7.3259 4.184 6.4964 1.7075 8.094 6.73604623961 13.082
2016-10-17 13:06:20.960000 9171.313 3.564 49.909 33.895 52.236 4.28 5.2432 3.756 27.8654 26.8096 5.24 7.3241 4.1845 6.6202 1.7084 8.093 6.46204073261 13.0866
2016-10-17 13:07:26.270000 9236.623 3.45 49.907 34.219 52.234 4.28 5.2481 3.7551 27.8646 26.8109 5.2396 7.3225 4.1845 6.7376 1.7092 8.093 6.76728633261 13.0868
2016-10-17 13:08:31.650000 9302.003 3.535 49.904 34.111 52.233 4.281 5.2534 3.7554 27.8604 26.8106 5.2393 7.3207 4.1854 6.8507 1.7099 8.093 6.38318481161 13.0979
2016-10-17 13:09:37.080000 9367.433 3.585 49.899 33.588 52.226 4.282 5.2587 3.7558 27.8654 26.8072 5.2388 7.3193 4.1868 6.9582 1.7107 8.093 6.73604623961 13.1034
2016-10-17 13:10:42.530000 9432.883 3.422 49.895 33.426 52.222 4.282 5.2634 3.7559 27.865 26.8118 5.2383 7.3178 4.187 7.0594 1.7111 8.093 6.64232596059 13.1126
2016-10-17 13:11:48.030000 9498.383 3.364 49.894 33.802 52.22 4.282 5.2674 3.7568 27.8654 26.8132 5.2378 7.3165 4.1876 7.1538 1.7118 8.093 6.46204073261 13.1269
2016-10-17 13:12:53.581000 9563.934 3.398 49.889 34.202 52.218 4.282 5.271 3.7557 27.8656 26.8142 5.2372 7.3151 4.1874 7.2413 1.7123 8.092 6.7048061466 13.1393
2016-10-17 13:13:59.141000 9629.494 3.528 49.889 34.067 52.213 4.283 5.275 3.7558 27.866 26.8147 5.2366 7.3138 4.188 7.331 1.7129 8.092 6.33061419762 13.1507
2016-10-17 13:15:04.771000 9695.124 3.585 49.884 33.623 52.211 4.284 5.2789 3.756 27.865 26.8132 5.236 7.3126 4.1889 7.4163 1.7133 8.092 6.43575542561 13.1523
2016-10-17 13:16:10.391000 9760.744 3.362 49.882 33.434 52.207 4.283 5.2822 3.7555 27.8607 26.8147 5.2355 7.3114 4.1883 7.4948 1.7138 8.092 6.64232596059 13.1673
2016-10-17 13:17:16.051000 9826.404 3.475 49.879 34.179 52.207 4.283 5.2853 3.7558 27.8654 26.81 5.2348 7.3099 4.1883 7.5707 1.7144 8.092 6.30432889062 13.1802
2016-10-17 13:18:21.751000 9892.104 3.578 49.878 33.823 52.204 4.283 5.2886 3.7551 27.866 26.8113 5.2341 7.3087 4.1889 7.6435 1.7148 8.091 6.64232596059 13.1869
2016-10-17 13:19:27.631000 9957.984 3.362 49.875 33.848 52.2 4.284 5.2919 3.7563 27.8664 26.8142 5.2335 7.3074 4.1893 7.7128 1.7154 8.091 6.33061419762 13.203
2016-10-17 13:20:33.381000 10023.734 3.584 49.873 34.206 52.2 4.284 5.2946 3.7561 27.8664 26.8142 5.2328 7.3063 4.1895 7.7816 1.7157 8.091 6.61108586759 13.2161
2016-10-17 13:21:39.211000 10089.564 3.505 49.872 33.459 52.195 4.284 5.2973 3.7565 27.8646 26.8155 5.2322 7.3051 4.1902 7.8469 1.7162 8.091 6.40947011861 13.2299
2016-10-17 13:22:45.041000 10155.394 3.372 49.869 34.138 52.195 4.284 5.2996 3.756 27.8654 26.8164 5.2315 7.3039 4.1896 7.9076 1.7168 8.091 6.43575542561 13.2481
2016-10-17 13:23:50.921000 10221.274 3.488 49.867 34.148 52.191 4.286 5.3028 3.757 27.8677 26.8164 5.2309 7.3028 4.1911 7.9697 1.7171 8.091 6.54860568158 13.2588
2016-10-17 13:24:56.822000 10287.175 3.401 49.863 33.467 52.187 4.285 5.305 3.7561 27.8656 26.8161 5.2302 7.3016 4.1902 8.0325 1.7174 8.09 6.51736558857 13.271
2016-10-17 13:26:02.782000 10353.135 3.511 49.863 34.127 52.185 4.285 5.3075 3.756 27.866 26.8166 5.2294 7.3005 4.1909 8.0878 1.718 8.09 6.6735660536 13.2831
2016-10-17 13:27:08.812000 10419.165 3.404 49.858 33.497 52.183 4.285 5.3098 3.7561 27.8666 26.8164 5.2289 7.2995 4.1906 8.1458 1.7184 8.09 6.86100661163 13.3032
2016-10-17 13:28:14.852000 10485.205 3.494 49.858 34.175 52.183 4.285 5.3122 3.7556 27.8654 26.817 5.2283 7.2983 4.1909 8.1951 1.7186 8.09 6.79852642562 13.3157
2016-10-17 13:29:20.872000 10551.225 3.415 49.857 33.389 52.179 4.287 5.3146 3.7572 27.8664 26.8164 5.2274 7.2972 4.192 8.2526 1.7189 8.09 6.48832603961 13.3405
2016-10-17 13:30:26.982000 10617.335 3.454 49.851 34.192 52.175 4.287 5.3171 3.7578 27.866 26.8164 5.2268 7.2962 4.1929 8.3043 1.7194 8.09 6.46204073261 13.3525
2016-10-17 13:31:33.122000 10683.475 3.368 49.85 33.406 52.173 4.287 5.3191 3.7576 27.8654 26.8173 5.2261 7.2952 4.1925 8.3522 1.7196 8.09 6.35689950462 13.3663
2016-10-17 13:32:39.362000 10749.715 3.563 49.845 33.915 52.171 4.287 5.3213 3.7576 27.8664 26.8164 5.2254 7.2943 4.1926 8.4014 1.7201 8.09 6.82976651862 13.3783
2016-10-17 13:33:45.612000 10815.965 3.436 49.848 33.74 52.17 4.287 5.3234 3.7571 27.8671 26.8157 5.2246 7.2931 4.1928 8.4494 1.7204 8.089 6.57984577458 13.3989
2016-10-17 13:34:51.952000 10882.305 3.45 49.843 33.394 52.168 4.287 5.3254 3.7571 27.8656 26.8115 5.2239 7.2921 4.1923 8.4906 1.7209 8.089 6.43575542561 13.4119
2016-10-17 13:35:58.282000 10948.635 3.578 49.84 33.83 52.164 4.288 5.3273 3.7573 27.8628 26.8124 5.2232 7.2911 4.1936 8.5354 1.721 8.089 6.46204073261 13.4334
2016-10-17 13:37:04.623000 11014.976 3.483 49.836 33.826 52.16 4.288 5.3292 3.7577 27.8622 26.8175 5.2225 7.2901 4.1936 8.5843 1.7216 8.089 6.38318481161 13.4475
2016-10-17 13:38:11.063000 11081.416 3.423 49.837 33.418 52.16 4.287 5.3308 3.7567 27.8677 26.8166 5.2217 7.289 4.1928 8.6283 1.7218 8.089 6.86100661163 13.4621
2016-10-17 13:39:17.483000 11147.836 3.588 49.836 33.649 52.159 4.287 5.3318 3.756 27.8675 26.817 5.2211 7.2877 4.1922 8.6672 1.7219 8.088 6.46204073261 13.4815
2016-10-17 13:40:23.943000 11214.296 3.533 49.835 34.031 52.156 4.287 5.3336 3.7568 27.8666 26.8175 5.2203 7.2866 4.1927 8.7112 1.7223 8.088 6.76728633261 13.4914
2016-10-17 13:41:30.453000 11280.806 3.402 49.832 34.187 52.155 4.287 5.3352 3.757 27.8671 26.8175 5.2196 7.2857 4.1934 8.7475 1.7227 8.088 6.40947011861 13.5138
2016-10-17 13:42:37.173000 11347.526 3.451 49.829 33.711 52.151 4.288 5.3373 3.7577 27.8675 26.8132 5.2189 7.2848 4.1943 8.7847 1.7229 8.088 6.6735660536 13.533
2016-10-17 13:43:43.733000 11414.086 3.362 49.826 33.377 52.149 4.289 5.3389 3.7583 27.8628 26.8173 5.2181 7.2838 4.1941 8.823 1.7232 8.088 6.64232596059 13.55
2016-10-17 13:44:50.343000 11480.696 3.401 49.825 33.469 52.147 4.289 5.3404 3.7575 27.8677 26.8185 5.2175 7.2828 4.1944 8.8621 1.7233 8.088 6.61108586759 13.5684
2016-10-17 13:45:56.973000 11547.326 3.564 49.821 33.53 52.143 4.29 5.3423 3.7591 27.8671 26.8173 5.2165 7.2818 4.1953 8.8939 1.7239 8.088 6.46204073261 13.5861
2016-10-17 13:47:03.693000 11614.046 3.446 49.819 33.954 52.142 4.289 5.3442 3.7588 27.8675 26.8183 5.2158 7.281 4.1953 8.9309 1.7241 8.088 6.46204073261 13.601
2016-10-17 13:48:10.433000 11680.786 3.593 49.819 33.677 52.141 4.289 5.3449 3.7575 27.8628 26.8183 5.215 7.2799 4.1942 8.9684 1.7242 8.087 6.25175827662 13.6183
2016-10-17 13:49:17.194000 11747.547 3.546 49.819 34.113 52.142 4.289 5.3462 3.7575 27.8675 26.8192 5.2143 7.279 4.1947 9.0029 1.7244 8.087 6.86100661163 13.6387
2016-10-17 13:50:23.994000 11814.347 3.543 49.817 34.0 52.14 4.289 5.3477 3.7591 27.8687 26.8188 5.2135 7.2779 4.1952 9.0377 1.7249 8.087 6.12033174163 13.6535
2016-10-17 13:51:30.854000 11881.207 3.558 49.814 33.933 52.136 4.287 5.2578 3.754 27.8632 26.8139 5.2228 7.277 4.1925 9.0689 2.7305 8.087 6.79852642562 13.6729
2016-10-17 13:52:37.674000 11948.027 3.435 49.811 34.215 52.136 4.264 4.9613 3.719 27.844 26.8118 5.3156 7.2759 4.1637 9.1034 3.8412 8.078 6.51736558857 13.6945
2016-10-17 13:53:44.614000 12014.967 3.502 49.814 34.103 52.136 4.239 4.7106 3.6844 27.8328 26.806 5.4476 7.2728 4.1336 9.14 4.5976 8.065 6.92348679764 13.7116
2016-10-17 13:54:51.524000 12081.877 3.542 49.812 33.899 52.132 4.22 4.5257 3.6579 27.8259 26.8021 5.5992 7.2674 4.11 9.1788 5.1762 8.053 6.48832603961 13.727
2016-10-17 13:55:58.474000 12148.827 3.567 49.81 33.664 52.133 4.205 4.3875 3.6373 27.817 26.799 5.7604 7.2612 4.0927 9.2184 5.6507 8.043 6.95472689064 13.7434
2016-10-17 13:57:05.474000 12215.827 3.52 49.806 33.493 52.13 4.194 4.2803 3.6223 27.8188 26.7975 5.9224 7.2553 4.0799 9.2635 6.0497 8.035 6.57984577458 13.7626
2016-10-17 13:58:12.464000 12282.817 3.426 49.804 33.351 52.125 4.185 4.1975 3.6116 27.8181 26.7966 6.0783 7.25 4.07 9.3069 6.3958 8.029 6.76728633261 13.7861
2016-10-17 13:59:19.514000 12349.867 3.373 49.803 33.434 52.125 4.176 4.1301 3.6015 27.8125 26.7957 6.2273 7.2454 4.0614 9.3521 6.7078 8.025 6.98596698365 13.7923
2016-10-17 14:00:26.635000 12416.988 3.339 49.8 33.702 52.12 4.171 4.0763 3.5941 27.817 26.7948 6.3747 7.2414 4.0554 9.4008 6.9911 8.021 6.43575542561 13.8104
