2016-05-30 00:00:09.670000 232425.237 3.328 59.281 34.896 62.667 3.955 9.6444 3.4654 3.7584 4.3242 3.7404 4.0825 3.7837 3.4956 3.4799 7.695 3.44438184147
2016-05-30 00:01:46.370000 232521.937 3.403 59.285 34.805 62.667 3.945 9.6366 3.4652 3.7574 4.3235 3.7405 4.0821 3.7844 3.4964 3.4801 7.695 3.41563087488
2016-05-30 00:03:23.489000 232619.056 3.366 59.284 34.88 62.666 3.954 9.6287 3.4649 3.7569 4.3233 3.7405 4.0818 3.7829 3.4963 3.4806 7.693 3.43288145483
2016-05-30 00:05:02.389000 232717.956 3.315 59.284 35.429 62.667 3.942 9.6207 3.4648 3.757 4.3233 3.7405 4.0817 3.7834 3.4968 3.4802 7.694 3.40988068156
2016-05-30 00:06:39.310000 232814.877 3.336 59.284 35.49 62.667 3.953 9.6129 3.4645 3.7561 4.3226 3.7405 4.081 3.7824 3.497 3.4808 7.693 3.42713126151
2016-05-30 00:08:16.249000 232911.816 3.404 59.283 35.51 62.666 3.53 9.605 3.4643 3.7557 4.3222 3.7404 4.0807 3.781 3.4972 3.4812 7.692 3.36021356258
2016-05-30 00:09:55.209000 233010.776 3.538 59.282 35.117 62.667 3.719 9.597 3.464 3.7558 4.3221 3.7403 4.0807 3.782 3.4969 3.4813 7.693 3.45588222811
2016-05-30 00:11:32.018000 233107.585 3.447 59.285 35.46 62.667 3.931 9.589 3.4638 3.7561 4.3225 3.7402 4.0807 3.7827 3.4978 3.4811 7.693 3.40988068156
2016-05-30 00:13:08.717000 233204.284 3.479 59.283 35.376 62.667 3.748 9.5813 3.4636 3.7563 4.3226 3.7402 4.0809 3.7829 3.4978 3.4813 7.694 3.43288145483
2016-05-30 00:14:47.437000 233303.004 3.473 59.284 35.398 62.666 3.952 9.5732 3.4634 3.7556 4.322 3.7402 4.0805 3.7815 3.4979 3.4816 7.693 3.38206920377
2016-05-30 00:16:24.475000 233400.042 3.515 59.281 35.223 62.666 3.954 9.5654 3.4634 3.7566 4.3229 3.7403 4.0809 3.7836 3.4985 3.4815 7.693 3.46738261475
2016-05-30 00:18:03.526000 233499.093 3.314 59.285 35.378 62.665 3.953 9.5572 3.4632 3.7558 4.3221 3.7402 4.0808 3.7824 3.4987 3.4818 7.695 3.38206920377
2016-05-30 00:19:40.535000 233596.102 3.32 59.284 35.482 62.666 3.953 9.5493 3.463 3.7562 4.3225 3.7403 4.0808 3.7825 3.4987 3.482 7.693 3.45588222811
2016-05-30 00:21:17.599000 233693.166 3.362 59.284 35.515 62.667 3.947 9.5413 3.4629 3.756 4.3224 3.7403 4.0807 3.7814 3.4992 3.4822 7.693 3.42138106819
2016-05-30 00:22:56.479000 233792.046 3.519 59.283 35.507 62.666 3.953 9.5334 3.4627 3.756 4.3224 3.7403 4.0807 3.7823 3.4999 3.4823 7.693 3.41563087488
2016-05-30 00:24:33.539000 233889.106 3.546 59.282 35.031 62.665 3.955 9.5254 3.4627 3.757 4.3232 3.7404 4.0811 3.7832 3.4995 3.4824 7.694 3.44438184147
2016-05-30 00:26:10.658000 233986.225 3.485 59.281 34.899 62.664 3.929 9.5177 3.4625 3.7565 4.3227 3.7404 4.0813 3.7817 3.5001 3.4825 7.695 3.31103836992
2016-05-30 00:27:49.728000 234085.295 3.331 59.284 35.129 62.664 3.953 9.5096 3.4623 3.7557 4.3223 3.7405 4.0805 3.782 3.4998 3.4825 7.694 3.46738261475
2016-05-30 00:29:26.918000 234182.485 3.46 59.283 35.438 62.666 3.953 9.5018 3.4621 3.7563 4.3225 3.7404 4.0807 3.7822 3.5002 3.4826 7.694 3.44438184147
2016-05-30 00:31:04.038000 234279.605 3.501 59.284 35.29 62.664 3.633 9.494 3.4621 3.7565 4.3227 3.7404 4.081 3.7832 3.5007 3.4827 7.694 3.35474965229
2016-05-30 00:32:43.217000 234378.784 3.448 59.283 34.836 62.664 3.955 9.4862 3.462 3.7571 4.3233 3.7406 4.0814 3.7836 3.5008 3.4827 7.695 3.51406482078
2016-05-30 00:34:20.387000 234475.954 3.314 59.284 35.373 62.666 3.849 9.4787 3.4621 3.7571 4.3232 3.7407 4.0816 3.7836 3.5009 3.4833 7.695 3.47888300138
2016-05-30 00:35:57.622000 234573.189 3.333 59.281 35.481 62.667 3.955 9.4711 3.462 3.7573 4.3234 3.7409 4.0818 3.7849 3.5008 3.4832 7.694 3.37114138318
2016-05-30 00:37:36.552000 234672.119 3.494 59.282 35.275 62.666 3.954 9.4633 3.4618 3.7569 4.323 3.7404 4.0815 3.7832 3.5014 3.4834 7.694 3.49038338802
2016-05-30 00:39:13.541000 234769.108 3.537 59.281 35.08 62.666 3.956 9.4556 3.4617 3.7574 4.3235 3.741 4.0816 3.7849 3.5014 3.4836 7.695 3.43863164815
2016-05-30 00:40:52.761000 234868.328 3.317 59.283 34.856 62.667 3.954 9.4479 3.4616 3.757 4.3232 3.7411 4.0817 3.7835 3.5014 3.4837 7.694 3.46738261475
2016-05-30 00:42:29.952000 234965.519 3.348 59.284 35.511 62.665 3.954 9.4402 3.4617 3.7571 4.3232 3.7412 4.0816 3.7847 3.5025 3.4836 7.695 3.44438184147
2016-05-30 00:44:07.182000 235062.749 3.359 59.286 35.516 62.667 3.952 9.4326 3.4613 3.7556 4.3221 3.7412 4.081 3.7808 3.502 3.4844 7.695 3.42138106819
2016-05-30 00:45:46.451000 235162.018 3.371 59.285 34.854 62.669 3.935 9.4248 3.4612 3.755 4.3216 3.7411 4.0802 3.7819 3.5021 3.4839 7.694 3.40988068156
2016-05-30 00:47:23.681000 235259.248 3.347 59.285 34.958 62.667 3.952 9.4173 3.4609 3.7549 4.3215 3.741 4.0786 3.7811 3.5021 3.4839 7.694 3.46163242143
2016-05-30 00:49:00.570000 235356.137 3.324 59.286 35.144 62.666 3.675 9.4095 3.4609 3.7551 4.3217 3.7408 4.08 3.7813 3.5026 3.4844 7.693 3.43863164815
2016-05-30 00:50:39.640000 235455.207 3.368 59.285 35.511 62.668 3.953 9.4018 3.4606 3.7557 4.322 3.7409 4.0804 3.7823 3.5027 3.4842 7.693 3.41563087488
2016-05-30 00:52:16.969000 235552.536 3.515 59.284 34.913 62.667 3.955 9.3942 3.4606 3.7571 4.3233 3.7409 4.0812 3.7833 3.5031 3.4847 7.695 3.50802219796
2016-05-30 00:53:56.250000 235651.817 3.353 59.285 35.51 62.666 3.954 9.3865 3.4605 3.7563 4.3226 3.7409 4.081 3.7831 3.5032 3.4848 7.694 3.43288145483
2016-05-30 00:55:33.569000 235749.136 3.415 59.283 35.497 62.667 3.956 9.3787 3.4605 3.7576 4.3237 3.7411 4.0818 3.7848 3.5033 3.4851 7.695 3.41563087488
2016-05-30 00:57:10.919000 235846.486 3.517 59.285 34.885 62.665 3.955 9.3712 3.4604 3.7576 4.3234 3.7413 4.082 3.7832 3.5035 3.485 7.695 3.39846093465
2016-05-30 00:58:50.278000 235945.845 3.368 59.283 35.509 62.664 3.955 9.3634 3.4605 3.7579 4.3237 3.7415 4.0823 3.7845 3.504 3.4855 7.694 3.47888300138
2016-05-30 01:00:27.418000 236042.985 3.432 59.282 35.489 62.663 3.926 9.3558 3.4606 3.7582 4.3241 3.7416 4.0824 3.7839 3.5043 3.4855 7.695 3.47313280806
2016-05-30 01:02:04.747000 236140.314 3.495 59.284 34.891 62.663 3.954 9.3481 3.4606 3.7577 4.3237 3.7418 4.0824 3.7835 3.5042 3.4856 7.695 3.43288145483
2016-05-30 01:03:44.147000 236239.714 3.328 59.284 34.927 62.667 3.883 9.3403 3.4603 3.7562 4.3227 3.7418 4.0814 3.7819 3.5046 3.4855 7.694 3.44438184147
2016-05-30 01:05:21.565000 236337.132 3.366 59.283 35.509 62.664 3.954 9.3327 3.4601 3.7562 4.3226 3.7417 4.0811 3.7824 3.5046 3.486 7.693 3.42138106819
2016-05-30 01:06:58.965000 236434.532 3.534 59.282 34.964 62.665 3.577 9.325 3.46 3.7566 4.3229 3.7417 4.0812 3.7826 3.5045 3.4861 7.695 3.49038338802
2016-05-30 01:08:38.605000 236534.172 3.526 59.283 35.514 62.667 3.954 9.3171 3.4599 3.7567 4.3229 3.7417 4.0814 3.7828 3.5048 3.4861 7.694 3.39299702436
2016-05-30 01:10:15.824000 236631.391 3.544 59.281 34.969 62.666 3.955 9.3093 3.4598 3.7572 4.3232 3.7418 4.0816 3.7828 3.5053 3.4865 7.695 3.40413048824
2016-05-30 01:11:55.314000 236730.881 3.348 59.284 35.505 62.665 3.954 9.3016 3.4596 3.7565 4.3229 3.7418 4.0813 3.7836 3.5051 3.4861 7.696 3.42138106819
2016-05-30 01:13:32.733000 236828.3 3.544 59.282 35.056 62.663 3.952 9.294 3.4596 3.7568 4.3229 3.7418 4.0815 3.7826 3.5054 3.4863 7.696 3.42138106819
2016-05-30 01:15:09.993000 236925.56 3.328 59.283 34.871 62.664 3.954 9.2864 3.4594 3.7564 4.3228 3.7417 4.0812 3.783 3.5057 3.4866 7.695 3.4846331947
2016-05-30 01:16:49.693000 237025.26 3.542 59.28 35.094 62.663 3.925 9.2785 3.4595 3.7574 4.3237 3.742 4.0808 3.7842 3.5055 3.4869 7.695 3.43288145483
2016-05-30 01:18:26.643000 237122.21 3.535 59.278 34.971 62.662 3.954 9.271 3.4594 3.7568 4.3232 3.7419 4.0817 3.7824 3.5058 3.4867 7.696 3.42138106819
2016-05-30 01:20:03.912000 237219.479 3.444 59.279 34.832 62.661 3.954 9.2634 3.4594 3.7575 4.3235 3.7421 4.082 3.7831 3.5058 3.4874 7.696 3.45013203479
2016-05-30 01:21:43.452000 237319.019 3.546 59.28 35.501 62.661 3.955 9.2555 3.4594 3.7573 4.3234 3.7422 4.0819 3.7843 3.5062 3.4871 7.695 3.4846331947
2016-05-30 01:23:20.994000 237416.561 3.326 59.277 35.148 62.661 3.953 9.2478 3.4593 3.7564 4.3229 3.7421 4.0814 3.7812 3.5066 3.487 7.694 3.46163242143
2016-05-30 01:24:58.517000 237514.084 3.414 59.279 35.495 62.663 3.953 9.2404 3.4592 3.756 4.3225 3.7421 4.081 3.7817 3.5062 3.4875 7.694 3.41563087488
2016-05-30 01:26:38.077000 237613.644 3.36 59.279 34.889 62.662 3.953 9.2329 3.4589 3.7559 4.3225 3.742 4.0808 3.7832 3.5069 3.4873 7.694 3.40413048824
2016-05-30 01:28:15.657000 237711.224 3.37 59.278 35.506 62.661 3.806 9.2255 3.4589 3.7573 4.3235 3.7419 4.0815 3.7845 3.5068 3.4873 7.695 3.40988068156
2016-05-30 01:29:55.227000 237810.794 3.382 59.277 34.854 62.657 3.955 9.2181 3.459 3.7576 4.3238 3.7421 4.0821 3.7852 3.507 3.4878 7.695 3.39299702436
2016-05-30 01:31:32.816000 237908.383 3.342 59.277 35.501 62.661 3.956 9.2106 3.4589 3.7579 4.3239 3.7422 4.0822 3.7859 3.5078 3.4877 7.696 3.38753311406
2016-05-30 01:33:10.426000 238005.993 3.35 59.276 34.951 62.659 3.902 9.2031 3.4588 3.7579 4.3239 3.7424 4.0823 3.7852 3.5075 3.4878 7.695 3.45588222811
2016-05-30 01:34:50.006000 238105.573 3.5 59.275 35.253 62.657 3.957 9.1956 3.4589 3.7589 4.3248 3.7423 4.0829 3.7856 3.5086 3.4876 7.697 3.43288145483
2016-05-30 01:36:27.636000 238203.203 3.366 59.273 34.87 62.657 3.691 9.1883 3.4589 3.7579 4.3238 3.7426 4.0825 3.7844 3.5079 3.4884 7.695 3.49613358134
2016-05-30 01:38:05.255000 238300.822 3.358 59.274 35.506 62.656 3.955 9.1809 3.4589 3.7576 4.3237 3.7427 4.0823 3.7848 3.508 3.4882 7.695 3.49613358134
2016-05-30 01:39:44.655000 238400.222 3.386 59.273 34.82 62.656 3.953 9.1733 3.4587 3.7567 4.3229 3.7427 4.0818 3.7816 3.5081 3.4885 7.695 3.45588222811
2016-05-30 01:41:22.266000 238497.833 3.511 59.273 35.499 62.654 3.954 9.1658 3.4585 3.7564 4.3228 3.7426 4.0814 3.7829 3.5078 3.4881 7.694 3.40988068156
2016-05-30 01:43:01.776000 238597.343 3.315 59.271 34.796 62.655 3.954 9.1586 3.4583 3.7562 4.3228 3.7425 4.0812 3.7826 3.5087 3.4887 7.694 3.40413048824
2016-05-30 01:44:39.445000 238695.012 3.459 59.272 35.425 62.653 3.952 9.151 3.4582 3.7563 4.3227 3.7425 4.0813 3.782 3.5086 3.4884 7.694 3.46163242143
2016-05-30 01:46:16.991000 238792.558 3.409 59.272 34.807 62.653 3.927 9.1436 3.4582 3.7557 4.3223 3.7424 4.0809 3.7809 3.5091 3.4887 7.696 3.44438184147
2016-05-30 01:47:56.692000 238892.259 3.445 59.268 35.463 62.651 3.953 9.136 3.458 3.7559 4.3223 3.7424 4.0808 3.7825 3.5085 3.489 7.695 3.40413048824
2016-05-30 01:49:34.372000 238989.939 3.32 59.269 35.244 62.649 3.953 9.1286 3.4579 3.7561 4.3225 3.7424 4.0809 3.7828 3.5092 3.4886 7.694 3.38206920377
2016-05-30 01:51:14.132000 239089.699 3.545 59.267 35.031 62.65 3.954 9.1211 3.4578 3.7568 4.3231 3.7423 4.0813 3.7838 3.5093 3.4887 7.694 3.40988068156
2016-05-30 01:52:51.862000 239187.429 3.402 59.264 35.502 62.646 3.956 9.1137 3.4579 3.7582 4.3241 3.7424 4.0823 3.7853 3.5096 3.4889 7.696 3.42138106819
2016-05-30 01:54:29.461000 239285.028 3.525 59.264 34.901 62.646 3.955 9.1062 3.458 3.7581 4.3239 3.7427 4.0827 3.7851 3.5094 3.489 7.696 3.36567747288
2016-05-30 01:56:09.265000 239384.832 3.532 59.265 35.147 62.646 3.95 9.0987 3.4579 3.758 4.324 3.7428 4.0824 3.7832 3.5098 3.4893 7.695 3.45588222811
2016-05-30 01:57:47.035000 239482.602 3.347 59.264 35.008 62.645 3.954 9.0913 3.4579 3.757 4.3233 3.7428 4.082 3.7829 3.5102 3.4895 7.694 3.45588222811
2016-05-30 01:59:24.404000 239579.971 3.41 59.262 35.498 62.642 3.936 9.0839 3.4578 3.758 4.3242 3.7429 4.0824 3.7854 3.5098 3.4896 7.697 3.41563087488
2016-05-30 02:01:04.244000 239679.811 3.322 59.264 35.45 62.645 3.954 9.0764 3.4579 3.7574 4.3236 3.7429 4.0822 3.7826 3.5102 3.4897 7.695 3.37114138318
2016-05-30 02:02:42.067000 239777.634 3.536 59.263 35.12 62.642 3.954 9.069 3.4577 3.7566 4.3229 3.7429 4.0817 3.7823 3.5099 3.4895 7.694 3.45588222811
2016-05-30 02:04:21.757000 239877.324 3.454 59.261 35.456 62.639 3.955 9.0615 3.4577 3.7576 4.3238 3.7429 4.0821 3.7846 3.5109 3.4901 7.695 3.44438184147
2016-05-30 02:05:59.596000 239975.163 3.421 59.264 34.816 62.643 3.876 9.054 3.4578 3.7569 4.3232 3.7431 4.0819 3.7837 3.5105 3.4897 7.694 3.42713126151
2016-05-30 02:07:37.245000 240072.812 3.48 59.262 35.372 62.642 3.954 9.0466 3.4574 3.7565 4.323 3.7429 4.0816 3.783 3.5104 3.4903 7.694 3.42713126151
2016-05-30 02:09:17.195000 240172.762 3.385 59.263 35.523 62.643 3.951 9.0389 3.4573 3.7554 4.3218 3.7429 4.0808 3.7801 3.5106 3.4905 7.692 3.46163242143
2016-05-30 02:10:55.045000 240270.612 3.534 59.263 34.901 62.643 3.954 9.0317 3.4571 3.7556 4.3222 3.7427 4.0804 3.7833 3.5112 3.49 7.693 3.43288145483
2016-05-30 02:12:32.884000 240368.451 3.421 59.263 35.484 62.642 3.954 9.0242 3.457 3.7563 4.3225 3.7427 4.0812 3.7836 3.5111 3.4903 7.694 3.38753311406
2016-05-30 02:14:12.884000 240468.451 3.344 59.264 35.501 62.642 3.954 9.0166 3.4569 3.7562 4.3227 3.7427 4.081 3.7828 3.5112 3.49 7.694 3.40413048824
2016-05-30 02:15:50.605000 240566.172 3.354 59.262 34.924 62.644 3.954 9.0092 3.4569 3.7566 4.3229 3.7427 4.0813 3.7826 3.5115 3.4905 7.693 3.42138106819
2016-05-30 02:17:30.585000 240666.152 3.463 59.263 35.313 62.645 3.953 9.0016 3.4569 3.7562 4.3225 3.7426 4.0812 3.7836 3.5118 3.4908 7.694 3.45013203479
2016-05-30 02:19:08.504000 240764.071 3.317 59.263 35.381 62.642 3.84 8.9945 3.4568 3.7567 4.3229 3.7427 4.0813 3.7845 3.5114 3.4908 7.693 3.49038338802
2016-05-30 02:20:46.474000 240862.041 3.392 59.261 34.804 62.64 3.955 8.9874 3.4569 3.7569 4.3233 3.7428 4.0816 3.7849 3.5115 3.4907 7.694 3.4846331947
2016-05-30 02:22:26.707000 240962.274 3.329 59.262 35.083 62.642 3.952 8.98 3.4568 3.7558 4.3224 3.7427 4.0811 3.7806 3.5118 3.491 7.694 3.43863164815
2016-05-30 02:24:04.276000 241059.843 3.431 59.262 35.473 62.643 3.944 8.9729 3.4566 3.7552 4.3219 3.7428 4.0805 3.7813 3.512 3.4913 7.694 3.43863164815
2016-05-30 02:25:44.516000 241160.083 3.517 59.262 35.164 62.641 3.953 8.9656 3.4565 3.7557 4.3223 3.7427 4.0806 3.7828 3.512 3.4915 7.693 3.50197957514
2016-05-30 02:27:22.497000 241258.064 3.343 59.26 35.504 62.642 3.952 8.9585 3.4564 3.7552 4.3219 3.7426 4.0803 3.7819 3.5122 3.4908 7.693 3.43288145483
2016-05-30 02:29:00.288000 241355.855 3.541 59.263 35.064 62.641 3.951 8.9513 3.4561 3.7545 4.3214 3.7425 4.0799 3.7807 3.5122 3.4911 7.692 3.42138106819
2016-05-30 02:30:40.428000 241455.995 3.409 59.262 35.256 62.641 3.601 8.9441 3.456 3.7553 4.3221 3.7423 4.0801 3.7824 3.513 3.4908 7.693 3.41563087488
2016-05-30 02:32:18.057000 241553.624 3.318 59.258 35.421 62.638 3.947 8.937 3.4561 3.7566 4.3229 3.7425 4.0809 3.783 3.5127 3.4911 7.693 3.47313280806
2016-05-30 02:33:56.097000 241651.664 3.375 59.258 34.838 62.637 3.953 8.9296 3.4559 3.7558 4.3224 3.7423 4.0808 3.782 3.513 3.4911 7.693 3.44438184147
2016-05-30 02:35:36.400000 241751.967 3.327 59.259 34.886 62.638 3.916 8.9224 3.456 3.7553 4.3221 3.7425 4.0805 3.7831 3.5126 3.4914 7.695 3.46163242143
2016-05-30 02:37:14.489000 241850.056 3.514 59.256 34.906 62.637 3.953 8.9153 3.4558 3.756 4.3225 3.7425 4.0808 3.7833 3.5127 3.4913 7.694 3.42713126151
2016-05-30 02:38:54.580000 241950.147 3.54 59.254 35.104 62.634 3.948 8.908 3.456 3.7568 4.3231 3.7425 4.0813 3.7832 3.5128 3.4914 7.694 3.43863164815
2016-05-30 02:40:32.270000 242047.837 3.336 59.254 35.042 62.632 3.832 8.9009 3.4559 3.7569 4.3231 3.7427 4.0814 3.7826 3.5129 3.4917 7.693 3.44438184147
2016-05-30 02:42:10.329000 242145.896 3.347 59.252 35.01 62.632 3.954 8.8938 3.456 3.7569 4.3232 3.7428 4.0815 3.783 3.5136 3.4915 7.694 3.40413048824
2016-05-30 02:43:50.543000 242246.11 3.408 59.251 34.801 62.63 3.954 8.8864 3.4559 3.7565 4.3231 3.7429 4.0814 3.7839 3.5133 3.4915 7.693 3.45013203479
2016-05-30 02:45:28.593000 242344.16 3.487 59.25 35.324 62.632 3.953 8.8792 3.456 3.7558 4.3224 3.7428 4.0809 3.7829 3.5139 3.4917 7.692 3.44438184147
2016-05-30 02:47:08.803000 242444.37 3.546 59.249 35.47 62.628 3.954 8.872 3.4557 3.7559 4.3226 3.7428 4.081 3.7826 3.5138 3.4916 7.692 3.42713126151
2016-05-30 02:48:46.702000 242542.269 3.323 59.247 35.177 62.625 3.871 8.8647 3.4558 3.7567 4.323 3.7428 4.0813 3.7822 3.5141 3.4923 7.692 3.42138106819
2016-05-30 02:50:24.853000 242640.42 3.331 59.244 35.14 62.624 3.954 8.8577 3.4558 3.7568 4.3232 3.7429 4.0814 3.7828 3.5137 3.4924 7.693 3.40988068156
2016-05-30 02:52:04.863000 242740.43 3.376 59.244 34.86 62.621 3.955 8.8504 3.4557 3.757 4.3234 3.7429 4.0816 3.7849 3.5142 3.4918 7.693 3.45588222811
2016-05-30 02:53:43.092000 242838.659 3.526 59.24 35.168 62.621 3.954 8.8433 3.4558 3.7567 4.3232 3.743 4.0816 3.7843 3.5143 3.4922 7.693 3.51406482078
2016-05-30 02:55:23.130000 242938.697 3.474 59.24 35.385 62.618 3.944 8.8361 3.4558 3.7568 4.3233 3.7431 4.0817 3.7826 3.5144 3.4925 7.692 3.46738261475
2016-05-30 02:57:01.350000 243036.917 3.469 59.239 35.39 62.619 3.954 8.8289 3.4556 3.7562 4.3229 3.7433 4.0813 3.7825 3.5144 3.4922 7.692 3.42138106819
2016-05-30 02:58:39.559000 243135.126 3.32 59.237 35.276 62.616 3.954 8.8218 3.4556 3.7563 4.3228 3.7431 4.0813 3.7825 3.5146 3.4929 7.692 3.46163242143
2016-05-30 03:00:19.829000 243235.396 3.344 59.236 35.499 62.614 3.955 8.8145 3.4555 3.7572 4.3235 3.7432 4.0818 3.7844 3.5148 3.4927 7.692 3.47313280806
2016-05-30 03:01:58.081000 243333.648 3.341 59.238 35.001 62.614 3.953 8.8073 3.4556 3.7565 4.3229 3.7433 4.0816 3.7823 3.5146 3.4922 7.691 3.44438184147
2016-05-30 03:03:38.352000 243433.919 3.313 59.237 35.378 62.612 3.952 8.8 3.4554 3.7556 4.3222 3.7432 4.0809 3.7818 3.5149 3.4927 7.69 3.43288145483
2016-05-30 03:05:16.451000 243532.018 3.424 59.237 34.797 62.613 3.952 8.7928 3.4552 3.7548 4.3217 3.7431 4.0803 3.7818 3.5151 3.4926 7.69 3.53823531206
2016-05-30 03:06:54.726000 243630.293 3.436 59.236 34.796 62.611 3.952 8.7858 3.4553 3.7548 4.3217 3.7428 4.0801 3.7819 3.5154 3.4927 7.69 3.47313280806
2016-05-30 03:08:34.836000 243730.403 3.547 59.235 34.981 62.612 3.953 8.7783 3.455 3.7551 4.3219 3.7428 4.0802 3.7814 3.515 3.4934 7.69 3.42713126151
2016-05-30 03:10:13.085000 243828.652 3.545 59.234 35.489 62.61 3.842 8.7714 3.4549 3.7553 4.3219 3.7427 4.0802 3.7813 3.5153 3.4929 7.691 3.44438184147
2016-05-30 03:11:53.485000 243929.052 3.492 59.232 35.267 62.607 3.953 8.764 3.4549 3.7557 4.3224 3.7427 4.0806 3.7834 3.5152 3.4932 7.691 3.47313280806
2016-05-30 03:13:31.825000 244027.392 3.453 59.233 35.443 62.607 3.952 8.7569 3.4548 3.7553 4.3219 3.7427 4.0805 3.7823 3.5156 3.4931 7.691 3.42138106819
2016-05-30 03:15:09.946000 244125.513 3.319 59.231 35.214 62.608 3.947 8.7499 3.4549 3.7555 4.3222 3.7427 4.0805 3.783 3.5155 3.4938 7.691 3.47313280806
2016-05-30 03:16:50.376000 244225.943 3.319 59.232 35.395 62.606 3.708 8.7429 3.4547 3.7552 4.3219 3.7427 4.0802 3.7831 3.5155 3.4931 7.69 3.4846331947
2016-05-30 03:18:28.765000 244324.332 3.315 59.227 35.362 62.604 3.942 8.736 3.4547 3.7562 4.3227 3.7427 4.081 3.7835 3.5157 3.4933 7.691 3.46163242143
2016-05-30 03:20:09.231000 244424.798 3.395 59.229 35.477 62.603 3.954 8.7289 3.4549 3.7562 4.3227 3.7428 4.081 3.7826 3.5161 3.4934 7.691 3.43863164815
2016-05-30 03:21:47.401000 244522.968 3.326 59.227 35.14 62.603 3.954 8.722 3.4548 3.7566 4.323 3.7428 4.0813 3.7826 3.516 3.4933 7.691 3.47888300138
2016-05-30 03:23:25.675000 244621.242 3.333 59.226 35.064 62.603 3.698 8.7152 3.4548 3.7564 4.3227 3.7429 4.0813 3.7823 3.5159 3.4933 7.69 3.42138106819
2016-05-30 03:25:06.155000 244721.722 3.32 59.227 35.415 62.601 3.954 8.7084 3.4547 3.7564 4.3227 3.743 4.0814 3.7833 3.516 3.4934 7.69 3.40413048824
2016-05-30 03:26:44.536000 244820.103 3.316 59.228 34.844 62.602 3.952 8.7013 3.4547 3.7556 4.3222 3.7431 4.0809 3.7811 3.5158 3.4937 7.69 3.49613358134
2016-05-30 03:28:25.026000 244920.593 3.42 59.226 35.482 62.602 3.623 8.6942 3.4547 3.7563 4.3228 3.743 4.0812 3.7839 3.5162 3.4937 7.691 3.40413048824
2016-05-30 03:30:03.505000 245019.072 3.385 59.225 35.099 62.602 3.882 8.6873 3.4547 3.7562 4.3227 3.7431 4.0811 3.7836 3.5164 3.4936 7.69 3.46738261475
2016-05-30 03:31:41.902000 245117.469 3.332 59.227 35.073 62.6 3.954 8.6805 3.4547 3.7564 4.3229 3.7432 4.0814 3.7838 3.5164 3.494 7.692 3.47888300138
2016-05-30 03:33:22.222000 245217.789 3.319 59.221 35.416 62.598 3.955 8.6735 3.4546 3.7571 4.3233 3.7432 4.0817 3.7846 3.5167 3.4943 7.692 3.42713126151
2016-05-30 03:35:00.622000 245316.189 3.319 59.222 35.245 62.598 3.731 8.6666 3.4546 3.757 4.3232 3.7433 4.0818 3.7837 3.5169 3.4938 7.692 3.4846331947
2016-05-30 03:36:38.673000 245414.24 3.481 59.225 34.846 62.599 3.954 8.6599 3.4546 3.7557 4.3223 3.7432 4.081 3.783 3.5169 3.4941 7.691 3.45588222811
2016-05-30 03:38:19.484000 245515.051 3.395 59.222 34.812 62.599 3.954 8.6529 3.4546 3.7567 4.3231 3.7433 4.0816 3.7826 3.5169 3.4941 7.691 3.41563087488
2016-05-30 03:39:57.524000 245613.091 3.399 59.223 35.257 62.598 3.953 8.6461 3.4547 3.7565 4.3228 3.7434 4.0815 3.7814 3.5169 3.4946 7.69 3.49038338802
2016-05-30 03:41:38.294000 245713.861 3.332 59.225 35.069 62.599 3.939 8.6391 3.4544 3.7551 4.3217 3.7433 4.0807 3.7817 3.517 3.4942 7.69 3.47313280806
2016-05-30 03:43:16.493000 245812.06 3.344 59.222 34.92 62.598 3.954 8.6322 3.4544 3.756 4.3226 3.7433 4.0811 3.7835 3.517 3.4945 7.69 3.4846331947
2016-05-30 03:44:55.013000 245910.58 3.345 59.219 35.021 62.597 3.953 8.6253 3.4546 3.7566 4.3229 3.7433 4.0816 3.7822 3.5173 3.4947 7.69 3.4846331947
2016-05-30 03:46:35.853000 246011.42 3.316 59.219 35.342 62.597 3.953 8.6183 3.4545 3.7563 4.3226 3.7434 4.0813 3.7836 3.517 3.4944 7.691 3.40988068156
2016-05-30 03:48:14.223000 246109.79 3.318 59.22 35.261 62.598 3.937 8.6115 3.4543 3.7559 4.3224 3.7434 4.081 3.7836 3.5173 3.4945 7.694 3.46163242143
2016-05-30 03:49:55.064000 246210.631 3.535 59.218 35.078 62.593 3.956 8.6046 3.4544 3.7574 4.3235 3.7433 4.0818 3.7858 3.5172 3.4947 7.693 3.43288145483
2016-05-30 03:51:33.430000 246308.997 3.52 59.215 35.157 62.591 3.956 8.5977 3.4545 3.7578 4.3238 3.7435 4.0824 3.7854 3.5176 3.4949 7.692 3.45588222811
2016-05-30 03:53:14.130000 246409.697 3.51 59.215 34.883 62.59 3.593 8.5907 3.4546 3.7587 4.3245 3.7436 4.0831 3.7854 3.5179 3.4945 7.693 3.44438184147
2016-05-30 03:54:52.795000 246508.362 3.517 59.212 34.916 62.591 3.94 8.5838 3.4548 3.7582 4.3241 3.7438 4.083 3.784 3.5177 3.495 7.692 3.47888300138
2016-05-30 03:56:31.415000 246606.982 3.335 59.216 35.052 62.587 3.953 8.577 3.4546 3.7564 4.3228 3.7438 4.0818 3.7832 3.5181 3.4947 7.691 3.41563087488
2016-05-30 03:58:12.105000 246707.672 3.318 59.211 35.368 62.587 3.954 8.5701 3.4546 3.7567 4.3231 3.744 4.0818 3.7834 3.5179 3.4947 7.694 3.50802219796
2016-05-30 03:59:50.754000 246806.321 3.318 59.212 35.342 62.588 3.953 8.5632 3.4545 3.7568 4.3235 3.7439 4.0818 3.7845 3.518 3.4949 7.692 3.44438184147
2016-05-30 04:01:31.576000 246907.143 3.546 59.21 35.064 62.587 3.954 8.5562 3.4545 3.7563 4.323 3.7439 4.0815 3.782 3.5181 3.4948 7.692 3.46738261475
2016-05-30 04:03:10.125000 247005.692 3.539 59.209 35.061 62.583 3.955 8.5494 3.4543 3.7561 4.3228 3.7438 4.0813 3.7835 3.5183 3.4949 7.69 3.43288145483
2016-05-30 04:04:48.785000 247104.352 3.377 59.208 35.138 62.583 3.66 8.5426 3.4543 3.757 4.3235 3.7438 4.0819 3.7842 3.5182 3.4949 7.69 3.44438184147
2016-05-30 04:06:29.646000 247205.213 3.326 59.206 35.134 62.582 3.906 8.5355 3.4544 3.7562 4.3227 3.7438 4.0816 3.7814 3.5186 3.4954 7.69 3.47313280806
2016-05-30 04:08:08.055000 247303.622 3.335 59.207 35.037 62.582 3.952 8.5289 3.4543 3.7549 4.3218 3.7437 4.0807 3.7813 3.5183 3.4952 7.689 3.44438184147
2016-05-30 04:09:46.745000 247402.312 3.358 59.203 35.017 62.579 3.954 8.522 3.4541 3.7569 4.3233 3.7437 4.0814 3.784 3.5187 3.4952 7.69 3.42138106819
2016-05-30 04:11:27.315000 247502.882 3.47 59.204 35.358 62.577 3.953 8.515 3.4541 3.7565 4.3228 3.7436 4.0816 3.7816 3.5185 3.4954 7.691 3.45588222811
2016-05-30 04:13:06.266000 247601.833 3.507 59.203 34.874 62.576 3.939 8.5081 3.454 3.7561 4.3227 3.7436 4.0813 3.783 3.5187 3.4955 7.69 3.42713126151
2016-05-30 04:14:46.856000 247702.423 3.363 59.201 34.918 62.576 3.952 8.5013 3.4541 3.7556 4.3223 3.7436 4.081 3.7814 3.5185 3.4959 7.689 3.46163242143
2016-05-30 04:16:25.666000 247801.233 3.418 59.2 34.79 62.575 3.953 8.4946 3.4539 3.7554 4.3222 3.7435 4.0807 3.7814 3.5189 3.4957 7.69 3.45013203479
2016-05-30 04:18:06.346000 247901.913 3.353 59.199 35.491 62.573 3.952 8.4879 3.4538 3.7547 4.3217 3.7434 4.0802 3.7808 3.5188 3.4957 7.689 3.45013203479
2016-05-30 04:19:45.135000 248000.702 3.334 59.2 35.486 62.57 3.951 8.4812 3.4536 3.7541 4.3212 3.7433 4.0798 3.7796 3.5189 3.4957 7.689 3.44438184147
2016-05-30 04:21:23.885000 248099.452 3.508 59.197 35.227 62.57 3.952 8.4748 3.4535 3.7543 4.3213 3.7432 4.0798 3.7801 3.519 3.4956 7.689 3.42713126151
2016-05-30 04:23:04.578000 248200.145 3.536 59.194 34.9 62.567 3.953 8.468 3.4535 3.7554 4.3221 3.743 4.0801 3.782 3.5191 3.4958 7.688 3.46163242143
2016-05-30 04:24:43.369000 248298.936 3.339 59.194 35.053 62.568 3.951 8.4615 3.4535 3.7549 4.3216 3.7432 4.0802 3.78 3.5194 3.4956 7.688 3.43863164815
2016-05-30 04:26:24.309000 248399.876 3.488 59.194 35.307 62.567 3.953 8.4548 3.4532 3.7548 4.3217 3.7428 4.0799 3.7822 3.5196 3.4956 7.689 3.43863164815
2016-05-30 04:28:02.918000 248498.485 3.479 59.192 35.354 62.564 3.952 8.4482 3.4532 3.755 4.3218 3.7429 4.0801 3.7801 3.5195 3.4957 7.689 3.53219268924
2016-05-30 04:29:43.869000 248599.436 3.358 59.189 34.915 62.561 3.952 8.4416 3.4532 3.7547 4.3216 3.7429 4.0799 3.7821 3.5197 3.4962 7.688 3.38206920377
2016-05-30 04:31:22.758000 248698.325 3.324 59.185 35.434 62.56 3.953 8.4349 3.4532 3.7556 4.3222 3.7428 4.0805 3.7815 3.5198 3.4955 7.688 3.35474965229
2016-05-30 04:33:01.624000 248797.191 3.493 59.186 35.299 62.558 3.953 8.4284 3.4533 3.7556 4.3223 3.7429 4.0806 3.7819 3.5196 3.496 7.69 3.49038338802
2016-05-30 04:34:42.544000 248898.111 3.343 59.186 34.956 62.555 3.952 8.4216 3.4532 3.7555 4.3222 3.7431 4.0806 3.7823 3.5197 3.4959 7.689 3.45013203479
2016-05-30 04:36:21.225000 248996.792 3.346 59.182 34.949 62.556 3.953 8.415 3.453 3.7554 4.3222 3.7431 4.0805 3.7815 3.5197 3.4963 7.688 3.50197957514
2016-05-30 04:38:00.114000 249095.681 3.336 59.182 35.464 62.553 3.944 8.4085 3.4531 3.7553 4.3221 3.743 4.0805 3.7818 3.5194 3.4961 7.688 3.40413048824
2016-05-30 04:39:41.175000 249196.742 3.546 59.179 34.994 62.55 3.953 8.4018 3.4531 3.7554 4.3222 3.7431 4.0804 3.7813 3.5199 3.4959 7.688 3.47313280806
2016-05-30 04:41:20.120000 249295.687 3.352 59.179 34.911 62.549 3.953 8.3953 3.4532 3.7556 4.3223 3.7431 4.0806 3.7826 3.5201 3.4963 7.687 3.49613358134
2016-05-30 04:43:01.230000 249396.797 3.46 59.179 35.38 62.549 3.953 8.3885 3.453 3.7554 4.3221 3.7432 4.0805 3.7811 3.5201 3.4963 7.687 3.38206920377
2016-05-30 04:44:40.180000 249495.747 3.524 59.175 34.91 62.546 3.953 8.382 3.4531 3.7553 4.322 3.7431 4.0804 3.7821 3.5199 3.496 7.689 3.43863164815
2016-05-30 04:46:21.091000 249596.658 3.317 59.177 35.41 62.545 3.951 8.3755 3.453 3.7544 4.3214 3.7431 4.0799 3.7792 3.5204 3.4961 7.687 3.46163242143
2016-05-30 04:48:00.092000 249695.659 3.482 59.174 35.334 62.545 3.951 8.3689 3.4528 3.7538 4.3209 3.743 4.0794 3.7807 3.5202 3.4963 7.686 3.49613358134
2016-05-30 04:49:39.052000 249794.619 3.499 59.171 34.837 62.543 3.951 8.3624 3.4528 3.754 4.321 3.7429 4.0795 3.7812 3.5205 3.4965 7.686 3.44438184147
2016-05-30 04:51:20.007000 249895.574 3.318 59.171 35.448 62.544 3.95 8.3558 3.4527 3.754 4.321 3.7428 4.0794 3.7796 3.5203 3.4966 7.685 3.50802219796
2016-05-30 04:52:59.073000 249994.64 3.483 59.172 35.325 62.542 3.903 8.3492 3.4525 3.7535 4.3207 3.7427 4.0789 3.7809 3.5204 3.4961 7.685 3.50802219796
2016-05-30 04:54:40.224000 250095.791 3.34 59.168 34.995 62.541 3.952 8.3425 3.4524 3.7546 4.3213 3.7426 4.0796 3.7815 3.5206 3.4962 7.686 3.47888300138
2016-05-30 04:56:19.323000 250194.89 3.526 59.168 35.466 62.538 3.906 8.3359 3.4525 3.7552 4.3219 3.7425 4.0799 3.7835 3.5205 3.4967 7.687 3.39846093465
2016-05-30 04:57:57.943000 250293.51 3.521 59.166 35.185 62.536 3.955 8.3295 3.4527 3.7568 4.323 3.7427 4.0811 3.7838 3.5209 3.4964 7.687 3.42713126151
2016-05-30 04:59:39.304000 250394.871 3.369 59.166 35.055 62.537 3.954 8.3228 3.4527 3.7564 4.3229 3.7429 4.0813 3.783 3.5212 3.4966 7.687 3.43288145483
2016-05-30 05:01:18.174000 250493.741 3.362 59.166 35.476 62.538 3.954 8.3163 3.4527 3.7558 4.3226 3.743 4.0809 3.7827 3.5207 3.4963 7.687 3.41563087488
2016-05-30 05:02:59.554000 250595.121 3.32 59.163 35.224 62.534 3.938 8.3097 3.4528 3.7569 4.3233 3.7432 4.0814 3.784 3.5208 3.4965 7.687 3.44438184147
2016-05-30 05:04:38.664000 250694.231 3.437 59.162 35.453 62.532 3.954 8.3032 3.4529 3.7568 4.3231 3.7433 4.0816 3.7824 3.5211 3.4966 7.687 3.47313280806
2016-05-30 05:06:17.525000 250793.092 3.546 59.162 34.982 62.531 3.953 8.2966 3.4531 3.7562 4.3228 3.7433 4.0813 3.7823 3.5214 3.4967 7.687 3.46738261475
2016-05-30 05:07:58.956000 250894.523 3.473 59.162 35.374 62.529 3.949 8.29 3.453 3.7567 4.3233 3.7435 4.0814 3.7833 3.5209 3.4968 7.687 3.40988068156
2016-05-30 05:09:37.890000 250993.457 3.514 59.158 34.824 62.529 3.955 8.2835 3.453 3.7567 4.3231 3.7435 4.0815 3.7843 3.5212 3.4967 7.687 3.43863164815
2016-05-30 05:11:19.130000 251094.697 3.511 59.157 35.446 62.528 3.928 8.2768 3.4532 3.7575 4.3237 3.7436 4.0821 3.7839 3.5209 3.497 7.689 3.45013203479
2016-05-30 05:12:58.381000 251193.948 3.413 59.157 34.785 62.527 3.954 8.2704 3.4531 3.7568 4.3232 3.7437 4.082 3.784 3.521 3.4971 7.687 3.49038338802
2016-05-30 05:14:37.521000 251293.088 3.321 59.16 35.182 62.527 3.933 8.2638 3.453 3.755 4.3219 3.7438 4.0807 3.7821 3.521 3.4968 7.686 3.4846331947
2016-05-30 05:16:18.801000 251394.368 3.401 59.158 34.79 62.526 3.953 8.2573 3.4528 3.7551 4.3221 3.7436 4.0805 3.7828 3.5214 3.497 7.686 3.42138106819
2016-05-30 05:17:57.751000 251493.318 3.319 59.156 35.277 62.526 3.953 8.2507 3.4529 3.7552 4.3221 3.7436 4.0805 3.7819 3.521 3.4973 7.686 3.47313280806
2016-05-30 05:19:39.121000 251594.688 3.379 59.157 34.814 62.526 3.854 8.2445 3.4527 3.7549 4.3219 3.7435 4.0805 3.7816 3.5211 3.4974 7.685 3.44438184147
2016-05-30 05:21:18.331000 251693.898 3.317 59.157 35.304 62.526 3.699 8.2381 3.4526 3.7551 4.3219 3.7434 4.0803 3.7813 3.5214 3.4975 7.685 3.43863164815
2016-05-30 05:22:59.601000 251795.168 3.362 59.154 34.858 62.525 3.931 8.2318 3.4527 3.755 4.3218 3.7434 4.0803 3.7811 3.5218 3.4971 7.686 3.50197957514
2016-05-30 05:24:38.868000 251894.435 3.319 59.156 35.373 62.522 3.923 8.2254 3.4525 3.7559 4.3225 3.7434 4.0808 3.7829 3.5216 3.4973 7.686 3.52615006642
2016-05-30 05:26:18.108000 251993.675 3.48 59.156 34.821 62.525 3.702 8.2193 3.4526 3.7556 4.3224 3.7433 4.0807 3.7838 3.5216 3.4975 7.686 3.47313280806
2016-05-30 05:27:59.228000 252094.795 3.328 59.153 35.45 62.522 3.955 8.2129 3.4528 3.7574 4.3237 3.7435 4.0819 3.7853 3.5216 3.4976 7.687 3.50197957514
2016-05-30 05:29:38.319000 252193.886 3.508 59.155 35.248 62.525 3.953 8.2066 3.4528 3.7564 4.3227 3.7437 4.0816 3.7832 3.5218 3.4975 7.686 3.39846093465
2016-05-30 05:31:19.560000 252295.127 3.353 59.155 35.475 62.524 3.402 8.2003 3.4527 3.7567 4.3232 3.7437 4.0818 3.7838 3.5219 3.4979 7.687 3.45013203479
2016-05-30 05:32:58.799000 252394.366 3.483 59.154 35.34 62.525 3.738 8.194 3.4529 3.7561 4.3227 3.7438 4.0814 3.7826 3.5219 3.4976 7.686 3.4846331947
2016-05-30 05:34:40.009000 252495.576 3.336 59.154 34.961 62.523 3.953 8.1877 3.4527 3.756 4.3227 3.7438 4.0812 3.7836 3.5223 3.498 7.688 3.49038338802
2016-05-30 05:36:19.309000 252594.876 3.481 59.155 35.344 62.524 3.953 8.1814 3.4527 3.7554 4.3221 3.7438 4.0808 3.7816 3.5217 3.4981 7.685 3.50802219796
2016-05-30 05:37:58.649000 252694.216 3.334 59.152 35.069 62.52 3.894 8.1752 3.4528 3.757 4.3235 3.7438 4.0816 3.7848 3.522 3.4977 7.687 3.47313280806
2016-05-30 05:39:39.849000 252795.416 3.509 59.154 35.244 62.52 3.954 8.1688 3.4529 3.7572 4.3235 3.7438 4.082 3.7825 3.5222 3.4974 7.687 3.40413048824
2016-05-30 05:41:19.219000 252894.786 3.321 59.152 35.262 62.523 3.954 8.1626 3.4529 3.7565 4.323 3.7439 4.0819 3.7837 3.5224 3.4978 7.686 3.44438184147
2016-05-30 05:42:58.519000 252994.086 3.548 59.155 35.453 62.521 3.908 8.1565 3.4529 3.7564 4.3231 3.744 4.0816 3.7839 3.5222 3.4981 7.686 3.45013203479
2016-05-30 05:44:39.989000 253095.556 3.476 59.154 35.326 62.522 3.457 8.1501 3.4531 3.7568 4.3231 3.744 4.0818 3.7845 3.5226 3.4981 7.686 3.47313280806
2016-05-30 05:46:19.152000 253194.719 3.509 59.15 34.84 62.522 3.929 8.1439 3.4529 3.7563 4.3229 3.7441 4.0816 3.7838 3.5224 3.498 7.687 3.43863164815
2016-05-30 05:48:00.613000 253296.18 3.504 59.154 35.262 62.521 3.818 8.1376 3.453 3.7573 4.3235 3.7441 4.0821 3.7839 3.5226 3.4982 7.687 3.4846331947
2016-05-30 05:49:39.993000 253395.56 3.325 59.15 35.216 62.521 3.955 8.1313 3.4529 3.757 4.3233 3.7441 4.0821 3.7837 3.5222 3.4983 7.689 3.50802219796
2016-05-30 05:51:21.513000 253497.08 3.384 59.151 34.798 62.521 3.956 8.125 3.453 3.7578 4.3241 3.7444 4.0826 3.7849 3.5227 3.4978 7.688 3.52615006642
2016-05-30 05:53:00.738000 253596.305 3.32 59.152 35.349 62.52 3.955 8.1188 3.4531 3.7577 4.324 3.7444 4.0827 3.7852 3.5225 3.4981 7.687 3.45013203479
2016-05-30 05:54:39.968000 253695.535 3.522 59.152 34.842 62.519 3.956 8.1127 3.4532 3.7583 4.3244 3.7445 4.083 3.7862 3.5223 3.4984 7.688 3.51406482078
2016-05-30 05:56:21.499000 253797.066 3.499 59.148 35.237 62.518 3.956 8.1063 3.4532 3.7582 4.3244 3.7447 4.083 3.7866 3.5226 3.4985 7.689 3.43863164815
2016-05-30 05:58:00.978000 253896.545 3.327 59.148 35.201 62.519 3.956 8.1001 3.4534 3.7582 4.3243 3.7447 4.083 3.7845 3.5227 3.499 7.688 3.40988068156
2016-05-30 05:59:42.390000 253997.957 3.391 59.15 34.772 62.518 3.957 8.0939 3.4533 3.7582 4.3243 3.7447 4.083 3.7861 3.5234 3.4985 7.688 3.42138106819
2016-05-30 06:01:21.850000 254097.417 3.463 59.148 35.378 62.517 3.956 8.0877 3.4534 3.7585 4.3246 3.7448 4.0834 3.7849 3.523 3.4986 7.689 3.43288145483
2016-05-30 06:03:03.514000 254199.081 3.325 59.149 35.398 62.518 3.945 8.0814 3.4534 3.7578 4.324 3.745 4.0829 3.7841 3.5228 3.4992 7.688 3.43288145483
2016-05-30 06:04:42.954000 254298.521 3.486 59.149 34.819 62.516 3.804 8.0752 3.4534 3.7585 4.3247 3.7451 4.0832 3.7871 3.5233 3.4989 7.688 3.45013203479
2016-05-30 06:06:22.480000 254398.047 3.409 59.149 35.472 62.519 3.956 8.069 3.4536 3.7583 4.3244 3.7451 4.0832 3.7847 3.523 3.4989 7.687 3.43288145483
2016-05-30 06:08:04.111000 254499.678 3.32 59.151 35.317 62.517 3.686 8.0627 3.4536 3.7576 4.3239 3.7451 4.083 3.7847 3.5232 3.499 7.688 3.43288145483
2016-05-30 06:09:43.600000 254599.167 3.532 59.152 34.91 62.521 3.77 8.0567 3.4535 3.7569 4.3234 3.7451 4.0825 3.783 3.5229 3.4992 7.687 3.45013203479
2016-05-30 06:11:25.262000 254700.829 3.531 59.152 35.408 62.52 3.955 8.0503 3.4534 3.7567 4.3232 3.745 4.0821 3.7838 3.5235 3.499 7.688 3.45013203479
2016-05-30 06:13:04.882000 254800.449 3.361 59.152 35.488 62.521 3.924 8.0442 3.4534 3.7567 4.323 3.745 4.0822 3.7837 3.5232 3.499 7.687 3.45588222811
2016-05-30 06:14:46.832000 254902.399 3.43 59.154 35.459 62.521 3.852 8.0379 3.4532 3.7563 4.3227 3.745 4.0818 3.7837 3.5233 3.4991 7.687 3.45013203479
2016-05-30 06:16:26.162000 255001.729 3.55 59.154 35.002 62.52 3.903 8.0317 3.4532 3.757 4.3234 3.7448 4.082 3.7832 3.5234 3.4992 7.688 3.47888300138
2016-05-30 06:18:05.541000 255101.108 3.327 59.153 35.421 62.521 3.954 8.0256 3.4531 3.7561 4.3227 3.7448 4.0817 3.7834 3.5233 3.4995 7.686 3.5201074436
2016-05-30 06:19:47.472000 255203.039 3.328 59.151 35.431 62.519 3.941 8.0194 3.4531 3.7565 4.323 3.7448 4.0818 3.7837 3.523 3.4996 7.687 3.46163242143
2016-05-30 06:21:26.621000 255302.188 3.488 59.151 35.324 62.519 3.946 8.0132 3.4532 3.7567 4.3232 3.7447 4.0821 3.7834 3.524 3.4995 7.686 3.50197957514
2016-05-30 06:23:08.633000 255404.2 3.51 59.151 35.179 62.521 3.952 8.0068 3.4529 3.7553 4.3221 3.7446 4.0812 3.782 3.5238 3.4995 7.686 3.4846331947
2016-05-30 06:24:48.129000 255503.696 3.317 59.151 35.341 62.519 3.953 8.0008 3.453 3.7556 4.3223 3.7445 4.0813 3.7808 3.524 3.4995 7.686 3.50197957514
2016-05-30 06:26:29.899000 255605.466 3.327 59.153 35.431 62.521 3.919 7.9947 3.4528 3.7549 4.3219 3.7444 4.0807 3.7811 3.5237 3.4994 7.686 3.47313280806
2016-05-30 06:28:09.529000 255705.096 3.423 59.15 34.795 62.52 3.941 7.9889 3.4527 3.7557 4.3224 3.7444 4.0811 3.7825 3.5239 3.4997 7.686 3.40988068156
2016-05-30 06:29:49.249000 255804.816 3.543 59.152 34.896 62.521 3.953 7.9828 3.4525 3.7552 4.3221 3.7443 4.0809 3.7819 3.5242 3.4993 7.686 3.46738261475
2016-05-30 06:31:31.079000 255906.646 3.45 59.148 35.296 62.519 3.935 7.9766 3.4526 3.7565 4.3227 3.7443 4.0814 3.7847 3.5242 3.4999 7.687 3.42713126151
2016-05-30 06:33:10.779000 256006.346 3.409 59.147 35.462 62.516 3.955 7.9708 3.4527 3.7574 4.3237 3.7443 4.0823 3.7842 3.5241 3.4995 7.69 3.45588222811
2016-05-30 06:34:50.019000 256105.586 3.548 59.15 35.044 62.515 3.937 7.9649 3.4528 3.7565 4.3229 3.7445 4.0819 3.7836 3.5243 3.5 7.688 3.46738261475
2016-05-30 06:36:31.878000 256207.445 3.532 59.148 34.907 62.517 3.954 7.9588 3.4527 3.7565 4.323 3.7445 4.0818 3.7844 3.5246 3.4995 7.688 3.40988068156
2016-05-30 06:38:11.438000 256307.005 3.362 59.147 35.473 62.517 3.955 7.9528 3.4527 3.7569 4.3234 3.7445 4.082 3.7838 3.5242 3.5001 7.688 3.51406482078
2016-05-30 06:39:53.148000 256408.715 3.428 59.145 35.448 62.515 3.955 7.9467 3.4529 3.7575 4.3238 3.7446 4.0825 3.7832 3.524 3.4996 7.688 3.43863164815
2016-05-30 06:41:32.928000 256508.495 3.352 59.148 34.916 62.515 3.953 7.9408 3.4527 3.7561 4.3227 3.7447 4.0818 3.783 3.5242 3.4996 7.688 3.50802219796
2016-05-30 06:43:14.848000 256610.415 3.336 59.146 35.035 62.516 3.856 7.9347 3.4528 3.7559 4.3227 3.7447 4.0816 3.7826 3.5246 3.5 7.687 3.49613358134
2016-05-30 06:44:54.578000 256710.145 3.376 59.147 34.817 62.516 3.95 7.9289 3.4527 3.7562 4.3228 3.7447 4.0813 3.7831 3.5249 3.5001 7.686 3.46163242143
2016-05-30 06:46:36.499000 256812.066 3.349 59.148 34.938 62.515 3.954 7.9229 3.4527 3.7563 4.3229 3.7447 4.0816 3.7831 3.5245 3.4998 7.687 3.45013203479
2016-05-30 06:48:15.869000 256911.436 3.328 59.148 35.459 62.514 3.954 7.917 3.4526 3.7563 4.3231 3.7446 4.0815 3.7829 3.5246 3.4997 7.687 3.47888300138
2016-05-30 06:49:55.649000 257011.216 3.319 59.149 35.247 62.515 3.954 7.911 3.4527 3.756 4.3227 3.7445 4.0813 3.7836 3.5252 3.4999 7.686 3.40988068156
2016-05-30 06:51:37.369000 257112.936 3.387 59.149 34.795 62.516 3.865 7.9049 3.4526 3.7555 4.3222 3.7445 4.0811 3.7824 3.5251 3.5001 7.687 3.4846331947
2016-05-30 06:53:17.183000 257212.75 3.499 59.145 34.849 62.517 3.954 7.899 3.4525 3.7557 4.3225 3.7439 4.0811 3.7821 3.525 3.4998 7.686 3.50197957514
2016-05-30 06:54:56.993000 257312.56 3.52 59.148 35.187 62.518 3.771 7.8931 3.4526 3.7553 4.3222 3.7444 4.0809 3.7825 3.525 3.5001 7.686 3.47888300138
2016-05-30 06:56:38.953000 257414.52 3.549 59.149 35.002 62.516 3.954 7.8871 3.4524 3.7558 4.3225 3.7444 4.0811 3.7839 3.525 3.4998 7.687 3.4846331947
2016-05-30 06:58:18.594000 257514.161 3.326 59.148 35.432 62.517 3.54 7.8812 3.4525 3.7561 4.3227 3.7444 4.0814 3.7819 3.5245 3.5003 7.688 3.47313280806
2016-05-30 07:00:00.603000 257616.17 3.323 59.15 35.428 62.517 3.954 7.8752 3.4525 3.7557 4.3225 3.7444 4.081 3.7824 3.5249 3.5002 7.688 3.41563087488
2016-05-30 07:01:40.473000 257716.04 3.337 59.147 34.902 62.517 3.951 7.8693 3.4525 3.7562 4.3227 3.7444 4.0815 3.7844 3.5257 3.5001 7.688 3.47313280806
2016-05-30 07:03:22.519000 257818.086 3.322 59.149 35.17 62.516 3.951 7.8633 3.4525 3.7552 4.3222 3.7445 4.0811 3.7818 3.5252 3.5 7.686 3.49038338802
2016-05-30 07:05:02.389000 257917.956 3.545 59.149 35.018 62.516 3.953 7.8575 3.4524 3.7551 4.3221 3.7443 4.0808 3.7812 3.5252 3.5002 7.685 3.40413048824
2016-05-30 07:06:44.491000 258020.058 3.337 59.148 35.023 62.514 3.926 7.8514 3.4522 3.7549 4.322 3.7443 4.0807 3.7803 3.5251 3.5001 7.686 3.50197957514
2016-05-30 07:08:24.471000 258120.038 3.378 59.15 34.84 62.516 3.951 7.8455 3.4521 3.7538 4.321 3.7442 4.0798 3.7812 3.5254 3.5007 7.686 3.51406482078
2016-05-30 07:10:04.402000 258219.969 3.478 59.147 35.34 62.514 3.952 7.8396 3.4521 3.7536 4.3208 3.7439 4.0794 3.7803 3.5252 3.5002 7.685 3.47313280806
2016-05-30 07:11:46.279000 258321.846 3.5 59.145 35.232 62.514 3.952 7.8336 3.452 3.7544 4.3214 3.7439 4.0797 3.78 3.5251 3.5001 7.686 3.46738261475
2016-05-30 07:13:26.209000 258421.776 3.458 59.148 35.408 62.515 3.952 7.8278 3.4518 3.7536 4.3209 3.7438 4.0793 3.7816 3.5257 3.5001 7.685 3.44438184147
2016-05-30 07:15:08.339000 258523.906 3.463 59.146 35.298 62.514 3.95 7.8218 3.4515 3.753 4.3203 3.7438 4.079 3.7801 3.5256 3.5003 7.686 3.44438184147
2016-05-30 07:16:48.289000 258623.856 3.431 59.149 35.471 62.512 3.741 7.8161 3.4516 3.7538 4.3209 3.7436 4.0793 3.7795 3.5249 3.5004 7.686 3.30557445963
2016-05-30 07:18:30.059000 258725.626 3.473 59.148 35.364 62.515 3.951 7.81 3.4514 3.7529 4.3202 3.7433 4.0788 3.779 3.5255 3.5006 7.685 3.43863164815
2016-05-30 07:20:10.029000 258825.596 3.373 59.144 35.48 62.511 3.951 7.8041 3.4514 3.7536 4.3208 3.7433 4.0792 3.7809 3.5256 3.5002 7.685 3.45013203479
2016-05-30 07:21:50.060000 258925.627 3.319 59.148 35.435 62.513 3.95 7.7983 3.4513 3.7529 4.3202 3.7432 4.0787 3.779 3.5252 3.5003 7.684 3.49613358134
2016-05-30 07:23:32.250000 259027.817 3.524 59.145 35.477 62.511 3.865 7.7925 3.4512 3.7533 4.3206 3.7432 4.079 3.7801 3.5254 3.5001 7.684 3.49613358134
2016-05-30 07:25:12.256000 259127.823 3.471 59.144 35.338 62.511 3.818 7.7868 3.4511 3.7527 4.3201 3.7431 4.0787 3.779 3.5257 3.5004 7.684 3.46738261475
2016-05-30 07:26:54.427000 259229.994 3.506 59.143 35.192 62.51 3.951 7.781 3.4509 3.7531 4.3203 3.7431 4.0787 3.7798 3.5254 3.5003 7.685 3.43288145483
2016-05-30 07:28:34.533000 259330.1 3.451 59.141 35.426 62.509 3.947 7.7753 3.4509 3.7528 4.32 3.7429 4.0786 3.78 3.5257 3.5 7.684 3.49038338802
2016-05-30 07:30:14.603000 259430.17 3.355 59.143 35.489 62.51 3.949 7.7696 3.4508 3.7525 4.3198 3.7429 4.0784 3.778 3.5258 3.5005 7.684 3.43863164815
2016-05-30 07:31:57.113000 259532.68 3.542 59.142 35.034 62.51 3.882 7.7637 3.4507 3.7517 4.3193 3.7428 4.0778 3.7772 3.5257 3.5 7.683 3.47888300138
2016-05-30 07:33:36.984000 259632.551 3.504 59.142 35.239 62.508 3.919 7.7581 3.4506 3.7522 4.3196 3.7427 4.0779 3.7804 3.5258 3.5004 7.683 3.47888300138
2016-05-30 07:35:19.094000 259734.661 3.525 59.144 35.151 62.509 3.949 7.7523 3.4506 3.7522 4.3195 3.7425 4.078 3.7793 3.5259 3.5003 7.685 3.43863164815
2016-05-30 07:36:58.864000 259834.431 3.477 59.145 35.353 62.506 3.951 7.7467 3.4505 3.7527 4.3199 3.7426 4.0781 3.7792 3.5261 3.5004 7.685 3.50802219796
2016-05-30 07:38:41.394000 259936.961 3.4 59.142 34.786 62.507 3.574 7.7408 3.4505 3.7527 4.3199 3.7425 4.0783 3.7793 3.5257 3.5003 7.687 3.45588222811
2016-05-30 07:40:21.564000 260037.131 3.521 59.141 34.86 62.504 3.951 7.7351 3.4505 3.7531 4.3203 3.7425 4.0785 3.7799 3.5263 3.5002 7.685 3.46163242143
2016-05-30 07:42:01.464000 260137.031 3.533 59.141 35.125 62.508 3.949 7.7295 3.4505 3.7526 4.3198 3.7427 4.0784 3.7783 3.5259 3.5 7.685 3.42713126151
2016-05-30 07:43:44.015000 260239.582 3.349 59.144 34.973 62.508 3.948 7.7237 3.4503 3.7516 4.3191 3.7426 4.0778 3.7784 3.5258 3.4998 7.684 3.50802219796
2016-05-30 07:45:24.024000 260339.591 3.417 59.145 34.789 62.508 3.949 7.7181 3.4502 3.7517 4.3193 3.7424 4.0775 3.7776 3.526 3.5004 7.684 3.49038338802
2016-05-30 07:47:06.624000 260442.191 3.482 59.144 35.337 62.511 3.949 7.7123 3.4501 3.7519 4.3192 3.7425 4.0775 3.7779 3.5265 3.5003 7.683 3.62395757034
2016-05-30 07:48:46.874000 260542.441 3.417 59.145 35.49 62.508 3.813 7.7066 3.4501 3.7517 4.3192 3.7424 4.0775 3.7777 3.5259 3.5 7.683 3.43863164815
2016-05-30 07:50:29.254000 260644.821 3.499 59.144 34.852 62.509 3.948 7.7008 3.45 3.7507 4.3185 3.7421 4.0769 3.7761 3.526 3.5001 7.682 3.54427793488
2016-05-30 07:52:09.524000 260745.091 3.36 59.146 35.038 62.51 3.95 7.6952 3.4498 3.7516 4.3191 3.7421 4.0772 3.7797 3.526 3.5001 7.684 3.49613358134
2016-05-30 07:53:51.725000 260847.292 3.336 59.145 35.021 62.511 3.949 7.6894 3.4497 3.7518 4.3192 3.7421 4.0774 3.779 3.5265 3.5001 7.684 3.49613358134
2016-05-30 07:55:32.025000 260947.592 3.319 59.145 35.412 62.512 3.949 7.6838 3.4496 3.7517 4.3191 3.742 4.0774 3.7778 3.5262 3.5005 7.683 3.42138106819
2016-05-30 07:57:14.506000 261050.073 3.51 59.146 35.223 62.513 3.941 7.6779 3.4497 3.7514 4.319 3.7421 4.0773 3.7778 3.526 3.5002 7.683 3.47313280806
2016-05-30 07:58:54.516000 261150.083 3.459 59.148 35.41 62.514 3.446 7.6723 3.4495 3.7508 4.3185 3.7418 4.0769 3.7771 3.5262 3.4997 7.682 3.4846331947
2016-05-30 08:00:34.776000 261250.343 3.32 59.149 35.457 62.514 3.947 7.6667 3.4495 3.7506 4.3183 3.7418 4.0765 3.7768 3.5262 3.5003 7.683 3.52615006642
2016-05-30 08:02:17.236000 261352.803 3.525 59.151 35.1 62.516 3.945 7.6609 3.4492 3.7489 4.3171 3.7416 4.0756 3.7749 3.5258 3.5 7.681 3.43863164815
2016-05-30 08:03:57.558000 261453.125 3.456 59.15 34.83 62.513 3.841 7.6553 3.449 3.7494 4.3173 3.7415 4.0754 3.7757 3.5265 3.5 7.683 3.42138106819
2016-05-30 08:05:39.651000 261555.218 3.386 59.15 34.824 62.515 3.946 7.6495 3.4488 3.749 4.317 3.7413 4.0753 3.7748 3.5264 3.4998 7.682 3.50802219796
2016-05-30 08:07:20.011000 261655.578 3.319 59.151 35.155 62.515 3.946 7.6439 3.4487 3.7489 4.3171 3.7409 4.0752 3.7749 3.5261 3.4998 7.681 3.47888300138
2016-05-30 08:09:02.285000 261757.852 3.31 59.153 35.302 62.516 3.945 7.6382 3.4485 3.7485 4.3165 3.7409 4.0747 3.7736 3.5263 3.4999 7.681 3.49038338802
2016-05-30 08:10:42.585000 261858.152 3.351 59.15 35.482 62.514 3.948 7.6326 3.4485 3.7498 4.3176 3.7408 4.0753 3.7781 3.526 3.4995 7.682 3.43863164815
2016-05-30 08:12:25.126000 261960.693 3.54 59.15 35.011 62.515 3.625 7.6267 3.4485 3.7498 4.3176 3.7408 4.0755 3.7759 3.5262 3.4995 7.682 3.50197957514
2016-05-30 08:14:05.485000 262061.052 3.393 59.148 34.796 62.513 3.946 7.6211 3.4485 3.7505 4.3182 3.7407 4.076 3.7771 3.526 3.4999 7.683 3.38206920377
2016-05-30 08:15:48.036000 262163.603 3.321 59.149 35.429 62.513 3.948 7.6155 3.4483 3.7503 4.3179 3.7408 4.076 3.7778 3.5262 3.4997 7.683 3.50802219796
2016-05-30 08:17:28.216000 262263.783 3.319 59.146 35.193 62.513 3.93 7.6098 3.4484 3.7509 4.3185 3.7409 4.0765 3.7767 3.5264 3.4998 7.683 3.45013203479
2016-05-30 08:19:08.646000 262364.213 3.333 59.148 35.474 62.514 3.946 7.6042 3.4483 3.7497 4.3177 3.7408 4.0759 3.7765 3.5263 3.4997 7.682 3.47888300138
2016-05-30 08:20:51.272000 262466.839 3.362 59.15 35.119 62.512 3.924 7.5986 3.4483 3.7497 4.3176 3.741 4.0758 3.775 3.5267 3.5 7.687 3.45013203479
2016-05-30 08:22:31.782000 262567.349 3.318 59.15 34.807 62.512 3.948 7.5931 3.4483 3.7504 4.3181 3.741 4.0761 3.7779 3.5262 3.4995 7.684 3.47888300138
2016-05-30 08:24:14.443000 262670.01 3.437 59.145 35.451 62.511 3.895 7.5875 3.4482 3.7515 4.3189 3.741 4.0766 3.7791 3.5262 3.5001 7.684 3.44438184147
2016-05-30 08:25:54.933000 262770.5 3.52 59.147 35.132 62.51 3.949 7.582 3.4484 3.7516 4.3191 3.7412 4.0771 3.7787 3.5262 3.4998 7.683 3.47313280806
2016-05-30 08:27:37.625000 262873.192 3.345 59.146 34.947 62.51 3.949 7.5764 3.4484 3.7518 4.3192 3.7411 4.0772 3.7793 3.5263 3.4995 7.684 3.46738261475
2016-05-30 08:29:18.065000 262973.632 3.315 59.144 35.333 62.508 3.95 7.571 3.4485 3.7523 4.3195 3.7412 4.0776 3.7787 3.5263 3.4996 7.685 3.46163242143
2016-05-30 08:30:58.375000 263073.942 3.382 59.145 35.48 62.51 3.493 7.5655 3.4485 3.7517 4.3192 3.7415 4.0773 3.7781 3.5264 3.5001 7.683 3.4846331947
2016-05-30 08:32:41.037000 263176.604 3.543 59.142 34.965 62.507 3.951 7.5599 3.4485 3.7525 4.3197 3.7415 4.0777 3.7792 3.5263 3.4996 7.683 3.44438184147
2016-05-30 08:34:21.537000 263277.104 3.378 59.138 34.813 62.505 3.951 7.5544 3.4487 3.7534 4.3205 3.7416 4.0786 3.7804 3.5265 3.4997 7.687 3.49613358134
2016-05-30 08:36:04.266000 263379.833 3.507 59.141 35.238 62.505 3.944 7.5488 3.4488 3.7534 4.3204 3.7418 4.0788 3.7794 3.5266 3.4999 7.685 3.44438184147
2016-05-30 08:37:44.546000 263480.113 3.451 59.139 35.44 62.504 3.723 7.5435 3.4489 3.7536 4.3206 3.7419 4.0791 3.7805 3.5266 3.4998 7.685 3.42713126151
2016-05-30 08:39:27.067000 263582.634 3.48 59.138 34.795 62.503 3.953 7.5379 3.4488 3.7541 4.3211 3.7421 4.0792 3.782 3.5264 3.5 7.685 3.4846331947
2016-05-30 08:41:07.587000 263683.154 3.349 59.138 34.942 62.5 3.733 7.5324 3.4492 3.7549 4.3216 3.7423 4.0799 3.7826 3.5265 3.5005 7.687 3.44438184147
2016-05-30 08:42:50.371000 263785.938 3.513 59.136 35.167 62.501 3.952 7.5269 3.4492 3.7539 4.3209 3.7424 4.0795 3.7811 3.5261 3.5 7.685 3.49613358134
2016-05-30 08:44:30.813000 263886.38 3.497 59.133 34.842 62.499 3.881 7.5215 3.4492 3.7549 4.3218 3.7427 4.0799 3.7827 3.5264 3.5003 7.685 3.49613358134
2016-05-30 08:46:13.613000 263989.18 3.46 59.134 35.271 62.499 3.838 7.5159 3.4495 3.7554 4.3222 3.7428 4.0804 3.7836 3.5265 3.5002 7.686 3.41563087488
2016-05-30 08:47:54.254000 264089.821 3.538 59.132 35.113 62.499 3.392 7.5105 3.4496 3.7556 4.3222 3.743 4.0805 3.7814 3.5265 3.5004 7.686 3.46163242143
2016-05-30 08:49:34.924000 264190.491 3.486 59.133 34.81 62.5 3.953 7.5051 3.4497 3.7554 4.3222 3.7432 4.0805 3.7819 3.5267 3.5003 7.685 3.46163242143
2016-05-30 08:51:17.784000 264293.351 3.462 59.136 35.4 62.498 3.952 7.4994 3.4497 3.7545 4.3214 3.7432 4.0801 3.7804 3.5263 3.5011 7.685 3.44438184147
2016-05-30 08:52:57.934000 264393.501 3.372 59.135 35.473 62.498 3.952 7.494 3.4496 3.7538 4.321 3.7432 4.0795 3.7814 3.5266 3.5005 7.684 3.50197957514
2016-05-30 08:54:40.796000 264496.363 3.345 59.131 34.973 62.496 3.937 7.4886 3.4498 3.7554 4.3221 3.7434 4.0802 3.7826 3.5263 3.5008 7.685 3.43288145483
2016-05-30 08:56:21.288000 264596.855 3.317 59.132 35.354 62.496 3.952 7.4832 3.4498 3.7552 4.3219 3.7435 4.0806 3.7822 3.5266 3.5008 7.684 3.46163242143
2016-05-30 08:58:02.048000 264697.615 3.541 59.13 35.483 62.497 3.951 7.4777 3.4498 3.7537 4.3208 3.7435 4.0798 3.7803 3.5269 3.5009 7.685 3.41563087488
2016-05-30 08:59:45.188000 264800.755 3.357 59.134 35.476 62.497 3.951 7.4723 3.4496 3.7532 4.3207 3.7433 4.079 3.7809 3.5264 3.501 7.685 3.47313280806
2016-05-30 09:01:25.678000 264901.245 3.481 59.131 35.345 62.498 3.453 7.4668 3.4495 3.753 4.3203 3.7432 4.0788 3.7793 3.5266 3.5008 7.684 3.43288145483
2016-05-30 09:03:08.829000 265004.396 3.316 59.13 35.305 62.496 3.872 7.4613 3.4494 3.7525 4.3199 3.7431 4.0784 3.7808 3.5267 3.5009 7.684 3.47888300138
2016-05-30 09:04:49.399000 265104.966 3.382 59.129 35.48 62.494 3.95 7.4558 3.4494 3.7529 4.3203 3.743 4.0787 3.7797 3.527 3.5007 7.685 3.43863164815
2016-05-30 09:06:32.581000 265208.148 3.377 59.13 35.491 62.494 3.773 7.4503 3.4493 3.7531 4.3204 3.743 4.0787 3.78 3.5275 3.5012 7.684 3.42713126151
2016-05-30 09:08:13.371000 265308.938 3.43 59.129 35.246 62.494 3.951 7.4449 3.4492 3.7526 4.32 3.7429 4.0783 3.7803 3.5269 3.5011 7.684 3.46163242143
2016-05-30 09:09:53.909000 265409.476 3.34 59.134 34.972 62.495 3.948 7.4395 3.4492 3.7518 4.3193 3.7427 4.0779 3.7769 3.5268 3.5011 7.683 3.50197957514
2016-05-30 09:11:36.860000 265512.427 3.548 59.13 35.468 62.495 3.951 7.434 3.4491 3.7526 4.3199 3.7428 4.0782 3.7805 3.5267 3.5011 7.684 3.46163242143
2016-05-30 09:13:17.660000 265613.227 3.4 59.132 34.802 62.493 3.949 7.4286 3.4491 3.7527 4.3199 3.7426 4.0784 3.7775 3.5268 3.5009 7.683 3.46163242143
2016-05-30 09:15:00.460000 265716.027 3.483 59.13 35.286 62.495 3.95 7.4231 3.4489 3.7519 4.3195 3.7426 4.0779 3.7786 3.5273 3.5016 7.683 3.49613358134
2016-05-30 09:16:41.270000 265816.837 3.544 59.134 34.995 62.496 3.945 7.4177 3.4489 3.7508 4.3186 3.7425 4.0773 3.7765 3.527 3.5009 7.683 3.42713126151
2016-05-30 09:18:24.272000 265919.839 3.368 59.13 35.486 62.495 3.949 7.4122 3.4488 3.7517 4.3193 3.7424 4.0775 3.7785 3.5273 3.5013 7.683 3.42138106819
2016-05-30 09:20:04.948000 266020.515 3.473 59.126 34.804 62.492 3.95 7.4067 3.4487 3.7527 4.3199 3.7424 4.0782 3.7788 3.5268 3.5012 7.686 3.40988068156
2016-05-30 09:21:45.468000 266121.035 3.352 59.129 34.911 62.49 3.674 7.4014 3.4488 3.7529 4.32 3.7424 4.0785 3.7805 3.527 3.5014 7.685 3.47313280806
2016-05-30 09:23:28.469000 266224.036 3.535 59.131 35.068 62.492 3.951 7.3961 3.4489 3.7534 4.3205 3.7424 4.0787 3.7798 3.527 3.5009 7.685 3.46738261475
2016-05-30 09:25:09.139000 266324.706 3.461 59.127 34.794 62.493 3.951 7.3908 3.4489 3.7531 4.3203 3.7425 4.0786 3.7803 3.5271 3.5009 7.685 3.42138106819
2016-05-30 09:26:52.047000 266427.614 3.48 59.13 35.345 62.492 3.95 7.3854 3.4488 3.7525 4.3197 3.7424 4.0783 3.7786 3.5275 3.5012 7.684 3.49038338802
2016-05-30 09:28:32.917000 266528.484 3.348 59.13 34.931 62.49 3.927 7.3802 3.4488 3.752 4.3194 3.7425 4.0779 3.7787 3.5272 3.5011 7.683 3.45588222811
2016-05-30 09:30:15.819000 266631.386 3.54 59.131 35.066 62.49 3.949 7.3748 3.4488 3.7514 4.319 3.7425 4.0774 3.7774 3.5272 3.5014 7.682 3.46738261475
2016-05-30 09:31:56.739000 266732.306 3.322 59.128 34.803 62.49 3.951 7.3696 3.4486 3.7523 4.3198 3.7424 4.0778 3.7803 3.5277 3.5011 7.683 3.44438184147
2016-05-30 09:33:37.649000 266833.216 3.339 59.126 35.458 62.488 3.513 7.3643 3.4487 3.7529 4.32 3.7424 4.0782 3.7807 3.5275 3.5014 7.683 3.4846331947
2016-05-30 09:35:20.641000 266936.208 3.358 59.125 34.886 62.487 3.951 7.359 3.4488 3.7536 4.3205 3.7426 4.079 3.7803 3.5277 3.5014 7.684 3.47313280806
2016-05-30 09:37:01.601000 267037.168 3.45 59.123 35.432 62.487 3.951 7.3537 3.4487 3.7534 4.3206 3.7427 4.079 3.7807 3.5273 3.5016 7.684 3.4846331947
2016-05-30 09:38:44.811000 267140.378 3.446 59.122 35.441 62.487 3.889 7.3484 3.4488 3.7522 4.3196 3.7426 4.0782 3.7784 3.5274 3.5011 7.684 3.47888300138
2016-05-30 09:40:25.731000 267241.298 3.376 59.119 34.806 62.483 3.328 7.3431 3.4486 3.7525 4.3199 3.7426 4.0782 3.7806 3.5276 3.5016 7.684 3.44438184147
2016-05-30 09:42:08.953000 267344.52 3.513 59.122 35.209 62.484 3.924 7.3377 3.4487 3.7517 4.3192 3.7425 4.0778 3.7767 3.5279 3.5016 7.683 3.44438184147
2016-05-30 09:43:50.003000 267445.57 3.327 59.126 35.14 62.483 3.948 7.3325 3.4486 3.7508 4.3185 3.7425 4.0772 3.7769 3.5275 3.5012 7.683 3.40413048824
2016-05-30 09:45:33.243000 267548.81 3.333 59.121 35.08 62.483 3.948 7.3271 3.4483 3.7509 4.3187 3.7423 4.077 3.7772 3.5279 3.5012 7.682 3.46738261475
2016-05-30 09:47:14.274000 267649.841 3.482 59.123 35.328 62.483 3.903 7.3219 3.4482 3.7504 4.3182 3.7421 4.0765 3.7763 3.5273 3.5014 7.682 3.45588222811
2016-05-30 09:48:55.044000 267750.611 3.345 59.122 34.951 62.482 3.947 7.3166 3.448 3.75 4.3177 3.742 4.0762 3.7775 3.5278 3.5019 7.682 3.49038338802
2016-05-30 09:50:38.334000 267853.901 3.537 59.124 35.025 62.483 3.945 7.3113 3.4479 3.749 4.3171 3.7418 4.0755 3.7735 3.5277 3.5015 7.68 3.5201074436
2016-05-30 09:52:19.474000 267955.041 3.458 59.127 35.322 62.483 3.945 7.306 3.4477 3.7482 4.3166 3.7416 4.0749 3.7737 3.5273 3.5017 7.68 3.50197957514
2016-05-30 09:54:02.526000 268058.093 3.31 59.122 35.274 62.485 3.675 7.3007 3.4475 3.7473 4.3158 3.7412 4.0742 3.7721 3.5275 3.5016 7.679 3.47313280806
2016-05-30 09:55:43.626000 268159.193 3.525 59.122 35.142 62.487 3.945 7.2955 3.4472 3.7468 4.3155 3.7409 4.0734 3.7731 3.5273 3.5011 7.679 3.42138106819
2016-05-30 09:57:26.917000 268262.484 3.519 59.12 35.496 62.486 3.877 7.2901 3.4469 3.747 4.3153 3.7406 4.0735 3.7733 3.5275 3.5014 7.68 3.43863164815
2016-05-30 09:59:07.838000 268363.405 3.471 59.127 34.832 62.487 3.943 7.2849 3.4467 3.7467 4.3152 3.7404 4.0733 3.7716 3.5277 3.5011 7.68 3.46163242143
2016-05-30 10:00:48.918000 268464.485 3.499 59.126 35.199 62.489 3.942 7.2797 3.4465 3.7454 4.3143 3.7401 4.0724 3.7704 3.5279 3.5006 7.68 3.43288145483
2016-05-30 10:02:31.638000 268567.205 3.355 59.128 34.913 62.486 3.942 7.2743 3.4462 3.7456 4.3143 3.7397 4.0722 3.7705 3.5278 3.501 7.679 3.47888300138
2016-05-30 10:04:12.728000 268668.295 3.441 59.131 35.454 62.49 3.829 7.2691 3.446 3.7443 4.3132 3.7395 4.0714 3.7694 3.5275 3.5011 7.678 3.46163242143
2016-05-30 10:05:56.083000 268771.65 3.361 59.133 35.514 62.488 3.905 7.2638 3.4456 3.7449 4.3138 3.7393 4.0714 3.7713 3.5274 3.5006 7.682 3.50197957514
2016-05-30 10:07:37.323000 268872.89 3.308 59.134 34.825 62.492 3.94 7.2586 3.4455 3.7445 4.3133 3.7388 4.0711 3.7688 3.5277 3.5008 7.679 3.49038338802
2016-05-30 10:09:20.764000 268976.331 3.311 59.135 34.828 62.493 3.337 7.2532 3.4451 3.7435 4.3127 3.7386 4.0705 3.7706 3.5277 3.5009 7.677 3.51406482078
2016-05-30 10:11:01.714000 269077.281 3.323 59.136 35.473 62.492 3.924 7.248 3.4449 3.7447 4.3136 3.7384 4.071 3.7718 3.5275 3.5008 7.679 3.52615006642
2016-05-30 10:12:42.734000 269178.301 3.318 59.133 34.895 62.492 3.941 7.2429 3.4449 3.7451 4.3138 3.7384 4.0715 3.7699 3.5276 3.5009 7.679 3.46738261475
2016-05-30 10:14:26.455000 269282.022 3.331 59.139 35.018 62.493 3.941 7.2375 3.4447 3.7444 4.3133 3.7382 4.071 3.7711 3.5278 3.5 7.678 3.4846331947
2016-05-30 10:16:07.445000 269383.012 3.456 59.138 35.394 62.494 3.939 7.2324 3.4446 3.7432 4.3124 3.7381 4.0702 3.7685 3.5274 3.5002 7.68 3.43863164815
2016-05-30 10:17:51.220000 269486.787 3.513 59.13 35.445 62.496 3.94 7.2269 3.4442 3.7432 4.3124 3.7378 4.0699 3.7693 3.5278 3.4998 7.678 3.46163242143
2016-05-30 10:19:32.281000 269587.848 3.304 59.138 34.852 62.496 3.593 7.2218 3.4441 3.7431 4.3124 3.7376 4.0701 3.7681 3.5271 3.5002 7.679 3.47888300138
2016-05-30 10:21:15.961000 269691.528 3.305 59.135 35.336 62.496 3.94 7.2164 3.4439 3.7426 4.3119 3.7374 4.0695 3.7686 3.5276 3.4995 7.677 3.47313280806
2016-05-30 10:22:57.005000 269792.572 3.528 59.139 35.106 62.497 3.827 7.2113 3.4438 3.7435 4.3125 3.7373 4.0698 3.7689 3.5276 3.4998 7.678 3.47888300138
2016-05-30 10:24:40.566000 269896.133 3.517 59.141 35.138 62.498 3.94 7.2059 3.4437 3.7438 4.3128 3.7372 4.0701 3.7701 3.5273 3.4994 7.679 3.51406482078
2016-05-30 10:26:21.916000 269997.483 3.41 59.144 35.486 62.499 3.94 7.2007 3.4436 3.7429 4.3121 3.737 4.0696 3.769 3.5271 3.4996 7.679 3.47888300138
2016-05-30 10:28:03.246000 270098.813 3.306 59.135 35.344 62.497 3.93 7.1957 3.4434 3.7436 4.3126 3.737 4.07 3.7691 3.5275 3.5 7.679 3.50802219796
2016-05-30 10:29:46.842000 270202.409 3.308 59.14 35.281 62.498 3.94 7.1904 3.4432 3.7434 4.3124 3.7369 4.0699 3.7702 3.5272 3.4995 7.681 3.47888300138
2016-05-30 10:31:28.202000 270303.769 3.36 59.141 34.896 62.498 3.939 7.1853 3.4432 3.7434 4.3125 3.7369 4.0699 3.7695 3.5276 3.4993 7.68 3.45588222811
2016-05-30 10:33:11.583000 270407.15 3.363 59.145 35.168 62.5 3.938 7.1801 3.4429 3.7418 4.3112 3.7367 4.0688 3.7671 3.5271 3.4993 7.678 3.42138106819
2016-05-30 10:34:52.903000 270508.47 3.423 59.141 35.486 62.499 3.939 7.175 3.4429 3.742 4.3114 3.7366 4.0687 3.7682 3.5272 3.4996 7.677 3.39846093465
2016-05-30 10:36:34.277000 270609.844 3.305 59.144 35.348 62.5 3.933 7.1699 3.4427 3.7425 4.3118 3.7364 4.069 3.7693 3.5274 3.4988 7.677 3.43288145483
2016-05-30 10:38:17.923000 270713.49 3.309 59.143 35.292 62.502 3.94 7.1647 3.4425 3.7433 4.3124 3.7363 4.0695 3.7685 3.5273 3.4991 7.678 3.45013203479
2016-05-30 10:39:59.273000 270814.84 3.371 59.144 34.844 62.501 3.939 7.1597 3.4425 3.7429 4.3121 3.7363 4.0693 3.7672 3.5271 3.4988 7.679 3.42138106819
2016-05-30 10:41:40.680000 270916.247 3.527 59.145 35.105 62.502 3.225 7.1545 3.4424 3.7425 4.3118 3.7362 4.0691 3.7684 3.5274 3.4986 7.679 3.49613358134
2016-05-30 10:43:23.851000 271019.418 3.358 59.145 35.523 62.501 3.939 7.1494 3.4423 3.7427 4.3119 3.7362 4.0691 3.7685 3.5271 3.4989 7.678 3.47888300138
2016-05-30 10:45:05.241000 271120.808 3.311 59.145 35.204 62.504 3.466 7.1442 3.4421 3.7425 4.3118 3.7361 4.069 3.7675 3.5269 3.4988 7.678 3.47888300138
2016-05-30 10:46:48.751000 271224.318 3.317 59.146 35.182 62.503 3.939 7.1391 3.4421 3.7421 4.3116 3.736 4.0688 3.7691 3.5275 3.4987 7.678 3.46738261475
2016-05-30 10:48:30.062000 271325.629 3.386 59.146 34.819 62.505 3.353 7.134 3.4418 3.7415 4.3109 3.736 4.0682 3.7678 3.5271 3.4987 7.68 3.49038338802
2016-05-30 10:50:13.802000 271429.369 3.409 59.146 34.831 62.505 3.939 7.1288 3.4418 3.7422 4.3114 3.7358 4.0686 3.7674 3.5268 3.4984 7.678 3.46738261475
2016-05-30 10:51:55.282000 271530.849 3.518 59.146 35.164 62.504 3.941 7.1238 3.4418 3.7429 4.3121 3.7356 4.069 3.7697 3.5269 3.4982 7.679 3.4846331947
2016-05-30 10:53:36.801000 271632.368 3.33 59.145 35.53 62.503 3.939 7.1186 3.4418 3.7433 4.3122 3.7358 4.0694 3.7689 3.5267 3.4984 7.678 3.46163242143
2016-05-30 10:55:20.571000 271736.138 3.496 59.146 35.218 62.504 3.94 7.1135 3.4417 3.743 4.3123 3.7357 4.0692 3.7691 3.5269 3.4982 7.68 3.45588222811
2016-05-30 10:57:01.892000 271837.459 3.322 59.147 35.094 62.505 3.936 7.1084 3.4416 3.7427 4.3119 3.7357 4.0692 3.7673 3.5267 3.4986 7.68 3.46738261475
2016-05-30 10:58:45.704000 271941.271 3.34 59.149 35.518 62.505 3.811 7.1032 3.4416 3.743 4.3123 3.7357 4.0694 3.7696 3.5265 3.4979 7.679 3.46163242143
2016-05-30 11:00:27.234000 272042.801 3.316 59.146 35.152 62.504 3.917 7.0982 3.4416 3.7434 4.3125 3.7356 4.0696 3.7694 3.5268 3.4979 7.678 3.50802219796
2016-05-30 11:02:11.055000 272146.622 3.353 59.149 35.533 62.507 3.939 7.093 3.4413 3.7428 4.3121 3.7356 4.0693 3.7675 3.5268 3.4982 7.678 3.45013203479
2016-05-30 11:03:52.576000 272248.143 3.313 59.154 35.229 62.506 3.94 7.088 3.4414 3.7424 4.3118 3.7356 4.069 3.7684 3.5266 3.4982 7.678 3.41563087488
2016-05-30 11:05:34.139000 272349.706 3.389 59.149 34.806 62.504 3.94 7.0829 3.4412 3.7423 4.3118 3.7356 4.0688 3.7683 3.5259 3.498 7.678 3.41563087488
2016-05-30 11:07:17.579000 272453.146 3.492 59.146 34.908 62.508 3.939 7.0778 3.4412 3.742 4.3115 3.7355 4.0688 3.7679 3.5271 3.4981 7.679 3.46738261475
2016-05-30 11:08:59.169000 272554.736 3.496 59.149 35.264 62.506 3.445 7.0727 3.4409 3.7421 4.3115 3.7354 4.0687 3.7677 3.5273 3.4982 7.678 3.4846331947
2016-05-30 11:10:42.784000 272658.351 3.475 59.147 35.352 62.503 3.94 7.0677 3.4411 3.7432 4.3124 3.7354 4.0694 3.7701 3.5265 3.4983 7.679 3.46738261475
2016-05-30 11:12:24.425000 272759.992 3.498 59.151 35.216 62.505 3.941 7.0625 3.4412 3.7441 4.313 3.7355 4.0699 3.7709 3.5263 3.498 7.679 3.49613358134
2016-05-30 11:14:08.326000 272863.893 3.394 59.147 35.275 62.505 3.94 7.0574 3.4412 3.743 4.3122 3.7355 4.0697 3.7681 3.5262 3.4977 7.679 3.42138106819
2016-05-30 11:15:49.957000 272965.524 3.515 59.147 35.132 62.506 3.94 7.0523 3.441 3.7428 4.3121 3.7354 4.0693 3.7683 3.5266 3.4977 7.68 3.43863164815
2016-05-30 11:17:31.397000 273066.964 3.404 59.146 35.502 62.505 3.94 7.0474 3.4409 3.7432 4.3124 3.7354 4.0694 3.7684 3.5266 3.498 7.68 3.47888300138
2016-05-30 11:19:15.278000 273170.845 3.53 59.15 35.524 62.505 3.938 7.0421 3.4409 3.7421 4.3115 3.7353 4.0689 3.768 3.5262 3.4979 7.679 3.44438184147
2016-05-30 11:20:56.908000 273272.475 3.448 59.147 35.408 62.504 3.939 7.0371 3.4407 3.7418 4.3114 3.7353 4.0685 3.7687 3.5263 3.4978 7.678 3.44438184147
2016-05-30 11:22:40.829000 273376.396 3.523 59.147 34.975 62.505 3.94 7.032 3.4406 3.7421 4.3116 3.735 4.0686 3.768 3.5258 3.4977 7.678 3.40988068156
2016-05-30 11:24:22.249000 273477.816 3.471 59.141 35.394 62.505 3.848 7.0269 3.4406 3.7424 4.3119 3.7351 4.0688 3.7686 3.5263 3.4977 7.679 3.49038338802
2016-05-30 11:26:06.260000 273581.827 3.487 59.147 35.43 62.504 3.898 7.0217 3.4406 3.7429 4.3121 3.7351 4.0693 3.7693 3.5263 3.4977 7.68 3.5201074436
2016-05-30 11:27:47.968000 273683.535 3.489 59.146 35.3 62.503 3.25 7.0167 3.4406 3.743 4.3122 3.7351 4.0693 3.7693 3.5266 3.498 7.679 3.47888300138
2016-05-30 11:29:29.681000 273785.248 3.334 59.142 35.516 62.504 3.925 7.0118 3.4405 3.743 4.3122 3.7351 4.0695 3.7696 3.5261 3.4974 7.679 3.47313280806
2016-05-30 11:31:13.952000 273889.519 3.387 59.146 34.82 62.504 3.789 7.0066 3.4406 3.7433 4.3125 3.7351 4.0696 3.7687 3.5258 3.4978 7.68 3.4846331947
2016-05-30 11:32:55.492000 273991.059 3.519 59.147 35.166 62.503 3.936 7.0015 3.4405 3.7435 4.3126 3.7352 4.0697 3.7682 3.5261 3.4976 7.681 3.51406482078
2016-05-30 11:34:39.503000 274095.07 3.362 59.147 34.854 62.506 3.764 6.9965 3.4403 3.7424 4.3117 3.7352 4.0691 3.7689 3.5259 3.4972 7.678 3.45013203479
2016-05-30 11:36:21.001000 274196.568 3.532 59.149 35.031 62.505 3.939 6.9916 3.4403 3.742 4.3116 3.735 4.0687 3.7687 3.5258 3.4975 7.679 3.49038338802
2016-05-30 11:38:05.292000 274300.859 3.317 59.149 35.473 62.505 3.939 6.9865 3.4402 3.7422 4.3117 3.735 4.0687 3.7676 3.5257 3.4977 7.679 3.50802219796
2016-05-30 11:39:46.571000 274402.138 3.525 59.146 34.972 62.504 3.938 6.9816 3.4402 3.7424 4.3117 3.7349 4.0689 3.767 3.526 3.4976 7.678 3.47313280806
2016-05-30 11:41:30.943000 274506.51 3.322 59.147 35.512 62.504 3.75 6.9765 3.4402 3.7418 4.3113 3.7348 4.0685 3.7678 3.5259 3.4977 7.678 3.44438184147
2016-05-30 11:43:12.753000 274608.32 3.35 59.149 35.52 62.504 3.931 6.9716 3.4399 3.7415 4.3112 3.7347 4.0682 3.7678 3.5258 3.4975 7.678 3.47888300138
2016-05-30 11:44:54.694000 274710.261 3.419 59.147 35.474 62.503 3.938 6.9666 3.4398 3.7418 4.3113 3.7345 4.0682 3.7683 3.5254 3.4973 7.679 3.46163242143
2016-05-30 11:46:38.524000 274814.091 3.392 59.145 35.526 62.501 3.939 6.9616 3.4398 3.7422 4.3116 3.7347 4.0687 3.7672 3.5254 3.4974 7.679 3.51406482078
2016-05-30 11:48:20.405000 274915.972 3.446 59.145 35.458 62.501 3.93 6.9568 3.4397 3.7425 4.3117 3.7345 4.0688 3.7672 3.5255 3.4971 7.68 3.47313280806
