#Human readable time. Time (s) since start. Lakeshore temperature sensor 218 T1,3,5,6,8 and 224 C2,C3,C4,C5,D2,D3,D5,A,B
2016-05-12 13:37:27.430000 0.0 3.284 3.516 35.141 62.461 3.92 3.7257 3.422 27.5831 26.7791 26.2725 4.1832 3.7442 0.2937 1.1479 3.503 

2016-05-12 13:38:28.170000 60.74 3.411 3.518 35.397 62.424 3.921 3.7256 3.4227 27.5842 26.7812 26.273 4.1796 3.7454 0.2937 1.148 3.504 -004.075 KOHM R   

2016-05-12 13:39:28.540000 121.11 3.263 3.519 35.26 62.385 3.922 3.7257 3.4245 27.5847 26.78 26.2737 4.1763 3.7471 0.2937 1.1481 3.506 -004.065 KOHM R   

2016-05-12 13:40:28.930000 181.5 3.468 3.52 35.55 62.347 3.923 3.7254 3.4246 27.5822 26.78 26.2743 4.1735 3.7467 0.2937 1.1481 3.507 -004.081 KOHM R   

2016-05-12 13:41:29.320000 241.89 3.291 3.52 34.933 62.313 3.923 3.7256 3.4256 27.5828 26.7807 26.2746 4.1705 3.7488 0.2937 1.1481 3.508 -004.072 KOHM R   

2016-05-12 13:42:29.740000 302.31 3.436 3.522 35.255 62.279 3.924 3.7251 3.4264 27.5831 26.7782 26.2743 4.1679 3.7489 0.2937 1.1481 3.508 -004.074 KOHM R   

2016-05-12 13:43:30.190000 362.76 3.259 3.522 35.31 62.246 3.893 3.7246 3.4261 27.5825 26.7788 26.2762 4.1652 3.749 0.2937 1.1481 3.509 -004.055 KOHM R   

2016-05-12 13:44:30.690000 423.26 3.456 3.522 34.925 62.216 3.925 3.7243 3.427 27.5825 26.7788 26.2776 4.1624 3.7503 0.2937 1.1481 3.508 -004.081 KOHM R   

2016-05-12 13:45:31.230000 483.8 3.295 3.523 35.485 62.183 3.925 3.7236 3.4268 27.5818 26.7773 26.2771 4.1601 3.7494 0.2937 1.1482 3.509 -004.055 KOHM R   

2016-05-12 13:46:31.770000 544.34 3.336 3.523 34.774 62.155 3.925 3.7238 3.4275 27.5828 26.7782 26.2789 4.1577 3.7508 0.2937 1.1482 3.51 -004.089 KOHM R   

2016-05-12 13:47:32.341000 604.911 3.468 3.524 35.408 62.125 3.926 3.7236 3.4283 27.5838 26.7788 26.2786 4.1555 3.7514 0.2937 1.1482 3.51 -004.084 KOHM R   

2016-05-12 13:48:32.941000 665.511 3.278 3.524 35.413 62.097 3.926 3.7233 3.4281 27.5822 26.7791 26.278 4.1535 3.751 0.2937 1.1483 3.511 -004.066 KOHM R   

2016-05-12 13:49:33.571000 726.141 3.353 3.525 34.742 62.067 3.925 3.7229 3.4288 27.5828 26.7798 26.2792 4.1516 3.7523 0.2937 1.1483 3.511 -004.056 KOHM R   

2016-05-12 13:50:34.231000 786.801 3.357 3.526 35.4 62.039 3.926 3.7232 3.4293 27.5835 26.7803 26.281 4.1486 3.7519 0.2937 1.1482 3.512 -004.058 KOHM R   

2016-05-12 13:51:34.941000 847.511 3.268 3.525 35.324 62.013 3.927 3.7227 3.4297 27.5831 26.7798 26.2834 4.1483 3.7534 0.2937 1.1483 3.512 -004.077 KOHM R   

2016-05-12 13:52:35.671000 908.241 3.424 3.525 34.783 61.989 3.92 3.7224 3.4296 27.5838 26.7798 26.2865 4.1467 3.7523 0.2937 1.1483 3.512 -004.078 KOHM R   

2016-05-12 13:53:36.421000 968.991 3.441 3.526 35.377 61.965 3.927 3.7219 3.4295 27.5838 26.7815 26.2877 4.1451 3.753 0.2937 1.1483 3.512 -004.061 KOHM R   

2016-05-12 13:54:37.257000 1029.827 3.268 3.526 35.124 61.941 3.927 3.7213 3.4295 27.5814 26.7803 26.2874 4.1435 3.7525 0.2937 1.1483 3.513 -004.077 KOHM R   

2016-05-12 13:55:38.069000 1090.639 3.297 3.525 34.812 61.921 3.927 3.7208 3.4292 27.5814 26.7815 26.2884 4.1419 3.7525 0.2937 1.1482 3.512 -004.059 KOHM R   

2016-05-12 13:56:38.911000 1151.481 3.395 3.526 35.191 61.896 3.928 3.7207 3.4299 27.5818 26.7807 26.2884 4.1404 3.7532 0.2937 1.1484 3.512 -004.080 KOHM R   

2016-05-12 13:57:39.803000 1212.373 3.363 3.527 35.357 61.874 3.928 3.7208 3.43 27.5804 26.7809 26.2893 4.1392 3.7535 0.2937 1.1484 3.513 -004.064 KOHM R   

2016-05-12 13:58:40.717000 1273.287 3.279 3.527 35.316 61.849 3.928 3.7206 3.4308 27.5825 26.7812 26.2895 4.1381 3.7543 0.2937 1.1483 3.514 -004.067 KOHM R   

2016-05-12 13:59:41.659000 1334.229 3.275 3.527 35.022 61.831 3.929 3.7206 3.4308 27.5828 26.7807 26.2911 4.1371 3.7542 0.2937 1.1484 3.514 -004.068 KOHM R   

2016-05-12 14:00:42.651000 1395.221 3.313 3.527 34.703 61.811 3.928 3.72 3.431 27.5814 26.7803 26.2926 4.1362 3.7544 0.2937 1.1484 3.514 -004.051 KOHM R   

2016-05-12 14:01:43.683000 1456.253 3.479 3.528 34.83 61.79 3.927 3.7197 3.4303 27.5822 26.7809 26.2926 4.135 3.7536 0.2937 1.1484 3.513 -004.060 KOHM R   

2016-05-12 14:02:44.715000 1517.285 3.453 3.527 35.102 61.773 3.928 3.7189 3.4303 27.5831 26.7819 26.2922 4.134 3.7534 0.2937 1.1484 3.513 -004.074 KOHM R   

2016-05-12 14:03:45.777000 1578.347 3.375 3.527 35.305 61.754 3.928 3.7186 3.4298 27.5822 26.7812 26.292 4.1327 3.7534 0.2937 1.1485 3.513 -004.062 KOHM R   

2016-05-12 14:04:46.899000 1639.469 3.279 3.527 35.286 61.736 3.923 3.7179 3.4298 27.5822 26.7815 26.2957 4.1317 3.7532 0.2937 1.1484 3.513 -004.068 KOHM R   

2016-05-12 14:05:48.012000 1700.582 3.33 3.526 35.323 61.718 3.927 3.7177 3.4296 27.5825 26.7803 26.2975 4.1308 3.752 0.2937 1.1484 3.513 -004.079 KOHM R   

2016-05-12 14:06:49.154000 1761.724 3.268 3.525 35.226 61.701 3.926 3.7162 3.4285 27.5811 26.78 26.2992 4.1297 3.7515 0.2937 1.1485 3.512 -004.053 KOHM R   

2016-05-12 14:07:50.346000 1822.916 3.289 3.525 34.812 61.683 3.926 3.7159 3.4282 27.5811 26.7812 26.3027 4.1286 3.7515 0.2937 1.1484 3.512 -004.083 KOHM R   

2016-05-12 14:08:51.578000 1884.148 3.277 3.524 34.942 61.668 3.925 3.7148 3.4276 27.5807 26.7825 26.3047 4.1275 3.7506 0.2937 1.1484 3.511 -004.051 KOHM R   

2016-05-12 14:09:52.840000 1945.41 3.331 3.523 34.64 61.652 3.924 3.7143 3.4272 27.5807 26.7798 26.3054 4.1264 3.7507 0.2937 1.1485 3.51 -004.064 KOHM R   

2016-05-12 14:10:54.104000 2006.674 3.414 3.529 35.196 61.634 3.918 3.7176 3.4317 27.5828 26.7825 26.3078 4.1262 3.7556 0.2937 1.1485 3.515 -004.055 KOHM R   

2016-05-12 14:11:55.416000 2067.986 3.496 3.532 34.777 61.612 3.933 3.7206 3.4352 27.5835 26.7825 26.3096 4.1276 3.7596 0.2937 1.1485 3.519 -004.083 KOHM R   

2016-05-12 14:12:56.758000 2129.328 3.283 3.534 35.212 61.597 3.934 3.7213 3.4366 27.5828 26.7825 26.3111 4.1287 3.7603 0.2937 1.1485 3.521 -004.061 KOHM R   

2016-05-12 14:13:58.150000 2190.72 3.487 3.534 34.707 61.58 3.934 3.7214 3.4365 27.5831 26.783 26.3114 4.1292 3.7602 0.2937 1.1485 3.52 -004.077 KOHM R   

2016-05-12 14:14:59.532000 2252.102 3.291 3.534 35.237 61.567 3.935 3.7219 3.4373 27.5828 26.7822 26.3126 4.1295 3.7607 0.2937 1.1485 3.522 -004.059 KOHM R   

2016-05-12 14:16:00.965000 2313.535 3.475 3.536 35.21 61.552 3.936 3.7226 3.4385 27.5842 26.7837 26.3148 4.1298 3.762 0.2937 1.1486 3.522 -004.078 KOHM R   

2016-05-12 14:17:02.417000 2374.987 3.288 3.535 34.662 61.537 3.936 3.7223 3.438 27.5847 26.783 26.316 4.1298 3.7614 0.2937 1.1486 3.522 -004.073 KOHM R   

2016-05-12 14:18:03.929000 2436.499 3.455 3.536 35.185 61.524 3.935 3.7217 3.4375 27.5831 26.7839 26.317 4.1297 3.7611 0.2937 1.1486 3.521 -004.049 KOHM R   

2016-05-12 14:19:05.461000 2498.031 3.292 3.534 35.234 61.512 3.935 3.721 3.4367 27.5825 26.7834 26.3188 4.1289 3.7601 0.2937 1.1487 3.521 -004.079 KOHM R   

2016-05-12 14:20:06.994000 2559.564 3.488 3.536 34.665 61.498 3.935 3.7215 3.4376 27.5828 26.7844 26.3179 4.1287 3.7611 0.2937 1.1487 3.521 -004.066 KOHM R   

2016-05-12 14:21:08.546000 2621.116 3.286 3.534 35.214 61.487 3.934 3.7204 3.4365 27.5838 26.783 26.32 4.1283 3.7597 0.2937 1.1487 3.521 -004.084 KOHM R   

2016-05-12 14:22:10.158000 2682.728 3.485 3.534 34.707 61.473 3.935 3.7203 3.4365 27.5831 26.783 26.3209 4.1278 3.7598 0.2937 1.1487 3.52 -004.058 KOHM R   

2016-05-12 14:23:11.791000 2744.361 24.602 22.209 43.272 61.731 22.938 18.0423 22.153 29.9417 29.0992 26.3394 9.849 23.4115 0.3328 1.177 23.901 -004.085 KOHM R   

2016-05-12 14:24:13.454000 2806.024 21.175 20.732 47.211 62.443 21.573 16.0824 21.0092 31.2737 30.1194 27.666 12.697 21.2712 0.6994 1.3891 21.312 -004.049 KOHM R   

2016-05-12 14:25:15.146000 2867.716 32.359 20.809 52.52 63.212 20.724 17.1783 20.6186 32.1026 30.9305 29.6888 13.9741 21.1118 0.6997 1.4132 21.099 -003.831 KOHM R   

2016-05-12 14:26:16.878000 2929.448 25.824 23.235 54.537 64.047 23.695 19.4424 23.5262 33.057 32.0228 30.7018 15.3299 23.8255 0.8372 1.606 23.911 -003.802 KOHM R   

2016-05-12 14:27:18.621000 2991.191 23.659 23.063 55.791 64.886 23.687 20.2742 23.6874 33.7885 32.7458 31.2774 16.3748 23.5834 0.8806 1.8013 23.615 -003.686 KOHM R   

2016-05-12 14:28:20.383000 3052.953 23.125 22.699 57.066 65.671 23.207 20.6994 23.1955 34.2994 33.2569 31.5772 16.1538 23.0854 0.8732 1.9322 23.066 -003.549 KOHM R   

2016-05-12 14:29:22.165000 3114.735 22.872 22.519 58.34 66.425 22.924 21.0567 22.9078 34.6727 33.6468 31.8377 16.8074 22.8618 0.8604 2.0313 22.826 -003.484 KOHM R   

2016-05-12 14:30:23.998000 3176.568 22.753 22.44 59.568 67.15 22.802 21.3114 22.7858 34.9627 33.9593 32.1092 17.3816 22.7548 0.8521 2.1069 22.713 -003.431 KOHM R   

2016-05-12 14:31:25.830000 3238.4 42.906 23.844 65.68 67.859 23.274 21.8392 23.5027 35.2269 34.2474 32.3627 17.8617 24.1516 0.857 2.1784 24.105 -003.403 KOHM R   

2016-05-12 14:32:27.722000 3300.292 28.964 27.072 65.353 68.611 27.429 24.4804 29.1381 36.004 35.0353 32.6524 18.6793 27.7266 1.1086 2.4459 28.111 -003.356 KOHM R   

2016-05-12 14:33:29.625000 3362.195 27.448 26.717 65.716 69.369 27.228 25.1712 29.1805 36.6294 35.6564 33.0712 19.4682 27.1133 1.1705 2.613 27.29 -003.290 KOHM R   

2016-05-12 14:34:31.558000 3424.128 26.925 26.454 66.27 70.082 26.818 25.6937 28.8182 37.0834 36.1126 33.5053 20.0889 26.7541 1.1732 2.7325 26.854 -003.232 KOHM R   

2016-05-12 14:35:33.530000 3486.1 26.658 26.276 66.932 70.753 26.57 26.0405 28.3968 37.4284 36.4643 33.9077 20.6017 26.5494 1.1654 2.8236 26.62 -003.204 KOHM R   

2016-05-12 14:36:35.493000 3548.063 26.504 26.157 67.652 71.396 26.41 26.3577 28.0619 37.6849 36.7454 34.2654 21.051 26.4097 1.1578 2.8992 26.468 -003.164 KOHM R   

2016-05-12 14:37:37.535000 3610.105 26.416 26.086 68.385 72.02 26.31 26.6122 27.9 37.8888 36.9737 34.581 21.3994 26.3222 1.1531 2.9594 26.375 -003.163 KOHM R   

2016-05-12 14:38:39.567000 3672.137 26.369 26.048 69.119 72.631 26.251 26.8156 27.8102 38.0556 37.1625 34.8595 21.7331 26.2719 1.1512 3.0133 26.321 -003.138 KOHM R   

2016-05-12 14:39:41.640000 3734.21 26.346 26.033 69.848 73.23 26.221 26.9864 27.7596 38.1864 37.327 35.1179 22.0607 26.2452 1.1519 3.0583 26.294 -003.138 KOHM R   

2016-05-12 14:40:43.772000 3796.342 26.339 26.033 70.565 73.816 26.209 27.1558 27.7343 38.3011 37.4652 35.3504 22.3721 26.2339 1.1544 3.098 26.283 -003.111 KOHM R   

2016-05-12 14:41:45.904000 3858.474 26.338 26.041 71.274 74.386 26.2 27.3009 27.7249 38.3929 37.5865 35.565 22.6435 26.2296 1.1581 3.1354 26.276 -003.121 KOHM R   

2016-05-12 14:42:48.107000 3920.677 26.345 26.053 71.965 74.939 26.2 27.4262 27.7239 38.4705 37.6922 35.7665 22.863 26.2326 1.1625 3.1691 26.278 -003.102 KOHM R   

2016-05-12 14:43:50.339000 3982.909 26.358 26.071 72.654 75.471 26.209 27.5398 27.7333 38.5394 37.7817 35.9511 23.0812 26.2418 1.1676 3.1999 26.287 -003.078 KOHM R   

2016-05-12 14:44:52.572000 4045.142 26.376 26.096 73.327 75.99 26.223 27.6402 27.7476 38.6018 37.8643 36.1236 23.3625 26.2573 1.173 3.2284 26.302 -003.099 KOHM R   

2016-05-12 14:45:54.825000 4107.395 31.916 28.993 77.149 76.515 28.843 29.3953 31.4699 38.8835 38.1517 36.2854 23.696 29.4743 1.2947 3.3268 29.849 -003.087 KOHM R   

2016-05-12 14:46:57.147000 4169.717 29.753 28.929 77.174 77.075 29.342 29.859 32.0597 39.2578 38.5126 36.5064 24.078 29.2744 1.3748 3.4113 29.491 -003.067 KOHM R   

2016-05-12 14:47:59.480000 4232.05 29.281 28.766 77.426 77.621 29.103 30.1079 31.9756 39.5311 38.7822 36.7532 24.5192 28.997 1.3915 3.4752 29.14 -003.045 KOHM R   

2016-05-12 14:49:01.862000 4294.432 29.058 28.663 77.801 78.142 28.919 30.3309 31.8194 39.7411 38.9933 37.0038 24.8404 28.8515 1.3937 3.5285 28.959 -003.046 KOHM R   

2016-05-12 14:50:04.265000 4356.835 28.93 28.6 78.244 78.65 28.811 30.5154 31.6864 39.9064 39.1628 37.2378 25.1503 28.766 1.3939 3.5757 28.856 -003.029 KOHM R   

2016-05-12 14:51:06.828000 4419.398 28.871 28.565 78.726 79.151 28.75 30.677 31.5893 40.0358 39.306 37.4531 25.4924 28.7185 1.395 3.6208 28.801 -003.005 KOHM R   

2016-05-12 14:52:09.298000 4481.868 28.851 28.556 79.22 79.638 28.72 30.8253 31.5379 40.1422 39.4242 37.6514 25.7746 28.6985 1.398 3.6597 28.776 -003.029 KOHM R   

2016-05-12 14:53:11.798000 4544.368 28.851 28.564 79.726 80.113 28.715 30.9684 31.5192 40.2291 39.5326 37.8358 26.0175 28.6987 1.4026 3.6936 28.773 -003.006 KOHM R   

2016-05-12 14:54:14.318000 4606.888 28.867 28.585 80.234 80.576 28.726 31.0937 31.5223 40.3071 39.6197 38.0071 26.2904 28.713 1.4086 3.7249 28.783 -002.998 KOHM R   

2016-05-12 14:55:16.888000 4669.458 28.893 28.615 80.745 81.031 28.746 31.2157 31.5463 40.3759 39.7056 38.1673 26.53 28.7348 1.4154 3.756 28.807 -003.018 KOHM R   

2016-05-12 14:56:19.508000 4732.078 28.927 28.649 81.256 81.479 28.776 31.3323 31.5802 40.4349 39.7783 38.3187 26.7458 28.766 1.4231 3.7872 28.836 -002.985 KOHM R   

2016-05-12 14:57:22.138000 4794.708 28.967 28.691 81.767 81.927 28.811 31.4454 31.6266 40.4896 39.8484 38.4613 26.9385 28.8016 1.4315 3.8151 28.872 -003.000 KOHM R   

2016-05-12 14:58:24.819000 4857.389 29.011 28.734 82.279 82.364 28.851 31.5491 31.6829 40.5408 39.9111 38.5976 27.1339 28.8417 1.4412 3.843 28.914 -002.988 KOHM R   

2016-05-12 14:59:27.509000 4920.079 29.062 28.782 82.794 82.797 28.896 31.658 31.7434 40.5897 39.9734 38.7263 27.3184 28.8871 1.4512 3.8699 28.957 -002.971 KOHM R   

2016-05-12 15:00:30.219000 4982.789 29.118 28.833 83.304 83.226 28.944 31.7562 31.811 40.6353 40.0302 38.8521 27.4915 28.9334 1.4615 3.8977 29.006 -002.993 KOHM R   

2016-05-12 15:01:32.969000 5045.539 29.178 28.886 83.819 83.652 28.996 31.8582 31.8819 40.6822 40.0827 38.9683 27.6502 28.9837 1.4722 3.9234 29.062 -002.977 KOHM R   

2016-05-12 15:02:35.769000 5108.339 29.24 28.941 84.326 84.073 29.055 31.9578 31.9562 40.7288 40.136 39.0838 27.8014 29.0404 1.4831 3.9498 29.122 -002.971 KOHM R   

2016-05-12 15:03:38.579000 5171.149 29.304 29.0 84.837 84.493 29.119 32.0459 32.0339 40.7725 40.1873 39.1928 27.9409 29.1051 1.4939 3.9763 29.184 -002.973 KOHM R   

2016-05-12 15:04:41.429000 5233.999 29.373 29.067 85.339 84.906 29.185 32.1308 32.1051 40.8169 40.2389 39.3007 28.127 29.1686 1.5053 4.0012 29.248 -002.966 KOHM R   

2016-05-12 15:05:44.379000 5296.949 29.442 29.136 85.836 85.315 29.254 32.2169 32.184 40.863 40.2912 39.4028 28.3481 29.2372 1.5165 4.0261 29.318 -002.970 KOHM R   

2016-05-12 15:06:47.289000 5359.859 29.515 29.207 86.331 85.716 29.326 32.2974 32.2632 40.9077 40.341 39.5039 28.5536 29.3083 1.528 4.0514 29.39 -002.954 KOHM R   

2016-05-12 15:07:50.229000 5422.799 29.59 29.281 86.826 86.118 29.401 32.3843 32.3442 40.9528 40.3933 39.6035 28.7549 29.3816 1.5409 4.0758 29.462 -002.969 KOHM R   

2016-05-12 15:08:53.199000 5485.769 29.669 29.358 87.317 86.515 29.481 32.467 32.4329 41.0021 40.4411 39.6942 28.9458 29.4571 1.5543 4.1009 29.54 -002.941 KOHM R   

2016-05-12 15:09:56.200000 5548.77 29.75 29.438 87.806 86.912 29.562 32.5536 32.524 41.0508 40.4942 39.789 29.0972 29.5365 1.5677 4.125 29.62 -002.941 KOHM R   

2016-05-12 15:10:59.200000 5611.77 29.836 29.523 88.294 87.308 29.647 32.6415 32.6179 41.1028 40.5476 39.8788 29.2262 29.6204 1.5813 4.152 29.705 -002.964 KOHM R   

2016-05-12 15:12:02.260000 5674.83 29.924 29.606 88.777 87.697 29.735 32.7331 32.7137 41.1532 40.6034 39.9684 29.3557 29.707 1.5951 4.1772 29.793 -002.935 KOHM R   

2016-05-12 15:13:05.330000 5737.9 30.016 29.697 89.261 88.086 29.829 32.8221 32.8171 41.2056 40.6579 40.0555 29.4785 29.7983 1.6092 4.2051 29.885 -002.936 KOHM R   

2016-05-12 15:14:08.470000 5801.04 30.119 29.788 89.742 88.476 29.925 32.9177 32.9225 41.2652 40.7155 40.1403 29.6003 29.8926 1.6235 4.2316 29.978 -002.943 KOHM R   

2016-05-12 15:15:11.610000 5864.18 30.225 29.884 90.215 88.865 30.031 33.0118 33.0361 41.3217 40.7755 40.2277 29.7187 29.993 1.638 4.258 30.085 -002.914 KOHM R   

2016-05-12 15:16:14.780000 5927.35 30.336 29.985 90.684 89.25 30.144 33.1122 33.1515 41.3822 40.8362 40.3119 29.8378 30.1028 1.654 4.2848 30.198 -002.950 KOHM R   

2016-05-12 15:17:17.990000 5990.56 30.455 30.099 91.152 89.634 30.265 33.2147 33.2765 41.4502 40.8993 40.3941 29.9524 30.2213 1.6708 4.3125 30.316 -002.921 KOHM R   

2016-05-12 15:18:21.220000 6053.79 30.58 30.219 91.616 90.021 30.393 33.3203 33.4082 41.5159 40.9689 40.4789 30.0907 30.3457 1.6878 4.3392 30.445 -002.918 KOHM R   

2016-05-12 15:19:24.470000 6117.04 30.711 30.346 92.077 90.396 30.529 33.433 33.5447 41.5864 41.0371 40.5604 30.2468 30.4787 1.7054 4.3668 30.578 -002.927 KOHM R   

2016-05-12 15:20:27.770000 6180.34 30.85 30.481 92.54 90.778 30.674 33.5467 33.692 41.6623 41.1135 40.6438 30.4015 30.6205 1.7234 4.3964 30.722 -002.904 KOHM R   

2016-05-12 15:21:31.100000 6243.67 30.997 30.622 93.001 91.155 30.829 33.6749 33.8481 41.7385 41.1901 40.7279 30.558 30.7719 1.7417 4.4281 30.874 -002.922 KOHM R   

2016-05-12 15:22:34.441000 6307.011 31.165 30.772 93.456 91.532 30.993 33.8019 34.0147 41.8246 41.2734 40.8147 30.709 30.9282 1.762 4.4603 31.037 -002.909 KOHM R   

2016-05-12 15:23:37.811000 6370.381 31.339 30.93 93.916 91.913 31.177 33.9384 34.1912 41.914 41.3602 40.9005 30.8666 31.102 1.7834 4.4906 31.216 -002.914 KOHM R   

2016-05-12 15:24:41.221000 6433.791 31.522 31.101 94.373 92.293 31.369 34.0805 34.372 42.009 41.4511 40.9842 31.0224 31.2872 1.8055 4.5207 31.406 -002.891 KOHM R   

2016-05-12 15:25:44.671000 6497.241 31.714 31.286 94.83 92.674 31.571 34.2307 34.5681 42.1086 41.5513 41.072 31.1859 31.4833 1.828 4.5562 31.604 -002.917 KOHM R   

2016-05-12 15:26:48.151000 6560.721 31.918 31.482 95.282 93.058 31.789 34.3894 34.7733 42.2163 41.6506 41.1635 31.347 31.6924 1.8513 4.6035 31.817 -002.891 KOHM R   

2016-05-12 15:27:51.661000 6624.231 32.142 31.688 95.731 93.444 32.018 34.5605 34.9963 42.3296 41.7655 41.2556 31.5113 31.9142 1.8762 4.6895 32.047 -002.901 KOHM R   

2016-05-12 15:28:55.181000 6687.751 32.383 31.906 96.184 93.833 32.275 34.7591 35.2286 42.4502 41.8805 41.3514 31.6822 32.1565 1.9046 4.8371 32.301 -002.882 KOHM R   

2016-05-12 15:29:58.761000 6751.331 32.638 32.146 96.636 94.228 32.549 34.9695 35.4816 42.5798 42.0085 41.4536 31.8552 32.4208 1.9345 4.9993 32.572 -002.880 KOHM R   

2016-05-12 15:31:02.351000 6814.921 32.916 32.411 97.094 94.628 32.847 35.1882 35.7536 42.7183 42.1387 41.5579 32.0306 32.7104 1.9665 5.1682 32.866 -002.843 KOHM R   

2016-05-12 15:32:05.971000 6878.541 33.221 32.694 97.551 95.034 33.173 35.4134 36.044 42.8698 42.2822 41.6668 32.1925 33.0215 2.0003 5.3512 33.19 -002.846 KOHM R   

2016-05-12 15:33:09.611000 6942.181 33.556 32.996 98.02 95.444 33.532 35.6511 36.3702 43.0281 42.4348 41.7802 32.3589 33.3679 2.0398 5.5416 33.544 -002.817 KOHM R   

2016-05-12 15:34:13.322000 7005.892 33.916 33.34 98.493 95.871 33.921 35.8996 36.7182 43.2032 42.5992 41.8967 32.5385 33.746 2.0824 5.739 33.931 -002.822 KOHM R   

2016-05-12 15:35:17.052000 7069.622 34.322 33.706 98.976 96.309 34.357 36.162 37.0919 43.3884 42.7775 42.0241 32.7189 34.157 2.1278 5.9529 34.362 -002.786 KOHM R   

2016-05-12 15:36:20.792000 7133.362 34.756 34.106 99.472 96.766 34.824 36.4424 37.5023 43.5922 42.9684 42.1548 32.9142 34.619 2.1824 6.1745 34.831 -002.793 KOHM R   

2016-05-12 15:37:24.572000 7197.142 35.224 34.548 99.986 97.239 35.326 36.7447 37.946 43.8096 43.1765 42.291 33.1155 35.1146 2.2421 6.4076 35.325 -002.766 KOHM R   

2016-05-12 15:38:28.362000 7260.932 35.718 35.018 100.52 97.744 35.851 37.0652 38.4254 44.0505 43.3936 42.4391 33.3268 35.6332 2.3126 6.667 35.849 -002.748 KOHM R   

2016-05-12 15:39:32.182000 7324.752 36.249 35.508 101.07 98.273 36.414 37.4046 38.9363 44.3004 43.6335 42.5969 33.5575 36.1858 2.3926 6.9476 36.413 -002.731 KOHM R   

2016-05-12 15:40:36.042000 7388.612 36.813 36.021 101.64 98.826 37.0 37.7675 39.4823 44.5676 43.882 42.7637 33.7935 36.7783 2.4912 7.2502 36.997 -002.707 KOHM R   

2016-05-12 15:41:39.992000 7452.562 37.386 36.572 102.25 99.408 37.597 38.1448 40.0524 44.8496 44.1523 42.9403 34.0451 37.3775 2.6113 7.5753 37.595 -002.692 KOHM R   

2016-05-12 15:42:43.932000 7516.502 37.969 37.13 102.88 100.01 38.188 38.5401 40.6574 45.1448 44.4266 43.1291 34.3055 37.9866 2.7626 7.9178 38.194 -002.685 KOHM R   

2016-05-12 15:43:47.882000 7580.452 38.557 37.694 103.53 100.63 38.785 38.9467 41.2877 45.4569 44.7224 43.3287 34.582 38.5899 2.9556 8.2978 38.791 -002.690 KOHM R   

2016-05-12 15:44:51.882000 7644.452 39.146 38.255 104.2 101.26 39.393 39.3714 41.9474 45.775 45.0292 43.5365 34.8662 39.201 3.1871 8.7201 39.4 -002.648 KOHM R   

2016-05-12 15:45:55.913000 7708.483 39.746 38.812 104.89 101.9 39.999 39.8017 42.7238 46.1008 45.3485 43.7558 35.1691 39.8187 4.1515 9.1569 40.009 -002.637 KOHM R   

2016-05-12 15:46:59.973000 7772.543 40.338 39.379 105.58 102.55 40.599 40.2491 43.3507 46.4376 45.6827 43.9913 35.4828 40.428 5.6376 9.7347 40.611 -002.615 KOHM R   

2016-05-12 15:48:04.083000 7836.653 40.928 39.942 106.27 103.19 41.183 40.6959 43.8179 46.7912 46.0339 44.2362 35.802 41.0176 7.4678 10.4416 41.199 -002.606 KOHM R   

2016-05-12 15:49:08.223000 7900.793 41.498 40.495 106.96 103.85 41.756 41.1574 44.2107 47.1487 46.3954 44.4866 36.1339 41.5977 9.2964 11.2219 41.778 -002.583 KOHM R   

2016-05-12 15:50:12.383000 7964.953 42.057 41.045 107.62 104.49 42.306 41.6063 44.5655 47.534 46.7725 44.7474 36.4546 42.1679 10.5886 11.8848 42.339 -002.577 KOHM R   

2016-05-12 15:51:16.603000 8029.173 42.603 41.573 108.28 105.13 42.847 42.0386 44.9259 47.945 47.1689 45.0147 36.7801 42.7178 11.4451 12.4599 42.884 -002.533 KOHM R   

2016-05-12 15:52:20.823000 8093.393 43.131 42.091 108.91 105.76 43.367 42.4531 45.3129 48.3655 47.5789 45.2832 37.1062 43.2501 12.0272 12.9544 43.415 -002.531 KOHM R   

2016-05-12 15:53:25.053000 8157.623 43.646 42.593 109.52 106.37 43.873 42.8638 45.7179 48.7957 47.9978 45.5556 37.4329 43.7608 12.4352 13.3891 43.923 -002.519 KOHM R   

2016-05-12 15:54:29.353000 8221.923 44.142 43.08 110.12 106.98 44.358 43.2628 46.1305 49.2295 48.4177 45.8318 37.7646 44.2563 12.7748 13.7906 44.416 -002.503 KOHM R   

2016-05-12 15:55:33.663000 8286.233 44.625 43.548 110.7 107.58 44.833 43.6637 46.5481 49.661 48.841 46.1098 38.0969 44.7379 13.0693 14.1587 44.893 -002.501 KOHM R   

2016-05-12 15:56:38.003000 8350.573 45.096 44.008 111.25 108.17 45.291 44.0485 46.9707 50.0911 49.2593 46.389 38.4246 45.199 13.3042 14.5176 45.353 -002.502 KOHM R   

2016-05-12 15:57:42.494000 8415.064 45.552 44.454 111.81 108.76 45.733 44.4306 47.378 50.5093 49.6759 46.6779 38.7595 45.6333 13.5183 14.8442 45.8 -002.480 KOHM R   

2016-05-12 15:58:46.934000 8479.504 45.991 44.882 112.33 109.32 46.147 44.8084 47.7832 50.924 50.086 46.9623 39.0898 46.074 13.7051 15.1404 46.219 -002.490 KOHM R   

2016-05-12 15:59:51.364000 8543.934 46.4 45.295 112.84 109.87 46.53 45.1755 48.1725 51.3333 50.4904 47.2528 39.4116 46.4678 13.8483 15.4171 46.612 -002.472 KOHM R   

2016-05-12 16:00:55.834000 8608.404 46.793 45.683 113.32 110.38 46.887 45.5367 48.5429 51.7363 50.8884 47.5376 39.7414 46.838 13.9703 15.6718 46.975 -002.459 KOHM R   

2016-05-12 16:02:00.344000 8672.914 47.162 46.052 113.78 110.88 47.217 45.8859 48.9008 52.1326 51.2812 47.829 40.0624 47.1758 14.0902 15.9321 47.312 -002.469 KOHM R   

2016-05-12 16:03:04.864000 8737.434 47.505 46.391 114.23 111.35 47.523 46.2254 49.232 52.5129 51.6606 48.1159 40.3824 47.491 14.1903 16.1649 47.622 -002.449 KOHM R   

2016-05-12 16:04:09.414000 8801.984 47.826 46.709 114.67 111.81 47.812 46.5512 49.5484 52.8889 52.0337 48.4051 40.6918 47.7786 14.2716 16.398 47.909 -002.456 KOHM R   

2016-05-12 16:05:13.994000 8866.564 48.128 47.006 115.09 112.26 48.075 46.8648 49.8453 53.2435 52.3932 48.6874 41.0033 48.0458 14.3733 16.6072 48.175 -002.451 KOHM R   

2016-05-12 16:06:18.604000 8931.174 48.406 47.283 115.51 112.69 48.322 47.1703 50.1163 53.5867 52.7374 48.9729 41.3061 48.2952 14.4658 16.8225 48.423 -002.456 KOHM R   

2016-05-12 16:07:23.244000 8995.814 48.666 47.548 115.91 113.11 48.552 47.4654 50.374 53.917 53.0751 49.2553 41.6077 48.5253 14.5589 17.0239 48.653 -002.441 KOHM R   

2016-05-12 16:08:27.954000 9060.524 48.909 47.792 116.31 113.52 48.77 47.7518 50.6156 54.23 53.3985 49.5332 41.8975 48.7408 14.642 17.2138 48.87 -002.444 KOHM R   

2016-05-12 16:09:32.675000 9125.245 49.14 48.026 116.71 113.93 48.976 48.0292 50.8396 54.5311 53.7015 49.8072 42.1824 48.9426 14.7327 17.4046 49.076 -002.452 KOHM R   

2016-05-12 16:10:37.425000 9189.995 49.353 48.243 117.1 114.32 49.174 48.2937 51.0533 54.813 54.0015 50.0775 42.4636 49.1326 14.8144 17.5811 49.265 -002.433 KOHM R   

2016-05-12 16:11:42.175000 9254.745 49.558 48.45 117.49 114.71 49.358 48.5519 51.2537 55.0856 54.2855 50.3439 42.7412 49.3142 14.9047 17.7578 49.451 -002.440 KOHM R   

2016-05-12 16:12:46.975000 9319.545 49.752 48.653 117.87 115.09 49.539 48.7998 51.443 55.3476 54.5592 50.6069 43.0062 49.4887 14.9981 17.9245 49.627 -002.432 KOHM R   

2016-05-12 16:13:51.795000 9384.365 49.939 48.842 118.25 115.46 49.71 49.0375 51.6223 55.5945 54.8174 50.8639 43.2722 49.6514 15.0795 18.1169 49.793 -002.424 KOHM R   

2016-05-12 16:14:56.635000 9449.205 50.116 49.022 118.63 115.83 49.875 49.2703 51.7961 55.8322 55.0672 51.1154 43.5292 49.8091 15.1698 18.2588 49.956 -002.406 KOHM R   

2016-05-12 16:16:01.495000 9514.065 50.286 49.196 119.01 116.19 50.033 49.4934 51.9614 56.0624 55.3092 51.3634 43.782 49.9602 15.2671 18.414 50.111 -002.438 KOHM R   

2016-05-12 16:17:06.425000 9578.995 50.452 49.365 119.38 116.55 50.191 49.7117 52.12 56.275 55.5372 51.6119 44.0316 50.1123 15.3525 18.5704 50.262 -002.417 KOHM R   

2016-05-12 16:18:11.365000 9643.935 50.61 49.528 119.75 116.91 50.34 49.9224 52.2721 56.4809 55.7609 51.8516 44.2747 50.2553 15.4471 18.7226 50.408 -002.424 KOHM R   

2016-05-12 16:19:16.315000 9708.885 50.767 49.688 120.12 117.26 50.487 50.1264 52.42 56.681 55.9722 52.0894 44.513 50.3973 15.525 18.8632 50.554 -002.419 KOHM R   

2016-05-12 16:20:21.315000 9773.885 50.919 49.844 120.49 117.61 50.63 50.321 52.5641 56.8728 56.1759 52.3143 44.7465 50.5328 15.6215 19.0039 50.695 -002.424 KOHM R   

2016-05-12 16:21:26.346000 9838.916 51.068 49.994 120.85 117.95 50.768 50.5153 52.7047 57.0547 56.3747 52.5431 44.9744 50.6674 15.7049 19.1511 50.828 -002.423 KOHM R   

2016-05-12 16:22:31.426000 9903.996 51.211 50.142 121.21 118.29 50.908 50.7031 52.8397 57.23 56.562 52.7667 45.2009 50.8032 15.8095 19.2789 50.965 -002.418 KOHM R   

2016-05-12 16:23:36.526000 9969.096 51.354 50.286 121.57 118.63 51.046 50.8824 52.9738 57.4011 56.7455 52.9867 45.4226 50.9322 15.8984 19.4093 51.099 -002.399 KOHM R   

2016-05-12 16:24:41.676000 10034.246 51.496 50.43 121.92 118.97 51.177 51.0624 53.1084 57.567 56.9251 53.1996 45.6376 51.062 15.9959 19.5451 51.228 -002.410 KOHM R   

2016-05-12 16:25:46.846000 10099.416 51.634 50.568 122.28 119.3 51.309 51.2348 53.2352 57.7279 57.0967 53.4102 45.8513 51.1878 16.077 19.6864 51.36 -002.394 KOHM R   

2016-05-12 16:26:52.036000 10164.606 51.773 50.705 122.63 119.63 51.438 51.4046 53.3647 57.8841 57.2622 53.6207 46.0617 51.3156 16.171 19.8037 51.486 -002.418 KOHM R   

2016-05-12 16:27:57.286000 10229.856 51.905 50.841 122.98 119.97 51.567 51.5704 53.4942 58.0332 57.4265 53.8227 46.265 51.4398 16.2644 19.9353 51.614 -002.398 KOHM R   

2016-05-12 16:29:02.536000 10295.106 52.039 50.974 123.34 120.29 51.695 51.7333 53.6155 58.1826 57.5832 54.0213 46.4657 51.5636 16.3609 20.048 51.739 -002.410 KOHM R   

2016-05-12 16:30:07.846000 10360.416 52.168 51.106 123.68 120.61 51.822 51.8899 53.7388 58.325 57.7377 54.2177 46.6617 51.6882 16.4475 20.1859 51.864 -002.389 KOHM R   

2016-05-12 16:31:13.166000 10425.736 52.294 51.237 124.03 120.93 51.947 52.045 53.8588 58.4655 57.8841 54.4102 46.8589 51.8086 16.5429 20.2963 51.985 -002.413 KOHM R   

2016-05-12 16:32:18.496000 10491.066 52.425 51.368 124.37 121.25 52.07 52.1976 53.9811 58.6045 58.0347 54.5988 47.0491 51.9315 16.628 20.4129 52.105 -002.392 KOHM R   

2016-05-12 16:33:23.877000 10556.447 52.549 51.496 124.72 121.57 52.191 52.3496 54.1035 58.7381 58.1755 54.7858 47.236 52.0512 16.7132 20.5239 52.225 -002.403 KOHM R   

2016-05-12 16:34:29.267000 10621.837 52.675 51.624 125.06 121.88 52.311 52.4947 54.2222 58.8683 58.3147 54.9666 47.4227 52.1686 16.8069 20.6317 52.342 -002.392 KOHM R   

2016-05-12 16:35:34.757000 10687.327 52.8 51.75 125.39 122.2 52.432 52.6371 54.3385 58.9982 58.4546 55.148 47.6087 52.284 16.9098 20.75 52.464 -002.394 KOHM R   

2016-05-12 16:36:40.277000 10752.847 52.925 51.877 125.73 122.51 52.55 52.7827 54.4572 59.1299 58.5907 55.3238 47.7901 52.4017 16.9885 20.8573 52.582 -002.391 KOHM R   

2016-05-12 16:37:45.807000 10818.377 53.051 52.0 126.06 122.82 52.669 52.9252 54.5747 59.2553 58.724 55.499 47.9705 52.5214 17.0867 20.9657 52.698 -002.400 KOHM R   

2016-05-12 16:38:51.347000 10883.917 53.173 52.124 126.4 123.13 52.788 53.0597 54.6916 59.3763 58.8509 55.6712 48.1443 52.6364 17.1856 21.0844 52.815 -002.377 KOHM R   

2016-05-12 16:39:56.937000 10949.507 53.298 52.243 126.73 123.44 52.906 53.1984 54.8097 59.5001 58.9844 55.8421 48.3186 52.7536 17.2693 21.1823 52.932 -002.386 KOHM R   

2016-05-12 16:41:02.537000 11015.107 53.42 52.363 127.06 123.74 53.024 53.3326 54.9242 59.6232 59.109 56.0073 48.4904 52.8682 17.3544 21.2819 53.05 -002.386 KOHM R   

2016-05-12 16:42:08.187000 11080.757 53.544 52.486 127.39 124.05 53.141 53.4681 55.0416 59.7432 59.2363 56.1692 48.6598 52.9849 17.4393 21.3801 53.167 -002.382 KOHM R   

2016-05-12 16:43:13.907000 11146.477 53.667 52.604 127.71 124.35 53.26 53.5986 55.1556 59.8625 59.3615 56.3307 48.8281 53.1012 17.546 21.4905 53.284 -002.395 KOHM R   

2016-05-12 16:44:19.767000 11212.337 53.788 52.723 128.04 124.66 53.376 53.7313 55.273 59.983 59.4835 56.4888 48.9957 53.2181 17.6262 21.5963 53.398 -002.378 KOHM R   

2016-05-12 16:45:25.518000 11278.088 53.914 52.842 128.36 124.96 53.494 53.8608 55.3888 60.0966 59.6055 56.6441 49.1588 53.3332 17.7111 21.6906 53.516 -002.394 KOHM R   

2016-05-12 16:46:31.338000 11343.908 54.036 52.962 128.69 125.25 53.61 53.9875 55.5027 60.2125 59.7245 56.7973 49.3227 53.4472 17.8072 21.7897 53.632 -002.376 KOHM R   

2016-05-12 16:47:37.148000 11409.718 54.157 53.079 129.01 125.55 53.726 54.1161 55.6202 60.3284 59.8441 56.95 49.4816 53.5655 17.8973 21.9024 53.746 -002.389 KOHM R   

2016-05-12 16:48:43.018000 11475.588 54.277 53.198 129.33 125.85 53.843 54.2403 55.7362 60.442 59.9645 57.0971 49.642 53.6796 17.9837 21.9926 53.863 -002.371 KOHM R   

2016-05-12 16:49:48.928000 11541.498 54.402 53.315 129.65 126.14 53.961 54.3664 55.8522 60.5554 60.0805 57.2453 49.7988 53.7945 18.0712 22.0728 53.979 -002.383 KOHM R   

2016-05-12 16:50:54.848000 11607.418 54.521 53.433 129.96 126.43 54.078 54.4906 55.9643 60.6699 60.1989 57.3916 49.9535 53.9095 18.1808 22.1975 54.096 -002.365 KOHM R   

2016-05-12 16:52:00.788000 11673.358 54.644 53.552 130.28 126.72 54.192 54.6117 56.083 60.7816 60.3136 57.5389 50.1097 54.0251 18.2682 22.286 54.212 -002.377 KOHM R   

2016-05-12 16:53:06.748000 11739.318 54.766 53.669 130.59 127.02 54.31 54.7354 56.1921 60.8942 60.4295 57.6797 50.2628 54.1408 18.3577 22.3905 54.327 -002.367 KOHM R   

2016-05-12 16:54:12.748000 11805.318 54.89 53.784 130.9 127.3 54.428 54.8586 56.3096 61.005 60.5408 57.822 50.4126 54.2568 18.4317 22.4712 54.443 -002.374 KOHM R   

2016-05-12 16:55:18.778000 11871.348 55.011 53.901 131.21 127.59 54.544 54.9784 56.4235 61.1172 60.6563 57.9649 50.5656 54.3708 18.5355 22.5677 54.558 -002.360 KOHM R   

2016-05-12 16:56:24.848000 11937.418 55.132 54.018 131.52 127.88 54.659 55.101 56.5367 61.2264 60.7699 58.1011 50.7126 54.4872 18.6247 22.6555 54.674 -002.381 KOHM R   

2016-05-12 16:57:30.989000 12003.559 55.254 54.134 131.82 128.17 54.776 55.2173 56.6546 61.338 60.8792 58.2377 50.859 54.6027 18.7074 22.7566 54.792 -002.360 KOHM R   

2016-05-12 16:58:37.079000 12069.649 55.376 54.251 132.13 128.45 54.892 55.3374 56.7675 61.4498 60.9943 58.3733 51.0064 54.7176 18.8134 22.8455 54.907 -002.383 KOHM R   

2016-05-12 16:59:43.219000 12135.789 55.497 54.367 132.43 128.74 55.007 55.4553 56.8831 61.5583 61.1076 58.5091 51.1537 54.8326 18.8991 22.9321 55.021 -002.360 KOHM R   

2016-05-12 17:00:49.369000 12201.939 55.62 54.482 132.74 129.02 55.124 55.5743 56.9974 61.6692 61.2171 58.6421 51.2971 54.949 18.9964 23.0187 55.138 -002.378 KOHM R   

2016-05-12 17:01:55.559000 12268.129 55.739 54.598 133.04 129.31 55.239 55.6917 57.1106 61.7799 61.3304 58.7717 51.4407 55.0636 19.0761 23.1159 55.254 -002.355 KOHM R   

2016-05-12 17:03:01.829000 12334.399 55.86 54.715 133.34 129.59 55.358 55.8093 57.2259 61.8893 61.4432 58.9021 51.5826 55.1781 19.1825 23.2139 55.369 -002.376 KOHM R   

2016-05-12 17:04:08.089000 12400.659 55.984 54.832 133.64 129.87 55.472 55.9283 57.3421 61.9976 61.5541 59.0316 51.7229 55.2958 19.2756 23.2927 55.484 -002.358 KOHM R   

2016-05-12 17:05:14.379000 12466.949 56.104 54.945 133.94 130.15 55.59 56.0429 57.4555 62.1098 61.6646 59.1634 51.8648 55.41 19.3597 23.3917 55.602 -002.373 KOHM R   

2016-05-12 17:06:20.719000 12533.289 56.225 55.063 134.23 130.43 55.705 56.1585 57.5723 62.2171 61.7742 59.2897 52.0043 55.5277 19.4494 23.4753 55.716 -002.363 KOHM R   

2016-05-12 17:07:27.079000 12599.649 56.348 55.178 134.53 130.71 55.823 56.2767 57.6878 62.3292 61.8854 59.418 52.1429 55.6427 19.5486 23.5585 55.832 -002.362 KOHM R   

2016-05-12 17:08:33.479000 12666.049 56.468 55.294 134.82 130.98 55.939 56.3889 57.8023 62.4361 61.9957 59.5434 52.2839 55.7563 19.6259 23.6398 55.947 -002.373 KOHM R   

2016-05-12 17:09:39.930000 12732.5 56.591 55.409 135.12 131.26 56.055 56.5028 57.9158 62.5453 62.1049 59.6697 52.4211 55.8727 19.7434 23.738 56.066 -002.358 KOHM R   

2016-05-12 17:10:46.370000 12798.94 56.712 55.526 135.41 131.53 56.17 56.6203 58.0323 62.6575 62.2156 59.7931 52.5556 55.9875 19.8237 23.8127 56.182 -002.361 KOHM R   

2016-05-12 17:11:52.990000 12865.56 56.833 55.639 135.7 131.81 56.285 56.7338 58.1465 62.7665 62.3283 59.9179 52.6957 56.1026 19.9232 23.9063 56.298 -002.382 KOHM R   

2016-05-12 17:12:59.540000 12932.11 56.955 55.757 135.99 132.08 56.402 56.8488 58.263 62.8761 62.4391 60.0395 52.8278 56.2191 20.0146 23.9917 56.412 -002.356 KOHM R   

2016-05-12 17:14:06.080000 12998.65 57.078 55.87 136.28 132.35 56.519 56.9599 58.3761 62.985 62.5482 60.1624 52.9633 56.334 20.1059 24.0709 56.528 -002.372 KOHM R   

2016-05-12 17:15:12.650000 13065.22 57.199 55.987 136.56 132.63 56.635 57.0753 58.4929 63.0946 62.6586 60.2824 53.0967 56.4513 20.1976 24.1662 56.644 -002.353 KOHM R   

2016-05-12 17:16:19.260000 13131.83 57.321 56.102 136.85 132.9 56.75 57.1898 58.6094 63.2039 62.7694 60.4047 53.2304 56.5667 20.2926 24.2527 56.76 -002.350 KOHM R   

2016-05-12 17:17:25.880000 13198.45 57.441 56.217 137.13 133.17 56.867 57.3048 58.7251 63.3143 62.8795 60.5235 53.3644 56.682 20.4064 24.3215 56.877 -002.357 KOHM R   

2016-05-12 17:18:32.566000 13265.136 57.563 56.333 137.42 133.43 56.984 57.4162 58.8386 63.4224 62.9888 60.6428 53.5 56.7973 20.4877 24.4147 56.994 -002.343 KOHM R   

2016-05-12 17:19:39.260000 13331.83 57.684 56.447 137.7 133.7 57.1 57.5308 58.9543 63.5307 63.0976 60.7608 53.6296 56.9131 20.5911 24.494 57.109 -002.362 KOHM R   

2016-05-12 17:20:45.974000 13398.544 57.805 56.561 137.98 133.97 57.215 57.6432 59.0679 63.6391 63.2108 60.8797 53.7597 57.0275 20.6856 24.5742 57.224 -002.343 KOHM R   

2016-05-12 17:21:52.747000 13465.317 57.929 56.675 138.26 134.24 57.333 57.7563 59.1865 63.7509 63.3172 60.9962 53.8922 57.1426 20.7798 24.6385 57.339 -002.356 KOHM R   

2016-05-12 17:22:59.551000 13532.121 58.048 56.792 138.54 134.51 57.448 57.8684 59.3003 63.8597 63.4303 61.1126 54.0238 57.2594 20.8915 24.7366 57.455 -002.339 KOHM R   

2016-05-12 17:24:06.374000 13598.944 58.168 56.908 138.82 134.78 57.564 57.9818 59.4181 63.9693 63.5395 61.2317 54.1516 57.3758 20.9904 24.78 57.574 -002.352 KOHM R   

2016-05-12 17:25:13.217000 13665.787 58.285 57.021 139.1 135.04 57.68 58.0966 59.5312 64.0786 63.6488 61.3467 54.2809 57.4921 21.0981 24.879 57.69 -002.340 KOHM R   

2016-05-12 17:26:20.100000 13732.67 58.408 57.137 139.37 135.3 57.796 58.2068 59.6494 64.1834 63.7577 61.4594 54.4113 57.6066 21.2039 24.9505 57.806 -002.355 KOHM R   

2016-05-12 17:27:27.034000 13799.604 58.525 57.251 139.65 135.57 57.913 58.3206 59.7655 64.2953 63.8654 61.5744 54.5376 57.7235 21.3074 25.0485 57.922 -002.350 KOHM R   

2016-05-12 17:28:34.007000 13866.577 58.644 57.364 139.92 135.83 58.028 58.4323 59.8787 64.4051 63.979 61.689 54.6654 57.8385 21.4018 25.1281 58.037 -002.347 KOHM R   

2016-05-12 17:29:40.980000 13933.55 58.765 57.482 140.2 136.09 58.141 58.544 59.9972 64.5129 64.0898 61.8019 54.7952 57.9529 21.529 25.1858 58.151 -002.357 KOHM R   

2016-05-12 17:30:48.014000 14000.584 58.882 57.597 140.47 136.35 58.258 58.6571 60.1135 64.6216 64.1985 61.9146 54.9226 58.0684 21.6436 25.288 58.263 -002.346 KOHM R   

2016-05-12 17:31:55.067000 14067.637 59.003 57.71 140.74 136.61 58.37 58.769 60.2288 64.7323 64.3087 62.0281 55.0483 58.1816 21.7514 25.3581 58.378 -002.350 KOHM R   

2016-05-12 17:33:02.202000 14134.772 59.122 57.827 141.01 136.87 58.483 58.8839 60.3409 64.8421 64.4199 62.1394 55.1762 58.2944 21.869 25.4501 58.492 -002.343 KOHM R   

2016-05-12 17:34:09.325000 14201.895 59.24 57.939 141.28 137.13 58.598 58.9953 60.4572 64.9518 64.5298 62.2516 55.2986 58.4098 21.9787 25.5025 58.605 -002.343 KOHM R   

2016-05-12 17:35:16.448000 14269.018 59.358 58.055 141.54 137.39 58.712 59.1064 60.5731 65.0608 64.6414 62.3632 55.4269 58.5221 22.0902 25.5764 58.718 -002.355 KOHM R   

2016-05-12 17:36:23.782000 14336.352 59.479 58.165 141.81 137.65 58.825 59.2178 60.6888 65.1679 64.7532 62.4729 55.5518 58.6374 22.2152 25.6451 58.834 -002.337 KOHM R   

2016-05-12 17:37:31.035000 14403.605 59.598 58.279 142.08 137.91 58.938 59.3324 60.803 65.2745 64.8605 62.5818 55.6781 58.7494 22.3605 25.7185 58.947 -002.338 KOHM R   

2016-05-12 17:38:38.278000 14470.848 59.717 58.391 142.34 138.17 59.054 59.445 60.9189 65.384 64.9727 62.6877 55.803 58.862 22.48 25.8242 59.059 -002.348 KOHM R   

2016-05-12 17:39:45.532000 14538.102 59.836 58.503 142.61 138.42 59.167 59.5558 61.0354 65.4889 65.0784 62.7991 55.9275 58.9757 22.6082 25.8684 59.174 -002.326 KOHM R   

2016-05-12 17:40:52.825000 14605.395 59.958 58.616 142.87 138.68 59.28 59.6665 61.1511 65.5996 65.188 62.9057 56.0534 59.0905 22.7338 25.9454 59.289 -002.339 KOHM R   

2016-05-12 17:42:00.179000 14672.749 60.075 58.726 143.14 138.93 59.395 59.7781 61.2656 65.7097 65.2968 63.0134 56.1772 59.2037 22.8702 26.0323 59.401 -002.352 KOHM R   

2016-05-12 17:43:07.542000 14740.112 60.194 58.84 143.4 139.19 59.511 59.8905 61.3821 65.815 65.4055 63.1231 56.2994 59.3176 23.0122 26.0848 59.516 -002.332 KOHM R   

2016-05-12 17:44:14.937000 14807.507 60.313 58.952 143.66 139.44 59.623 60.0045 61.4981 65.9219 65.5112 63.229 56.4232 59.4324 23.1485 26.1698 59.63 -002.342 KOHM R   

2016-05-12 17:45:22.380000 14874.95 60.434 59.065 143.92 139.7 59.736 60.1158 61.6146 66.0304 65.6204 63.3335 56.5454 59.5442 23.2863 26.2312 59.745 -002.337 KOHM R   

2016-05-12 17:46:29.853000 14942.423 60.552 59.178 144.18 139.95 59.851 60.2259 61.7317 66.1411 65.7298 63.4408 56.6707 59.6595 23.4532 26.3027 59.858 -002.349 KOHM R   

2016-05-12 17:47:37.357000 15009.927 60.672 59.291 144.44 140.21 59.967 60.3363 61.8474 66.2471 65.8379 63.5472 56.7929 59.7711 23.5845 26.3951 59.973 -002.327 KOHM R   

2016-05-12 17:48:44.870000 15077.44 60.793 59.402 144.7 140.46 60.079 60.4484 61.9619 66.3548 65.9457 63.6515 56.9152 59.8887 23.7376 26.4406 60.087 -002.345 KOHM R   

2016-05-12 17:49:52.444000 15145.014 60.912 59.515 144.96 140.71 60.195 60.56 62.0775 66.4639 66.0548 63.7545 57.0395 60.0014 23.884 26.4885 60.202 -002.329 KOHM R   

2016-05-12 17:51:00.057000 15212.627 61.032 59.629 145.21 140.96 60.308 60.6734 62.1941 66.5723 66.1622 63.8574 57.1607 60.1153 24.0296 26.5884 60.317 -002.361 KOHM R   

2016-05-12 17:52:07.691000 15280.261 61.152 59.74 145.47 141.21 60.422 60.7859 62.3085 66.6795 66.2732 63.9609 57.2835 60.232 24.1888 26.646 60.432 -002.325 KOHM R   

2016-05-12 17:53:15.304000 15347.874 61.271 59.852 145.72 141.46 60.538 60.8967 62.425 66.7895 66.38 64.0628 57.4068 60.345 24.3567 26.6995 60.547 -002.327 KOHM R   

2016-05-12 17:54:22.958000 15415.528 61.392 59.965 145.98 141.71 60.653 61.0065 62.545 66.8969 66.4901 64.165 57.5297 60.4582 24.505 26.781 60.658 -002.344 KOHM R   

2016-05-12 17:55:30.841000 15483.411 61.511 60.078 146.23 141.95 60.767 61.1187 62.6581 67.0047 66.597 64.2664 57.6495 60.5729 24.6701 26.8649 60.775 -002.325 KOHM R   

2016-05-12 17:56:38.546000 15551.116 61.632 60.19 146.48 142.2 60.882 61.2308 62.7767 67.1147 66.7047 64.3692 57.7742 60.6866 24.8203 26.9199 60.891 -002.340 KOHM R   

2016-05-12 17:57:46.299000 15618.869 61.752 60.303 146.73 142.45 60.998 61.3423 62.8925 67.2225 66.8153 64.4714 57.8956 60.7997 24.9617 27.0076 61.006 -002.326 KOHM R   

2016-05-12 17:58:54.083000 15686.653 61.872 60.415 146.98 142.7 61.111 61.4543 63.0085 67.3328 66.9244 64.5752 58.0173 60.9167 25.1145 27.0677 61.12 -002.323 KOHM R   

2016-05-12 18:00:01.916000 15754.486 61.991 60.527 147.24 142.94 61.226 61.5652 63.1256 67.4399 67.0309 64.6798 58.14 61.0312 25.2518 27.1355 61.234 -002.334 KOHM R   

2016-05-12 18:01:09.810000 15822.38 62.113 60.642 147.49 143.19 61.34 61.6765 63.2408 67.5463 67.1419 64.7854 58.2602 61.1451 25.39 27.1934 61.349 -002.336 KOHM R   

2016-05-12 18:02:17.713000 15890.283 62.234 60.753 147.74 143.44 61.454 61.7884 63.3566 67.6532 67.2502 64.8915 58.3801 61.2591 25.4897 27.2932 61.465 -002.323 KOHM R   

2016-05-12 18:03:25.617000 15958.187 62.353 60.867 147.98 143.68 61.57 61.9014 63.4732 67.7632 67.3594 65.0002 58.5046 61.3744 25.6289 27.3667 61.58 -002.329 KOHM R   

2016-05-12 18:04:33.580000 16026.15 62.475 60.981 148.23 143.92 61.684 62.0144 63.5897 67.8733 67.4675 65.1065 58.6221 61.4892 25.7552 27.4455 61.695 -002.330 KOHM R   

2016-05-12 18:05:41.614000 16094.184 62.594 61.094 148.48 144.17 61.8 62.1248 63.7068 67.983 67.5772 65.2128 58.7445 61.6033 25.8336 27.5212 61.81 -002.328 KOHM R   

2016-05-12 18:06:49.637000 16162.207 62.714 61.206 148.72 144.41 61.915 62.2389 63.822 68.0907 67.6873 65.3197 58.8659 61.7183 25.9356 27.5995 61.925 -002.343 KOHM R   

2016-05-12 18:07:57.662000 16230.232 62.835 61.318 148.97 144.66 62.027 62.352 63.9399 68.2005 67.7978 65.4244 58.9853 61.8352 26.0148 27.6885 62.041 -002.316 KOHM R   

2016-05-12 18:09:05.725000 16298.295 62.956 61.432 149.22 144.9 62.146 62.4637 64.0559 68.3083 67.9073 65.5306 59.1043 61.9483 26.1322 27.7775 62.155 -002.333 KOHM R   

2016-05-12 18:10:13.869000 16366.439 63.075 61.544 149.46 145.14 62.257 62.5778 64.1738 68.4174 68.0159 65.6366 59.2244 62.0635 26.2224 27.8793 62.27 -002.332 KOHM R   

2016-05-12 18:11:21.993000 16434.563 63.198 61.658 149.7 145.38 62.374 62.6867 64.2904 68.5276 68.1242 65.7424 59.3437 62.1762 26.2891 27.9466 62.386 -002.317 KOHM R   

2016-05-12 18:12:30.296000 16502.866 63.317 61.769 149.95 145.62 62.487 62.7987 64.4083 68.6385 68.2362 65.8512 59.4627 62.2938 26.3608 28.0272 62.501 -002.322 KOHM R   

2016-05-12 18:13:38.470000 16571.04 63.438 61.884 150.19 145.86 62.603 62.9139 64.5257 68.7473 68.3463 65.9555 59.5837 62.4078 26.44 28.1202 62.616 -002.344 KOHM R   

2016-05-12 18:14:46.693000 16639.263 63.558 61.996 150.43 146.1 62.716 63.0251 64.6396 68.8574 68.4546 66.059 59.704 62.5223 26.4915 28.2112 62.731 -002.312 KOHM R   

2016-05-12 18:15:54.967000 16707.537 63.679 62.107 150.67 146.34 62.832 63.1362 64.7564 68.9656 68.5641 66.1615 59.8248 62.638 26.5622 28.2999 62.846 -002.333 KOHM R   

2016-05-12 18:17:03.291000 16775.861 63.799 62.222 150.91 146.58 62.944 63.2509 64.8735 69.0762 68.6739 66.2639 59.9434 62.7533 26.6218 28.4084 62.962 -002.318 KOHM R   

2016-05-12 18:18:11.604000 16844.174 63.921 62.336 151.15 146.82 63.059 63.3634 64.9895 69.1868 68.7854 66.364 60.0632 62.8677 26.6722 28.4797 63.078 -002.317 KOHM R   

2016-05-12 18:19:19.928000 16912.498 64.039 62.446 151.38 147.06 63.178 63.4772 65.106 69.2943 68.895 66.4631 60.1836 62.984 26.7579 28.5592 63.191 -002.309 KOHM R   

2016-05-12 18:20:28.352000 16980.922 64.162 62.561 151.62 147.3 63.291 63.588 65.2224 69.4042 69.0043 66.5618 60.3001 63.0965 26.8158 28.6781 63.306 -002.339 KOHM R   

2016-05-12 18:21:36.786000 17049.356 64.283 62.672 151.86 147.53 63.406 63.7025 65.3381 69.516 69.1149 66.6619 60.4224 63.2123 26.8818 28.7667 63.422 -002.321 KOHM R   

2016-05-12 18:22:45.220000 17117.79 64.403 62.787 152.09 147.77 63.519 63.8152 65.4559 69.6223 69.2254 66.7597 60.5412 63.3273 26.9338 28.8911 63.54 -002.331 KOHM R   

2016-05-12 18:23:53.683000 17186.253 64.523 62.899 152.33 148.01 63.635 63.9263 65.5691 69.7338 69.3358 66.8573 60.6605 63.444 27.0465 28.9782 63.654 -002.330 KOHM R   

2016-05-12 18:25:02.227000 17254.797 64.644 63.012 152.57 148.24 63.749 64.0395 65.6857 69.8421 69.4443 66.9523 60.7817 63.5593 27.0754 29.0751 63.772 -002.307 KOHM R   

2016-05-12 18:26:10.781000 17323.351 64.766 63.126 152.8 148.48 63.864 64.1541 65.802 69.9498 69.553 67.0461 60.8996 63.6755 27.1613 29.1879 63.886 -002.328 KOHM R   

2016-05-12 18:27:19.404000 17391.974 64.887 63.239 153.03 148.72 63.98 64.2661 65.9184 70.0586 69.665 67.1296 61.0213 63.7926 27.2551 29.2933 64.003 -002.327 KOHM R   

2016-05-12 18:28:28.048000 17460.618 65.01 63.351 153.27 148.95 64.098 64.3793 66.0331 70.1664 69.7739 67.2291 61.1436 63.906 27.3334 29.3945 64.12 -002.314 KOHM R   

2016-05-12 18:29:36.902000 17529.472 65.128 63.466 153.5 149.18 64.218 64.4936 66.1511 70.2748 69.8826 67.3221 61.2644 64.0235 27.3967 29.4776 64.236 -002.323 KOHM R   

2016-05-12 18:30:45.615000 17598.185 65.25 63.582 153.74 149.42 64.341 64.6086 66.2651 70.3831 69.9921 67.4136 61.3859 64.1402 27.497 29.5782 64.354 -002.323 KOHM R   

2016-05-12 18:31:54.330000 17666.9 65.367 63.697 153.97 149.66 64.458 64.7208 66.3858 70.491 70.101 67.4986 61.5067 64.2569 27.5769 29.7102 64.471 -002.306 KOHM R   

2016-05-12 18:33:03.084000 17735.654 65.49 63.81 154.2 149.89 64.578 64.8338 66.5007 70.5979 70.2066 67.5811 61.63 64.3777 27.6821 29.7605 64.592 -002.319 KOHM R   

2016-05-12 18:34:11.867000 17804.437 65.61 63.927 154.43 150.12 64.697 64.947 66.6185 70.7045 70.3152 67.6644 61.7527 64.4927 27.783 29.8546 64.71 -002.319 KOHM R   

2016-05-12 18:35:20.661000 17873.231 65.732 64.042 154.66 150.35 64.816 65.0556 66.7357 70.8129 70.4216 67.7402 61.8765 64.6107 27.8984 29.9522 64.827 -002.304 KOHM R   

2016-05-12 18:36:29.485000 17942.055 65.853 64.156 154.9 150.58 64.938 65.1708 66.852 70.922 70.5299 67.8175 62.0017 64.7322 27.9921 30.0218 64.947 -002.304 KOHM R   

2016-05-12 18:37:38.358000 18010.928 65.974 64.273 155.12 150.81 65.056 65.2825 66.9723 71.0298 70.6383 67.8878 62.1254 64.8493 28.0865 30.0997 65.066 -002.298 KOHM R   

2016-05-12 18:38:47.232000 18079.802 66.099 64.389 155.35 151.05 65.174 65.394 67.088 71.1354 70.7461 67.9555 62.2506 64.9686 28.1886 30.2241 65.185 -002.317 KOHM R   

2016-05-12 18:39:56.246000 18148.816 66.217 64.506 155.58 151.28 65.293 65.5075 67.2097 71.2436 70.8533 68.018 62.3792 65.0897 28.3289 30.3008 65.305 -002.305 KOHM R   

2016-05-12 18:41:05.220000 18217.79 66.343 64.624 155.81 151.51 65.414 65.6215 67.3285 71.3509 70.9598 68.0723 62.5063 65.2066 28.4519 30.3678 65.424 -002.305 KOHM R   

2016-05-12 18:42:14.203000 18286.773 66.467 64.741 156.04 151.74 65.534 65.7353 67.4494 71.4569 71.0662 68.1261 62.6363 65.3261 28.5901 30.4877 65.544 -002.310 KOHM R   

2016-05-12 18:43:23.198000 18355.768 66.589 64.857 156.27 151.97 65.657 65.8476 67.5706 71.5661 71.172 68.1711 62.7683 65.4466 28.6928 30.5893 65.666 -002.295 KOHM R   

2016-05-12 18:44:32.432000 18425.002 66.717 64.977 156.5 152.2 65.781 65.9636 67.6913 71.6724 71.2789 68.2124 62.9042 65.5693 28.8038 30.7054 65.792 -002.301 KOHM R   

2016-05-12 18:45:41.486000 18494.056 66.843 65.094 156.73 152.43 65.904 66.0783 67.8114 71.7794 71.3873 68.247 63.0367 65.6949 28.9531 30.8194 65.914 -002.298 KOHM R   

2016-05-12 18:46:50.579000 18563.149 66.969 65.211 156.96 152.66 66.029 66.194 67.9364 71.8877 71.493 68.2718 63.173 65.8163 29.0708 30.947 66.041 -002.314 KOHM R   

2016-05-12 18:47:59.713000 18632.283 67.097 65.331 157.19 152.89 66.156 66.3104 68.0593 71.995 71.5971 68.2903 63.3112 65.9433 29.1836 31.0872 66.166 -002.304 KOHM R   

2016-05-12 18:49:08.887000 18701.457 67.227 65.45 157.42 153.12 66.283 66.4267 68.1842 72.1013 71.7049 68.2993 63.4524 66.0687 29.3013 31.1784 66.295 -002.286 KOHM R   

2016-05-12 18:50:18.111000 18770.681 67.359 65.572 157.65 153.34 66.415 66.5459 68.3102 72.2087 71.8119 68.3037 63.5945 66.1981 29.449 31.3432 66.428 -002.309 KOHM R   

2016-05-12 18:51:27.345000 18839.915 67.487 65.695 157.87 153.57 66.546 66.666 68.4363 72.317 71.9164 68.2969 63.7389 66.3295 29.5566 31.4668 66.559 -002.289 KOHM R   

2016-05-12 18:52:36.598000 18909.168 67.624 65.817 158.11 153.81 66.679 66.7834 68.5648 72.4256 72.0236 68.2749 63.8888 66.4623 29.679 31.637 66.695 -002.301 KOHM R   

2016-05-12 18:53:45.912000 18978.482 67.761 65.942 158.33 154.04 66.818 66.9036 68.6963 72.5326 72.1305 68.2426 64.0378 66.5956 29.8526 31.8061 66.831 -002.293 KOHM R   

2016-05-12 18:54:55.236000 19047.806 67.897 66.068 158.57 154.27 66.956 67.0247 68.826 72.6398 72.2375 68.1969 64.1953 66.7342 30.0263 31.9708 66.973 -002.290 KOHM R   

2016-05-12 18:56:04.581000 19117.151 68.037 66.196 158.8 154.5 67.098 67.1486 68.9624 72.7496 72.3432 68.1333 64.3559 66.8759 30.1513 32.1139 67.117 -002.303 KOHM R   

2016-05-12 18:57:13.965000 19186.535 68.178 66.324 159.03 154.73 67.246 67.2741 69.0978 72.8588 72.4512 68.0534 64.5225 67.0198 30.3111 32.2811 67.26 -002.285 KOHM R   

2016-05-12 18:58:23.578000 19256.148 68.324 66.457 159.26 154.96 67.395 67.3998 69.2347 72.9691 72.5593 67.9575 64.6967 67.1681 30.4712 32.4672 67.413 -002.298 KOHM R   

2016-05-12 18:59:33.022000 19325.592 68.472 66.592 159.5 155.2 67.549 67.5268 69.3738 73.0777 72.6678 67.8455 64.8759 67.3208 30.6496 32.6614 67.569 -002.284 KOHM R   

2016-05-12 19:00:42.516000 19395.086 68.622 66.731 159.73 155.43 67.71 67.6563 69.5235 73.1869 72.7755 67.7135 65.0633 67.4769 30.8316 32.9094 67.729 -002.283 KOHM R   

2016-05-12 19:01:52.070000 19464.64 68.778 66.871 159.97 155.67 67.877 67.787 69.6699 73.2985 72.8832 67.5683 65.2551 67.6391 30.9989 33.1125 67.897 -002.300 KOHM R   

2016-05-12 19:03:01.584000 19534.154 68.936 67.017 160.21 155.9 68.051 67.9215 69.8205 73.4102 72.9944 67.4121 65.455 67.8089 31.2548 33.3219 68.069 -002.282 KOHM R   

2016-05-12 19:04:11.168000 19603.738 69.1 67.169 160.44 156.14 68.233 68.0582 69.976 73.5212 73.1046 67.2502 65.6679 67.9832 31.4022 33.5702 68.253 -002.273 KOHM R   

2016-05-12 19:05:20.762000 19673.332 69.269 67.32 160.69 156.38 68.42 68.1985 70.135 73.6342 73.2141 67.0896 65.8872 68.1684 31.6128 33.8377 68.442 -002.286 KOHM R   

2016-05-12 19:06:30.425000 19742.995 69.447 67.479 160.93 156.62 68.616 68.3397 70.2993 73.7491 73.3296 66.9351 66.1189 68.3587 31.8519 34.0713 68.64 -002.287 KOHM R   

2016-05-12 19:07:40.140000 19812.71 69.627 67.643 161.18 156.87 68.822 68.4842 70.4674 73.8662 73.4481 66.7997 66.3531 68.5579 31.9965 34.3154 68.844 -002.264 KOHM R   

2016-05-12 19:08:49.884000 19882.454 69.817 67.816 161.43 157.11 69.036 68.6363 70.642 73.9868 73.5679 66.6757 66.6 68.7692 32.2459 34.5675 69.057 -002.283 KOHM R   

2016-05-12 19:09:59.618000 19952.188 70.013 67.991 161.69 157.36 69.26 68.7917 70.8264 74.1087 73.6911 66.5661 66.8501 68.9907 32.4293 34.8724 69.283 -002.285 KOHM R   

2016-05-12 19:11:09.582000 20022.152 70.213 68.177 161.95 157.62 69.492 68.9466 71.0195 74.2359 73.8193 66.4751 67.1138 69.2204 32.6782 35.2006 69.52 -002.266 KOHM R   

2016-05-12 19:12:19.396000 20091.966 70.423 68.37 162.21 157.87 69.738 69.1112 71.2155 74.3653 73.9506 66.4087 67.3794 69.4657 32.8631 35.4662 69.763 -002.278 KOHM R   

2016-05-12 19:13:29.230000 20161.8 70.639 68.571 162.48 158.13 69.99 69.2784 71.424 74.5001 74.0874 66.3692 67.6504 69.7165 33.0945 35.7536 70.022 -002.272 KOHM R   

2016-05-12 19:14:39.094000 20231.664 70.865 68.78 162.76 158.39 70.252 69.4507 71.6395 74.6402 74.2325 66.3545 67.9289 69.9789 33.3016 36.0408 70.285 -002.263 KOHM R   

2016-05-12 19:15:49.008000 20301.578 71.099 68.993 163.04 158.65 70.521 69.6321 71.8665 74.7823 74.3775 66.3644 68.2094 70.2547 33.5192 36.4168 70.557 -002.279 KOHM R   

2016-05-12 19:16:58.922000 20371.492 71.346 69.219 163.33 158.92 70.8 69.8164 72.0995 74.9335 74.5361 66.3989 68.4952 70.5374 33.7576 36.7376 70.842 -002.268 KOHM R   

2016-05-12 19:18:08.896000 20441.466 71.599 69.452 163.62 159.19 71.086 70.0041 72.3444 75.0913 74.7014 66.4479 68.7851 70.8319 33.9448 36.9944 71.132 -002.252 KOHM R   

2016-05-12 19:19:18.920000 20511.49 71.862 69.697 163.92 159.46 71.383 70.1975 72.5993 75.2529 74.8741 66.5152 69.0787 71.1397 34.2036 37.3686 71.439 -002.270 KOHM R   

2016-05-12 19:20:28.954000 20581.524 72.135 69.946 164.23 159.74 71.689 70.3962 72.8625 75.4248 75.0569 66.6015 69.3763 71.4569 34.4124 37.6585 71.751 -002.266 KOHM R   

2016-05-12 19:21:39.008000 20651.578 72.415 70.204 164.54 160.02 72.003 70.6018 73.136 75.6055 75.2473 66.6991 69.6779 71.7822 34.648 37.9859 72.071 -002.246 KOHM R   

2016-05-12 19:22:49.122000 20721.692 72.704 70.467 164.86 160.3 72.323 70.8163 73.4204 75.7926 75.4521 66.8102 69.9801 72.1178 34.944 38.3651 72.401 -002.247 KOHM R   

2016-05-12 19:23:59.466000 20792.036 73.007 70.739 165.18 160.59 72.651 71.0327 73.7104 75.9951 75.6621 66.9332 70.2892 72.4612 35.1348 38.7064 72.741 -002.257 KOHM R   

2016-05-12 19:25:09.640000 20862.21 73.312 71.014 165.51 160.87 72.984 71.2588 74.0103 76.2032 75.8874 67.0672 70.5978 72.8167 35.3996 39.0124 73.084 -002.255 KOHM R   

2016-05-12 19:26:19.854000 20932.424 73.631 71.3 165.85 161.16 73.326 71.488 74.3178 76.4232 76.1229 67.213 70.9104 73.1723 35.6348 39.3552 73.436 -002.240 KOHM R   

2016-05-12 19:27:30.058000 21002.628 73.954 71.589 166.18 161.45 73.667 71.7239 74.6341 76.6541 76.3717 67.3693 71.2249 73.5391 35.8733 39.6678 73.792 -002.259 KOHM R   

2016-05-12 19:28:40.332000 21072.902 74.282 71.886 166.53 161.74 74.02 71.9645 74.9562 76.8979 76.6291 67.5353 71.5472 73.9065 36.1259 39.9802 74.156 -002.261 KOHM R   

2016-05-12 19:29:50.616000 21143.186 74.616 72.188 166.87 162.04 74.37 72.2115 75.2819 77.151 76.9015 67.71 71.8715 74.2844 36.3266 40.3027 74.521 -002.236 KOHM R   

2016-05-12 19:31:00.901000 21213.471 74.962 72.493 167.22 162.33 74.728 72.465 75.6083 77.4179 77.1832 67.8993 72.1995 74.6698 36.5991 40.6295 74.895 -002.250 KOHM R   

2016-05-12 19:32:11.235000 21283.805 75.304 72.804 167.57 162.63 75.088 72.7209 75.9473 77.6911 77.4774 68.0957 72.5271 75.0501 36.8256 40.8965 75.264 -002.237 KOHM R   

2016-05-12 19:33:21.669000 21354.239 75.65 73.118 167.92 162.93 75.447 72.983 76.2886 77.9787 77.782 68.3037 72.8649 75.4309 37.0592 41.1937 75.638 -002.222 KOHM R   

2016-05-12 19:34:32.023000 21424.593 76.002 73.439 168.28 163.23 75.805 73.2494 76.6314 78.2734 78.095 68.5204 73.2054 75.8122 37.3221 41.5046 76.015 -002.226 KOHM R   

2016-05-12 19:35:42.427000 21494.997 76.357 73.758 168.64 163.53 76.169 73.5237 76.9842 78.5801 78.4187 68.7446 73.5438 76.2016 37.5714 41.7221 76.394 -002.231 KOHM R   

2016-05-12 19:36:53.081000 21565.651 76.718 74.086 168.99 163.83 76.535 73.8027 77.3372 78.8963 78.7523 68.9838 73.8911 76.5902 37.7494 42.0671 76.773 -002.226 KOHM R   

2016-05-12 19:38:03.595000 21636.165 77.08 74.411 169.35 164.14 76.903 74.0803 77.6926 79.2194 79.0936 69.2312 74.2404 76.9795 38.0461 42.2803 77.154 -002.220 KOHM R   

2016-05-12 19:39:14.129000 21706.699 77.445 74.741 169.7 164.44 77.274 74.3676 78.0506 79.5484 79.44 69.4833 74.593 77.3737 38.2551 42.5797 77.54 -002.230 KOHM R   

2016-05-12 19:40:24.674000 21777.244 77.815 75.073 170.05 164.75 77.642 74.6511 78.4096 79.8858 79.792 69.7455 74.9507 77.761 38.4721 42.8291 77.925 -002.218 KOHM R   

2016-05-12 19:41:35.308000 21847.878 78.184 75.404 170.4 165.06 78.014 74.9433 78.7727 80.227 80.1476 70.0167 75.299 78.1555 38.7414 43.0686 78.312 -002.224 KOHM R   

2016-05-12 19:42:45.903000 21918.473 78.555 75.737 170.75 165.36 78.384 75.2351 79.1363 80.5701 80.5047 70.2923 75.6556 78.5493 38.9832 43.3355 78.697 -002.227 KOHM R   

2016-05-12 19:43:56.547000 21989.117 78.929 76.072 171.1 165.67 78.754 75.5292 79.5004 80.9167 80.8662 70.5771 76.0146 78.9417 39.2275 43.5904 79.084 -002.216 KOHM R   

2016-05-12 19:45:07.201000 22059.771 79.304 76.407 171.44 165.98 79.132 75.8247 79.8681 81.2707 81.2308 70.8657 76.3726 79.3336 39.4479 43.8365 79.471 -002.222 KOHM R   

2016-05-12 19:46:17.905000 22130.475 79.681 76.746 171.78 166.29 79.504 76.1242 80.2333 81.6251 81.5946 71.1592 76.7348 79.7292 39.6568 44.0486 79.86 -002.211 KOHM R   

2016-05-12 19:47:28.859000 22201.429 80.058 77.084 172.13 166.6 79.881 76.427 80.5986 81.9829 81.9652 71.4624 77.0964 80.1209 39.8449 44.3067 80.247 -002.209 KOHM R   

