#Human readable time. Time (s) since start. Lakeshore temperature sensor 218 T1,3,5,6,8 and 224 C2,C3,C4,C5,D2,D3,D5,A,B
2016-08-09 09:41:21.238000 0.0 3.349 59.341 37.036 61.856 4.483 5.3892 3.9321 20.3475 21.8688 8.677 10.301 4.3581 12.3332 8.3204 8.916 -1 8.677
2016-08-09 09:42:22.032000 60.794 3.332 59.154 37.346 61.682 4.444 5.0808 3.8791 20.3212 21.8537 8.7323 10.2374 4.316 12.3314 8.5319 8.877 9.86929258736 8.7323
2016-08-09 09:43:22.429000 121.191 3.479 58.973 37.124 61.511 4.415 4.8534 3.8401 20.3011 21.8417 8.7887 10.1796 4.2853 12.3329 8.7308 8.844 11.3281196306 8.7887
2016-08-09 09:44:22.862000 181.624 3.538 58.794 36.625 61.345 4.395 4.6821 3.8112 20.2852 21.8325 8.8455 10.1275 4.2636 12.3348 8.9131 8.815 8.93564240511 8.8455
2016-08-09 09:45:23.324000 242.086 3.356 58.623 36.404 61.182 4.379 4.551 3.7896 20.2728 21.8241 8.9002 10.0801 4.2474 12.3448 9.0846 8.79 11.2462146413 8.9002
2016-08-09 09:46:23.815000 302.577 3.303 58.45 36.639 61.018 4.367 4.4468 3.7728 20.2626 21.8182 8.953 10.0374 4.2347 12.3418 9.2428 8.767 9.3807333784 8.953
2016-08-09 09:47:24.317000 363.079 3.374 58.284 36.706 60.86 4.358 4.364 3.7594 20.2571 21.8132 9.0035 9.999 4.2244 12.3496 9.4008 8.746 10.475991834 9.0035
2016-08-09 09:48:24.864000 423.626 3.498 58.121 36.361 60.702 4.35 4.2971 3.7492 20.2515 21.8087 9.053 9.9658 4.2164 12.3548 9.5459 8.726 10.1317969587 9.053
2016-08-09 09:49:25.455000 484.217 3.449 57.963 35.899 60.55 4.345 4.2427 3.7417 20.2463 21.8051 9.0994 9.9358 4.2107 12.3622 9.6839 8.707 8.83435633095 9.0994
2016-08-09 09:50:26.077000 544.839 3.317 57.808 35.974 60.401 4.34 4.1988 3.7349 20.2422 21.8018 9.1429 9.9092 4.2064 12.3696 9.8129 8.689 11.4100246198 9.1429
2016-08-09 09:51:26.728000 605.49 3.479 57.651 36.147 60.256 4.336 4.1609 3.7294 20.2386 21.7997 9.1837 9.8854 4.2014 12.3749 9.9386 8.672 8.88499936803 9.1837
2016-08-09 09:52:27.379000 666.141 3.525 57.504 35.833 60.112 4.333 4.1296 3.7243 20.2366 21.7976 9.2226 9.864 4.1979 12.3738 10.059 8.655 10.0629579836 9.2226
2016-08-09 09:53:28.101000 726.863 3.36 57.358 35.52 59.972 4.33 4.1033 3.7207 20.2361 21.7956 9.2592 9.8451 4.1951 12.387 10.1731 8.638 10.774730187 9.2592
2016-08-09 09:54:28.943000 787.705 3.402 57.218 36.093 59.834 4.328 4.0815 3.7174 20.2351 21.7944 9.2952 9.828 4.192 12.391 10.2803 8.622 8.88499936803 9.2952
2016-08-09 09:55:29.745000 848.507 3.358 57.079 35.725 59.704 4.326 4.0618 3.7143 20.2323 21.7931 9.3294 9.8124 4.1901 12.4077 10.3873 8.606 10.2006359338 9.3294
2016-08-09 09:56:30.566000 909.328 3.303 56.946 35.763 59.572 4.324 4.0456 3.7116 20.2315 21.7922 9.3621 9.7987 4.1884 12.4149 10.4885 8.591 10.475991834 9.3621
2016-08-09 09:57:31.487000 970.249 3.518 56.82 35.571 59.448 4.322 4.0312 3.7095 20.2304 21.7912 9.3933 9.7862 4.1855 12.4266 10.583 8.576 9.32415401512 9.3933
2016-08-09 09:58:32.389000 1031.151 3.302 56.696 35.7 59.325 4.321 4.0193 3.7076 20.2314 21.7899 9.4234 9.7748 4.185 12.4368 10.6741 8.561 10.774730187 9.4234
2016-08-09 09:59:33.340000 1092.102 3.531 56.571 35.37 59.207 4.32 4.0087 3.7058 20.2304 21.79 9.4524 9.7645 4.1828 12.4463 10.7678 8.546 8.63178418265 9.4524
2016-08-09 10:00:34.305000 1153.067 3.305 56.455 35.684 59.092 4.318 3.9991 3.7051 20.2293 21.7894 9.4805 9.755 4.1823 12.4586 10.8584 8.532 10.849973135 9.4805
2016-08-09 10:01:35.334000 1214.096 3.518 56.343 35.189 58.979 4.317 3.9908 3.7028 20.2288 21.7883 9.5082 9.7466 4.18 12.465 10.9359 8.518 9.09783656199 9.5082
2016-08-09 10:02:36.365000 1275.127 3.311 56.228 35.622 58.867 4.316 3.9828 3.7011 20.2292 21.7886 9.5363 9.7388 4.1798 12.4802 11.0174 8.505 10.699487239 9.5363
2016-08-09 10:03:37.416000 1336.178 3.5 56.118 35.029 58.76 4.316 3.9766 3.7011 20.2298 21.7883 9.5636 9.7318 4.179 12.4887 11.0908 8.493 10.5490013431 9.5636
2016-08-09 10:04:38.517000 1397.279 3.328 56.014 35.568 58.653 4.315 3.9709 3.7 20.2286 21.7876 9.5903 9.7253 4.1788 12.505 11.1702 8.481 8.83435633095 9.5903
2016-08-09 10:05:39.732000 1458.494 3.317 55.909 35.183 58.55 4.315 3.9656 3.6998 20.2282 21.7879 9.6167 9.7193 4.1786 12.5173 11.2444 8.47 11.7580695465 9.6167
2016-08-09 10:06:40.901000 1519.663 3.514 55.808 35.18 58.447 4.315 3.9615 3.6994 20.2298 21.7878 9.6423 9.7136 4.177 12.5197 11.3101 8.459 10.1317969587 9.6423
2016-08-09 10:07:42.133000 1580.895 3.446 55.71 35.222 58.349 4.314 3.9566 3.6973 20.23 21.7876 9.6675 9.7082 4.1773 12.5399 11.3894 8.448 9.15441592527 9.6675
2016-08-09 10:08:43.394000 1642.156 3.389 55.611 34.737 58.251 4.313 3.9527 3.6974 20.2297 21.7873 9.6924 9.7033 4.1763 12.5503 11.4481 8.438 9.93196903385 9.6924
2016-08-09 10:09:44.685000 1703.447 3.543 55.518 35.396 58.158 4.313 3.9497 3.6973 20.2293 21.787 9.7172 9.6986 4.1765 12.5621 11.514 8.428 10.699487239 9.7172
2016-08-09 10:10:45.967000 1764.729 3.319 55.426 35.266 58.064 4.313 3.9463 3.6972 20.2296 21.7873 9.7415 9.6942 4.1768 12.5826 11.578 8.417 11.0824046629 9.7415
2016-08-09 10:11:47.328000 1826.09 3.34 55.337 34.892 57.976 4.313 3.9442 3.6966 20.2287 21.7866 9.7661 9.69 4.1764 12.5903 11.6448 8.408 9.0412571987 9.7661
2016-08-09 10:12:48.710000 1887.472 3.414 55.252 34.607 57.887 4.312 3.9403 3.6952 20.228 21.787 9.791 9.686 4.1749 12.6058 11.7024 8.398 11.4100246198 9.791
2016-08-09 10:13:50.111000 1948.873 3.374 55.168 35.286 57.802 4.312 3.9386 3.6956 20.2272 21.787 9.8156 9.6821 4.1752 12.6187 11.7587 8.388 8.93564240511 9.8156
2016-08-09 10:14:51.556000 2010.318 3.331 55.082 34.903 57.712 4.311 3.9358 3.695 20.2268 21.787 9.84 9.6783 4.175 12.6369 11.8196 8.379 9.74393969436 9.84
2016-08-09 10:15:53.214000 2071.976 3.322 55.0 34.514 57.627 4.311 3.934 3.6942 19.9912 21.4713 9.8642 9.6747 4.1741 12.6476 11.8666 8.37 10.774730187 9.8642
2016-08-09 10:16:54.805000 2133.567 3.349 54.921 34.654 57.541 4.31 3.9316 3.692 17.0596 19.47 9.8887 9.6712 4.1727 12.6635 11.9273 8.36 9.0412571987 9.8887
2016-08-09 10:17:56.462000 2195.224 3.473 54.845 34.512 57.464 4.308 3.9559 3.689 14.1415 17.4927 9.913 9.6676 4.1702 12.676 11.9816 8.351 9.61858680137 9.913
2016-08-09 10:18:58.177000 2256.939 3.541 54.766 34.807 57.382 4.304 4.095 3.6833 11.5938 15.3909 9.9371 9.6641 4.1653 12.6891 12.0383 8.341 11.0824046629 9.9371
2016-08-09 10:19:59.905000 2318.667 3.544 54.693 34.548 57.306 4.302 4.2167 3.6835 9.4029 13.3338 9.9613 9.6604 4.1629 12.7025 12.0866 8.331 9.09783656199 9.9613
2016-08-09 10:21:01.680000 2380.442 3.521 54.618 34.86 57.228 4.301 4.2948 3.6994 7.4491 11.5016 9.9854 9.6567 4.1614 12.7172 12.1398 8.322 3.83065737381 9.9854
2016-08-09 10:22:03.525000 2442.287 3.554 54.544 34.605 57.149 4.299 4.3598 3.7347 5.9331 9.837 10.0106 9.6531 4.1599 12.733 12.1823 8.313 9.21099528855 10.0106
2016-08-09 10:23:05.371000 2504.133 3.483 54.476 34.408 57.076 4.298 4.4192 3.776 4.8962 8.296 10.0353 9.6497 4.1586 12.7546 12.2282 8.305 11.3281196306 10.0353
2016-08-09 10:24:07.285000 2566.047 3.392 54.406 34.333 57.003 4.297 4.4737 3.8142 4.3526 7.0342 10.06 9.6463 4.1581 12.76 12.2754 8.297 9.68126324787 10.06
2016-08-09 10:25:09.232000 2627.994 3.356 54.334 34.499 56.93 4.297 4.5245 3.8477 4.1314 6.1699 10.0846 9.6431 4.157 12.782 12.3225 8.289 8.88499936803 10.0846
2016-08-09 10:26:11.169000 2689.931 3.429 54.268 34.28 56.858 4.297 4.572 3.8773 4.0542 5.6089 10.1088 9.6399 4.1572 12.8021 12.3646 8.281 9.86929258736 10.1088
2016-08-09 10:27:13.155000 2751.917 3.374 54.199 34.347 56.788 4.295 4.6156 3.9023 4.0292 5.2502 10.1325 9.6369 4.1562 12.8113 12.4117 8.273 8.98628544218 10.1325
2016-08-09 10:28:15.170000 2813.932 3.418 54.137 34.578 56.719 4.295 4.6577 3.9235 4.02 5.0302 10.156 9.6337 4.1561 12.8304 12.459 8.266 10.5490013431 10.156
2016-08-09 10:29:17.228000 2875.99 3.498 54.071 34.832 56.651 4.295 4.6972 3.9417 4.0169 4.8847 10.1792 9.6306 4.1559 12.839 12.5011 8.258 8.98628544218 10.1792
2016-08-09 10:30:19.313000 2938.075 3.549 54.009 34.584 56.584 4.294 4.7337 3.9571 4.0155 4.7855 10.2022 9.6277 4.1541 12.8635 12.5386 8.251 11.2462146413 10.2022
2016-08-09 10:31:21.450000 3000.212 3.533 53.947 34.321 56.519 4.293 4.7683 3.9701 4.0143 4.7145 10.2247 9.6248 4.1536 12.8737 12.5806 8.243 9.0412571987 10.2247
2016-08-09 10:32:23.589000 3062.351 3.409 53.885 34.168 56.453 4.293 4.8013 3.9817 4.0135 4.6629 10.2471 9.6218 4.1529 12.8859 12.6222 8.236 10.699487239 10.2471
2016-08-09 10:33:25.777000 3124.539 3.368 53.825 34.893 56.388 4.292 4.8319 3.9918 4.0129 4.6262 10.2708 9.6189 4.1524 12.9104 12.6641 8.229 8.53049810849 10.2708
2016-08-09 10:34:27.996000 3186.758 3.452 53.767 34.86 56.327 4.291 4.8611 3.9997 4.0121 4.5996 10.2937 9.6161 4.1519 12.9199 12.701 8.222 11.0824046629 10.2937
2016-08-09 10:35:30.246000 3249.008 3.436 53.709 34.138 56.266 4.292 4.8893 4.0064 4.0116 4.5805 10.3182 9.6131 4.1528 12.941 12.7345 8.216 8.48215849733 10.3182
2016-08-09 10:36:32.550000 3311.312 3.382 53.654 34.135 56.206 4.292 4.9157 4.0125 4.0115 4.5666 10.3414 9.6102 4.1516 12.9554 12.775 8.209 10.699487239 10.3414
2016-08-09 10:37:34.889000 3373.651 3.398 53.596 34.86 56.145 4.291 4.9403 4.0178 4.0112 4.5569 10.3633 9.6074 4.1519 12.9679 12.8146 8.203 10.5490013431 10.3633
2016-08-09 10:38:37.268000 3436.03 3.509 53.542 34.183 56.088 4.289 4.9637 4.0215 4.0103 4.5491 10.385 9.6043 4.1499 12.9906 12.844 8.196 9.32415401512 10.385
2016-08-09 10:39:39.666000 3498.428 3.332 53.487 34.661 56.029 4.288 4.9865 4.0248 4.0088 4.5433 10.4063 9.6015 4.1477 13.0065 12.8803 8.189 11.0824046629 10.4063
2016-08-09 10:40:42.098000 3560.86 3.54 53.431 34.806 55.97 4.288 5.0079 4.0277 4.008 4.5392 10.4275 9.5986 4.1485 13.0225 12.9169 8.183 8.98628544218 10.4275
2016-08-09 10:41:44.587000 3623.349 3.358 53.379 34.245 55.912 4.287 5.0282 4.0299 4.0077 4.5359 10.4486 9.5958 4.1472 13.0347 12.9529 8.176 11.1643096521 10.4486
2016-08-09 10:42:47.137000 3685.899 3.467 53.325 34.754 55.857 4.286 5.0477 4.0316 4.0067 4.5337 10.4681 9.5923 4.146 13.048 12.9859 8.17 9.32415401512 10.4681
2016-08-09 10:43:49.719000 3748.481 3.422 53.273 33.99 55.8 4.286 5.0657 4.0332 4.0064 4.5321 10.4889 9.5899 4.1466 13.0698 13.0188 8.164 10.849973135 10.4889
2016-08-09 10:44:52.310000 3811.072 3.364 53.219 34.739 55.742 4.285 5.0829 4.0336 4.0063 4.531 10.5097 9.5871 4.1452 13.0833 13.0492 8.158 8.88499936803 10.5097
2016-08-09 10:45:54.922000 3873.684 3.565 53.168 34.2 55.689 4.285 5.0997 4.0343 4.0057 4.5302 10.5309 9.5844 4.1454 13.0988 13.0883 8.152 11.491929609 10.5309
2016-08-09 10:46:57.597000 3936.359 3.472 53.121 34.701 55.637 4.285 5.1159 4.0342 4.0051 4.5293 10.5519 9.5816 4.1444 13.1213 13.1067 8.146 9.21099528855 10.5519
2016-08-09 10:48:00.310000 3999.072 3.421 53.072 33.958 55.583 4.284 5.1312 4.0344 4.0045 4.5283 10.5726 9.5788 4.1442 13.1303 13.1459 8.14 11.2462146413 10.5726
2016-08-09 10:49:03.093000 4061.855 3.539 53.02 34.443 55.529 4.285 5.1458 4.0343 4.0045 4.528 10.593 9.576 4.1448 13.144 13.179 8.135 8.78371329388 10.593
2016-08-09 10:50:05.897000 4124.659 3.374 52.973 34.056 55.476 4.285 5.1596 4.034 4.0052 4.5283 10.6136 9.5734 4.1449 13.1667 13.2046 8.13 11.0824046629 10.6136
2016-08-09 10:51:08.749000 4187.511 3.57 52.924 34.179 55.424 4.285 5.173 4.0333 4.0052 4.5276 10.6338 9.5705 4.1448 13.183 13.2414 8.124 9.74393969436 10.6338
2016-08-09 10:52:11.640000 4250.402 3.439 52.877 34.696 55.375 4.284 5.1858 4.0326 4.0049 4.5273 10.6538 9.5679 4.143 13.1997 13.2641 8.118 10.1317969587 10.6538
2016-08-09 10:53:14.583000 4313.345 3.342 52.832 34.381 55.325 4.282 5.1982 4.0315 4.0038 4.5263 10.6735 9.5651 4.142 13.2122 13.3001 8.112 11.491929609 10.6735
2016-08-09 10:54:17.577000 4376.339 3.449 52.785 33.917 55.273 4.282 5.2097 4.0305 4.0028 4.5256 10.6932 9.5622 4.1415 13.2265 13.3302 8.106 8.83435633095 10.6932
2016-08-09 10:55:20.681000 4439.443 3.526 52.739 34.447 55.225 4.281 5.2206 4.0293 4.0022 4.5251 10.7132 9.5594 4.14 13.2439 13.3529 8.101 10.6242442911 10.7132
2016-08-09 10:56:23.708000 4502.47 3.345 52.694 34.572 55.175 4.279 5.2311 4.0279 4.0013 4.5244 10.7329 9.5567 4.1388 13.2613 13.3851 8.095 9.15441592527 10.7329
2016-08-09 10:57:26.815000 4565.577 3.387 52.649 33.924 55.127 4.279 5.2411 4.0264 4.0002 4.5236 10.7524 9.5538 4.1389 13.2777 13.4065 8.09 8.98628544218 10.7524
2016-08-09 10:58:30.007000 4628.769 3.373 52.608 34.155 55.079 4.277 5.2507 4.0248 3.9991 4.5229 10.7717 9.5509 4.1371 13.289 13.4369 8.084 11.2462146413 10.7717
2016-08-09 10:59:33.217000 4691.979 3.571 52.566 34.144 55.033 4.277 5.26 4.0232 3.9983 4.5222 10.7913 9.5479 4.1359 13.3063 13.4649 8.079 9.32415401512 10.7913
2016-08-09 11:00:36.467000 4755.229 3.444 52.519 34.601 54.982 4.277 5.2688 4.021 3.9983 4.5221 10.8104 9.5451 4.1365 13.3203 13.4834 8.074 10.9252160829 10.8104
2016-08-09 11:01:39.755000 4818.517 3.458 52.473 34.599 54.935 4.277 5.2772 4.0193 3.9983 4.5223 10.8299 9.5424 4.1354 13.3346 13.5115 8.069 8.7330702568 10.8299
2016-08-09 11:02:43.080000 4881.842 3.455 52.43 34.585 54.888 4.276 5.285 4.0177 3.9983 4.5218 10.8487 9.5398 4.1349 13.352 13.5373 8.064 10.774730187 10.8487
2016-08-09 11:03:46.459000 4945.221 3.481 52.387 34.303 54.839 4.276 5.2932 4.0157 3.9977 4.5213 10.8671 9.5368 4.1343 13.3771 13.5676 8.059 11.0824046629 10.8671
2016-08-09 11:04:49.931000 5008.693 3.342 52.342 34.288 54.793 4.275 5.3005 4.0143 3.997 4.5207 10.8858 9.5341 4.1334 13.3851 13.5914 8.054 9.74393969436 10.8858
2016-08-09 11:05:53.466000 5072.228 3.477 52.301 34.234 54.75 4.276 5.308 4.0118 3.9969 4.5205 10.9041 9.5312 4.1344 13.4043 13.6225 8.049 11.1643096521 10.9041
2016-08-09 11:06:57.024000 5135.786 3.486 52.255 34.287 54.702 4.275 5.3146 4.0099 3.9969 4.521 10.9223 9.5287 4.1341 13.4205 13.6445 8.044 8.98628544218 10.9223
2016-08-09 11:08:00.659000 5199.421 3.482 52.216 34.485 54.658 4.274 5.3211 4.0076 3.9966 4.5207 10.9403 9.5259 4.1328 13.4334 13.6729 8.039 9.93196903385 10.9403
2016-08-09 11:09:04.310000 5263.072 3.503 52.176 34.458 54.613 4.273 5.3272 4.0058 3.9963 4.5198 10.9579 9.5233 4.1318 13.4518 13.6937 8.034 10.9252160829 10.9579
2016-08-09 11:10:08.009000 5326.771 3.492 52.14 33.818 54.572 4.272 5.3333 4.0041 3.9949 4.519 10.9757 9.5203 4.1312 13.4703 13.7095 8.029 10.3383138839 10.9757
2016-08-09 11:11:11.843000 5390.605 3.441 52.1 33.762 54.528 4.271 5.3391 4.0016 3.9941 4.5182 10.9935 9.5176 4.13 13.4849 13.7461 8.024 9.21099528855 10.9935
2016-08-09 11:12:15.794000 5454.556 3.343 52.061 34.255 54.487 4.271 5.3446 3.9991 3.9936 4.5184 11.012 9.5148 4.13 13.4966 13.7654 8.019 11.5801805013 11.012
2016-08-09 11:13:19.736000 5518.498 3.453 52.022 34.524 54.445 4.27 5.3498 3.9975 3.993 4.5175 11.0306 9.5119 4.1284 13.511 13.7945 8.014 9.09783656199 11.0306
2016-08-09 11:14:23.717000 5582.479 3.574 51.984 33.939 54.404 4.269 5.3549 3.9949 3.9921 4.5167 11.0491 9.5085 4.1275 13.5256 13.8155 8.01 10.0629579836 11.0491
2016-08-09 11:15:27.689000 5646.451 3.363 51.944 33.945 54.363 4.269 5.3596 3.9923 3.9915 4.5168 11.0676 9.5063 4.1276 13.5461 13.8317 8.005 8.68242721972 11.0676
2016-08-09 11:16:31.579000 5710.341 3.403 51.906 34.514 54.323 4.268 5.3642 3.9906 3.9913 4.5162 11.0854 9.5034 4.1264 13.5593 13.8547 8.0 10.2694749088 11.0854
2016-08-09 11:17:35.261000 5774.023 3.417 51.869 34.506 54.284 4.267 5.3688 3.988 3.9901 4.5153 11.1036 9.5006 4.1251 13.5776 13.8845 7.996 8.88499936803 11.1036
2016-08-09 11:18:38.812000 5837.574 3.434 51.835 34.493 54.245 4.265 5.3729 3.9857 3.989 4.5138 11.1213 9.4977 4.1238 13.5984 13.9007 7.991 10.2006359338 11.1213
2016-08-09 11:19:42.364000 5901.126 3.45 51.796 34.459 54.206 4.265 5.3768 3.9833 3.988 4.5137 11.1392 9.4949 4.123 13.6107 13.9216 7.986 9.86929258736 11.1392
2016-08-09 11:20:45.945000 5964.707 3.553 51.762 34.435 54.169 4.264 5.3802 3.9807 3.9876 4.5135 11.157 9.4921 4.1224 13.6259 13.9439 7.982 9.86929258736 11.157
2016-08-09 11:21:49.567000 6028.329 3.537 51.727 33.837 54.131 4.263 5.3842 3.9786 3.9874 4.513 11.1746 9.4894 4.121 13.6418 13.9649 7.978 10.475991834 11.1746
2016-08-09 11:22:53.218000 6091.98 3.52 51.696 33.792 54.095 4.262 5.3879 3.9763 3.9862 4.5121 11.192 9.4867 4.12 13.6627 13.9922 7.973 10.3383138839 11.192
2016-08-09 11:23:56.921000 6155.683 3.352 51.66 33.769 54.058 4.261 5.3909 3.9738 3.985 4.5111 11.2092 9.4836 4.1186 13.6742 14.0046 7.969 10.5490013431 11.2092
2016-08-09 11:25:00.642000 6219.404 3.344 51.629 34.079 54.023 4.259 5.394 3.9712 3.9837 4.5105 11.2264 9.4808 4.1172 13.6855 14.025 7.964 9.86929258736 11.2264
2016-08-09 11:26:04.393000 6283.155 3.447 51.595 34.105 53.988 4.259 5.3968 3.969 3.9831 4.5096 11.2437 9.4781 4.1171 13.6945 14.0459 7.96 11.0824046629 11.2437
2016-08-09 11:27:08.175000 6346.937 3.46 51.562 34.434 53.954 4.258 5.4001 3.967 3.9824 4.509 11.2607 9.4752 4.1164 13.7128 14.0702 7.956 9.93196903385 11.2607
