#Human readable time. Time (s) since start. Lakeshore temperature sensor 218 T1,3,5,6,8 and 224 C2,C3,C4,C5,D2,D3,D5,A,B
2016-09-29 12:09:20.632000 0.0 3.359 49.643 33.419 51.981 4.145 12.4238 3.5641 3.8639 4.4105 13.2496 7.8249 3.9902 18.3638 16.7 7.999 -1 20.8223
2016-09-29 12:10:21.382000 60.75 3.323 49.644 33.916 51.981 4.146 12.4176 3.5638 3.865 4.4116 13.2574 7.8242 3.9909 18.3684 16.7053 7.999 8.25789662474 20.8289
2016-09-29 12:11:21.722000 121.09 3.436 49.644 34.156 51.981 4.146 12.4107 3.5638 3.8656 4.4124 13.2651 7.8238 3.9914 18.378 16.7063 8.0 8.07848712666 20.8336
2016-09-29 12:12:22.142000 181.51 3.598 49.647 33.842 51.984 4.427 20.4411 3.5985 4.1779 4.6756 13.2659 7.8589 4.3402 18.3815 16.6354 8.067 7.87141519439 20.8167
2016-09-29 12:13:22.592000 241.96 3.768 49.647 34.067 51.986 5.066 25.8844 3.8286 5.4345 5.7693 13.0848 8.0682 5.0453 18.3742 14.2132 8.326 8.21304425022 20.8666
2016-09-29 12:14:23.022000 302.39 4.054 49.655 33.711 51.993 5.443 30.4484 4.3403 6.8738 7.0522 12.8522 8.4418 5.4355 18.363 9.3505 8.605 8.25789662474 20.8683
2016-09-29 12:15:23.492000 362.86 3.828 49.674 33.569 52.012 5.22 33.6573 5.0443 8.2498 8.3628 12.5445 8.8659 5.515 18.3625 6.9509 8.749 8.30274899925 20.8877
2016-09-29 12:16:24.022000 423.39 3.793 49.702 33.952 52.036 5.602 36.069 5.8401 9.5078 9.5917 12.1997 9.3052 5.6027 18.3379 6.3551 8.83 7.79228854153 20.8996
2016-09-29 12:17:24.592000 483.96 4.172 49.727 34.38 52.059 5.537 38.2255 6.6232 10.6182 10.698 11.8781 9.7477 5.6964 18.3268 6.1989 8.898 7.67359856223 20.9564
2016-09-29 12:18:25.172000 544.54 4.045 49.75 33.601 52.083 5.76 40.1892 7.4324 11.5704 11.6546 11.6082 10.1687 5.7738 18.3075 6.1536 8.955 8.25789662474 21.0005
2016-09-29 12:19:25.822000 605.19 3.91 49.774 33.809 52.103 5.837 42.0027 8.1535 12.409 12.3708 11.3925 10.5451 5.8617 18.2966 6.139 9.011 8.30274899925 21.0327
2016-09-29 12:20:26.513000 665.881 3.914 49.797 34.145 52.123 5.928 43.687 6.8566 13.1516 13.1101 11.2251 10.8888 5.9598 18.2799 6.1495 9.069 7.7527252151 21.0446
2016-09-29 12:21:27.213000 726.581 4.326 49.816 34.025 52.147 6.024 45.2333 6.2476 13.803 13.875 11.0974 11.1979 6.063 18.254 6.1807 9.132 7.83185186796 21.0917
2016-09-29 12:22:27.943000 787.311 4.131 49.843 33.688 52.171 6.13 46.6571 6.2458 14.3754 14.5152 11.0032 11.4616 6.1804 18.2461 6.2304 9.201 8.39245374829 21.1392
2016-09-29 12:23:28.723000 848.091 4.215 49.867 34.516 52.196 6.141 47.42 6.202 14.7906 14.9954 10.8802 11.6009 6.1827 18.2205 6.1732 9.242 7.67359856223 21.1594
2016-09-29 12:24:29.513000 908.881 4.297 49.895 34.336 52.22 6.103 47.6263 6.1287 14.8673 15.2006 10.6864 11.5674 6.1361 18.2051 6.0882 9.244 8.34760137377 21.2129
2016-09-29 12:25:30.353000 969.721 3.978 49.921 34.076 52.244 6.019 47.9067 6.0143 14.6316 15.1466 10.4664 11.4414 6.0418 18.1988 5.9902 9.214 7.83185186796 21.2271
2016-09-29 12:26:31.223000 1030.591 4.243 49.942 34.284 52.268 5.906 48.3116 5.8699 14.2091 14.9087 10.243 11.3179 5.9179 18.1709 5.866 9.157 8.21304425022 21.2533
2016-09-29 12:27:32.123000 1091.491 4.091 49.966 33.803 52.288 5.786 48.7999 5.7241 13.6947 14.5672 10.0118 11.2192 5.7885 18.1572 5.7246 9.086 7.79228854153 21.2928
2016-09-29 12:28:33.063000 1152.431 3.878 49.978 34.538 52.302 5.68 49.294 5.6015 13.1741 14.1727 9.7824 11.1221 5.6726 18.1504 5.594 9.013 8.39245374829 21.327
2016-09-29 12:29:34.053000 1213.421 3.934 49.992 33.737 52.314 5.588 49.7887 5.5053 12.6839 13.7661 9.5603 11.016 5.5723 18.1188 5.4712 8.946 7.71316188867 21.3486
2016-09-29 12:30:35.063000 1274.431 3.811 49.999 34.507 52.322 5.51 50.2859 5.4418 12.2514 13.3781 9.3492 10.9074 5.4908 18.1072 5.3681 8.888 8.34760137377 21.3708
2016-09-29 12:31:36.123000 1335.491 3.864 50.008 33.717 52.332 5.445 50.771 5.4092 11.8743 13.0158 9.1504 10.7944 5.4215 18.0834 5.2787 8.839 8.12333950118 21.403
2016-09-29 12:32:37.214000 1396.582 4.008 50.012 34.081 52.335 5.361 50.9557 5.3538 11.5143 12.6658 8.9412 10.6547 5.3293 18.0611 5.1526 8.788 7.99010517368 21.4078
2016-09-29 12:33:38.354000 1457.722 3.655 50.017 34.194 52.342 5.259 50.8108 5.3052 11.0468 12.242 8.7139 10.4783 5.2178 18.0497 5.0429 8.727 7.7527252151 21.4513
2016-09-29 12:34:39.504000 1518.872 3.899 50.025 34.104 52.351 5.18 50.6157 5.3206 10.4783 11.7417 8.4912 10.2912 5.1292 18.0308 4.9449 8.668 7.91097852082 21.4789
2016-09-29 12:35:40.724000 1580.092 3.728 50.027 34.097 52.351 5.103 50.4033 5.3926 9.8619 11.1903 8.278 10.0924 5.0475 17.9987 4.849 8.617 8.43730612281 21.4828
2016-09-29 12:36:41.964000 1641.332 3.66 50.025 33.629 52.352 5.032 50.1891 5.4943 9.2304 10.6114 8.0806 9.8935 4.9693 17.9879 4.7582 8.569 8.48215849733 21.5124
2016-09-29 12:37:43.264000 1702.632 3.836 50.021 34.445 52.349 4.561 49.9687 5.6011 8.6275 10.0217 7.8951 9.6972 4.8959 17.9643 4.6699 8.525 8.39245374829 21.5301
2016-09-29 12:38:44.544000 1763.912 3.529 50.021 34.22 52.35 4.899 49.7752 5.6928 8.0646 9.4326 7.7253 9.5111 4.8271 17.95 4.5886 8.484 8.07848712666 21.529
2016-09-29 12:39:45.874000 1825.242 3.556 50.02 33.768 52.347 4.871 49.9144 5.7937 7.6299 8.9312 7.5823 9.3481 4.7982 17.9295 4.5556 8.458 7.91097852082 21.5547
2016-09-29 12:40:47.244000 1886.612 3.672 50.014 34.363 52.345 4.855 50.4437 5.9218 7.5142 8.6655 7.4752 9.2211 4.7815 17.917 4.5401 8.443 8.25789662474 21.5611
2016-09-29 12:41:48.664000 1948.032 3.537 50.007 34.314 52.338 4.593 51.11 26.6918 7.6512 8.6575 7.4026 9.1349 4.8327 17.4384 4.6011 8.448 8.43730612281 21.5976
2016-09-29 12:42:50.094000 2009.462 3.575 50.002 33.797 52.333 4.998 51.7399 35.8904 7.8595 8.7556 7.3696 9.0811 4.9482 14.8114 4.7268 8.484 8.21304425022 21.6047
2016-09-29 12:43:51.554000 2070.922 3.715 49.997 33.597 52.328 5.055 52.1222 41.3743 7.9195 8.7867 7.3789 9.0582 5.0616 9.2724 4.8354 8.544 7.7527252151 21.5778
2016-09-29 12:44:53.055000 2132.423 3.861 49.997 34.05 52.328 5.095 52.2082 45.8221 7.8591 8.7391 7.4267 9.0695 5.0446 5.8856 4.8154 8.57 8.12333950118 21.5092
2016-09-29 12:45:54.605000 2193.973 3.674 49.998 34.42 52.331 5.047 52.0915 50.1438 7.75 8.6641 7.4928 9.1079 4.9915 5.2976 4.7619 8.56 7.99010517368 21.4718
2016-09-29 12:46:56.165000 2255.533 3.551 50.002 34.163 52.332 4.887 51.9332 51.9986 7.6101 8.5687 7.515 9.1238 4.8914 5.0036 4.6954 8.52 7.95054184725 21.4007
2016-09-29 12:47:57.785000 2317.153 3.564 50.0 33.726 52.334 4.9 51.7643 52.159 7.3989 8.406 7.4753 9.0858 4.8291 4.8713 4.6327 8.483 8.07848712666 21.3413
2016-09-29 12:48:59.415000 2378.783 3.52 50.001 33.618 52.332 4.852 51.6225 51.9986 7.1358 8.1807 7.4086 9.0151 4.7776 4.7937 4.5792 8.453 8.12333950118 21.2852
2016-09-29 12:50:01.075000 2440.443 3.573 49.997 33.591 52.331 4.81 51.4814 51.7838 6.8571 7.9198 7.3322 8.9295 4.7324 4.7388 4.5293 8.427 8.83435633095 21.2158
2016-09-29 12:51:02.795000 2502.163 3.759 49.995 33.817 52.328 4.746 51.3677 51.5665 6.5884 7.6486 7.2537 8.8359 4.6929 4.6809 4.4838 8.404 8.12333950118 21.1505
2016-09-29 12:52:04.535000 2563.903 3.658 49.99 33.593 52.324 4.741 51.2552 51.3479 6.3474 7.379 7.1764 8.7417 4.6574 4.6379 4.441 8.383 7.87141519439 21.0981
2016-09-29 12:53:06.305000 2625.673 3.712 49.985 33.973 52.323 4.713 51.1542 51.1222 6.1321 7.1244 7.1023 8.6514 4.6259 4.5958 4.402 8.366 7.83185186796 21.0294
2016-09-29 12:54:08.115000 2687.483 3.726 49.981 33.76 52.317 4.686 51.0611 50.913 5.941 6.8898 7.0326 8.5658 4.5971 4.5532 4.3668 8.349 8.12333950118 20.968
2016-09-29 12:55:09.945000 2749.313 3.565 49.975 33.548 52.313 4.663 50.9673 50.6952 5.7666 6.6789 6.9687 8.4855 4.5719 4.5214 4.3348 8.335 7.7527252151 20.9175
2016-09-29 12:56:11.816000 2811.184 3.659 49.974 34.116 52.312 4.641 50.892 50.4815 5.6109 6.4916 6.91 8.4131 4.5476 4.4886 4.3055 8.321 8.03363475214 20.859
2016-09-29 12:57:13.726000 2873.094 3.698 49.969 33.843 52.308 4.621 50.8138 50.2659 5.4765 6.3259 6.8565 8.3468 4.5262 4.4571 4.2785 8.309 8.03363475214 20.7878
2016-09-29 12:58:15.656000 2935.024 3.684 49.966 33.729 52.303 4.602 50.7446 50.0467 5.3592 6.1821 6.8078 8.287 4.506 4.4283 4.2526 8.297 8.07848712666 20.7357
2016-09-29 12:59:17.656000 2997.024 3.565 49.961 33.533 52.299 4.581 50.6778 49.8415 5.2568 6.0562 6.7646 8.2328 4.4876 4.4046 4.2294 8.287 7.79228854153 20.6732
2016-09-29 13:00:19.666000 3059.034 3.488 49.954 33.511 52.293 4.566 50.6147 49.6277 5.1667 5.9425 6.7257 8.1852 4.4715 4.3789 4.2074 8.278 8.53049810849 20.6139
2016-09-29 13:01:21.676000 3121.044 3.454 49.95 33.687 52.291 4.562 50.5554 49.752 5.0956 5.8447 6.6923 8.1435 4.4635 4.3779 4.1895 8.271 7.79228854153 20.5463
2016-09-29 13:02:23.746000 3183.114 3.932 49.944 33.879 52.287 6.345 49.6559 50.077 17.6002 6.2408 6.6706 8.1659 6.6546 4.4791 4.2864 8.674 7.7527252151 20.4794
2016-09-29 13:03:25.846000 3245.214 4.993 49.929 34.196 52.268 8.425 45.0872 50.3935 21.2769 7.9378 6.7486 8.7202 8.7291 4.5275 4.293 10.121 8.21304425022 20.4337
2016-09-29 13:04:27.966000 3307.334 5.263 49.948 34.902 52.296 8.765 41.9096 50.4039 23.475 8.7495 6.8095 9.2586 9.0393 4.4983 4.2669 10.817 8.1681918757 20.373
2016-09-29 13:05:30.126000 3369.494 5.73 50.053 34.569 52.397 8.728 39.3809 50.215 24.9416 9.0886 6.8282 9.6331 8.9772 4.4297 4.1782 11.07 7.95054184725 20.3396
2016-09-29 13:06:32.346000 3431.714 5.407 50.171 34.468 52.497 8.561 37.057 49.9859 26.1272 9.1876 6.8184 9.8764 8.7891 4.3244 4.0656 11.101 8.39245374829 20.2776
2016-09-29 13:07:34.576000 3493.944 4.994 50.271 34.522 52.587 8.365 34.8826 49.7441 26.9372 9.1563 6.7891 10.0201 8.5575 4.1977 3.9326 11.025 8.1681918757 20.212
2016-09-29 13:08:36.827000 3556.195 4.96 50.352 35.191 52.664 8.159 32.7631 49.8323 27.4978 9.0481 6.7459 10.0972 8.3301 4.0637 3.7881 10.898 8.34760137377 20.1589
2016-09-29 13:09:39.097000 3618.465 4.986 50.422 35.185 52.727 7.937 30.3134 50.1 27.8618 8.8943 6.6918 10.1241 8.092 3.8998 3.6312 10.746 8.12333950118 20.0947
2016-09-29 13:10:41.427000 3680.795 5.098 50.477 34.502 52.784 7.709 27.8198 50.3585 28.1922 8.7089 6.6276 10.1154 7.8475 3.7299 3.464 10.579 7.91097852082 20.0267
2016-09-29 13:11:43.797000 3743.165 4.597 50.527 35.004 52.829 7.473 25.631 50.3034 28.4745 8.4995 6.5756 10.0802 7.5912 3.5863 3.2742 10.413 7.67359856223 19.9699
2016-09-29 13:12:46.177000 3805.545 4.978 50.569 34.827 52.87 7.253 23.6687 50.0183 28.6539 8.2724 6.5177 10.0251 7.3498 3.3754 3.0823 10.253 7.91097852082 19.9303
2016-09-29 13:13:48.607000 3867.975 4.875 50.601 34.668 52.905 7.038 22.0153 49.6468 28.7628 8.0358 6.4591 9.9556 7.1194 3.095 2.8943 10.093 8.03363475214 19.8717
2016-09-29 13:14:51.067000 3930.435 4.31 50.632 34.671 52.937 6.826 20.7152 49.2757 28.81 7.7936 6.398 9.8747 6.8908 2.958 2.7076 9.935 8.25789662474 19.8082
2016-09-29 13:15:53.587000 3992.955 4.461 50.661 35.057 52.963 6.643 19.5544 49.2383 28.8354 7.5627 6.3374 9.7852 6.6955 2.8131 2.5292 9.789 7.95054184725 19.749
2016-09-29 13:16:56.127000 4055.495 4.496 50.679 34.453 52.981 6.468 18.4968 49.3831 28.8305 7.3497 6.2807 9.693 6.5073 2.6475 2.3598 9.653 8.30274899925 19.697
2016-09-29 13:17:58.677000 4118.045 4.067 50.695 34.749 53.0 6.302 17.5221 49.5548 28.805 7.1515 6.2176 9.5974 6.3292 2.4749 2.2044 9.525 7.71316188867 19.644
2016-09-29 13:19:01.317000 4180.685 4.2 50.705 34.298 53.01 6.082 16.7419 49.7619 28.77 6.9665 6.1453 9.4969 6.1678 2.3177 2.0999 9.414 7.6340352358 19.5851
2016-09-29 13:20:03.938000 4243.306 3.943 50.709 34.822 53.017 6.019 15.9753 50.0113 28.7241 6.8073 6.066 9.4003 6.0308 2.1871 1.9905 9.32 7.7527252151 19.5361
2016-09-29 13:21:06.648000 4306.016 4.227 50.711 34.691 53.021 5.898 15.2017 50.2859 28.6716 6.6625 5.9798 9.3035 5.8971 2.0607 1.8709 9.234 7.79228854153 19.4734
2016-09-29 13:22:09.388000 4368.756 3.85 50.708 34.844 53.021 5.713 14.3971 50.1862 28.6064 6.5251 5.8949 9.2064 5.762 1.9231 1.7449 9.149 7.79228854153 19.4217
2016-09-29 13:23:12.178000 4431.546 4.141 50.703 34.497 53.018 5.543 13.6073 49.8723 28.5423 6.385 5.8172 9.1105 5.627 1.7851 1.6173 9.065 7.79228854153 19.3575
2016-09-29 13:24:15.028000 4494.396 3.808 50.699 34.865 53.014 5.519 12.8332 49.5494 28.474 6.2466 5.7429 9.0123 5.4949 1.6466 1.4919 8.981 8.07848712666 19.2969
2016-09-29 13:25:17.848000 4557.216 3.717 50.687 34.234 53.005 5.408 12.0995 49.6575 28.4111 6.117 5.6749 8.9169 5.3712 1.521 1.3757 8.901 7.6340352358 19.238
2016-09-29 13:26:20.708000 4620.076 3.832 50.677 34.798 52.997 5.295 11.374 50.0048 28.3422 5.9988 5.618 8.8236 5.25 1.4418 1.2789 8.823 7.67359856223 19.1914
2016-09-29 13:27:23.638000 4683.006 3.618 50.663 34.447 52.987 5.19 10.6937 50.3705 28.2709 5.8841 5.5698 8.7317 5.1337 1.3713 1.205 8.749 8.25789662474 19.1243
2016-09-29 13:28:26.598000 4745.966 3.692 50.647 33.963 52.973 5.086 10.0524 50.3453 28.2073 5.7765 5.5262 8.6439 5.0219 1.3148 1.1636 8.68 7.67359856223 19.0755
2016-09-29 13:29:29.568000 4808.936 3.776 50.633 34.528 52.96 4.991 9.4336 50.112 28.1449 5.6671 5.4885 8.558 4.9199 1.2883 1.1497 8.616 8.07848712666 19.0085
2016-09-29 13:31:06.733000 4906.101 3.762 50.605 34.324 52.937 4.866 8.5943 49.7249 28.0606 5.5111 5.4424 8.4343 4.7868 1.2751 1.143 8.53 7.79228854153 18.9315
2016-09-29 13:32:09.816000 4969.184 3.508 50.586 34.592 52.919 4.8 8.1385 49.4794 28.0127 5.4224 5.4193 8.3603 4.7164 1.2726 1.1415 8.485 7.71316188867 18.8825
2016-09-29 13:33:12.879000 5032.247 3.533 50.566 33.828 52.899 4.748 7.7595 49.657 27.986 5.3489 5.401 8.2916 4.6605 1.2743 1.1421 8.449 7.51534525651 18.8172
2016-09-29 13:34:16.012000 5095.38 3.523 50.545 33.828 52.882 4.707 7.4542 50.0476 27.9663 5.2964 5.3868 8.2309 4.6167 1.2741 1.142 8.421 8.07848712666 18.7762
2016-09-29 13:35:19.144000 5158.512 3.682 50.527 34.2 52.864 4.675 7.2185 50.4492 27.9524 5.2594 5.3758 8.1779 4.5832 1.2736 1.1416 8.398 7.79228854153 18.7095
2016-09-29 13:36:22.357000 5221.725 3.468 50.506 34.534 52.845 4.649 7.0347 50.4343 27.9401 5.2275 5.3659 8.1301 4.5552 1.2705 1.1404 8.38 7.40778273543 18.6569
2016-09-29 13:37:25.609000 5284.977 3.439 50.486 33.749 52.827 4.521 6.8912 50.2096 27.9304 5.193 5.3568 8.0871 4.5307 1.2689 1.1397 8.364 8.03363475214 18.6024
2016-09-29 13:38:28.852000 5348.22 3.536 50.468 33.724 52.809 4.609 6.7817 49.9631 27.9247 5.1601 5.349 8.0486 4.5118 1.2677 1.1393 8.351 7.55490858294 18.546
2016-09-29 13:39:32.134000 5411.502 3.605 50.45 34.396 52.794 4.594 6.6976 49.7158 27.9188 5.1307 5.3426 8.014 4.4964 1.2667 1.1388 8.341 7.83185186796 18.4821
2016-09-29 13:40:35.457000 5474.825 3.612 50.432 34.358 52.776 4.516 6.6366 49.8933 27.9161 5.1118 5.3377 7.9843 4.4867 1.2689 1.1396 8.333 7.6340352358 18.4409
2016-09-29 13:41:38.870000 5538.238 3.618 50.414 34.316 52.762 4.542 6.5915 50.277 27.9129 5.1067 5.3344 7.9596 4.4846 1.269 1.1394 8.328 7.83185186796 18.3838
2016-09-29 13:42:42.292000 5601.66 3.617 50.396 34.303 52.744 4.582 6.5582 50.6649 27.9072 5.1096 5.3322 7.9391 4.483 1.2685 1.1392 8.325 7.59447190937 18.3326
2016-09-29 13:43:45.726000 5665.094 3.575 50.379 34.16 52.731 4.578 6.5281 50.6431 27.9104 5.1103 5.3294 7.9211 4.4787 1.2654 1.1382 8.322 7.44308615144 18.2821
2016-09-29 13:44:49.169000 5728.537 3.432 50.363 34.055 52.714 4.573 6.5012 50.4213 27.9112 5.1011 5.3272 7.9044 4.473 1.2639 1.1376 8.319 7.37247931942 18.2266
2016-09-29 13:45:52.711000 5792.079 3.564 50.349 34.093 52.701 4.568 6.4786 50.1773 27.9072 5.0885 5.3269 7.889 4.4678 1.2629 1.1372 8.315 7.83185186796 18.1796
2016-09-29 13:46:56.274000 5855.642 3.558 50.335 34.378 52.686 4.564 6.4594 49.929 27.9077 5.0758 5.325 7.8745 4.4629 1.2619 1.1369 8.311 7.23126565537 18.1141
2016-09-29 13:47:59.887000 5919.255 3.569 50.323 34.379 52.676 4.56 6.4429 49.6767 27.9066 5.0633 5.3216 7.8612 4.4582 1.2611 1.1366 8.307 7.91097852082 18.0663
2016-09-29 13:49:03.529000 5982.897 3.565 50.309 34.392 52.662 4.535 6.3458 49.8501 27.9 5.0577 5.3188 7.8496 4.4583 1.2704 1.2375 8.305 7.87141519439 18.0187
2016-09-29 13:50:07.162000 6046.53 3.546 50.297 34.383 52.651 4.504 5.8397 50.2877 27.874 5.0374 5.3327 7.8368 4.4018 1.3989 1.4819 8.288 7.59447190937 17.9567
2016-09-29 13:51:10.805000 6110.173 3.645 50.285 34.391 52.64 4.48 5.6093 50.7212 27.8634 5.0153 5.3565 7.8204 4.3706 1.5095 1.5782 8.268 7.47838956745 17.9107
2016-09-29 13:52:14.517000 6173.885 3.64 50.272 33.802 52.627 4.468 5.5192 50.7412 27.8634 16.9672 5.3761 7.8035 4.3737 1.6009 1.6289 8.255 7.83185186796 17.8556
2016-09-29 13:53:18.270000 6237.638 4.699 50.254 33.667 52.604 7.628 7.883 30.7405 28.4539 19.6708 5.4816 8.3009 7.7576 1.5004 1.6531 9.79 7.55490858294 17.8228
2016-09-29 13:54:22.023000 6301.391 4.236 50.257 34.359 52.62 6.445 7.1947 16.0484 28.3275 21.2745 5.4928 8.5764 6.4394 0.9878 1.6355 9.74 7.55490858294 17.7508
2016-09-29 13:55:25.836000 6365.204 3.813 50.338 34.792 52.691 5.46 6.5361 9.5599 28.1464 22.1933 5.4568 8.5641 5.3853 0.538 1.6225 9.226 7.87141519439 17.7063
2016-09-29 13:56:29.699000 6429.067 3.579 50.374 34.56 52.718 4.953 6.1141 7.1523 28.0146 22.8671 5.4279 8.4472 4.8493 0.4853 1.6234 8.791 7.7527252151 17.6622
2016-09-29 13:57:33.562000 6492.93 3.712 50.37 34.152 52.712 4.751 5.8674 6.68 27.9615 23.5319 5.4102 8.3191 4.646 0.4793 1.6244 8.541 7.37247931942 17.5969
2016-09-29 13:58:37.455000 6556.823 3.529 50.355 33.657 52.698 4.617 5.7015 6.5192 27.9409 23.9846 5.3987 8.2068 4.5507 0.4772 1.6249 8.422 7.6340352358 17.5644
2016-09-29 13:59:41.407000 6620.775 3.444 50.34 33.753 52.687 4.488 5.5817 6.4201 27.9226 24.4823 5.3887 8.1148 4.4957 0.4757 1.6252 8.361 7.7527252151 17.5048
2016-09-29 14:00:45.380000 6684.748 3.442 50.324 33.915 52.677 4.567 5.4927 6.3468 27.9038 24.8271 5.3799 8.0386 4.4612 0.475 1.6254 8.327 7.71316188867 17.4489
2016-09-29 14:01:49.393000 6748.761 3.481 50.31 34.447 52.662 4.544 5.4243 6.286 27.8989 25.1198 5.3735 7.9774 4.4382 0.4748 1.6254 8.305 7.33717590341 17.4073
2016-09-29 14:02:53.416000 6812.784 3.459 50.3 33.973 52.653 4.527 5.3715 6.2345 27.887 25.4245 5.3677 7.9285 4.4214 0.4747 1.6252 8.291 7.7527252151 17.3514
2016-09-29 14:03:57.478000 6876.846 3.431 50.288 34.358 52.641 4.515 5.3286 6.187 27.8765 25.6567 5.3629 7.8885 4.4082 0.4751 1.6252 8.281 7.33717590341 17.3033
2016-09-29 14:05:01.601000 6940.969 3.575 50.275 34.311 52.629 4.505 5.294 6.1382 27.8765 25.8369 5.3591 7.856 4.3974 0.4767 1.6255 8.274 7.83185186796 17.2627
2016-09-29 14:06:05.764000 7005.132 3.593 50.264 33.699 52.619 4.497 5.2663 6.0997 27.8709 25.9767 5.3561 7.8293 4.3881 0.4764 1.6254 8.267 7.79228854153 17.2199
2016-09-29 14:07:09.988000 7069.356 3.417 50.255 33.877 52.608 4.489 5.2428 6.0626 27.8681 26.1281 5.3535 7.8067 4.3808 0.4764 1.6255 8.262 7.59447190937 17.161
2016-09-29 14:08:14.210000 7133.578 3.643 50.248 33.933 52.6 4.483 5.2227 6.0263 27.8664 26.2477 5.3513 7.7882 4.3732 0.4773 1.6256 8.257 7.33717590341 17.11
2016-09-29 14:09:18.443000 7197.811 3.444 50.234 33.621 52.591 4.477 5.2055 5.9905 27.8587 26.3464 5.3495 7.7722 4.3666 0.4767 1.6254 8.253 7.19596223936 17.0644
2016-09-29 14:10:22.826000 7262.194 3.602 50.226 34.117 52.584 4.471 5.1903 5.9548 27.8594 26.4285 5.3478 7.7584 4.3606 0.4752 1.6255 8.248 7.23126565537 17.0102
2016-09-29 14:11:27.129000 7326.497 3.4 50.216 34.119 52.573 4.466 5.1768 5.9156 27.8554 26.4904 5.3464 7.7463 4.3545 0.4814 1.6254 8.244 7.19596223936 16.9625
2016-09-29 14:12:31.472000 7390.84 3.54 50.207 34.279 52.562 4.402 5.1212 4.774 27.844 26.4885 5.3494 7.7335 4.2791 1.8569 1.6427 8.228 6.89224670463 16.91
2016-09-29 14:13:35.844000 7455.212 3.37 50.198 33.879 52.556 4.317 5.0837 4.0541 27.8303 26.4867 5.3704 7.708 4.1882 3.0337 1.6718 8.181 7.51534525651 16.8762
2016-09-29 14:14:40.317000 7519.685 3.558 50.19 33.988 52.546 4.289 5.0946 3.8641 27.8279 26.5317 5.3839 7.6815 4.1555 3.797 1.6887 8.153 7.51534525651 16.8283
2016-09-29 14:15:44.810000 7584.178 3.344 50.18 34.122 52.535 4.278 5.1185 3.7947 27.8293 26.5634 5.3929 7.659 4.1448 4.3695 1.6985 8.14 7.55490858294 16.798
2016-09-29 14:16:49.383000 7648.751 3.514 50.167 33.609 52.526 4.275 5.1434 3.7639 27.8293 26.6014 5.3998 7.6406 4.1403 4.8338 1.705 8.133 7.40778273543 16.7453
2016-09-29 14:17:53.916000 7713.284 3.448 50.158 34.308 52.515 4.275 5.1675 3.7494 27.8301 26.6267 5.4049 7.626 4.141 5.221 1.7093 8.13 7.12535540734 16.7176
2016-09-29 14:18:58.540000 7777.908 3.373 50.146 33.651 52.507 4.277 5.1887 3.7425 27.8309 26.6554 5.4087 7.6141 4.1428 5.5568 1.7124 8.129 7.59447190937 16.6652
2016-09-29 14:20:03.163000 7842.531 3.461 50.136 34.111 52.495 4.278 5.2075 3.7388 27.8286 26.6726 5.4118 7.6046 4.1444 5.8509 1.7146 8.129 7.23126565537 16.6288
2016-09-29 14:21:07.825000 7907.193 3.471 50.126 34.282 52.486 4.28 5.2233 3.7369 27.832 26.694 5.4141 7.5971 4.1467 6.11 1.7166 8.129 7.71316188867 16.5885
2016-09-29 14:22:12.538000 7971.906 3.376 50.118 33.695 52.479 4.281 5.2364 3.7343 27.8286 26.7074 5.4159 7.5906 4.1479 6.3441 1.7182 8.129 7.19596223936 16.5621
2016-09-29 14:23:17.301000 8036.669 3.465 50.111 33.47 52.472 4.283 5.2483 3.7341 27.8328 26.7202 5.4172 7.5852 4.1499 6.5586 1.7195 8.129 7.71316188867 16.5271
2016-09-29 14:24:22.054000 8101.422 3.472 50.102 34.268 52.462 4.284 5.2591 3.7327 27.8334 26.73 5.4181 7.5807 4.151 6.7587 1.7209 8.129 7.51534525651 16.4944
2016-09-29 14:25:26.867000 8166.235 3.358 50.097 34.202 52.455 4.284 5.2688 3.7327 27.8334 26.7335 5.4186 7.5766 4.152 6.9447 1.7222 8.129 7.01944515931 16.4692
2016-09-29 14:26:31.710000 8231.078 3.442 50.09 33.484 52.451 4.285 5.277 3.7324 27.8338 26.7439 5.419 7.5729 4.153 7.1171 1.7233 8.128 7.6340352358 16.4355
2016-09-29 14:27:36.563000 8295.931 3.546 50.087 33.611 52.446 4.286 5.2851 3.7321 27.8297 26.7524 5.4185 7.5695 4.1535 7.2722 1.7244 8.128 7.16065882335 16.4096
2016-09-29 14:28:41.476000 8360.844 3.573 50.08 33.891 52.442 4.286 5.2925 3.7311 27.8341 26.7582 5.4191 7.5664 4.1536 7.4206 1.7254 8.128 7.3018724874 16.3757
2016-09-29 14:29:46.429000 8425.797 3.547 50.075 34.006 52.434 4.288 5.2991 3.7318 27.8338 26.7625 5.4188 7.5636 4.1551 7.5565 1.7262 8.127 7.44308615144 16.3632
2016-09-29 14:30:51.393000 8490.761 3.495 50.065 34.217 52.424 4.288 5.3058 3.7326 27.8309 26.7664 5.4186 7.5609 4.1552 7.6867 1.7271 8.128 7.47838956745 16.3391
2016-09-29 14:31:56.386000 8555.754 3.405 50.06 34.281 52.421 4.289 5.3118 3.7331 27.8351 26.7707 5.4182 7.5586 4.1568 7.8066 1.7279 8.127 8.07848712666 16.3055
2016-09-29 14:33:01.429000 8620.797 3.358 50.057 34.137 52.418 4.289 5.3165 3.732 27.8338 26.7747 5.4179 7.5563 4.1573 7.9205 1.7287 8.127 6.79852642562 16.2878
2016-09-29 14:34:06.522000 8685.89 3.355 50.051 33.928 52.413 4.29 5.3224 3.7323 27.8293 26.7753 5.4176 7.554 4.1584 8.0321 1.7295 8.126 7.3018724874 16.2671
2016-09-29 14:35:11.635000 8751.003 3.37 50.047 33.718 52.405 4.29 5.328 3.7329 27.8338 26.7765 5.417 7.552 4.1592 8.1363 1.7303 8.126 7.19596223936 16.2448
2016-09-29 14:36:16.777000 8816.145 3.395 50.041 33.527 52.401 4.291 5.3324 3.733 27.833 26.7802 5.4165 7.55 4.1593 8.2337 1.7309 8.126 7.55490858294 16.2216
2016-09-29 14:37:21.990000 8881.358 3.354 50.038 34.015 52.395 4.291 5.337 3.7323 27.8366 26.7826 5.416 7.5481 4.1598 8.3292 1.7317 8.126 7.05474857532 16.204
2016-09-29 14:38:27.223000 8946.591 3.368 50.032 33.739 52.392 4.292 5.3417 3.733 27.8301 26.7785 5.4153 7.5463 4.1607 8.4176 1.7324 8.125 7.33717590341 16.1882
2016-09-29 14:39:32.476000 9011.844 3.372 50.029 34.225 52.387 4.292 5.3464 3.7343 27.8349 26.7859 5.4147 7.5446 4.1613 8.5027 1.7331 8.125 7.19596223936 16.1736
2016-09-29 14:40:37.729000 9077.097 3.364 50.025 33.802 52.382 4.293 5.3506 3.7345 27.8341 26.7857 5.4141 7.5429 4.1624 8.5915 1.7337 8.125 7.12535540734 16.1554
2016-09-29 14:41:43.032000 9142.4 3.367 50.02 34.181 52.38 4.294 5.3551 3.7343 27.8355 26.7877 5.4138 7.5415 4.1629 8.6708 1.7342 8.125 7.44308615144 16.1375
2016-09-29 14:42:48.386000 9207.754 3.356 50.016 33.998 52.374 4.294 5.3588 3.7349 27.8301 26.7875 5.4131 7.54 4.1628 8.746 1.7347 8.125 7.26656907139 16.1314
2016-09-29 14:43:53.759000 9273.127 3.42 50.013 34.254 52.372 4.295 5.3627 3.7353 27.8338 26.7826 5.4123 7.5386 4.1635 8.8199 1.7354 8.125 7.55490858294 16.1031
2016-09-29 14:44:59.173000 9338.541 3.543 50.01 34.045 52.367 4.295 5.3661 3.7357 27.8355 26.7865 5.4117 7.537 4.1642 8.8897 1.7357 8.125 6.6735660536 16.0988
2016-09-29 14:46:04.586000 9403.954 3.582 50.006 33.633 52.364 4.296 5.3698 3.7368 27.8351 26.7859 5.4111 7.5358 4.1661 8.9576 1.7363 8.125 6.98596698365 16.0789
2016-09-29 14:47:10.039000 9469.407 3.409 49.999 33.472 52.358 4.297 5.3733 3.7366 27.8345 26.7853 5.4105 7.5346 4.1665 9.026 1.7369 8.125 7.26656907139 16.0728
2016-09-29 14:48:15.562000 9534.93 3.361 49.998 33.95 52.358 4.296 5.3763 3.7357 27.8314 26.7862 5.4099 7.5332 4.1654 9.0895 1.7373 8.124 7.01944515931 16.0567
2016-09-29 14:49:21.115000 9600.483 3.394 49.995 34.224 52.351 4.297 5.3798 3.7372 27.836 26.7831 5.4094 7.532 4.1664 9.1497 1.7379 8.124 6.98596698365 16.0498
2016-09-29 14:50:26.768000 9666.136 3.525 49.991 34.141 52.348 4.297 5.3828 3.7366 27.8349 26.7823 5.4084 7.5307 4.1666 9.2099 1.7382 8.124 7.16065882335 16.0303
2016-09-29 14:51:32.391000 9731.759 3.588 49.991 33.697 52.348 4.297 5.385 3.7364 27.836 26.7848 5.4084 7.5294 4.1664 9.2675 1.7386 8.123 7.16065882335 16.0238
2016-09-29 14:52:38.054000 9797.422 3.36 49.99 34.104 52.345 4.296 5.3872 3.736 27.8355 26.7857 5.4077 7.5281 4.1655 9.3243 1.7389 8.123 7.23126565537 16.0118
2016-09-29 14:53:43.777000 9863.145 3.466 49.987 34.234 52.345 4.296 5.3892 3.7345 27.836 26.785 5.4071 7.5267 4.1648 9.38 1.7396 8.122 6.92348679764 16.0016
2016-09-29 14:54:49.501000 9928.869 3.416 49.986 33.893 52.342 4.296 5.3917 3.7351 27.8351 26.785 5.4063 7.5254 4.1655 9.4297 1.7399 8.122 7.09005199133 15.9978
2016-09-29 14:55:55.394000 9994.762 3.363 49.983 33.878 52.337 4.296 5.3942 3.7347 27.8355 26.7865 5.4057 7.5241 4.1652 9.4809 1.7404 8.121 7.47838956745 15.9862
2016-09-29 14:57:01.197000 10060.565 3.561 49.979 33.946 52.338 4.296 5.3969 3.7353 27.8351 26.789 5.4051 7.5228 4.1658 9.529 1.7408 8.121 7.16065882335 15.9839
2016-09-29 14:58:07.050000 10126.418 3.589 49.979 33.704 52.333 4.296 5.399 3.7348 27.8355 26.7877 5.4044 7.5217 4.1663 9.5786 1.741 8.121 7.3018724874 15.9699
2016-09-29 14:59:12.914000 10192.282 3.359 49.976 34.067 52.332 4.297 5.4013 3.7358 27.836 26.7868 5.4039 7.5205 4.1669 9.6249 1.7413 8.121 7.37247931942 15.9665
2016-09-29 15:00:18.817000 10258.185 3.592 49.973 33.714 52.329 4.298 5.4035 3.7361 27.8301 26.7868 5.4031 7.5193 4.1682 9.6721 1.7416 8.121 7.16065882335 15.9675
2016-09-29 15:01:24.760000 10324.128 3.36 49.97 34.055 52.326 4.299 5.4059 3.7372 27.8314 26.7853 5.4024 7.5185 4.168 9.7166 1.742 8.121 7.47838956745 15.9496
2016-09-29 15:02:30.743000 10390.111 3.592 49.967 33.735 52.324 4.298 5.4076 3.737 27.8314 26.7881 5.4019 7.5175 4.1688 9.7589 1.7421 8.121 6.95472689064 15.9557
2016-09-29 15:03:36.756000 10456.124 3.361 49.966 34.092 52.322 4.297 5.3432 3.734 27.8293 26.7859 5.4053 7.5163 4.1659 9.7983 2.5956 8.12 7.47838956745 15.9516
2016-09-29 15:04:42.829000 10522.197 3.584 49.966 33.635 52.322 4.275 5.0298 3.6989 27.8117 26.7826 5.487 7.5151 4.1381 9.8403 3.8025 8.113 7.16065882335 15.948
2016-09-29 15:05:48.942000 10588.31 3.347 49.963 34.073 52.32 4.248 4.7571 3.6607 27.7998 26.7741 5.6134 7.5119 4.1049 9.8811 4.6061 8.099 7.51534525651 15.9354
2016-09-29 15:06:55.077000 10654.445 3.363 49.961 33.633 52.318 4.227 4.5563 3.631 27.7924 26.7714 5.7617 7.5065 4.0798 9.9286 5.2128 8.087 7.01944515931 15.9343
2016-09-29 15:08:01.250000 10720.618 3.519 49.957 34.014 52.311 4.211 4.4063 3.6086 27.7865 26.7688 5.9197 7.5004 4.0599 9.9758 5.7071 8.076 7.3018724874 15.9238
2016-09-29 15:09:07.473000 10786.841 3.344 49.954 33.706 52.31 4.198 4.2899 3.5906 27.7832 26.7662 6.0753 7.4941 4.0447 10.023 6.1242 8.067 7.3018724874 15.9305
2016-09-29 15:10:13.756000 10853.124 3.41 49.952 33.408 52.306 4.189 4.2008 3.5786 27.7817 26.7646 6.2278 7.4884 4.0351 10.0688 6.484 8.06 7.05474857532 15.9262
2016-09-29 15:11:20.029000 10919.397 3.387 49.949 34.235 52.302 4.181 4.1292 3.5685 27.7842 26.7646 6.3786 7.4835 4.0264 10.1211 6.8068 8.056 7.16065882335 15.9236
2016-09-29 15:12:26.383000 10985.751 3.325 49.947 33.945 52.299 4.175 4.0718 3.5605 27.7832 26.7627 6.5289 7.4792 4.0195 10.1664 7.0994 8.052 7.16065882335 15.9283
2016-09-29 15:13:32.736000 11052.104 3.357 49.942 33.524 52.297 4.171 4.0259 3.5541 27.7838 26.7627 6.6762 7.4756 4.0153 10.2127 7.36 8.048 7.33717590341 15.9252
2016-09-29 15:14:39.189000 11118.557 3.542 49.938 33.628 52.295 4.166 3.9862 3.5479 27.7834 26.757 6.819 7.4726 4.0103 10.2615 7.594 8.046 7.16065882335 15.9161
2016-09-29 15:15:45.642000 11185.01 3.479 49.936 34.054 52.292 4.162 3.9547 3.5439 27.7801 26.76 6.9578 7.4702 4.0062 10.31 7.8119 8.043 7.47838956745 15.9224
2016-09-29 15:16:52.166000 11251.534 3.344 49.933 34.197 52.288 4.16 3.9279 3.5393 27.7859 26.7595 7.0916 7.4682 4.0028 10.3581 8.0148 8.042 7.47838956745 15.9181
2016-09-29 15:17:58.680000 11318.048 3.327 49.935 33.486 52.289 4.157 3.9047 3.536 27.7853 26.7589 7.2195 7.4665 4.0 10.4106 8.203 8.04 7.83185186796 15.9161
2016-09-29 15:19:05.383000 11384.751 3.485 49.932 33.488 52.285 4.156 3.8864 3.535 27.7891 26.7597 7.343 7.4653 3.9992 10.4575 8.3801 8.038 6.92348679764 15.9191
2016-09-29 15:20:11.966000 11451.334 3.522 49.929 33.913 52.286 4.153 3.87 3.531 27.7891 26.7551 7.4612 7.4642 3.9963 10.5038 8.5463 8.037 7.26656907139 15.9224
2016-09-29 15:21:18.600000 11517.968 3.444 49.928 34.207 52.283 4.152 3.8557 3.5297 27.7848 26.7589 7.5748 7.4634 3.9956 10.5565 8.7088 8.036 7.01944515931 15.9161
2016-09-29 15:22:25.243000 11584.611 3.436 49.925 33.884 52.28 4.151 3.8438 3.5282 27.7901 26.7595 7.6848 7.4628 3.9941 10.6039 8.8549 8.035 7.33717590341 15.9366
2016-09-29 15:23:31.936000 11651.304 3.322 49.925 34.068 52.278 4.15 3.833 3.5265 27.7897 26.7613 7.7891 7.4624 3.9925 10.6525 9.003 8.034 7.16065882335 15.9396
2016-09-29 15:24:38.669000 11718.037 3.342 49.92 33.6 52.275 4.149 3.8245 3.5253 27.7918 26.7595 7.8908 7.462 3.9919 10.6942 9.1388 8.033 7.33717590341 15.9354
2016-09-29 15:25:45.473000 11784.841 3.324 49.919 33.801 52.273 4.149 3.8165 3.5253 27.787 26.7597 7.9871 7.4619 3.9916 10.7462 9.2702 8.033 7.01944515931 15.9398
2016-09-29 15:26:52.286000 11851.654 3.325 49.915 33.444 52.27 4.148 3.8094 3.5235 27.7922 26.7604 8.0813 7.4619 3.9904 10.7956 9.396 8.032 7.44308615144 15.9413
2016-09-29 15:27:59.159000 11918.527 3.343 49.913 33.584 52.268 4.148 3.803 3.5232 27.7928 26.7597 8.1707 7.4619 3.9901 10.839 9.5187 8.032 6.92348679764 15.9467
2016-09-29 15:29:06.033000 11985.401 3.325 49.911 33.844 52.266 4.147 3.7978 3.5224 27.7914 26.7555 8.2566 7.462 3.9897 10.8877 9.6279 8.031 7.09005199133 15.9504
2016-09-29 15:30:12.947000 12052.315 3.32 49.911 34.036 52.264 4.146 3.7921 3.5215 27.7881 26.7589 8.3411 7.462 3.9885 10.9343 9.7435 8.031 7.37247931942 15.9612
2016-09-29 15:31:19.850000 12119.218 3.34 49.908 34.181 52.263 4.147 3.7877 3.5209 27.794 26.7586 8.4221 7.462 3.9885 10.9775 9.8486 8.03 7.16065882335 15.9697
2016-09-29 15:32:26.834000 12186.202 3.397 49.905 33.7 52.259 4.146 3.7843 3.5205 27.7935 26.7595 8.4994 7.4622 3.9887 11.0237 9.9539 8.03 7.47838956745 15.9815
2016-09-29 15:33:33.827000 12253.195 3.471 49.903 33.952 52.256 4.147 3.7806 3.5212 27.7887 26.7589 8.5758 7.4625 3.9892 11.0673 10.0545 8.03 7.09005199133 15.9738
2016-09-29 15:34:40.840000 12320.208 3.517 49.9 34.17 52.255 4.146 3.7768 3.5204 27.7935 26.7582 8.649 7.4627 3.9885 11.1138 10.1513 8.029 7.33717590341 15.9817
2016-09-29 15:35:47.984000 12387.352 3.548 49.9 33.698 52.254 4.146 3.775 3.5202 27.7946 26.7551 8.7191 7.463 3.9887 11.1583 10.2393 8.029 7.16065882335 15.9994
2016-09-29 15:36:55.077000 12454.445 3.482 49.896 33.481 52.253 4.146 3.771 3.5185 27.7933 26.7595 8.7879 7.4633 3.9872 11.2043 10.3305 8.029 7.19596223936 16.0012
2016-09-29 15:38:02.220000 12521.588 3.377 49.897 33.405 52.251 4.146 3.7686 3.5197 27.7946 26.7604 8.8557 7.4636 3.9877 11.2463 10.4181 8.029 6.89224670463 16.0193
2016-09-29 15:39:09.414000 12588.782 3.329 49.893 34.109 52.248 4.146 3.7668 3.5199 27.794 26.7555 8.9205 7.4639 3.9882 11.2894 10.5022 8.029 7.47838956745 16.015
2016-09-29 15:40:16.677000 12656.045 3.382 49.893 34.229 52.248 4.145 3.7636 3.5186 27.7961 26.7604 8.9828 7.4643 3.9875 11.3349 10.5869 8.028 7.55490858294 16.0276
2016-09-29 15:41:23.931000 12723.299 3.53 49.892 33.547 52.246 4.145 3.7623 3.5183 27.795 26.757 9.0449 7.4645 3.9871 11.3772 10.6698 8.028 7.09005199133 16.0335
2016-09-29 15:42:31.245000 12790.613 3.45 49.889 33.427 52.246 4.145 3.7601 3.5177 27.7944 26.7622 9.1054 7.4647 3.9868 11.4141 10.7444 8.027 7.16065882335 16.0486
2016-09-29 15:43:38.758000 12858.126 3.323 49.886 34.06 52.242 4.146 3.7595 3.5184 27.795 26.761 9.1637 7.4651 3.9879 11.4615 10.8252 8.028 7.40778273543 16.0575
2016-09-29 15:44:46.142000 12925.51 3.536 49.887 33.823 52.241 4.146 3.7571 3.5178 27.7954 26.7616 9.2195 7.4654 3.9874 11.4966 10.8952 8.027 7.05474857532 16.0673
2016-09-29 15:45:53.555000 12992.923 3.347 49.885 33.548 52.239 4.145 3.7551 3.5181 27.7946 26.7597 9.2751 7.4657 3.9867 11.542 10.967 8.027 7.40778273543 16.0724
2016-09-29 15:47:01.029000 13060.397 3.43 49.884 34.215 52.238 4.144 3.753 3.5163 27.7914 26.7597 9.3298 7.466 3.986 11.5848 11.036 8.026 6.98596698365 16.0785
2016-09-29 15:48:08.472000 13127.84 3.429 49.884 33.403 52.238 4.144 3.7518 3.5173 27.7965 26.761 9.3832 7.4661 3.986 11.625 11.1047 8.026 7.40778273543 16.1039
2016-09-29 15:49:16.016000 13195.384 3.32 49.88 34.032 52.234 4.144 3.7509 3.5169 27.7897 26.7589 9.4346 7.4663 3.9858 11.6651 11.1732 8.026 6.95472689064 16.1024
2016-09-29 15:50:23.549000 13262.917 3.523 49.879 33.882 52.234 4.145 3.75 3.5178 27.7954 26.7591 9.4846 7.4667 3.987 11.7057 11.2376 8.026 7.3018724874 16.1044
2016-09-29 15:51:31.123000 13330.491 3.345 49.876 33.575 52.23 4.145 3.7495 3.5175 27.7954 26.7604 9.5343 7.4671 3.9868 11.7434 11.3025 8.026 7.12535540734 16.1266
2016-09-29 15:52:38.766000 13398.134 3.423 49.878 34.218 52.231 4.143 3.7475 3.5158 27.7961 26.7591 9.5833 7.4672 3.9855 11.7886 11.3658 8.025 6.82976651862 16.1414
2016-09-29 15:53:46.410000 13465.778 3.325 49.877 33.45 52.23 4.144 3.7461 3.5152 27.7954 26.7589 9.6309 7.4674 3.9852 11.8227 11.4271 8.025 7.40778273543 16.1494
2016-09-29 15:54:54.124000 13533.492 3.483 49.877 34.027 52.23 4.143 3.7452 3.515 27.7946 26.7551 9.6768 7.4676 3.9853 11.8593 11.4851 8.025 7.33717590341 16.1658
2016-09-29 15:56:01.827000 13601.195 3.382 49.874 33.409 52.227 4.144 3.744 3.5154 27.794 26.7597 9.7221 7.4677 3.9851 11.9032 11.5418 8.024 6.95472689064 16.1722
2016-09-29 15:57:09.581000 13668.949 3.545 49.871 33.753 52.224 4.144 3.7439 3.5158 27.7912 26.7606 9.7665 7.468 3.9861 11.9346 11.6038 8.025 7.05474857532 16.1878
2016-09-29 15:58:17.424000 13736.792 3.384 49.869 34.203 52.224 4.145 3.7432 3.5165 27.7961 26.76 9.8109 7.4682 3.986 11.983 11.6567 8.024 7.12535540734 16.1935
2016-09-29 15:59:25.428000 13804.796 3.334 49.867 33.671 52.221 4.144 3.7419 3.5149 27.7944 26.7606 9.8545 7.4685 3.9851 12.0154 11.7091 8.024 7.40778273543 16.2053
2016-09-29 16:00:33.291000 13872.659 3.464 49.867 34.147 52.221 4.143 3.7414 3.5148 27.7946 26.7561 9.8962 7.4686 3.9854 12.0532 11.7674 8.024 7.12535540734 16.2259
2016-09-29 16:01:41.235000 13940.603 3.323 49.869 33.814 52.223 4.143 3.7402 3.5152 27.7946 26.7604 9.9374 7.4688 3.985 12.0928 11.8167 8.024 7.09005199133 16.2334
2016-09-29 16:02:49.169000 14008.537 3.523 49.868 33.562 52.22 4.143 3.7395 3.5143 27.7944 26.7597 9.9774 7.469 3.9846 12.1287 11.8655 8.024 7.47838956745 16.2487
2016-09-29 16:03:57.162000 14076.53 3.456 49.867 34.166 52.22 4.143 3.739 3.5139 27.7956 26.7574 10.0169 7.469 3.9846 12.1651 11.9175 8.023 7.05474857532 16.246
2016-09-29 16:05:05.177000 14144.545 3.322 49.867 33.902 52.221 4.142 3.7377 3.5136 27.7944 26.7619 10.0559 7.4692 3.9842 12.2015 11.9731 8.023 7.51534525651 16.2682
2016-09-29 16:06:13.220000 14212.588 3.412 49.866 33.388 52.219 4.143 3.7377 3.5142 27.7954 26.7622 10.094 7.4693 3.9845 12.2349 12.0205 8.023 6.86100661163 16.2793
2016-09-29 16:07:21.394000 14280.762 3.461 49.867 34.153 52.22 4.142 3.7361 3.513 27.7946 26.7558 10.1315 7.4694 3.9835 12.2737 12.0662 8.022 7.16065882335 16.2922
2016-09-29 16:08:29.507000 14348.875 3.474 49.866 33.972 52.217 4.142 3.7361 3.5144 27.794 26.7604 10.1679 7.4694 3.9844 12.3091 12.1127 8.022 7.05474857532 16.3052
2016-09-29 16:09:37.681000 14417.049 3.319 49.862 33.917 52.217 4.142 3.7351 3.514 27.7944 26.7604 10.2036 7.4695 3.9842 12.345 12.1558 8.022 6.92348679764 16.3169
2016-09-29 16:10:45.874000 14485.242 3.504 49.863 33.471 52.215 4.143 3.7352 3.5141 27.7893 26.7606 10.2386 7.4696 3.9838 12.3791 12.2095 8.022 7.19596223936 16.3224
2016-09-29 16:11:54.128000 14553.496 3.524 49.86 33.57 52.214 4.143 3.7353 3.514 27.7956 26.7558 10.2725 7.4696 3.9842 12.4171 12.2501 8.022 7.47838956745 16.3235
2016-09-29 16:13:02.432000 14621.8 3.441 49.861 34.186 52.214 4.142 3.7338 3.514 27.7946 26.7616 10.3062 7.4698 3.9838 12.4528 12.2967 8.022 7.33717590341 16.3451
2016-09-29 16:14:10.765000 14690.133 3.441 49.861 34.192 52.212 4.142 3.7331 3.5132 27.795 26.7625 10.3387 7.4699 3.9837 12.488 12.3398 8.022 7.3018724874 16.3555
2016-09-29 16:15:19.139000 14758.507 3.44 49.861 34.203 52.213 4.142 3.7325 3.5124 27.7918 26.7613 10.3708 7.4699 3.9837 12.5206 12.3835 8.022 7.33717590341 16.3709
2016-09-29 16:16:27.713000 14827.081 3.454 49.859 34.162 52.211 4.142 3.7321 3.5125 27.7897 26.7604 10.4023 7.4698 3.9833 12.5556 12.4236 8.021 7.40778273543 16.373
2016-09-29 16:17:36.137000 14895.505 3.439 49.859 34.187 52.21 4.142 3.7325 3.5126 27.7946 26.7567 10.433 7.4699 3.9836 12.5886 12.4609 8.021 7.23126565537 16.3882
2016-09-29 16:18:44.571000 14963.939 3.454 49.858 33.877 52.209 4.142 3.7318 3.5137 27.7961 26.7597 10.4629 7.4699 3.984 12.6231 12.5038 8.021 7.47838956745 16.3961
2016-09-29 16:19:53.104000 15032.472 3.336 49.855 33.65 52.209 4.142 3.7314 3.5136 27.795 26.7597 10.4924 7.4699 3.9841 12.6591 12.5417 8.021 7.23126565537 16.4134
2016-09-29 16:21:01.618000 15100.986 3.377 49.856 33.648 52.207 4.142 3.7305 3.5129 27.7946 26.7595 10.5227 7.47 3.9837 12.6917 12.5875 8.021 7.26656907139 16.4124
2016-09-29 16:22:10.192000 15169.56 3.361 49.852 34.192 52.204 4.143 3.7312 3.5133 27.7946 26.7616 10.553 7.4701 3.9847 12.7333 12.6261 8.021 7.01944515931 16.4207
2016-09-29 16:23:18.785000 15238.153 3.349 49.848 34.171 52.203 4.144 3.7317 3.5144 27.7912 26.7604 10.5827 7.4702 3.9854 12.7552 12.6622 8.021 7.37247931942 16.4309
2016-09-29 16:24:27.349000 15306.717 3.338 49.85 34.143 52.2 4.143 3.7317 3.5139 27.7956 26.7586 10.6117 7.4703 3.9849 12.7961 12.6991 8.021 7.37247931942 16.4407
2016-09-29 16:25:36.003000 15375.371 3.336 49.849 34.176 52.199 4.143 3.7313 3.5142 27.7954 26.7625 10.6405 7.4704 3.9847 12.8306 12.7388 8.021 7.19596223936 16.4369
2016-09-29 16:26:44.726000 15444.094 3.527 49.846 33.866 52.2 4.144 3.731 3.5154 27.795 26.7619 10.6687 7.4704 3.9849 12.8612 12.7777 8.021 7.16065882335 16.4573
2016-09-29 16:27:53.460000 15512.828 3.515 49.846 33.877 52.197 4.143 3.73 3.514 27.7954 26.761 10.6964 7.4705 3.9841 12.8986 12.8123 8.021 7.19596223936 16.4675
2016-09-29 16:29:02.215000 15581.583 3.4 49.847 33.91 52.196 4.144 3.7306 3.5144 27.795 26.7619 10.7233 7.4704 3.9856 12.9292 12.8459 8.021 7.26656907139 16.4709
2016-09-29 16:30:11.109000 15650.477 3.494 49.845 33.441 52.195 4.144 3.7302 3.5148 27.7956 26.7604 10.7503 7.4705 3.9855 12.9583 12.8839 8.021 8.03363475214 16.4863
2016-09-29 16:31:20.002000 15719.37 3.326 49.842 33.767 52.195 4.143 3.7292 3.5141 27.7956 26.7616 10.7766 7.4704 3.985 12.9894 12.9215 8.023 7.23126565537 16.489
2016-09-29 16:32:29.036000 15788.404 3.403 49.841 34.198 52.194 4.143 3.7285 3.5134 27.7928 26.761 10.8024 7.4703 3.9841 13.024 12.9538 8.024 7.37247931942 16.49
2016-09-29 16:33:37.960000 15857.328 3.547 49.84 33.66 52.194 4.143 3.7285 3.5134 27.795 26.7637 10.828 7.4702 3.9841 13.0558 12.9853 8.024 6.98596698365 16.5002
2016-09-29 16:34:46.923000 15926.291 3.351 49.842 33.518 52.192 4.143 3.7285 3.5142 27.7935 26.7643 10.8528 7.4702 3.9849 13.0849 13.0199 8.025 7.55490858294 16.5088
2016-09-29 16:35:55.897000 15995.265 3.342 49.84 34.201 52.192 4.142 3.727 3.5125 27.7946 26.7625 10.8776 7.4701 3.9833 13.116 13.0449 8.025 7.33717590341 16.5108
2016-09-29 16:37:04.901000 16064.269 3.483 49.84 34.059 52.193 4.143 3.7279 3.5135 27.7946 26.7616 10.9016 7.4699 3.9841 13.1579 13.0823 8.025 7.3018724874 16.5127
2016-09-29 16:38:13.935000 16133.303 3.478 49.835 33.461 52.188 4.144 3.7284 3.5147 27.795 26.7625 10.9255 7.47 3.9855 13.1874 13.1081 8.025 7.19596223936 16.5129
2016-09-29 16:39:23.058000 16202.426 3.328 49.835 33.743 52.187 4.144 3.728 3.5146 27.794 26.7616 10.9489 7.4699 3.9855 13.214 13.148 8.025 7.23126565537 16.5102
2016-09-29 16:40:32.203000 16271.571 3.397 49.834 34.192 52.186 4.144 3.7277 3.5142 27.7954 26.7613 10.9719 7.4699 3.9849 13.2523 13.1805 8.025 7.55490858294 16.5298
2016-09-29 16:41:41.337000 16340.705 3.352 49.834 33.687 52.186 4.143 3.7273 3.5132 27.7935 26.7582 10.9946 7.4698 3.9846 13.2711 13.2082 8.025 7.3018724874 16.5296
2016-09-29 16:42:50.531000 16409.899 3.35 49.836 34.186 52.186 4.142 3.7265 3.5136 27.7954 26.76 11.0181 7.4696 3.9836 13.3056 13.2397 8.024 7.47838956745 16.5352
2016-09-29 16:43:59.765000 16479.133 3.517 49.836 33.901 52.186 4.142 3.7258 3.5126 27.795 26.7595 11.0413 7.4692 3.9829 13.3303 13.2695 8.024 7.12535540734 16.5375
2016-09-29 16:45:09.248000 16548.616 3.319 49.834 33.962 52.183 4.142 3.7263 3.5126 27.7946 26.7558 11.0647 7.469 3.9834 13.3645 13.3018 8.024 7.55490858294 16.5354
2016-09-29 16:46:18.522000 16617.89 3.534 49.833 33.595 52.183 4.141 3.7249 3.512 27.7946 26.754 11.0873 7.4688 3.9828 13.3934 13.3313 8.024 7.3018724874 16.5421
2016-09-29 16:47:27.886000 16687.254 3.359 49.832 34.207 52.184 4.141 3.7249 3.5116 27.7893 26.7589 11.1096 7.4685 3.9825 13.4295 13.3557 8.023 7.09005199133 16.5385
2016-09-29 16:48:37.320000 16756.688 3.524 49.831 33.874 52.182 4.141 3.7248 3.512 27.7928 26.757 11.1317 7.4683 3.9832 13.4619 13.3865 8.023 7.6340352358 16.5473
2016-09-29 16:49:46.704000 16826.072 3.324 49.831 33.764 52.182 4.141 3.7242 3.5113 27.7944 26.7586 11.1536 7.468 3.9829 13.4851 13.4126 8.023 7.09005199133 16.55
2016-09-29 16:50:56.167000 16895.535 3.543 49.832 33.704 52.181 4.142 3.7245 3.5124 27.7944 26.7586 11.175 7.468 3.9833 13.5206 13.4463 8.023 7.09005199133 16.5503
2016-09-29 16:52:05.631000 16964.999 3.327 49.83 34.09 52.179 4.142 3.7244 3.5127 27.7961 26.7582 11.1962 7.4679 3.9829 13.5434 13.4743 8.023 7.05474857532 16.5548
2016-09-29 16:53:15.136000 17034.504 3.403 49.829 33.371 52.18 4.142 3.725 3.5124 27.7954 26.7582 11.2172 7.4677 3.9835 13.5797 13.4999 8.023 7.16065882335 16.5552
2016-09-29 16:54:24.680000 17104.048 3.466 49.828 34.128 52.178 4.143 3.7249 3.5133 27.7954 26.7551 11.2381 7.4675 3.9837 13.608 13.5284 8.023 7.47838956745 16.5602
2016-09-29 16:55:34.274000 17173.642 3.339 49.825 33.607 52.175 4.142 3.7244 3.5122 27.7908 26.7576 11.2582 7.4675 3.9838 13.6464 13.5597 8.023 7.3018724874 16.5666
2016-09-29 16:56:43.908000 17243.276 3.53 49.823 33.791 52.175 4.143 3.7244 3.5135 27.7961 26.7586 11.2784 7.4674 3.9844 13.67 13.5891 8.023 7.51534525651 16.5618
2016-09-29 16:57:53.782000 17313.15 3.483 49.823 34.028 52.174 4.142 3.7239 3.5124 27.7967 26.7591 11.2983 7.4672 3.9829 13.6978 13.6136 8.023 7.44308615144 16.5678
2016-09-29 16:59:03.446000 17382.814 3.331 49.824 33.75 52.173 4.143 3.725 3.5136 27.7946 26.7574 11.3178 7.467 3.9837 13.7255 13.6413 8.023 7.44308615144 16.5642
2016-09-29 17:00:13.209000 17452.577 3.386 49.822 33.389 52.171 4.143 3.7245 3.5131 27.7903 26.7595 11.3375 7.4669 3.9845 13.7562 13.669 8.023 7.26656907139 16.5674
2016-09-29 17:01:22.963000 17522.331 3.492 49.82 33.977 52.171 4.143 3.724 3.5137 27.7944 26.76 11.3566 7.4668 3.9848 13.7866 13.6935 8.023 7.6340352358 16.5704
2016-09-29 17:02:32.787000 17592.155 3.452 49.822 34.163 52.171 4.143 3.724 3.5134 27.795 26.76 11.3754 7.4666 3.9839 13.8161 13.7159 8.023 7.44308615144 16.5734
2016-09-29 17:03:43.398000 17662.766 3.531 49.819 33.843 52.17 4.144 3.7246 3.5138 27.7935 26.76 11.3943 7.4664 3.9852 13.8462 13.7443 8.023 7.37247931942 16.5777
2016-09-29 17:04:53.289000 17732.657 3.484 49.817 34.07 52.167 4.143 3.724 3.5135 27.7944 26.7589 11.4127 7.4663 3.9843 13.8709 13.7642 8.023 6.98596698365 16.5723
2016-09-29 17:06:03.359000 17802.727 3.423 49.819 34.202 52.168 4.143 3.7245 3.5133 27.7944 26.7555 11.4307 7.4661 3.9841 13.9001 13.7923 8.023 7.19596223936 16.5777
2016-09-29 17:07:13.309000 17872.677 3.355 49.816 34.171 52.167 4.144 3.7245 3.5141 27.7897 26.7582 11.449 7.4659 3.9847 13.9333 13.8152 8.023 7.40778273543 16.5855
