#Human readable time. Time (s) since start. Lakeshore temperature sensor 218 T1,3,5,6,8 and 224 C2,C3,C4,C5,D2,D3,D5,A,B
2016-11-30 21:56:43.163000 0.0 3.388 48.861 33.892 51.004 4.12 4.0974 3.6935 27.8279 25.9972 13.3577 4.4734 3.9696 0.3172 0.8739 7.854 -1 0.8977
2016-11-30 21:57:44.014000 60.851 3.435 48.855 33.629 50.995 4.119 4.0903 3.6876 27.8279 26.1087 12.5526 4.4615 3.9676 0.3168 0.873 7.852 23.6804994585 0.8967
2016-11-30 21:58:44.527000 121.364 3.368 48.847 33.174 50.987 4.118 4.0838 3.684 27.8232 26.2065 11.8015 4.4509 3.9673 0.3164 0.8722 7.851 22.2756190364 0.8959
2016-11-30 21:59:44.970000 181.807 3.381 48.84 33.196 50.981 4.117 4.0774 3.6796 27.8224 26.2889 11.0793 4.4417 3.9659 0.3161 0.8714 7.85 22.5679747505 0.895
2016-11-30 22:00:45.416000 242.253 3.351 48.835 33.688 50.974 4.116 4.0723 3.677 27.826 26.3568 10.3876 4.4331 3.9653 0.3158 0.8707 7.849 22.9577823692 0.8943
2016-11-30 22:01:45.904000 302.741 3.48 48.825 33.849 50.968 4.116 4.0678 3.6751 27.826 26.4123 9.7097 4.4253 3.9649 0.3155 0.8701 7.848 22.3730709411 0.8936
2016-11-30 22:02:46.859000 363.696 3.398 48.82 33.135 50.961 4.117 4.065 3.6736 27.826 26.4597 9.0548 4.4187 3.9654 0.3152 0.8696 7.847 23.3696169813 0.893
2016-11-30 22:03:47.463000 424.3 3.52 48.812 33.688 50.952 4.116 4.0609 3.6718 27.8232 26.4963 8.4417 4.4127 3.9653 0.315 0.8692 7.846 22.6654266552 0.8926
2016-11-30 22:04:48.124000 484.961 3.57 48.808 33.238 50.948 4.115 4.0567 3.6688 27.8263 26.534 7.8658 4.407 3.9633 0.3148 0.8688 7.845 22.8603304645 0.8922
2016-11-30 22:05:48.746000 545.583 3.405 48.802 33.05 50.943 4.115 4.0537 3.668 27.8273 26.5619 7.333 4.4019 3.9635 0.3145 0.8685 7.844 23.3696169813 0.8918
2016-11-30 22:06:49.401000 606.238 3.353 48.796 33.605 50.939 4.115 4.0515 3.6675 27.8269 26.5873 6.8467 4.3974 3.9639 0.3143 0.8682 7.844 23.2659894889 0.8916
2016-11-30 22:07:50.076000 666.913 3.588 48.792 33.379 50.931 4.116 4.0499 3.6664 27.8263 26.6022 6.4244 4.3934 3.9639 0.3142 0.868 7.843 22.1781671318 0.8913
2016-11-30 22:08:50.830000 727.667 3.423 48.786 33.02 50.926 4.115 4.047 3.6649 27.8218 26.6229 6.0621 4.3899 3.9633 0.314 0.8677 7.842 23.2659894889 0.8911
2016-11-30 22:09:51.585000 788.422 3.459 48.78 33.853 50.921 4.115 4.0444 3.6638 27.8266 26.6381 5.7384 4.3864 3.9638 0.3138 0.8676 7.842 22.4705228458 0.891
2016-11-30 22:10:52.400000 849.237 3.563 48.776 33.525 50.916 4.114 4.0418 3.6617 27.8252 26.6496 5.4508 4.3831 3.962 0.3137 0.8675 7.841 22.2756190364 0.8908
2016-11-30 22:11:53.269000 910.106 3.359 48.774 33.472 50.913 4.114 4.0407 3.6606 27.8255 26.6567 5.2081 4.38 3.9627 0.3136 0.8674 7.84 23.1623619965 0.8907
2016-11-30 22:12:54.139000 970.976 3.574 48.77 33.468 50.91 4.113 4.038 3.6578 27.826 26.6688 5.0023 4.3773 3.961 0.3134 0.8674 7.84 23.4732444737 0.8906
2016-11-30 22:13:55.042000 1031.879 3.352 48.767 33.555 50.908 4.112 4.0361 3.6571 27.8249 26.678 4.8309 4.3745 3.9606 0.3133 0.8673 7.839 22.2756190364 0.8906
2016-11-30 22:14:55.961000 1092.798 3.584 48.764 33.862 50.903 4.113 4.0357 3.657 27.8263 26.6834 4.6902 4.3722 3.9611 0.3132 0.8675 7.838 23.4732444737 0.8906
2016-11-30 22:15:56.917000 1153.754 3.356 48.762 33.014 50.898 4.113 4.0343 3.6569 27.821 26.6895 4.5755 4.3702 3.9611 0.3131 0.8675 7.838 22.7628785599 0.8907
2016-11-30 22:16:57.968000 1214.805 3.573 48.755 33.251 50.897 4.113 4.0326 3.6561 27.8273 26.6947 4.4827 4.3687 3.9609 0.313 0.8676 7.837 23.6804994585 0.8908
2016-11-30 22:17:59.017000 1275.854 3.364 48.754 33.776 50.891 4.112 4.0305 3.6541 27.826 26.6941 4.4081 4.3668 3.9602 0.3129 0.8687 7.837 21.9843009848 0.8918
2016-11-30 22:19:00.135000 1336.972 3.525 48.752 33.11 50.89 4.11 3.9805 3.6495 27.8213 26.7008 4.3502 4.3663 3.9575 0.3129 0.9438 7.836 23.2659894889 0.9665
2016-11-30 22:20:01.289000 1398.126 3.388 48.745 33.831 50.884 4.107 3.9377 3.6462 27.8199 26.7033 4.3328 4.3688 3.955 0.3134 1.0224 7.834 22.0807152271 1.0479
2016-11-30 22:21:02.451000 1459.288 3.358 48.745 33.477 50.881 4.104 3.9128 3.6433 27.8192 26.7017 4.3381 4.369 3.9518 0.314 1.0752 7.832 23.4732444737 1.1001
2016-11-30 22:22:03.649000 1520.486 3.568 48.739 33.429 50.878 4.104 3.8983 3.6424 27.8186 26.7072 4.3517 4.3687 3.9506 0.3146 1.1102 7.831 22.6654266552 1.1354
2016-11-30 22:23:04.892000 1581.729 3.363 48.737 33.328 50.877 4.101 3.8902 3.6412 27.8196 26.7082 4.3678 4.3671 3.9485 0.3151 1.1356 7.829 22.3730709411 1.1631
2016-11-30 22:24:06.155000 1642.992 3.421 48.736 32.999 50.873 4.102 3.8869 3.6424 27.8203 26.7104 4.3837 4.3655 3.9482 0.3155 1.1559 7.829 23.3696169813 1.1832
2016-11-30 22:25:07.492000 1704.329 3.582 48.732 33.849 50.87 4.103 3.8875 3.6458 27.8218 26.7128 4.3984 4.3643 3.9496 0.3158 1.1712 7.828 22.4705228458 1.1983
2016-11-30 22:26:08.830000 1765.667 3.353 48.729 33.584 50.866 4.102 3.8889 3.6464 27.8161 26.7124 4.4104 4.363 3.9495 0.3161 1.1828 7.828 22.6654266552 1.21
2016-11-30 22:27:10.244000 1827.081 3.393 48.725 33.087 50.865 4.103 3.8917 3.6471 27.821 26.7142 4.4206 4.3618 3.9497 0.3162 1.1919 7.828 22.8603304645 1.2189
2016-11-30 22:28:11.669000 1888.506 3.534 48.724 33.124 50.861 4.103 3.8952 3.6482 27.8179 26.7148 4.4285 4.3611 3.9499 0.3163 1.199 7.828 23.4732444737 1.226
2016-11-30 22:29:13.640000 1950.477 3.42 48.721 33.014 50.861 4.103 3.898 3.6492 27.8232 26.717 4.4345 4.3599 3.9498 0.3168 1.2077 7.827 22.6654266552 1.278
2016-11-30 22:30:15.154000 2011.991 3.576 48.718 33.246 50.857 4.102 3.9057 3.6513 27.8179 26.7151 4.4446 4.3587 3.9493 0.3184 1.2346 7.827 23.3696169813 1.3082
2016-11-30 22:31:16.717000 2073.554 3.539 48.718 33.615 50.854 4.105 3.9202 3.6603 27.8249 26.7184 4.4641 4.3576 3.9523 0.3195 1.2559 7.827 23.1623619965 1.3273
2016-11-30 22:32:18.256000 2135.093 3.412 48.713 33.844 50.854 4.106 3.9348 3.6663 27.8255 26.7182 4.4902 4.357 3.9541 0.3203 1.2716 7.828 22.9577823692 1.3431
2016-11-30 22:33:19.872000 2196.709 3.355 48.712 33.578 50.849 4.108 3.9503 3.6717 27.826 26.7201 4.5194 4.3565 3.956 0.3209 1.2835 7.829 23.5768719661 1.3552
2016-11-30 22:34:30.337000 2267.174 3.429 48.708 33.844 50.846 4.111 3.9671 3.6784 27.8266 26.721 4.5532 4.3566 3.959 0.3213 1.2937 7.829 22.3730709411 1.3657
2016-11-30 22:35:32.979000 2329.816 3.365 48.707 33.354 50.843 4.112 3.9799 3.6811 27.8239 26.721 4.5822 4.3568 3.9595 0.3216 1.3006 7.83 23.9913819357 1.3729
2016-11-30 22:36:34.681000 2391.518 3.418 48.707 33.002 50.841 4.112 3.9907 3.6839 27.8288 26.7206 4.6082 4.3567 3.9598 0.3218 1.306 7.83 22.0807152271 1.3783
2016-11-30 22:37:36.419000 2453.256 3.377 48.705 33.192 50.842 4.113 4.0007 3.6846 27.8276 26.7227 4.6311 4.3565 3.9607 0.3219 1.3101 7.83 23.4732444737 1.3828
2016-11-30 22:38:38.163000 2515.0 3.433 48.703 32.987 50.84 4.113 4.0101 3.6868 27.8273 26.7175 4.6504 4.3564 3.9613 0.3221 1.3135 7.83 22.2756190364 1.3863
2016-11-30 22:39:41.310000 2578.147 3.554 48.702 33.511 50.836 4.115 4.0188 3.6893 27.8283 26.7188 4.6674 4.3567 3.9638 0.3221 1.3162 7.83 23.4732444737 1.389
2016-11-30 22:40:43.132000 2639.969 3.592 48.699 33.236 50.836 4.116 4.0252 3.6915 27.8279 26.7221 4.6811 4.3573 3.9644 0.3222 1.3183 7.831 22.0807152271 1.3912
2016-11-30 22:41:44.994000 2701.831 3.46 48.696 33.01 50.831 4.117 4.031 3.6924 27.8245 26.7225 4.6926 4.3576 3.9655 0.3223 1.32 7.831 23.4732444737 1.393
2016-11-30 22:42:46.927000 2763.764 3.428 48.694 33.511 50.829 4.117 4.037 3.6936 27.8295 26.7234 4.7018 4.3579 3.966 0.3223 1.3213 7.831 22.5679747505 1.3944
2016-11-30 22:43:48.924000 2825.761 3.392 48.694 33.24 50.827 4.119 4.041 3.6952 27.8291 26.7225 4.709 4.3583 3.9674 0.3224 1.3225 7.831 22.3730709411 1.3955
2016-11-30 22:44:51.026000 2887.863 3.362 48.692 33.425 50.826 4.118 4.0443 3.6943 27.8232 26.7225 4.7147 4.3583 3.9657 0.3224 1.3234 7.831 22.8603304645 1.3963
2016-11-30 22:45:53.048000 2949.885 3.36 48.69 33.666 50.824 4.119 4.0482 3.6962 27.8283 26.7225 4.7188 4.3586 3.9675 0.3225 1.324 7.832 23.3696169813 1.3971
2016-11-30 22:46:55.551000 3012.388 3.581 48.687 33.444 50.822 4.119 4.0497 3.6956 27.8283 26.7221 4.7219 4.3587 3.9672 0.3225 1.3246 7.831 22.4705228458 1.3978
2016-11-30 22:47:57.594000 3074.431 3.579 48.687 33.199 50.822 4.119 4.052 3.6961 27.8276 26.7246 4.7241 4.3584 3.9679 0.3225 1.325 7.831 22.9577823692 1.3983
2016-11-30 22:49:01.631000 3138.468 3.369 48.684 33.32 50.819 4.119 4.0534 3.6965 27.8283 26.723 4.725 4.3584 3.9672 0.3226 1.3254 7.831 23.1623619965 1.3986
2016-11-30 22:50:04.250000 3201.087 3.506 48.683 33.763 50.819 4.118 4.0546 3.695 27.8295 26.724 4.7245 4.358 3.9669 0.3226 1.3256 7.83 23.3696169813 1.3988
2016-11-30 22:51:06.441000 3263.278 3.428 48.683 32.986 50.818 4.118 4.0554 3.6952 27.8266 26.7234 4.7238 4.3578 3.9672 0.3226 1.3259 7.83 23.1623619965 1.3992
2016-11-30 22:52:08.697000 3325.534 3.392 48.681 33.116 50.815 4.119 4.0571 3.696 27.8218 26.7206 4.7221 4.3578 3.9678 0.3226 1.326 7.83 22.1781671318 1.3992
2016-11-30 22:53:29.307000 3406.144 3.354 48.681 33.575 50.816 4.117 4.0574 3.695 27.8279 26.7184 4.7189 4.3576 3.9658 0.3226 1.3261 7.829 23.2659894889 1.3994
2016-11-30 22:54:31.585000 3468.422 3.56 48.68 33.476 50.814 4.117 4.057 3.6943 27.8283 26.7225 4.715 4.357 3.9655 0.3227 1.3263 7.829 22.0807152271 1.3995
2016-11-30 22:55:33.846000 3530.683 3.383 48.679 33.256 50.814 4.117 4.0573 3.6945 27.8276 26.7221 4.7105 4.3568 3.9658 0.3227 1.3263 7.829 23.3696169813 1.3997
2016-11-30 22:56:36.165000 3593.002 3.36 48.68 33.521 50.813 4.118 4.0592 3.6953 27.8228 26.7227 4.7061 4.3566 3.9673 0.3227 1.3263 7.829 22.1781671318 1.3996
2016-11-30 22:57:38.526000 3655.363 3.545 48.677 33.611 50.809 4.119 4.0594 3.6962 27.8273 26.7192 4.7024 4.3568 3.9672 0.3227 1.3264 7.829 22.9577823692 1.3998
2016-11-30 22:58:40.875000 3717.712 3.397 48.676 33.078 50.808 4.119 4.0605 3.6961 27.8288 26.7227 4.6985 4.3568 3.9678 0.3227 1.3265 7.829 22.0807152271 1.3997
2016-11-30 22:59:43.288000 3780.125 3.37 48.673 33.306 50.806 4.12 4.0607 3.6971 27.8279 26.7234 4.6943 4.3571 3.9684 0.3227 1.3264 7.829 23.4732444737 1.3999
2016-11-30 23:00:45.723000 3842.56 3.507 48.672 33.771 50.806 4.119 4.0601 3.6953 27.8273 26.7236 4.6897 4.3572 3.9673 0.3227 1.3264 7.829 22.5679747505 1.3998
2016-11-30 23:01:48.189000 3905.026 3.427 48.671 32.987 50.806 4.117 4.059 3.6938 27.8218 26.723 4.6848 4.3565 3.9664 0.3227 1.3264 7.828 22.1781671318 1.3997
2016-11-30 23:02:50.728000 3967.565 3.378 48.672 33.821 50.803 4.117 4.0594 3.6947 27.821 26.7179 4.6799 4.356 3.9661 0.3228 1.3264 7.828 23.4732444737 1.3998
2016-11-30 23:03:53.260000 4030.097 3.591 48.669 33.253 50.8 4.118 4.06 3.6944 27.8283 26.7192 4.6756 4.3559 3.9667 0.3228 1.3264 7.828 22.6654266552 1.3997
2016-11-30 23:04:55.832000 4092.669 3.466 48.667 33.406 50.801 4.117 4.0592 3.6949 27.8276 26.723 4.6714 4.3557 3.9659 0.3228 1.3263 7.827 22.2756190364 1.3998
2016-11-30 23:05:58.433000 4155.27 3.479 48.665 32.988 50.799 4.118 4.0597 3.6952 27.826 26.7225 4.6667 4.3556 3.9673 0.3228 1.3263 7.827 23.5768719661 1.3997
2016-11-30 23:07:01.071000 4217.908 3.364 48.666 33.739 50.796 4.118 4.0591 3.6949 27.8273 26.7227 4.6615 4.3558 3.9669 0.3229 1.3263 7.828 22.0807152271 1.3998
2016-11-30 23:08:03.745000 4280.582 3.589 48.663 33.311 50.797 4.117 4.0584 3.6936 27.8266 26.7225 4.6559 4.3555 3.9656 0.3228 1.3263 7.827 23.2659894889 1.3998
2016-11-30 23:09:06.489000 4343.326 3.47 48.662 33.831 50.795 4.118 4.0591 3.6939 27.8266 26.723 4.6483 4.3554 3.9666 0.3229 1.3262 7.827 22.0807152271 1.3999
2016-11-30 23:10:10.647000 4407.484 3.582 48.661 33.231 50.792 4.118 4.0592 3.6948 27.8279 26.7216 4.6355 4.355 3.9668 0.3229 1.3262 7.827 23.4732444737 1.4
2016-11-30 23:11:13.424000 4470.261 3.477 48.661 33.822 50.792 4.118 4.0586 3.6948 27.8266 26.7234 4.6183 4.3554 3.9664 0.3229 1.3262 7.827 22.2756190364 1.4002
2016-11-30 23:12:19.926000 4536.763 3.361 48.66 33.684 50.791 4.118 4.0594 3.6947 27.8283 26.723 4.5922 4.3552 3.9671 0.3229 1.3261 7.827 23.1623619965 1.4005
2016-11-30 23:13:22.818000 4599.655 3.406 48.657 33.396 50.79 4.117 4.058 3.6939 27.8269 26.723 4.5516 4.3552 3.9665 0.3229 1.326 7.826 21.9843009848 1.4019
2016-11-30 23:14:25.741000 4662.578 3.43 48.655 33.837 50.785 4.118 4.058 3.6946 27.8279 26.7225 4.4798 4.3549 3.9664 0.3229 1.3261 7.826 22.7628785599 1.4044
2016-11-30 23:15:28.709000 4725.546 3.367 48.653 33.399 50.785 4.119 4.0589 3.6955 27.8283 26.7227 4.3675 4.355 3.9679 0.3229 1.3259 7.826 22.3730709411 1.409
2016-11-30 23:16:31.692000 4788.529 3.51 48.65 33.054 50.783 4.119 4.0585 3.6947 27.8276 26.7234 4.2207 4.3552 3.9673 0.3229 1.3259 7.826 23.2659894889 1.412
2016-11-30 23:17:34.916000 4851.753 3.487 48.652 32.986 50.782 4.118 4.0579 3.6948 27.8276 26.7236 4.0626 4.3549 3.967 0.3229 1.3258 7.826 22.6654266552 1.4123
2016-11-30 23:18:43.056000 4919.893 3.534 48.649 33.657 50.779 4.12 4.0585 3.6951 27.8283 26.7236 3.9002 4.3552 3.9684 0.3229 1.3258 7.826 23.5768719661 1.4138
2016-11-30 23:19:47.676000 4984.513 3.359 48.647 33.524 50.78 4.119 4.0582 3.6943 27.8273 26.7206 3.7542 4.3552 3.9683 0.3229 1.3257 7.826 22.4705228458 1.4235
2016-11-30 23:20:50.805000 5047.642 3.358 48.647 33.582 50.777 4.12 4.0583 3.6952 27.8232 26.7201 3.613 4.3554 3.9686 0.3229 1.3256 7.827 23.5768719661 1.4268
2016-11-30 23:21:53.962000 5110.799 3.44 48.647 32.986 50.777 4.119 4.0579 3.6943 27.8242 26.723 3.4782 4.3553 3.9677 0.3228 1.3257 7.826 21.9843009848 1.4292
2016-11-30 23:22:57.166000 5174.003 3.554 48.648 33.516 50.779 4.119 4.0575 3.6936 27.8232 26.723 3.3558 4.3549 3.9674 0.3228 1.3255 7.826 22.6654266552 1.4374
2016-11-30 23:24:00.398000 5237.235 3.57 48.646 33.487 50.778 4.119 4.0566 3.6925 27.8269 26.723 3.2409 4.3546 3.9671 0.3228 1.3251 7.825 23.2659894889 1.4698
2016-11-30 23:25:03.633000 5300.47 3.401 48.646 33.834 50.779 4.119 4.056 3.6929 27.8266 26.724 3.1282 4.3544 3.9674 0.3228 1.325 7.825 22.5679747505 1.4959
2016-11-30 23:26:06.929000 5363.766 3.433 48.645 33.832 50.778 4.119 4.0559 3.694 27.8283 26.7252 3.0249 4.3542 3.9681 0.3229 1.3249 7.825 21.8928910308 1.5039
2016-11-30 23:27:10.248000 5427.085 3.45 48.643 33.849 50.776 4.12 4.0561 3.6942 27.8276 26.7234 2.9335 4.3543 3.9683 0.3229 1.3248 7.825 23.6804994585 1.5234
2016-11-30 23:28:13.583000 5490.42 3.37 48.642 33.38 50.774 4.119 4.0557 3.6942 27.8288 26.7234 2.8546 4.3544 3.9681 0.323 1.3246 7.825 22.2756190364 1.5479
2016-11-30 23:29:16.986000 5553.823 3.363 48.64 33.429 50.77 4.12 4.0563 3.6952 27.8276 26.7236 2.7892 4.3545 3.9688 0.3229 1.3242 7.825 23.1623619965 1.451
2016-11-30 23:30:20.750000 5617.587 3.489 48.641 33.803 50.771 4.119 4.0527 3.6919 27.8279 26.7194 2.739 4.3543 3.9676 0.3223 1.3194 7.825 22.0807152271 1.4522
2016-11-30 23:31:25.340000 5682.177 3.406 48.64 33.105 50.772 4.119 4.0491 3.6899 27.8273 26.7252 2.699 4.3542 3.9675 0.3219 1.3152 7.825 23.4732444737 1.4839
2016-11-30 23:32:28.841000 5745.678 3.399 48.638 33.086 50.769 4.118 4.0448 3.6883 27.8269 26.7234 2.6634 4.3542 3.9669 0.3218 1.3118 7.825 21.9843009848 1.5199
2016-11-30 23:33:53.676000 5830.513 3.553 48.64 33.569 50.768 4.118 4.0394 3.686 27.8255 26.7194 2.6223 4.3534 3.9666 0.3218 1.3083 7.824 23.3696169813 1.562
2016-11-30 23:38:15.146000 6091.983 3.511 48.632 33.57 50.765 4.117 4.0244 3.6862 27.8213 26.7243 2.5338 4.3522 3.965 0.3224 1.3012 7.823 23.1623619965 1.7184
2016-11-30 23:39:19.450000 6156.287 3.558 48.632 33.08 50.763 4.118 4.022 3.6875 27.8276 26.7225 2.5199 4.3523 3.9655 0.3226 1.3001 7.823 21.9843009848 1.7494
2016-11-30 23:40:23.128000 6219.965 3.37 48.631 33.054 50.762 4.116 4.0199 3.6874 27.8263 26.723 2.5082 4.3523 3.9647 0.3227 1.2992 7.823 23.1623619965 1.78
2016-11-30 23:41:26.824000 6283.661 3.363 48.63 33.43 50.763 4.116 4.0172 3.6879 27.8255 26.7192 2.4987 4.3519 3.9645 0.3229 1.2984 7.822 22.0807152271 1.8074
2016-11-30 23:42:30.525000 6347.362 3.365 48.632 33.403 50.762 4.117 4.0158 3.6886 27.8269 26.7227 2.4906 4.3518 3.9649 0.3231 1.2976 7.822 23.4732444737 1.8326
2016-11-30 23:43:34.254000 6411.091 3.485 48.631 33.788 50.761 4.115 4.0127 3.6879 27.826 26.7236 2.4836 4.3517 3.9636 0.3232 1.297 7.822 22.2756190364 1.8548
2016-11-30 23:44:38.014000 6474.851 3.506 48.631 33.769 50.758 4.114 4.0103 3.6877 27.8273 26.7246 2.4782 4.351 3.9628 0.3234 1.2965 7.821 23.3696169813 1.8762
2016-11-30 23:45:41.786000 6538.623 3.557 48.629 33.086 50.762 4.115 4.0089 3.6879 27.8252 26.7182 2.4733 4.3503 3.9628 0.3235 1.296 7.821 22.3730709411 1.898
2016-11-30 23:46:45.600000 6602.437 3.368 48.631 33.061 50.761 4.115 4.0078 3.6887 27.826 26.7234 2.4696 4.3504 3.963 0.3237 1.2956 7.821 23.4732444737 1.9184
2016-11-30 23:47:49.473000 6666.31 3.365 48.63 33.366 50.76 4.114 4.0063 3.6898 27.8255 26.7234 2.4662 4.35 3.9623 0.3238 1.2952 7.821 21.9843009848 1.9372
2016-11-30 23:48:53.371000 6730.208 3.47 48.627 33.833 50.759 4.114 4.0057 3.6899 27.8255 26.7184 2.4633 4.3499 3.9622 0.3239 1.2948 7.821 22.9577823692 1.9554
2016-11-30 23:49:57.314000 6794.151 3.58 48.63 33.238 50.762 4.113 4.0029 3.6893 27.8218 26.721 2.461 4.3495 3.9609 0.324 1.2945 7.82 22.7628785599 1.9731
2016-11-30 23:51:01.267000 6858.104 3.381 48.634 33.202 50.763 4.112 4.0013 3.6891 27.826 26.723 2.4587 4.3488 3.9601 0.3241 1.2941 7.819 22.7628785599 1.99
2016-11-30 23:52:05.279000 6922.116 3.419 48.634 33.843 50.763 4.112 4.001 3.6895 27.8269 26.7236 2.4571 4.3483 3.9598 0.3242 1.2939 7.819 23.5768719661 2.0074
2016-11-30 23:53:09.334000 6986.171 3.589 48.635 33.334 50.763 4.112 3.9999 3.6904 27.8228 26.7225 2.4555 4.3474 3.9604 0.3243 1.2936 7.819 22.4705228458 2.0246
2016-11-30 23:54:13.366000 7050.203 3.392 48.633 33.146 50.763 4.112 3.9991 3.6911 27.8263 26.7236 2.4538 4.3478 3.9607 0.3244 1.2932 7.819 21.9843009848 2.0405
2016-11-30 23:55:17.507000 7114.344 3.384 48.631 33.837 50.763 4.112 3.9992 3.6915 27.8249 26.7216 2.4525 4.3479 3.9604 0.3245 1.293 7.819 23.6804994585 2.0559
2016-11-30 23:56:21.630000 7178.467 3.415 48.632 33.029 50.76 4.111 3.9974 3.6908 27.8263 26.724 2.4514 4.3477 3.9599 0.3246 1.2928 7.819 22.6654266552 2.0709
2016-11-30 23:57:25.807000 7242.644 3.359 48.632 33.702 50.762 4.111 3.9964 3.6918 27.8252 26.723 2.4504 4.3474 3.9595 0.3247 1.2925 7.819 23.0587345041 2.0858
2016-11-30 23:58:30.019000 7306.856 3.439 48.633 33.563 50.763 4.111 3.9955 3.6912 27.8213 26.7227 2.4495 4.347 3.9594 0.3248 1.2923 7.819 22.2756190364 2.1003
2016-11-30 23:59:34.345000 7371.182 3.355 48.632 33.624 50.761 4.111 3.9951 3.6922 27.8263 26.7234 2.4484 4.3469 3.9598 0.3249 1.292 7.819 23.2659894889 2.1139
