#Human readable time. Time (s) since start. Lakeshore temperature sensor 218 T1,3,5,6,8 and 224 C2,C3,C4,C5,D2,D3,D5,A,B
2017-05-17 10:54:05.758000 0.0 4.749 50.55 34.821 52.915 7.827 56.2334 8.229 17.4948 17.5969 11.035 12.2834 8.0804 4.628 6.6515 13.309 -1 4.7742
2017-05-17 10:54:16.560000 10.802 5.289 50.556 34.44 52.923 7.856 56.3351 8.2593 17.5269 17.6212 11.0548 12.313 8.1076 4.6388 6.6608 13.325 5.23475323575 4.7857
2017-05-17 10:54:26.926000 21.168 5.346 50.564 34.516 52.931 7.877 56.4228 8.2757 17.5556 17.6437 11.0702 12.3361 8.1262 4.6496 6.6632 13.34 5.29536456253 4.7967
2017-05-17 10:54:37.368000 31.61 4.836 50.573 34.433 52.938 7.867 56.4796 8.2824 17.581 17.6607 11.0754 12.3513 8.136 4.6595 6.6643 13.356 5.2226309704 4.8079
2017-05-17 10:54:47.812000 42.054 4.828 50.582 35.01 52.946 7.898 56.4863 8.2862 17.6022 17.673 11.0712 12.3592 8.143 4.6692 6.6603 13.371 5.44258112561 4.8181
2017-05-17 10:54:58.316000 52.558 5.274 50.591 34.816 52.955 7.904 56.4575 8.2864 17.6153 17.6807 11.0585 12.3609 8.1465 4.6789 6.6555 13.385 5.96940457319 4.8279
2017-05-17 10:55:08.849000 63.091 5.063 50.599 34.347 52.963 7.903 56.3859 8.2809 17.6196 17.6816 11.0381 12.3575 8.1463 4.6893 6.6507 13.398 5.99782179732 4.8379
2017-05-17 10:55:19.391000 73.633 4.794 50.608 34.747 52.971 7.895 56.2896 8.2701 17.6136 17.6754 11.0116 12.3494 8.1414 4.6976 6.6444 13.411 5.65058429518 4.8479
2017-05-17 10:55:29.975000 84.217 5.002 50.614 35.09 52.978 7.895 56.1826 8.2508 17.5953 17.6614 10.9781 12.3373 8.1301 4.7071 6.6366 13.423 5.40465624526 4.8571
2017-05-17 10:55:40.598000 94.84 4.873 50.623 34.708 52.985 7.881 56.0587 8.224 17.5643 17.6398 10.9449 12.3207 8.1119 4.7162 6.6284 13.433 5.65058429518 4.8653
2017-05-17 10:55:51.250000 105.492 4.782 50.631 35.008 52.993 7.86 55.9328 8.1877 17.5231 17.6086 10.9067 12.3015 8.0848 4.7251 6.6198 13.443 6.01315436584 4.8737
2017-05-17 10:56:01.932000 116.174 5.219 50.642 34.991 53.002 7.734 55.8038 8.1443 17.4659 17.568 10.8634 12.2791 8.0502 4.7333 6.6091 13.45 5.39234268537 4.8826
2017-05-17 10:56:12.665000 126.907 4.756 50.65 34.778 53.011 7.787 55.6878 8.0881 17.3953 17.5183 10.819 12.2519 8.007 4.7415 6.5984 13.456 5.49314763275 4.8915
2017-05-17 10:56:23.420000 137.662 4.891 50.659 35.159 53.018 7.745 55.571 8.0207 17.3111 17.4594 10.7701 12.2234 7.9523 4.7497 6.5886 13.461 6.13744292508 4.8997
2017-05-17 10:56:34.233000 148.475 4.79 50.668 34.487 53.028 7.642 55.4678 7.9436 17.2141 17.3913 10.7211 12.1902 7.8871 4.7574 6.5795 13.463 6.40155611346 4.9085
2017-05-17 10:56:45.087000 159.329 5.135 50.676 35.076 53.037 7.621 55.3745 7.8557 17.1035 17.314 10.6678 12.1542 7.8154 4.7654 6.5675 13.462 5.94098734906 4.9168
2017-05-17 10:56:55.929000 170.171 5.028 50.687 34.512 53.043 7.548 55.2913 7.7576 16.9805 17.2277 10.6123 12.1166 7.7303 4.7726 6.5563 13.46 5.33173135859 4.9238
2017-05-17 10:57:06.851000 181.093 4.813 50.698 35.188 53.053 7.465 55.2235 7.644 16.8487 17.1329 10.5577 12.0748 7.636 4.7797 6.5448 13.454 5.21050870504 4.9339
