#Human readable time. Time (s) since start. Lakeshore temperature sensor 218 T1,3,5,6,8 and 224 C2,C3,C4,C5,D2,D3,D5,A,B
2017-08-06 22:54:31.527000 0.05 3.928 50.88 34.79 53.214 5.906 8.3326 5.857 5.6113 5.9205 26.8658 18.0601 6.2473 0.0 0.0 7.531 -1 0.0
2017-08-06 22:55:32.257000 60.78 4.211 50.876 34.187 53.211 3.335 8.33 5.8561 5.6103 5.9193 26.8601 18.0557 6.2459 0.0 0.0 7.53 0.0 0.0
2017-08-06 22:56:32.607000 121.13 4.067 50.875 34.254 53.211 6.141 19.0605 27.624 5.8133 6.1018 26.8568 18.075 6.6087 0.0 0.0 7.597 0.0 0.0
2017-08-06 22:57:32.967000 181.49 4.479 50.872 34.091 53.206 6.799 24.8633 37.0106 6.8101 7.0621 26.8704 18.1526 7.5623 0.0 0.0 7.953 0.0 0.0
2017-08-06 22:58:33.387000 241.91 5.304 50.868 34.526 53.2 9.203 30.0933 42.9845 8.7589 8.9557 26.9392 18.3799 9.7258 0.0 0.0 8.893 0.0 0.0
2017-08-06 22:59:33.817000 302.34 7.074 50.87 34.965 53.207 10.948 34.0956 47.853 10.7504 10.8383 27.134 18.6551 11.5118 0.0 0.0 10.065 0.0 0.0
2017-08-06 23:00:34.297000 362.82 9.813 50.866 34.081 53.195 12.642 37.0646 52.1337 12.5942 12.6142 27.4889 18.9955 13.2502 0.0 0.0 11.3 0.0 0.0
2017-08-06 23:01:34.798000 423.321 9.919 50.803 34.239 53.153 14.066 39.5206 53.1675 14.413 14.0713 27.9694 19.3781 14.7136 0.0 0.0 12.511 0.0 0.0
2017-08-06 23:02:35.328000 483.851 9.911 50.856 35.232 53.2 15.224 39.7709 48.9105 16.0961 15.9839 28.8392 19.7592 15.9215 0.0 0.0 13.641 0.0 0.0
2017-08-06 23:03:35.908000 544.431 10.887 51.01 36.283 53.318 15.993 38.5135 40.4709 17.3422 17.4256 29.5225 20.1103 16.6378 0.0 0.0 14.622 0.0 0.0
2017-08-06 23:04:36.518000 605.041 12.493 51.208 36.77 53.479 16.206 37.1088 32.0313 18.0772 18.2365 30.1866 20.4207 16.7693 0.0 0.0 15.366 0.0 0.0
2017-08-06 23:05:37.158000 665.681 10.745 51.43 36.913 53.666 16.062 35.8482 24.1341 18.3866 18.5602 30.968 20.6832 16.5653 0.0 0.0 15.855 0.0 0.0
2017-08-06 23:06:37.818000 726.341 10.924 51.667 37.713 53.874 15.757 34.7714 20.1978 18.3878 18.5728 31.6615 20.8978 16.2157 0.0 0.0 16.106 0.0 0.0
2017-08-06 23:07:38.508000 787.031 12.191 51.916 38.158 54.095 15.377 33.8916 17.8562 18.172 18.3853 32.2359 21.0523 15.8071 0.0 0.0 16.18 0.0 0.0
2017-08-06 23:08:39.248000 847.771 10.036 52.182 38.282 54.333 14.995 33.1894 16.3447 17.8053 18.0705 32.6905 21.1547 15.408 0.0 0.0 16.127 0.0 0.0
2017-08-06 23:09:40.018000 908.541 12.083 52.45 39.054 54.581 14.639 32.6783 15.3762 17.3433 17.6685 33.0741 21.2268 15.0081 0.0 0.0 15.985 0.0 0.0
2017-08-06 23:10:40.828000 969.351 11.683 52.735 39.231 54.847 14.291 32.3508 14.7211 16.8171 17.2127 33.3902 21.274 14.6512 0.0 0.0 15.779 0.0 0.0
2017-08-06 23:11:41.668000 1030.191 9.565 53.029 40.048 55.121 13.944 32.1892 14.2411 16.251 16.7256 33.644 21.2989 14.3125 0.0 0.0 15.53 0.0 0.0
2017-08-06 23:12:42.518000 1091.041 10.996 53.332 40.123 55.402 13.649 32.1385 13.8686 15.6878 16.218 33.8469 21.3064 14.0055 0.0 0.0 15.26 0.0 0.0
2017-08-06 23:13:43.419000 1151.942 8.953 53.638 40.598 55.694 13.394 32.1522 13.5734 15.1377 15.727 34.0029 21.3003 13.7424 0.0 0.0 14.984 0.0 0.0
2017-08-06 23:14:44.399000 1212.922 10.694 53.947 41.216 55.982 13.192 32.1808 13.3489 14.6426 15.255 34.1216 21.2839 13.528 0.0 0.0 14.738 0.0 0.0
2017-08-06 23:15:45.649000 1274.172 9.044 54.253 41.651 56.276 13.029 32.2056 13.1741 14.2075 14.8181 34.2107 21.2602 13.3649 0.0 0.0 14.51 0.0 0.0
2017-08-06 23:20:05.369000 1533.892 10.354 55.514 42.609 57.493 12.62 32.2067 12.7812 13.0382 13.5104 34.3641 21.1147 12.9708 0.0 0.0 13.851 0.0 0.0
2017-08-06 23:21:06.399000 1594.922 8.405 55.793 43.046 57.766 12.562 32.1908 12.7299 12.8857 13.3162 34.3698 21.0778 12.9144 0.0 0.0 13.757 0.0 0.0
2017-08-06 23:22:07.469000 1655.992 8.28 56.063 43.109 58.029 12.512 32.1751 12.6848 12.7609 13.1518 34.371 21.0386 12.865 0.0 0.0 13.679 0.0 0.0
2017-08-06 23:23:08.579000 1717.102 10.074 56.326 43.35 58.284 12.463 32.157 12.6452 12.6593 13.0106 34.3604 20.9989 12.821 0.0 0.0 13.615 0.0 0.0
2017-08-06 23:24:09.709000 1778.232 8.213 56.581 43.503 58.536 12.433 32.1392 12.6099 12.5734 12.8965 34.3484 20.9499 12.7837 0.0 0.0 13.561 0.0 0.0
2017-08-06 23:25:10.869000 1839.392 10.058 56.83 43.655 58.773 12.4 32.1191 12.5763 12.5002 12.7991 34.3279 20.9007 12.7499 0.0 0.0 13.516 0.0 0.0
2017-08-06 23:26:12.120000 1900.643 8.767 57.071 43.92 59.01 12.369 32.0997 12.545 12.4415 12.7157 34.304 20.8517 12.7165 0.0 0.0 13.48 0.0 0.0
2017-08-06 23:27:13.340000 1961.863 8.767 57.304 43.813 59.236 12.345 32.0781 12.5158 12.3911 12.6443 34.2792 20.803 12.6914 0.0 0.0 13.45 0.0 0.0
2017-08-06 23:28:14.590000 2023.113 10.05 57.527 43.967 59.457 12.32 32.0563 12.4882 12.3476 12.583 34.2483 20.7545 12.6642 0.0 0.0 13.425 0.0 0.0
2017-08-06 23:29:15.880000 2084.403 8.186 57.747 44.282 59.673 12.293 32.0373 12.4625 12.3087 12.529 34.2222 20.7063 12.6359 0.0 0.0 13.403 0.0 0.0
2017-08-06 23:30:17.230000 2145.753 8.135 57.96 44.25 59.884 12.272 32.0173 12.4375 12.2725 12.4811 34.187 20.6587 12.6137 0.0 0.0 13.382 0.0 0.0
2017-08-06 23:31:18.580000 2207.103 9.646 58.162 44.271 60.086 12.25 31.9946 12.4134 12.2404 12.4408 34.1562 20.6111 12.5896 0.0 0.0 13.365 0.0 0.0
2017-08-06 23:32:20.230000 2268.753 9.921 58.361 44.462 60.287 12.229 31.9744 12.3896 12.2108 12.4044 34.1159 20.5641 12.5665 0.0 0.0 13.349 0.0 0.0
2017-08-06 23:33:21.660000 2330.183 9.006 58.551 44.666 60.481 12.209 31.9504 12.3666 12.1833 12.3711 34.0793 20.5172 12.5442 0.0 0.0 13.334 0.0 0.0
2017-08-06 23:34:23.140000 2391.663 8.154 58.736 44.773 60.669 12.193 31.928 12.3442 12.1583 12.342 34.0407 20.4714 12.5269 0.0 0.0 13.321 0.0 0.0
2017-08-06 23:35:24.640000 2453.163 8.044 58.917 44.722 60.854 12.173 31.9043 12.3225 12.1348 12.3137 33.9982 20.4256 12.5057 0.0 0.0 13.309 0.0 0.0
2017-08-06 23:36:26.170000 2514.693 9.111 59.092 44.687 61.032 12.152 31.8811 12.3007 12.1104 12.287 33.9571 20.3805 12.4848 0.0 0.0 13.297 0.0 0.0
2017-08-06 23:37:27.731000 2576.254 9.859 59.262 44.81 61.208 12.134 31.8615 12.2795 12.0881 12.2618 33.9136 20.3358 12.4653 0.0 0.0 13.286 0.0 0.0
2017-08-06 23:38:29.321000 2637.844 9.4 59.429 44.985 61.381 12.116 31.8368 12.2586 12.0662 12.2379 33.8675 20.291 12.4468 0.0 0.0 13.275 0.0 0.0
2017-08-06 23:39:30.951000 2699.474 9.75 59.589 45.096 61.548 12.097 31.8165 12.2381 12.0447 12.2149 33.8229 20.247 12.4286 0.0 0.0 13.264 0.0 0.0
2017-08-06 23:40:32.591000 2761.114 8.556 59.745 45.131 61.71 12.078 31.7916 12.2182 12.024 12.1925 33.777 20.2037 12.409 0.0 0.0 13.254 0.0 0.0
2017-08-06 23:41:34.281000 2822.804 8.05 59.902 45.195 61.869 12.059 31.7691 12.1982 12.003 12.1705 33.7299 20.1607 12.3908 0.0 0.0 13.243 0.0 0.0
2017-08-06 23:42:35.991000 2884.514 8.28 60.051 45.245 62.027 12.039 31.7474 12.178 11.9827 12.1487 33.6826 20.1175 12.37 0.0 0.0 13.233 0.0 0.0
2017-08-06 23:43:37.731000 2946.254 7.95 60.198 45.25 62.179 12.019 31.7281 12.1584 11.9637 12.1277 33.632 20.0756 12.3485 0.0 0.0 13.222 0.0 0.0
2017-08-06 23:44:39.531000 3008.054 8.086 60.341 45.325 62.327 11.999 31.705 12.139 11.9443 12.1065 33.5829 20.0332 12.3281 0.0 0.0 13.212 0.0 0.0
2017-08-06 23:45:41.581000 3070.104 8.15 60.479 45.361 62.473 11.977 31.681 12.1193 11.9234 12.0842 33.5314 19.9889 12.3067 0.0 0.0 13.2 0.0 0.0
2017-08-06 23:46:43.411000 3131.934 7.902 60.618 45.368 62.617 11.958 31.661 12.1001 11.9041 12.0635 33.4819 19.9482 12.2885 0.0 0.0 13.189 0.0 0.0
2017-08-06 23:47:45.271000 3193.794 8.043 60.749 45.434 62.757 11.94 31.6391 12.0813 11.8851 12.0432 33.4296 19.9061 12.2703 0.0 0.0 13.179 0.0 0.0
2017-08-06 23:48:47.171000 3255.694 8.499 60.881 45.44 62.898 11.923 31.6199 12.0624 11.8662 12.023 33.3803 19.8642 12.2526 0.0 0.0 13.168 0.0 0.0
2017-08-06 23:49:49.102000 3317.625 9.38 61.007 45.412 63.03 11.9 31.5989 12.0439 11.8469 12.0021 33.3239 19.8225 12.2291 0.0 0.0 13.157 0.0 0.0
2017-08-06 23:50:51.052000 3379.575 9.564 61.133 45.352 63.161 11.881 31.5812 12.0256 11.8277 11.9829 33.2707 19.7814 12.2105 0.0 0.0 13.147 0.0 0.0
2017-08-06 23:51:53.062000 3441.585 9.46 61.255 45.334 63.293 11.861 31.5575 12.0069 11.8087 11.9638 33.2201 19.7403 12.1899 0.0 0.0 13.136 0.0 0.0
2017-08-06 23:52:55.102000 3503.625 8.761 61.376 45.358 63.421 11.842 31.5372 11.9893 11.7897 11.9449 33.1654 19.6997 12.1706 0.0 0.0 13.125 0.0 0.0
2017-08-06 23:53:57.132000 3565.655 7.915 61.494 45.423 63.547 11.824 31.516 11.9728 11.7713 11.9265 33.1105 19.6592 12.1525 0.0 0.0 13.114 0.0 0.0
2017-08-06 23:54:59.212000 3627.735 7.766 61.61 45.531 63.669 11.801 31.4965 11.9557 11.7522 11.9078 33.0562 19.6193 12.1287 0.0 0.0 13.104 0.0 0.0
2017-08-06 23:56:01.302000 3689.825 7.812 61.722 45.614 63.79 11.784 31.479 11.9392 11.7337 11.889 32.9972 19.5797 12.1118 0.0 0.0 13.094 0.0 0.0
2017-08-06 23:57:03.462000 3751.985 9.423 61.834 45.494 63.907 11.765 31.4553 11.9223 11.7145 11.8706 32.9415 19.5399 12.0936 0.0 0.0 13.083 0.0 0.0
2017-08-06 23:58:05.632000 3814.155 9.412 61.945 45.47 64.025 11.744 31.4368 11.9057 11.6954 11.8512 32.8861 19.5007 12.072 0.0 0.0 13.071 0.0 0.0
2017-08-06 23:59:07.832000 3876.355 8.778 62.051 45.47 64.138 11.724 31.4168 11.889 11.6753 11.8315 32.8276 19.4616 12.0519 0.0 0.0 13.06 0.0 0.0
