#Human readable time. Time (s) since start. Lakeshore temperature sensor 218 T1,2,3,4,5,6,7,8 and 224 C2,C3,C4,C5,D1,D2,D3,D4,D5,A,B
2017-06-27 09:14:29.125000 0.0 5.776 10.35 55.345 9.716 38.278 57.639 8.842 45.5707 17.2672 16.6843 16.7798 0.0 14.3934 20.6751 14.9106 9.063 0.0 11.9818 
2017-06-27 09:14:41.018000 11.893 5.453 10.324 55.356 9.716 38.463 57.649 8.754 45.5162 16.2644 16.6871 16.8056 0.0 14.3622 20.6778 14.7242 8.967 0.0 11.7574 
2017-06-27 09:14:52.651000 23.526 5.699 10.294 55.364 9.717 38.32 57.659 8.662 45.4357 15.3731 16.6761 16.818 0.0 14.3257 20.6779 14.5367 8.8687 0.0 11.5602 
2017-06-27 09:15:04.335000 35.21 5.421 10.257 55.375 9.717 38.524 57.671 8.572 45.3559 14.5203 16.6527 16.8187 0.0 14.2882 20.6769 14.3389 8.7698 0.0 11.3747 
2017-06-27 09:15:16.058000 46.933 5.081 10.217 55.387 9.717 38.589 57.68 8.477 45.2983 13.683 16.6148 16.8075 0.0 14.2468 20.675 14.1498 8.6717 0.0 11.1981 
2017-06-27 09:15:27.741000 58.616 5.381 10.171 55.397 9.717 38.57 57.693 8.394 45.2546 12.9275 16.5663 16.7871 0.0 14.2047 20.672 13.9546 8.5723 0.0 11.0292 
2017-06-27 09:15:39.487000 70.362 5.021 10.124 55.412 9.718 38.674 57.705 8.31 45.2311 12.1899 16.5035 16.755 0.0 14.1606 20.6681 13.7696 8.4742 0.0 10.8584 
2017-06-27 09:15:51.211000 82.086 5.367 10.073 55.423 9.718 38.611 57.718 8.223 45.2234 11.5035 16.4333 16.716 0.0 14.1118 20.6635 13.5861 8.3853 0.0 10.6951 
2017-06-27 09:16:02.955000 93.83 4.988 10.017 55.438 9.718 38.704 57.73 8.137 45.2286 10.9148 16.3489 16.6661 0.0 14.063 20.6579 13.4051 8.2898 0.0 10.5404 
2017-06-27 09:16:14.771000 105.646 5.096 9.959 55.452 9.719 38.54 57.744 8.046 45.2459 10.3614 16.2546 16.608 0.0 14.01 20.6514 13.2325 8.1985 0.0 10.3697 
2017-06-27 09:16:26.874000 117.749 5.334 9.895 55.468 9.719 38.4 57.757 7.957 45.2804 9.8713 16.1512 16.5428 0.0 14.9995 20.6442 13.0611 8.1 0.0 10.2093 
2017-06-27 09:16:38.738000 129.613 4.917 9.833 55.481 9.719 38.562 57.772 7.866 45.3232 9.4437 16.0392 16.4749 0.0 14.6212 20.6361 12.8917 8.0081 0.0 10.0519 
2017-06-27 09:16:50.663000 141.538 5.212 9.766 55.494 9.72 38.316 57.783 7.779 45.3807 9.0807 15.9304 16.3971 0.0 14.4041 20.6275 12.7316 7.912 0.0 9.8954 
2017-06-27 09:17:02.576000 153.451 5.242 9.697 55.504 9.72 38.13 57.795 7.691 45.4458 8.7707 15.8117 16.3143 0.0 14.2414 20.6185 12.5662 7.8198 0.0 9.7455 
2017-06-27 09:17:14.510000 165.385 4.983 9.626 55.514 9.72 37.882 57.801 7.604 45.5208 8.5157 15.6871 16.226 0.0 14.1071 20.6085 12.4103 7.7284 0.0 9.5884 
2017-06-27 09:17:26.473000 177.348 4.679 9.557 55.521 9.721 37.901 57.811 7.519 45.6027 8.2821 15.5572 16.1336 0.0 13.9847 20.598 12.2602 7.6392 0.0 9.4466 
2017-06-27 09:17:38.478000 189.353 4.572 9.486 55.529 9.721 37.775 57.817 7.439 45.6942 8.0767 15.4223 16.0373 0.0 13.877 20.5873 12.1118 7.5501 0.0 9.2996 
2017-06-27 09:17:50.504000 201.379 4.553 9.421 55.532 9.721 38.249 57.824 7.363 45.7921 7.8949 15.2831 15.9406 0.0 13.7766 20.576 11.9651 7.4657 0.0 9.1523 
2017-06-27 09:18:02.538000 213.413 4.778 9.354 55.535 9.721 38.183 57.828 7.271 45.8897 7.732 15.1402 15.8435 0.0 13.6785 20.5642 11.8204 7.3853 0.0 9.0095 
2017-06-27 09:18:14.653000 225.528 4.856 9.285 55.538 9.721 38.051 57.832 7.213 45.997 7.5785 14.9878 15.7427 0.0 13.5879 20.5515 11.6768 7.3072 0.0 8.8703 
2017-06-27 09:18:26.806000 237.681 4.934 9.218 55.54 9.721 37.758 57.835 7.141 46.1062 7.4484 14.8478 15.6349 0.0 13.5004 20.539 11.5295 7.2317 0.0 8.7347 
2017-06-27 09:18:38.949000 249.824 4.58 9.151 55.541 9.721 37.587 57.842 7.072 46.2141 7.3319 14.7056 15.5295 0.0 13.4193 20.5263 11.3985 7.1562 0.0 8.5957 
2017-06-27 09:18:51.174000 262.049 4.425 9.085 55.541 9.721 38.096 57.843 7.001 46.3306 7.2228 14.5621 15.4225 0.0 13.336 20.5126 11.2721 7.0844 0.0 8.4635 
2017-06-27 09:19:03.418000 274.293 4.656 9.016 55.54 9.72 37.963 57.845 6.933 46.4415 7.117 14.4146 15.3081 0.0 13.2568 20.4995 11.1435 7.0102 0.0 8.3359 
2017-06-27 09:19:15.643000 286.518 4.377 8.95 55.54 9.72 37.578 57.847 6.867 46.5563 7.0257 14.2762 15.1981 0.0 13.1742 20.4855 11.0225 6.9439 0.0 8.2119 
2017-06-27 09:19:27.956000 298.831 4.276 8.883 55.539 9.719 37.775 57.848 6.768 46.6694 6.9371 14.1306 15.081 0.0 13.095 20.4717 10.9001 6.8769 0.0 8.0923 
2017-06-27 09:19:40.301000 311.176 4.617 8.817 55.538 9.718 37.768 57.849 6.724 46.7839 6.8576 13.9924 14.9709 0.0 13.0118 20.4574 10.7816 6.8143 0.0 7.9835 
2017-06-27 09:19:52.615000 323.49 4.659 8.755 55.536 9.717 37.503 57.852 6.688 46.8939 6.7851 13.8551 14.8591 0.0 12.9327 20.4435 10.6713 6.7561 0.0 7.8721 
2017-06-27 09:20:04.949000 335.824 4.187 8.691 55.536 9.716 37.835 57.853 6.635 47.0094 6.7176 13.7249 14.7527 0.0 12.8566 20.4289 10.5605 6.6975 0.0 7.7718 
2017-06-27 09:20:17.364000 348.239 4.605 8.63 55.532 9.715 37.507 57.851 6.583 47.1162 6.6552 13.5901 14.6405 0.0 12.7765 20.4144 10.4585 6.6429 0.0 7.6743 
2017-06-27 09:20:29.807000 360.682 4.163 8.572 55.53 9.714 37.584 57.852 6.532 47.2291 6.5924 13.4587 14.5288 0.0 12.696 20.3986 10.3662 6.5908 0.0 7.5772 
2017-06-27 09:20:42.222000 373.097 4.123 8.513 55.527 9.712 37.792 57.851 6.485 47.3416 6.5398 13.3398 14.426 0.0 12.6145 20.385 10.2818 6.5424 0.0 7.4899 
2017-06-27 09:20:54.655000 385.53 4.479 8.461 55.522 9.71 37.526 57.849 6.443 47.448 6.4936 13.2171 14.3204 0.0 12.5323 20.3709 10.1973 6.4966 0.0 7.4016 
2017-06-27 09:21:07.180000 398.055 4.103 8.412 55.521 9.708 37.481 57.849 6.401 47.5555 6.4471 13.0966 14.2152 0.0 12.4525 20.3558 10.1166 6.4522 0.0 7.3186 
2017-06-27 09:21:19.724000 410.599 4.39 8.365 55.516 9.706 37.556 57.845 6.36 47.6639 6.4029 12.9798 14.111 0.0 12.3739 20.3411 10.0403 6.4084 0.0 7.24 
2017-06-27 09:21:32.320000 423.195 4.092 8.32 55.511 9.704 37.294 57.845 6.32 47.7717 6.3661 12.8706 14.0076 0.0 12.2945 20.3266 9.9648 6.37 0.0 7.1657 
2017-06-27 09:21:44.884000 435.759 4.377 8.276 55.508 9.701 37.573 57.843 6.285 47.8777 6.332 12.7641 13.9106 0.0 12.2146 20.3119 9.8952 6.3319 0.0 7.0959 
2017-06-27 09:21:57.500000 448.375 4.027 8.233 55.501 9.698 37.606 57.84 6.251 47.9893 6.2998 12.6602 13.815 0.0 12.1341 20.2974 9.8296 6.2963 0.0 7.0241 
2017-06-27 09:22:10.134000 461.009 4.415 8.193 55.497 9.695 37.162 57.835 6.218 48.0927 6.2695 12.5592 13.7209 0.0 12.0502 20.2827 9.7668 6.2611 0.0 6.9607 
2017-06-27 09:22:22.780000 473.655 3.986 8.155 55.489 9.692 37.447 57.832 6.185 48.1985 6.2439 12.4631 13.6285 0.0 11.9708 20.2679 9.7075 6.23 0.0 6.895 
2017-06-27 09:22:35.493000 486.368 4.057 8.119 55.482 9.688 37.004 57.828 6.014 48.3045 6.2203 12.3734 13.5378 0.0 11.8937 20.2536 9.6491 6.1985 0.0 6.8385 
2017-06-27 09:22:48.277000 499.152 4.051 8.082 55.474 9.685 37.52 57.822 6.13 48.4156 6.1979 12.2861 13.4515 0.0 11.8137 20.2388 9.5936 6.1695 0.0 6.7818 
2017-06-27 09:23:01.051000 511.926 3.952 8.049 55.466 9.681 37.316 57.817 5.65 48.5221 6.1796 12.1981 13.365 0.0 11.7361 20.2245 9.5428 6.1419 0.0 6.7317 
2017-06-27 09:23:13.805000 524.68 4.297 8.017 55.46 9.677 37.204 57.81 6.047 48.6272 6.1635 12.1172 13.2847 0.0 11.6554 20.21 9.4939 6.1159 0.0 6.6802 
2017-06-27 09:23:26.619000 537.494 4.032 7.985 55.451 9.673 37.436 57.808 5.99 48.7377 6.1476 12.0391 13.2059 0.0 11.5747 20.1959 9.4533 6.0893 0.0 6.6337 
2017-06-27 09:23:39.423000 550.298 4.097 7.957 55.444 9.668 36.815 57.801 5.967 48.8444 6.137 11.9626 13.1255 0.0 11.497 20.1815 9.4136 6.0667 0.0 6.5855 
2017-06-27 09:23:52.288000 563.163 4.269 7.928 55.434 9.664 37.084 57.795 4.385 48.9465 6.1265 11.8945 13.0511 0.0 11.4208 20.1672 9.3759 6.0445 0.0 6.544 
2017-06-27 09:24:05.192000 576.067 3.985 7.901 55.425 9.659 37.348 57.788 5.99 49.057 6.1183 11.8261 12.9762 0.0 11.3444 20.153 9.3411 6.0234 0.0 6.5056 
2017-06-27 09:24:18.137000 589.012 3.899 7.877 55.418 9.654 37.083 57.78 5.97 49.1671 6.1119 11.7635 12.9098 0.0 11.2683 20.1393 9.3068 6.0034 0.0 6.468 
2017-06-27 09:24:31.061000 601.936 4.022 7.853 55.407 9.649 37.054 57.774 5.951 49.2731 6.1058 11.7006 12.842 0.0 11.1934 20.1253 9.2746 5.9827 0.0 6.4307 
2017-06-27 09:24:44.125000 615.0 4.242 7.83 55.397 9.643 36.936 57.768 4.994 49.3836 6.1036 11.6407 12.7796 0.0 11.1158 20.1113 9.2439 5.9665 0.0 6.3947 
2017-06-27 09:24:57.119000 627.994 4.018 7.808 55.388 9.638 37.213 57.758 4.83 49.4969 6.1016 11.5859 12.7164 0.0 11.04 20.0976 9.2146 5.949 0.0 6.3603 
2017-06-27 09:25:10.142000 641.017 3.866 7.787 55.378 9.632 37.032 57.749 5.901 49.6019 6.1005 11.5309 12.655 0.0 10.9665 20.084 9.1868 5.9317 0.0 6.3287 
2017-06-27 09:25:23.257000 654.132 3.968 7.767 55.366 9.626 36.577 57.743 5.881 49.7151 6.101 11.4799 12.5955 0.0 10.8954 20.0701 9.1605 5.9161 0.0 6.2994 
2017-06-27 09:25:36.330000 667.205 4.221 7.749 55.356 9.62 36.816 57.734 5.839 49.8281 6.1021 11.4327 12.5407 0.0 10.8246 20.0564 9.1345 5.9004 0.0 6.2738 
2017-06-27 09:25:49.434000 680.309 4.024 7.731 55.345 9.614 37.106 57.726 5.858 49.9388 6.105 11.3899 12.4861 0.0 10.7541 20.043 9.1105 5.8863 0.0 6.2438 
2017-06-27 09:26:02.569000 693.444 3.837 7.714 55.335 9.607 36.957 57.716 5.809 50.0519 6.1084 11.3473 12.436 0.0 10.6812 20.0298 9.0877 5.8721 0.0 6.2204 
2017-06-27 09:26:15.632000 706.507 3.988 7.698 55.323 9.601 36.471 57.707 5.491 50.154 6.1088 11.3057 12.3863 0.0 10.6103 20.0162 9.0646 5.8537 0.0 6.186 
2017-06-27 09:26:28.656000 719.531 4.187 7.681 55.311 9.594 36.721 57.701 5.706 50.2258 6.1043 11.2628 12.3355 0.0 10.5371 20.002 9.0396 5.8301 0.0 6.1529 
2017-06-27 09:26:41.710000 732.585 3.937 7.664 55.3 9.587 37.029 57.69 4.703 50.2621 6.099 11.216 12.285 0.0 10.4642 19.986 9.0124 5.8074 0.0 6.1096 
2017-06-27 09:26:54.815000 745.69 4.017 7.647 55.289 9.58 36.808 57.679 5.765 50.2791 6.0937 11.1662 12.229 0.0 10.3916 19.9702 8.9827 5.7856 0.0 6.0704 
2017-06-27 09:27:07.959000 758.834 3.796 7.629 55.277 9.573 36.865 57.669 5.536 50.2752 6.0891 11.1069 12.1688 0.0 10.3175 19.9539 8.954 5.7619 0.0 6.0338 
2017-06-27 09:27:21.102000 771.977 3.85 7.612 55.265 9.566 36.411 57.66 5.531 50.2621 6.0856 11.0402 12.1038 0.0 10.2421 19.9377 8.9248 5.7391 0.0 5.9959 
2017-06-27 09:27:34.295000 785.17 4.152 7.594 55.255 9.558 36.519 57.65 5.658 50.2417 6.084 10.9675 12.0337 0.0 10.1624 19.9206 8.8951 5.7171 0.0 5.9588 
2017-06-27 09:27:47.528000 798.403 4.11 7.576 55.242 9.551 36.387 57.639 5.683 50.2159 6.0849 10.89 11.9607 0.0 10.0847 19.9038 8.8666 5.6958 0.0 5.9249 
2017-06-27 09:28:00.782000 811.657 4.048 7.559 55.23 9.543 36.718 57.63 5.663 50.1863 6.0879 10.8055 11.8847 0.0 10.0029 19.8867 8.8388 5.6754 0.0 5.8896 
2017-06-27 09:28:14.105000 824.98 4.073 7.541 55.219 9.536 36.646 57.622 5.273 50.1581 6.0942 10.7141 11.8036 0.0 9.9251 19.8699 8.8104 5.6544 0.0 5.8552 
2017-06-27 09:28:27.429000 838.304 4.093 7.524 55.205 9.528 36.873 57.61 5.395 50.127 6.1026 10.6122 11.7135 0.0 11.4268 19.8524 8.7832 5.6347 0.0 5.8214 
2017-06-27 09:28:40.772000 851.647 3.864 7.507 55.194 9.52 36.824 57.6 5.608 50.0923 6.1137 10.5085 11.6228 0.0 10.7611 19.8349 8.7575 5.6155 0.0 5.7874 
2017-06-27 09:28:54.116000 864.991 3.867 7.491 55.183 9.512 36.808 57.589 4.401 50.06 6.1272 10.4056 11.5274 0.0 11.589 19.818 8.7319 5.5976 0.0 5.7574 
2017-06-27 09:29:07.509000 878.384 3.958 7.476 55.17 9.503 36.644 57.579 5.316 50.0241 6.1436 10.2986 11.432 0.0 10.9005 19.8008 8.7069 5.5787 0.0 5.7263 
2017-06-27 09:29:20.964000 891.839 3.723 7.461 55.157 9.495 36.709 57.567 5.473 49.9901 6.1615 10.1822 11.3298 0.0 11.8807 19.7832 8.6829 5.5612 0.0 5.6983 
2017-06-27 09:29:34.538000 905.413 4.016 7.447 55.144 9.488 36.763 57.557 5.546 49.9634 6.1838 10.0624 11.2294 0.0 11.904 19.7665 8.6609 5.5496 0.0 5.6797 
2017-06-27 09:29:48.172000 919.047 4.053 7.433 55.132 9.48 36.37 57.547 4.564 49.9775 6.2097 9.9495 11.1237 0.0 11.1882 19.7503 8.6429 5.5421 0.0 5.6671 
2017-06-27 09:30:01.816000 932.691 4.056 7.422 55.118 9.473 36.224 57.535 5.531 50.025 6.241 9.837 11.0194 0.0 10.7683 19.734 8.628 5.5346 0.0 5.6554 
2017-06-27 09:30:15.361000 946.236 4.017 7.411 55.107 9.465 36.125 57.523 5.522 50.0958 6.2734 9.7316 10.9266 0.0 10.4599 19.7184 8.6151 5.5244 0.0 5.6383 
2017-06-27 09:30:28.894000 959.769 3.88 7.4 55.092 9.457 36.049 57.512 4.492 50.1435 6.3032 9.6387 10.8319 0.0 10.5042 19.7027 8.601 5.512 0.0 5.6178 
2017-06-27 09:30:42.507000 973.382 3.794 7.39 55.081 9.449 36.01 57.499 4.597 50.1626 6.3332 9.5445 10.7376 0.0 10.2059 19.6868 8.5857 5.4986 0.0 5.5974 
2017-06-27 09:30:56.491000 987.366 3.696 7.379 55.068 9.441 36.574 57.488 5.487 50.1695 6.362 9.4529 10.6428 0.0 11.6617 19.6686 8.5692 5.4852 0.0 5.5756 
2017-06-27 09:31:10.186000 1001.061 4.001 7.368 55.054 9.433 36.248 57.476 5.475 50.1635 6.389 9.3619 10.5474 0.0 11.5233 19.6542 8.5529 5.4724 0.0 5.5538 
2017-06-27 09:31:23.880000 1014.755 4.024 7.358 55.04 9.425 36.15 57.464 5.454 50.1465 6.4154 9.2689 10.4527 0.0 12.009 19.6373 8.536 5.4594 0.0 5.5306 
2017-06-27 09:31:37.573000 1028.448 4.0 7.348 55.025 9.416 36.014 57.452 5.45 50.1277 6.4402 9.1762 10.3634 0.0 12.336 19.6215 8.5196 5.4466 0.0 5.5092 
2017-06-27 09:31:51.278000 1042.153 3.684 7.337 55.01 9.408 36.23 57.44 5.097 50.1066 6.4639 9.0857 10.2676 0.0 12.2258 19.6049 8.5035 5.4341 0.0 5.4882 
2017-06-27 09:32:05.013000 1055.888 3.671 7.328 54.999 9.399 36.322 57.428 5.277 50.0789 6.4854 8.9889 10.1696 0.0 11.4346 19.5895 8.4885 5.4211 0.0 5.4672 
2017-06-27 09:32:18.828000 1069.703 3.901 7.318 54.983 9.391 36.415 57.416 5.417 50.0545 6.5066 8.8924 10.0693 0.0 11.6097 19.5729 8.4739 5.4095 0.0 5.448 
2017-06-27 09:32:32.661000 1083.536 3.914 7.308 54.971 9.383 36.299 57.401 5.406 50.026 6.5272 8.7939 9.9676 0.0 10.9687 19.5574 8.4601 5.398 0.0 5.4284 
2017-06-27 09:32:46.587000 1097.462 3.76 7.298 54.956 9.374 35.821 57.388 5.396 50.0016 6.5457 8.6913 9.8656 0.0 11.9983 19.5414 8.4463 5.3861 0.0 5.411 
2017-06-27 09:33:00.482000 1111.357 3.659 7.289 54.941 9.366 36.403 57.377 5.333 49.9735 6.5629 8.5925 9.7569 0.0 11.9634 19.5254 8.4328 5.3747 0.0 5.3929 
2017-06-27 09:33:14.525000 1125.4 3.945 7.28 54.928 9.357 36.162 57.362 5.369 49.9513 6.5803 8.494 9.6564 0.0 11.2279 19.5097 8.4206 5.3689 0.0 5.3843 
2017-06-27 09:33:28.619000 1139.494 3.701 7.272 54.913 9.348 35.851 57.352 5.194 49.9786 6.5996 8.3991 9.559 0.0 10.7623 19.4948 8.4118 5.3654 0.0 5.3767 
2017-06-27 09:33:42.753000 1153.628 3.69 7.265 54.9 9.339 36.423 57.338 5.373 50.0434 6.6197 8.3175 9.4646 0.0 11.3073 19.4796 8.4054 5.364 0.0 5.3752 
2017-06-27 09:33:56.778000 1167.653 3.681 7.259 54.886 9.33 35.949 57.326 5.036 50.1207 6.6398 8.2443 9.3827 0.0 11.809 19.4655 8.4002 5.358 0.0 5.368 
2017-06-27 09:34:10.832000 1181.707 3.703 7.253 54.871 9.321 35.959 57.311 5.362 50.1803 6.657 8.1844 9.3025 0.0 11.9698 19.4509 8.3935 5.3505 0.0 5.3555 
2017-06-27 09:34:24.907000 1195.782 3.967 7.247 54.856 9.313 35.901 57.302 5.355 50.2118 6.6733 8.1284 9.2292 0.0 12.3718 19.4363 8.3857 5.342 0.0 5.3423 
2017-06-27 09:34:39.032000 1209.907 3.652 7.24 54.844 9.304 35.957 57.289 5.346 50.2207 6.6871 8.0712 9.1561 0.0 12.616 19.4219 8.3773 5.3333 0.0 5.3285 
2017-06-27 09:34:53.174000 1224.049 3.797 7.234 54.832 9.295 36.27 57.274 5.339 50.2213 6.6999 8.0129 9.0862 0.0 12.775 19.4075 8.3682 5.325 0.0 5.317 
2017-06-27 09:35:07.340000 1238.215 3.902 7.228 54.816 9.285 35.698 57.262 5.33 50.2133 6.7103 7.9561 9.0125 0.0 12.9561 19.3929 8.3586 5.3152 0.0 5.3022 
2017-06-27 09:35:21.515000 1252.39 3.815 7.221 54.801 9.276 36.251 57.247 5.28 50.1998 6.7199 7.8947 8.9393 0.0 12.016 19.3782 8.3493 5.3069 0.0 5.2885 
2017-06-27 09:35:35.739000 1266.614 3.818 7.214 54.787 9.267 35.652 57.234 5.095 50.1833 6.728 7.8333 8.8681 0.0 11.4195 19.3639 8.34 5.2981 0.0 5.2739 
2017-06-27 09:35:49.973000 1280.848 3.829 7.208 54.771 9.258 36.165 57.221 5.299 50.1644 6.7345 7.7675 8.7922 0.0 10.9885 19.3498 8.3304 5.2898 0.0 5.2607 
2017-06-27 09:36:04.236000 1295.111 3.765 7.202 54.757 9.249 35.603 57.21 5.3 50.147 6.7402 7.7004 8.716 0.0 11.9696 19.3352 8.3213 5.2817 0.0 5.2479 
2017-06-27 09:36:18.531000 1309.406 3.84 7.195 54.744 9.239 36.139 57.196 5.106 50.1282 6.7448 7.6313 8.6395 0.0 12.293 19.3215 8.3122 5.2731 0.0 5.2356 
2017-06-27 09:36:32.867000 1323.742 3.759 7.188 54.73 9.23 35.569 57.182 4.377 50.1072 6.7485 7.5612 8.5617 0.0 12.4929 19.3071 8.3031 5.2643 0.0 5.2221 
2017-06-27 09:36:47.201000 1338.076 3.833 7.182 54.717 9.221 36.072 57.171 5.276 50.0838 6.7514 7.4907 8.4864 0.0 12.7531 19.2939 8.2946 5.2563 0.0 5.2093 
2017-06-27 09:37:01.545000 1352.42 3.61 7.176 54.702 9.211 35.991 57.156 5.269 50.0644 6.7533 7.4223 8.409 0.0 12.9525 19.2797 8.286 5.2488 0.0 5.1979 
2017-06-27 09:37:15.990000 1366.865 3.76 7.169 54.687 9.202 35.997 57.141 5.262 50.041 6.7547 7.3484 8.3306 0.0 13.1242 19.2661 8.2776 5.2403 0.0 5.1874 
2017-06-27 09:37:30.385000 1381.26 3.602 7.163 54.672 9.192 36.05 57.129 5.254 50.0205 6.7555 7.2778 8.2517 0.0 13.2224 19.2523 8.2695 5.2323 0.0 5.1751 
2017-06-27 09:37:44.818000 1395.693 3.754 7.157 54.658 9.183 35.492 57.117 5.248 50.001 6.7557 7.2074 8.1748 0.0 13.3709 19.2387 8.2618 5.225 0.0 5.1657 
2017-06-27 09:37:59.341000 1410.216 3.827 7.15 54.646 9.174 36.011 57.103 4.097 49.978 6.7555 7.1385 8.0949 0.0 12.387 19.2252 8.254 5.2177 0.0 5.1552 
2017-06-27 09:38:14.026000 1424.901 3.607 7.145 54.632 9.164 35.774 57.089 5.191 49.9673 6.7562 7.0721 8.0199 0.0 12.3932 19.2123 8.2473 5.215 0.0 5.1528 
2017-06-27 09:38:28.791000 1439.666 3.618 7.14 54.617 9.154 35.688 57.077 5.237 50.0052 6.7589 7.0117 7.9502 0.0 12.795 19.1992 8.2436 5.2152 0.0 5.1542 
2017-06-27 09:38:43.375000 1454.25 3.906 7.136 54.603 9.145 35.655 57.063 5.083 50.0748 6.7618 6.967 7.8923 0.0 13.0633 19.1872 8.2411 5.212 0.0 5.1506 
2017-06-27 09:38:57.949000 1468.824 3.641 7.132 54.588 9.135 36.065 57.049 5.021 50.1222 6.7638 6.9308 7.8399 0.0 12.1555 19.1748 8.2377 5.2064 0.0 5.1439 
2017-06-27 09:39:12.564000 1483.439 3.623 7.128 54.574 9.125 35.533 57.034 5.226 50.1506 6.7651 6.8968 7.7897 0.0 11.6797 19.1625 8.2335 5.2008 0.0 5.1374 
2017-06-27 09:39:27.278000 1498.153 3.639 7.124 54.559 9.115 35.436 57.022 5.22 50.1611 6.766 6.8646 7.7434 0.0 11.3808 19.1498 8.2286 5.1938 0.0 5.1301 
2017-06-27 09:39:41.962000 1512.837 3.855 7.119 54.544 9.106 35.747 57.01 5.214 50.1599 6.7662 6.8295 7.6952 0.0 12.144 19.1378 8.224 5.1874 0.0 5.1271 
2017-06-27 09:39:56.687000 1527.562 3.586 7.114 54.528 9.096 35.846 56.996 5.098 50.1571 6.7659 6.7938 7.6479 0.0 12.833 19.1256 8.2211 5.1806 0.0 5.1284 
2017-06-27 09:40:11.502000 1542.377 3.585 7.11 54.516 9.086 35.78 56.981 5.149 50.15 6.7653 6.755 7.5974 0.0 13.2246 19.1132 8.2188 5.1736 0.0 5.1231 
2017-06-27 09:40:26.237000 1557.112 3.757 7.105 54.5 9.076 35.358 56.967 5.173 50.1386 6.7643 6.714 7.5485 0.0 13.6103 19.1009 8.2146 5.1647 0.0 5.1128 
2017-06-27 09:40:41.102000 1571.977 3.804 7.1 54.486 9.067 35.388 56.955 5.164 50.1282 6.763 6.6729 7.4962 0.0 13.89 19.0892 8.2068 5.1566 0.0 5.069 
2017-06-27 09:40:55.887000 1586.762 3.841 7.094 54.471 9.057 35.383 56.942 5.178 50.1132 6.7613 6.6286 7.4429 0.0 14.0764 19.0771 8.1887 5.1439 0.0 5.0555 
2017-06-27 09:41:10.753000 1601.628 3.735 7.086 54.458 9.047 35.934 56.93 4.954 50.0993 6.76 6.5793 7.3853 0.0 14.2817 19.0644 8.1784 5.1074 0.0 5.052 
2017-06-27 09:41:25.626000 1616.501 3.692 7.075 54.445 9.037 35.943 56.916 5.129 50.0903 6.7581 6.529 7.3294 0.0 14.4435 19.0521 8.1716 5.0931 0.0 5.0498 
2017-06-27 09:41:40.592000 1631.467 3.646 7.066 54.431 9.027 35.939 56.903 4.479 50.0803 6.7557 6.4793 7.2717 0.0 14.5934 19.0401 8.1667 5.0859 0.0 5.0462 
2017-06-27 09:41:55.517000 1646.392 3.613 7.058 54.418 9.017 35.921 56.889 5.117 50.0722 6.7531 6.4328 7.2155 0.0 14.7364 19.0284 8.1627 5.0799 0.0 5.0425 
2017-06-27 09:42:10.622000 1661.497 3.591 7.051 54.404 9.008 35.9 56.877 5.111 50.0615 6.7504 6.3837 7.1607 0.0 13.6109 19.0171 8.1592 5.0749 0.0 5.0389 
2017-06-27 09:42:25.627000 1676.502 3.563 7.045 54.39 8.997 35.877 56.863 5.108 50.0524 6.7476 6.3382 7.1072 0.0 14.1272 19.0059 8.156 5.0699 0.0 5.0349 
2017-06-27 09:42:40.703000 1691.578 3.552 7.039 54.374 8.988 35.767 56.85 4.996 50.042 6.7446 6.2941 7.0525 0.0 14.2625 18.9948 8.1528 5.0687 0.0 5.0308 
2017-06-27 09:42:55.739000 1706.614 3.55 7.034 54.361 8.978 35.648 56.835 4.863 50.031 6.7416 6.2513 7.001 0.0 14.105 18.9837 8.1498 5.0644 0.0 5.0275 
2017-06-27 09:43:10.964000 1721.839 3.677 7.029 54.348 8.968 35.841 56.823 4.057 50.0196 6.7386 6.2096 6.9512 0.0 13.1352 18.9723 8.1466 5.0603 0.0 5.0233 
2017-06-27 09:43:26.108000 1736.983 3.577 7.024 54.334 8.958 35.822 56.808 5.092 50.01 6.7355 6.1693 6.9024 0.0 12.5045 18.9615 8.1436 5.0534 0.0 5.0202 
2017-06-27 09:43:41.232000 1752.107 3.545 7.02 54.319 8.948 35.657 56.795 5.088 49.9985 6.7323 6.1285 6.8542 0.0 12.0097 18.9508 8.1407 5.0489 0.0 5.0168 
2017-06-27 09:43:56.549000 1767.424 3.723 7.016 54.304 8.937 35.598 56.781 4.526 49.9977 6.7301 6.0928 6.8075 0.0 11.6325 18.9397 8.1385 5.051 0.0 5.0181 
2017-06-27 09:44:11.964000 1782.839 3.666 7.013 54.291 8.927 35.816 56.767 4.408 50.0501 6.7298 6.067 6.7716 0.0 11.315 18.9296 8.1381 5.0566 0.0 5.023 
2017-06-27 09:44:27.209000 1798.084 3.833 7.012 54.275 8.917 35.446 56.755 4.918 50.136 6.7299 6.0562 6.7484 0.0 11.0498 18.92 8.1389 5.0572 0.0 5.0249 
2017-06-27 09:44:42.464000 1813.339 3.809 7.01 54.261 8.907 35.53 56.742 3.763 50.1983 6.7293 6.0516 6.7309 0.0 10.8359 18.9101 8.1387 5.0544 0.0 5.0225 
2017-06-27 09:44:57.959000 1828.834 3.685 7.008 54.25 8.897 35.107 56.729 5.085 50.2342 15.5217 6.0479 6.715 0.0 10.6406 18.8998 8.1381 5.0509 0.0 5.0252 
2017-06-27 09:45:13.514000 1844.389 3.559 7.007 54.234 8.887 35.403 56.715 5.007 50.2612 20.4641 6.0439 6.7017 0.0 10.4653 18.8906 8.1386 5.0689 0.0 5.0339 
2017-06-27 09:45:29.059000 1859.934 3.617 7.011 54.22 8.877 35.775 56.701 5.134 50.2935 23.9599 6.0427 6.693 0.0 10.31 18.8825 8.1433 5.1084 0.0 5.0682 
2017-06-27 09:45:44.704000 1875.579 3.65 7.022 54.207 8.866 35.439 56.688 5.203 50.3542 27.4352 6.0486 6.6929 0.0 10.1595 18.8761 8.1686 5.1958 0.0 5.2054 
2017-06-27 09:46:00.339000 1891.214 3.61 7.05 54.192 8.856 35.537 56.676 5.31 50.5116 30.6106 6.0719 6.7105 0.0 10.022 18.8739 8.2389 5.3144 0.0 5.4033 
2017-06-27 09:46:15.993000 1906.868 3.802 7.091 54.179 8.846 35.724 56.659 5.414 50.7689 33.1857 6.1147 6.7452 0.0 10.939 18.8744 8.3721 5.4663 0.0 5.7389 
2017-06-27 09:46:31.678000 1922.553 4.047 7.147 54.167 8.836 35.246 56.648 5.594 51.0322 35.1841 6.1752 6.7973 0.0 12.0658 18.877 8.5536 5.63 0.0 6.0924 
2017-06-27 09:46:47.493000 1938.368 3.773 7.219 54.153 8.826 35.561 56.635 5.758 51.238 36.9814 6.256 6.8703 0.0 12.8023 18.8819 8.7974 5.8167 0.0 6.504 
2017-06-27 09:47:03.277000 1954.152 4.17 7.303 54.14 8.815 35.643 56.622 5.943 51.403 38.6229 6.3575 6.9584 0.0 13.3254 18.8884 9.0662 6.0086 0.0 6.8936 
2017-06-27 09:47:19.111000 1969.986 3.992 7.397 54.125 8.805 35.055 56.608 6.106 51.5155 40.2222 6.4791 7.0623 0.0 13.718 18.896 9.3516 6.2008 0.0 7.289 
2017-06-27 09:47:34.955000 1985.83 4.282 7.496 54.112 8.795 35.623 56.598 6.27 51.5976 41.6445 6.606 7.1687 0.0 13.7736 18.9039 9.6352 6.3637 0.0 7.6294 
2017-06-27 09:47:51.020000 2001.895 4.114 7.597 54.098 8.784 35.145 56.582 6.34 51.6554 43.0477 6.7407 7.281 0.0 14.1106 18.9112 9.9113 6.5029 0.0 7.9353 
