2017-07-03 00:00:36.525000 227020.054 3.443 6.106 50.789 6.021 34.142 53.178 4.048 3.5985 3.39 27.7035 26.7464 3.7086 3.7318 4.1417 4.0853 3.8982 3.6114 3.5857 
2017-07-03 00:01:54.180000 227097.709 3.351 6.104 50.788 6.021 33.567 53.173 4.047 3.5981 3.3894 27.7006 26.7471 3.7095 3.7315 4.1415 4.0852 3.8972 3.6112 3.5853 
2017-07-03 00:03:12.007000 227175.536 3.439 6.105 50.79 6.021 34.17 53.175 4.048 3.5983 3.3896 27.7003 26.7461 3.7091 3.7314 4.1414 4.0853 3.8978 3.6119 3.5852 
2017-07-03 00:04:29.522000 227253.051 3.341 6.109 50.79 6.021 33.571 53.173 4.047 3.5977 3.3892 27.7023 26.7479 3.7089 3.7313 4.1411 4.0851 3.8967 3.6113 3.5848 
2017-07-03 00:05:47.088000 227330.617 3.272 6.118 50.791 6.021 34.287 53.179 4.046 3.5976 3.3885 27.7009 26.7471 3.7089 3.731 4.141 4.0851 3.8971 3.6114 3.5851 
2017-07-03 00:07:04.663000 227408.192 3.482 6.121 50.789 6.021 33.892 53.175 4.047 3.5986 3.3895 27.7013 26.7468 3.7089 3.7308 4.1409 4.0851 3.8972 3.6119 3.5856 
2017-07-03 00:08:22.179000 227485.708 3.283 6.121 50.787 6.021 33.841 53.175 4.047 3.5984 3.3901 27.7016 26.7479 3.7098 3.7309 4.1411 4.0852 3.8978 3.6114 3.5852 
2017-07-03 00:09:39.284000 227562.813 3.386 6.118 50.787 6.021 34.002 53.173 4.047 3.5982 3.39 27.7006 26.7461 3.7093 3.7309 4.1411 4.0851 3.8978 3.6116 3.5853 
2017-07-03 00:10:56.879000 227640.408 3.461 6.109 50.788 6.021 33.715 53.174 4.048 3.5992 3.3904 27.7013 26.7453 3.709 3.731 4.1411 4.0851 3.8984 3.6116 3.5852 
2017-07-03 00:12:08.934000 227712.463 3.424 6.105 50.786 6.021 33.657 53.169 4.048 3.599 3.3905 27.6999 26.7477 3.7088 3.7312 4.1415 4.0851 3.8983 3.611 3.5851 
2017-07-03 00:13:26.489000 227790.018 3.266 6.101 50.787 6.021 34.129 53.17 4.048 3.5987 3.3903 27.7016 26.7471 3.7093 3.7313 4.1414 4.0852 3.8986 3.6113 3.5852 
2017-07-03 00:14:44.226000 227867.755 3.452 6.1 50.787 6.021 34.047 53.171 4.048 3.5989 3.3905 27.7013 26.7477 3.7095 3.7315 4.1414 4.0853 3.8982 3.6113 3.5855 
2017-07-03 00:16:01.721000 227945.25 3.302 6.1 50.787 6.021 33.628 53.172 4.048 3.5996 3.3902 27.7023 26.7461 3.709 3.7315 4.1416 4.0852 3.8986 3.6116 3.5855 
2017-07-03 00:17:18.656000 228022.185 3.28 6.099 50.785 6.021 33.868 53.172 4.049 3.5995 3.3911 27.7028 26.7471 3.7093 3.7317 4.1417 4.0851 3.8991 3.6112 3.5853 
2017-07-03 00:18:36.092000 228099.621 3.401 6.101 50.786 6.021 34.31 53.169 4.049 3.5994 3.3908 27.7019 26.7486 3.7091 3.7318 4.1419 4.0852 3.8989 3.6114 3.5855 
2017-07-03 00:19:53.407000 228176.936 3.363 6.1 50.782 6.021 33.571 53.17 4.048 3.5994 3.3909 27.7041 26.745 3.7088 3.7318 4.1418 4.0851 3.8986 3.6115 3.5853 
2017-07-03 00:21:10.703000 228254.232 3.312 6.101 50.781 6.021 33.58 53.167 4.048 3.5997 3.3904 27.7016 26.7468 3.7094 3.7318 4.1419 4.0851 3.8987 3.6122 3.5851 
2017-07-03 00:22:28.388000 228331.917 3.479 6.102 50.779 6.02 33.929 53.167 4.049 3.5998 3.3921 27.7038 26.7474 3.7092 3.7319 4.142 4.0852 3.8995 3.6112 3.5852 
2017-07-03 00:23:46.114000 228409.643 3.285 6.102 50.781 6.021 33.763 53.163 4.049 3.5997 3.3915 27.7035 26.7471 3.7091 3.7321 4.1421 4.0853 3.8994 3.6114 3.5853 
2017-07-03 00:25:03.799000 228487.328 3.372 6.102 50.777 6.021 34.341 53.162 4.05 3.6008 3.3927 27.7028 26.7477 3.7092 3.7324 4.1425 4.0852 3.9005 3.612 3.5852 
2017-07-03 00:26:15.904000 228559.433 3.425 6.103 50.773 6.021 33.593 53.163 4.05 3.6007 3.3925 27.7031 26.7486 3.7094 3.7327 4.1428 4.0851 3.9003 3.6115 3.5851 
2017-07-03 00:27:33.530000 228637.059 3.27 6.107 50.775 6.021 33.996 53.159 4.05 3.6012 3.3931 27.7038 26.7486 3.7093 3.7329 4.1431 4.0853 3.9007 3.6114 3.585 
2017-07-03 00:28:51.435000 228714.964 3.458 6.109 50.771 6.021 33.701 53.159 4.051 3.6013 3.3926 27.7019 26.7477 3.709 3.7332 4.1433 4.0853 3.9007 3.6116 3.5854 
2017-07-03 00:30:09.291000 228792.82 3.271 6.108 50.773 6.021 34.024 53.158 4.05 3.601 3.3929 27.7016 26.7483 3.709 3.7334 4.1433 4.0853 3.9007 3.6114 3.5856 
2017-07-03 00:33:00.265000 228963.794 3.434 6.103 50.769 6.021 33.553 53.153 4.05 3.6009 3.3922 27.7023 26.7477 3.7097 3.7332 4.1431 4.0852 3.9002 3.6116 3.585 
2017-07-03 00:34:18.070000 229041.599 3.272 6.102 50.767 6.021 34.267 53.153 4.05 3.6006 3.3926 27.7028 26.7471 3.7091 3.7334 4.1432 4.0854 3.9003 3.6118 3.5855 
2017-07-03 00:35:35.996000 229119.525 3.318 6.102 50.767 6.021 33.561 53.153 4.05 3.6012 3.3928 27.7023 26.7464 3.7095 3.7334 4.1432 4.0851 3.9002 3.6114 3.5853 
2017-07-03 00:36:53.841000 229197.37 3.299 6.104 50.766 6.021 34.323 53.151 4.051 3.6014 3.3931 27.7009 26.7464 3.709 3.7335 4.1434 4.0853 3.9012 3.6112 3.586 
2017-07-03 00:38:11.678000 229275.207 3.296 6.104 50.764 6.021 33.686 53.15 4.052 3.6023 3.3944 27.7023 26.7471 3.709 3.7338 4.1439 4.0852 3.9017 3.6113 3.5856 
2017-07-03 00:39:29.623000 229353.152 3.487 6.104 50.763 6.021 33.818 53.149 4.051 3.6018 3.3934 27.7035 26.7479 3.7094 3.7338 4.1439 4.0854 3.901 3.6112 3.5851 
2017-07-03 00:40:47.579000 229431.108 3.329 6.105 50.762 6.021 34.352 53.147 4.051 3.6015 3.3932 27.7038 26.7471 3.7094 3.734 4.1439 4.0854 3.9013 3.6117 3.5855 
2017-07-03 00:42:05.604000 229509.133 3.279 6.106 50.761 6.021 33.861 53.148 4.051 3.6016 3.3933 27.7023 26.7477 3.7094 3.734 4.1438 4.0853 3.9009 3.6111 3.5856 
2017-07-03 00:43:23.570000 229587.099 3.429 6.111 50.763 6.021 33.637 53.149 4.05 3.6009 3.3923 27.7019 26.7479 3.7096 3.7331 4.1436 4.0853 3.9 3.6118 3.5852 
2017-07-03 00:44:35.684000 229659.213 3.341 6.107 50.761 6.021 33.531 53.149 4.05 3.6012 3.3928 27.7031 26.7464 3.7096 3.7338 4.1435 4.0853 3.9003 3.6112 3.5852 
2017-07-03 00:45:53.790000 229737.319 3.442 6.106 50.762 6.021 34.148 53.146 4.05 3.6007 3.3918 27.7016 26.7464 3.7095 3.7338 4.1434 4.0854 3.9 3.6113 3.5853 
2017-07-03 00:47:11.355000 229814.884 3.348 6.109 50.758 6.021 33.532 53.146 4.05 3.6011 3.3928 27.7028 26.7474 3.7091 3.7335 4.1434 4.0853 3.9004 3.6119 3.5851 
2017-07-03 00:48:29.351000 229892.88 3.457 6.115 50.756 6.021 34.068 53.141 4.051 3.6019 3.3933 27.7023 26.7468 3.7092 3.7337 4.1436 4.0853 3.9013 3.6114 3.5854 
2017-07-03 00:49:47.357000 229970.886 3.451 6.111 50.758 6.021 34.28 53.141 4.05 3.6012 3.3925 27.7023 26.7468 3.7095 3.7337 4.1437 4.0852 3.9008 3.6116 3.5857 
2017-07-03 00:51:05.283000 230048.812 3.308 6.11 50.756 6.021 33.631 53.14 4.05 3.6011 3.3931 27.7031 26.7461 3.7089 3.7338 4.1436 4.0852 3.9004 3.6117 3.5856 
2017-07-03 00:52:23.309000 230126.838 3.466 6.11 50.754 6.021 34.015 53.139 4.051 3.6019 3.3933 27.7031 26.7461 3.7092 3.7337 4.1437 4.0853 3.9012 3.611 3.5853 
2017-07-03 00:53:41.214000 230204.743 3.296 6.111 50.753 6.021 34.334 53.14 4.051 3.6019 3.3928 27.7013 26.7464 3.7089 3.7339 4.1439 4.0854 3.9011 3.6115 3.5854 
2017-07-03 00:54:58.799000 230282.328 3.488 6.111 50.752 6.021 33.798 53.138 4.051 3.6025 3.394 27.7038 26.7471 3.7096 3.734 4.1439 4.0854 3.9011 3.6114 3.5854 
2017-07-03 00:56:16.805000 230360.334 3.36 6.11 50.753 6.021 34.35 53.136 4.051 3.6023 3.3932 27.7023 26.7474 3.7093 3.734 4.144 4.0855 3.9013 3.6116 3.5853 
2017-07-03 00:57:34.841000 230438.37 3.283 6.109 50.752 6.021 33.863 53.136 4.051 3.6023 3.3932 27.7016 26.7464 3.7091 3.7341 4.144 4.0854 3.9011 3.6112 3.5855 
2017-07-03 00:58:52.506000 230516.035 3.465 6.105 50.755 6.021 33.709 53.139 4.051 3.6014 3.3938 27.7013 26.7471 3.709 3.7342 4.1438 4.0854 3.9009 3.6113 3.5855 
2017-07-03 01:00:05.080000 230588.609 3.272 6.104 50.751 6.021 33.986 53.139 4.051 3.6023 3.3937 27.7023 26.7483 3.7094 3.734 4.144 4.0855 3.9012 3.6116 3.5853 
2017-07-03 01:01:23.157000 230666.686 3.387 6.106 50.749 6.021 33.588 53.137 4.05 3.6021 3.3932 27.7031 26.7477 3.7094 3.734 4.1439 4.0854 3.9005 3.6117 3.5856 
2017-07-03 01:02:41.093000 230744.622 3.431 6.115 50.753 6.021 34.199 53.137 4.05 3.6017 3.3923 27.7028 26.7464 3.7099 3.734 4.1436 4.0854 3.9007 3.6116 3.5851 
2017-07-03 01:03:59.168000 230822.697 3.268 6.12 50.753 6.021 34.212 53.14 4.049 3.6009 3.3921 27.7023 26.7474 3.7091 3.7336 4.1435 4.0855 3.8999 3.6118 3.5856 
2017-07-03 01:05:17.324000 230900.853 3.321 6.122 50.752 6.021 33.547 53.137 4.05 3.6008 3.3927 27.7035 26.7479 3.7091 3.7335 4.1434 4.0855 3.9003 3.611 3.5853 
2017-07-03 01:06:35.459000 230978.988 3.325 6.123 50.752 6.021 33.545 53.136 4.05 3.6007 3.3921 27.7019 26.7474 3.7094 3.7333 4.1431 4.0854 3.8999 3.6117 3.5854 
2017-07-03 01:07:53.565000 231057.094 3.435 6.124 50.751 6.021 34.171 53.136 4.05 3.6005 3.3918 27.7019 26.7471 3.709 3.7331 4.1431 4.0854 3.9001 3.6115 3.5858 
2017-07-03 01:09:11.750000 231135.279 3.273 6.122 50.747 6.021 34.208 53.132 4.051 3.6013 3.3933 27.7031 26.7464 3.7092 3.7332 4.1433 4.0855 3.901 3.6114 3.5854 
2017-07-03 01:10:29.926000 231213.455 3.272 6.123 50.746 6.021 33.541 53.13 4.051 3.6017 3.3934 27.7023 26.7477 3.7085 3.7335 4.1436 4.0855 3.9007 3.6115 3.5855 
2017-07-03 01:11:48.102000 231291.631 3.325 6.122 50.743 6.021 33.534 53.129 4.052 3.6022 3.3939 27.7028 26.7474 3.7093 3.7338 4.1439 4.0855 3.9019 3.6112 3.5854 
2017-07-03 01:13:06.308000 231369.837 3.441 6.119 50.745 6.021 34.1 53.135 4.052 3.602 3.3939 27.7035 26.7477 3.7089 3.7341 4.1442 4.0854 3.9019 3.6116 3.5852 
2017-07-03 01:14:24.514000 231448.043 3.445 6.111 50.742 6.021 34.133 53.129 4.052 3.6023 3.3944 27.7028 26.7486 3.709 3.7343 4.1443 4.0855 3.9019 3.6114 3.5857 
2017-07-03 01:15:37.078000 231520.607 3.317 6.106 50.741 6.021 33.589 53.13 4.052 3.6023 3.3944 27.7028 26.7479 3.7088 3.7344 4.1445 4.0855 3.9021 3.6114 3.5856 
2017-07-03 01:16:55.294000 231598.823 3.482 6.102 50.742 6.021 33.927 53.129 4.051 3.6019 3.3942 27.7035 26.7483 3.7088 3.7345 4.1445 4.0855 3.9015 3.6116 3.5854 
2017-07-03 01:18:13.159000 231676.688 3.31 6.1 50.741 6.021 34.319 53.129 4.052 3.6024 3.394 27.7031 26.7486 3.7091 3.7344 4.1443 4.0857 3.902 3.6116 3.586 
2017-07-03 01:19:31.475000 231755.004 3.303 6.1 50.738 6.021 34.342 53.122 4.051 3.602 3.3941 27.7023 26.7483 3.7096 3.7346 4.1445 4.0857 3.9016 3.6117 3.5852 
2017-07-03 01:20:49.730000 231833.259 3.294 6.099 50.739 6.021 33.683 53.125 4.052 3.6025 3.3952 27.7023 26.7474 3.7088 3.7347 4.1444 4.0857 3.9018 3.6119 3.5855 
2017-07-03 01:22:08.096000 231911.625 3.297 6.099 50.737 6.021 33.668 53.13 4.052 3.6031 3.3945 27.7016 26.7474 3.7087 3.7347 4.1445 4.0856 3.9019 3.6118 3.5857 
2017-07-03 01:23:26.422000 231989.951 3.3 6.099 50.738 6.021 33.833 53.125 4.051 3.6023 3.3936 27.7031 26.7483 3.7095 3.7349 4.1445 4.0854 3.9016 3.6116 3.5857 
2017-07-03 01:24:44.327000 232067.856 3.37 6.099 50.737 6.021 34.332 53.122 4.052 3.6028 3.394 27.7038 26.7477 3.7092 3.7347 4.1445 4.0855 3.9019 3.6117 3.5859 
2017-07-03 01:26:02.664000 232146.193 3.359 6.101 50.736 6.021 34.347 53.12 4.052 3.6024 3.3944 27.7019 26.7479 3.7093 3.7347 4.1446 4.0856 3.9019 3.6114 3.5855 
2017-07-03 01:27:21.079000 232224.608 3.346 6.099 50.737 6.021 34.343 53.125 4.051 3.6021 3.3939 27.7019 26.7477 3.7094 3.7347 4.1443 4.0856 3.9013 3.6117 3.5856 
2017-07-03 01:28:39.535000 232303.064 3.282 6.1 50.739 6.021 34.303 53.122 4.051 3.6021 3.3936 27.7006 26.7471 3.7092 3.7346 4.1444 4.0857 3.9013 3.6122 3.5859 
2017-07-03 01:29:57.941000 232381.47 3.28 6.1 50.737 6.021 33.631 53.124 4.051 3.6022 3.3938 27.7016 26.7486 3.7094 3.7346 4.1443 4.0854 3.9015 3.6116 3.5855 
2017-07-03 01:31:11.025000 232454.554 3.305 6.101 50.736 6.021 33.659 53.122 4.051 3.6028 3.3941 27.7028 26.7479 3.7093 3.7346 4.1443 4.0857 3.9016 3.6116 3.5856 
2017-07-03 01:32:29.471000 232533.0 3.309 6.102 50.736 6.021 33.624 53.122 4.051 3.602 3.3934 27.7031 26.7486 3.7093 3.7345 4.1444 4.0855 3.9016 3.6119 3.5856 
2017-07-03 01:33:47.946000 232611.475 3.306 6.102 50.734 6.021 33.613 53.122 4.051 3.6018 3.3934 27.7023 26.7468 3.7094 3.7346 4.1443 4.0857 3.9016 3.6119 3.586 
2017-07-03 01:35:06.472000 232690.001 3.317 6.102 50.736 6.021 33.574 53.122 4.052 3.602 3.394 27.7019 26.7483 3.7101 3.7345 4.1443 4.0856 3.9018 3.6124 3.5852 
2017-07-03 01:36:24.918000 232768.447 3.313 6.104 50.734 6.021 33.903 53.118 4.052 3.6023 3.3944 27.7023 26.7477 3.7089 3.7345 4.1444 4.0856 3.9019 3.6118 3.5852 
2017-07-03 01:37:43.664000 232847.193 3.318 6.103 50.731 6.021 33.594 53.117 4.051 3.6022 3.3946 27.7038 26.7483 3.7091 3.7343 4.1445 4.0857 3.9017 3.6117 3.5856 
2017-07-03 01:39:02.080000 232925.609 3.313 6.103 50.733 6.021 33.566 53.118 4.051 3.6029 3.3939 27.7023 26.7477 3.7091 3.7344 4.1443 4.0857 3.9017 3.6112 3.586 
2017-07-03 01:40:20.486000 233004.015 3.317 6.104 50.732 6.021 33.553 53.117 4.051 3.6023 3.3938 27.7028 26.7479 3.7097 3.7345 4.1445 4.0857 3.9021 3.6116 3.5855 
2017-07-03 01:41:39.021000 233082.55 3.323 6.103 50.73 6.021 33.544 53.115 4.052 3.6025 3.3945 27.7035 26.7468 3.7091 3.7345 4.1446 4.0856 3.9025 3.6118 3.5858 
2017-07-03 01:42:57.547000 233161.076 3.373 6.106 50.732 6.021 33.552 53.117 4.052 3.6025 3.3946 27.7045 26.7474 3.7094 3.7347 4.1446 4.0858 3.9024 3.6117 3.5857 
2017-07-03 01:44:15.742000 233239.271 3.438 6.105 50.732 6.021 34.171 53.119 4.051 3.6021 3.394 27.7028 26.7455 3.7092 3.7345 4.1445 4.0857 3.9016 3.6119 3.5861 
2017-07-03 01:45:33.938000 233317.467 3.433 6.106 50.733 6.021 34.146 53.117 4.051 3.602 3.3935 27.7031 26.7477 3.7093 3.7345 4.1444 4.0857 3.9014 3.6118 3.5854 
2017-07-03 01:46:52.974000 233396.503 3.391 6.106 50.73 6.021 33.562 53.113 4.051 3.6028 3.394 27.7023 26.7474 3.7093 3.7345 4.1444 4.0857 3.9018 3.6111 3.5854 
2017-07-03 01:48:05.498000 233469.027 3.274 6.106 50.73 6.021 34.212 53.114 4.051 3.6025 3.3942 27.7045 26.7477 3.7097 3.7345 4.1445 4.0856 3.9019 3.6115 3.5859 
2017-07-03 01:49:24.435000 233547.964 3.273 6.106 50.729 6.021 34.009 53.114 4.051 3.6024 3.394 27.7045 26.7468 3.7091 3.7345 4.1444 4.0856 3.9015 3.6115 3.5853 
2017-07-03 01:50:42.971000 233626.5 3.381 6.107 50.726 6.021 33.988 53.113 4.053 3.6029 3.3946 27.7031 26.7479 3.7092 3.7347 4.1448 4.0857 3.9025 3.6116 3.5859 
2017-07-03 01:52:01.586000 233705.115 3.389 6.104 50.725 6.021 34.312 53.113 4.052 3.6024 3.3947 27.7048 26.7491 3.7098 3.7348 4.1448 4.0858 3.9021 3.6117 3.5854 
2017-07-03 01:53:20.572000 233784.101 3.482 6.105 50.725 6.021 33.921 53.107 4.052 3.6023 3.3943 27.7035 26.7471 3.7091 3.7347 4.1448 4.0857 3.9022 3.6119 3.5856 
2017-07-03 01:54:39.108000 233862.637 3.47 6.103 50.724 6.021 33.94 53.112 4.051 3.6022 3.3944 27.7035 26.7477 3.7092 3.7347 4.1447 4.0859 3.9019 3.6119 3.5857 
2017-07-03 01:55:57.503000 233941.032 3.465 6.105 50.722 6.021 34.297 53.107 4.052 3.6027 3.3947 27.7038 26.7471 3.7093 3.7348 4.1448 4.0858 3.9022 3.6115 3.5856 
2017-07-03 01:57:15.959000 234019.488 3.286 6.104 50.723 6.021 34.28 53.105 4.052 3.6031 3.3948 27.7038 26.7479 3.7096 3.7348 4.1449 4.0857 3.9024 3.6118 3.5859 
2017-07-03 01:58:34.714000 234098.243 3.446 6.104 50.719 6.021 34.074 53.107 4.052 3.6025 3.3947 27.7023 26.7477 3.7092 3.7347 4.1449 4.0858 3.9021 3.6115 3.5859 
2017-07-03 01:59:53.840000 234177.369 3.358 6.104 50.719 6.021 33.519 53.105 4.053 3.6036 3.3953 27.7023 26.7474 3.7094 3.7349 4.1452 4.0857 3.9033 3.6113 3.5857 
2017-07-03 02:01:12.607000 234256.136 3.271 6.104 50.716 6.021 34.064 53.101 4.053 3.6032 3.395 27.7031 26.7477 3.7097 3.7352 4.1454 4.0858 3.903 3.6119 3.5858 
2017-07-03 02:02:31.323000 234334.852 3.27 6.104 50.721 6.021 34.092 53.103 4.052 3.6026 3.3944 27.7038 26.7486 3.7097 3.7352 4.1453 4.0859 3.902 3.6119 3.5863 
2017-07-03 02:03:44.377000 234407.906 3.374 6.104 50.72 6.021 33.518 53.103 4.052 3.6035 3.3946 27.7019 26.7477 3.7092 3.735 4.145 4.0857 3.9024 3.6123 3.5858 
2017-07-03 02:05:02.473000 234486.002 3.39 6.104 50.715 6.021 34.166 53.1 4.053 3.6037 3.395 27.7028 26.7471 3.7096 3.7351 4.1451 4.0857 3.9031 3.6114 3.5854 
2017-07-03 02:06:20.498000 234564.027 3.272 6.103 50.716 6.021 34.071 53.109 4.052 3.6035 3.395 27.7031 26.7474 3.7093 3.735 4.1451 4.0857 3.9022 3.6116 3.586 
2017-07-03 02:07:38.894000 234642.423 3.271 6.103 50.716 6.021 34.031 53.1 4.052 3.603 3.3949 27.7028 26.7474 3.709 3.735 4.145 4.0858 3.9021 3.6119 3.5856 
2017-07-03 02:08:57.399000 234720.928 3.272 6.104 50.716 6.021 33.996 53.1 4.051 3.6026 3.3942 27.7028 26.7479 3.7095 3.7348 4.1447 4.0858 3.9019 3.6117 3.586 
2017-07-03 02:10:16.325000 234799.854 3.394 6.112 50.716 6.021 34.313 53.097 4.051 3.6022 3.3936 27.7059 26.7479 3.7092 3.7347 4.1447 4.0859 3.9015 3.6115 3.586 
2017-07-03 02:11:35.221000 234878.75 3.483 6.113 50.713 6.021 33.716 53.098 4.051 3.6024 3.3931 27.7038 26.7471 3.709 3.7345 4.1445 4.0859 3.9013 3.6117 3.586 
2017-07-03 02:12:54.078000 234957.607 3.29 6.109 50.715 6.021 33.724 53.098 4.051 3.6013 3.393 27.7028 26.7474 3.7088 3.7343 4.1442 4.0856 3.9011 3.6113 3.5856 
2017-07-03 02:14:13.033000 235036.562 3.31 6.109 50.714 6.021 34.335 53.098 4.05 3.601 3.3923 27.7028 26.7483 3.709 3.734 4.1441 4.0858 3.9002 3.6119 3.5863 
2017-07-03 02:15:31.859000 235115.388 3.319 6.111 50.715 6.021 34.325 53.098 4.051 3.6013 3.3936 27.7031 26.7488 3.7091 3.7337 4.1438 4.0858 3.9008 3.6116 3.5858 
2017-07-03 02:16:50.445000 235193.974 3.28 6.107 50.713 6.021 34.259 53.095 4.051 3.6022 3.3935 27.7038 26.7479 3.7093 3.7336 4.1439 4.0859 3.9008 3.6115 3.5856 
2017-07-03 02:18:09.020000 235272.549 3.448 6.104 50.713 6.021 34.277 53.094 4.051 3.6018 3.3939 27.7023 26.7483 3.7095 3.7336 4.144 4.0857 3.9009 3.6118 3.5857 
2017-07-03 02:19:21.835000 235345.364 3.3 6.103 50.713 6.021 33.637 53.095 4.051 3.6014 3.3935 27.7023 26.7471 3.7091 3.7337 4.1441 4.0857 3.901 3.6114 3.5859 
2017-07-03 02:20:40.471000 235424.0 3.329 6.103 50.71 6.021 33.515 53.094 4.051 3.6017 3.3939 27.7035 26.7483 3.7093 3.7335 4.1441 4.0857 3.9012 3.6114 3.5858 
2017-07-03 02:21:59.036000 235502.565 3.269 6.105 50.711 6.021 33.52 53.095 4.051 3.6025 3.3942 27.7059 26.7474 3.7095 3.7336 4.1441 4.0859 3.9012 3.6117 3.5859 
2017-07-03 02:23:17.642000 235581.171 3.27 6.103 50.711 6.021 34.09 53.093 4.051 3.6019 3.3934 27.7041 26.7479 3.7099 3.7337 4.1441 4.0857 3.9014 3.6113 3.5864 
2017-07-03 02:24:36.258000 235659.787 3.27 6.103 50.713 6.021 34.107 53.094 4.051 3.6016 3.3929 27.7028 26.7474 3.7093 3.7338 4.144 4.0857 3.9011 3.6119 3.5858 
2017-07-03 02:25:54.894000 235738.423 3.269 6.103 50.711 6.021 34.078 53.093 4.051 3.6015 3.3931 27.7035 26.7468 3.7096 3.7337 4.1441 4.0857 3.9011 3.6119 3.5858 
2017-07-03 02:27:13.820000 235817.349 3.38 6.102 50.71 6.021 34.335 53.095 4.051 3.6012 3.3935 27.7038 26.7486 3.7094 3.7337 4.144 4.0857 3.9008 3.6122 3.5855 
2017-07-03 02:28:32.866000 235896.395 3.479 6.102 50.711 6.021 33.744 53.094 4.05 3.6009 3.3925 27.7035 26.7474 3.7094 3.7335 4.1438 4.0858 3.9006 3.6116 3.5861 
2017-07-03 02:29:51.881000 235975.41 3.295 6.105 50.709 6.021 33.672 53.09 4.051 3.6023 3.3946 27.7028 26.7471 3.7093 3.7336 4.1441 4.0858 3.902 3.6119 3.5858 
2017-07-03 02:31:10.767000 236054.296 3.302 6.103 50.707 6.021 34.331 53.091 4.05 3.6016 3.3941 27.7038 26.7486 3.7099 3.7337 4.1442 4.0858 3.9011 3.612 3.5854 
2017-07-03 02:32:29.933000 236133.462 3.318 6.102 50.71 6.021 33.943 53.086 4.051 3.6019 3.3938 27.7041 26.7468 3.7093 3.7337 4.1441 4.0858 3.9013 3.6116 3.5853 
2017-07-03 02:33:49.039000 236212.568 3.27 6.104 50.71 6.021 34.061 53.091 4.051 3.6017 3.3936 27.7023 26.7477 3.7091 3.7337 4.1442 4.0857 3.9013 3.612 3.5857 
2017-07-03 02:35:08.044000 236291.573 3.419 6.103 50.71 6.021 34.255 53.094 4.051 3.6021 3.3947 27.7035 26.7474 3.7101 3.7337 4.1442 4.0857 3.9013 3.612 3.5861 
2017-07-03 02:36:21.790000 236365.319 3.409 6.102 50.711 6.021 34.266 53.087 4.051 3.6018 3.3931 27.7009 26.7477 3.7095 3.7337 4.1441 4.0857 3.9011 3.6118 3.5858 
2017-07-03 02:37:40.886000 236444.415 3.468 6.103 50.71 6.021 33.704 53.091 4.051 3.6015 3.3933 27.7019 26.7471 3.7095 3.7334 4.144 4.0858 3.9008 3.6113 3.5858 
2017-07-03 02:38:59.671000 236523.2 3.29 6.104 50.71 6.021 33.723 53.091 4.051 3.6027 3.3937 27.7031 26.7474 3.7095 3.7334 4.1442 4.0857 3.902 3.6116 3.5857 
2017-07-03 02:40:18.507000 236602.036 3.312 6.107 50.706 6.021 33.565 53.088 4.051 3.6021 3.3937 27.7023 26.7474 3.7093 3.7335 4.1443 4.0857 3.9015 3.612 3.5857 
2017-07-03 02:41:38.073000 236681.602 3.357 6.113 50.705 6.021 33.51 53.084 4.052 3.6036 3.395 27.7028 26.7471 3.7092 3.7336 4.1445 4.0857 3.9027 3.612 3.5857 
2017-07-03 02:42:57.309000 236760.838 3.273 6.111 50.707 6.021 33.998 53.085 4.052 3.6027 3.3943 27.7041 26.7474 3.7091 3.7339 4.1449 4.0857 3.9024 3.6124 3.5855 
2017-07-03 02:44:16.475000 236840.004 3.467 6.111 50.707 6.021 34.294 53.086 4.052 3.6024 3.394 27.7048 26.7486 3.7097 3.7338 4.1448 4.0859 3.9018 3.6115 3.5859 
2017-07-03 02:45:35.580000 236919.109 3.308 6.108 50.706 6.021 33.622 53.087 4.052 3.6032 3.3944 27.7048 26.7477 3.7094 3.7337 4.1447 4.0857 3.9025 3.6118 3.5861 
2017-07-03 02:46:54.886000 236998.415 3.272 6.107 50.703 6.021 34.153 53.086 4.052 3.6026 3.3944 27.7051 26.7471 3.7095 3.7339 4.1449 4.0858 3.9023 3.6116 3.5858 
2017-07-03 02:48:14.153000 237077.682 3.432 6.107 50.705 6.021 33.61 53.086 4.053 3.6036 3.3952 27.7045 26.7471 3.7089 3.7337 4.1449 4.0858 3.9027 3.6114 3.5859 
2017-07-03 02:49:33.209000 237156.738 3.282 6.105 50.706 6.021 33.893 53.088 4.052 3.6028 3.3944 27.7048 26.7468 3.7096 3.734 4.145 4.0859 3.9024 3.6115 3.5861 
2017-07-03 02:50:52.514000 237236.043 3.332 6.106 50.702 6.021 34.328 53.083 4.052 3.6027 3.3943 27.7045 26.7488 3.7099 3.7337 4.1449 4.0858 3.9021 3.6117 3.5856 
2017-07-03 02:52:06.099000 237309.628 3.483 6.105 50.704 6.021 34.33 53.086 4.052 3.603 3.395 27.7013 26.7468 3.7098 3.7337 4.145 4.0858 3.9023 3.6118 3.5861 
2017-07-03 02:53:25.035000 237388.564 3.451 6.103 50.707 6.021 34.099 53.088 4.052 3.6026 3.3942 27.7031 26.7468 3.7092 3.7337 4.1448 4.0858 3.902 3.6117 3.5858 
2017-07-03 02:54:44.301000 237467.83 3.273 6.104 50.705 6.021 34.009 53.095 4.051 3.6027 3.394 27.7035 26.7471 3.7098 3.7336 4.1446 4.0859 3.9012 3.612 3.5856 
2017-07-03 02:56:03.716000 237547.245 3.488 6.104 50.706 6.021 33.777 53.088 4.051 3.602 3.394 27.7048 26.7464 3.7095 3.7334 4.1444 4.0858 3.9014 3.6119 3.586 
2017-07-03 02:57:23.102000 237626.631 3.295 6.104 50.705 6.021 33.672 53.089 4.051 3.6024 3.3951 27.7045 26.7474 3.7099 3.7333 4.1443 4.0859 3.9017 3.6115 3.5858 
2017-07-03 02:58:42.298000 237705.827 3.467 6.104 50.707 6.021 34.015 53.087 4.051 3.6024 3.3943 27.7041 26.7483 3.7094 3.7334 4.1445 4.0858 3.9014 3.6117 3.5857 
2017-07-03 03:00:01.015000 237784.544 3.462 6.104 50.708 6.021 34.036 53.091 4.051 3.6018 3.3934 27.7028 26.7486 3.7097 3.7332 4.1444 4.0858 3.9008 3.6116 3.5862 
2017-07-03 03:01:20.400000 237863.929 3.269 6.105 50.707 6.021 34.135 53.087 4.05 3.6024 3.3935 27.7048 26.7483 3.7094 3.7331 4.1443 4.0858 3.901 3.6116 3.586 
2017-07-03 03:02:40.056000 237943.585 3.414 6.106 50.707 6.021 33.588 53.093 4.051 3.6017 3.3936 27.7038 26.7474 3.7097 3.7329 4.144 4.086 3.9012 3.6118 3.5858 
2017-07-03 03:03:59.592000 238023.121 3.489 6.108 50.708 6.021 34.323 53.088 4.05 3.6019 3.3933 27.7028 26.7488 3.7091 3.7326 4.1439 4.0858 3.9005 3.6119 3.5861 
2017-07-03 03:05:18.258000 238101.787 3.488 6.103 50.708 6.021 33.802 53.09 4.051 3.6016 3.3936 27.7048 26.7483 3.7091 3.7326 4.1438 4.0859 3.9007 3.6118 3.5857 
2017-07-03 03:06:38.194000 238181.723 3.46 6.103 50.709 6.021 34.044 53.093 4.051 3.6019 3.3944 27.7048 26.7474 3.7095 3.7327 4.144 4.0857 3.9012 3.6114 3.5854 
2017-07-03 03:07:51.768000 238255.297 3.461 6.105 50.71 6.021 34.045 53.091 4.05 3.6014 3.3929 27.7045 26.7474 3.7096 3.7327 4.1438 4.0858 3.9007 3.6126 3.5858 
2017-07-03 03:09:11.024000 238334.553 3.416 6.104 50.71 6.021 33.605 53.092 4.05 3.6015 3.3933 27.7041 26.7479 3.7097 3.7324 4.144 4.0859 3.9009 3.6121 3.5855 
2017-07-03 03:10:30.550000 238414.079 3.356 6.103 50.71 6.021 34.323 53.093 4.051 3.6023 3.3941 27.7045 26.7477 3.7091 3.7324 4.144 4.0857 3.9015 3.6118 3.5856 
2017-07-03 03:11:50.037000 238493.566 3.305 6.104 50.71 6.021 33.61 53.093 4.051 3.602 3.3942 27.7048 26.7483 3.7091 3.7324 4.1441 4.0859 3.9013 3.6115 3.5859 
2017-07-03 03:13:09.553000 238573.082 3.459 6.105 50.712 6.021 34.061 53.102 4.051 3.6022 3.394 27.7035 26.7501 3.7092 3.7324 4.1441 4.086 3.9013 3.6121 3.5859 
2017-07-03 03:14:29.559000 238653.088 3.421 6.105 50.713 6.021 34.242 53.098 4.051 3.6022 3.3935 27.7038 26.7483 3.7089 3.7323 4.144 4.0858 3.9008 3.6112 3.5859 
2017-07-03 03:15:48.884000 238732.413 3.287 6.106 50.712 6.021 33.814 53.094 4.051 3.602 3.3941 27.7023 26.7479 3.7094 3.7324 4.144 4.0857 3.9016 3.6121 3.5861 
2017-07-03 03:17:08.470000 238811.999 3.485 6.113 50.711 6.021 33.85 53.09 4.051 3.6024 3.3938 27.7041 26.7486 3.71 3.7327 4.1441 4.0859 3.9013 3.6117 3.5859 
2017-07-03 03:18:28.096000 238891.625 3.27 6.122 50.713 6.021 34.068 53.098 4.051 3.6018 3.3938 27.7028 26.7483 3.7094 3.7328 4.1443 4.0859 3.9016 3.6121 3.5856 
2017-07-03 03:19:48.032000 238971.561 3.286 6.118 50.716 6.021 33.77 53.097 4.051 3.6018 3.3933 27.7035 26.7486 3.7095 3.7327 4.1441 4.0859 3.9016 3.6115 3.5858 
2017-07-03 03:21:07.258000 239050.787 3.463 6.112 50.713 6.021 34.029 53.088 4.051 3.6021 3.3936 27.7031 26.7483 3.7091 3.7326 4.1443 4.0859 3.9014 3.6115 3.5859 
2017-07-03 03:22:20.452000 239123.981 3.282 6.11 50.713 6.021 34.264 53.097 4.051 3.6031 3.3947 27.7031 26.7474 3.7093 3.7326 4.1443 4.086 3.9018 3.612 3.5857 
2017-07-03 03:23:39.289000 239202.818 3.45 6.108 50.715 6.021 34.095 53.088 4.051 3.6017 3.3933 27.7028 26.7471 3.709 3.7325 4.1442 4.0859 3.9007 3.6119 3.5856 
2017-07-03 03:24:58.495000 239282.024 3.365 6.107 50.718 6.021 33.525 53.097 4.051 3.6019 3.3937 27.7048 26.7486 3.7098 3.7323 4.1441 4.0858 3.9014 3.6117 3.5854 
2017-07-03 03:26:17.851000 239361.38 3.392 6.104 50.716 6.021 34.282 53.099 4.05 3.6024 3.3936 27.7041 26.7488 3.7098 3.7323 4.1441 4.0859 3.9009 3.6111 3.5864 
2017-07-03 03:27:37.156000 239440.685 3.288 6.103 50.714 6.021 33.728 53.094 4.051 3.6021 3.3938 27.7035 26.7483 3.7095 3.7324 4.1443 4.0859 3.9017 3.6118 3.5861 
2017-07-03 03:28:56.702000 239520.231 3.474 6.101 50.716 6.021 34.334 53.095 4.051 3.6025 3.3937 27.7028 26.7483 3.7096 3.7323 4.1441 4.086 3.9009 3.612 3.5857 
2017-07-03 03:30:15.968000 239599.497 3.327 6.101 50.718 6.021 33.551 53.094 4.052 3.6023 3.3943 27.7019 26.7486 3.7095 3.7323 4.1441 4.0858 3.9017 3.6117 3.586 
2017-07-03 03:31:35.624000 239679.153 3.404 6.104 50.714 6.021 34.143 53.093 4.051 3.6028 3.3943 27.7031 26.7486 3.7096 3.7324 4.1443 4.0859 3.9017 3.612 3.5865 
2017-07-03 03:32:54.240000 239757.769 3.419 6.103 50.716 6.021 33.549 53.097 4.052 3.6026 3.3948 27.7038 26.7477 3.7095 3.7324 4.1444 4.0859 3.902 3.6121 3.5857 
2017-07-03 03:34:13.895000 239837.424 3.378 6.103 50.713 6.021 34.326 53.104 4.052 3.6029 3.3955 27.7038 26.7486 3.7099 3.7326 4.1448 4.0859 3.9025 3.6121 3.5863 
2017-07-03 03:35:33.012000 239916.541 3.484 6.107 50.714 6.021 33.766 53.095 4.052 3.6026 3.3948 27.7031 26.7488 3.7095 3.7328 4.1449 4.0859 3.9018 3.6118 3.5858 
2017-07-03 03:36:52.418000 239995.947 3.306 6.105 50.715 6.021 34.327 53.101 4.052 3.6028 3.3949 27.7045 26.7491 3.7096 3.7329 4.1448 4.0859 3.9024 3.6122 3.5859 
2017-07-03 03:38:05.933000 240069.462 3.309 6.103 50.715 6.021 34.328 53.097 4.052 3.6027 3.3941 27.7019 26.7474 3.7096 3.733 4.1449 4.0859 3.9024 3.6117 3.5861 
2017-07-03 03:39:24.928000 240148.457 3.465 6.102 50.714 6.021 33.975 53.1 4.051 3.6021 3.3936 27.7028 26.7486 3.7097 3.7328 4.1447 4.086 3.9016 3.612 3.5856 
2017-07-03 03:40:44.314000 240227.843 3.27 6.103 50.716 6.021 34.082 53.102 4.051 3.6019 3.394 27.7023 26.7479 3.7096 3.7326 4.1445 4.086 3.9017 3.612 3.5862 
2017-07-03 03:42:03.690000 240307.219 3.491 6.105 50.713 6.021 34.32 53.097 4.052 3.603 3.3947 27.7038 26.7471 3.7091 3.7327 4.1447 4.0859 3.9027 3.6115 3.5858 
2017-07-03 03:43:23.036000 240386.565 3.305 6.104 50.713 6.021 33.652 53.097 4.053 3.6033 3.3956 27.7035 26.7496 3.7091 3.7328 4.145 4.0858 3.903 3.6114 3.5858 
2017-07-03 03:44:42.072000 240465.601 3.281 6.105 50.71 6.021 34.275 53.094 4.052 3.603 3.3947 27.7023 26.7486 3.7092 3.7332 4.1452 4.0861 3.9029 3.6123 3.5859 
2017-07-03 03:46:01.397000 240544.926 3.36 6.105 50.713 6.021 33.534 53.1 4.052 3.6032 3.3947 27.7035 26.7498 3.7093 3.7333 4.1452 4.0861 3.9026 3.612 3.586 
2017-07-03 03:47:20.594000 240624.123 3.271 6.106 50.711 6.021 34.048 53.091 4.052 3.6038 3.3947 27.7031 26.7474 3.7101 3.7333 4.1451 4.0859 3.9027 3.6121 3.5862 
2017-07-03 03:48:41.220000 240704.749 3.465 6.105 50.714 6.021 34.294 53.097 4.052 3.6027 3.3953 27.7038 26.7483 3.709 3.7332 4.145 4.0859 3.9022 3.6119 3.5864 
2017-07-03 03:50:01.826000 240785.355 3.446 6.106 50.714 6.021 33.652 53.09 4.052 3.6023 3.3941 27.7035 26.7471 3.7096 3.7331 4.1449 4.086 3.9018 3.6117 3.5861 
2017-07-03 03:51:22.652000 240866.181 3.284 6.108 50.713 6.021 33.611 53.093 4.052 3.6029 3.3945 27.7038 26.7491 3.7098 3.7332 4.1449 4.086 3.9021 3.6122 3.5865 
2017-07-03 03:52:37.287000 240940.816 3.356 6.106 50.713 6.021 33.524 53.097 4.052 3.6029 3.3944 27.7045 26.7486 3.7096 3.7331 4.145 4.086 3.9022 3.6119 3.5862 
2017-07-03 03:53:58.384000 241021.913 3.28 6.106 50.712 6.021 34.269 53.094 4.052 3.6028 3.3951 27.7062 26.7477 3.7103 3.7332 4.1451 4.086 3.9025 3.6123 3.586 
2017-07-03 03:55:18.840000 241102.369 3.402 6.108 50.713 6.021 34.27 53.102 4.051 3.6022 3.3937 27.7051 26.7479 3.7096 3.7332 4.1449 4.086 3.9017 3.6123 3.5859 
2017-07-03 03:56:39.606000 241183.135 3.459 6.107 50.714 6.021 34.057 53.097 4.051 3.6024 3.3939 27.7048 26.7488 3.7097 3.7331 4.1446 4.0861 3.9015 3.6118 3.5861 
2017-07-03 03:57:59.612000 241263.141 3.422 6.106 50.715 6.021 34.233 53.101 4.052 3.6032 3.3947 27.7035 26.7483 3.7094 3.7331 4.1447 4.086 3.902 3.6124 3.5854 
2017-07-03 03:59:20.296000 241343.825 3.307 6.105 50.715 6.021 33.608 53.097 4.051 3.602 3.394 27.7038 26.7479 3.7097 3.7329 4.1446 4.0861 3.9017 3.6124 3.5862 
2017-07-03 04:00:40.542000 241424.071 3.362 6.106 50.718 6.021 33.522 53.1 4.051 3.602 3.3934 27.7038 26.7479 3.7096 3.7327 4.1443 4.0859 3.9012 3.612 3.5863 
2017-07-03 04:02:00.448000 241503.977 3.464 6.106 50.716 6.021 33.653 53.094 4.051 3.602 3.3938 27.7031 26.7471 3.7098 3.7326 4.1444 4.086 3.9012 3.6121 3.5861 
2017-07-03 04:03:20.338000 241583.867 3.48 6.106 50.718 6.021 33.934 53.098 4.051 3.6017 3.3942 27.7028 26.7486 3.7096 3.7327 4.1442 4.086 3.9009 3.6119 3.5863 
2017-07-03 04:04:40.034000 241663.563 3.271 6.107 50.717 6.021 34.185 53.101 4.05 3.6013 3.3932 27.7031 26.7474 3.7094 3.7325 4.144 4.086 3.901 3.612 3.5859 
2017-07-03 04:06:00.065000 241743.594 3.283 6.111 50.718 6.021 33.794 53.1 4.05 3.6012 3.3929 27.7028 26.7483 3.7099 3.7322 4.1438 4.0858 3.9007 3.6119 3.5859 
2017-07-03 04:07:14.130000 241817.659 3.311 6.122 50.718 6.021 34.337 53.095 4.05 3.6014 3.3939 27.7016 26.7471 3.7095 3.7321 4.1438 4.0861 3.9009 3.6126 3.586 
2017-07-03 04:08:33.996000 241897.525 3.273 6.129 50.719 6.021 34.234 53.106 4.049 3.6003 3.3918 27.7038 26.7471 3.7099 3.732 4.1434 4.086 3.8996 3.612 3.5859 
2017-07-03 04:09:53.872000 241977.401 3.267 6.132 50.72 6.021 34.089 53.1 4.049 3.6006 3.3912 27.7019 26.7483 3.71 3.7315 4.1432 4.0859 3.8994 3.6119 3.5858 
2017-07-03 04:11:14.128000 242057.657 3.278 6.133 50.719 6.021 33.836 53.097 4.049 3.6002 3.392 27.7035 26.7477 3.7096 3.7312 4.1429 4.086 3.8995 3.6119 3.5858 
2017-07-03 04:12:34.004000 242137.533 3.305 6.134 50.72 6.021 33.596 53.1 4.049 3.6003 3.392 27.7019 26.7477 3.71 3.7311 4.1428 4.086 3.8996 3.6112 3.5857 
2017-07-03 04:13:53.650000 242217.179 3.345 6.135 50.72 6.021 34.082 53.1 4.05 3.601 3.3923 27.7031 26.7488 3.7097 3.731 4.1429 4.0859 3.8997 3.612 3.5861 
2017-07-03 04:15:13.436000 242296.965 3.416 6.135 50.719 6.021 34.252 53.101 4.05 3.6006 3.3925 27.7016 26.7474 3.7099 3.731 4.1429 4.086 3.8999 3.6123 3.586 
2017-07-03 04:16:33.282000 242376.811 3.287 6.136 50.719 6.021 34.308 53.102 4.051 3.6011 3.3929 27.7028 26.7474 3.7098 3.7311 4.1431 4.0859 3.9007 3.6123 3.5857 
2017-07-03 04:17:53.521000 242457.05 3.268 6.136 50.718 6.021 34.186 53.106 4.05 3.6015 3.3928 27.7019 26.7488 3.7098 3.7313 4.1433 4.086 3.9006 3.612 3.5865 
2017-07-03 04:19:13.867000 242537.396 3.293 6.136 50.719 6.021 34.308 53.1 4.05 3.6012 3.3927 27.7028 26.7483 3.7095 3.7315 4.1434 4.0859 3.9006 3.6119 3.5864 
2017-07-03 04:20:33.455000 242616.984 3.333 6.136 50.719 6.021 33.529 53.101 4.05 3.6009 3.3928 27.7035 26.7479 3.709 3.7315 4.1434 4.0859 3.9 3.612 3.5861 
2017-07-03 04:21:53.242000 242696.771 3.447 6.135 50.721 6.021 34.26 53.105 4.05 3.6009 3.3934 27.7023 26.7479 3.7095 3.7314 4.1433 4.086 3.9004 3.6117 3.5859 
2017-07-03 04:23:13.139000 242776.668 3.308 6.134 50.716 6.021 34.335 53.097 4.05 3.601 3.393 27.7031 26.7471 3.7099 3.7315 4.1434 4.0857 3.9007 3.6124 3.5855 
2017-07-03 04:24:27.054000 242850.583 3.48 6.132 50.717 6.021 33.873 53.1 4.051 3.6024 3.3934 27.7041 26.7477 3.7095 3.7316 4.1435 4.0859 3.9009 3.6115 3.5863 
2017-07-03 04:25:46.921000 242930.45 3.415 6.13 50.717 6.021 34.259 53.097 4.051 3.6014 3.3936 27.7031 26.7471 3.7094 3.7319 4.1437 4.0859 3.9011 3.6119 3.5857 
2017-07-03 04:27:06.607000 243010.136 3.3 6.123 50.716 6.021 33.694 53.097 4.05 3.6011 3.393 27.7019 26.7461 3.7103 3.7318 4.1436 4.0859 3.9004 3.6119 3.5859 
2017-07-03 04:28:26.903000 243090.432 3.269 6.116 50.718 6.021 34.18 53.101 4.049 3.601 3.3915 27.7031 26.7468 3.7095 3.7316 4.1434 4.0859 3.8998 3.6121 3.586 
2017-07-03 04:29:46.948000 243170.477 3.289 6.112 50.719 6.021 33.774 53.105 4.049 3.6002 3.392 27.7035 26.7455 3.7091 3.7313 4.1429 4.086 3.8996 3.6121 3.5857 
2017-07-03 04:31:07.112000 243250.641 3.316 6.109 50.719 6.021 33.567 53.092 4.05 3.6013 3.3931 27.7028 26.7461 3.7094 3.7312 4.1431 4.0859 3.9007 3.6122 3.586 
2017-07-03 04:32:27.158000 243330.687 3.399 6.106 50.716 6.021 33.564 53.102 4.05 3.6005 3.3925 27.7016 26.7461 3.7095 3.7314 4.1432 4.0859 3.9001 3.612 3.5852 
2017-07-03 04:33:46.897000 243410.426 3.482 6.105 50.719 6.021 33.706 53.098 4.05 3.6005 3.3926 27.7038 26.7461 3.7099 3.7313 4.1431 4.0859 3.9001 3.612 3.5861 
2017-07-03 04:35:06.897000 243490.426 3.45 6.105 50.716 6.021 34.103 53.097 4.05 3.601 3.3926 27.7038 26.7474 3.7095 3.7314 4.1434 4.0859 3.9005 3.6115 3.5861 
2017-07-03 04:36:27.634000 243571.163 3.473 6.106 50.716 6.021 33.72 53.099 4.05 3.6013 3.393 27.7048 26.7453 3.7093 3.7314 4.1433 4.086 3.9005 3.6117 3.5861 
2017-07-03 04:37:47.970000 243651.499 3.312 6.105 50.715 6.021 33.582 53.101 4.05 3.6013 3.3925 27.7045 26.7468 3.7093 3.7322 4.1433 4.0859 3.9002 3.6126 3.5862 
2017-07-03 04:39:08.325000 243731.854 3.268 6.105 50.719 6.021 33.553 53.1 4.049 3.5998 3.3915 27.7059 26.7461 3.7098 3.7324 4.143 4.0861 3.899 3.612 3.5857 
2017-07-03 04:40:28.100000 243811.629 3.484 6.104 50.72 6.021 33.828 53.1 4.048 3.5997 3.3908 27.7031 26.7453 3.7098 3.7322 4.1425 4.0858 3.8987 3.6122 3.5856 
2017-07-03 04:43:38.858000 244002.387 3.286 6.101 50.72 6.021 33.679 53.1 4.049 3.6003 3.3913 27.7045 26.745 3.7096 3.7324 4.1425 4.0857 3.899 3.6122 3.586 
2017-07-03 04:44:58.965000 244082.494 3.312 6.101 50.716 6.021 33.564 53.093 4.049 3.5999 3.3914 27.7038 26.7464 3.7092 3.7323 4.1425 4.086 3.8994 3.6113 3.5866 
2017-07-03 04:46:18.771000 244162.3 3.446 6.102 50.713 6.021 34.115 53.1 4.05 3.6009 3.3924 27.7038 26.7461 3.7095 3.7326 4.1428 4.0859 3.9004 3.612 3.5861 
2017-07-03 04:47:39.177000 244242.706 3.476 6.101 50.715 6.021 33.758 53.094 4.049 3.6009 3.3916 27.7035 26.7474 3.7094 3.7326 4.1429 4.0859 3.8991 3.612 3.5858 
2017-07-03 04:48:59.273000 244322.802 3.322 6.101 50.715 6.021 33.993 53.098 4.049 3.5998 3.392 27.7048 26.745 3.7096 3.7327 4.1426 4.0859 3.8992 3.6121 3.5859 
2017-07-03 04:50:19.339000 244402.868 3.465 6.101 50.717 6.021 34.304 53.096 4.048 3.5993 3.3907 27.7023 26.7459 3.7102 3.7326 4.1424 4.086 3.8988 3.6114 3.5862 
2017-07-03 04:51:38.965000 244482.494 3.275 6.101 50.718 6.021 34.268 53.095 4.048 3.5996 3.39 27.7016 26.7455 3.7099 3.7322 4.1422 4.0858 3.8984 3.6121 3.586 
2017-07-03 04:52:59.101000 244562.63 3.268 6.102 50.715 6.021 34.065 53.097 4.048 3.5995 3.3906 27.7035 26.7446 3.7094 3.7321 4.1421 4.086 3.8988 3.6119 3.5862 
2017-07-03 04:54:19.237000 244642.766 3.283 6.101 50.716 6.02 33.771 53.095 4.049 3.5997 3.3915 27.7023 26.7455 3.7101 3.7321 4.1421 4.0858 3.8991 3.6125 3.5854 
2017-07-03 04:55:39.433000 244722.962 3.269 6.101 50.713 6.021 34.218 53.094 4.048 3.5988 3.3904 27.7035 26.7455 3.71 3.732 4.142 4.0857 3.8981 3.612 3.5858 
2017-07-03 04:56:59.710000 244803.239 3.271 6.101 50.714 6.02 33.929 53.094 4.048 3.5995 3.3903 27.7019 26.7468 3.7098 3.7318 4.1418 4.0857 3.8985 3.6118 3.5862 
2017-07-03 04:58:13.905000 244877.434 3.48 6.104 50.713 6.02 33.755 53.093 4.048 3.5989 3.3906 27.7041 26.7461 3.71 3.7318 4.1417 4.0859 3.8984 3.612 3.5861 
2017-07-03 04:59:34.511000 244958.04 3.319 6.105 50.713 6.021 33.537 53.09 4.048 3.5994 3.3907 27.7056 26.7461 3.7094 3.7318 4.142 4.0858 3.8988 3.6128 3.5851 
2017-07-03 05:00:55.127000 245038.656 3.27 6.101 50.71 6.02 33.957 53.091 4.048 3.5997 3.3913 27.7023 26.7461 3.7103 3.7319 4.1419 4.0857 3.899 3.6118 3.5858 
2017-07-03 05:02:15.383000 245118.912 3.303 6.101 50.711 6.02 34.338 53.091 4.048 3.5993 3.391 27.7019 26.7453 3.7092 3.732 4.142 4.0858 3.8987 3.612 3.5859 
2017-07-03 05:03:35.709000 245199.238 3.271 6.102 50.71 6.02 34.213 53.09 4.048 3.5999 3.3909 27.7028 26.7461 3.71 3.7321 4.142 4.0857 3.8987 3.6118 3.5859 
2017-07-03 05:04:55.885000 245279.414 3.395 6.102 50.708 6.02 34.274 53.09 4.049 3.5998 3.3912 27.7031 26.7464 3.7102 3.7321 4.1422 4.0858 3.8991 3.6118 3.5857 
2017-07-03 05:06:16.211000 245359.74 3.314 6.101 50.711 6.02 34.347 53.09 4.048 3.5994 3.3912 27.7019 26.7455 3.7095 3.7322 4.1421 4.0857 3.8988 3.6123 3.5858 
2017-07-03 05:07:36.617000 245440.146 3.445 6.101 50.71 6.02 34.121 53.09 4.049 3.5995 3.391 27.7019 26.7453 3.7092 3.7322 4.142 4.0858 3.8992 3.612 3.5857 
2017-07-03 05:08:56.844000 245520.373 3.475 6.101 50.71 6.02 33.739 53.09 4.049 3.6005 3.3911 27.7023 26.7455 3.7098 3.7321 4.1421 4.0859 3.8994 3.6122 3.5861 
2017-07-03 05:10:16.890000 245600.419 3.469 6.106 50.709 6.02 33.992 53.088 4.048 3.5996 3.3911 27.7019 26.7464 3.7095 3.7323 4.1423 4.0858 3.8991 3.6122 3.5859 
2017-07-03 05:11:37.106000 245680.635 3.432 6.107 50.709 6.02 34.179 53.089 4.048 3.5993 3.3909 27.7035 26.7453 3.71 3.7323 4.1422 4.0858 3.8989 3.6118 3.5858 
2017-07-03 05:12:57.482000 245761.011 3.485 6.103 50.71 6.02 33.803 53.088 4.048 3.5991 3.3905 27.7035 26.7459 3.7094 3.7321 4.142 4.0859 3.8988 3.6122 3.5857 
2017-07-03 05:14:11.576000 245835.105 3.314 6.102 50.709 6.02 33.542 53.087 4.048 3.5996 3.3917 27.7023 26.7455 3.7099 3.732 4.1419 4.0858 3.8987 3.6123 3.5854 
2017-07-03 05:15:31.772000 245915.301 3.447 6.102 50.708 6.02 33.662 53.086 4.048 3.5993 3.3909 27.7041 26.7461 3.7095 3.7323 4.1422 4.0857 3.8989 3.612 3.5859 
2017-07-03 05:16:52.158000 245995.687 3.308 6.103 50.708 6.02 33.62 53.088 4.048 3.5995 3.3907 27.7031 26.7461 3.7097 3.7324 4.1422 4.0857 3.8987 3.6123 3.5856 
2017-07-03 05:18:12.334000 246075.863 3.269 6.102 50.707 6.02 33.505 53.088 4.049 3.6003 3.392 27.7038 26.7446 3.7096 3.7321 4.1423 4.0857 3.8996 3.6122 3.5862 
2017-07-03 05:19:32.660000 246156.189 3.281 6.105 50.707 6.02 33.852 53.083 4.049 3.5997 3.3922 27.7013 26.7464 3.7094 3.7325 4.1423 4.0857 3.899 3.6125 3.5855 
2017-07-03 05:20:52.697000 246236.226 3.303 6.102 50.707 6.02 33.652 53.085 4.049 3.5997 3.3911 27.7016 26.7461 3.71 3.7325 4.1424 4.0857 3.8991 3.6118 3.5861 
2017-07-03 05:22:13.203000 246316.732 3.268 6.101 50.707 6.02 34.015 53.086 4.048 3.5996 3.391 27.7009 26.7453 3.7103 3.7325 4.1424 4.0857 3.8986 3.6123 3.5861 
2017-07-03 05:23:33.669000 246397.198 3.304 6.102 50.707 6.02 34.339 53.085 4.048 3.5995 3.3913 27.7023 26.745 3.7102 3.7323 4.1422 4.0858 3.899 3.6121 3.5855 
2017-07-03 05:24:53.725000 246477.254 3.269 6.102 50.707 6.02 34.153 53.087 4.049 3.5996 3.392 27.7013 26.745 3.7098 3.7324 4.1421 4.0857 3.8993 3.6124 3.5857 
2017-07-03 05:26:13.281000 246556.81 3.273 6.103 50.706 6.02 33.561 53.086 4.049 3.6004 3.3921 27.7013 26.7459 3.7099 3.7327 4.1425 4.0858 3.9001 3.6124 3.5861 
2017-07-03 05:27:33.887000 246637.416 3.29 6.104 50.707 6.02 34.302 53.088 4.049 3.6003 3.3917 27.7013 26.7455 3.7096 3.7328 4.1426 4.0857 3.8996 3.6117 3.5859 
2017-07-03 05:28:48.432000 246711.961 3.327 6.104 50.708 6.02 33.556 53.088 4.049 3.5999 3.3912 27.7006 26.7461 3.7098 3.7328 4.1426 4.0859 3.8996 3.6122 3.5859 
2017-07-03 05:30:08.898000 246792.427 3.277 6.104 50.708 6.02 33.914 53.089 4.048 3.6003 3.3912 27.7013 26.7446 3.7096 3.7326 4.1423 4.0861 3.899 3.612 3.5859 
2017-07-03 05:31:29.664000 246873.193 3.269 6.106 50.707 6.02 34.163 53.087 4.048 3.599 3.3913 27.7019 26.7453 3.7099 3.7323 4.142 4.086 3.8985 3.6118 3.586 
2017-07-03 05:32:50.281000 246953.81 3.481 6.105 50.709 6.02 34.314 53.088 4.049 3.5998 3.3915 27.7035 26.7464 3.7103 3.7322 4.1421 4.0858 3.8991 3.612 3.5859 
2017-07-03 05:34:10.867000 247034.396 3.318 6.104 50.708 6.02 33.553 53.085 4.049 3.5998 3.3915 27.7028 26.7455 3.7098 3.7323 4.1422 4.0859 3.8992 3.6125 3.5858 
2017-07-03 05:35:31.203000 247114.732 3.412 6.104 50.707 6.02 33.549 53.087 4.049 3.5997 3.3913 27.7031 26.7437 3.709 3.7324 4.1423 4.0858 3.8993 3.6119 3.5858 
2017-07-03 05:36:51.689000 247195.218 3.294 6.104 50.705 6.02 33.681 53.085 4.049 3.6005 3.3918 27.7038 26.7455 3.7094 3.7326 4.1425 4.0858 3.8998 3.6123 3.586 
2017-07-03 05:38:12.435000 247275.964 3.422 6.103 50.708 6.02 34.239 53.084 4.049 3.6004 3.3923 27.7028 26.7459 3.7097 3.7327 4.1427 4.0858 3.8996 3.612 3.586 
2017-07-03 05:39:33.031000 247356.56 3.466 6.103 50.707 6.02 33.948 53.085 4.05 3.6014 3.3923 27.7045 26.7459 3.7098 3.7329 4.1427 4.0859 3.9003 3.6124 3.586 
2017-07-03 05:40:53.728000 247437.257 3.438 6.106 50.704 6.02 33.637 53.084 4.05 3.6013 3.3933 27.7069 26.7461 3.7096 3.7331 4.1431 4.0859 3.9007 3.6125 3.5862 
2017-07-03 05:42:14.644000 247518.173 3.269 6.103 50.706 6.02 34.165 53.087 4.049 3.6003 3.3927 27.7059 26.7471 3.71 3.733 4.143 4.0859 3.8995 3.6117 3.5857 
2017-07-03 05:43:35.580000 247599.109 3.484 6.105 50.706 6.02 33.712 53.085 4.05 3.6009 3.3927 27.7048 26.7468 3.7096 3.7331 4.1429 4.0859 3.9003 3.6124 3.5859 
2017-07-03 05:44:55.897000 247679.426 3.33 6.105 50.705 6.02 33.542 53.085 4.049 3.6006 3.3924 27.7051 26.7461 3.7096 3.7332 4.143 4.0857 3.8999 3.6125 3.5861 
2017-07-03 05:46:10.392000 247753.921 3.426 6.107 50.706 6.02 34.176 53.086 4.05 3.6007 3.3922 27.7041 26.7461 3.7101 3.7333 4.1429 4.086 3.8998 3.6125 3.5859 
2017-07-03 05:47:31.348000 247834.877 3.302 6.104 50.708 6.02 33.847 53.088 4.049 3.6002 3.392 27.7038 26.7471 3.71 3.7332 4.1429 4.0858 3.8997 3.6122 3.5857 
2017-07-03 05:48:52.124000 247915.653 3.278 6.105 50.707 6.02 33.864 53.088 4.05 3.6009 3.3922 27.7059 26.7464 3.7099 3.7332 4.1428 4.086 3.9003 3.612 3.5859 
2017-07-03 05:50:13 247996.529 3.453 6.104 50.705 6.02 34.086 53.087 4.05 3.6012 3.3931 27.7048 26.7461 3.7092 3.7333 4.1431 4.0859 3.9004 3.6123 3.5859 
2017-07-03 05:51:33.716000 248077.245 3.446 6.105 50.706 6.02 33.658 53.087 4.05 3.6004 3.3919 27.7035 26.7459 3.7102 3.7333 4.143 4.0858 3.9 3.6121 3.5858 
2017-07-03 05:52:54.462000 248157.991 3.282 6.109 50.708 6.02 34.262 53.088 4.05 3.6007 3.3921 27.7028 26.7459 3.7102 3.7332 4.1429 4.0859 3.8999 3.6119 3.5859 
2017-07-03 05:54:15.388000 248238.917 3.442 6.117 50.708 6.02 33.602 53.086 4.05 3.6013 3.3925 27.7038 26.7461 3.7095 3.7334 4.1432 4.0859 3.9005 3.6121 3.5865 
2017-07-03 05:55:36.145000 248319.674 3.301 6.117 50.708 6.02 33.629 53.086 4.05 3.6019 3.3927 27.7035 26.7477 3.7094 3.7333 4.1432 4.0859 3.9007 3.6122 3.586 
2017-07-03 05:56:56.931000 248400.46 3.41 6.115 50.707 6.02 34.241 53.087 4.051 3.6021 3.394 27.7035 26.7459 3.7099 3.7336 4.1434 4.086 3.9007 3.6126 3.5862 
2017-07-03 05:58:17.227000 248480.756 3.333 6.116 50.708 6.02 34.338 53.088 4.05 3.6012 3.393 27.7035 26.7471 3.7099 3.7337 4.1435 4.086 3.9006 3.6118 3.5864 
2017-07-03 05:59:38.564000 248562.093 3.27 6.113 50.708 6.02 34.111 53.087 4.05 3.6013 3.3936 27.7056 26.7477 3.7101 3.7337 4.1436 4.086 3.9007 3.6122 3.586 
2017-07-03 06:00:59.250000 248642.779 3.482 6.112 50.707 6.02 34.343 53.091 4.05 3.6008 3.3925 27.7038 26.7464 3.7098 3.7337 4.1434 4.086 3.9001 3.6122 3.5861 
2017-07-03 06:02:20.126000 248723.655 3.458 6.111 50.711 6.02 33.642 53.088 4.049 3.6005 3.3918 27.7045 26.7477 3.7098 3.7337 4.1432 4.0861 3.8996 3.6124 3.5863 
2017-07-03 06:03:35.011000 248798.54 3.483 6.11 50.712 6.02 33.899 53.091 4.049 3.5999 3.3908 27.7038 26.7471 3.7098 3.7333 4.1428 4.086 3.8989 3.6118 3.5862 
2017-07-03 06:04:55.667000 248879.196 3.448 6.108 50.715 6.02 33.621 53.094 4.048 3.5996 3.3911 27.7023 26.7455 3.7092 3.7329 4.1425 4.086 3.8988 3.6124 3.586 
2017-07-03 06:06:16.543000 248960.072 3.279 6.107 50.712 6.02 34.27 53.091 4.049 3.5996 3.3909 27.6995 26.7453 3.7097 3.7329 4.1425 4.086 3.8991 3.6123 3.5855 
2017-07-03 06:07:37.450000 249040.979 3.463 6.107 50.712 6.02 33.696 53.093 4.049 3.6 3.3915 27.7031 26.7464 3.71 3.7326 4.1423 4.086 3.8991 3.6122 3.5859 
2017-07-03 06:08:58.376000 249121.905 3.27 6.107 50.712 6.02 33.582 53.091 4.048 3.5993 3.3906 27.7016 26.7455 3.7102 3.7328 4.1424 4.086 3.8989 3.6116 3.5859 
2017-07-03 06:10:19.242000 249202.771 3.372 6.108 50.717 6.02 34.319 53.096 4.047 3.5985 3.3899 27.7031 26.7453 3.7099 3.7323 4.142 4.0863 3.8974 3.6124 3.5862 
2017-07-03 06:11:40.048000 249283.577 3.391 6.107 50.715 6.02 33.553 53.093 4.047 3.5983 3.3898 27.7019 26.7446 3.7104 3.732 4.1417 4.086 3.8976 3.612 3.5861 
2017-07-03 06:13:00.334000 249363.863 3.478 6.105 50.714 6.02 33.751 53.096 4.048 3.5996 3.3901 27.7035 26.7459 3.7099 3.7318 4.1416 4.086 3.8986 3.6119 3.5859 
2017-07-03 06:14:21.570000 249445.099 3.426 6.105 50.715 6.02 34.214 53.096 4.048 3.5993 3.391 27.7016 26.745 3.7105 3.7319 4.142 4.086 3.8985 3.6119 3.5865 
2017-07-03 06:15:42.547000 249526.076 3.292 6.109 50.716 6.02 33.69 53.099 4.048 3.5994 3.39 27.7016 26.7459 3.71 3.7319 4.1419 4.0861 3.8984 3.612 3.5862 
2017-07-03 06:17:03.603000 249607.132 3.377 6.11 50.718 6.02 34.307 53.096 4.048 3.5988 3.3905 27.7019 26.744 3.7096 3.7317 4.1417 4.0859 3.8979 3.6123 3.5866 
2017-07-03 06:18:24.589000 249688.118 3.319 6.107 50.716 6.02 33.549 53.096 4.047 3.5985 3.3897 27.7016 26.7455 3.7093 3.7317 4.1417 4.0859 3.898 3.6123 3.5864 
2017-07-03 06:19:45.506000 249769.035 3.381 6.107 50.716 6.02 34.32 53.096 4.047 3.5995 3.3902 27.7028 26.7455 3.7101 3.7316 4.1415 4.086 3.8976 3.6121 3.5859 
2017-07-03 06:21:00.511000 249844.04 3.274 6.105 50.715 6.02 34.231 53.097 4.048 3.6 3.3906 27.7016 26.7455 3.7099 3.7316 4.1415 4.086 3.8984 3.6128 3.5863 
2017-07-03 06:22:21.447000 249924.976 3.475 6.106 50.716 6.02 34.325 53.097 4.048 3.5994 3.3905 27.7023 26.745 3.7101 3.7317 4.1416 4.086 3.8982 3.6127 3.586 
2017-07-03 06:23:42.383000 250005.912 3.312 6.104 50.719 6.02 33.57 53.097 4.047 3.5992 3.3895 27.7031 26.744 3.7103 3.7317 4.1416 4.086 3.8976 3.6127 3.5861 
2017-07-03 06:25:03.469000 250086.998 3.477 6.103 50.719 6.02 34.34 53.098 4.047 3.5987 3.3897 27.7013 26.7446 3.71 3.7313 4.1412 4.0862 3.8973 3.6125 3.5858 
2017-07-03 06:26:24.885000 250168.414 3.271 6.103 50.719 6.02 33.95 53.098 4.047 3.5983 3.3897 27.7013 26.744 3.71 3.7312 4.141 4.0859 3.8972 3.6126 3.5859 
2017-07-03 06:27:45.852000 250249.381 3.47 6.103 50.719 6.02 33.974 53.099 4.047 3.598 3.3895 27.7009 26.7453 3.7101 3.7312 4.1411 4.0859 3.8974 3.6124 3.5863 
2017-07-03 06:29:06.928000 250330.457 3.28 6.104 50.719 6.02 33.795 53.098 4.046 3.5979 3.3892 27.7035 26.7437 3.7101 3.7311 4.1408 4.086 3.897 3.6126 3.5867 
2017-07-03 06:30:27.834000 250411.363 3.436 6.103 50.719 6.02 34.161 53.098 4.046 3.5975 3.3891 27.7019 26.7453 3.7097 3.7311 4.1408 4.0859 3.8969 3.6124 3.5857 
2017-07-03 06:31:49.291000 250492.82 3.277 6.103 50.719 6.02 34.258 53.097 4.047 3.5983 3.3896 27.7023 26.7437 3.7099 3.7311 4.1408 4.0859 3.8974 3.612 3.586 
2017-07-03 06:33:10.397000 250573.926 3.484 6.109 50.717 6.02 33.817 53.096 4.047 3.5981 3.3896 27.7019 26.7453 3.7103 3.7311 4.141 4.0857 3.8979 3.6124 3.5854 
2017-07-03 06:34:31.453000 250654.982 3.268 6.111 50.719 6.02 34.141 53.099 4.048 3.5987 3.3902 27.7023 26.7446 3.7102 3.7313 4.1411 4.0858 3.8981 3.6125 3.5857 
2017-07-03 06:35:52.440000 250735.969 3.482 6.108 50.718 6.02 33.81 53.098 4.047 3.5983 3.3897 27.7019 26.7446 3.7094 3.7314 4.1412 4.0859 3.8979 3.6125 3.5864 
2017-07-03 06:37:13.956000 250817.485 3.425 6.104 50.719 6.02 34.213 53.098 4.048 3.5987 3.3902 27.7016 26.744 3.7099 3.7313 4.1412 4.0858 3.8981 3.6119 3.5866 
2017-07-03 06:38:29.141000 250892.67 3.482 6.103 50.721 6.02 33.813 53.098 4.047 3.5982 3.3895 27.7019 26.7459 3.7097 3.7314 4.1412 4.0859 3.8974 3.6121 3.5863 
2017-07-03 06:39:50.667000 250974.196 3.424 6.101 50.721 6.02 34.222 53.101 4.047 3.5978 3.3896 27.7013 26.7446 3.7097 3.7312 4.1409 4.0859 3.8971 3.6125 3.5863 
2017-07-03 06:41:11.953000 251055.482 3.298 6.101 50.721 6.02 33.642 53.101 4.047 3.5982 3.3902 27.7028 26.7446 3.7101 3.7311 4.1409 4.0858 3.8973 3.6123 3.5858 
2017-07-03 06:42:33.189000 251136.718 3.454 6.104 50.722 6.019 33.681 53.103 4.047 3.5983 3.3889 27.7019 26.7446 3.7095 3.7311 4.1408 4.0857 3.8974 3.6122 3.5859 
2017-07-03 06:43:54.387000 251217.916 3.274 6.102 50.722 6.019 34.262 53.103 4.047 3.5986 3.3895 27.7016 26.7443 3.7099 3.7309 4.1408 4.0858 3.8971 3.6125 3.5862 
2017-07-03 06:45:15.143000 251298.672 3.484 6.102 50.722 6.02 33.824 53.101 4.048 3.5993 3.3898 27.7016 26.7459 3.7102 3.7309 4.141 4.0859 3.8982 3.612 3.5861 
2017-07-03 06:46:36.659000 251380.188 3.423 6.102 50.723 6.02 34.237 53.102 4.047 3.5993 3.3905 27.7016 26.7453 3.7095 3.731 4.1411 4.0857 3.8978 3.612 3.5855 
2017-07-03 06:47:57.495000 251461.024 3.484 6.106 50.722 6.02 33.822 53.104 4.048 3.5995 3.3902 27.7009 26.745 3.7099 3.7314 4.1414 4.0858 3.8985 3.6132 3.5858 
2017-07-03 06:49:19.181000 251542.71 3.417 6.11 50.724 6.019 33.623 53.107 4.047 3.5982 3.3899 27.7009 26.7443 3.7101 3.7314 4.1412 4.0858 3.8976 3.6127 3.5861 
2017-07-03 06:50:40.057000 251623.586 3.279 6.114 50.727 6.02 34.303 53.105 4.046 3.5976 3.3888 27.7019 26.7453 3.71 3.7313 4.1408 4.0859 3.897 3.6125 3.5859 
2017-07-03 06:52:01.494000 251705.023 3.275 6.112 50.728 6.019 33.641 53.104 4.046 3.5974 3.389 27.7019 26.745 3.7097 3.7312 4.1406 4.0859 3.897 3.6128 3.5862 
2017-07-03 06:53:22.830000 251786.359 3.428 6.113 50.724 6.019 34.204 53.105 4.047 3.5984 3.3897 27.6999 26.7437 3.7097 3.7311 4.1408 4.086 3.8976 3.6131 3.5861 
2017-07-03 06:54:38.246000 251861.775 3.485 6.115 50.724 6.02 33.786 53.104 4.048 3.5986 3.3899 27.7016 26.7455 3.7103 3.7312 4.141 4.0859 3.8979 3.6124 3.5863 
2017-07-03 06:55:59.502000 251943.031 3.267 6.122 50.723 6.019 34.115 53.103 4.048 3.5986 3.3904 27.7028 26.7459 3.7099 3.7313 4.1412 4.086 3.898 3.6125 3.5854 
2017-07-03 06:57:21.268000 252024.797 3.284 6.125 50.72 6.019 34.286 53.101 4.048 3.5998 3.3909 27.7013 26.7455 3.7104 3.7315 4.1413 4.086 3.8985 3.6127 3.5863 
2017-07-03 06:58:42.654000 252106.183 3.277 6.128 50.719 6.019 33.869 53.1 4.049 3.6004 3.3911 27.7013 26.744 3.7103 3.7318 4.1417 4.0861 3.8996 3.6126 3.5859 
2017-07-03 07:00:04.031000 252187.56 3.394 6.131 50.719 6.019 34.177 53.1 4.049 3.5998 3.3917 27.7019 26.7453 3.7106 3.7321 4.1421 4.0859 3.8993 3.6123 3.5862 
2017-07-03 07:01:25.788000 252269.317 3.464 6.129 50.719 6.019 34.024 53.098 4.048 3.5996 3.3911 27.7023 26.744 3.7104 3.7322 4.142 4.0859 3.8988 3.6123 3.5859 
