2017-08-07 00:00:10.082000 3938.665 7.889 62.156 45.702 64.252 11.703 31.3998 11.8726 11.6563 11.8127 32.7738 19.4227 12.0304 0.0 0.0 13.049 0.0 0.0
2017-08-07 00:01:12.403000 4000.926 9.354 62.261 45.515 64.364 11.681 31.3787 11.856 11.6367 11.7936 32.7149 19.3839 12.0086 0.0 0.0 13.037 0.0 0.0
2017-08-07 00:02:14.723000 4063.246 9.298 62.363 45.513 64.474 11.66 31.3588 11.8395 11.617 11.7738 32.6553 19.3456 11.9876 0.0 0.0 13.025 0.0 0.0
2017-08-07 00:03:17.083000 4125.606 7.65 62.462 45.704 64.58 11.64 31.34 11.8234 11.598 11.755 32.598 19.3074 11.9677 0.0 0.0 13.014 0.0 0.0
2017-08-07 00:04:19.453000 4187.976 9.594 62.562 45.596 64.685 12.004 34.3846 29.1545 11.6822 11.8385 32.5411 19.2874 12.3871 0.0 0.0 13.049 0.0 0.0
2017-08-07 00:05:21.863000 4250.386 10.67 62.657 45.472 64.79 12.932 37.4667 37.7447 12.2238 12.3325 32.5052 19.3287 13.3778 0.0 0.0 13.312 0.0 0.0
2017-08-07 00:06:24.293000 4312.816 9.088 62.746 45.635 64.888 13.667 38.3553 38.5927 13.0846 13.1314 32.5032 19.4105 14.1317 0.0 0.0 13.78 0.0 0.0
2017-08-07 00:07:26.743000 4375.266 11.618 62.834 45.76 64.987 14.021 38.1722 36.9458 13.778 13.8386 32.5294 19.4946 14.471 0.0 0.0 14.235 0.0 0.0
2017-08-07 00:08:29.233000 4437.756 9.654 62.935 45.883 65.091 14.224 37.9366 34.3802 14.244 14.3609 32.5874 19.5759 14.6467 0.0 0.0 14.601 0.0 0.0
2017-08-07 00:09:31.813000 4500.336 10.345 63.047 46.212 65.202 14.3 37.7041 30.7508 14.525 14.7172 32.6596 19.6488 14.7066 0.0 0.0 14.872 0.0 0.0
2017-08-07 00:10:34.423000 4562.946 9.502 63.168 46.227 65.318 14.285 37.4854 26.3945 14.6718 14.9179 32.7456 19.7121 14.6794 0.0 0.0 15.061 0.0 0.0
2017-08-07 00:11:37.073000 4625.596 10.928 63.29 46.523 65.44 14.209 37.2894 22.7538 14.7088 14.9926 32.8308 19.7628 14.5903 0.0 0.0 15.181 0.0 0.0
2017-08-07 00:12:39.773000 4688.296 10.612 63.42 46.511 65.564 14.089 37.1228 20.2547 14.6601 14.969 32.8992 19.8013 14.4616 0.0 0.0 15.231 0.0 0.0
2017-08-07 00:13:51.194000 4759.717 11.666 63.57 46.687 65.71 13.936 36.972 18.0945 14.5331 14.859 32.9903 19.8302 14.3033 0.0 0.0 15.223 0.0 0.0
2017-08-07 00:14:53.914000 4822.437 9.258 63.695 46.842 65.835 13.819 36.8638 16.6438 14.3934 14.7221 33.0466 19.8444 14.1833 0.0 0.0 15.181 0.0 0.0
2017-08-07 00:15:56.654000 4885.177 11.473 63.824 46.861 65.964 13.715 36.7773 15.5967 14.2455 14.5669 33.0922 19.8505 14.077 0.0 0.0 15.12 0.0 0.0
2017-08-07 00:16:59.464000 4947.987 10.163 63.951 47.017 66.092 13.624 36.7013 14.8703 14.0964 14.4112 33.1221 19.8492 13.987 0.0 0.0 15.052 0.0 0.0
2017-08-07 00:18:02.294000 5010.817 10.514 64.075 46.935 66.217 13.545 36.6353 14.3978 13.9568 14.2644 33.147 19.8423 13.907 0.0 0.0 14.983 0.0 0.0
2017-08-07 00:19:05.144000 5073.667 10.575 64.195 47.123 66.337 13.475 36.5728 14.0861 13.8328 14.1241 33.158 19.8302 13.8353 0.0 0.0 14.92 0.0 0.0
2017-08-07 00:20:08.034000 5136.557 8.953 64.319 47.204 66.459 13.419 36.5171 13.8712 13.7191 13.9946 33.1612 19.8142 13.7737 0.0 0.0 14.86 0.0 0.0
2017-08-07 00:21:10.954000 5199.477 9.545 64.437 47.14 66.581 13.369 36.4642 13.7191 13.6189 13.884 33.1565 19.795 13.7187 0.0 0.0 14.807 0.0 0.0
2017-08-07 00:22:13.914000 5262.437 9.101 64.552 47.294 66.7 13.323 36.4137 13.6028 13.5283 13.7831 33.1463 19.7729 13.6689 0.0 0.0 14.757 0.0 0.0
2017-08-07 00:23:16.904000 5325.427 8.85 64.668 47.236 66.817 13.277 36.3658 13.5096 13.4496 13.6914 33.1284 19.748 13.6173 0.0 0.0 14.712 0.0 0.0
2017-08-07 00:24:19.934000 5388.457 10.97 64.778 47.187 66.933 13.237 36.3179 13.437 13.3802 13.6086 33.1062 19.721 13.5742 0.0 0.0 14.671 0.0 0.0
2017-08-07 00:25:22.975000 5451.498 10.948 64.888 47.354 67.047 13.198 36.2722 13.3747 13.3167 13.5331 33.0795 19.6924 13.5315 0.0 0.0 14.632 0.0 0.0
2017-08-07 00:26:26.075000 5514.598 9.852 64.997 47.383 67.159 13.158 36.228 13.3195 13.2583 13.4659 33.0489 19.662 13.489 0.0 0.0 14.597 0.0 0.0
2017-08-07 00:27:29.215000 5577.738 8.707 65.101 47.41 67.268 13.124 36.186 13.27 13.2043 13.406 33.0115 19.6299 13.4552 0.0 0.0 14.564 0.0 0.0
2017-08-07 00:28:32.365000 5640.888 10.358 65.203 47.284 67.377 13.088 36.1438 13.2247 13.1548 13.3513 32.9726 19.5968 13.4168 0.0 0.0 14.533 0.0 0.0
2017-08-07 00:29:35.515000 5704.038 10.158 65.304 47.386 67.482 13.052 36.1022 13.1817 13.1066 13.2984 32.9288 19.5624 13.3822 0.0 0.0 14.503 0.0 0.0
2017-08-07 00:30:38.735000 5767.258 10.722 65.402 47.391 67.586 13.018 36.0656 13.1418 13.0619 13.2499 32.8861 19.5273 13.348 0.0 0.0 14.475 0.0 0.0
2017-08-07 00:31:46.125000 5834.648 8.771 65.504 47.375 67.697 12.985 36.0241 13.1012 13.0161 13.2012 32.8339 19.4885 13.3148 0.0 0.0 14.446 0.0 0.0
2017-08-07 00:32:49.435000 5897.958 10.756 65.6 47.357 67.796 12.95 35.9839 13.0642 12.9773 13.1579 32.7824 19.4518 13.2776 0.0 0.0 14.42 0.0 0.0
2017-08-07 00:33:52.735000 5961.258 10.714 65.693 47.363 67.897 12.919 35.9467 13.0284 12.9392 13.1159 32.729 19.4139 13.2467 0.0 0.0 14.395 0.0 0.0
2017-08-07 00:34:56.075000 6024.598 10.667 65.785 47.383 67.993 12.887 35.9112 12.9942 12.9032 13.0758 32.6689 19.3755 13.2131 0.0 0.0 14.37 0.0 0.0
2017-08-07 00:35:59.415000 6087.938 8.994 65.873 47.521 68.089 12.853 35.8782 12.961 12.8657 13.0356 32.6155 19.3367 13.1811 0.0 0.0 14.345 0.0 0.0
2017-08-07 00:37:02.826000 6151.349 9.06 65.963 47.521 68.184 12.821 35.8425 12.9292 12.8307 12.997 32.5521 19.2969 13.1478 0.0 0.0 14.32 0.0 0.0
2017-08-07 00:38:06.266000 6214.789 9.001 66.045 47.524 68.276 12.791 35.8096 12.8984 12.7956 12.9614 32.492 19.2568 13.1186 0.0 0.0 14.296 0.0 0.0
2017-08-07 00:39:09.716000 6278.239 9.076 66.129 47.522 68.367 12.76 35.7728 12.8676 12.7618 12.9273 32.4277 19.2165 13.0869 0.0 0.0 14.273 0.0 0.0
2017-08-07 00:40:13.176000 6341.699 8.698 66.213 47.535 68.454 12.728 35.7441 12.8374 12.7283 12.8936 32.3635 19.1757 13.0548 0.0 0.0 14.25 0.0 0.0
2017-08-07 00:41:16.686000 6405.209 8.834 66.294 47.532 68.544 12.696 35.7095 12.8071 12.6951 12.8602 32.296 19.1347 13.0218 0.0 0.0 14.227 0.0 0.0
2017-08-07 00:42:20.226000 6468.749 8.789 66.374 47.537 68.629 12.67 35.6811 12.7788 12.6633 12.8283 32.2264 19.0935 12.9957 0.0 0.0 14.205 0.0 0.0
2017-08-07 00:43:23.816000 6532.339 8.739 66.452 47.536 68.714 12.62 35.6514 12.7496 12.6306 12.7957 32.1564 19.0517 12.9649 0.0 0.0 14.182 0.0 0.0
2017-08-07 00:44:27.416000 6595.939 8.693 66.529 47.532 68.796 12.607 35.6201 12.7203 12.5984 12.7635 32.0858 19.0099 12.9312 0.0 0.0 14.16 0.0 0.0
2017-08-07 00:45:31.086000 6659.609 10.362 66.605 47.536 68.881 12.578 35.5944 12.692 12.5672 12.7324 32.0153 18.9669 12.9027 0.0 0.0 14.139 0.0 0.0
2017-08-07 00:46:35.096000 6723.619 9.049 66.681 47.41 68.963 12.55 35.5642 12.664 12.5354 12.701 31.9302 18.9235 12.8742 0.0 0.0 14.117 0.0 0.0
2017-08-07 00:47:38.786000 6787.309 9.104 66.752 47.384 69.044 12.52 35.5358 12.6363 12.5046 12.6704 31.8442 18.8802 12.8431 0.0 0.0 14.096 0.0 0.0
2017-08-07 00:48:42.557000 6851.08 8.858 66.826 47.381 69.119 12.489 35.5085 12.6081 12.4745 12.6391 31.7553 18.8368 12.8116 0.0 0.0 14.074 0.0 0.0
2017-08-07 00:49:46.317000 6914.84 8.354 66.896 47.522 69.197 12.466 35.4824 12.5811 12.4462 12.6092 31.6676 18.793 12.7856 0.0 0.0 14.053 0.0 0.0
2017-08-07 00:50:50.107000 6978.63 10.14 66.967 47.526 69.275 12.435 35.4546 12.5539 12.4174 12.5792 31.5763 18.7492 12.7517 0.0 0.0 14.033 0.0 0.0
2017-08-07 00:51:53.927000 7042.45 10.099 67.036 47.423 69.351 12.408 35.4278 12.5267 12.3881 12.5486 31.4834 18.7055 12.7231 0.0 0.0 14.012 0.0 0.0
2017-08-07 00:52:57.797000 7106.32 9.226 67.102 47.351 69.425 12.381 35.4017 12.4999 12.3591 12.5183 31.3886 18.6614 12.6941 0.0 0.0 13.991 0.0 0.0
2017-08-07 00:54:01.717000 7170.24 8.213 67.167 47.488 69.498 12.351 35.3767 12.4741 12.3298 12.4884 31.2956 18.6172 12.6595 0.0 0.0 13.969 0.0 0.0
2017-08-07 00:55:05.657000 7234.18 8.979 67.233 47.458 69.571 12.326 35.354 12.4489 12.3006 12.4597 31.1987 18.5731 12.6346 0.0 0.0 13.947 0.0 0.0
2017-08-07 00:56:09.617000 7298.14 10.077 67.298 47.468 69.641 12.302 35.3305 12.4245 12.2735 12.4329 31.0997 18.529 12.6073 0.0 0.0 13.927 0.0 0.0
2017-08-07 00:57:13.627000 7362.15 8.132 67.364 47.325 69.713 12.272 35.3065 12.3996 12.245 12.4045 31.0029 18.4849 12.5737 0.0 0.0 13.906 0.0 0.0
2017-08-07 00:58:17.777000 7426.3 8.715 67.425 47.471 69.781 12.24 35.2834 12.3744 12.2153 12.3754 30.8998 18.4405 12.5396 0.0 0.0 13.884 0.0 0.0
2017-08-07 00:59:21.857000 7490.38 10.001 67.487 47.325 69.851 12.205 35.2567 12.3489 12.1847 12.3457 30.7998 18.3958 12.5079 0.0 0.0 13.862 0.0 0.0
2017-08-07 01:00:25.927000 7554.45 8.099 67.549 47.372 69.918 12.185 35.2356 12.3239 12.1546 12.3165 30.6983 18.3516 12.4821 0.0 0.0 13.84 0.0 0.0
2017-08-07 01:01:30.078000 7618.601 9.928 67.61 47.451 69.984 12.156 35.2137 12.2988 12.1254 12.2879 30.5915 18.3069 12.4523 0.0 0.0 13.818 0.0 0.0
2017-08-07 01:02:34.958000 7683.481 8.176 67.67 47.443 70.05 12.128 35.1907 12.2739 12.0954 12.2581 30.4858 18.2617 12.4259 0.0 0.0 13.796 0.0 0.0
2017-08-07 01:03:39.508000 7748.031 8.056 67.728 47.276 70.112 12.092 35.1688 12.2484 12.065 12.2281 30.3799 18.2167 12.3864 0.0 0.0 13.773 0.0 0.0
2017-08-07 01:04:43.748000 7812.271 9.65 67.784 47.344 70.176 12.063 35.1483 12.2227 12.0329 12.1968 30.2705 18.1711 12.3587 0.0 0.0 13.749 0.0 0.0
2017-08-07 01:05:48.058000 7876.581 7.974 67.84 47.394 70.238 12.032 35.1246 12.1973 12.0015 12.1663 30.1613 18.1261 12.3278 0.0 0.0 13.726 0.0 0.0
2017-08-07 01:06:52.368000 7940.891 9.146 67.897 47.358 70.299 12.003 35.1053 12.1721 11.9725 12.136 30.0483 18.0808 12.2982 0.0 0.0 13.703 0.0 0.0
2017-08-07 01:07:56.718000 8005.241 7.917 67.949 47.338 70.357 11.975 35.0856 12.1471 11.9441 12.1062 29.9522 18.0354 12.2696 0.0 0.0 13.68 0.0 0.0
2017-08-07 01:09:01.068000 8069.591 9.697 68.002 47.24 70.417 11.941 35.0655 12.1219 11.9149 12.0759 29.8695 17.9905 12.2349 0.0 0.0 13.657 0.0 0.0
2017-08-07 01:10:05.478000 8134.001 8.002 68.056 47.265 70.474 11.91 35.0441 12.0965 11.8842 12.0443 29.7825 17.9448 12.2028 0.0 0.0 13.632 0.0 0.0
2017-08-07 01:11:09.928000 8198.451 9.534 68.109 47.254 70.533 11.877 35.0236 12.071 11.8535 12.0121 29.6929 17.8989 12.1707 0.0 0.0 13.608 0.0 0.0
2017-08-07 01:12:14.398000 8262.921 7.861 68.16 47.336 70.589 11.844 35.0045 12.0457 11.8232 11.9814 29.606 17.8532 12.1385 0.0 0.0 13.584 0.0 0.0
2017-08-07 01:13:18.899000 8327.422 9.315 68.211 47.162 70.644 11.812 34.9849 12.0203 11.7927 11.9514 29.5161 17.8075 12.1045 0.0 0.0 13.559 0.0 0.0
2017-08-07 01:14:23.429000 8391.952 8.361 68.26 47.299 70.699 11.781 34.9657 11.9952 11.7618 11.9213 29.4252 17.761 12.0752 0.0 0.0 13.534 0.0 0.0
2017-08-07 01:15:28.009000 8456.532 7.977 68.308 47.206 70.752 11.747 34.9462 11.9713 11.7306 11.8903 29.3318 17.715 12.0383 0.0 0.0 13.509 0.0 0.0
2017-08-07 01:16:32.599000 8521.122 8.394 68.355 47.132 70.805 11.716 34.9302 11.9477 11.6997 11.8601 29.2368 17.669 12.0093 0.0 0.0 13.486 0.0 0.0
2017-08-07 01:17:37.249000 8585.772 9.116 68.402 47.208 70.857 11.679 34.909 11.9235 11.6674 11.8284 29.1416 17.622 11.9728 0.0 0.0 13.462 0.0 0.0
2017-08-07 01:18:41.899000 8650.422 7.673 68.448 47.227 70.907 11.641 34.8903 11.8993 11.6345 11.7963 29.0443 17.5751 11.932 0.0 0.0 13.437 0.0 0.0
2017-08-07 01:19:46.629000 8715.152 7.841 68.495 47.151 70.959 11.902 37.1859 29.5596 11.6888 11.8522 28.9297 17.5451 12.2397 0.0 44.7715 13.446 0.0 0.0
2017-08-07 01:20:51.369000 8779.892 10.305 68.539 47.024 71.007 12.547 40.0058 38.2064 12.135 12.2616 28.8399 17.5783 12.9404 0.0 44.4287 13.624 0.0 0.0
2017-08-07 01:21:56.139000 8844.662 10.797 68.577 47.077 71.054 13.072 40.9517 39.0988 12.8604 12.9339 28.7933 17.6476 13.4456 0.0 43.9815 13.949 0.0 0.0
2017-08-07 01:23:00.939000 8909.462 10.689 68.62 47.288 71.102 13.292 40.8222 37.7337 13.3995 13.4997 28.7661 17.7114 13.6673 0.0 43.6629 14.25 0.0 0.0
2017-08-07 01:24:05.769000 8974.292 8.889 68.668 47.385 71.152 13.379 40.6532 35.7331 13.7165 13.8875 28.7582 17.7674 13.7491 0.0 43.3377 14.489 0.0 0.0
2017-08-07 01:25:10.650000 9039.173 8.875 68.726 47.46 71.21 13.395 40.5016 33.2595 13.8699 14.1168 28.763 17.812 13.7569 0.0 43.0367 14.656 0.0 0.0
2017-08-07 01:26:15.520000 9104.043 9.161 68.788 47.516 71.269 13.344 40.371 30.0806 13.9066 14.2196 28.7719 17.8449 13.6894 0.0 42.7269 14.757 0.0 0.0
2017-08-07 01:27:20.470000 9168.993 10.827 68.853 47.669 71.331 13.261 40.2637 26.8284 13.8615 14.2218 28.7672 17.866 13.5931 0.0 42.4116 14.804 0.0 0.0
2017-08-07 01:28:25.450000 9233.973 9.513 68.919 47.766 71.398 13.155 40.1774 24.0141 13.7585 14.1483 28.7539 17.8754 13.4748 0.0 42.1611 14.806 0.0 0.0
2017-08-07 01:29:30.650000 9299.173 10.788 68.989 47.718 71.466 13.038 40.107 21.9641 13.621 14.0251 28.7232 17.8747 13.3519 0.0 41.9639 14.776 0.0 0.0
2017-08-07 01:30:36.070000 9364.593 10.075 69.056 47.72 71.534 12.925 40.0502 20.3881 13.4635 13.8739 28.6764 17.8644 13.2382 0.0 41.6875 14.721 0.0 0.0
2017-08-07 01:31:41.170000 9429.693 10.572 69.123 47.76 71.601 12.813 40.0039 19.0837 13.3054 13.7074 28.6155 17.8466 13.1231 0.0 41.464 14.654 0.0 0.0
2017-08-07 01:32:46.300000 9494.823 10.506 69.189 47.801 71.666 12.722 39.9619 17.9775 13.1517 13.5384 28.5359 17.8216 13.0315 0.0 41.2201 14.581 0.0 0.0
2017-08-07 01:33:51.510000 9560.033 9.726 69.254 47.791 71.732 12.64 39.9257 17.0474 13.0064 13.3793 28.4408 17.7924 12.9508 0.0 40.9289 14.508 0.0 0.0
2017-08-07 01:34:56.700000 9625.223 10.356 69.318 47.811 71.799 12.565 39.8917 16.2622 12.8812 13.2317 28.3329 17.7588 12.8751 0.0 40.6603 14.437 0.0 0.0
2017-08-07 01:36:01.930000 9690.453 10.223 69.38 47.862 71.863 12.5 39.8603 15.6134 12.7696 13.0962 28.2142 17.7215 12.811 0.0 40.4834 14.372 0.0 0.0
2017-08-07 01:37:07.181000 9755.704 10.132 69.44 47.8 71.925 12.437 39.83 15.0759 12.6669 12.9716 28.065 17.6819 12.7425 0.0 40.1664 14.31 0.0 0.0
2017-08-07 01:38:12.521000 9821.044 8.308 69.497 47.816 71.986 12.382 39.7978 14.6359 12.5738 12.8629 27.968 17.6391 12.6824 0.0 39.9582 14.253 0.0 0.0
2017-08-07 01:39:17.831000 9886.354 9.037 69.554 47.804 72.046 12.325 39.769 14.2747 12.4883 12.7621 27.8806 17.594 12.6217 0.0 39.6238 14.198 0.0 0.0
2017-08-07 01:40:23.191000 9951.714 8.116 69.61 47.907 72.107 12.27 39.7414 13.9725 12.412 12.6688 27.789 17.5472 12.5628 0.0 39.405 14.146 0.0 0.0
2017-08-07 01:41:28.621000 10017.144 8.353 69.665 47.938 72.165 12.215 39.7128 13.7238 12.341 12.5819 27.6908 17.4983 12.5025 0.0 39.1318 14.096 0.0 0.0
2017-08-07 01:42:34.031000 10082.554 9.529 69.717 47.919 72.219 12.158 39.6876 13.5079 12.2725 12.5 27.5865 17.4474 12.4464 0.0 38.8303 14.048 0.0 0.0
2017-08-07 01:43:39.651000 10148.174 9.868 69.768 47.754 72.275 12.105 39.659 13.3287 12.2068 12.4271 27.4767 17.3951 12.3925 0.0 38.5594 14.001 0.0 0.0
2017-08-07 01:44:45.111000 10213.634 8.259 69.818 47.772 72.329 12.051 39.6315 13.1693 12.1433 12.3574 27.3624 17.3414 12.3384 0.0 38.2726 13.953 0.0 0.0
2017-08-07 01:45:50.601000 10279.124 7.958 69.866 47.856 72.382 11.992 39.605 13.0285 12.0792 12.2894 27.2396 17.286 12.2798 0.0 37.9942 13.905 0.0 0.0
2017-08-07 01:46:56.131000 10344.654 8.442 69.913 47.842 72.431 11.938 39.5817 12.9075 12.0178 12.2231 27.111 17.2287 12.2257 0.0 37.6585 13.858 0.0 0.0
2017-08-07 01:48:01.681000 10410.204 9.527 69.956 47.724 72.483 11.881 39.5525 12.7991 11.9583 12.1582 26.9794 17.1705 12.1686 0.0 37.4408 13.81 0.0 0.0
2017-08-07 01:49:07.302000 10475.825 9.346 70.001 47.641 72.531 11.82 39.5293 12.6998 11.8999 12.0939 26.8524 17.1104 12.1069 0.0 37.1126 13.762 0.0 0.0
2017-08-07 01:50:12.952000 10541.475 8.001 70.041 47.693 72.577 11.76 39.505 12.6075 11.8401 12.0289 26.7213 17.0493 12.0477 0.0 36.8212 13.713 0.0 0.0
2017-08-07 01:51:18.582000 10607.105 8.66 70.084 47.716 72.621 11.69 39.4812 12.5219 11.7786 11.9651 26.581 16.9868 11.9748 0.0 36.4859 13.663 0.0 0.0
2017-08-07 01:52:24.232000 10672.755 9.366 70.119 47.583 72.667 11.63 39.455 12.445 11.7166 11.9033 26.4316 16.9245 11.9168 0.0 36.1996 13.61 0.0 0.0
2017-08-07 01:53:29.962000 10738.485 7.799 70.157 47.553 72.709 11.787 41.1386 29.779 11.735 11.9228 26.2793 16.8758 12.1067 0.0 35.7729 13.586 0.0 0.0
2017-08-07 01:54:35.712000 10804.235 8.953 70.194 47.603 72.751 12.233 43.6043 38.4325 12.1134 12.2652 26.1549 16.8849 12.5853 0.0 35.2699 13.687 0.0 0.0
2017-08-07 01:55:41.472000 10869.995 8.617 70.225 47.497 72.79 12.554 44.5884 39.3126 12.7344 12.8477 26.056 16.9194 12.9088 0.0 34.7751 13.89 0.0 0.0
2017-08-07 01:56:47.302000 10935.825 8.38 70.258 47.671 72.829 12.659 44.5226 38.0647 13.1607 13.3119 25.9604 16.9397 13.0027 0.0 34.262 14.073 0.0 0.0
2017-08-07 01:57:53.172000 11001.695 10.435 70.297 47.623 72.871 12.676 44.396 36.3607 13.3627 13.591 25.8763 16.9482 13.0123 0.0 33.8866 14.209 0.0 0.0
2017-08-07 01:58:59.052000 11067.575 8.362 70.339 47.801 72.915 12.633 44.2835 34.4066 13.4083 13.7181 25.7856 16.9451 12.9616 0.0 33.4321 14.29 0.0 0.0
2017-08-07 02:00:05.003000 11133.526 10.299 70.383 47.736 72.962 12.533 44.1928 32.3178 13.3515 13.727 25.6876 16.9294 12.8546 0.0 33.0375 14.32 0.0 0.0
2017-08-07 02:01:10.973000 11199.496 8.225 70.429 47.756 73.011 12.407 44.1242 29.8831 13.2236 13.6461 25.5765 16.9009 12.7147 0.0 32.5696 14.306 0.0 0.0
2017-08-07 02:02:16.983000 11265.506 10.043 70.478 47.781 73.057 12.267 44.0667 27.6737 13.0479 13.5002 25.4474 16.8617 12.5626 0.0 32.1109 14.255 0.0 0.0
2017-08-07 02:03:23.023000 11331.546 8.06 70.524 47.951 73.106 12.116 44.0199 25.9219 12.8506 13.3183 25.2995 16.8113 12.402 0.0 31.6384 14.175 0.0 0.0
2017-08-07 02:04:29.113000 11397.636 9.725 70.568 47.775 73.155 11.966 43.9812 24.5153 12.6406 13.1107 25.1268 16.7523 12.2489 0.0 31.1461 14.077 0.0 0.0
2017-08-07 02:05:35.223000 11463.746 7.87 70.614 47.906 73.2 11.823 43.9483 23.4436 12.4348 12.8949 24.9575 16.6859 12.1059 0.0 30.6318 13.971 0.0 0.0
2017-08-07 02:06:41.503000 11530.026 7.736 70.655 47.809 73.246 11.677 43.9146 22.5856 12.2388 12.6823 24.823 16.6121 11.9601 0.0 30.1564 13.855 0.0 0.0
2017-08-07 02:07:47.683000 11596.206 9.133 70.695 47.771 73.291 11.537 43.8845 21.8868 12.047 12.472 24.6691 16.5328 11.8196 0.0 29.7141 13.735 0.0 0.0
2017-08-07 02:08:53.913000 11662.436 8.039 70.733 47.749 73.335 11.617 45.1569 33.6977 11.9705 12.3705 24.4955 16.4667 11.9335 0.0 29.2363 13.644 0.0 0.0
2017-08-07 02:10:00.153000 11728.676 8.888 70.768 47.589 73.374 11.939 47.334 40.5078 12.3065 12.6353 24.3417 16.4607 12.2774 0.0 28.7694 13.666 0.0 0.0
2017-08-07 02:11:06.443000 11794.966 9.985 70.802 47.565 73.411 12.253 48.7326 45.3835 12.9577 13.2282 24.2162 16.4993 12.6052 0.0 28.3492 13.789 0.0 0.0
2017-08-07 02:12:12.774000 11861.297 8.278 70.829 47.726 73.447 12.445 49.0509 45.3151 13.5469 13.8448 24.0767 16.5331 12.7997 0.0 27.9779 13.955 0.0 0.0
2017-08-07 02:13:19.174000 11927.697 8.265 70.862 47.694 73.484 12.487 48.9197 42.813 13.8659 14.2693 23.9444 16.5431 12.8317 0.0 27.5201 14.09 0.0 0.0
2017-08-07 02:14:25.574000 11994.097 9.781 70.897 47.675 73.524 12.439 48.756 39.7056 13.9404 14.4673 23.8302 16.5334 12.7717 0.0 27.0776 14.176 0.0 0.0
2017-08-07 02:15:31.994000 12060.517 10.012 70.937 47.752 73.565 12.276 48.6151 36.4142 13.842 14.4741 23.6949 16.5012 12.5818 0.0 26.5011 14.195 0.0 0.0
2017-08-07 02:16:38.444000 12126.967 9.018 70.977 47.882 73.608 12.023 48.5111 33.2277 13.6041 14.3149 23.5321 16.4443 12.3131 0.0 25.8654 14.139 0.0 0.0
2017-08-07 02:17:44.904000 12193.427 7.868 71.02 47.922 73.652 11.743 48.4426 30.0072 13.2825 14.0335 23.331 16.3657 12.0242 0.0 25.2449 14.023 0.0 0.0
2017-08-07 02:18:51.364000 12259.887 7.539 71.062 47.749 73.695 11.442 48.3919 27.4135 12.9057 13.6794 23.0808 16.2657 11.7141 0.0 24.5483 13.854 0.0 0.0
2017-08-07 02:19:57.884000 12326.407 8.161 71.099 47.722 73.734 11.153 48.3498 25.5922 12.5102 13.277 22.8825 16.1473 11.4058 0.0 23.8345 13.646 0.0 0.0
2017-08-07 02:21:04.434000 12392.957 8.716 71.135 47.66 73.779 11.047 48.6875 35.1733 12.1828 12.9229 22.6924 16.031 11.3232 0.0 23.3953 13.445 0.0 0.0
2017-08-07 02:22:11.054000 12459.577 8.586 71.167 47.646 73.813 11.139 49.3712 41.4254 12.0862 12.7731 22.4878 15.9493 11.4333 0.0 23.1111 13.333 0.0 0.0
2017-08-07 02:23:17.684000 12526.207 7.581 71.193 47.631 73.845 11.283 50.0963 46.2898 12.2087 12.8309 22.2887 15.9029 11.6015 0.0 22.961 13.303 0.0 0.0
2017-08-07 02:24:24.335000 12592.858 8.146 71.215 47.552 73.875 11.446 50.8066 50.2944 12.4733 13.0545 22.1079 15.8886 11.7789 0.0 22.8287 13.338 0.0 0.0
2017-08-07 02:25:31.095000 12659.618 7.602 71.236 47.547 73.903 11.531 51.1584 50.9755 12.7593 13.3453 21.9351 15.8742 11.8702 0.0 22.6737 13.401 0.0 0.0
2017-08-07 02:26:37.795000 12726.318 7.804 71.255 47.461 73.929 11.515 51.1558 49.6632 12.8858 13.5265 21.7519 15.838 11.8393 0.0 22.4126 13.451 0.0 0.0
2017-08-07 02:27:44.585000 12793.108 7.48 71.277 47.528 73.958 11.439 51.1024 47.9756 12.8549 13.5672 21.5652 15.783 11.7548 0.0 22.1726 13.466 0.0 0.0
2017-08-07 02:28:51.385000 12859.908 7.492 71.3 47.541 73.983 11.337 51.0527 46.7233 12.7184 13.4874 21.381 15.713 11.6424 0.0 21.8943 13.445 0.0 0.0
2017-08-07 02:29:58.235000 12926.758 7.311 71.323 47.476 74.011 11.203 51.0075 45.8378 12.5238 13.3295 21.2026 15.6305 11.4872 0.0 21.6056 13.397 0.0 0.0
2017-08-07 02:31:05.255000 12993.778 8.179 71.347 47.512 74.04 11.046 50.9651 45.1972 12.296 13.1094 21.0257 15.5346 11.3292 0.0 21.3048 13.319 0.0 0.0
2017-08-07 02:32:12.205000 13060.728 7.235 71.37 47.489 74.066 10.909 50.9292 44.8077 12.0536 12.857 20.8189 15.43 11.1935 0.0 21.0519 13.222 0.0 0.0
2017-08-07 02:33:19.125000 13127.648 7.463 71.392 47.424 74.091 10.779 50.8977 44.605 11.8235 12.5962 20.6087 15.3191 11.0651 0.0 20.8283 13.12 0.0 0.0
2017-08-07 02:34:26.125000 13194.648 8.064 71.41 47.328 74.117 10.753 50.874 47.8954 11.6407 12.3746 20.4105 15.2189 11.0531 0.0 20.7344 13.033 0.0 0.0
2017-08-07 02:35:33.125000 13261.648 8.244 71.429 47.239 74.139 10.847 50.856 52.0717 11.5723 12.2582 20.2389 15.1485 11.1517 0.0 20.8286 12.998 0.0 0.0
2017-08-07 02:36:40.156000 13328.679 8.314 71.445 47.179 74.161 10.867 50.839 53.451 11.5657 12.2093 20.0813 15.0835 11.1737 0.0 20.825 12.993 0.0 0.0
2017-08-07 02:37:47.226000 13395.749 8.339 71.457 47.094 74.179 10.809 50.8071 53.1446 11.5296 12.1494 19.9184 15.0055 11.1058 0.0 20.6733 12.985 0.0 0.0
2017-08-07 02:38:54.316000 13462.839 6.948 71.471 47.059 74.198 10.755 50.7788 52.5942 11.4575 12.0569 19.7576 14.9247 11.0522 0.0 20.5979 12.961 0.0 0.0
2017-08-07 02:40:01.436000 13529.959 6.912 71.483 47.233 74.216 10.682 50.7488 52.0474 11.3631 11.9416 19.5974 14.8356 10.9795 0.0 20.4405 12.926 0.0 0.0
2017-08-07 02:41:08.586000 13597.109 6.986 71.496 47.171 74.235 10.602 50.7135 51.542 11.2545 11.8121 19.4403 14.7395 10.8948 0.0 20.2779 12.881 0.0 0.0
2017-08-07 02:42:15.806000 13664.329 7.999 71.507 47.107 74.251 10.504 50.6766 51.0725 11.1364 11.6694 19.2861 14.6387 10.7973 0.0 20.0761 12.826 0.0 0.0
2017-08-07 02:43:23.076000 13731.599 7.483 71.521 46.944 74.267 10.44 50.6416 50.6781 11.0137 11.5204 19.1325 14.5352 10.732 0.0 19.9537 12.762 0.132473930659 0.0
2017-08-07 02:44:30.326000 13798.849 7.185 71.532 46.916 74.284 10.387 50.6139 50.2926 10.9142 11.3917 19.0063 14.436 10.6691 0.0 19.7981 12.708 0.132090806972 0.0
2017-08-07 02:45:37.666000 13866.189 6.726 71.539 47.039 74.296 10.32 50.5806 49.9363 10.8178 11.2669 18.8845 14.3361 10.5955 0.0 19.6565 12.654 0.132190752282 0.0
2017-08-07 02:46:45.146000 13933.669 7.744 71.551 46.849 74.311 10.263 50.552 49.6196 10.7279 11.1477 18.7545 14.239 10.535 0.0 19.5354 12.6 0.138445662914 0.0
2017-08-07 02:47:52.537000 14001.06 6.529 71.559 46.942 74.324 10.217 50.5213 49.6855 10.6473 11.0409 18.6178 14.1426 10.4848 0.0 19.4091 12.55 0.136888181837 0.0
2017-08-07 02:48:59.977000 14068.5 7.085 71.566 46.898 74.337 10.161 50.4878 49.9456 10.5754 10.9476 18.482 14.0489 10.4324 0.0 19.2874 12.503 0.135255741779 0.0
2017-08-07 02:50:07.417000 14135.94 7.168 71.574 46.732 74.35 10.141 50.4575 50.2288 10.5187 10.8755 18.3492 13.9602 10.4067 0.0 19.1529 12.464 0.1326321774 0.0
2017-08-07 02:51:14.887000 14203.41 6.463 71.579 46.742 74.36 10.109 50.429 50.5207 10.4757 10.8169 18.2192 13.878 10.3768 0.0 19.0921 12.435 0.132357327798 0.0
2017-08-07 02:52:22.407000 14270.93 7.473 71.585 46.823 74.371 10.049 50.3985 50.4395 10.4302 10.7566 18.0928 13.7949 10.3157 0.0 18.9205 12.403 0.131191299185 0.0
2017-08-07 02:53:29.947000 14338.47 6.362 71.589 46.743 74.378 10.018 50.3638 50.2058 10.3807 10.6969 17.9677 13.7133 10.2875 0.0 18.7783 12.368 0.131266258167 0.0
2017-08-07 02:54:37.597000 14406.12 7.066 71.592 46.693 74.387 9.947 50.3315 49.9408 10.3225 10.6283 17.8458 13.6303 10.2216 0.0 18.6301 12.329 0.131157984082 0.0
2017-08-07 02:55:45.247000 14473.77 6.648 71.598 46.578 74.395 9.865 50.2926 49.6623 10.26 10.5574 17.7223 13.5464 10.1273 0.0 18.3438 12.286 0.131366203477 0.0
2017-08-07 02:56:52.907000 14541.43 7.189 71.599 46.563 74.402 9.832 50.2571 49.8112 10.1936 10.486 17.5992 13.4653 10.1019 0.0 18.2314 12.238 0.131982532887 0.0
2017-08-07 02:58:00.587000 14609.11 6.222 71.603 46.576 74.411 9.794 50.2242 50.1192 10.1452 10.4337 17.4761 13.3909 10.0645 0.0 18.0998 12.2 0.132057491869 0.0
2017-08-07 02:59:08.347000 14676.87 7.183 71.605 46.587 74.414 9.766 50.1959 50.435 10.1117 10.3957 17.3561 13.3215 10.0333 0.0 17.9636 12.172 0.131932560232 0.0
2017-08-07 03:00:16.088000 14744.611 6.098 71.606 46.58 74.421 9.711 50.1635 50.3961 10.0686 10.349 17.2381 13.2499 9.9801 0.0 17.8243 12.139 0.131965875335 0.0
2017-08-07 03:01:23.918000 14812.441 6.579 71.608 46.396 74.426 9.66 50.1306 50.1758 10.0207 10.3003 17.1218 13.1797 9.9333 0.0 17.668 12.103 0.132024176766 0.0
2017-08-07 03:02:31.718000 14880.241 6.052 71.609 46.541 74.429 9.582 50.0918 49.9309 9.9629 10.2414 17.0036 13.107 9.8511 0.0 17.4306 12.061 0.132324012695 0.0
2017-08-07 03:03:39.758000 14948.281 6.017 71.61 46.412 74.435 9.542 50.0545 49.7001 9.9091 10.1867 16.8877 13.0357 9.8128 0.0 17.2709 12.02 0.132682150055 0.0
2017-08-07 03:04:47.648000 15016.171 6.873 71.608 46.317 74.439 9.482 50.0155 49.8427 9.8464 10.1233 16.771 12.9647 9.755 0.0 17.0951 11.972 0.132715465158 0.0
2017-08-07 03:05:55.558000 15084.081 6.22 71.609 46.43 74.44 9.433 49.9809 50.1599 9.7952 10.0712 16.6518 12.8986 9.6977 0.0 16.8758 11.931 0.132882040674 0.0
2017-08-07 03:07:03.498000 15152.021 5.851 71.608 46.383 74.446 9.391 49.9393 50.5037 9.7484 10.0239 16.5321 12.8329 9.6464 0.0 16.7072 11.892 0.133156890276 0.0
2017-08-07 03:08:11.518000 15220.041 6.581 71.608 46.215 74.45 9.337 50.2423 50.456 9.7086 9.9834 16.4081 12.7659 9.5921 0.0 16.413 11.85 0.13392313765 0.0
2017-08-07 03:09:19.548000 15288.071 6.404 71.606 46.291 74.45 9.313 50.8847 50.2526 9.7308 10.0044 16.2867 12.7065 9.565 0.0 16.1135 11.813 0.133689931927 0.0
2017-08-07 03:10:27.558000 15356.081 5.747 71.604 46.355 74.453 9.256 51.229 50.0295 9.7869 10.0585 16.1621 12.6475 9.5006 0.0 15.8552 11.776 0.133240178034 0.0
2017-08-07 03:11:35.639000 15424.162 5.786 71.603 46.196 74.454 9.172 51.2485 49.79 9.773 10.0554 16.0301 12.5806 9.4143 0.0 15.5055 11.728 0.133473383756 0.0
2017-08-07 03:12:43.769000 15492.292 5.689 71.602 46.192 74.456 9.085 51.2196 49.5592 9.7015 10.0002 15.8956 12.5088 9.3263 0.0 15.2822 11.668 0.133956452753 0.0
2017-08-07 03:13:51.919000 15560.442 6.338 71.601 46.127 74.457 9.036 51.1857 49.718 9.6184 9.9324 15.7576 12.4419 9.2814 0.0 15.0771 11.612 0.133614972945 0.0
2017-08-07 03:15:00.079000 15628.602 5.648 71.599 46.261 74.458 9.009 51.1573 50.0473 9.5479 9.8726 15.6151 12.3784 9.2461 0.0 14.8572 11.569 0.133706589479 0.0
2017-08-07 03:16:08.279000 15696.802 5.565 71.597 46.138 74.461 8.935 51.1089 50.3927 9.4673 9.7959 15.4729 12.3114 9.1723 0.0 14.6437 11.522 0.133456726205 0.0
2017-08-07 03:17:16.539000 15765.062 5.512 71.595 46.114 74.462 8.861 51.0642 50.3573 9.3882 9.7186 15.3286 12.2441 9.0994 0.0 14.3739 11.477 0.135347358313 0.0
2017-08-07 03:18:24.959000 15833.482 5.467 71.591 46.093 74.461 8.788 51.0159 50.1446 9.3017 9.6341 15.1796 12.1735 9.0184 0.0 14.0806 11.427 0.135297385658 0.0
2017-08-07 03:19:33.589000 15902.112 5.41 71.589 46.079 74.46 8.729 50.9641 49.9309 9.2085 9.5412 15.0247 12.0999 8.9654 0.0 13.8697 11.372 0.135222426676 0.0
2017-08-07 03:20:42.089000 15970.612 5.35 71.587 46.085 74.463 8.642 50.9172 49.6933 9.1208 9.4507 14.8753 12.0273 8.8786 0.0 13.6061 11.319 0.135339029537 0.0
2017-08-07 03:21:50.659000 16039.182 5.318 71.583 46.065 74.46 8.567 50.868 49.8467 9.0415 9.3702 14.7254 11.9569 8.821 0.0 13.3558 11.269 0.138787142722 0.0
2017-08-07 03:22:59.299000 16107.822 5.367 71.58 46.114 74.461 8.529 50.8177 50.1869 8.9668 9.2925 14.5737 11.889 8.7582 0.0 13.1924 11.219 0.139894869904 0.0
2017-08-07 03:24:07.960000 16176.483 5.341 71.577 46.09 74.46 8.495 50.7761 50.5456 8.9085 9.2311 14.4263 11.8241 8.727 0.0 13.0697 11.177 0.140182491851 0.0
2017-08-07 03:25:16.570000 16245.093 5.28 71.576 46.063 74.461 8.461 50.7419 50.5172 8.8627 9.1822 14.2853 11.7626 8.6789 0.0 12.9219 11.144 0.139928185007 0.0
2017-08-07 03:26:25.210000 16313.733 5.272 71.571 46.047 74.457 8.368 50.7 50.3064 8.8056 9.1222 14.1475 11.7011 8.6145 0.0 12.7557 11.107 0.139936513783 0.0
2017-08-07 03:27:33.860000 16382.383 5.822 71.567 45.857 74.459 8.374 50.6572 50.0933 8.7512 9.0648 14.0128 11.64 8.584 0.0 12.6144 11.07 0.14129467271 0.0
2017-08-07 03:28:42.510000 16451.033 5.72 71.565 45.873 74.458 8.27 50.6087 49.8638 8.7003 9.0091 13.8871 11.5811 8.5243 0.0 12.4705 11.035 0.141483346249 0.0
2017-08-07 03:29:51.210000 16519.733 5.677 71.56 45.855 74.456 8.262 50.5675 49.6266 8.6423 8.9482 13.7632 11.5213 8.4611 0.0 12.263 10.997 0.141006697309 0.0
2017-08-07 03:30:59.860000 16588.383 5.298 71.556 45.804 74.453 8.267 50.5351 49.8069 8.6016 8.9071 13.6422 11.4665 8.4639 0.0 12.231 10.966 0.141145719917 0.0
2017-08-07 03:32:08.770000 16657.293 5.036 71.554 45.774 74.452 8.243 50.5052 50.1461 8.5741 8.8762 13.5274 11.418 8.4404 0.0 12.1697 10.945 0.140758442653 0.0
2017-08-07 03:33:17.480000 16726.003 5.025 71.547 45.913 74.45 8.239 50.4767 50.5102 8.5553 8.8549 13.425 11.3733 8.445 0.0 12.1808 10.928 0.140261933341 0.0
2017-08-07 03:34:26.240000 16794.763 5.551 71.542 45.894 74.448 8.079 50.4509 50.4854 8.5404 8.8366 13.3308 11.3316 8.4224 0.0 12.1489 10.916 0.140112980547 0.0
2017-08-07 03:35:35.061000 16863.584 5.561 71.537 45.76 74.444 8.2 50.4156 50.2841 8.5205 8.8141 13.245 11.2919 8.4026 0.0 12.0706 10.902 0.139503417441 0.0
2017-08-07 03:36:43.931000 16932.454 5.371 71.532 45.652 74.44 8.162 50.3837 50.053 8.4902 8.7811 13.1624 11.2517 8.3605 0.0 12.0003 10.883 0.139894869904 0.0
2017-08-07 03:37:52.801000 17001.324 4.966 71.524 45.796 74.436 8.16 50.3503 49.8367 8.4655 8.7548 13.0831 11.2127 8.3601 0.0 11.9198 10.866 0.140291723899 0.0
2017-08-07 03:39:01.721000 17070.244 5.295 71.518 45.767 74.433 8.115 50.3139 49.6105 8.4318 8.7193 13.0083 11.1746 8.3115 0.0 11.8389 10.844 0.140043469243 0.0
2017-08-07 03:40:10.691000 17139.214 5.374 71.512 45.688 74.428 8.111 50.2917 49.7835 8.4182 8.7057 12.9409 11.1416 8.337 0.0 11.9015 10.833 0.140996767123 0.0
2017-08-07 03:41:19.711000 17208.234 4.981 71.503 45.513 74.421 8.146 50.2711 50.1316 8.4184 8.7027 12.8842 11.1134 8.3445 0.0 11.8932 10.831 0.140440676693 0.0
2017-08-07 03:42:28.681000 17277.204 5.127 71.493 45.627 74.419 8.162 50.2586 50.4932 8.429 8.7107 12.8343 11.0898 8.3594 0.0 11.9782 10.835 0.140321514458 0.0
2017-08-07 03:43:37.751000 17346.274 5.622 71.482 45.623 74.408 8.176 50.2363 50.4854 8.4395 8.7185 12.7939 11.0689 8.3747 0.0 12.0076 10.841 0.140480397438 0.0
2017-08-07 03:44:47.051000 17415.574 5.023 71.471 45.475 74.402 8.136 50.1968 50.2612 8.435 8.7114 12.7555 11.0454 8.3263 0.0 11.847 10.84 0.140589629487 0.0
2017-08-07 03:45:56.161000 17484.684 4.96 71.46 45.565 74.392 8.137 50.1644 50.0524 8.4147 8.6913 12.7144 11.0182 8.3361 0.0 11.8187 10.828 0.141006697309 0.0
2017-08-07 03:47:05.301000 17553.824 5.225 71.444 45.331 74.382 8.126 50.1321 49.8336 8.4006 8.6781 12.6765 10.9946 8.3174 0.0 11.8117 10.82 0.141195370848 0.0
2017-08-07 03:48:14.472000 17622.995 4.926 71.434 45.479 74.371 8.112 50.1093 49.5943 8.3866 8.6638 12.6406 10.9738 8.3077 0.0 11.7642 10.812 0.141274812338 0.0
2017-08-07 03:49:23.742000 17692.265 5.507 71.419 45.218 74.36 8.106 50.0862 49.7587 8.3771 8.6536 12.6063 10.9532 8.2934 0.0 11.7413 10.805 0.140788233212 0.0
2017-08-07 03:50:33.672000 17762.195 4.986 71.402 45.378 74.35 8.104 50.0516 50.1139 8.3684 8.6448 12.5716 10.9305 8.2934 0.0 11.7339 10.798 0.141483346249 0.0
2017-08-07 03:51:43.332000 17831.855 4.93 71.385 45.34 74.334 8.102 50.019 50.4743 8.3644 8.6417 12.5385 10.9096 8.2902 0.0 11.6943 10.792 0.141066278427 0.0
2017-08-07 03:52:52.642000 17901.165 5.502 71.368 45.152 74.32 8.103 49.9977 50.462 8.3643 8.6421 12.507 10.8906 8.2947 0.0 11.7481 10.79 0.139936513783 0.0
2017-08-07 03:54:02.002000 17970.525 4.927 71.349 45.185 74.303 8.081 49.9695 50.2408 8.3607 8.6373 12.4815 10.8728 8.2657 0.0 11.667 10.788 0.140996767123 0.0
2017-08-07 03:55:11.402000 18039.925 5.585 71.329 44.971 74.288 8.105 50.2995 50.028 8.3711 8.6486 12.4564 10.8566 8.2944 0.0 11.6723 10.785 0.143707707968 0.0
2017-08-07 03:56:20.842000 18109.365 4.961 71.307 45.118 74.271 8.12 50.95 49.7985 8.4594 8.7356 12.4395 10.8517 8.3133 0.0 11.603 10.787 0.146537811049 0.0
2017-08-07 03:57:30.472000 18178.995 5.069 71.284 44.876 74.25 8.092 51.3177 49.5713 8.5862 8.8638 12.4217 10.8478 8.2798 0.0 11.5134 10.79 0.147193203341 0.0
2017-08-07 03:58:39.962000 18248.485 5.401 71.259 44.902 74.23 7.963 51.3501 49.7456 8.6215 8.911 12.3961 10.8335 8.2654 0.0 11.4877 10.781 0.14650802049 0.0
2017-08-07 03:59:49.473000 18317.996 4.916 71.232 44.89 74.206 8.024 51.3511 50.0973 8.6083 8.9126 12.3675 10.8167 8.2614 0.0 11.4648 10.773 0.146637112911 0.0
2017-08-07 04:00:59.033000 18387.556 5.569 71.204 44.65 74.182 8.093 51.3421 50.4659 8.5866 8.9042 12.3407 10.801 8.2759 0.0 11.5137 10.771 0.146488160117 0.0
2017-08-07 04:02:08.643000 18457.166 5.02 71.175 44.792 74.159 8.115 51.3312 50.452 8.5674 8.893 12.3198 10.7889 8.3004 0.0 11.5603 10.775 0.146160463971 0.0
2017-08-07 04:03:18.313000 18526.836 4.923 71.143 44.73 74.132 8.097 51.3141 50.2366 8.5406 8.8686 12.3019 10.776 8.2845 0.0 11.5186 10.777 0.146289556392 0.0
2017-08-07 04:04:27.993000 18596.516 5.125 71.111 44.451 74.105 8.048 51.2719 50.0025 8.4924 8.8215 12.279 10.7559 8.2265 0.0 11.3914 10.764 0.145644094286 0.0
2017-08-07 04:05:37.673000 18666.196 5.472 71.077 44.529 74.075 8.033 51.2386 49.7804 8.4455 8.7748 12.2514 10.7335 8.2126 0.0 11.3791 10.746 0.14547528112 0.0
2017-08-07 04:06:47.373000 18735.896 5.072 71.044 44.493 74.044 8.033 51.2111 49.5643 8.4104 8.7378 12.2223 10.7121 8.215 0.0 11.354 10.734 0.145405769817 0.0
2017-08-07 04:07:57.153000 18805.676 4.932 71.008 44.347 74.014 8.017 51.1818 49.7241 8.3834 8.7077 12.1946 10.6919 8.1943 0.0 11.3138 10.725 0.145306467954 0.0
2017-08-07 04:09:06.943000 18875.466 5.029 70.969 44.19 73.98 8.014 51.1573 50.0778 8.3585 8.6794 12.1661 10.6709 8.196 0.0 11.3318 10.714 0.145217096278 0.0
2017-08-07 04:10:17.033000 18945.556 5.402 70.932 44.075 73.945 8.038 51.1407 50.446 8.3589 8.6762 12.1419 10.6551 8.2205 0.0 11.35 10.716 0.144869539759 0.0
2017-08-07 04:11:26.854000 19015.377 5.529 70.892 44.024 73.91 8.041 51.1201 50.4315 8.3566 8.6687 12.1222 10.6405 8.2266 0.0 11.383 10.718 0.144601424731 0.0
2017-08-07 04:12:36.794000 19085.317 5.5 70.849 43.999 73.872 8.044 51.0945 50.2118 8.3566 8.6641 12.106 10.6273 8.2238 0.0 11.3841 10.721 0.144541843613 0.0
2017-08-07 04:13:46.704000 19155.227 5.384 70.807 43.999 73.835 8.025 51.0626 49.9879 8.3368 8.6401 12.0891 10.6102 8.2022 0.0 11.2767 10.712 0.14515751516 0.0
2017-08-07 04:14:56.674000 19225.197 5.157 70.763 44.015 73.796 8.002 51.0263 49.7623 8.3096 8.6115 12.0678 10.5905 8.1812 0.0 11.2497 10.697 0.145326328327 0.0
2017-08-07 04:16:06.704000 19295.227 4.969 70.72 43.98 73.755 8.03 51.0033 49.9472 8.3013 8.6015 12.0454 10.5735 8.2149 0.0 11.3586 10.692 0.145495141493 0.0
2017-08-07 04:17:16.734000 19365.257 4.878 70.676 43.934 73.715 8.006 50.9779 50.2812 8.3006 8.5977 12.0279 10.5592 8.1929 0.0 11.3415 10.691 0.14595193006 0.0
2017-08-07 04:18:26.784000 19435.307 4.871 70.63 43.859 73.672 8.027 50.9581 50.6373 8.3037 8.599 12.0119 10.5461 8.2087 0.0 11.3165 10.691 0.145127724602 0.0
2017-08-07 04:19:36.904000 19505.427 4.891 70.585 43.751 73.63 8.038 50.9362 50.6228 8.3132 8.6064 11.9991 10.5352 8.2196 0.0 11.3346 10.695 0.145644094286 0.0
2017-08-07 04:20:47.244000 19575.767 4.933 70.539 43.754 73.588 7.975 50.9127 50.4174 8.3111 8.6021 11.9877 10.522 8.2148 0.0 11.3568 10.693 0.145356118885 0.0
2017-08-07 04:21:57.404000 19645.927 4.86 70.492 43.679 73.543 8.018 50.8808 50.1833 8.301 8.59 11.9767 10.5081 8.1965 0.0 11.2925 10.688 0.14539583963 0.0
2017-08-07 04:23:07.625000 19716.158 5.142 70.443 43.588 73.497 8.006 50.8479 49.9589 8.2899 8.5776 11.9641 10.4937 8.1807 0.0 11.2657 10.682 0.144234007839 0.0
2017-08-07 04:24:17.875000 19786.398 4.909 70.395 43.577 73.453 7.983 50.8102 49.7301 8.2653 8.5533 11.9473 10.4762 8.1599 0.0 11.1821 10.665 0.147898246564 0.0
2017-08-07 04:25:28.115000 19856.638 5.309 70.346 43.384 73.409 7.964 50.7773 49.8925 8.2428 8.5309 11.9262 10.4575 8.1381 0.0 11.1819 10.649 0.147153482596 0.0
2017-08-07 04:26:38.455000 19926.978 5.067 70.298 43.383 73.361 8.006 50.7608 50.2602 8.2464 8.5355 11.9057 10.443 8.1821 0.0 11.2333 10.645 0.146686763842 0.0
2017-08-07 04:27:48.825000 19997.348 5.402 70.245 43.133 73.313 7.999 50.7384 50.6208 8.253 8.5404 11.8907 10.4311 8.177 0.0 11.2998 10.645 0.147183273155 0.0
2017-08-07 04:28:59.225000 20067.748 5.221 70.189 42.85 73.261 7.991 50.7153 50.5889 8.2564 8.5426 11.8786 10.4187 8.1708 0.0 11.2235 10.642 0.14714355241 0.0
2017-08-07 04:30:09.625000 20138.148 4.808 70.118 42.244 73.2 7.872 50.6792 50.3702 8.2398 8.5252 11.8657 10.4027 8.1174 0.0 11.1733 10.629 0.14706411092 0.0
2017-08-07 04:31:20.305000 20208.828 4.762 69.997 41.769 73.105 7.923 50.6431 50.147 8.2151 8.501 11.8476 10.3836 8.1055 0.0 11.1246 10.609 0.146220045089 0.0
2017-08-07 04:32:30.765000 20279.288 5.114 69.835 41.501 72.983 7.915 50.6083 49.9172 8.193 8.4799 11.826 10.3636 8.0903 0.0 11.0858 10.589 0.14595193006 0.0
2017-08-07 04:33:41.265000 20349.788 5.336 69.678 41.175 72.855 7.902 50.5821 49.6948 8.1764 8.4639 11.8027 10.3437 8.0726 0.0 11.0854 10.573 0.131482806338 0.0
2017-08-07 04:34:51.826000 20420.349 5.11 69.536 40.961 72.728 7.901 50.552 49.8644 8.1635 8.45 11.7802 10.3244 8.0751 0.0 11.0515 10.558 0.131557765321 0.0
2017-08-07 04:36:02.396000 20490.919 4.793 69.397 41.025 72.603 7.862 50.5291 50.2189 8.1636 8.4495 11.7587 10.3077 8.0865 0.0 11.0525 10.549 0.131716012061 0.0
2017-08-07 04:37:13.046000 20561.569 5.155 69.262 41.044 72.48 7.905 50.5037 50.5765 8.1678 8.4528 11.7399 10.2932 8.0797 0.0 11.0657 10.543 0.131507792666 0.0
2017-08-07 04:38:23.726000 20632.249 5.377 69.13 40.685 72.355 7.919 50.4878 50.565 8.1785 8.4635 11.7253 10.2818 8.092 0.0 11.1305 10.541 0.131491135114 0.0
2017-08-07 04:39:34.406000 20702.929 4.955 69.0 40.553 72.233 7.902 50.4623 50.3398 8.1774 8.4602 11.713 10.2685 8.0739 0.0 11.0743 10.535 0.131616066751 0.0
2017-08-07 04:40:45.106000 20773.629 4.904 68.873 40.783 72.115 7.902 50.4294 50.1238 8.1679 8.4507 11.6993 10.2527 8.0738 0.0 11.034 10.523 0.131482806338 0.0
2017-08-07 04:41:56.096000 20844.619 4.934 68.747 40.361 71.994 7.881 50.3922 49.8934 8.1487 8.4318 11.6814 10.2345 8.052 0.0 11.0507 10.504 0.131382861029 0.0
2017-08-07 04:43:06.876000 20915.399 4.758 68.623 40.541 71.874 7.869 50.3609 49.6598 8.1327 8.416 11.6611 10.2165 8.0398 0.0 10.9663 10.488 0.131641053079 0.0
2017-08-07 04:44:17.736000 20986.259 5.23 68.501 40.412 71.757 7.867 50.3308 49.8387 8.1214 8.4049 11.6398 10.1986 8.037 0.0 10.941 10.475 0.131507792666 0.0
2017-08-07 04:45:28.586000 21057.109 4.777 68.383 40.328 71.641 7.875 50.3061 50.1954 8.1195 8.4032 11.6188 10.1823 8.0455 0.0 10.9737 10.464 0.131666039406 0.0
2017-08-07 04:46:39.486000 21128.009 4.779 68.265 40.431 71.526 7.89 50.2901 50.5576 8.1289 8.4125 11.6017 10.1695 8.0625 0.0 11.0528 10.461 0.131674368182 0.0
2017-08-07 04:47:50.467000 21198.99 5.251 68.147 39.973 71.41 7.875 50.2646 50.5267 8.134 8.4167 11.5877 10.1574 8.0432 0.0 10.956 10.456 0.131749327164 0.0
2017-08-07 04:49:01.387000 21269.91 4.826 68.033 40.33 71.301 7.866 50.2348 50.3174 8.1273 8.4099 11.5737 10.1427 8.0352 0.0 10.9776 10.446 0.131516121441 0.0
2017-08-07 04:50:12.387000 21340.91 5.067 67.923 39.87 71.189 7.869 50.2089 50.0973 8.1186 8.4016 11.5575 10.1272 8.0412 0.0 10.9801 10.434 0.131391189804 0.0
2017-08-07 04:51:23.407000 21411.93 4.853 67.813 40.208 71.079 7.836 50.1773 49.8564 8.1038 8.3863 11.5418 10.1108 8.0008 0.0 10.8986 10.419 0.131541107769 0.0
2017-08-07 04:52:34.697000 21483.22 4.736 67.702 40.081 70.973 7.838 50.1405 49.6356 8.0889 8.3716 11.5229 10.0925 8.0055 0.0 10.9187 10.404 0.131524450217 0.0
2017-08-07 04:53:45.777000 21554.3 5.298 67.598 39.819 70.867 7.826 50.115 49.8021 8.0777 8.3602 11.5031 10.0756 7.9895 0.0 10.8893 10.39 0.131541107769 0.0
2017-08-07 04:54:56.917000 21625.44 4.738 67.493 39.995 70.762 7.735 50.0952 50.1614 8.0802 8.363 11.4863 10.0619 8.0135 0.0 10.885 10.382 0.131541107769 0.0
2017-08-07 04:56:08.097000 21696.62 4.827 67.389 39.725 70.659 7.852 50.0718 50.5357 8.088 8.371 11.4715 10.049 8.02 0.0 10.9404 10.378 0.131507792666 0.0
2017-08-07 04:57:19.297000 21767.82 5.148 67.29 39.931 70.559 7.862 50.0519 50.5157 8.102 8.3845 11.4608 10.0395 8.0361 0.0 10.9474 10.378 0.13149946389 0.0
2017-08-07 04:58:30.527000 21839.05 4.761 67.192 39.969 70.461 7.85 50.0215 50.2965 8.1045 8.3853 11.4519 10.028 8.0137 0.0 10.9289 10.373 0.13149946389 0.0
2017-08-07 04:59:41.868000 21910.391 5.254 67.096 39.529 70.363 7.839 49.9885 50.0699 8.0935 8.3743 11.4401 10.0132 8.0026 0.0 10.8788 10.361 0.131549436545 0.0
2017-08-07 05:00:53.158000 21981.681 5.254 67.0 39.68 70.266 7.811 49.9513 49.8332 8.0757 8.357 11.4245 9.9964 7.975 0.0 10.8553 10.345 0.131449491235 0.0
2017-08-07 05:02:04.728000 22053.251 4.971 66.907 39.854 70.17 7.838 50.3025 49.606 8.0891 8.372 11.4082 9.9845 8.0024 0.0 10.839 10.336 0.131566094096 0.0
2017-08-07 05:03:16.088000 22124.611 4.741 66.817 39.799 70.076 7.857 50.9829 49.7753 8.1915 8.4732 11.4037 9.9893 8.0302 0.0 10.806 10.334 0.13165771063 0.0
2017-08-07 05:04:27.478000 22196.001 4.802 66.726 39.558 69.986 7.854 51.358 50.136 8.3406 8.6247 11.3994 9.9966 8.0208 0.0 10.7805 10.336 0.131507792666 0.0
2017-08-07 05:05:38.928000 22267.451 5.145 66.638 39.673 69.892 7.823 51.3985 50.5123 8.3911 8.689 11.3877 9.9909 8.019 0.0 10.7975 10.33 0.131632724303 0.0
2017-08-07 05:06:50.418000 22338.941 5.286 66.553 39.793 69.804 7.842 51.395 50.4872 8.3808 8.6947 11.3714 9.9789 8.0079 0.0 10.7752 10.321 0.131557765321 0.0
2017-08-07 05:08:01.908000 22410.431 5.018 66.47 39.659 69.715 7.822 51.3764 50.2716 8.3443 8.6716 11.3537 9.9633 7.9954 0.0 10.7175 10.309 0.13149946389 0.0
2017-08-07 05:09:13.428000 22481.951 4.729 66.387 39.72 69.627 7.804 51.3501 50.034 8.2994 8.6356 11.3348 9.9458 7.9644 0.0 10.6164 10.297 0.131524450217 0.0
2017-08-07 05:10:25.278000 22553.801 4.756 66.304 39.482 69.543 7.618 51.3261 49.81 8.2491 8.5902 11.3136 9.9269 7.9586 0.0 10.6202 10.279 0.141681949974 0.0
2017-08-07 05:11:36.889000 22625.412 4.724 66.222 39.245 69.456 7.792 51.3054 49.5919 8.2079 8.5493 11.2912 9.9079 7.9519 0.0 10.7038 10.263 0.14280406102 0.0
2017-08-07 05:12:48.539000 22697.062 4.823 66.143 39.271 69.37 7.78 51.2844 49.7714 8.1821 8.52 11.2722 9.8914 7.9734 0.0 10.6983 10.255 0.142516085619 0.0
2017-08-07 05:14:00.149000 22768.672 5.312 66.062 39.248 69.287 7.697 51.2653 50.1253 8.1658 8.4992 11.2555 9.8765 7.9615 0.0 10.7041 10.249 0.141384044387 0.0
2017-08-07 05:15:11.849000 22840.372 5.087 65.984 39.512 69.203 7.81 51.2404 50.4988 8.1552 8.4846 11.2407 9.8635 7.9764 0.0 10.694 10.244 0.141701810347 0.0
2017-08-07 05:16:23.599000 22912.122 5.246 65.904 39.357 69.121 7.793 51.2082 50.4605 8.1427 8.4684 11.2257 9.8487 7.9568 0.0 10.6297 10.236 0.142575666736 0.0
2017-08-07 05:17:35.379000 22983.902 4.77 65.827 39.579 69.04 7.739 51.1722 50.2571 8.117 8.4399 11.2069 9.8292 7.946 0.0 10.634 10.22 0.142516085619 0.0
2017-08-07 05:18:47.189000 23055.712 4.914 65.749 39.531 68.958 7.717 51.1393 50.0235 8.0966 8.4165 11.1874 9.8108 7.9375 0.0 10.5949 10.208 0.142367132825 0.0
2017-08-07 05:19:59.279000 23127.802 5.138 65.675 39.404 68.879 7.753 51.1071 49.7814 8.0715 8.3884 11.1655 9.7907 7.9117 0.0 10.5321 10.191 0.142426713943 0.0
2017-08-07 05:21:11.129000 23199.652 5.238 65.6 39.199 68.8 7.731 51.0678 49.5502 8.0444 8.3585 11.1406 9.7692 7.891 0.0 10.4833 10.172 0.142516085619 0.0
2017-08-07 05:22:23.119000 23271.642 5.284 65.525 39.071 68.719 7.73 51.0373 49.7447 8.017 8.3289 11.1132 9.746 7.8933 0.0 10.5216 10.151 0.141235091593 0.0
2017-08-07 05:23:35.100000 23343.623 5.015 65.45 38.98 68.641 7.663 51.0178 50.0952 8.0149 8.3248 11.0894 9.7299 7.8888 0.0 10.4992 10.144 0.142754410089 0.0
2017-08-07 05:24:47.140000 23415.673 4.793 65.373 39.034 68.563 7.71 50.997 50.4758 8.0152 8.3223 11.07 9.7157 7.9018 0.0 10.5452 10.136 0.142466434688 0.0
2017-08-07 05:25:59.180000 23487.703 4.732 65.302 39.128 68.483 7.694 50.975 50.4406 8.0169 8.3213 11.0537 9.7028 7.8791 0.0 10.5088 10.133 0.142396923384 0.0
2017-08-07 05:27:11.270000 23559.793 4.697 65.225 39.285 68.405 7.726 50.9485 50.2273 8.0136 8.3161 11.0389 9.6886 7.8877 0.0 10.4632 10.126 0.140986836937 0.0
2017-08-07 05:28:23.610000 23632.133 5.173 65.156 39.139 68.33 7.71 50.9064 49.9977 7.9999 8.3001 11.0223 9.6725 7.8653 0.0 10.4489 10.114 0.141125859544 0.0
2017-08-07 05:29:35.790000 23704.313 5.242 65.083 38.999 68.255 7.692 50.8748 49.7607 7.9773 8.2758 11.0018 9.6528 7.8459 0.0 10.4204 10.095 0.141115929358 0.0
2017-08-07 05:30:47.940000 23776.463 4.703 65.014 39.058 68.177 7.683 50.8381 49.9402 7.9572 8.2554 10.98 9.6331 7.8406 0.0 10.3891 10.077 0.141105999172 0.0
2017-08-07 05:32:00.140000 23848.663 4.685 64.938 39.209 68.1 7.685 50.8195 50.313 7.9604 8.2591 10.9593 9.6181 7.8655 0.0 10.4533 10.071 0.141513136808 0.0
2017-08-07 05:33:12.350000 23920.873 5.169 64.871 39.265 68.028 7.72 50.7982 50.6746 7.9704 8.2677 10.9445 9.6071 7.8795 0.0 10.4595 10.07 0.14185076314 0.0
2017-08-07 05:34:24.621000 23993.144 5.263 64.798 38.932 67.952 7.706 50.7767 50.6373 7.9783 8.2735 10.9345 9.5975 7.8597 0.0 10.4175 10.069 0.141801112209 0.0
2017-08-07 05:35:36.931000 24065.454 4.705 64.726 39.03 67.88 7.573 50.7428 50.4255 7.9709 8.2652 10.9233 9.584 7.8445 0.0 10.4344 10.06 0.14129467271 0.0
2017-08-07 05:36:49.531000 24138.054 5.066 64.659 39.145 67.808 7.68 50.712 50.1929 7.9583 8.2522 10.9099 9.569 7.8321 0.0 10.3966 10.047 0.141185440662 0.0
2017-08-07 05:38:01.921000 24210.444 4.844 64.593 38.741 67.735 7.682 50.6841 49.9649 7.949 8.2425 10.8953 9.5539 7.8357 0.0 10.4029 10.037 0.141433695318 0.0
2017-08-07 05:39:14.351000 24282.874 4.708 64.522 39.181 67.663 7.636 50.6512 49.7215 7.9319 8.2243 10.8798 9.5364 7.8152 0.0 10.3481 10.021 0.141423765132 0.0
2017-08-07 05:40:26.801000 24355.324 5.253 64.454 39.137 67.592 7.663 50.6208 49.9036 7.9213 8.2135 10.8626 9.5196 7.8171 0.0 10.3542 10.008 0.141582648112 0.0
2017-08-07 05:41:39.351000 24427.874 4.682 64.384 39.027 67.519 7.68 50.5934 50.2726 7.9225 8.2153 10.846 9.5055 7.8361 0.0 10.3422 10.001 0.141820972581 0.0
2017-08-07 05:42:51.881000 24500.404 5.143 64.317 38.953 67.449 7.645 50.5735 50.6413 7.925 8.2172 10.8325 9.4935 7.8291 0.0 10.3784 9.994 0.141781251836 0.0
2017-08-07 05:44:04.421000 24572.944 4.776 64.249 38.703 67.376 7.654 50.5456 50.6069 7.9252 8.2171 10.8218 9.4827 7.8177 0.0 10.3852 9.988 0.141364184014 0.0
2017-08-07 05:45:17.091000 24645.614 4.731 64.184 39.092 67.306 7.66 50.5192 50.3946 7.9215 8.2136 10.8103 9.4706 7.8124 0.0 10.3791 9.98 0.141681949974 0.0
2017-08-07 05:46:30.022000 24718.545 4.712 64.118 38.829 67.239 7.658 50.4908 50.1611 7.9179 8.2101 10.7983 9.4588 7.8116 0.0 10.3258 9.973 0.141483346249 0.0
2017-08-07 05:47:42.702000 24791.225 4.962 64.053 39.019 67.169 7.631 50.4524 49.9162 7.8977 8.1886 10.7838 9.4416 7.7835 0.0 10.249 9.956 0.141473416063 0.0
2017-08-07 05:48:55.422000 24863.945 4.648 63.987 38.92 67.099 7.593 50.4141 49.6734 7.8758 8.1677 10.7645 9.4223 7.7527 0.0 10.2238 9.937 0.141334393455 0.0
2017-08-07 05:50:08.212000 24936.735 5.085 63.921 38.868 67.031 7.595 50.3832 49.8507 7.8605 8.1535 10.7421 9.4033 7.743 0.0 10.1996 9.92 0.141592578298 0.0
2017-08-07 05:51:21.032000 25009.555 4.652 63.854 38.966 66.96 7.618 50.3609 50.2348 7.859 8.1525 10.7219 9.3878 7.767 0.0 10.2541 9.91 0.141384044387 0.0
2017-08-07 05:52:33.862000 25082.385 4.741 63.789 38.555 66.893 7.601 50.3344 50.598 7.8572 8.1506 10.7048 9.3737 7.7508 0.0 10.2259 9.901 0.141900414071 0.0
2017-08-07 05:53:46.752000 25155.275 5.188 63.723 38.954 66.823 7.409 50.3109 50.57 7.8606 8.1545 10.6899 9.3611 7.7568 0.0 10.2371 9.896 0.141731600905 0.0
2017-08-07 05:54:59.932000 25228.455 4.705 63.655 38.936 66.753 7.619 50.2851 50.3524 7.8662 8.1589 10.6771 9.3504 7.7686 0.0 10.2567 9.894 0.141652159415 0.0
2017-08-07 05:56:12.832000 25301.355 4.68 63.589 38.658 66.684 7.546 50.2571 50.1165 7.8598 8.1511 10.6656 9.3376 7.7487 0.0 10.1863 9.885 0.141225161407 0.0
2017-08-07 05:57:25.792000 25374.315 5.189 63.528 38.491 66.616 7.59 50.2163 49.8919 7.8429 8.1339 10.6501 9.3214 7.7411 0.0 10.1912 9.87 0.141274812338 0.0
2017-08-07 05:58:38.813000 25447.336 4.929 63.463 38.824 66.549 7.573 50.1944 49.6426 7.832 8.1228 10.6328 9.3069 7.7181 0.0 10.1715 9.859 0.141969925375 0.0
2017-08-07 05:59:51.833000 25520.356 4.629 63.4 38.776 66.482 7.563 50.156 49.8236 7.8161 8.1073 10.613 9.2887 7.7041 0.0 10.1296 9.842 0.141264882152 0.0
2017-08-07 06:01:04.863000 25593.386 5.123 63.334 38.413 66.415 7.529 50.1306 50.1919 7.8119 8.104 10.5945 9.2733 7.7111 0.0 10.1009 9.832 0.1413741142 0.0
2017-08-07 06:02:18.243000 25666.766 5.167 63.272 38.791 66.349 7.576 50.1096 50.575 7.8146 8.108 10.5781 9.2599 7.7212 0.0 10.1543 9.825 0.14145355569 0.0
2017-08-07 06:03:31.383000 25739.906 4.96 63.21 38.773 66.281 7.589 50.0918 50.5505 7.8305 8.1235 10.5674 9.2529 7.7357 0.0 10.1904 9.828 0.141225161407 0.0
2017-08-07 06:04:44.573000 25813.096 4.63 63.147 38.769 66.217 7.56 50.0534 50.318 7.8243 8.1155 10.5566 9.2412 7.7027 0.0 10.1117 9.82 0.141513136808 0.0
2017-08-07 06:05:57.763000 25886.286 4.623 63.084 38.696 66.153 7.549 50.0254 50.0798 7.8108 8.1026 10.5414 9.2266 7.6914 0.0 10.088 9.807 0.141582648112 0.0
2017-08-07 06:07:11.003000 25959.526 4.783 63.024 38.289 66.087 7.532 49.9915 49.8447 7.7935 8.086 10.5242 9.2096 7.6714 0.0 10.0332 9.791 0.142138738541 0.0
2017-08-07 06:08:24.293000 26032.816 4.818 62.959 38.262 66.022 7.528 49.9589 49.6171 7.7773 8.0696 10.5047 9.1927 7.6759 0.0 10.0522 9.775 0.141681949974 0.0
2017-08-07 06:09:37.663000 26106.186 5.095 62.898 38.525 65.953 7.566 50.3294 49.797 7.8038 8.0969 10.49 9.1852 7.7125 0.0 10.0779 9.774 0.142208249845 0.0
2017-08-07 06:10:51.244000 26179.767 4.829 62.834 38.235 65.888 7.612 51.0342 50.1695 7.9423 8.233 10.4921 9.2024 7.7646 0.0 10.0786 9.786 0.14248629506 0.0
2017-08-07 06:12:04.684000 26253.207 4.869 62.772 38.479 65.824 7.587 51.415 50.5495 8.109 8.402 10.4942 9.2201 7.7347 0.0 10.0536 9.794 0.14248629506 0.0
2017-08-07 06:13:18.064000 26326.587 5.118 62.713 38.514 65.761 7.533 51.4517 50.5198 8.1567 8.4657 10.4861 9.2177 7.7134 0.0 10.0082 9.788 0.141721670719 0.0
2017-08-07 06:14:31.544000 26400.067 5.081 62.654 38.518 65.697 7.472 51.4278 50.288 8.1236 8.4508 10.4691 9.2011 7.6905 0.0 9.9275 9.769 0.141711740533 0.0
2017-08-07 06:15:45.044000 26473.567 5.049 62.596 38.509 65.636 7.506 51.4064 50.0587 8.0607 8.405 10.4439 9.1774 7.655 0.0 9.9153 9.745 0.141830902768 0.0
2017-08-07 06:16:58.574000 26547.097 5.045 62.535 38.482 65.572 7.46 51.3784 49.8128 7.9979 8.3526 10.4165 9.1522 7.6296 0.0 9.849 9.723 0.142178459286 0.0
2017-08-07 06:18:12.444000 26620.967 4.963 62.472 38.133 65.507 7.48 51.3446 49.5707 7.9427 8.3007 10.3871 9.1269 7.6138 0.0 9.7485 9.704 0.141721670719 0.0
2017-08-07 06:19:26.074000 26694.597 4.935 62.412 38.128 65.445 7.467 51.3127 49.7668 7.8855 8.2433 10.3549 9.0999 7.6006 0.0 9.7909 9.679 0.141940134816 0.0
2017-08-07 06:20:39.674000 26768.197 4.591 62.355 38.073 65.381 7.47 51.301 50.1366 7.8598 8.2163 10.3271 9.0806 7.6033 0.0 9.7922 9.671 0.14200964612 0.0
2017-08-07 06:21:53.374000 26841.907 4.595 62.292 38.417 65.315 7.471 51.2764 50.5162 7.8437 8.1951 10.3057 9.0647 7.6071 0.0 9.7951 9.666 0.141860693326 0.0
2017-08-07 06:23:07.175000 26915.698 4.89 62.23 38.422 65.253 7.468 51.2471 50.4833 7.8286 8.1751 10.2865 9.0495 7.604 0.0 9.752 9.66 0.142257900776 0.0
2017-08-07 06:24:20.995000 26989.518 4.9 62.172 38.467 65.19 7.466 51.2202 50.2681 7.8083 8.1503 10.267 9.0331 7.6041 0.0 9.7754 9.651 0.142029506493 0.0
2017-08-07 06:25:35.155000 27063.678 4.617 62.113 38.07 65.127 7.454 51.1871 50.0295 7.7866 8.1237 10.2477 9.0155 7.5954 0.0 9.7834 9.639 0.14232741208 0.0
2017-08-07 06:26:50.715000 27139.238 4.572 62.049 38.469 65.063 7.431 51.1513 49.7703 7.7581 8.0903 10.2259 8.9958 7.5602 0.0 9.6761 9.622 0.142357202639 0.0
2017-08-07 06:28:04.675000 27213.198 4.981 61.991 38.423 65.001 7.398 51.1075 49.5299 7.7255 8.0536 10.1994 8.9732 7.536 0.0 9.6111 9.6 0.142516085619 0.0
2017-08-07 06:29:18.605000 27287.128 4.895 61.927 38.259 64.936 7.408 51.079 49.7221 7.7077 8.0329 10.1726 8.9538 7.5393 0.0 9.6263 9.587 0.142635247854 0.0
2017-08-07 06:30:32.615000 27361.138 4.57 61.869 37.923 64.871 7.42 51.0581 50.1048 7.6994 8.021 10.1495 8.9373 7.5523 0.0 9.6438 9.577 0.142545876177 0.0
2017-08-07 06:31:46.675000 27435.198 4.86 61.809 38.353 64.806 7.425 51.0328 50.4869 7.7003 8.0189 10.1314 8.925 7.5601 0.0 9.6782 9.573 0.142972874186 0.0
2017-08-07 06:33:01.035000 27509.558 5.074 61.748 37.946 64.743 7.42 51.0105 50.452 7.7012 8.0172 10.1176 8.9142 7.5518 0.0 9.6424 9.57 0.14232741208 0.0
2017-08-07 06:34:15.106000 27583.629 4.683 61.691 38.114 64.68 7.412 50.9765 50.2309 7.6955 8.0093 10.1031 8.9019 7.5446 0.0 9.6512 9.563 0.141820972581 0.0
2017-08-07 06:35:29.296000 27657.819 5.088 61.63 38.062 64.615 7.4 50.9497 49.9864 7.6803 7.9916 10.0881 8.8877 7.5294 0.0 9.6281 9.552 0.142605457295 0.0
2017-08-07 06:36:43.496000 27732.019 4.659 61.573 37.906 64.554 7.378 50.9096 49.7356 7.6581 7.9688 10.0699 8.8697 7.5004 0.0 9.5335 9.534 0.142347272453 0.0
2017-08-07 06:37:57.746000 27806.269 4.986 61.517 38.148 64.492 7.369 50.8724 49.9256 7.6401 7.9508 10.0469 8.8509 7.4869 0.0 9.5295 9.517 0.14208908761 0.0
2017-08-07 06:39:11.946000 27880.469 4.865 61.457 37.814 64.431 7.353 50.8504 50.2989 7.6356 7.9453 10.027 8.8362 7.4979 0.0 9.5512 9.509 0.142317481894 0.0
2017-08-07 06:40:26.206000 27954.729 4.772 61.401 38.29 64.37 7.377 50.8222 50.6816 7.6398 7.9489 10.0109 8.8249 7.4987 0.0 9.5565 9.504 0.142188389473 0.0
2017-08-07 06:41:40.796000 28029.319 4.612 61.344 37.91 64.308 7.376 50.7962 50.6467 7.6433 7.9521 9.9967 8.8145 7.4948 0.0 9.55 9.501 0.142158598914 0.0
2017-08-07 06:42:55.106000 28103.629 5.039 61.286 38.259 64.249 7.364 50.7569 50.4187 7.6295 7.9369 9.9812 8.7998 7.4902 0.0 9.4908 9.489 0.142625317667 0.0
2017-08-07 06:44:09.446000 28177.969 4.653 61.226 37.748 64.186 7.346 50.7299 50.174 7.618 7.9255 9.9632 8.7852 7.4674 0.0 9.4731 9.479 0.142138738541 0.0
2017-08-07 06:45:23.946000 28252.469 4.911 61.17 38.085 64.122 7.341 50.6916 49.9396 7.5999 7.9073 9.9439 8.7675 7.4616 0.0 9.4564 9.465 0.142287691335 0.0
2017-08-07 06:46:38.427000 28326.95 4.537 61.112 37.989 64.062 7.325 50.6611 49.6973 7.5805 7.887 9.9234 8.7489 7.4483 0.0 9.4112 9.45 0.142118878169 0.0
2017-08-07 06:47:52.947000 28401.47 5.047 61.056 37.766 64.002 7.299 50.6193 49.8788 7.5577 7.8637 9.9003 8.7289 7.4193 0.0 9.3969 9.431 0.142069227238 0.0
2017-08-07 06:49:07.737000 28476.26 5.017 60.997 37.879 63.939 7.308 50.5952 50.2576 7.553 7.8598 9.8777 8.7129 7.4284 0.0 9.3972 9.421 0.142426713943 0.0
2017-08-07 06:50:16.927000 28545.45 4.661 60.943 37.649 63.883 7.318 50.5735 50.6169 7.5599 7.8669 9.8615 8.7027 7.4346 0.0 9.4184 9.419 0.142178459286 0.0
2017-08-07 06:51:26.077000 28614.6 4.923 60.889 38.076 63.825 7.315 50.551 50.5895 7.561 7.8673 9.8485 8.6926 7.4362 0.0 9.4111 9.414 0.142595527109 0.0
2017-08-07 06:52:35.287000 28683.81 4.879 60.837 37.576 63.768 7.316 50.5267 50.3871 7.5589 7.8643 9.8359 8.682 7.4361 0.0 9.3966 9.409 0.142377063011 0.0
2017-08-07 06:53:44.487000 28753.01 4.512 60.783 37.942 63.712 7.097 50.4938 50.1571 7.5475 7.8521 9.8216 8.6693 7.4064 0.0 9.3235 9.399 0.142337342266 0.0
2017-08-07 06:54:54.007000 28822.53 4.525 60.733 37.613 63.658 6.947 50.4575 49.9211 7.5269 7.8312 9.8032 8.6528 7.3719 0.0 9.2902 9.383 0.142982804372 0.0
2017-08-07 06:56:03.247000 28891.77 4.628 60.681 38.051 63.6 7.26 50.4279 49.7135 7.5083 7.8136 9.78 8.6352 7.3753 0.0 9.2985 9.368 0.14264517804 0.0
2017-08-07 06:57:12.447000 28960.97 5.025 60.627 37.653 63.546 7.27 50.4021 49.878 7.5017 7.8059 9.7633 8.621 7.3879 0.0 9.3128 9.359 0.142704759157 0.0
2017-08-07 06:58:21.698000 29030.221 4.527 60.573 38.017 63.488 7.261 50.3723 50.2063 7.4994 7.803 9.7478 8.6086 7.377 0.0 9.2652 9.352 0.142744479902 0.0
2017-08-07 06:59:30.968000 29099.491 4.615 60.522 37.726 63.432 7.266 50.3489 50.5671 7.4997 7.8042 9.7304 8.5966 7.3826 0.0 9.2719 9.345 0.142764340275 0.0
2017-08-07 07:00:40.188000 29168.711 4.489 60.469 37.942 63.375 7.252 50.322 50.5411 7.5027 7.8072 9.7172 8.5874 7.3659 0.0 9.2577 9.342 0.142992734559 0.0
2017-08-07 07:01:49.738000 29238.261 4.795 60.416 37.443 63.32 7.154 50.289 50.3435 7.4956 7.7999 9.7022 8.5752 7.3512 0.0 9.2276 9.334 0.142913293069 0.0
2017-08-07 07:02:59.038000 29307.561 4.738 60.366 37.914 63.267 7.178 50.2586 50.1147 7.4792 7.7837 9.6862 8.5599 7.3451 0.0 9.2338 9.32 0.142655108226 0.0
2017-08-07 07:04:08.338000 29376.861 4.999 60.313 37.514 63.21 7.225 50.2309 49.8919 7.4647 7.7699 9.6686 8.5442 7.3328 0.0 9.2013 9.308 0.143568685361 0.0
2017-08-07 07:05:17.658000 29446.181 4.548 60.261 37.917 63.154 7.2 50.1994 49.6608 7.4459 7.751 9.6496 8.5271 7.3104 0.0 9.1635 9.293 0.143409802381 0.0
2017-08-07 07:06:26.958000 29515.481 4.54 60.209 37.543 63.1 7.108 50.1656 49.823 7.4345 7.7401 9.6285 8.5105 7.3201 0.0 9.141 9.281 0.14320126847 0.0
2017-08-07 07:07:36.578000 29585.101 4.909 60.158 37.636 63.045 6.416 50.1386 50.1665 7.4262 7.7318 9.6092 8.4957 7.3038 0.0 9.086 9.27 0.143459453312 0.0
2017-08-07 07:08:45.938000 29654.461 4.463 60.105 37.318 62.989 7.208 50.1139 50.5366 7.43 7.7365 9.5908 8.4845 7.3186 0.0 9.1403 9.264 0.143707707968 0.0
2017-08-07 07:09:55.329000 29723.852 4.833 60.053 37.734 62.933 7.192 50.0884 50.5063 7.4296 7.7365 9.5758 8.4742 7.301 0.0 9.0794 9.259 0.143459453312 0.0
2017-08-07 07:11:04.729000 29793.252 4.457 60.0 37.582 62.878 7.174 50.0545 50.3 7.4161 7.7234 9.5582 8.4598 7.2786 44.9121 9.0504 9.246 0.143399872195 0.0
2017-08-07 07:12:14.109000 29862.632 4.944 59.942 37.367 62.817 7.153 50.023 50.0738 7.3988 7.7074 9.5381 8.4439 7.2577 44.7198 9.0589 9.232 0.143816940017 0.0
2017-08-07 07:13:23.509000 29932.032 4.536 59.883 37.696 62.756 6.394 49.9862 49.8476 7.3782 7.6864 9.516 8.4255 7.2462 44.5056 8.9872 9.215 0.143658057037 0.0
2017-08-07 07:14:33.209000 30001.732 4.494 59.822 37.302 62.696 6.977 49.9539 49.6095 7.3623 7.6705 9.4932 8.4078 7.2308 44.3375 8.9825 9.201 0.143926172066 0.0
2017-08-07 07:15:42.629000 30071.152 4.885 59.764 37.378 62.633 7.167 50.289 49.7843 7.384 7.6925 9.4757 8.4 7.2783 44.1683 9.0375 9.198 0.14351903443 0.0
2017-08-07 07:16:52.109000 30140.632 4.47 59.704 37.527 62.572 7.212 50.9591 50.1331 7.5239 7.8302 9.478 8.4228 7.3266 43.9651 9.0488 9.215 0.143340291077 0.0
2017-08-07 07:18:01.589000 30210.112 4.748 59.644 37.016 62.506 6.711 51.3216 50.4908 7.6907 7.9973 9.4844 8.4461 7.3178 43.7684 9.0183 9.226 0.143131757166 0.0
2017-08-07 07:19:11.069000 30279.592 4.767 59.584 37.506 62.446 7.176 51.3557 50.4698 7.7357 8.0577 9.4763 8.4455 7.285 43.4948 8.9417 9.219 0.143489243871 0.0
2017-08-07 07:20:20.919000 30349.442 4.531 59.525 37.54 62.387 7.146 51.3416 50.2602 7.7036 8.0438 9.4577 8.4293 7.2545 43.3191 8.9084 9.199 0.14351903443 0.0
2017-08-07 07:21:30.380000 30418.903 4.517 59.467 36.981 62.323 6.536 51.3177 50.0366 7.6538 8.0096 9.4341 8.4093 7.2359 43.1312 8.861 9.183 0.143270779773 0.0
2017-08-07 07:22:39.910000 30488.433 4.75 59.406 37.423 62.262 7.114 51.2878 49.81 7.5932 7.9596 9.4071 8.385 7.221 42.9104 8.8029 9.162 0.142933153441 0.0
2017-08-07 07:23:49.450000 30557.973 4.434 59.349 37.17 62.203 7.072 51.251 49.5722 7.532 7.9025 9.3772 8.3586 7.1766 42.7477 8.7338 9.139 0.142962944 0.0
2017-08-07 07:24:58.960000 30627.483 4.881 59.295 37.129 62.143 7.059 51.2186 49.7393 7.4788 7.8518 9.3438 8.3318 7.1668 42.5236 8.7342 9.118 0.143955962625 0.0
2017-08-07 07:26:08.510000 30697.033 4.401 59.239 37.366 62.084 7.064 51.1946 50.0862 7.4443 7.8163 9.3126 8.3098 7.1652 42.2869 8.7014 9.105 0.143231059028 0.0
2017-08-07 07:27:18.450000 30766.973 4.398 59.179 37.242 62.023 7.067 51.1753 50.4554 7.4214 7.7906 9.2849 8.2921 7.1722 42.0116 8.7197 9.096 0.143499174057 0.0
2017-08-07 07:28:28.050000 30836.573 4.824 59.122 36.85 61.962 7.057 51.1534 50.4346 7.4002 7.7655 9.262 8.2758 7.1591 41.7304 8.7064 9.087 0.143032455304 0.0
2017-08-07 07:29:37.650000 30906.173 4.502 59.066 37.34 61.903 7.036 51.112 50.2168 7.3707 7.7316 9.2392 8.2565 7.1387 41.5766 8.6617 9.072 0.143747428713 0.0
2017-08-07 07:30:47.350000 30975.873 4.375 59.008 36.845 61.844 7.011 51.0722 49.9895 7.3368 7.6935 9.213 8.2355 7.1131 41.2618 8.6122 9.054 0.143658057037 0.0
2017-08-07 07:31:57.020000 31045.543 4.616 58.952 36.723 61.787 6.984 51.0353 49.7539 7.3018 7.6549 9.1838 8.213 7.0821 41.1058 8.5478 9.034 0.143747428713 0.0
2017-08-07 07:33:07.120000 31115.643 4.769 58.898 36.756 61.727 6.984 51.0075 49.9256 7.2753 7.6256 9.1529 8.1911 7.0843 40.8114 8.5457 9.017 0.143380011822 0.0
2017-08-07 07:34:16.811000 31185.334 4.849 58.842 37.234 61.666 6.89 50.976 50.2731 7.2603 7.6071 9.1263 8.1731 7.0794 40.5422 8.5274 9.005 0.144780168083 0.0
2017-08-07 07:35:26.511000 31255.034 4.393 58.783 37.234 61.606 6.864 50.9635 50.6338 7.2615 7.6052 9.1053 8.1617 7.0914 40.1989 8.583 9.002 0.145405769817 0.0
2017-08-07 07:36:36.271000 31324.794 4.496 58.727 36.659 61.551 6.981 50.9396 50.6004 7.2573 7.5972 9.09 8.1507 7.0771 39.956 8.5571 8.997 0.145515001865 0.0
2017-08-07 07:37:46.041000 31394.564 4.754 58.677 36.723 61.494 6.976 50.9013 50.3931 7.2442 7.5818 9.0716 8.1367 7.0721 39.6205 8.5235 8.987 0.147937967309 0.0
2017-08-07 07:38:55.771000 31464.294 4.48 58.63 37.246 61.443 6.901 50.8673 50.1674 7.226 7.5614 9.05 8.121 7.0537 39.3414 8.4906 8.975 0.148374895504 0.0
2017-08-07 07:40:05.921000 31534.444 4.749 58.581 37.002 61.389 6.942 50.833 49.9402 7.2033 7.5371 9.0277 8.1034 7.0356 39.0608 8.4528 8.959 0.148245803083 0.0
2017-08-07 07:41:15.741000 31604.264 4.325 58.532 37.14 61.338 6.915 50.7866 49.6909 7.177 7.5096 9.0022 8.0831 7.0081 38.7959 8.3641 8.94 0.148553638857 0.0
2017-08-07 07:42:25.591000 31674.114 4.322 58.486 37.009 61.286 6.895 50.7458 49.8605 7.1515 7.4834 8.973 8.0616 6.9821 38.4659 8.3556 8.92 0.148364965318 0.0
2017-08-07 07:43:35.431000 31743.954 4.355 58.438 36.802 61.239 6.898 50.7165 50.2159 7.1374 7.4695 8.9452 8.0424 6.9912 38.1299 8.3562 8.905 0.148216012524 0.0
2017-08-07 07:44:45.281000 31813.804 4.42 58.393 36.876 61.189 6.881 50.697 50.5705 7.1367 7.468 8.9234 8.0289 6.9975 37.808 8.33 8.898 0.148196152152 0.0
2017-08-07 07:45:55.542000 31884.065 4.63 58.344 36.608 61.138 6.872 50.6736 50.551 7.1361 7.4667 8.9039 8.0168 6.9925 37.4745 8.3514 8.892 0.148275593642 0.0
2017-08-07 07:47:05.412000 31953.935 4.783 58.301 36.721 61.091 6.866 50.6348 50.3229 7.1168 7.4462 8.8832 8.0003 6.956 37.1826 8.2759 8.877 0.148196152152 0.0
2017-08-07 07:48:15.332000 32023.855 4.728 58.258 36.872 61.04 6.517 50.5934 50.0963 7.0964 7.4257 8.8588 7.9818 6.9346 36.8291 8.2382 8.86 0.148345104946 0.0
2017-08-07 07:49:25.292000 32093.815 4.297 58.209 36.932 60.991 6.827 50.5525 49.8695 7.0738 7.4027 8.8317 7.9619 6.918 36.507 8.1989 8.842 0.14854370867 0.0
2017-08-07 07:50:35.232000 32163.755 4.321 58.163 36.707 60.942 6.746 50.5142 49.6336 7.0486 7.3777 8.8026 7.9404 6.896 36.1471 8.1594 8.823 0.14854370867 0.0
2017-08-07 07:51:45.492000 32234.015 4.281 58.119 37.053 60.894 6.794 50.4773 49.7954 7.0269 7.356 8.7732 7.9198 6.8784 35.8443 8.1138 8.804 0.148523848298 0.0
2017-08-07 07:52:55.532000 32304.055 4.282 58.073 36.933 60.845 6.809 50.4524 50.1526 7.0256 7.355 8.7462 7.9045 6.8905 35.3872 8.137 8.797 0.148652940719 44.9659
2017-08-07 07:54:05.562000 32374.085 4.287 58.028 36.794 60.797 6.793 50.4255 50.4968 7.0189 7.3477 8.7248 7.89 6.8772 35.0664 8.1131 8.786 0.14862315016 44.5408
2017-08-07 07:55:15.602000 32444.125 4.322 57.981 36.629 60.748 6.785 50.3937 50.4779 7.0114 7.341 8.7029 7.8756 6.8711 34.6671 8.0997 8.775 0.149010427424 44.0519
2017-08-07 07:56:26.062000 32514.585 4.267 57.933 36.957 60.702 6.773 50.3624 50.2641 6.9986 7.3289 8.6798 7.8596 6.8576 34.2661 8.0493 8.762 0.149070008542 43.5882
2017-08-07 07:57:36.103000 32584.626 4.268 57.888 36.768 60.653 6.746 50.3174 50.0265 6.9792 7.309 8.6561 7.8418 6.8222 33.8825 7.9881 8.746 0.149070008542 43.0795
2017-08-07 07:58:46.223000 32654.746 4.286 57.844 36.586 60.607 6.726 50.2711 49.7919 6.953 7.2831 8.6273 7.8201 6.8035 33.5422 7.9467 8.725 0.149000497238 42.6104
2017-08-07 07:59:56.323000 32724.846 4.242 57.799 36.397 60.562 6.705 50.2297 49.5561 6.9265 7.2571 8.5963 7.7971 6.7827 33.1438 7.8792 8.704 0.149129589659 42.0061
2017-08-07 08:01:06.453000 32794.976 4.255 57.754 36.627 60.511 6.686 50.1875 49.7125 6.9059 7.237 8.5637 7.776 6.7578 32.7595 7.8312 8.685 0.149228891521 41.4876
2017-08-07 08:02:16.933000 32865.456 4.236 57.707 36.901 60.461 6.652 50.1536 50.0693 6.8891 7.2209 8.5307 7.7552 6.7469 32.3332 7.8363 8.667 0.148017408799 40.8657
2017-08-07 08:03:27.123000 32935.646 4.228 57.659 36.742 60.414 6.673 50.1292 50.4294 6.8829 7.216 8.5014 7.7384 6.7486 31.8046 7.8162 8.655 0.148096850289 40.3247
2017-08-07 08:04:37.823000 33006.346 4.662 57.61 36.913 60.366 6.653 50.0933 50.4027 6.8728 7.2062 8.4748 7.7213 6.7299 31.3516 7.804 8.641 0.147977688054 39.5754
2017-08-07 08:05:48.043000 33076.566 4.581 57.561 36.694 60.314 6.637 50.0584 50.1803 6.8565 7.1907 8.4474 7.7029 6.7062 30.8982 7.741 8.626 0.148364965318 38.838
2017-08-07 08:06:58.303000 33146.826 4.612 57.515 36.816 60.267 6.605 50.0052 49.9312 6.8302 7.1648 8.4172 7.6811 6.6731 30.4677 7.6578 8.605 0.152077064275 38.2158
2017-08-07 08:08:09.309000 33217.832 4.2 57.466 36.825 60.214 6.572 49.9456 49.6955 6.7938 7.1302 8.3796 7.6539 6.6359 30.0256 7.5766 8.575 0.151784267674 37.514
2017-08-07 08:09:19.815000 33288.338 4.446 57.416 36.736 60.166 6.559 49.901 49.8634 6.7656 7.1041 8.3398 7.6271 6.6224 29.497 7.5699 8.551 0.152369860876 36.7677
2017-08-07 08:10:30.035000 33358.558 4.278 57.368 36.801 60.114 6.597 50.2447 50.2163 6.7916 7.132 8.3091 7.6156 6.6687 28.9411 7.6072 8.545 0.152112199867 36.032
2017-08-07 08:11:40.583000 33429.106 4.564 57.318 36.613 60.063 6.631 50.9266 50.564 6.9514 7.289 8.3069 7.6416 6.7062 28.3887 7.6241 8.561 0.151819403266 35.2112
2017-08-07 08:12:51.061000 33499.584 4.628 57.271 36.27 60.014 6.585 51.2784 50.5303 7.1317 7.4693 8.3066 7.664 6.6751 27.8294 7.5565 8.565 0.151749132082 34.3893
2017-08-07 08:14:01.737000 33570.26 4.252 57.223 36.194 59.964 6.56 51.278 50.2958 7.1576 7.5125 8.2826 7.6536 6.6251 27.2653 7.4378 8.545 0.151819403266 33.444
2017-08-07 08:15:12.029000 33640.562 4.164 57.177 36.577 59.917 6.518 51.238 50.0608 7.1017 7.4781 8.2435 7.6249 6.5794 26.6611 7.3469 8.514 0.153142843903 32.6126
2017-08-07 08:16:22.369000 33710.892 4.282 57.131 36.714 59.869 6.235 51.1841 49.8176 7.0159 7.4108 8.1969 7.5873 6.5294 26.0138 7.2675 8.479 0.150472538902 31.7357
2017-08-07 08:17:32.759000 33781.282 4.511 57.083 36.69 59.822 6.38 51.1264 49.5674 6.9282 7.336 8.1458 7.5476 6.4886 25.3116 7.2005 8.446 0.150413979581 30.7636
2017-08-07 08:18:43.139000 33851.662 4.412 57.035 36.54 59.773 6.396 51.0656 49.717 6.8457 7.2613 8.0916 7.507 6.4466 24.6591 7.0964 8.413 0.150566233814 29.8085
2017-08-07 08:19:53.850000 33922.373 4.148 56.989 36.162 59.725 6.372 51.009 50.066 6.7772 7.1953 8.035 7.4679 6.423 23.8481 7.0462 8.383 0.150238301621 28.7207
2017-08-07 08:21:04.240000 33992.763 4.08 56.94 35.982 59.673 6.34 50.9482 50.3952 6.7204 7.1389 7.9801 7.432 6.3866 23.0255 6.9563 8.356 0.150191454165 27.5694
2017-08-07 08:22:14.660000 34063.183 4.072 56.891 36.368 59.621 6.303 50.8878 50.3588 6.6641 7.0818 7.924 7.3946 6.3443 22.1177 6.8956 8.326 0.150378843989 26.3865
2017-08-07 08:23:25.084000 34133.607 4.095 56.838 36.566 59.57 6.263 50.8106 50.1157 6.6046 7.0202 7.8647 7.3562 6.3013 21.1777 6.7882 8.294 0.15061308127 25.1269
2017-08-07 08:24:35.509000 34204.032 4.333 56.789 36.383 59.519 6.22 50.7309 49.8564 6.5435 6.9556 7.8014 7.3154 6.2554 20.1332 6.7031 8.26 0.150238301621 23.7215
2017-08-07 08:25:46.309000 34274.832 4.056 56.736 35.989 59.467 6.176 50.6407 49.5828 6.4811 6.8901 7.7355 7.2724 6.208 18.9821 6.57 8.222 0.150777047367 22.1747
2017-08-07 08:26:56.759000 34345.282 3.984 56.686 36.368 59.415 6.12 50.5441 49.7024 6.4175 6.8243 7.6653 7.2271 6.1459 17.6487 6.4671 8.182 0.150343708397 20.5123
2017-08-07 08:28:07.319000 34415.842 4.182 56.634 36.411 59.36 5.535 50.4375 50.0006 6.3589 6.765 7.5913 7.1811 6.0935 16.2082 6.3398 8.139 0.150648216862 18.6458
2017-08-07 08:29:17.769000 34486.292 4.313 56.582 36.086 59.307 6.013 50.319 50.2919 6.3008 6.708 7.5145 7.1341 6.035 14.4748 6.2176 8.095 0.151011284647 16.5271
2017-08-07 08:30:28.679000 34557.202 3.91 56.525 35.716 59.254 5.949 50.1749 50.1689 6.235 6.6441 7.4306 7.0823 5.9609 12.6072 6.0562 8.045 0.151069843968 14.2048
2017-08-07 08:31:39.170000 34627.693 3.988 56.472 35.969 59.196 5.874 50.0082 49.8288 6.158 6.5691 7.339 7.0247 5.8796 10.6462 5.8982 7.989 0.151151827016 11.8593
2017-08-07 08:32:49.740000 34698.263 4.169 56.414 36.093 59.14 5.306 49.8091 49.4666 6.0724 6.4865 7.2391 6.9618 5.7907 9.0325 5.7263 7.927 0.151409488025 9.9405
2017-08-07 08:34:00.220000 34768.743 4.112 56.36 35.674 59.086 5.593 49.6083 49.5375 5.9824 6.4018 7.134 6.8954 5.7071 8.121 5.5798 7.862 0.151315793112 8.7971
2017-08-07 08:35:10.780000 34839.303 3.845 56.3 35.649 59.026 5.683 49.8246 49.8548 5.9602 6.3842 7.0348 6.8412 5.6758 7.7021 5.5218 7.808 0.151186962608 8.2687
2017-08-07 08:36:21.740000 34910.263 4.025 56.24 36.113 58.967 5.672 50.432 50.2133 6.125 6.5428 6.9696 6.8284 5.6644 7.4936 5.4951 7.776 0.15165543717 8.0582
2017-08-07 08:37:32.340000 34980.863 4.158 56.18 35.709 58.905 5.656 51.1036 50.5785 6.4316 6.8413 6.9393 6.8568 5.6588 7.3926 5.4816 7.756 0.151432911753 7.9267
2017-08-07 08:38:43.014000 35051.537 3.867 56.119 35.436 58.845 5.604 51.4167 50.5465 6.7 7.1114 6.899 6.8653 5.6118 7.3038 5.4115 7.731 0.150835606687 7.8242
2017-08-07 08:39:53.674000 35122.197 3.874 56.059 36.074 58.784 5.571 51.3589 50.3174 6.7095 7.1571 6.8319 6.8245 5.5564 7.2655 5.331 7.695 0.150870742279 7.7803
2017-08-07 08:41:04.774000 35193.297 3.819 55.998 35.383 58.722 5.527 51.244 50.0729 6.5897 7.082 6.7569 6.7646 5.5073 7.1384 5.2599 7.655 0.151186962608 7.6817
2017-08-07 08:42:15.464000 35263.987 3.719 55.938 35.757 58.659 5.487 51.129 49.8241 6.4331 6.9604 6.682 6.7008 5.4638 7.0898 5.194 7.617 0.150952725327 7.603
2017-08-07 08:43:26.185000 35334.708 4.029 55.877 35.629 58.598 5.442 51.0147 49.582 6.2774 6.8255 6.6102 6.6394 5.4253 7.0052 5.1408 7.581 0.151257233792 7.5392
2017-08-07 08:44:36.895000 35405.418 3.834 55.815 35.332 58.539 5.423 50.9137 49.7472 6.1391 6.6965 6.5442 6.5842 5.3948 6.9804 5.0986 7.549 0.150917589735 7.4826
2017-08-07 08:45:47.648000 35476.171 3.734 55.754 35.917 58.474 5.386 50.8306 50.1036 6.0209 6.5785 6.4849 6.5348 5.3551 6.8932 5.0638 7.518 0.150964437191 7.414
2017-08-07 08:46:58.758000 35547.281 3.769 55.694 35.202 58.416 4.331 50.7608 50.4734 5.9158 6.4758 6.432 6.4899 5.328 6.8239 5.0413 7.488 0.15110497956 7.3657
2017-08-07 08:48:09.578000 35618.101 3.777 55.632 35.85 58.351 5.326 50.6961 50.444 5.8278 6.3868 6.3852 6.4498 5.3056 6.8012 5.0178 7.464 0.151386064297 7.3119
2017-08-07 08:49:20.338000 35688.861 3.949 55.572 35.486 58.29 5.323 50.6309 50.2219 5.7503 6.3064 6.3429 6.4136 5.2872 6.7452 4.9964 7.444 0.151034708376 7.2564
2017-08-07 08:50:31.208000 35759.731 3.649 55.514 35.623 58.228 5.308 50.564 49.9845 5.683 6.2338 6.3049 6.3813 5.2714 6.7352 4.9746 7.426 0.151116691424 7.2512
2017-08-07 08:51:42.408000 35830.931 3.95 55.452 35.379 58.168 5.294 50.5042 49.7456 5.6249 6.1687 6.2703 6.3524 5.2559 6.739 4.9544 7.41 0.152334725284 7.2357
2017-08-07 08:52:53.278000 35901.801 3.642 55.392 35.517 58.108 5.286 50.446 49.9147 5.5792 6.1163 6.2401 6.3273 5.2479 6.7648 4.9378 7.396 0.152147335459 7.2486
2017-08-07 08:54:04.108000 35972.631 3.933 55.336 35.416 58.048 5.275 50.3961 50.2756 5.5455 6.0769 6.2142 6.3064 5.2364 6.7008 4.9246 7.384 0.15238157274 7.2169
2017-08-07 08:55:15.039000 36043.562 3.635 55.278 35.464 57.989 5.267 50.3552 50.6497 5.5188 6.0457 6.1921 6.2884 5.2275 6.6884 4.913 7.373 0.152943742214 7.1638
2017-08-07 08:56:25.949000 36114.472 3.937 55.219 35.664 57.928 5.256 50.3114 50.6158 5.4927 6.0166 6.1718 6.271 5.2161 6.6206 4.9014 7.361 0.152721216797 7.1229
2017-08-07 08:57:37.339000 36185.862 3.624 55.16 35.485 57.867 5.247 50.2646 50.3916 5.4635 5.9841 6.1528 6.2534 5.206 6.6045 4.8891 7.349 0.152826623574 7.1091
2017-08-07 08:58:48.306000 36256.829 3.937 55.103 35.215 57.809 4.744 50.2203 50.1551 5.4357 5.9511 6.135 6.2364 5.196 6.6043 4.8784 7.338 0.152955454078 7.1151
2017-08-07 08:59:59.324000 36327.847 3.618 55.048 35.403 57.746 5.23 50.174 49.9211 5.4105 5.9212 6.1187 6.2206 5.1868 6.5903 4.868 7.328 0.153037437126 7.1071
2017-08-07 09:01:10.340000 36398.863 3.931 54.994 35.158 57.692 5.223 50.1331 49.6795 5.3874 5.8941 6.1037 6.2057 5.1782 6.6174 4.8591 7.318 0.152721216797 7.0974
2017-08-07 09:02:21.780000 36470.303 3.816 54.935 35.503 57.631 5.22 50.0963 49.8599 5.3714 5.8739 6.0905 6.1932 5.175 6.624 4.8537 7.31 0.152100488003 7.104
2017-08-07 09:03:32.810000 36541.333 3.653 54.882 34.962 57.575 4.166 50.0654 50.2203 5.3638 5.8633 6.0798 6.1836 5.1722 6.5804 4.8502 7.303 0.152850047302 7.0733
2017-08-07 09:04:43.900000 36612.423 3.835 54.829 35.444 57.519 5.214 50.035 50.5913 5.3605 5.8585 6.0713 6.1761 5.1682 6.5616 4.8474 7.296 0.15293203035 7.0724
2017-08-07 09:05:54.950000 36683.473 3.631 54.777 35.498 57.464 5.195 50.0037 50.5675 5.3531 5.8508 6.0629 6.1679 5.161 6.5239 4.8411 7.289 0.152955454078 7.0356
2017-08-07 09:07:06.061000 36754.584 3.861 54.725 34.889 57.406 5.2 49.9665 50.3464 5.3404 5.837 6.0542 6.1586 5.1552 6.5386 4.8352 7.281 0.153330233727 7.0306
2017-08-07 09:08:17.423000 36825.946 3.881 54.673 35.463 57.352 5.121 49.9293 50.1139 5.326 5.8216 6.0456 6.1492 5.1489 6.5195 4.8282 7.273 0.152850047302 7.0515
2017-08-07 09:09:28.573000 36897.096 3.624 54.62 35.112 57.299 5.224 50.3034 49.8825 5.3848 5.8709 6.0458 6.1535 5.1827 6.5842 4.8627 7.275 0.15310770831 7.0538
2017-08-07 09:10:39.643000 36968.166 3.913 54.57 35.188 57.244 4.754 51.0631 49.6541 5.6399 6.0923 6.076 6.1989 5.2221 6.6314 4.9077 7.289 0.153201403223 7.1109
2017-08-07 09:11:50.803000 37039.326 3.64 54.521 35.155 57.192 5.262 51.4926 49.8437 5.8999 6.3235 6.1012 6.2386 5.2258 6.6479 4.9167 7.299 0.153131132039 7.1322
2017-08-07 09:13:02.413000 37110.936 3.633 54.472 34.739 57.139 5.257 51.5543 50.2063 5.9467 6.3877 6.1075 6.2437 5.2206 6.6466 4.9103 7.3 0.152580674429 7.1311
2017-08-07 09:14:13.643000 37182.166 3.932 54.426 34.885 57.087 5.251 51.5459 50.5806 5.9008 6.3717 6.1067 6.235 5.2125 6.6229 4.9031 7.295 0.153470776096 7.1057
2017-08-07 09:15:24.876000 37253.399 3.879 54.38 35.333 57.035 5.228 51.5174 50.5551 5.8247 6.3231 6.1015 6.2201 5.199 6.6087 4.8913 7.286 0.153576182872 7.0854
2017-08-07 09:16:36.126000 37324.649 3.632 54.332 34.989 56.986 5.228 51.4787 50.3329 5.7426 6.2616 6.0933 6.2026 5.1871 6.624 4.8827 7.275 0.153880691337 7.0761
2017-08-07 09:17:47.876000 37396.399 3.617 54.283 34.653 56.937 5.218 51.4387 50.0973 5.6658 6.198 6.0837 6.1853 5.1748 6.56 4.8725 7.264 0.15342392864 7.0688
2017-08-07 09:18:59.127000 37467.65 3.928 54.239 34.918 56.889 4.883 51.3999 49.8568 5.6009 6.1398 6.0737 6.1694 5.1641 6.5574 4.8639 7.254 0.153365369319 7.0542
2017-08-07 09:20:10.487000 37539.01 3.833 54.193 35.255 56.839 5.201 51.3605 49.6206 5.5454 6.0867 6.0637 6.155 5.155 6.5756 4.8577 7.243 0.15354104728 7.0593
2017-08-07 09:21:21.817000 37610.34 3.632 54.149 34.738 56.792 5.198 51.3287 49.7964 5.5038 6.0444 6.0547 6.1435 5.1522 6.5544 4.8539 7.236 0.153705013376 7.0482
2017-08-07 09:22:33.507000 37682.03 3.618 54.102 34.949 56.742 5.196 51.3002 50.1641 5.4748 6.0125 6.0474 6.135 5.1504 6.5469 4.8496 7.229 0.153494199824 7.0474
2017-08-07 09:23:44.831000 37753.354 3.68 54.06 34.996 56.695 4.917 51.2719 50.5405 5.4546 5.9886 6.0416 6.1289 5.1472 6.5567 4.8479 7.223 0.153857267609 7.0358
2017-08-07 09:25:00.535000 37829.058 3.613 54.012 35.018 56.645 5.186 51.2374 50.5037 5.4328 5.963 6.0351 6.122 5.1397 6.5238 4.8437 7.216 0.153623030328 6.9998
2017-08-07 09:26:11.771000 37900.294 3.669 53.968 34.942 56.597 4.806 51.2046 50.2791 5.4081 5.9344 6.0284 6.114 5.1326 6.5257 4.8376 7.208 0.154009521842 7.0072
