2017-01-16 00:00:11.487000 231023.337 3.423 49.113 33.202 51.248 4.02 3.6588 3.4597 20.2299 21.7691 3.8568 4.1889 3.8898 3.5634 3.5404 7.745 3.15244425689 3.6595
2017-01-16 00:01:57.497000 231129.347 3.336 49.115 34.011 51.25 4.018 3.6578 3.4582 20.2284 21.7686 3.8572 4.1883 3.8884 3.5641 3.5409 7.745 3.17699010323 3.6603
2017-01-16 00:03:43.647000 231235.497 3.459 49.118 33.271 51.252 4.018 3.6571 3.4575 20.2292 21.7691 3.8574 4.1879 3.8882 3.5646 3.5412 7.745 3.19171761103 3.661
2017-01-16 00:05:32.467000 231344.317 3.322 49.119 33.43 51.253 4.018 3.6576 3.4585 20.2302 21.7691 3.8574 4.1876 3.8884 3.5657 3.5422 7.745 3.13280757983 3.6621
2017-01-16 00:07:18.597000 231450.447 3.478 49.119 33.836 51.255 4.019 3.6578 3.4583 20.2291 21.7693 3.8577 4.1877 3.8891 3.5664 3.5421 7.745 3.21198837226 3.6627
2017-01-16 00:09:04.968000 231556.818 3.338 49.119 34.005 51.255 4.019 3.6578 3.4583 20.229 21.7692 3.8578 4.188 3.8891 3.5676 3.5427 7.745 3.1377167491 3.664
2017-01-16 00:10:51.268000 231663.118 3.322 49.122 33.506 51.257 4.019 3.6586 3.458 20.2301 21.7686 3.8579 4.188 3.8894 3.5678 3.5434 7.745 3.14262591836 3.6648
2017-01-16 00:12:40.328000 231772.178 3.345 49.12 34.013 51.26 4.02 3.6586 3.4583 20.2299 21.7693 3.8584 4.1884 3.8898 3.5686 3.5438 7.746 3.16226259543 3.6651
2017-01-16 00:14:26.858000 231878.708 3.31 49.126 33.592 51.262 4.018 3.6583 3.4577 20.2288 21.7691 3.8586 4.1879 3.8887 3.5692 3.5441 7.745 3.14753508763 3.6653
2017-01-16 00:16:13.338000 231985.188 3.377 49.123 33.178 51.26 4.021 3.6594 3.4599 20.2294 21.7691 3.8589 4.1884 3.8907 3.5701 3.5448 7.746 3.17208093396 3.667
2017-01-16 00:17:59.908000 232091.758 3.532 49.123 33.533 51.258 4.021 3.6601 3.46 20.2289 21.7692 3.859 4.189 3.8908 3.5707 3.5454 7.747 3.20680504873 3.668
2017-01-16 00:19:48.998000 232200.848 3.352 49.123 33.25 51.26 4.02 3.6589 3.4597 20.2277 21.7692 3.8593 4.1891 3.8901 3.5719 3.5459 7.747 3.14262591836 3.6693
2017-01-16 00:21:35.449000 232307.299 3.519 49.126 33.409 51.263 4.021 3.6593 3.4601 20.228 21.7692 3.8597 4.1892 3.8905 3.5723 3.5469 7.747 3.15244425689 3.6699
2017-01-16 00:23:21.689000 232413.539 3.473 49.126 33.872 51.263 4.021 3.6594 3.4594 20.2282 21.7692 3.86 4.1892 3.8907 3.573 3.547 7.747 3.16717176469 3.6705
2017-01-16 00:25:10.619000 232522.469 3.495 49.125 33.329 51.262 4.021 3.6593 3.4599 20.2301 21.7692 3.8603 4.1894 3.8912 3.5735 3.5475 7.747 3.19171761103 3.6717
2017-01-16 00:26:56.769000 232628.619 3.311 49.126 33.87 51.263 4.022 3.6607 3.4607 20.2311 21.7692 3.8606 4.1896 3.8916 3.5745 3.5477 7.748 3.1377167491 3.6718
2017-01-16 00:28:43.039000 232734.889 3.349 49.127 33.292 51.264 4.021 3.6602 3.46 20.2308 21.7693 3.8609 4.1896 3.8911 3.5751 3.5488 7.747 3.19171761103 3.6729
2017-01-16 00:30:48.163000 232860.013 3.454 49.129 33.216 51.268 4.022 3.661 3.4608 20.2297 21.7689 3.8611 4.1897 3.8915 3.5755 3.5491 7.748 3.18680844176 3.6736
2017-01-16 00:32:37.126000 232968.976 3.317 49.129 33.576 51.268 4.021 3.6599 3.4598 20.2284 21.7695 3.8615 4.1895 3.8907 3.5764 3.5497 7.747 3.18680844176 3.6745
2017-01-16 00:34:23.297000 233075.147 3.483 49.131 33.817 51.266 4.02 3.659 3.4599 20.2291 21.7692 3.8618 4.1893 3.8901 3.5774 3.5498 7.747 3.20680504873 3.6757
2017-01-16 00:36:09.628000 233181.478 3.333 49.132 34.004 51.269 4.021 3.6599 3.4607 20.2279 21.7689 3.8619 4.1893 3.8911 3.5778 3.5503 7.748 3.15735342616 3.677
2017-01-16 00:37:56.230000 233288.08 3.317 49.132 33.519 51.271 4.021 3.6591 3.4597 20.2289 21.7693 3.8621 4.1892 3.8904 3.5784 3.5509 7.747 3.2171716958 3.677
2017-01-16 00:39:45.111000 233396.961 3.351 49.133 34.031 51.271 4.021 3.6602 3.4604 20.2302 21.7689 3.8622 4.1896 3.891 3.5791 3.5514 7.748 3.14262591836 3.6782
2017-01-16 00:41:31.532000 233503.382 3.312 49.133 33.672 51.27 4.021 3.6595 3.4596 20.2291 21.7694 3.8625 4.1895 3.8911 3.5794 3.5519 7.748 3.18680844176 3.6784
2017-01-16 00:43:17.884000 233609.734 3.372 49.133 33.197 51.27 4.02 3.6596 3.4594 20.2285 21.7692 3.8627 4.1894 3.8904 3.5802 3.552 7.748 3.22235501933 3.6794
2017-01-16 00:45:04.196000 233716.046 3.372 49.137 34.024 51.276 4.02 3.6593 3.4593 20.2287 21.7693 3.8628 4.1891 3.8902 3.5806 3.5528 7.748 3.14753508763 3.6803
2017-01-16 00:46:53.118000 233824.968 3.528 49.135 33.579 51.273 3.999 3.6587 3.4589 20.2304 21.7694 3.863 4.1893 3.8901 3.5816 3.5531 7.748 3.19171761103 3.681
2017-01-16 00:48:39.329000 233931.179 3.423 49.136 34.012 51.276 4.02 3.6592 3.4589 20.2299 21.7689 3.8633 4.189 3.8896 3.5828 3.5535 7.748 3.21198837226 3.6817
2017-01-16 00:50:25.630000 234037.48 3.379 49.142 33.187 51.28 4.019 3.6579 3.458 20.2296 21.7693 3.8634 4.1887 3.8889 3.5834 3.554 7.747 3.14262591836 3.6828
2017-01-16 00:52:11.961000 234143.811 3.524 49.139 33.591 51.278 4.02 3.659 3.4591 20.2315 21.7695 3.8633 4.1884 3.8898 3.5834 3.5548 7.748 3.21198837226 3.6835
2017-01-16 00:54:01.093000 234252.943 3.376 49.14 33.204 51.276 4.02 3.6587 3.4597 20.2306 21.7693 3.8636 4.189 3.8902 3.5847 3.5551 7.748 3.15244425689 3.6842
2017-01-16 00:55:47.495000 234359.345 3.532 49.138 33.539 51.277 4.021 3.6591 3.4601 20.23 21.7694 3.8637 4.1893 3.8905 3.5856 3.5553 7.749 3.2171716958 3.6848
2017-01-16 00:57:33.776000 234465.626 3.432 49.139 33.994 51.277 4.016 3.6583 3.4584 20.2282 21.7685 3.864 4.1891 3.8898 3.5859 3.5559 7.748 3.18680844176 3.6849
2017-01-16 00:59:23.038000 234574.888 3.528 49.141 33.466 51.28 4.02 3.6579 3.4583 20.2281 21.769 3.864 4.1889 3.8894 3.5862 3.5565 7.748 3.19662678029 3.6859
2017-01-16 01:01:09.539000 234681.389 3.46 49.143 33.927 51.282 4.019 3.6578 3.4575 20.2289 21.7682 3.8644 4.1884 3.8889 3.5875 3.5573 7.748 3.2171716958 3.6866
2017-01-16 01:02:56.110000 234787.96 3.494 49.145 33.964 51.284 4.018 3.6567 3.4574 20.2282 21.7685 3.8644 4.1879 3.8882 3.5878 3.5573 7.747 3.16717176469 3.6878
2017-01-16 01:04:42.982000 234894.832 3.365 49.143 34.03 51.284 4.019 3.6577 3.4583 20.2281 21.7687 3.8645 4.1881 3.8895 3.589 3.5573 7.748 3.16226259543 3.6883
2017-01-16 01:06:32.193000 235004.043 3.359 49.145 33.211 51.284 4.02 3.658 3.4589 20.2282 21.7687 3.8644 4.1883 3.8898 3.5889 3.5579 7.748 3.2016217252 3.6887
2017-01-16 01:08:18.936000 235110.786 3.53 49.143 33.502 51.282 4.019 3.6579 3.458 20.2272 21.7683 3.8649 4.1884 3.8892 3.5898 3.558 7.748 3.2171716958 3.6885
2017-01-16 01:10:05.797000 235217.647 3.511 49.142 33.378 51.281 4.02 3.6591 3.4602 20.228 21.7688 3.865 4.1888 3.8907 3.5902 3.5592 7.749 3.15244425689 3.6904
2017-01-16 01:11:52.768000 235324.618 3.453 49.144 33.274 51.282 4.019 3.6576 3.4583 20.2278 21.7687 3.8652 4.1888 3.8896 3.5911 3.5594 7.749 3.2171716958 3.6909
2017-01-16 01:13:42.370000 235434.22 3.409 49.142 34.02 51.283 4.02 3.6592 3.4592 20.2283 21.7682 3.8652 4.1888 3.8903 3.5916 3.5597 7.749 3.1377167491 3.6915
2017-01-16 01:15:29.241000 235541.091 3.444 49.144 33.944 51.283 4.019 3.6576 3.4579 20.2306 21.7687 3.8654 4.1887 3.8891 3.592 3.56 7.749 3.16717176469 3.6925
2017-01-16 01:17:16.127000 235647.977 3.472 49.146 33.881 51.283 4.02 3.6589 3.4594 20.2307 21.7689 3.8656 4.1887 3.8899 3.5924 3.5604 7.749 3.21198837226 3.693
2017-01-16 01:19:05.806000 235757.656 3.314 49.147 33.535 51.286 4.019 3.658 3.4592 20.2313 21.7686 3.8659 4.188 3.8893 3.5929 3.5605 7.748 3.17208093396 3.6936
2017-01-16 01:20:52.649000 235864.499 3.308 49.145 33.698 51.283 4.021 3.6587 3.4592 20.2304 21.7691 3.866 4.1888 3.8907 3.5935 3.5611 7.749 3.22235501933 3.6947
2017-01-16 01:22:39.670000 235971.52 3.309 49.148 33.872 51.286 4.02 3.6583 3.4582 20.229 21.7683 3.8661 4.1886 3.8896 3.5943 3.5616 7.749 3.14753508763 3.695
2017-01-16 01:24:26.441000 236078.291 3.324 49.145 33.961 51.284 4.02 3.6588 3.4597 20.2287 21.7691 3.8664 4.1888 3.89 3.5954 3.5622 7.749 3.17208093396 3.6961
2017-01-16 01:26:15.983000 236187.833 3.418 49.145 33.193 51.282 4.022 3.66 3.4611 20.2302 21.7692 3.8665 4.1894 3.8916 3.5957 3.5623 7.75 3.19662678029 3.6967
2017-01-16 01:28:02.624000 236294.474 3.514 49.148 33.671 51.287 4.02 3.6582 3.4589 20.2306 21.769 3.8666 4.1892 3.8895 3.5962 3.5627 7.749 3.16717176469 3.697
2017-01-16 01:29:49.426000 236401.276 3.531 49.148 33.538 51.287 4.02 3.6588 3.4588 20.2293 21.769 3.8669 4.189 3.89 3.5967 3.5629 7.749 3.2171716958 3.6976
2017-01-16 01:31:36.198000 236508.048 3.432 49.148 34.001 51.286 4.02 3.6592 3.4594 20.2297 21.769 3.8671 4.1891 3.8898 3.5973 3.5634 7.749 3.15735342616 3.698
2017-01-16 01:33:25.800000 236617.65 3.341 49.148 33.34 51.288 4.02 3.6589 3.4593 20.2308 21.7693 3.8673 4.1888 3.8902 3.5977 3.5637 7.749 3.2171716958 3.6987
2017-01-16 01:35:12.451000 236724.301 3.32 49.147 33.474 51.288 4.021 3.6597 3.4598 20.2293 21.7687 3.8674 4.1888 3.8909 3.5982 3.5641 7.749 3.17208093396 3.6995
2017-01-16 01:36:59.312000 236831.162 3.309 49.15 33.23 51.287 4.019 3.658 3.4581 20.2284 21.7693 3.8675 4.1887 3.8894 3.5984 3.5643 7.749 3.19662678029 3.7008
2017-01-16 01:38:49.144000 236940.994 3.53 49.15 33.495 51.288 4.021 3.6591 3.4594 20.2293 21.7694 3.8676 4.1888 3.8903 3.5994 3.5647 7.75 3.18189927249 3.7008
2017-01-16 01:40:35.945000 237047.795 3.519 49.148 33.371 51.289 4.02 3.6585 3.4596 20.2288 21.7693 3.868 4.1889 3.8897 3.6002 3.5653 7.749 3.17699010323 3.7014
2017-01-16 01:42:22.837000 237154.687 3.472 49.152 33.251 51.291 4.02 3.6577 3.4579 20.2286 21.7692 3.868 4.1883 3.8894 3.6008 3.5652 7.749 3.20680504873 3.7021
2017-01-16 01:44:09.619000 237261.469 3.494 49.151 33.769 51.29 4.019 3.6583 3.4576 20.2294 21.7686 3.8679 4.1883 3.8891 3.6012 3.566 7.749 3.18189927249 3.7021
2017-01-16 01:45:59.241000 237371.091 3.322 49.153 33.507 51.292 4.019 3.6573 3.4577 20.2316 21.769 3.8681 4.1882 3.8887 3.6017 3.5662 7.749 3.21198837226 3.7034
2017-01-16 01:47:46.082000 237477.932 3.304 49.152 33.718 51.292 4.018 3.6572 3.4577 20.2299 21.7689 3.8683 4.188 3.8884 3.6024 3.5664 7.749 3.18189927249 3.7039
2017-01-16 01:49:33.213000 237585.063 3.304 49.153 33.841 51.292 4.019 3.6576 3.457 20.2304 21.769 3.8681 4.1878 3.8887 3.6026 3.5671 7.749 3.16717176469 3.7044
2017-01-16 01:51:22.755000 237694.605 3.315 49.153 33.294 51.292 4.019 3.6571 3.4569 20.232 21.769 3.8684 4.1877 3.8884 3.6031 3.5673 7.749 3.23272166639 3.7049
2017-01-16 01:53:09.756000 237801.606 3.306 49.151 33.682 51.293 4.019 3.6576 3.4579 20.2309 21.7685 3.8685 4.1879 3.8887 3.6037 3.5677 7.749 3.19171761103 3.7054
2017-01-16 01:54:56.609000 237908.459 3.362 49.15 33.225 51.29 4.02 3.6582 3.4596 20.23 21.769 3.8686 4.1882 3.8898 3.6041 3.5677 7.75 3.15735342616 3.7065
2017-01-16 01:56:43.900000 238015.75 3.332 49.15 33.99 51.29 4.02 3.6584 3.4583 20.2287 21.7691 3.8689 4.1886 3.8898 3.6047 3.568 7.75 3.2016217252 3.7065
2017-01-16 01:58:33.442000 238125.292 3.384 49.15 33.187 51.29 4.02 3.659 3.4585 20.2305 21.7686 3.869 4.1887 3.8899 3.6057 3.5689 7.75 3.23790498993 3.7072
2017-01-16 02:00:20.613000 238232.463 3.313 49.149 33.265 51.289 4.02 3.6582 3.4591 20.23 21.7693 3.8692 4.1887 3.8896 3.6059 3.5685 7.75 3.17208093396 3.7079
2017-01-16 02:02:07.725000 238339.575 3.335 49.151 34.015 51.29 4.019 3.6576 3.4574 20.2316 21.7691 3.8694 4.1885 3.8891 3.6057 3.5693 7.749 3.2016217252 3.7086
2017-01-16 02:03:57.326000 238449.176 3.378 49.154 33.179 51.294 4.019 3.6576 3.4571 20.2302 21.7691 3.8694 4.188 3.8887 3.6067 3.5693 7.749 3.21198837226 3.7089
2017-01-16 02:05:44.448000 238556.298 3.354 49.153 33.268 51.291 4.02 3.6584 3.4594 20.2307 21.7693 3.8696 4.1883 3.8901 3.6074 3.5698 7.75 3.17208093396 3.7098
2017-01-16 02:07:31.610000 238663.46 3.357 49.153 34.03 51.292 4.02 3.6578 3.458 20.2295 21.7692 3.8697 4.1884 3.8896 3.6076 3.5701 7.75 3.23272166639 3.71
2017-01-16 02:09:19.017000 238770.867 3.521 49.154 34.005 51.293 4.019 3.6579 3.4584 20.229 21.7686 3.8698 4.1882 3.8892 3.6077 3.5703 7.749 3.24827163699 3.7112
2017-01-16 02:11:09.081000 238880.931 3.505 49.155 33.668 51.293 4.019 3.6579 3.459 20.2291 21.769 3.8699 4.1884 3.889 3.6089 3.5707 7.75 3.18680844176 3.7115
2017-01-16 02:12:56.623000 238988.473 3.334 49.157 33.326 51.296 4.019 3.6573 3.4573 20.2299 21.769 3.8699 4.1879 3.8887 3.6094 3.571 7.749 3.17699010323 3.7118
2017-01-16 02:14:44.064000 239095.914 3.364 49.156 34.034 51.296 4.019 3.6569 3.4575 20.2289 21.7691 3.8702 4.188 3.8885 3.6092 3.5714 7.749 3.19171761103 3.7125
2017-01-16 02:16:31.165000 239203.015 3.434 49.157 34.001 51.295 4.02 3.6578 3.4583 20.2285 21.7694 3.8702 4.1881 3.8898 3.61 3.5715 7.749 3.23790498993 3.713
2017-01-16 02:18:21.538000 239313.388 3.509 49.155 33.642 51.296 4.02 3.6586 3.4582 20.2296 21.769 3.8704 4.1883 3.8897 3.6107 3.5719 7.749 3.21198837226 3.7136
2017-01-16 02:20:09.120000 239420.97 3.331 49.156 33.358 51.298 4.019 3.6571 3.4583 20.2287 21.7694 3.8705 4.1881 3.8884 3.6111 3.5721 7.749 3.18189927249 3.714
2017-01-16 02:21:56.711000 239528.561 3.373 49.161 34.027 51.298 4.019 3.6575 3.4574 20.2291 21.7695 3.8705 4.1879 3.889 3.6117 3.5725 7.749 3.18680844176 3.714
2017-01-16 02:23:43.903000 239635.753 3.512 49.158 33.327 51.298 4.02 3.6582 3.459 20.2287 21.7697 3.8708 4.1882 3.8901 3.6119 3.5727 7.749 3.23272166639 3.7145
2017-01-16 02:25:33.905000 239745.755 3.522 49.158 33.622 51.298 4.013 3.6579 3.459 20.2282 21.7693 3.8708 4.1886 3.8898 3.6122 3.5734 7.749 3.22753834286 3.7151
2017-01-16 02:27:21.066000 239852.916 3.523 49.159 33.443 51.3 4.019 3.6578 3.4582 20.2298 21.77 3.8711 4.1883 3.8893 3.6126 3.5732 7.749 3.18680844176 3.7162
2017-01-16 02:29:08.037000 239959.887 3.456 49.161 33.28 51.3 4.02 3.6579 3.4584 20.2289 21.7701 3.8712 4.1886 3.8895 3.6134 3.5735 7.749 3.17208093396 3.716
2017-01-16 02:30:55.410000 240067.26 3.305 49.161 33.783 51.303 4.02 3.6578 3.4582 20.229 21.7701 3.8714 4.1884 3.8898 3.6138 3.5738 7.749 3.22235501933 3.7171
2017-01-16 02:32:45.572000 240177.422 3.317 49.164 33.513 51.305 4.02 3.659 3.4586 20.2319 21.77 3.8715 4.1886 3.8902 3.6138 3.5741 7.75 3.23272166639 3.7179
2017-01-16 02:34:32.613000 240284.463 3.443 49.165 33.718 51.307 4.02 3.658 3.4591 20.2315 21.7702 3.8715 4.1886 3.89 3.6148 3.5742 7.75 3.23272166639 3.7178
2017-01-16 02:36:19.934000 240391.784 3.469 49.166 33.847 51.307 4.019 3.6572 3.4569 20.2319 21.7702 3.8718 4.1884 3.8885 3.6144 3.5741 7.749 3.19662678029 3.7183
2017-01-16 02:38:10.126000 240501.976 3.528 49.171 33.482 51.311 4.018 3.6564 3.4566 20.2294 21.7694 3.8718 4.1875 3.8877 3.6154 3.5748 7.749 3.19662678029 3.7191
2017-01-16 02:39:57.518000 240609.368 3.494 49.171 33.304 51.312 4.019 3.6578 3.4578 20.2292 21.7702 3.8718 4.1877 3.8887 3.6154 3.5752 7.75 3.24308831346 3.7196
2017-01-16 02:41:44.939000 240716.789 3.308 49.173 33.682 51.312 4.02 3.6581 3.4592 20.2287 21.7703 3.8718 4.1881 3.8902 3.6161 3.5758 7.75 3.23272166639 3.7202
2017-01-16 02:43:32.121000 240823.971 3.464 49.174 33.927 51.313 4.02 3.6574 3.4585 20.2282 21.7704 3.8721 4.1886 3.8897 3.6164 3.5762 7.75 3.17208093396 3.7202
2017-01-16 02:45:22.213000 240934.063 3.355 49.178 34.034 51.32 4.019 3.6571 3.4577 20.2274 21.7702 3.8722 4.188 3.8882 3.6165 3.5763 7.75 3.24308831346 3.7211
2017-01-16 02:47:09.585000 241041.435 3.521 49.177 33.388 51.318 4.02 3.6585 3.4582 20.2304 21.7704 3.8722 4.1882 3.8897 3.6166 3.5761 7.751 3.18189927249 3.7214
2017-01-16 02:48:56.656000 241148.506 3.477 49.178 33.313 51.321 4.02 3.6577 3.4589 20.2297 21.7704 3.8724 4.1883 3.8899 3.6182 3.5766 7.751 3.20680504873 3.7223
2017-01-16 02:50:44.137000 241255.987 3.306 49.18 33.737 51.322 4.021 3.6586 3.4587 20.2289 21.7708 3.8724 4.1886 3.8905 3.6186 3.5773 7.751 3.19662678029 3.7219
2017-01-16 02:52:34.409000 241366.259 3.345 49.182 33.433 51.325 4.019 3.6578 3.4584 20.2279 21.7705 3.8727 4.1886 3.8891 3.6188 3.5771 7.751 3.19171761103 3.723
2017-01-16 02:54:21.712000 241473.562 3.398 49.185 34.037 51.327 4.02 3.6581 3.4583 20.2281 21.7702 3.8729 4.1884 3.8894 3.6188 3.5773 7.751 3.24308831346 3.7236
2017-01-16 02:56:09.183000 241581.033 3.509 49.185 33.4 51.328 4.02 3.6581 3.4591 20.2283 21.7708 3.873 4.1884 3.8898 3.6196 3.5781 7.752 3.18680844176 3.7237
2017-01-16 02:57:59.515000 241691.365 3.405 49.188 33.213 51.332 4.02 3.6578 3.4589 20.2281 21.7708 3.873 4.1884 3.8898 3.6194 3.578 7.752 3.23790498993 3.7238
2017-01-16 02:59:47.547000 241799.397 3.462 49.191 33.931 51.331 4.019 3.657 3.4575 20.2296 21.7704 3.8731 4.1884 3.8886 3.6204 3.578 7.752 3.22753834286 3.7244
2017-01-16 03:01:35.158000 241907.008 3.38 49.192 33.214 51.333 4.019 3.6567 3.4572 20.2306 21.7707 3.8733 4.1882 3.8886 3.6207 3.5784 7.752 3.17699010323 3.7244
2017-01-16 03:03:22.579000 242014.429 3.309 49.192 33.91 51.336 4.019 3.6577 3.4581 20.2289 21.7709 3.8733 4.1883 3.8893 3.6213 3.5782 7.752 3.21198837226 3.7253
2017-01-16 03:05:12.881000 242124.731 3.409 49.195 33.603 51.339 4.019 3.6582 3.4582 20.2289 21.7704 3.8734 4.1882 3.8888 3.6212 3.5791 7.752 3.22753834286 3.726
2017-01-16 03:07:00.384000 242232.234 3.501 49.196 33.974 51.336 4.021 3.6584 3.4597 20.2286 21.7712 3.8735 4.1885 3.8908 3.6216 3.5789 7.753 3.17208093396 3.7264
2017-01-16 03:08:48.082000 242339.932 3.307 49.195 33.698 51.339 4.021 3.6587 3.4603 20.2291 21.7709 3.8737 4.1892 3.8907 3.6221 3.5793 7.753 3.24827163699 3.7269
2017-01-16 03:10:38.845000 242450.695 3.308 49.198 33.902 51.34 4.021 3.6588 3.4598 20.229 21.7712 3.8738 4.1892 3.8907 3.623 3.5794 7.753 3.22753834286 3.727
2017-01-16 03:12:26.934000 242558.784 3.305 49.199 33.819 51.34 4.021 3.6588 3.4606 20.2297 21.7714 3.8741 4.1894 3.8908 3.6227 3.5801 7.754 3.17699010323 3.7276
2017-01-16 03:14:14.924000 242666.774 3.407 49.2 33.216 51.342 4.021 3.6591 3.4594 20.2291 21.7713 3.8742 4.1894 3.8911 3.6228 3.5801 7.754 3.2171716958 3.7275
2017-01-16 03:16:02.806000 242774.656 3.305 49.202 33.841 51.346 4.02 3.6578 3.459 20.2287 21.7711 3.8744 4.1892 3.89 3.6236 3.5803 7.754 3.19171761103 3.7281
2017-01-16 03:17:53.389000 242885.239 3.528 49.204 33.569 51.348 4.02 3.6574 3.4579 20.2285 21.7709 3.8745 4.1888 3.8893 3.6239 3.5806 7.753 3.23790498993 3.7289
2017-01-16 03:19:41.184000 242993.034 3.327 49.206 33.411 51.35 4.019 3.6571 3.4576 20.2281 21.771 3.8745 4.1883 3.8889 3.6243 3.5811 7.753 3.24308831346 3.73
2017-01-16 03:21:29.341000 243101.191 3.333 49.209 33.351 51.353 4.019 3.6569 3.4569 20.228 21.7712 3.8747 4.1881 3.8885 3.6244 3.5815 7.753 3.18680844176 3.7298
2017-01-16 03:23:20.242000 243212.092 3.448 49.211 33.768 51.354 4.019 3.6569 3.4573 20.2279 21.7712 3.8746 4.1881 3.8888 3.6251 3.5814 7.753 3.25345496052 3.7302
2017-01-16 03:25:07.993000 243319.843 3.426 49.211 33.26 51.356 4.019 3.6569 3.4568 20.2279 21.7711 3.8746 4.1878 3.8881 3.6255 3.582 7.753 3.23790498993 3.7307
2017-01-16 03:26:55.825000 243427.675 3.465 49.21 33.872 51.355 4.02 3.6577 3.4582 20.2291 21.7711 3.8746 4.1881 3.8901 3.6255 3.5821 7.754 3.2016217252 3.7304
2017-01-16 03:28:43.686000 243535.536 3.393 49.213 33.215 51.356 4.019 3.6572 3.458 20.2284 21.771 3.8748 4.1881 3.8889 3.6265 3.5824 7.754 3.23272166639 3.731
2017-01-16 03:30:34.349000 243646.199 3.34 49.215 34.034 51.359 4.018 3.6563 3.4569 20.2278 21.7706 3.8746 4.1878 3.888 3.6262 3.5823 7.754 3.19662678029 3.7315
2017-01-16 03:32:22.191000 243754.041 3.509 49.216 33.649 51.36 4.019 3.657 3.4572 20.2291 21.7704 3.8748 4.1877 3.8883 3.6271 3.5828 7.754 3.2016217252 3.7328
2017-01-16 03:34:09.862000 243861.712 3.334 49.216 34.021 51.359 4.02 3.6579 3.458 20.2289 21.7704 3.8749 4.1879 3.8895 3.6274 3.5828 7.754 3.23272166639 3.7321
2017-01-16 03:36:00.194000 243972.044 3.442 49.215 33.815 51.36 4.019 3.6572 3.458 20.2297 21.7711 3.875 4.1884 3.889 3.6279 3.5836 7.755 3.24827163699 3.7328
2017-01-16 03:37:48.026000 244079.876 3.411 49.218 33.236 51.363 4.019 3.6564 3.4576 20.2301 21.7708 3.875 4.188 3.8882 3.6276 3.5835 7.754 3.19171761103 3.733
2017-01-16 03:39:35.407000 244187.257 3.305 49.217 33.817 51.362 4.02 3.6576 3.4579 20.2293 21.7711 3.8752 4.1882 3.8894 3.628 3.5836 7.755 3.24827163699 3.7334
2017-01-16 03:41:23.189000 244295.039 3.387 49.217 33.197 51.361 4.02 3.658 3.4588 20.2289 21.7714 3.8754 4.1887 3.8904 3.6287 3.5834 7.755 3.2016217252 3.7337
2017-01-16 03:43:13.711000 244405.561 3.325 49.216 33.438 51.362 4.02 3.658 3.4586 20.2277 21.7712 3.8755 4.1887 3.8902 3.6292 3.5839 7.755 3.18680844176 3.734
2017-01-16 03:45:01.673000 244513.523 3.527 49.216 33.468 51.363 4.019 3.6571 3.458 20.229 21.7708 3.8756 4.1886 3.8891 3.6293 3.5842 7.755 3.2171716958 3.7348
2017-01-16 03:46:49.424000 244621.274 3.321 49.219 33.461 51.363 4.02 3.6577 3.4582 20.2284 21.7704 3.8756 4.1883 3.8896 3.6288 3.5843 7.755 3.22235501933 3.7349
2017-01-16 03:48:37.236000 244729.086 3.52 49.217 33.381 51.364 4.02 3.6577 3.4588 20.2283 21.7704 3.8758 4.1884 3.8901 3.6295 3.5847 7.755 3.24308831346 3.7356
2017-01-16 03:50:27.638000 244839.488 3.36 49.221 33.229 51.366 4.019 3.6579 3.4578 20.2301 21.7709 3.876 4.1883 3.8893 3.6301 3.5848 7.755 3.24827163699 3.7357
2017-01-16 03:52:15.270000 244947.12 3.319 49.22 33.977 51.366 4.02 3.6577 3.4593 20.2291 21.7707 3.876 4.1884 3.8896 3.6307 3.5846 7.755 3.23790498993 3.7365
2017-01-16 03:54:03.143000 245054.993 3.35 49.222 33.263 51.365 4.021 3.6585 3.4598 20.2287 21.7708 3.876 4.1886 3.8907 3.6309 3.5854 7.756 3.21198837226 3.737
2017-01-16 03:55:50.914000 245162.764 3.346 49.221 34.038 51.367 4.02 3.6568 3.458 20.2291 21.7705 3.876 4.1885 3.8893 3.6311 3.5852 7.755 3.25863828406 3.7369
2017-01-16 03:57:41.726000 245273.576 3.481 49.221 33.294 51.366 4.02 3.6576 3.4581 20.2289 21.7705 3.8761 4.1885 3.8896 3.6318 3.586 7.756 3.23790498993 3.7372
2017-01-16 03:59:29.888000 245381.738 3.454 49.222 33.96 51.369 4.02 3.6569 3.4579 20.2284 21.7706 3.8764 4.1883 3.8892 3.6316 3.586 7.756 3.18189927249 3.7373
2017-01-16 04:01:17.959000 245489.809 3.443 49.226 33.985 51.37 4.02 3.6575 3.4589 20.2282 21.7706 3.8762 4.1883 3.89 3.6321 3.5859 7.756 3.20680504873 3.738
2017-01-16 04:03:06.011000 245597.861 3.308 49.223 33.677 51.37 4.02 3.6578 3.4586 20.2302 21.7708 3.8764 4.1885 3.8904 3.632 3.5864 7.756 3.26900493112 3.7385
2017-01-16 04:04:56.864000 245708.714 3.496 49.224 33.972 51.372 4.02 3.6575 3.459 20.2291 21.7708 3.8764 4.1885 3.8901 3.6326 3.5863 7.756 3.24308831346 3.7389
2017-01-16 04:06:44.986000 245816.836 3.312 49.225 33.949 51.371 4.02 3.6571 3.4578 20.2285 21.7707 3.8765 4.1885 3.8894 3.6328 3.587 7.756 3.19171761103 3.7393
2017-01-16 04:08:33.167000 245925.017 3.356 49.228 33.242 51.375 4.02 3.6574 3.4585 20.2282 21.7706 3.8766 4.1884 3.8894 3.6332 3.5872 7.756 3.25863828406 3.7397
2017-01-16 04:10:21.349000 246033.199 3.379 49.226 33.222 51.373 4.021 3.6587 3.4604 20.2282 21.7709 3.8767 4.1889 3.8908 3.6336 3.5875 7.757 3.25863828406 3.7402
2017-01-16 04:12:12.331000 246144.181 3.359 49.228 33.492 51.373 4.019 3.6571 3.4579 20.2277 21.7707 3.8769 4.1888 3.8891 3.6337 3.5875 7.756 3.19171761103 3.7398
2017-01-16 04:14:00.732000 246252.582 3.333 49.23 33.357 51.375 4.019 3.6577 3.459 20.2279 21.7708 3.877 4.1883 3.8892 3.6342 3.5875 7.756 3.25863828406 3.7404
2017-01-16 04:15:49.134000 246360.984 3.345 49.228 33.294 51.375 4.02 3.6581 3.4583 20.2278 21.7704 3.877 4.1885 3.8889 3.6344 3.5875 7.756 3.19171761103 3.7409
2017-01-16 04:17:40.446000 246472.296 3.506 49.231 33.401 51.379 4.02 3.6573 3.4578 20.2296 21.7705 3.877 4.1884 3.8895 3.6347 3.5884 7.756 3.26382160759 3.741
2017-01-16 04:19:28.918000 246580.768 3.526 49.229 33.509 51.378 4.019 3.6565 3.4578 20.2281 21.7705 3.8771 4.1882 3.8889 3.635 3.5887 7.756 3.24827163699 3.741
2017-01-16 04:21:17.438000 246689.288 3.526 49.233 33.562 51.379 4.018 3.6565 3.4569 20.2282 21.7707 3.8772 4.1879 3.8882 3.6354 3.5887 7.756 3.19171761103 3.7414
2017-01-16 04:23:06.140000 246797.99 3.515 49.23 33.664 51.379 4.018 3.6567 3.457 20.2299 21.7705 3.877 4.1877 3.8886 3.6354 3.5894 7.756 3.25345496052 3.7418
2017-01-16 04:24:57.522000 246909.372 3.401 49.235 34.041 51.38 4.019 3.6562 3.4576 20.2295 21.7706 3.8771 4.1874 3.8881 3.6357 3.5892 7.756 3.22235501933 3.7428
2017-01-16 04:26:46.170000 247018.02 3.525 49.232 34.057 51.381 4.019 3.6569 3.4573 20.2302 21.7702 3.877 4.1875 3.888 3.6362 3.589 7.756 3.18189927249 3.7429
2017-01-16 04:28:34.766000 247126.616 3.512 49.233 33.679 51.38 4.018 3.6564 3.4571 20.2298 21.7705 3.877 4.1876 3.888 3.6362 3.5894 7.756 3.24308831346 3.7429
2017-01-16 04:30:25.858000 247237.708 3.332 49.234 33.41 51.382 4.018 3.6557 3.4562 20.2289 21.7703 3.8772 4.1874 3.8878 3.6371 3.5898 7.756 3.2016217252 3.7433
2017-01-16 04:32:14.130000 247345.98 3.334 49.235 33.511 51.379 4.017 3.6563 3.457 20.2299 21.7705 3.877 4.1871 3.8886 3.6368 3.5894 7.756 3.2016217252 3.7435
2017-01-16 04:34:02.512000 247454.362 3.522 49.235 33.622 51.382 4.019 3.6565 3.4568 20.2304 21.7706 3.8771 4.1875 3.8882 3.6367 3.5896 7.756 3.20680504873 3.7444
2017-01-16 04:35:50.803000 247562.653 3.513 49.236 33.686 51.381 4.018 3.6552 3.4556 20.2312 21.7703 3.8772 4.1873 3.8872 3.6377 3.5899 7.756 3.25345496052 3.7442
2017-01-16 04:37:41.605000 247673.455 3.311 49.236 33.309 51.383 4.018 3.656 3.4567 20.231 21.7704 3.8772 4.1873 3.888 3.6375 3.5902 7.756 3.19662678029 3.7443
2017-01-16 04:39:29.917000 247781.767 3.506 49.235 33.405 51.381 4.019 3.6564 3.457 20.23 21.7704 3.8773 4.1878 3.8885 3.6386 3.59 7.757 3.20680504873 3.7451
2017-01-16 04:41:18.229000 247890.079 3.522 49.235 33.41 51.382 4.019 3.6568 3.458 20.23 21.7705 3.8774 4.1877 3.8889 3.6378 3.5906 7.757 3.24827163699 3.7455
2017-01-16 04:43:09.452000 248001.302 3.305 49.234 33.877 51.384 4.019 3.6572 3.4586 20.2293 21.7703 3.8775 4.188 3.8894 3.6387 3.5908 7.757 3.22235501933 3.7455
2017-01-16 04:44:58.333000 248110.183 3.457 49.237 33.9 51.385 4.019 3.6572 3.4571 20.2285 21.7699 3.8777 4.1878 3.8888 3.6388 3.5904 7.757 3.20680504873 3.7459
2017-01-16 04:46:46.325000 248218.175 3.303 49.236 33.814 51.382 4.019 3.6575 3.4579 20.2282 21.7698 3.8776 4.1878 3.889 3.639 3.5908 7.757 3.19662678029 3.7462
2017-01-16 04:48:34.586000 248326.436 3.308 49.235 33.698 51.383 4.019 3.6573 3.4584 20.228 21.7698 3.8777 4.1879 3.8891 3.6394 3.5911 7.757 3.23272166639 3.7467
2017-01-16 04:50:25.808000 248437.658 3.497 49.235 33.707 51.383 4.019 3.6563 3.4568 20.229 21.7701 3.8779 4.1878 3.8885 3.6393 3.5909 7.757 3.2171716958 3.7467
2017-01-16 04:52:14.301000 248546.151 3.489 49.233 33.748 51.382 4.02 3.6576 3.4584 20.2305 21.7703 3.8779 4.1881 3.8902 3.6398 3.5914 7.757 3.20680504873 3.7472
2017-01-16 04:54:02.863000 248654.713 3.47 49.232 33.843 51.379 4.021 3.6579 3.4595 20.2299 21.7702 3.8781 4.1887 3.8906 3.6405 3.5915 7.758 3.24308831346 3.7472
2017-01-16 04:55:51.304000 248763.154 3.469 49.233 33.911 51.381 4.02 3.6578 3.4583 20.2293 21.7699 3.8783 4.1888 3.89 3.6398 3.5913 7.758 3.2171716958 3.7471
2017-01-16 04:57:42.756000 248874.606 3.321 49.232 34.005 51.379 4.021 3.6585 3.4604 20.2289 21.7701 3.8784 4.189 3.891 3.6402 3.592 7.758 3.18680844176 3.7474
2017-01-16 04:59:31.148000 248982.998 3.312 49.231 33.958 51.379 4.019 3.658 3.4585 20.2309 21.7693 3.8785 4.1892 3.8893 3.6403 3.5916 7.757 3.19662678029 3.748
2017-01-16 05:01:19.820000 249091.67 3.466 49.232 33.896 51.382 4.02 3.6578 3.4587 20.2309 21.7698 3.8786 4.1886 3.8895 3.641 3.5918 7.757 3.26382160759 3.7485
2017-01-16 05:03:08.391000 249200.241 3.456 49.23 33.954 51.378 4.02 3.6578 3.4581 20.2309 21.7698 3.8789 4.1887 3.8898 3.6402 3.5928 7.757 3.2016217252 3.7487
2017-01-16 05:04:59.794000 249311.644 3.311 49.229 33.261 51.376 4.02 3.6573 3.4588 20.2297 21.7696 3.8789 4.1888 3.89 3.6412 3.593 7.757 3.23790498993 3.749
2017-01-16 05:06:48.456000 249420.306 3.306 49.226 33.726 51.375 4.021 3.6583 3.4601 20.2289 21.7698 3.8789 4.189 3.8906 3.6418 3.5927 7.758 3.27418825466 3.7493
2017-01-16 05:08:37.038000 249528.888 3.308 49.229 33.664 51.375 4.02 3.6587 3.4588 20.2307 21.7695 3.879 4.189 3.8902 3.6415 3.5931 7.757 3.26900493112 3.7497
2017-01-16 05:10:25.418000 249637.268 3.314 49.227 33.537 51.373 4.02 3.6582 3.4581 20.2324 21.7689 3.8791 4.1887 3.8901 3.6419 3.5934 7.757 3.20680504873 3.7501
2017-01-16 05:12:16.981000 249748.831 3.404 49.225 33.193 51.371 4.02 3.6579 3.4592 20.2307 21.7692 3.8792 4.1886 3.89 3.6424 3.5934 7.757 3.24827163699 3.7499
2017-01-16 05:14:05.803000 249857.653 3.306 49.224 33.697 51.371 4.02 3.6575 3.459 20.2316 21.7692 3.8793 4.189 3.8901 3.6427 3.5932 7.757 3.27418825466 3.7506
2017-01-16 05:15:54.836000 249966.686 3.422 49.221 34.028 51.368 4.021 3.6586 3.4599 20.2328 21.7693 3.8793 4.1892 3.8908 3.6431 3.5936 7.757 3.27418825466 3.7506
2017-01-16 05:17:46.458000 250078.308 3.303 49.222 33.867 51.367 4.02 3.6579 3.4581 20.2336 21.7686 3.8795 4.1892 3.8899 3.6431 3.5941 7.757 3.21198837226 3.7509
2017-01-16 05:19:35.490000 250187.34 3.455 49.223 33.954 51.367 4.013 3.657 3.4576 20.2326 21.7691 3.8795 4.1887 3.8895 3.6432 3.5939 7.756 3.2016217252 3.7515
2017-01-16 05:21:24.441000 250296.291 3.5 49.221 33.378 51.364 4.019 3.6567 3.4582 20.2325 21.7691 3.8794 4.1884 3.8888 3.6439 3.5942 7.756 3.19662678029 3.7515
2017-01-16 05:23:13.572000 250405.422 3.342 49.218 33.411 51.364 4.019 3.6567 3.4579 20.2315 21.7684 3.8795 4.1885 3.8886 3.6436 3.5943 7.756 3.22235501933 3.7518
2017-01-16 05:25:05.485000 250517.335 3.327 49.217 33.412 51.363 4.019 3.6571 3.4576 20.2328 21.7688 3.8794 4.1884 3.8891 3.6436 3.5949 7.756 3.26900493112 3.7518
2017-01-16 05:26:54.636000 250626.486 3.505 49.216 33.719 51.362 4.02 3.6578 3.4591 20.2312 21.7689 3.8796 4.1886 3.8901 3.6442 3.5946 7.756 3.24308831346 3.7519
2017-01-16 05:28:43.600000 250735.45 3.402 49.216 33.824 51.359 4.019 3.657 3.4572 20.2299 21.768 3.8796 4.1883 3.8891 3.6444 3.5948 7.755 3.19171761103 3.7529
2017-01-16 05:30:35.182000 250847.032 3.51 49.215 33.636 51.36 4.019 3.6562 3.4575 20.2291 21.7685 3.8795 4.1879 3.8887 3.6451 3.5955 7.755 3.26382160759 3.7536
2017-01-16 05:32:23.694000 250955.544 3.499 49.214 33.748 51.358 4.018 3.6563 3.4568 20.23 21.7684 3.8796 4.1877 3.8881 3.6447 3.5951 7.755 3.26900493112 3.7529
2017-01-16 05:34:12.615000 251064.465 3.409 49.21 33.211 51.357 4.019 3.6565 3.458 20.232 21.7683 3.8796 4.1878 3.8888 3.6449 3.5945 7.755 3.19662678029 3.7538
2017-01-16 05:36:01.287000 251173.137 3.437 49.21 33.263 51.355 4.018 3.6565 3.4563 20.23 21.7678 3.8793 4.1875 3.888 3.6455 3.5955 7.754 3.23272166639 3.7536
2017-01-16 05:37:53.119000 251284.969 3.379 49.208 33.2 51.354 4.016 3.6559 3.4568 20.2291 21.7683 3.8794 4.1874 3.888 3.6457 3.5954 7.754 3.23790498993 3.754
2017-01-16 05:39:42.142000 251393.992 3.305 49.209 33.663 51.353 4.018 3.6553 3.4565 20.2301 21.7682 3.8794 4.1873 3.8876 3.646 3.5956 7.754 3.19662678029 3.7543
2017-01-16 05:41:31.104000 251502.954 3.386 49.206 34.04 51.35 4.018 3.6567 3.4576 20.2308 21.7681 3.8794 4.1874 3.8881 3.6456 3.5959 7.754 3.27418825466 3.7549
2017-01-16 05:43:22.856000 251614.706 3.306 49.204 33.642 51.349 4.018 3.6558 3.4562 20.2315 21.7674 3.8794 4.1875 3.8878 3.6456 3.5957 7.754 3.2016217252 3.7547
2017-01-16 05:45:11.828000 251723.678 3.341 49.204 34.011 51.348 4.018 3.6559 3.456 20.2301 21.7681 3.8795 4.1873 3.8879 3.6462 3.5962 7.754 3.26900493112 3.7551
2017-01-16 05:47:00.469000 251832.319 3.304 49.201 33.89 51.347 4.018 3.6557 3.4566 20.2309 21.7679 3.8794 4.1874 3.8879 3.6469 3.5963 7.754 3.26900493112 3.7557
2017-01-16 05:48:49.421000 251941.271 3.456 49.201 33.939 51.344 4.002 3.6567 3.4571 20.2291 21.7675 3.8794 4.1874 3.888 3.6459 3.5961 7.754 3.22753834286 3.7556
2017-01-16 05:50:41.133000 252052.983 3.482 49.2 33.821 51.343 4.018 3.6559 3.4567 20.2298 21.7679 3.8794 4.1873 3.8874 3.6471 3.5961 7.753 3.21198837226 3.7564
2017-01-16 05:52:30.196000 252162.046 3.461 49.198 33.269 51.34 4.019 3.6568 3.458 20.2292 21.7678 3.8794 4.1874 3.8892 3.647 3.5967 7.753 3.27418825466 3.7558
2017-01-16 05:54:18.808000 252270.658 3.482 49.196 33.346 51.339 4.016 3.6559 3.4566 20.2294 21.7675 3.8797 4.1876 3.8878 3.6475 3.5962 7.753 3.21198837226 3.7566
2017-01-16 05:56:07.719000 252379.569 3.328 49.195 33.45 51.338 4.019 3.6566 3.4574 20.2313 21.767 3.8796 4.1877 3.889 3.6469 3.5961 7.753 3.22753834286 3.7569
2017-01-16 05:57:56.441000 252488.291 3.355 49.193 33.225 51.337 4.018 3.656 3.4564 20.2297 21.7674 3.8796 4.1877 3.8884 3.6478 3.5974 7.753 3.25863828406 3.7567
2017-01-16 05:59:48.483000 252600.333 3.325 49.19 33.369 51.334 4.019 3.6569 3.4584 20.2321 21.7677 3.8798 4.1879 3.8895 3.6476 3.5965 7.753 3.23272166639 3.7568
2017-01-16 06:01:37.945000 252709.795 3.388 49.189 33.787 51.334 4.019 3.657 3.4581 20.2295 21.7671 3.8799 4.1882 3.8888 3.6479 3.5973 7.753 3.21198837226 3.7572
2017-01-16 06:03:26.888000 252818.738 3.436 49.188 33.244 51.331 4.019 3.6571 3.4576 20.2299 21.7675 3.88 4.188 3.8888 3.6481 3.5973 7.753 3.22753834286 3.7572
2017-01-16 06:05:15.900000 252927.75 3.397 49.186 33.558 51.329 4.019 3.6572 3.4585 20.2317 21.7675 3.88 4.1882 3.8893 3.6483 3.5972 7.753 3.23272166639 3.7578
2017-01-16 06:07:07.932000 253039.782 3.439 49.187 33.99 51.328 4.018 3.6557 3.4559 20.2306 21.7668 3.8801 4.1878 3.8881 3.6482 3.5972 7.752 3.20680504873 3.7574
2017-01-16 06:08:57.044000 253148.894 3.501 49.189 33.374 51.33 4.018 3.655 3.4556 20.2324 21.7672 3.8801 4.1871 3.887 3.6485 3.5976 7.752 3.24308831346 3.758
2017-01-16 06:10:46.235000 253258.085 3.332 49.185 33.342 51.328 4.018 3.6561 3.456 20.2329 21.7673 3.88 4.1872 3.8874 3.6486 3.598 7.752 3.26900493112 3.7581
2017-01-16 06:12:35.417000 253367.267 3.494 49.186 33.708 51.328 4.018 3.6554 3.4567 20.2327 21.767 3.88 4.1871 3.8879 3.6492 3.5979 7.752 3.22235501933 3.7588
2017-01-16 06:14:27.537000 253479.387 3.519 49.183 33.618 51.326 4.018 3.6557 3.4569 20.2336 21.7672 3.88 4.1871 3.8881 3.6493 3.598 7.751 3.20680504873 3.7591
2017-01-16 06:16:17.130000 253588.98 3.307 49.182 33.624 51.325 4.018 3.6557 3.4568 20.2306 21.7671 3.88 4.1871 3.8875 3.6496 3.5984 7.751 3.26900493112 3.7599
2017-01-16 06:18:06.708000 253698.558 3.525 49.183 33.562 51.324 4.018 3.6553 3.4569 20.2321 21.7671 3.8799 4.1867 3.8873 3.6498 3.598 7.751 3.27418825466 3.7594
2017-01-16 06:19:59.163000 253811.013 3.326 49.181 33.392 51.32 4.018 3.6559 3.4569 20.2323 21.7672 3.88 4.1868 3.8877 3.6498 3.5987 7.751 3.21198837226 3.7596
2017-01-16 06:21:48.872000 253920.722 3.369 49.18 33.2 51.32 4.018 3.6559 3.4576 20.2324 21.7673 3.88 4.1869 3.8879 3.6495 3.5979 7.751 3.27418825466 3.7599
2017-01-16 06:23:38.524000 254030.374 3.437 49.181 33.988 51.322 4.017 3.6552 3.456 20.2304 21.7673 3.8799 4.1868 3.8872 3.6498 3.5984 7.751 3.2171716958 3.7596
2017-01-16 06:25:28.106000 254139.956 3.332 49.179 33.346 51.321 4.017 3.655 3.4563 20.2314 21.7673 3.8801 4.1868 3.8866 3.6502 3.5984 7.751 3.25863828406 3.7598
2017-01-16 06:27:20.510000 254252.36 3.345 49.179 34.032 51.32 4.017 3.655 3.4558 20.2318 21.7675 3.8799 4.1866 3.8866 3.6504 3.5987 7.75 3.21198837226 3.7607
2017-01-16 06:29:10.032000 254361.882 3.363 49.179 33.231 51.32 4.017 3.6548 3.4561 20.2312 21.7674 3.8799 4.1864 3.8866 3.6511 3.5982 7.75 3.24827163699 3.7608
2017-01-16 06:30:59.384000 254471.234 3.453 49.18 33.94 51.321 4.007 3.6547 3.4555 20.2302 21.7673 3.8799 4.186 3.8862 3.651 3.5983 7.75 3.26382160759 3.7607
2017-01-16 06:32:51.666000 254583.516 3.437 49.179 33.959 51.32 4.017 3.6546 3.4549 20.2306 21.7672 3.8799 4.1862 3.8867 3.6507 3.5986 7.75 3.2171716958 3.7609
2017-01-16 06:34:41.038000 254692.888 3.319 49.18 33.44 51.322 4.008 3.6539 3.4542 20.2286 21.7669 3.8796 4.1857 3.8856 3.651 3.5987 7.749 3.2016217252 3.7612
2017-01-16 06:36:30.600000 254802.45 3.5 49.181 33.715 51.32 4.016 3.6534 3.454 20.228 21.7673 3.8797 4.1857 3.8853 3.6511 3.5991 7.749 3.22235501933 3.7614
2017-01-16 06:38:19.983000 254911.833 3.302 49.179 33.758 51.318 4.016 3.654 3.4546 20.2282 21.7669 3.8796 4.1857 3.8858 3.651 3.5991 7.749 3.24827163699 3.7618
2017-01-16 06:40:12.175000 255024.025 3.474 49.179 33.938 51.32 4.017 3.6544 3.4552 20.2291 21.7677 3.8798 4.1861 3.8867 3.6511 3.5991 7.75 3.21198837226 3.7615
2017-01-16 06:42:01.597000 255133.447 3.42 49.178 33.233 51.32 4.017 3.655 3.4548 20.2289 21.7672 3.8797 4.186 3.8867 3.6515 3.5993 7.75 3.21198837226 3.762
2017-01-16 06:43:50.928000 255242.778 3.379 49.181 34.044 51.319 4.016 3.6535 3.4536 20.2302 21.7677 3.8796 4.186 3.8856 3.652 3.5992 7.749 3.23272166639 3.7621
2017-01-16 06:45:43.241000 255355.091 3.508 49.18 33.411 51.318 4.016 3.6537 3.4551 20.2295 21.7677 3.8797 4.1858 3.8857 3.652 3.5997 7.749 3.26382160759 3.763
2017-01-16 06:47:32.503000 255464.353 3.356 49.18 33.259 51.32 4.015 3.6531 3.4543 20.228 21.7674 3.8796 4.1855 3.8853 3.6515 3.5996 7.749 3.21198837226 3.7625
2017-01-16 06:49:22.014000 255573.864 3.456 49.181 33.938 51.321 4.015 3.6531 3.4543 20.229 21.7676 3.8796 4.1854 3.8849 3.6519 3.5993 7.749 3.22753834286 3.7627
2017-01-16 06:51:11.477000 255683.327 3.315 49.18 33.498 51.321 4.016 3.6538 3.4547 20.2289 21.7676 3.8796 4.1855 3.886 3.6521 3.5996 7.749 3.27937157819 3.7633
2017-01-16 06:53:04.010000 255795.86 3.406 49.179 34.011 51.32 4.016 3.6539 3.4554 20.2299 21.7677 3.8796 4.1856 3.8859 3.6523 3.5997 7.749 3.23790498993 3.763
2017-01-16 06:54:53.691000 255905.541 3.325 49.179 33.989 51.316 4.017 3.6546 3.4555 20.2283 21.7679 3.8796 4.186 3.887 3.6521 3.5998 7.75 3.23272166639 3.7632
2017-01-16 06:56:43.003000 256014.853 3.481 49.176 33.831 51.317 4.015 3.6551 3.4566 20.2288 21.7679 3.8797 4.1866 3.8874 3.6526 3.5995 7.75 3.27418825466 3.7634
2017-01-16 06:58:32.655000 256124.505 3.42 49.176 34.014 51.318 4.018 3.6553 3.4559 20.2285 21.7679 3.8799 4.1867 3.8876 3.653 3.6003 7.75 3.22235501933 3.7641
2017-01-16 07:00:25.057000 256236.907 3.497 49.177 33.946 51.317 4.018 3.6559 3.4576 20.2283 21.7679 3.8798 4.1871 3.8882 3.6526 3.5997 7.75 3.20680504873 3.763
2017-01-16 07:02:14.680000 256346.53 3.33 49.177 34.01 51.316 4.017 3.6551 3.456 20.2278 21.7678 3.8801 4.1867 3.8871 3.6533 3.6 7.75 3.27937157819 3.7638
2017-01-16 07:04:04.042000 256455.892 3.393 49.177 33.809 51.318 4.017 3.6551 3.4568 20.2287 21.7678 3.8801 4.1868 3.8871 3.6535 3.6002 7.75 3.2016217252 3.7639
2017-01-16 07:05:53.724000 256565.574 3.408 49.176 34.007 51.317 4.017 3.6548 3.4555 20.2281 21.7678 3.8803 4.1865 3.887 3.6533 3.6 7.75 3.27937157819 3.7644
2017-01-16 07:07:46.176000 256678.026 3.491 49.174 33.343 51.315 4.018 3.6556 3.4574 20.2283 21.768 3.8804 4.1869 3.888 3.6535 3.6002 7.75 3.19662678029 3.765
2017-01-16 07:09:35.918000 256787.768 3.335 49.173 34.015 51.313 4.019 3.6561 3.4571 20.2288 21.7681 3.8804 4.1872 3.8884 3.6539 3.6008 7.75 3.28455490172 3.7647
2017-01-16 07:11:25.580000 256897.43 3.304 49.172 33.79 51.313 4.018 3.6567 3.4574 20.2296 21.768 3.8805 4.1873 3.8883 3.6537 3.6008 7.75 3.21198837226 3.7648
2017-01-16 07:13:18.132000 257009.982 3.48 49.174 33.833 51.316 4.013 3.6544 3.4548 20.2292 21.7679 3.8806 4.1869 3.886 3.6538 3.601 7.749 3.26900493112 3.7649
2017-01-16 07:15:07.995000 257119.845 3.399 49.177 33.575 51.315 4.011 3.6538 3.455 20.2296 21.7672 3.8805 4.1861 3.8855 3.6538 3.6007 7.749 3.28455490172 3.765
2017-01-16 07:16:57.967000 257229.817 3.308 49.177 33.239 51.318 4.016 3.654 3.4555 20.2287 21.7679 3.8803 4.1858 3.8863 3.6543 3.6007 7.749 3.20680504873 3.7657
2017-01-16 07:18:47.808000 257339.658 3.507 49.175 33.383 51.318 4.017 3.654 3.4546 20.228 21.7677 3.8804 4.1858 3.8864 3.6545 3.6008 7.749 3.27937157819 3.7657
2017-01-16 07:20:40.300000 257452.15 3.313 49.174 33.522 51.313 4.018 3.6553 3.4572 20.2297 21.7679 3.8805 4.1863 3.8876 3.6541 3.601 7.75 3.26900493112 3.7653
2017-01-16 07:22:30.342000 257562.192 3.354 49.175 33.264 51.313 4.017 3.6544 3.4553 20.2307 21.7677 3.8804 4.1868 3.8867 3.6547 3.601 7.75 3.20680504873 3.7661
2017-01-16 07:24:20.364000 257672.214 3.452 49.171 33.285 51.315 4.017 3.6547 3.4552 20.2295 21.7677 3.8804 4.1866 3.8868 3.6545 3.601 7.749 3.28455490172 3.7662
2017-01-16 07:26:10.347000 257782.197 3.522 49.171 33.55 51.313 4.018 3.6552 3.4563 20.2302 21.7678 3.8805 4.1867 3.8877 3.6545 3.6009 7.749 3.22235501933 3.7664
2017-01-16 07:28:03.300000 257895.15 3.332 49.173 34.013 51.313 4.018 3.6551 3.4554 20.2307 21.7676 3.8806 4.1868 3.8871 3.6551 3.6014 7.749 3.24827163699 3.7663
2017-01-16 07:29:53.371000 258005.221 3.304 49.171 33.772 51.312 4.018 3.656 3.4569 20.2301 21.7674 3.8806 4.1871 3.8878 3.6553 3.6014 7.75 3.28973822525 3.7668
2017-01-16 07:31:43.192000 258115.042 3.347 49.169 33.263 51.309 4.019 3.6566 3.4583 20.2294 21.7676 3.8809 4.1877 3.8889 3.6551 3.6014 7.75 3.22235501933 3.7669
2017-01-16 07:33:35.955000 258227.805 3.518 49.17 34.035 51.313 4.017 3.6548 3.4552 20.2282 21.7674 3.8809 4.187 3.8864 3.6552 3.6019 7.749 3.22235501933 3.7673
2017-01-16 07:35:25.977000 258337.827 3.455 49.172 33.942 51.313 4.017 3.6552 3.4554 20.2304 21.7668 3.8809 4.1867 3.8861 3.6551 3.6017 7.749 3.26900493112 3.7669
2017-01-16 07:37:16.020000 258447.87 3.346 49.172 34.025 51.312 4.017 3.6548 3.4565 20.2292 21.7675 3.8808 4.1865 3.8869 3.6556 3.6024 7.749 3.25863828406 3.7667
2017-01-16 07:39:05.952000 258557.802 3.304 49.171 33.834 51.311 4.017 3.6548 3.4556 20.2282 21.7676 3.8809 4.1866 3.8873 3.6559 3.6018 7.749 3.22235501933 3.7681
2017-01-16 07:40:58.664000 258670.514 3.489 49.17 33.78 51.311 4.017 3.6546 3.455 20.2276 21.7673 3.8808 4.1862 3.8859 3.6561 3.6018 7.749 3.27937157819 3.7676
2017-01-16 07:42:48.426000 258780.276 3.417 49.169 34.025 51.31 4.017 3.6545 3.4556 20.2285 21.7676 3.881 4.1865 3.8871 3.6564 3.6019 7.749 3.21198837226 3.7679
2017-01-16 07:44:38.278000 258890.128 3.344 49.169 33.311 51.31 4.017 3.6549 3.4556 20.2281 21.7669 3.8808 4.1865 3.8875 3.6561 3.6022 7.749 3.26900493112 3.7682
2017-01-16 07:46:31.220000 259003.07 3.483 49.17 33.813 51.309 4.016 3.6539 3.455 20.2275 21.7673 3.8809 4.1863 3.8859 3.6563 3.6022 7.749 3.25345496052 3.7683
2017-01-16 07:48:21.282000 259113.132 3.344 49.169 34.012 51.31 4.017 3.6543 3.4547 20.2269 21.7675 3.8807 4.1859 3.8866 3.6563 3.602 7.748 3.22235501933 3.7682
2017-01-16 07:50:11.345000 259223.195 3.305 49.169 33.875 51.311 4.017 3.6546 3.455 20.2285 21.7669 3.8809 4.186 3.8867 3.6563 3.6026 7.749 3.2171716958 3.7691
2017-01-16 07:52:01.337000 259333.187 3.4 49.168 33.622 51.309 4.017 3.6549 3.4563 20.2309 21.7674 3.8807 4.1862 3.887 3.6569 3.6023 7.749 3.23790498993 3.7681
2017-01-16 07:53:54.350000 259446.2 3.318 49.169 33.362 51.309 4.017 3.6546 3.4552 20.2301 21.7676 3.8807 4.1862 3.8867 3.6566 3.6025 7.749 3.27418825466 3.769
2017-01-16 07:55:44.421000 259556.271 3.356 49.169 33.213 51.309 4.016 3.6539 3.455 20.2305 21.7665 3.8808 4.1859 3.8857 3.6568 3.603 7.748 3.25345496052 3.7685
2017-01-16 07:57:34.463000 259666.313 3.459 49.167 33.293 51.309 4.017 3.6546 3.4562 20.2293 21.7675 3.8807 4.1862 3.8867 3.6567 3.6023 7.749 3.2171716958 3.7691
2017-01-16 07:59:27.516000 259779.366 3.44 49.166 33.989 51.307 4.016 3.654 3.4551 20.231 21.7674 3.8807 4.1864 3.8864 3.6575 3.6026 7.749 3.25863828406 3.7692
2017-01-16 08:01:17.669000 259889.519 3.326 49.168 34.009 51.309 4.016 3.6534 3.4542 20.2301 21.7674 3.8807 4.1858 3.8856 3.6572 3.6025 7.748 3.27937157819 3.7688
2017-01-16 08:03:07.661000 259999.511 3.303 49.17 33.707 51.31 4.014 3.6545 3.4549 20.231 21.7671 3.8807 4.1858 3.8861 3.6574 3.6027 7.748 3.20680504873 3.7689
2017-01-16 08:04:57.903000 260109.753 3.323 49.17 33.997 51.31 4.016 3.6534 3.4539 20.2293 21.7672 3.8807 4.1857 3.8854 3.6573 3.6022 7.748 3.27937157819 3.7696
2017-01-16 08:06:51.035000 260222.885 3.354 49.169 33.25 51.311 4.017 3.6544 3.4549 20.2292 21.7674 3.8807 4.1856 3.8863 3.6577 3.603 7.748 3.20680504873 3.7698
2017-01-16 08:08:41.277000 260333.127 3.305 49.169 33.645 51.306 4.016 3.6544 3.4552 20.2306 21.7665 3.8807 4.1857 3.8861 3.6577 3.6027 7.748 3.27937157819 3.7698
2017-01-16 08:10:31.669000 260443.519 3.339 49.169 33.294 51.309 4.016 3.654 3.4552 20.232 21.7671 3.8807 4.1857 3.8855 3.6577 3.6031 7.748 3.26382160759 3.7695
2017-01-16 08:12:24.672000 260556.522 3.514 49.169 33.643 51.309 4.016 3.6531 3.4544 20.2327 21.7669 3.8807 4.1855 3.8856 3.6577 3.6032 7.748 3.23272166639 3.7704
2017-01-16 08:14:14.685000 260666.535 3.45 49.167 33.921 51.306 4.016 3.653 3.4538 20.2314 21.7667 3.8805 4.1854 3.8854 3.6579 3.6031 7.748 3.27418825466 3.7697
2017-01-16 08:16:05.204000 260777.054 3.338 49.17 33.282 51.31 4.011 3.6529 3.4525 20.2296 21.766 3.8805 4.1846 3.8845 3.6576 3.6031 7.747 3.26900493112 3.7707
2017-01-16 08:17:55.516000 260887.366 3.43 49.167 33.25 51.308 4.016 3.6535 3.4547 20.2287 21.7668 3.8805 4.185 3.8855 3.6578 3.6031 7.748 3.20680504873 3.7699
2017-01-16 08:19:49.217000 261001.067 3.307 49.169 33.575 51.307 4.015 3.6528 3.4545 20.2293 21.7665 3.8804 4.185 3.8848 3.6577 3.6033 7.747 3.27418825466 3.7701
2017-01-16 08:21:39.899000 261111.749 3.312 49.167 33.96 51.306 4.015 3.6526 3.4538 20.2297 21.7664 3.8804 4.1851 3.8853 3.6584 3.6035 7.748 3.24827163699 3.7708
2017-01-16 08:23:30.691000 261222.541 3.519 49.169 33.468 51.308 4.015 3.652 3.4527 20.2294 21.7664 3.8803 4.1846 3.884 3.6583 3.6032 7.747 3.25863828406 3.7702
2017-01-16 08:25:24.498000 261336.348 3.525 49.166 33.553 51.304 4.017 3.654 3.455 20.2314 21.7667 3.8804 4.1854 3.8863 3.6586 3.6032 7.748 3.23790498993 3.7711
2017-01-16 08:27:15.013000 261446.863 3.435 49.166 33.23 51.305 4.016 3.6531 3.4539 20.2301 21.7666 3.8804 4.1856 3.8856 3.6586 3.6035 7.748 3.27937157819 3.7706
2017-01-16 08:29:05.782000 261557.632 3.318 49.164 33.969 51.305 4.016 3.6535 3.4542 20.2301 21.7667 3.8802 4.1855 3.8859 3.6585 3.6035 7.748 3.2171716958 3.7712
2017-01-16 08:30:56.124000 261667.974 3.424 49.164 33.992 51.302 4.016 3.6547 3.4549 20.2304 21.7662 3.8803 4.1857 3.8861 3.6592 3.6035 7.748 3.24308831346 3.7717
2017-01-16 08:32:49.216000 261781.066 3.306 49.164 33.615 51.304 4.016 3.6539 3.4552 20.229 21.7667 3.8805 4.1858 3.886 3.6588 3.6032 7.748 3.26900493112 3.7717
2017-01-16 08:34:39.418000 261891.268 3.33 49.163 33.347 51.303 4.016 3.6538 3.4546 20.2306 21.7669 3.8806 4.1856 3.8859 3.6592 3.6038 7.748 3.26382160759 3.7716
2017-01-16 08:36:29.851000 262001.701 3.301 49.164 33.768 51.302 4.016 3.6533 3.4545 20.2285 21.7666 3.8805 4.1854 3.8858 3.6595 3.6039 7.747 3.23790498993 3.7714
2017-01-16 08:38:23.374000 262115.224 3.306 49.165 33.607 51.303 4.015 3.6525 3.4535 20.2279 21.766 3.8805 4.1851 3.8849 3.6586 3.6037 7.747 3.23272166639 3.7713
2017-01-16 08:40:13.796000 262225.646 3.309 49.163 33.935 51.302 4.015 3.6532 3.4531 20.2282 21.7665 3.8804 4.1847 3.8847 3.6598 3.6041 7.747 3.27418825466 3.7716
2017-01-16 08:42:04.318000 262336.168 3.42 49.164 34.009 51.302 4.008 3.6529 3.4544 20.2289 21.7666 3.8805 4.1848 3.8852 3.6592 3.6036 7.747 3.21198837226 3.7721
2017-01-16 08:43:54.720000 262446.57 3.488 49.166 33.763 51.303 4.014 3.6518 3.453 20.228 21.7667 3.8804 4.1845 3.8842 3.6591 3.604 7.746 3.28455490172 3.7724
2017-01-16 08:45:48.273000 262560.123 3.44 49.161 33.973 51.302 4.016 3.6529 3.4536 20.2284 21.7668 3.8804 4.1848 3.8854 3.6592 3.6042 7.747 3.22753834286 3.7724
2017-01-16 08:47:38.555000 262670.405 3.514 49.158 33.642 51.298 4.017 3.654 3.4547 20.2287 21.7664 3.8804 4.1853 3.8867 3.6592 3.6037 7.747 3.22235501933 3.7721
2017-01-16 08:49:28.868000 262780.718 3.458 49.161 33.92 51.298 4.015 3.6537 3.4539 20.2299 21.7665 3.8803 4.1853 3.8853 3.6595 3.6043 7.747 3.25345496052 3.7727
2017-01-16 08:51:22.320000 262894.17 3.453 49.161 33.944 51.298 4.016 3.654 3.4555 20.2294 21.7667 3.8804 4.1854 3.8862 3.66 3.6042 7.747 3.28973822525 3.7728
2017-01-16 08:53:12.752000 263004.602 3.519 49.159 33.598 51.298 4.016 3.6531 3.4545 20.2292 21.7665 3.8805 4.1856 3.8856 3.6602 3.6045 7.747 3.27937157819 3.7731
2017-01-16 08:55:03.394000 263115.244 3.31 49.161 33.293 51.301 4.016 3.6532 3.4535 20.231 21.7664 3.8806 4.1854 3.8855 3.6598 3.6044 7.747 3.25345496052 3.7727
2017-01-16 08:56:54.246000 263226.096 3.305 49.158 33.914 51.298 4.015 3.6531 3.4534 20.232 21.7662 3.8805 4.1854 3.885 3.6597 3.6041 7.747 3.26382160759 3.7733
2017-01-16 08:58:47.839000 263339.689 3.469 49.159 33.86 51.3 4.016 3.6538 3.4549 20.2309 21.7663 3.8806 4.1853 3.8855 3.6595 3.6042 7.747 3.26900493112 3.7732
2017-01-16 09:00:38.482000 263450.332 3.524 49.159 33.524 51.298 4.015 3.6529 3.4539 20.2321 21.7662 3.8807 4.1854 3.8852 3.6603 3.6045 7.747 3.23790498993 3.7736
2017-01-16 09:02:29.524000 263561.374 3.305 49.156 33.708 51.296 4.006 3.6556 3.4566 20.2323 21.7665 3.8807 4.1861 3.8878 3.66 3.6048 7.748 3.22235501933 3.7733
2017-01-16 09:04:23.147000 263674.997 3.326 49.159 33.435 51.295 4.017 3.6549 3.4552 20.2327 21.7664 3.8807 4.1862 3.8865 3.6601 3.6044 7.747 3.26382160759 3.7737
2017-01-16 09:06:13.819000 263785.669 3.465 49.159 33.839 51.295 3.995 3.6545 3.4564 20.2305 21.7671 3.881 4.1862 3.8865 3.6599 3.6045 7.747 3.28455490172 3.7732
2017-01-16 09:08:04.721000 263896.571 3.526 49.159 33.537 51.296 4.017 3.6542 3.4552 20.2289 21.767 3.881 4.1861 3.8863 3.6604 3.6048 7.747 3.27937157819 3.7733
2017-01-16 09:09:55.633000 264007.483 3.306 49.158 33.638 51.296 4.016 3.6542 3.4558 20.2307 21.7672 3.881 4.1859 3.8862 3.6602 3.6049 7.747 3.2171716958 3.7737
2017-01-16 09:11:49.397000 264121.247 3.383 49.161 34.032 51.3 4.016 3.6535 3.4551 20.2291 21.7671 3.8809 4.1854 3.8855 3.6605 3.6047 7.747 3.28455490172 3.773
2017-01-16 09:13:40.099000 264231.949 3.479 49.164 33.815 51.301 4.015 3.6523 3.453 20.2277 21.7669 3.8808 4.185 3.8846 3.661 3.6046 7.746 3.27937157819 3.7738
2017-01-16 09:15:31.011000 264342.861 3.327 49.16 33.372 51.298 4.016 3.6534 3.4548 20.2303 21.7671 3.8808 4.1853 3.886 3.6603 3.6047 7.747 3.23790498993 3.7743
2017-01-16 09:17:24.763000 264456.613 3.312 49.166 33.97 51.303 4.014 3.6516 3.4524 20.2312 21.7669 3.8809 4.1849 3.8838 3.6613 3.6051 7.746 3.24308831346 3.7743
2017-01-16 09:19:15.455000 264567.305 3.443 49.166 33.962 51.304 4.014 3.652 3.4523 20.2305 21.7668 3.8807 4.1843 3.8842 3.661 3.6053 7.746 3.25863828406 3.7738
2017-01-16 09:21:06.507000 264678.357 3.351 49.164 33.229 51.302 4.015 3.6525 3.4527 20.23 21.7667 3.8807 4.1844 3.8841 3.6608 3.6051 7.746 3.27937157819 3.7743
2017-01-16 09:22:57.560000 264789.41 3.377 49.166 34.029 51.304 4.015 3.6522 3.4527 20.2285 21.7669 3.8805 4.1844 3.8846 3.6606 3.605 7.746 3.27418825466 3.7746
2017-01-16 09:24:51.703000 264903.553 3.354 49.163 33.225 51.302 4.015 3.6527 3.4531 20.2287 21.767 3.8806 4.1849 3.8851 3.6609 3.6048 7.747 3.2016217252 3.7739
2017-01-16 09:26:42.845000 265014.695 3.401 49.164 34.028 51.302 4.015 3.6524 3.4538 20.2296 21.767 3.8806 4.1846 3.8849 3.661 3.6052 7.747 3.27418825466 3.7748
2017-01-16 09:28:33.948000 265125.798 3.407 49.162 33.207 51.302 4.017 3.6534 3.4546 20.2287 21.7673 3.8806 4.1852 3.8859 3.6611 3.6052 7.747 3.26900493112 3.774
2017-01-16 09:30:28.160000 265240.01 3.418 49.163 34.015 51.301 4.016 3.6537 3.4545 20.2276 21.7673 3.8805 4.1856 3.886 3.6615 3.6049 7.747 3.2171716958 3.775
2017-01-16 09:32:19.272000 265351.122 3.387 49.162 33.205 51.302 3.966 3.6536 3.4551 20.2272 21.7674 3.8806 4.1858 3.8863 3.6615 3.6054 7.748 3.26382160759 3.7751
2017-01-16 09:34:10.495000 265462.345 3.329 49.161 34.005 51.302 4.017 3.6543 3.4554 20.2282 21.7675 3.8808 4.1861 3.8864 3.6614 3.6054 7.748 3.24308831346 3.7753
2017-01-16 09:36:01.288000 265573.138 3.459 49.162 33.28 51.302 4.017 3.6543 3.4559 20.2291 21.7675 3.8809 4.1861 3.887 3.6619 3.605 7.748 3.22753834286 3.7746
2017-01-16 09:37:55.070000 265686.92 3.317 49.164 33.478 51.301 4.015 3.6532 3.4545 20.2293 21.7674 3.8811 4.1861 3.8858 3.6615 3.6057 7.748 3.27418825466 3.775
2017-01-16 09:39:45.972000 265797.822 3.468 49.162 33.933 51.306 4.015 3.6528 3.4536 20.2285 21.7674 3.881 4.1856 3.8851 3.6615 3.606 7.747 3.29492154879 3.7754
2017-01-16 09:41:36.764000 265908.614 3.52 49.166 33.466 51.305 4.015 3.6528 3.4534 20.2303 21.7676 3.881 4.1853 3.8847 3.6611 3.6056 7.747 3.26382160759 3.7757
2017-01-16 09:43:27.797000 266019.647 3.301 49.166 33.779 51.305 4.015 3.6527 3.4535 20.2318 21.7679 3.881 4.185 3.8853 3.662 3.6058 7.747 3.24308831346 3.775
2017-01-16 09:45:21.889000 266133.739 3.494 49.166 33.964 51.304 4.016 3.6529 3.4539 20.2311 21.7676 3.881 4.1852 3.8853 3.6617 3.6059 7.747 3.22753834286 3.7757
2017-01-16 09:47:13.292000 266245.142 3.304 49.166 33.933 51.305 4.016 3.6529 3.4543 20.2308 21.7675 3.8809 4.1853 3.8854 3.6615 3.6057 7.747 3.2171716958 3.7755
2017-01-16 09:49:04.205000 266356.055 3.523 49.169 33.504 51.309 4.015 3.6519 3.4526 20.2307 21.7675 3.8808 4.1848 3.8842 3.662 3.6054 7.747 3.22753834286 3.7754
2017-01-16 09:50:55.267000 266467.117 3.302 49.167 33.736 51.307 4.015 3.6526 3.4541 20.2319 21.7673 3.8808 4.1848 3.8852 3.6617 3.6056 7.747 3.27937157819 3.7761
2017-01-16 09:52:49.069000 266580.919 3.43 49.168 33.997 51.307 4.015 3.6519 3.4533 20.2311 21.7672 3.8809 4.1848 3.8844 3.6623 3.6055 7.747 3.24827163699 3.7764
2017-01-16 09:54:40.081000 266691.931 3.372 49.17 33.208 51.307 4.014 3.6519 3.4525 20.2293 21.767 3.8807 4.1845 3.884 3.6622 3.6055 7.747 3.23272166639 3.7755
2017-01-16 09:56:31.124000 266802.974 3.356 49.169 34.036 51.307 4.014 3.652 3.4534 20.2294 21.767 3.8805 4.1844 3.8845 3.6621 3.6059 7.747 3.24827163699 3.7756
2017-01-16 09:58:25.794000 266917.644 3.301 49.168 33.895 51.307 4.015 3.6527 3.454 20.2297 21.767 3.8806 4.1848 3.885 3.6628 3.6058 7.747 3.27937157819 3.7765
2017-01-16 10:00:17.165000 267029.015 3.524 49.169 33.55 51.309 4.016 3.6536 3.4544 20.2293 21.767 3.8806 4.185 3.8852 3.6627 3.606 7.747 3.25863828406 3.7761
2017-01-16 10:02:08.185000 267140.035 3.306 49.17 33.617 51.307 4.016 3.6537 3.4537 20.2311 21.7669 3.8807 4.1851 3.8855 3.6624 3.6062 7.747 3.21198837226 3.7765
2017-01-16 10:03:59.315000 267251.165 3.375 49.168 33.201 51.306 4.016 3.6538 3.4542 20.2307 21.7669 3.8807 4.1852 3.8855 3.6626 3.6063 7.748 3.29492154879 3.7765
