#Human readable time. Time (s) since start. Lakeshore temperature sensor 218 T1,2,3,4,5,6,7,8 and 224 C2,C3,C4,C5,D1,D2,D3,D4,D5,A,B
2017-06-27 07:55:18.880000 0.0 3.508 6.159 50.068 7.422 33.567 52.378 4.3 3.8844 3.6887 22.79 22.4006 0.0 13.7591 18.8267 45.5632 4.242 0.0 39.9109 
2017-06-27 07:55:30.682000 11.802 3.556 6.159 50.067 7.422 33.809 52.38 4.3 3.8839 3.6878 22.2878 21.9876 0.0 13.5026 18.855 45.5636 4.2413 0.0 39.9373 
2017-06-27 07:55:42.225000 23.345 3.52 6.162 50.067 7.422 33.581 52.378 4.343 6.8033 3.8511 21.814 21.6392 0.0 13.2882 18.8862 45.5675 4.3228 0.0 39.8834 
2017-06-27 07:55:54.198000 35.318 3.618 6.196 50.067 7.422 33.875 52.38 4.581 10.798 4.292 21.4586 21.3396 0.0 13.1152 18.9279 45.5683 4.6163 0.0 39.8185 
2017-06-27 07:56:06.060000 47.18 3.646 6.274 50.071 7.422 33.51 52.378 4.904 13.3895 4.7225 21.0465 21.0527 0.0 13.0664 18.9763 45.5708 4.9646 0.0 39.8746 
2017-06-27 07:56:17.734000 58.854 3.785 6.371 50.068 7.423 33.971 52.378 5.135 13.209 4.9024 20.548 20.7204 0.0 12.9375 19.022 45.5742 5.1639 0.0 39.8801 
2017-06-27 07:56:29.747000 70.867 3.877 6.461 50.069 7.423 33.583 52.378 5.249 14.3205 5.0494 20.0259 20.3593 0.0 13.1887 19.0619 45.5733 5.2917 0.0 39.8911 
2017-06-27 07:56:41.469000 82.589 3.948 6.55 50.068 7.423 33.927 52.378 4.916 15.6988 5.2597 19.5135 20.0145 0.0 12.9765 19.1023 45.5785 5.4606 0.0 39.8977 
2017-06-27 07:56:53.503000 94.623 3.734 6.647 50.067 7.423 33.563 52.378 5.555 16.7713 5.4285 19.0053 19.6635 0.0 13.9837 19.1411 45.5799 5.6129 0.0 39.9274 
2017-06-27 07:57:05.327000 106.447 3.826 6.741 50.067 7.423 33.548 52.378 5.671 17.733 5.5631 18.5161 19.3315 0.0 13.5129 19.1783 45.5832 5.7386 0.0 39.9395 
2017-06-27 07:57:17.159000 118.279 3.856 6.833 50.067 7.423 33.756 52.376 5.316 18.6494 5.7861 18.0079 18.9895 0.0 13.268 19.2233 45.5847 5.9364 0.0 39.9186 
2017-06-27 07:57:29.002000 130.122 4.073 6.942 50.068 7.424 33.55 52.379 6.03 19.497 6.0183 17.5084 18.6433 0.0 13.087 19.274 45.5861 6.1508 0.0 39.8559 
2017-06-27 07:57:40.912000 142.032 4.045 7.059 50.071 7.424 33.698 52.38 6.237 20.4009 6.2192 17.0166 18.2987 0.0 12.9561 19.3248 45.5867 6.3629 0.0 39.8097 
2017-06-27 07:57:52.804000 153.924 4.084 7.179 50.072 7.424 34.15 52.382 6.329 21.3181 6.3986 16.5482 17.9737 0.0 13.8415 19.3732 45.5867 6.555 0.0 39.7404 
2017-06-27 07:58:04.729000 165.849 4.186 7.294 50.076 7.425 34.367 52.384 6.587 22.3211 6.5606 16.0902 17.6352 0.0 14.3162 19.4232 45.5857 6.7266 0.0 39.6887 
2017-06-27 07:58:16.751000 177.871 4.247 7.412 50.077 7.425 33.95 52.388 6.741 23.4084 6.7152 15.6868 17.3018 0.0 14.5896 19.4728 45.5785 6.8864 0.0 39.5666 
2017-06-27 07:58:28.733000 189.853 4.303 7.529 50.084 7.426 34.333 52.391 6.887 24.542 6.8674 15.2822 16.9763 0.0 14.1212 19.5228 45.5699 7.0403 0.0 39.4424 
2017-06-27 07:58:40.798000 201.918 4.817 7.649 50.088 7.426 34.466 52.396 7.032 25.7265 7.0262 14.8851 16.6691 0.0 14.1878 19.5731 45.5636 7.1949 0.0 39.3408 
2017-06-27 07:58:52.841000 213.961 4.731 7.769 50.093 7.427 34.381 52.399 7.184 26.9115 7.196 14.5459 16.3741 0.0 14.5557 19.6221 45.5482 7.3563 0.0 39.1714 
2017-06-27 07:59:04.934000 226.054 4.572 7.889 50.098 7.428 33.869 52.403 7.34 27.9506 7.374 14.2465 16.0797 0.0 14.1741 19.6784 45.533 7.5237 0.0 39.101 
2017-06-27 07:59:17.087000 238.207 4.596 8.015 50.105 7.429 34.322 52.411 7.501 29.2528 7.5613 13.9808 15.8285 0.0 14.2661 19.7312 45.5097 7.7144 0.0 38.9078 
2017-06-27 07:59:29.219000 250.339 4.735 8.136 50.113 7.43 34.571 52.416 7.671 30.2424 7.748 13.7588 15.6001 0.0 14.9334 19.7848 45.4868 7.8944 0.0 38.6879 
2017-06-27 07:59:41.362000 262.482 5.125 8.257 50.121 7.431 34.558 52.423 7.848 31.2899 7.9456 13.5712 15.3935 0.0 15.1293 19.8414 45.4565 8.0739 0.0 38.5502 
2017-06-27 07:59:53.575000 274.695 4.941 8.384 50.131 7.432 33.876 52.43 8.015 32.2029 8.1278 13.4173 15.2009 0.0 15.5694 19.8968 45.424 8.2544 0.0 38.3394 
2017-06-27 08:00:05.839000 286.959 4.927 8.505 50.139 7.433 34.155 52.436 8.178 33.0017 8.3188 13.3089 15.042 0.0 15.9153 19.9551 45.3848 8.4252 0.0 38.1572 
2017-06-27 08:00:18.121000 299.241 5.468 8.643 50.148 7.435 34.531 52.445 8.337 33.7121 8.4869 13.2305 14.9072 0.0 15.4737 20.0114 45.3412 8.5993 0.0 37.934 
2017-06-27 08:00:30.414000 311.534 5.656 8.774 50.161 7.437 34.193 52.454 8.487 34.4139 8.6475 13.1874 14.8045 0.0 15.2408 20.069 45.2936 8.7656 0.0 37.7211 
2017-06-27 08:00:42.756000 323.876 5.124 8.907 50.171 7.438 34.33 52.464 8.64 35.0471 8.8093 13.1728 14.7216 0.0 15.1129 19.9254 45.2408 8.9321 0.0 37.5061 
2017-06-27 08:00:55.079000 336.199 5.7 9.031 50.181 7.441 34.722 52.474 8.79 35.6875 8.9564 13.1856 14.6647 0.0 15.0449 19.9019 45.1836 9.0843 0.0 37.3063 
2017-06-27 08:01:07.432000 348.552 5.906 9.156 50.193 7.444 34.347 52.484 8.928 36.2676 9.0963 13.2234 14.6277 0.0 15.0264 19.9163 45.1174 9.2291 0.0 37.0483 
2017-06-27 08:01:19.914000 361.034 5.275 9.278 50.208 7.446 34.715 52.496 9.061 36.8502 9.2249 13.2833 14.6122 0.0 15.0461 19.9426 45.0525 9.3636 0.0 36.8385 
2017-06-27 08:01:32.317000 373.437 6.017 9.395 50.221 7.449 34.637 52.51 9.189 37.4104 9.3567 13.357 14.6156 0.0 15.0951 19.9723 44.9774 9.497 0.0 36.6178 
2017-06-27 08:02:02.346000 403.466 6.041 9.678 50.261 7.459 34.961 52.546 9.462 38.6596 9.6379 13.602 14.6913 0.0 15.2951 20.0557 44.7861 9.8079 0.0 36.0362 
2017-06-27 08:02:14.918000 416.038 5.705 9.794 50.28 7.463 34.459 52.56 9.591 39.1548 9.7624 13.7265 14.7477 0.0 15.4004 20.0918 44.6924 9.9449 0.0 35.7941 
2017-06-27 08:02:27.391000 428.511 6.176 9.909 50.299 7.469 35.12 52.576 9.726 39.6355 9.8809 13.8594 14.8165 0.0 15.5135 20.129 44.5981 10.0772 0.0 35.5483 
2017-06-27 08:02:39.983000 441.103 6.003 10.022 50.318 7.474 34.375 52.592 9.855 40.0948 10.0015 13.9983 14.8961 0.0 15.6318 20.1673 44.4953 10.2065 0.0 35.3463 
2017-06-27 08:02:52.596000 453.716 6.247 10.132 50.337 7.48 35.103 52.608 9.973 40.534 10.107 14.1486 14.9839 0.0 15.754 20.2061 44.3909 10.3229 0.0 35.1108 
2017-06-27 08:03:05.188000 466.308 6.436 10.238 50.354 7.487 34.365 52.621 10.096 40.963 10.2142 14.3013 15.0844 0.0 15.8785 20.2454 44.283 10.4426 0.0 34.8649 
2017-06-27 08:03:17.801000 478.921 6.996 10.343 50.37 7.494 34.96 52.637 10.211 41.3776 10.3083 14.4556 15.1914 0.0 16.0091 20.285 44.1715 10.5651 0.0 34.672 
2017-06-27 08:03:30.463000 491.583 6.313 10.448 50.383 7.501 34.426 52.648 10.316 41.7774 10.3611 14.6158 15.3036 0.0 16.1425 20.3269 44.0521 10.6745 0.0 34.3992 
2017-06-27 08:03:43.146000 504.266 7.082 10.552 50.397 7.51 34.987 52.659 10.423 42.1614 10.3384 14.778 15.4192 0.0 16.275 20.368 43.9319 10.7998 0.0 34.1987 
2017-06-27 08:03:55.889000 517.009 6.441 10.659 50.405 7.52 34.31 52.671 10.534 42.5289 10.1723 14.9472 15.5424 0.0 16.4115 20.4108 43.8112 10.9085 0.0 33.9678 
2017-06-27 08:04:08.921000 530.041 6.78 10.765 50.417 7.53 34.758 52.68 10.634 42.8996 10.1363 15.1122 15.661 0.0 16.5465 20.4536 43.679 11.0064 0.0 33.8044 
2017-06-27 08:04:21.654000 542.774 6.908 10.868 50.426 7.541 34.98 52.69 10.734 43.2392 10.2976 15.2866 15.7808 0.0 16.6741 20.4954 43.5455 11.1101 0.0 33.6129 
2017-06-27 08:04:34.516000 555.636 6.719 10.966 50.435 7.553 34.532 52.699 10.849 43.5648 10.5378 15.4514 15.9084 0.0 16.8047 20.5395 43.4076 11.2226 0.0 33.4436 
2017-06-27 08:04:47.309000 568.429 7.9 11.066 50.444 7.565 34.766 52.707 10.956 43.8891 10.7838 15.6146 16.0331 0.0 16.9327 20.582 43.2752 11.332 0.0 33.257 
2017-06-27 08:05:00.131000 581.251 7.125 11.164 50.452 7.577 34.972 52.715 11.062 44.1831 10.9897 15.7828 16.1695 0.0 17.0555 20.6269 43.1333 11.4385 0.0 33.0547 
2017-06-27 08:05:13.044000 594.164 6.996 11.256 50.46 7.591 34.374 52.724 11.167 44.4783 11.177 15.9411 16.2995 0.0 17.1823 20.6722 42.9892 11.5405 0.0 32.9125 
2017-06-27 08:05:25.916000 607.036 8.231 11.351 50.47 7.605 34.864 52.731 11.266 44.743 11.3511 16.111 16.4343 0.0 17.3065 20.7179 42.8476 11.6525 0.0 32.7146 
2017-06-27 08:05:38.839000 619.959 7.254 11.444 50.475 7.62 34.905 52.739 11.366 45.0036 11.4955 16.2738 16.5618 0.0 17.4277 20.7619 42.6998 11.7577 0.0 32.5508 
2017-06-27 08:05:51.832000 632.952 7.278 11.538 50.483 7.635 34.41 52.748 11.462 45.2168 11.6408 16.4407 16.6923 0.0 17.545 20.8072 42.5502 11.8628 0.0 32.3457 
2017-06-27 08:06:04.804000 645.924 8.604 11.636 50.491 7.652 34.501 52.756 11.559 45.3395 11.7677 16.6008 16.8116 0.0 17.6557 20.8496 42.3967 11.9575 0.0 32.2166 
2017-06-27 08:06:17.807000 658.927 8.667 11.73 50.503 7.669 34.957 52.766 11.646 45.37 11.8665 16.7445 16.9283 0.0 17.7598 20.8894 42.2402 12.0341 0.0 32.0691 
2017-06-27 08:06:30.919000 672.039 7.634 11.82 50.512 7.686 35.072 52.776 11.717 45.3432 11.9558 16.8821 17.0377 0.0 17.8574 20.9286 42.0857 12.0997 0.0 31.951 
2017-06-27 08:06:43.972000 685.092 7.527 11.906 50.523 7.704 34.684 52.787 11.784 45.2764 12.0392 17.0066 17.139 0.0 17.9497 20.9647 41.9294 12.1636 0.0 31.7984 
2017-06-27 08:06:57.096000 698.216 8.554 11.989 50.534 7.724 34.551 52.799 11.854 45.1966 12.1178 17.1206 17.2304 0.0 18.0371 20.9992 41.7655 12.2283 0.0 31.6505 
2017-06-27 08:07:10.528000 711.648 7.95 12.07 50.548 7.744 34.542 52.809 11.904 45.0984 12.1794 17.2188 17.3103 0.0 18.1227 21.0276 41.5999 12.2729 0.0 31.5357 
2017-06-27 08:07:23.661000 724.781 7.777 12.144 50.563 7.764 35.007 52.825 11.956 44.9995 12.238 17.3025 17.3803 0.0 18.2012 21.0536 41.4407 12.322 0.0 31.4048 
2017-06-27 08:07:36.894000 738.014 9.189 12.216 50.576 7.784 35.146 52.839 11.996 44.9263 12.2872 17.3727 17.4409 0.0 18.2796 21.081 41.2812 12.358 0.0 31.2969 
2017-06-27 08:07:50.126000 751.246 8.292 12.281 50.597 7.806 35.44 52.854 12.041 44.9472 12.3429 17.4335 17.4949 0.0 18.3541 21.1084 41.1135 12.4089 0.0 31.1791 
2017-06-27 08:08:03.349000 764.469 8.935 12.344 50.615 7.828 35.479 52.87 12.088 45.0504 12.3912 17.4878 17.5449 0.0 18.4316 21.1371 40.9527 12.4499 0.0 30.9961 
2017-06-27 08:08:16.681000 777.801 7.833 12.405 50.635 7.851 35.37 52.889 12.117 45.1919 12.4245 17.5371 17.5893 0.0 18.5046 21.1666 40.7826 12.4741 0.0 30.8874 
2017-06-27 08:08:30.004000 791.124 7.969 12.463 50.653 7.874 35.515 52.908 12.148 45.2671 12.4615 17.5846 17.629 0.0 18.5769 21.1943 40.6093 12.5043 0.0 30.7633 
2017-06-27 08:08:43.347000 804.467 8.234 12.515 50.676 7.898 35.132 52.927 12.178 45.2865 12.4918 17.6252 17.6655 0.0 18.645 21.2196 40.4455 12.5329 0.0 30.6468 
2017-06-27 08:08:56.689000 817.809 7.842 12.57 50.701 7.922 35.298 52.949 12.2 45.2626 12.517 17.6598 17.6951 0.0 18.7071 21.2442 40.2707 12.5539 0.0 30.4908 
2017-06-27 08:09:10.062000 831.182 7.89 12.62 50.724 7.947 35.511 52.969 12.216 45.2195 12.5338 17.6882 17.7189 0.0 18.7675 21.2681 40.0952 12.5654 0.0 30.3665 
2017-06-27 08:09:23.485000 844.605 7.854 12.664 50.75 7.972 35.331 52.992 12.222 45.1635 12.5431 17.7103 17.7369 0.0 18.8264 21.2914 39.9137 12.5667 0.0 30.2628 
2017-06-27 08:09:38.008000 859.128 9.319 12.709 50.777 8.0 35.832 53.016 12.23 45.1045 12.5527 17.7228 17.7493 0.0 18.8816 21.3138 39.7293 12.5735 0.0 30.1481 
2017-06-27 08:09:51.480000 872.6 8.971 12.746 50.805 8.026 35.791 53.041 12.225 45.05 12.5452 17.7266 17.754 0.0 18.9317 21.3344 39.5519 12.5587 0.0 30.036 
2017-06-27 08:10:05.033000 886.153 8.913 12.778 50.829 8.053 35.822 53.063 12.213 44.9986 12.535 17.7218 17.7521 0.0 18.9786 21.3539 39.3723 12.543 0.0 29.9322 
2017-06-27 08:10:18.606000 899.726 8.173 12.805 50.858 8.08 35.324 53.086 12.2 44.9758 12.5246 17.7095 17.7453 0.0 19.0233 21.3734 39.1932 12.5279 0.0 29.8369 
2017-06-27 08:10:32.168000 913.288 7.889 12.83 50.886 8.107 35.413 53.113 12.196 45.0581 12.5258 17.6939 17.7362 0.0 19.0672 21.3942 39.0145 12.53 0.0 29.7038 
2017-06-27 08:10:45.821000 926.941 7.99 12.852 50.913 8.135 35.439 53.138 12.2 45.2057 12.5273 17.6768 17.726 0.0 19.1122 21.4153 38.8369 12.5332 0.0 29.5611 
2017-06-27 08:10:59.434000 940.554 7.842 12.872 50.941 8.163 35.56 53.163 12.194 45.3095 12.5186 17.6587 17.7137 0.0 19.153 21.4358 38.661 12.5215 0.0 29.4132 
2017-06-27 08:11:13.097000 954.217 7.845 12.888 50.971 8.192 35.579 53.189 12.177 45.3605 12.4985 17.6388 17.6977 0.0 19.1915 21.4541 38.4753 12.4959 0.0 29.2896 
2017-06-27 08:11:26.909000 968.029 8.186 12.902 50.999 8.22 36.193 53.216 12.164 45.3864 12.4882 17.6157 17.6793 0.0 19.2279 21.4719 38.2954 12.4855 0.0 29.1934 
2017-06-27 08:11:40.612000 981.732 8.599 12.913 51.029 8.25 36.234 53.243 12.148 45.3935 12.4708 17.5893 17.6579 0.0 19.2603 21.4882 38.1101 12.4657 0.0 29.0505 
2017-06-27 08:11:54.375000 995.495 9.285 12.921 51.06 8.278 35.815 53.271 12.127 45.3935 12.4507 17.5587 17.6332 0.0 19.2916 21.5035 37.9275 12.4443 0.0 28.9285 
2017-06-27 08:12:08.188000 1009.308 8.998 12.926 51.089 8.308 35.772 53.297 12.102 45.3915 12.4255 17.5232 17.6047 0.0 19.319 21.5184 37.7352 12.416 0.0 28.7949 
2017-06-27 08:12:22 1023.12 7.753 12.929 51.118 8.337 36.072 53.326 12.078 45.3889 12.4001 17.4832 17.5734 0.0 19.345 21.5325 37.542 12.3907 0.0 28.6652 
2017-06-27 08:12:35.853000 1036.973 9.035 12.929 51.151 8.367 36.211 53.353 12.045 45.3966 12.3654 17.438 17.5377 0.0 19.3686 21.5451 37.3554 12.3516 0.0 28.5208 
2017-06-27 08:12:49.666000 1050.786 9.078 12.924 51.182 8.395 36.3 53.382 12.003 45.4028 12.325 17.3874 17.498 0.0 19.3893 21.5573 37.157 12.306 0.0 28.4008 
2017-06-27 08:13:03.539000 1064.659 7.951 12.917 51.212 8.426 36.298 53.41 11.973 45.4241 12.2957 17.33 17.4537 0.0 19.4091 21.5692 36.956 12.2799 0.0 28.2791 
2017-06-27 08:13:17.931000 1079.051 9.073 12.908 51.242 8.456 36.298 53.438 11.935 45.4486 12.2566 17.2708 17.4076 0.0 19.426 21.5799 36.7642 12.2402 0.0 28.1532 
2017-06-27 08:13:31.874000 1092.994 7.698 12.896 51.273 8.485 36.206 53.466 11.893 45.4786 12.2152 17.2046 17.3585 0.0 19.441 21.5894 36.5633 12.1954 0.0 28.0017 
2017-06-27 08:13:45.827000 1106.947 7.576 12.881 51.302 8.516 36.052 53.497 11.847 45.5196 12.1702 17.1365 17.3037 0.0 19.4537 21.5984 36.3604 12.1476 0.0 27.8837 
2017-06-27 08:13:59.830000 1120.95 7.975 12.863 51.337 8.549 36.645 53.525 11.798 45.5691 12.1212 17.0647 17.2483 0.0 19.4649 21.6065 36.153 12.0947 0.0 27.734 
2017-06-27 08:14:13.853000 1134.973 8.771 12.843 51.368 8.581 36.18 53.554 11.744 45.6204 12.0654 16.9859 17.1899 0.0 19.4737 21.6141 35.9494 12.0384 0.0 27.5936 
2017-06-27 08:14:27.965000 1149.085 7.856 12.818 51.399 8.613 36.341 53.584 11.682 45.6863 12.0061 16.9081 17.1253 0.0 19.4811 21.6209 35.7486 11.974 0.0 27.4675 
2017-06-27 08:14:42.038000 1163.158 8.775 12.791 51.432 8.645 36.354 53.615 11.62 45.7591 11.9477 16.8235 17.0608 0.0 19.4864 21.6265 35.544 11.9111 0.0 27.3629 
2017-06-27 08:14:56.181000 1177.301 7.32 12.759 51.464 8.677 36.44 53.646 11.56 45.8344 11.8933 16.7393 16.9915 0.0 19.4895 21.6315 35.3429 11.8494 0.0 27.2015 
2017-06-27 08:15:10.304000 1191.424 8.003 12.727 51.499 8.708 36.853 53.679 11.501 45.9223 11.8399 16.6484 16.9249 0.0 19.4915 21.6359 35.1368 11.7946 0.0 27.0358 
2017-06-27 08:15:24.477000 1205.597 8.299 12.692 51.534 8.74 36.386 53.706 11.454 46.0163 11.7912 16.5599 16.8542 0.0 19.4916 21.6394 34.9278 11.7445 0.0 26.851 
2017-06-27 08:15:38.699000 1219.819 7.875 12.655 51.567 8.771 36.95 53.74 11.401 46.1138 11.7345 16.4659 16.7821 0.0 19.49 21.6426 34.7052 11.6823 0.0 26.6955 
2017-06-27 08:15:52.952000 1234.072 8.31 12.617 51.603 8.802 36.518 53.774 11.345 46.2207 11.6767 16.3691 16.7083 0.0 19.4866 21.6451 34.4899 11.6208 0.0 26.5662 
2017-06-27 08:16:07.185000 1248.305 7.569 12.576 51.637 8.832 37.066 53.808 11.283 46.3315 11.611 16.2704 16.6358 0.0 19.4818 21.6468 34.2616 11.5475 0.0 26.3926 
2017-06-27 08:16:21.588000 1262.708 8.175 12.533 51.673 8.862 36.617 53.838 11.211 46.448 11.5411 16.1732 16.558 0.0 19.4749 21.6478 34.028 11.4739 0.0 26.2553 
2017-06-27 08:16:35.871000 1276.991 7.592 12.487 51.71 8.891 37.135 53.874 11.146 46.568 11.4809 16.0699 16.479 0.0 19.4663 21.6477 33.8121 11.4099 0.0 26.0623 
2017-06-27 08:16:50.204000 1291.324 6.998 12.444 51.746 8.921 36.841 53.907 11.092 46.6885 11.4281 15.9687 16.4 0.0 19.4564 21.6477 33.5837 11.3586 0.0 25.8947 
2017-06-27 08:17:04.647000 1305.767 7.128 12.398 51.781 8.95 37.233 53.938 11.034 46.8242 11.3694 15.8705 16.3203 0.0 19.4446 21.6468 33.3501 11.2972 0.0 25.6994 
2017-06-27 08:17:19.029000 1320.149 6.879 12.351 51.819 8.978 36.787 53.973 10.973 46.9533 11.3116 15.7718 16.24 0.0 19.431 21.6455 33.1107 11.2387 0.0 25.5064 
2017-06-27 08:17:33.452000 1334.572 7.94 12.304 51.857 9.006 37.049 54.008 10.911 47.094 11.2523 15.6728 16.1589 0.0 19.416 21.6433 32.8786 11.1751 0.0 25.3357 
2017-06-27 08:17:47.915000 1349.035 6.789 12.255 51.892 9.033 37.321 54.04 10.848 47.2338 11.1932 15.5735 16.0779 0.0 19.3995 21.6409 32.6377 11.1133 0.0 25.1367 
2017-06-27 08:18:02.418000 1363.538 6.806 12.205 51.931 9.06 36.849 54.077 10.784 47.3748 11.1269 15.4745 15.9968 0.0 19.3809 21.638 32.3932 11.045 0.0 24.9682 
2017-06-27 08:18:16.941000 1378.061 7.656 12.155 51.966 9.087 37.224 54.112 10.708 47.5161 11.0594 15.3698 15.9155 0.0 19.3613 21.6342 32.1409 10.9698 0.0 24.7883 
2017-06-27 08:18:31.474000 1392.594 6.572 12.1 52.003 9.113 37.411 54.146 10.645 47.6599 11.0007 15.2699 15.8378 0.0 19.3395 21.6298 31.8913 10.9109 0.0 24.5952 
2017-06-27 08:18:46.048000 1407.168 6.943 12.046 52.037 9.138 36.943 54.181 10.578 47.8107 10.9401 15.1701 15.7603 0.0 19.3167 21.6252 31.6321 10.8416 0.0 24.4095 
2017-06-27 08:19:00.651000 1421.771 7.114 11.992 52.074 9.163 37.525 54.216 10.513 47.9576 10.8809 15.0672 15.6827 0.0 19.2923 21.6199 31.3761 10.7765 0.0 24.2122 
2017-06-27 08:19:15.334000 1436.454 6.424 11.937 52.114 9.187 37.302 54.252 10.454 48.1044 10.8251 14.9708 15.6028 0.0 19.2666 21.6143 31.1134 10.7145 0.0 24.0127 
2017-06-27 08:19:30.007000 1451.127 6.373 11.881 52.149 9.212 37.158 54.286 10.396 48.2562 10.767 14.8794 15.5258 0.0 19.2386 21.6079 30.8451 10.6518 0.0 23.8077 
2017-06-27 08:19:44.760000 1465.88 7.348 11.824 52.187 9.235 37.271 54.323 10.341 48.402 10.7122 14.7856 15.4467 0.0 19.21 21.6016 30.5819 10.5892 0.0 23.6224 
2017-06-27 08:19:59.522000 1480.642 7.288 11.769 52.223 9.258 37.706 54.358 10.284 48.5562 10.6576 14.6929 15.3713 0.0 19.1789 21.5944 30.3132 10.5318 0.0 23.399 
2017-06-27 08:20:14.235000 1495.355 6.349 11.712 52.261 9.28 37.745 54.396 10.239 48.7011 10.6128 14.606 15.294 0.0 19.1477 21.5877 30.0233 10.4861 0.0 23.1613 
2017-06-27 08:20:29.018000 1510.138 6.287 11.659 52.297 9.302 37.278 54.43 10.192 48.855 10.5638 14.5182 15.2184 0.0 19.1137 21.58 29.7501 10.4388 0.0 22.9275 
2017-06-27 08:20:43.841000 1524.961 6.443 11.604 52.333 9.323 37.264 54.466 10.144 49.0063 10.5165 14.4385 15.1467 0.0 19.0797 21.5725 29.4589 10.3908 0.0 22.7011 
2017-06-27 08:20:58.674000 1539.794 6.713 11.551 52.372 9.344 37.684 54.501 10.092 49.1556 10.4706 14.3576 15.0729 0.0 19.043 21.5642 29.1576 10.3394 0.0 22.4798 
2017-06-27 08:21:13.517000 1554.637 6.707 11.497 52.407 9.364 37.794 54.538 10.041 49.3008 10.4221 14.2786 14.9999 0.0 19.0049 21.5558 28.8676 10.2858 0.0 22.2258 
2017-06-27 08:21:28.380000 1569.5 6.543 11.448 52.445 9.383 37.88 54.575 9.985 49.4516 10.3744 14.2008 14.9315 0.0 18.9644 21.5471 28.571 10.2323 0.0 22.0001 
2017-06-27 08:21:43.293000 1584.413 6.172 11.4 52.48 9.403 37.944 54.61 9.931 49.5999 10.3266 14.1249 14.867 0.0 18.9239 21.538 28.2613 10.1787 0.0 21.7571 
2017-06-27 08:21:58.206000 1599.326 6.063 11.35 52.518 9.421 37.632 54.645 9.879 49.7469 10.2806 14.0532 14.8011 0.0 18.8803 21.5286 27.9436 10.1277 0.0 21.5222 
2017-06-27 08:22:13.159000 1614.279 5.922 11.301 52.555 9.439 37.615 54.68 9.823 49.894 10.2294 13.981 14.7355 0.0 18.8355 21.5186 27.6437 10.0682 0.0 21.2792 
2017-06-27 08:22:28.162000 1629.282 6.175 11.251 52.593 9.457 37.509 54.716 9.766 50.0426 10.1808 13.9125 14.6703 0.0 18.7889 21.5082 27.3277 10.013 0.0 21.0393 
2017-06-27 08:22:43.035000 1644.155 6.155 11.201 52.629 9.473 37.543 54.752 9.708 50.1695 10.1308 13.8444 14.6054 0.0 18.7408 21.4975 26.9947 9.9551 0.0 20.7807 
2017-06-27 08:22:58.028000 1659.148 6.463 11.15 52.665 9.489 37.632 54.789 9.64 50.2612 10.0728 13.7746 14.5377 0.0 18.6899 21.4853 26.7139 9.8852 0.0 20.5331 
2017-06-27 08:23:13.041000 1674.161 6.48 11.098 52.7 9.506 37.698 54.824 9.571 50.3114 10.0135 13.6996 14.4682 0.0 18.6364 21.472 26.3926 9.8157 0.0 20.2825 
2017-06-27 08:23:28.184000 1689.304 6.451 11.044 52.739 9.523 37.793 54.859 9.501 50.3349 9.9513 13.6183 14.3957 0.0 18.5802 21.4579 26.049 9.7428 0.0 20.0344 
2017-06-27 08:23:43.217000 1704.337 6.336 10.99 52.775 9.54 37.901 54.895 9.434 50.3419 9.8882 13.529 14.3174 0.0 18.5219 21.4431 25.7758 9.6656 0.0 19.7928 
2017-06-27 08:23:58.240000 1719.36 6.204 10.932 52.812 9.556 38.015 54.931 9.357 50.3393 9.8179 13.4301 14.2323 0.0 18.4609 21.4273 25.4835 9.5752 0.0 19.5495 
2017-06-27 08:24:13.323000 1734.443 6.046 10.873 52.85 9.571 38.16 54.968 9.282 50.3289 9.7506 13.3275 14.1406 0.0 18.398 21.4112 25.1389 9.4948 0.0 19.3118 
2017-06-27 08:24:28.456000 1749.576 6.143 10.812 52.884 9.586 38.254 55.002 9.215 50.3184 9.6886 13.2172 14.0386 0.0 18.3306 21.3941 24.8578 9.427 0.0 19.048 
2017-06-27 08:24:43.559000 1764.679 6.146 10.751 52.92 9.6 37.961 55.039 9.149 50.3079 9.6291 13.0996 13.9374 0.0 18.2635 21.377 24.5768 9.3619 0.0 18.7941 
2017-06-27 08:24:58.702000 1779.822 6.073 10.688 52.956 9.614 38.068 55.077 9.083 50.2935 9.569 12.9767 13.8328 0.0 18.1947 21.3596 24.2237 9.2894 0.0 18.5324 
2017-06-27 08:25:13.845000 1794.965 5.913 10.625 52.993 9.627 38.246 55.111 9.016 50.2786 9.5099 12.8534 13.7225 0.0 18.1238 21.3419 23.8699 9.2223 0.0 18.2748 
2017-06-27 08:25:29.088000 1810.208 5.911 10.563 53.032 9.64 38.384 55.147 8.949 50.2636 9.4569 12.7198 13.6026 0.0 18.0492 21.3234 23.5393 9.1555 0.0 18.005 
2017-06-27 08:25:44.511000 1825.631 5.962 10.499 53.07 9.653 38.149 55.186 8.901 50.2477 15.974 12.5821 13.4929 0.0 17.9721 21.3048 23.1459 9.1128 0.0 17.7455 
2017-06-27 08:25:59.964000 1841.084 5.459 10.445 53.109 9.664 38.031 55.222 8.869 50.2342 20.0935 12.4522 13.3834 0.0 17.8938 21.2868 22.7269 9.0851 0.0 17.4881 
2017-06-27 08:26:15.457000 1856.577 5.212 10.395 53.149 9.676 38.422 55.261 8.844 50.2192 23.1556 12.3219 13.2723 0.0 17.8136 21.2699 22.3374 9.0607 0.0 17.2713 
2017-06-27 08:26:30.960000 1872.08 10.349 53.184 9.687 38.575 55.297 8.829 8.829 26.2228 27.0144 12.1577 13.1308 0.0 17.7113 21.2479 21.8601 9.0538 0.0 16.9829 
2017-06-27 08:26:50.884000 1892.004 5.19 10.299 53.233 9.7 38.565 55.343 8.821 50.2222 29.8737 12.0329 13.0214 0.0 17.6267 21.2318 21.4958 9.0496 0.0 16.8231 
2017-06-27 08:27:06.467000 1907.587 5.637 10.264 53.27 9.71 38.553 55.38 8.822 50.3359 32.43 11.9239 12.9228 0.0 17.5452 21.2172 21.164 9.0528 0.0 16.6407 
2017-06-27 08:27:22.101000 1923.221 5.871 10.235 53.305 9.719 38.262 55.42 8.813 50.4414 34.3588 11.8262 12.8299 0.0 17.4636 21.2028 20.8327 9.0424 0.0 16.48 
2017-06-27 08:27:37.724000 1938.844 5.283 10.208 53.344 9.728 38.175 55.452 8.804 50.5003 36.0844 11.7372 12.7408 0.0 17.3819 21.1886 20.5264 9.0348 0.0 16.3755 
2017-06-27 08:27:53.377000 1954.497 5.162 10.184 53.378 9.736 38.524 55.489 7.443 50.5387 37.7086 11.6547 12.6561 0.0 17.2967 21.1748 20.245 9.0342 0.0 16.2193 
2017-06-27 08:28:09.090000 1970.21 5.863 10.163 53.413 9.744 38.219 55.522 8.799 50.557 39.1864 11.5735 12.5742 0.0 17.215 21.161 19.9749 9.0355 0.0 16.1231 
2017-06-27 08:28:24.793000 1985.913 5.239 10.145 53.448 9.752 38.173 55.557 8.797 50.5655 40.5627 11.4997 12.4933 0.0 17.1334 21.1481 19.7388 9.0335 0.0 16.0276 
2017-06-27 08:28:40.556000 2001.676 5.549 10.129 53.478 9.759 38.444 55.588 8.797 50.569 41.862 11.433 12.4214 0.0 17.0497 21.1352 19.5174 9.0389 0.0 15.9132 
2017-06-27 08:28:56.349000 2017.469 5.851 10.116 53.508 9.766 38.104 55.62 8.798 50.5694 43.105 11.3694 12.3524 0.0 16.9704 21.1233 19.3025 9.0367 0.0 15.8301 
2017-06-27 08:29:12.353000 2033.473 5.152 10.105 53.536 9.772 38.39 55.648 8.799 50.566 44.34 11.3064 12.2834 0.0 16.8909 21.1114 19.105 9.0368 0.0 15.7297 
2017-06-27 08:29:28.216000 2049.336 5.749 10.096 53.563 9.778 37.897 55.675 8.803 50.5621 45.5386 11.2481 12.2191 0.0 16.8127 21.1003 18.9242 9.0445 0.0 15.6413 
2017-06-27 08:29:44.129000 2065.249 5.266 10.088 53.586 9.783 38.067 55.702 8.796 50.5561 46.3806 11.1903 12.1542 0.0 16.7346 21.0889 18.7582 9.0354 0.0 15.5584 
2017-06-27 08:30:00.042000 2081.162 5.747 10.078 53.608 9.789 38.025 55.727 8.768 50.5477 46.7557 11.1331 12.0905 0.0 16.6555 21.0763 18.6001 9.0005 0.0 15.4156 
2017-06-27 08:30:15.995000 2097.115 5.127 10.067 53.627 9.793 38.149 55.747 8.751 50.5396 46.9518 11.0729 12.0238 0.0 16.5749 21.0633 18.438 8.9851 0.0 15.3026 
2017-06-27 08:30:31.969000 2113.089 5.812 10.054 53.648 9.798 37.884 55.768 8.721 50.5252 47.0684 11.0107 11.96 0.0 16.4931 21.0501 18.2783 8.9533 0.0 15.1564 
2017-06-27 08:30:47.993000 2129.113 5.131 10.039 53.664 9.802 38.255 55.79 8.687 50.5142 47.1516 10.9514 11.8934 0.0 16.4103 21.036 18.1277 8.9134 0.0 15.0562 
2017-06-27 08:31:04.046000 2145.166 5.65 10.022 53.681 9.805 37.784 55.81 8.661 50.5023 47.2152 10.8882 11.8249 0.0 16.3264 21.0218 17.9738 8.8916 0.0 14.9304 
2017-06-27 08:31:20.069000 2161.189 5.101 10.004 53.702 9.809 38.265 55.832 8.629 50.4872 47.264 10.823 11.754 0.0 16.2411 21.0074 17.8262 8.8545 0.0 14.799 
2017-06-27 08:31:36.162000 2177.282 5.369 9.984 53.718 9.812 37.77 55.854 8.589 50.4737 47.3149 10.7547 11.6801 0.0 16.1555 20.9911 17.6649 8.811 0.0 14.6159 
2017-06-27 08:31:52.325000 2193.445 5.179 9.962 53.737 9.815 38.26 55.874 8.55 50.4539 47.3675 10.6843 11.6073 0.0 16.0686 20.9731 17.5082 8.771 0.0 14.4834 
2017-06-27 08:32:08.439000 2209.559 5.034 9.94 53.756 9.817 38.188 55.893 8.521 50.439 47.4284 10.6153 11.5302 0.0 15.9796 20.9554 17.3599 8.7418 0.0 14.3904 
2017-06-27 08:32:24.642000 2225.762 5.674 9.916 53.774 9.82 37.772 55.915 8.486 50.4231 47.4844 10.542 11.4538 0.0 15.8962 20.9364 17.2044 8.701 0.0 14.2303 
2017-06-27 08:32:40.895000 2242.015 5.009 9.89 53.791 9.822 38.167 55.936 8.451 50.4036 47.5347 10.4658 11.3768 0.0 15.809 20.9179 17.0407 8.6653 0.0 14.0698 
2017-06-27 08:32:57.168000 2258.288 5.001 9.863 53.807 9.824 37.963 55.954 8.412 50.3847 47.5958 10.3938 11.2987 0.0 15.7237 20.8982 16.8833 8.6119 0.0 13.9139 
2017-06-27 08:33:13.432000 2274.552 5.617 9.836 53.825 9.826 37.817 55.974 8.376 50.3633 47.6715 10.3201 11.2154 0.0 15.635 20.8793 16.734 8.5744 0.0 13.8115 
2017-06-27 08:33:29.765000 2290.885 5.432 9.805 53.84 9.827 37.99 55.991 8.331 50.3474 47.7306 10.2444 11.133 0.0 15.5475 20.8594 16.5881 8.519 0.0 13.6525 
2017-06-27 08:33:46.088000 2307.208 5.101 9.775 53.856 9.828 38.117 56.006 8.299 50.3259 47.8006 10.1687 11.0503 0.0 15.457 20.84 16.4461 8.4857 0.0 13.506 
2017-06-27 08:34:02.431000 2323.551 5.065 9.746 53.871 9.829 37.583 56.021 8.275 50.3046 47.8802 10.0947 10.9703 0.0 15.3652 20.8208 16.296 8.4574 0.0 13.383 
2017-06-27 08:34:19.125000 2340.245 4.939 9.715 53.882 9.83 37.775 56.039 8.237 50.2844 47.962 10.0154 10.888 0.0 15.2726 20.8006 16.1432 8.4257 0.0 13.2755 
2017-06-27 08:34:35.498000 2356.618 5.488 9.684 53.894 9.831 37.77 56.052 8.203 50.2666 48.0421 9.9419 10.8093 0.0 15.179 20.7808 16.0057 8.3865 0.0 13.1379 
2017-06-27 08:34:51.951000 2373.071 5.287 9.654 53.908 9.832 37.978 56.067 8.173 50.2468 48.1244 9.8666 10.7279 0.0 15.0848 20.7618 15.8653 8.3511 0.0 13.0208 
2017-06-27 08:35:08.464000 2389.584 4.991 9.624 53.917 9.832 38.035 56.08 8.142 50.2294 48.2014 9.7943 10.6492 0.0 14.9902 20.7421 15.7311 8.3206 0.0 12.8826 
2017-06-27 08:35:25.008000 2406.128 4.854 9.595 53.93 9.832 37.9 56.095 8.12 50.2078 48.2859 9.7216 10.5683 0.0 14.8996 20.7221 15.5891 8.2978 0.0 12.7812 
2017-06-27 08:35:41.531000 2422.651 4.893 9.565 53.94 9.832 37.626 56.108 8.086 50.1854 48.3658 9.6508 10.4905 0.0 14.8086 20.7023 15.4482 8.2652 0.0 12.6396 
2017-06-27 08:35:58.064000 2439.184 5.099 9.537 53.952 9.832 37.44 56.122 8.064 50.1635 48.4562 9.5847 10.4156 0.0 14.717 20.6829 15.2995 8.2447 0.0 12.5192 
2017-06-27 08:36:19.639000 2460.759 5.432 9.501 53.963 9.831 37.551 56.138 8.022 50.1396 48.572 9.4973 10.3196 0.0 14.5962 20.6575 15.136 8.1976 0.0 12.3849 
2017-06-27 08:36:36.222000 2477.342 5.115 9.476 53.975 9.831 37.758 56.148 7.991 50.1217 48.6659 9.4339 10.2465 0.0 14.5027 20.6384 15.0127 8.1795 0.0 12.3084 
2017-06-27 08:36:52.845000 2493.965 5.408 9.453 53.984 9.83 37.533 56.16 7.981 50.1027 48.7549 9.3739 10.1768 0.0 14.4132 20.6192 14.9023 8.1584 0.0 12.1942 
2017-06-27 08:37:09.549000 2510.669 5.306 9.429 53.992 9.829 37.681 56.173 7.947 50.0834 48.842 9.3118 10.1043 0.0 14.3202 20.5995 14.8007 8.1188 0.0 12.1227 
2017-06-27 08:37:26.192000 2527.312 5.049 9.405 54.002 9.828 37.862 56.182 7.914 50.0662 48.9264 9.2501 10.032 0.0 14.23 20.5803 14.6988 8.0822 0.0 12.0253 
2017-06-27 08:37:42.935000 2544.055 5.216 9.382 54.01 9.826 37.748 56.194 7.901 50.048 49.0169 9.193 9.963 0.0 14.1361 20.5613 14.5975 8.0707 0.0 11.9111 
2017-06-27 08:37:59.669000 2560.789 4.912 9.361 54.018 9.825 37.84 56.204 7.886 50.0306 49.1092 9.1391 9.8977 0.0 14.0446 20.5421 14.4788 8.0569 0.0 11.8266 
2017-06-27 08:38:16.422000 2577.542 5.205 9.341 54.025 9.823 37.684 56.212 7.867 50.0136 49.2018 9.0864 9.8336 0.0 13.9524 20.5238 14.3708 8.0337 0.0 11.7656 
2017-06-27 08:38:33.245000 2594.365 4.794 9.32 54.031 9.821 37.791 56.222 7.836 49.9991 49.2843 9.0331 9.7686 0.0 13.8651 20.5043 14.2635 8.0038 0.0 11.667 
2017-06-27 08:38:50.219000 2611.339 5.124 9.3 54.036 9.819 37.698 56.229 7.823 49.9955 49.3774 8.9838 9.7087 0.0 13.7752 20.4857 14.1649 7.9899 0.0 11.603 
2017-06-27 08:39:07.442000 2628.562 4.825 9.281 54.044 9.817 37.433 56.239 7.797 50.0534 49.4682 8.9408 9.6537 0.0 13.6825 20.4674 14.0786 7.9832 0.0 11.5182 
2017-06-27 08:39:24.325000 2645.445 5.314 9.265 54.05 9.815 37.273 56.247 7.806 50.1396 49.5643 8.9091 9.6091 0.0 13.5956 20.4496 14.0004 7.9773 0.0 11.4995 
2017-06-27 08:39:41.249000 2662.369 4.914 9.25 54.053 9.812 37.145 56.252 7.794 50.1938 49.6502 8.8836 9.5697 0.0 13.5058 20.4318 13.918 7.9573 0.0 11.3882 
2017-06-27 08:39:58.192000 2679.312 4.74 9.235 54.056 9.809 37.319 56.263 7.768 50.2178 49.7356 8.8586 9.5317 0.0 13.4206 20.4136 13.8312 7.9316 0.0 11.3018 
2017-06-27 08:40:15.226000 2696.346 4.687 9.218 54.061 9.806 37.544 56.266 7.74 50.2258 49.8227 8.8308 9.4912 0.0 13.3357 20.3949 13.7389 7.9023 0.0 11.2299 
2017-06-27 08:40:32.289000 2713.409 4.754 9.203 54.064 9.803 37.659 56.273 7.741 50.2252 49.9227 8.8057 9.4564 0.0 13.2505 20.3774 13.6608 7.9081 0.0 11.1612 
2017-06-27 08:40:49.482000 2730.602 5.105 9.187 54.07 9.8 37.524 56.278 7.707 50.2207 50.0025 8.7768 9.419 0.0 13.1629 20.3594 13.5893 7.8659 0.0 11.1025 
2017-06-27 08:41:06.446000 2747.566 5.188 9.17 54.073 9.797 37.356 56.285 7.679 50.2143 50.0603 8.7462 9.3805 0.0 13.0784 20.3417 13.5267 7.8391 0.0 11.0702 
2017-06-27 08:41:23.419000 2764.539 5.19 9.152 54.075 9.793 37.104 56.29 7.661 50.2058 50.0563 8.7135 9.3396 0.0 12.9959 20.3233 13.4646 7.8289 0.0 11.0163 
2017-06-27 08:41:40.413000 2781.533 4.766 9.136 54.078 9.79 37.032 56.294 7.649 50.1948 50.0314 8.6821 9.3019 0.0 12.9134 20.3061 13.4109 7.8031 0.0 10.953 
2017-06-27 08:41:57.436000 2798.556 4.659 9.119 54.08 9.786 37.33 56.302 7.631 50.1839 49.9892 8.6485 9.2596 0.0 12.8331 20.2882 13.3487 7.788 0.0 10.9117 
2017-06-27 08:42:14.630000 2815.75 5.106 9.104 54.083 9.782 37.505 56.303 7.619 50.1704 49.9825 8.6145 9.2198 0.0 12.753 20.2701 13.2942 7.7799 0.0 10.8631 
2017-06-27 08:42:31.884000 2833.004 5.204 9.088 54.085 9.778 37.062 56.309 7.596 50.1599 50.0265 8.5803 9.1805 0.0 12.6735 20.253 13.2488 7.7552 0.0 10.8257 
2017-06-27 08:42:48.977000 2850.097 4.763 9.074 54.084 9.774 36.935 56.313 7.578 50.1515 50.0501 8.5456 9.1405 0.0 12.5918 20.236 13.2009 7.7312 0.0 10.7871 
2017-06-27 08:43:06.091000 2867.211 4.643 9.06 54.087 9.769 37.175 56.316 7.575 50.1371 50.0399 8.5131 9.1026 0.0 12.513 20.2189 13.1545 7.7324 0.0 10.7465 
2017-06-27 08:43:23.514000 2884.634 5.029 9.048 54.089 9.765 37.338 56.319 7.568 50.1292 50.0106 8.4815 9.0649 0.0 12.4361 20.2024 13.1165 7.725 0.0 10.7106 
2017-06-27 08:43:40.737000 2901.857 4.702 9.035 54.091 9.761 36.945 56.324 7.545 50.121 49.9584 8.4488 9.0258 0.0 12.3626 20.1851 13.084 7.7016 0.0 10.6898 
2017-06-27 08:43:58.111000 2919.231 4.624 9.023 54.091 9.756 37.171 56.327 7.544 50.1141 49.9532 8.4176 8.9883 0.0 12.2879 20.1686 13.0634 7.7015 0.0 10.7111 
2017-06-27 08:44:15.544000 2936.664 5.05 9.011 54.092 9.751 37.236 56.33 7.502 50.1087 49.9931 8.3864 8.9513 0.0 12.2138 20.152 13.0418 7.6772 0.0 10.6572 
2017-06-27 08:44:32.988000 2954.108 4.649 9.001 54.091 9.746 36.956 56.33 7.529 50.0983 50.0573 8.358 8.9171 0.0 12.1412 20.1363 13.0018 7.6818 0.0 10.6063 
2017-06-27 08:44:50.311000 2971.431 4.949 8.991 54.091 9.741 37.322 56.332 7.51 50.0868 50.0937 8.329 8.8827 0.0 12.0715 20.1198 12.9655 7.662 0.0 10.5663 
2017-06-27 08:45:07.705000 2988.825 4.675 8.982 54.092 9.736 37.032 56.336 7.507 50.0778 50.0853 8.3029 8.8504 0.0 12.0001 20.1041 12.9414 7.6574 0.0 10.5748 
2017-06-27 08:45:25.138000 3006.258 4.591 8.973 54.091 9.731 37.129 56.336 7.491 50.0714 50.0509 8.275 8.8169 0.0 11.9338 20.0882 12.917 7.6389 0.0 10.5506 
2017-06-27 08:45:42.752000 3023.872 4.988 8.962 54.092 9.726 37.221 56.339 7.48 50.0633 50.01 13.5318 8.7815 0.0 11.8684 20.0723 12.8933 7.639 0.0 10.5543 
2017-06-27 08:46:00.335000 3041.455 4.623 8.957 54.092 9.72 36.811 56.342 7.566 50.0211 49.9593 15.7392 8.7574 0.0 11.8036 20.0587 12.8852 7.7774 0.0 10.5746 
2017-06-27 08:46:18.089000 3059.209 5.316 9.012 54.091 9.715 36.787 56.344 8.011 49.3797 49.9517 17.4639 8.8224 0.0 11.7394 20.0579 12.947 8.3105 0.0 10.8521 
2017-06-27 08:46:35.862000 3076.982 5.482 9.149 54.09 9.709 37.07 56.344 8.587 48.1848 50.0175 18.8641 9.0011 0.0 11.6824 20.0678 13.1548 8.9626 0.0 11.3544 
2017-06-27 08:46:53.536000 3094.656 5.293 9.343 54.087 9.704 36.585 56.342 9.06 46.8525 50.0579 19.9955 9.229 0.0 11.6347 20.0799 13.4455 9.4326 0.0 11.8403 
2017-06-27 08:47:11.479000 3112.599 6.081 9.557 54.081 9.698 36.573 56.339 9.391 45.6745 50.047 20.9416 9.4681 0.0 11.6014 20.0907 13.7951 9.7762 0.0 12.2557 
2017-06-27 08:47:29.243000 3130.363 5.437 9.77 54.075 9.692 36.958 56.335 9.608 44.6957 50.0186 21.7285 9.6816 0.0 11.5834 20.0999 14.1345 9.9983 0.0 12.5604 
2017-06-27 08:47:46.997000 3148.117 5.75 9.967 54.066 9.687 36.636 56.33 9.771 43.8124 49.9755 22.4773 9.8587 0.0 11.5786 20.1071 14.4192 10.1467 0.0 12.8018 
2017-06-27 08:48:04.950000 3166.07 6.662 10.138 54.06 9.681 36.836 56.329 9.905 43.0268 49.9649 23.0053 10.0157 0.0 11.5849 20.1142 14.6734 10.2675 0.0 13.0167 
2017-06-27 08:48:22.914000 3184.034 6.484 10.295 54.059 9.676 37.081 56.332 10.013 42.3126 50.0215 23.667 10.1521 0.0 11.5993 20.1212 14.8951 10.3627 0.0 13.2107 
2017-06-27 08:48:40.767000 3201.887 6.171 10.433 54.06 9.67 36.658 56.335 10.076 41.6467 50.054 24.1428 10.2653 0.0 11.6205 20.1275 15.099 10.4151 0.0 13.3656 
2017-06-27 08:48:58.631000 3219.751 6.992 10.558 54.063 9.665 36.865 56.337 10.122 41.0384 50.0335 24.6517 10.3585 0.0 11.6469 20.1331 15.2925 10.4484 0.0 13.4931 
2017-06-27 08:49:16.544000 3237.664 6.552 10.671 54.065 9.66 37.188 56.339 10.154 40.4334 50.0022 25.027 10.435 0.0 11.6764 20.1388 15.4485 10.4785 0.0 13.6177 
2017-06-27 08:49:34.488000 3255.608 6.096 10.765 54.067 9.655 36.649 56.34 10.17 39.8535 49.9469 25.5005 10.4979 0.0 11.7081 20.1436 15.5971 10.4843 0.0 13.72 
2017-06-27 08:49:52.612000 3273.732 6.82 10.846 54.066 9.651 36.688 56.343 10.166 39.2813 49.9312 25.8694 10.5497 0.0 11.7411 20.148 15.7219 10.4711 0.0 13.8037 
2017-06-27 08:50:10.805000 3291.925 6.961 10.913 54.068 9.647 37.051 56.346 10.148 38.7052 49.9735 26.2204 10.5882 0.0 11.7743 20.1517 15.8368 10.4483 0.0 13.9138 
2017-06-27 08:50:28.959000 3310.079 6.094 10.966 54.07 9.643 37.275 56.35 10.132 38.1612 50.0444 26.5448 10.6194 0.0 11.8081 20.1551 15.9439 10.424 0.0 13.983 
2017-06-27 08:50:47.012000 3328.132 6.178 11.006 54.073 9.64 36.834 56.355 10.106 37.6249 50.0862 26.8235 10.6411 0.0 11.8404 20.1582 16.0424 10.4006 0.0 14.0737 
2017-06-27 08:51:05.076000 3346.196 7.002 11.039 54.082 9.637 37.062 56.363 10.084 37.0963 50.0707 27.0623 10.6597 0.0 11.8719 20.1608 16.1439 10.3718 0.0 14.1948 
2017-06-27 08:51:23.370000 3364.49 6.873 11.062 54.091 9.635 37.012 56.368 10.042 36.5512 50.0211 27.2903 10.6696 0.0 11.9024 20.1627 16.2341 10.3252 0.0 14.2459 
2017-06-27 08:51:41.483000 3382.603 6.719 11.075 54.102 9.633 37.438 56.379 10.005 36.0266 49.9729 27.4904 10.6737 0.0 11.9324 20.1642 16.3133 10.2889 0.0 14.2983 
2017-06-27 08:51:59.827000 3400.947 6.732 11.082 54.113 9.632 37.459 56.393 9.961 35.5006 49.9411 27.6709 10.6728 0.0 11.9595 20.1651 16.3765 10.241 0.0 14.3199 
2017-06-27 08:52:18.171000 3419.291 5.913 11.081 54.129 9.632 37.648 56.406 9.896 34.9582 49.9741 27.8265 10.6643 0.0 11.9862 20.1647 16.4335 10.1679 0.0 14.368 
2017-06-27 08:52:36.574000 3437.694 5.904 11.07 54.147 9.632 37.748 56.423 9.837 34.4139 50.0355 27.9598 10.648 0.0 12.0111 20.1641 16.4835 10.1173 0.0 14.4456 
2017-06-27 08:52:54.848000 3455.968 5.967 11.056 54.167 9.633 37.482 56.439 9.783 33.8933 50.0707 28.1422 10.6296 0.0 12.0341 20.1636 16.5431 10.0558 0.0 14.4874 
2017-06-27 08:53:13.151000 3474.271 5.805 11.035 54.188 9.634 37.536 56.458 9.716 33.3627 50.0441 28.327 10.6046 0.0 12.0557 20.1616 16.5984 9.9834 0.0 14.5645 
2017-06-27 08:53:31.475000 3492.595 5.729 11.009 54.208 9.636 37.704 56.477 9.651 32.8094 49.9921 28.4928 10.5743 0.0 12.0752 20.1592 16.6496 9.9161 0.0 14.5788 
2017-06-27 08:53:49.999000 3511.119 5.672 10.978 54.233 9.638 37.867 56.498 9.585 32.2471 49.9755 28.6413 10.5405 0.0 12.0927 20.1563 16.6942 9.8515 0.0 14.6033 
2017-06-27 08:54:08.554000 3529.674 5.634 10.943 54.256 9.641 37.977 56.522 9.524 31.6349 50.02 28.7758 10.5023 0.0 12.1079 20.1532 16.7442 9.7904 0.0 14.683 
2017-06-27 08:54:27.077000 3548.197 5.603 10.906 54.284 9.644 38.102 56.545 9.463 30.9658 50.0444 28.8894 10.4625 0.0 12.1213 20.1492 16.7938 9.7229 0.0 14.7487 
2017-06-27 08:54:45.811000 3566.931 5.607 10.866 54.313 9.648 38.189 56.571 9.407 30.2846 50.0121 28.9981 10.4209 0.0 12.1327 20.1454 16.848 9.6542 0.0 14.7785 
2017-06-27 08:55:04.305000 3585.425 5.61 10.823 54.34 9.652 38.264 56.597 9.347 29.6815 49.9659 29.0638 10.375 0.0 12.1424 20.1405 16.9045 9.5872 0.0 14.887 
2017-06-27 08:55:23.008000 3604.128 6.178 10.779 54.371 9.656 38.308 56.622 9.29 29.129 49.9513 29.1299 10.3268 0.0 12.1508 20.1356 16.9622 9.5253 0.0 14.9375 
2017-06-27 08:55:41.662000 3622.782 6.179 10.732 54.399 9.66 37.976 56.651 9.241 28.3791 50.007 29.1831 10.276 0.0 12.1572 20.1302 17.0305 9.477 0.0 15.0505 
2017-06-27 08:56:00.256000 3641.376 6.087 10.687 54.428 9.664 37.952 56.681 9.186 27.7259 50.0314 29.2318 10.2276 0.0 12.1623 20.1247 17.1061 9.4125 0.0 15.1219 
2017-06-27 08:56:18.849000 3659.969 5.853 10.638 54.462 9.669 37.923 56.708 9.115 27.1775 49.9964 29.2728 10.1705 0.0 12.1664 20.1181 17.1831 9.3382 0.0 15.1863 
2017-06-27 08:56:37.663000 3678.783 5.315 10.588 54.492 9.674 38.351 56.738 9.055 26.6241 49.9901 29.3094 10.1133 0.0 12.169 20.1111 17.2601 9.2787 0.0 15.2568 
2017-06-27 08:56:56.467000 3697.587 5.293 10.537 54.523 9.678 38.442 56.766 9.011 26.0039 50.0501 29.3439 10.058 0.0 12.17 20.1048 17.3355 9.2276 0.0 15.3521 
2017-06-27 08:57:15.241000 3716.361 5.837 10.486 54.552 9.683 38.323 56.792 8.94 25.4617 50.0738 29.3715 9.9973 0.0 12.1699 20.0967 17.4176 9.1569 0.0 15.4297 
2017-06-27 08:57:33.944000 3735.064 5.86 10.437 54.583 9.687 38.233 56.823 8.869 24.8927 50.0485 29.3947 9.9333 0.0 12.1682 20.0886 17.4988 9.0842 0.0 15.5333 
2017-06-27 08:57:52.648000 3753.768 5.255 10.388 54.612 9.692 38.223 56.851 8.815 24.436 50.0091 29.4144 9.8719 0.0 12.1651 20.0805 17.6001 9.0288 0.0 15.6633 
2017-06-27 08:58:11.682000 3772.802 5.22 10.337 54.643 9.696 38.264 56.881 8.749 23.9082 49.9544 29.4323 9.8075 0.0 12.1605 20.0716 17.696 8.9615 0.0 15.7773 
2017-06-27 08:58:30.616000 3791.736 5.244 10.287 54.671 9.7 38.62 56.909 8.707 23.4854 49.9478 29.4458 9.7435 0.0 12.1548 20.0635 17.7983 8.9222 0.0 15.8714 
2017-06-27 08:58:49.580000 3810.7 5.766 10.238 54.703 9.704 38.326 56.941 8.658 22.9716 49.9977 29.4554 9.6826 0.0 12.1485 20.0547 17.9029 8.8686 0.0 16.0024 
2017-06-27 08:59:08.663000 3829.783 5.132 10.191 54.734 9.708 38.326 56.968 8.603 22.6099 50.069 29.4633 9.624 0.0 12.1424 20.0457 18.0096 8.8111 0.0 16.1018 
2017-06-27 08:59:27.597000 3848.717 5.071 10.142 54.763 9.712 38.654 56.996 8.528 22.1994 50.1003 29.4673 9.5601 0.0 12.1352 20.0355 18.1197 8.718 0.0 16.2222 
2017-06-27 08:59:46.531000 3867.651 5.662 10.091 54.793 9.715 38.295 57.026 8.48 21.7947 50.0873 29.4694 9.4939 0.0 12.127 20.0259 18.2335 8.6834 0.0 16.3568 
2017-06-27 09:00:05.445000 3886.565 5.047 10.043 54.819 9.719 38.236 57.052 8.429 21.434 50.048 29.471 9.4358 0.0 12.1181 20.016 18.353 8.609 0.0 16.4711 
2017-06-27 09:00:24.378000 3905.498 5.016 9.994 54.843 9.722 38.141 57.078 8.379 21.1198 50.0037 29.4708 9.3717 0.0 12.1083 20.0059 18.4715 8.5576 0.0 16.6131 
2017-06-27 09:00:43.392000 3924.512 5.573 9.946 54.865 9.724 38.403 57.098 8.328 20.7802 49.9396 29.4648 9.3113 0.0 12.0975 19.9949 18.5975 8.4936 0.0 16.7362 
2017-06-27 09:01:02.656000 3943.776 4.988 9.894 54.884 9.727 37.985 57.119 8.27 20.4352 49.9236 29.4605 9.2452 0.0 12.0853 19.9829 18.7235 8.4395 0.0 16.8975 
2017-06-27 09:01:21.870000 3962.99 4.97 9.843 54.896 9.729 38.309 57.134 8.213 20.1062 49.9714 29.4529 9.1817 0.0 12.0727 19.9714 18.8599 8.3787 0.0 17.0353 
2017-06-27 09:01:41.204000 3982.324 4.956 9.794 54.91 9.731 37.882 57.153 8.18 19.7875 50.0563 29.4471 9.1201 0.0 12.0585 19.96 18.9966 8.3446 0.0 17.199 
