#Human readable time. Time (s) since start. Lakeshore temperature sensor 218 T1,3,5,6,8 and 224 C2,C3,C4,C5,D2,D3,D5,A,B
2017-02-23 13:18:18.404000 0.0 3.378 49.899 33.369 52.175 3.999 8.3083 3.4884 3.783 4.3424 3.839 4.1766 3.9 3.6243 3.572 8.254 -1 3.7297
2017-02-23 13:19:21.063000 62.659 3.312 49.9 34.12 52.176 4.028 8.3041 3.4884 3.7868 4.3457 3.8392 4.1779 3.9248 3.6246 3.5719 8.257 3.26900493112 3.7292
2017-02-23 13:20:23.150000 124.746 3.408 49.9 34.176 52.175 4.067 8.3003 3.4897 3.8095 4.3639 3.8403 4.19 3.9621 3.6244 3.572 8.272 3.28973822525 3.7295
2017-02-23 13:21:25.215000 186.811 3.491 49.898 34.034 52.176 4.177 8.2964 3.4932 3.8528 4.3975 3.8437 4.2138 4.0567 3.6242 3.5724 8.3 3.3383579214 3.7299
2017-02-23 13:22:27.268000 248.864 3.58 49.901 33.825 52.175 4.33 8.2923 3.5018 3.9653 4.4869 3.8521 4.2762 4.2093 3.6249 3.5734 8.37 3.10335256423 3.7297
2017-02-23 13:23:29.440000 311.036 3.404 49.902 33.646 52.178 4.464 8.2887 3.5145 4.0436 4.5451 3.8639 4.3324 4.3261 3.6249 3.5742 8.42 3.17208093396 3.7296
2017-02-23 13:24:31.616000 373.212 3.417 49.908 34.006 52.184 4.56 8.2849 3.5326 4.1582 4.6364 3.8819 4.4112 4.421 3.6251 3.5764 8.489 3.15735342616 3.7298
2017-02-23 13:25:33.826000 435.422 3.684 49.914 33.896 52.187 4.802 8.2808 3.554 4.2635 4.7232 3.9046 4.4858 4.6288 3.6252 3.579 8.569 3.14753508763 3.73
2017-02-23 13:26:36.041000 497.637 3.765 49.921 33.652 52.194 4.916 8.2767 3.5833 4.4149 4.8459 3.9348 4.5949 4.7433 3.6254 3.5836 8.674 3.26900493112 3.7302
2017-02-23 13:27:38.408000 560.004 3.538 49.929 33.925 52.202 5.097 8.2727 3.6146 4.513 4.9248 3.9691 4.6793 4.9186 3.6264 3.5895 8.748 3.31650228022 3.7304
2017-02-23 13:28:40.700000 622.296 3.613 49.937 34.211 52.211 5.296 8.268 3.653 4.6933 5.0778 4.0131 4.8065 5.1054 3.627 3.5968 8.879 3.17208093396 3.7306
2017-02-23 13:29:43.226000 684.822 3.693 49.95 33.789 52.224 5.523 8.263 3.6975 4.832 5.1928 4.0617 4.9196 5.3038 3.6275 3.6068 8.983 3.24827163699 3.7313
2017-02-23 13:30:45.608000 747.204 3.709 49.964 33.975 52.233 5.639 8.2583 3.749 4.9899 5.3255 4.1171 5.0478 5.4186 3.629 3.6174 9.095 3.16226259543 3.7324
2017-02-23 13:31:48.162000 809.758 3.965 49.981 34.238 52.251 5.668 8.2547 3.8001 5.0746 5.3965 4.1734 5.1413 5.4487 3.6306 3.6302 9.152 3.37660529347 3.7333
2017-02-23 13:32:50.597000 872.193 3.871 49.999 33.616 52.266 5.598 8.2514 3.8474 5.1259 5.4468 4.2289 5.2094 5.5121 3.633 3.6435 9.192 3.31650228022 3.7339
2017-02-23 13:33:53.129000 934.725 3.769 50.017 34.351 52.282 5.81 8.248 3.8946 5.1803 5.4999 4.2836 5.2729 5.5791 3.635 3.6588 9.234 3.14753508763 3.7351
2017-02-23 13:35:12.859000 1014.455 3.843 50.035 34.131 52.302 5.834 8.2421 3.9658 5.343 5.6493 4.3587 5.3967 5.819 3.6377 3.6795 9.364 3.31103836992 3.7366
2017-02-23 13:36:15.442000 1077.038 4.197 50.055 34.175 52.318 6.195 8.2387 4.0265 5.4399 5.7319 4.4185 5.4865 5.9262 3.6416 3.6974 9.436 3.35474965229 3.7383
2017-02-23 13:37:18.214000 1139.81 3.973 50.075 33.877 52.339 6.319 8.2352 4.0958 5.5561 5.8355 4.4822 5.5863 6.0438 3.6456 3.7159 9.527 3.1377167491 3.7413
2017-02-23 13:38:20.996000 1202.592 4.345 50.098 33.946 52.361 6.471 8.232 4.1645 5.6434 5.9136 4.5454 5.6733 6.1789 3.6501 3.7365 9.603 3.37114138318 3.7435
2017-02-23 13:39:23.732000 1265.328 4.265 50.122 34.21 52.384 6.65 8.2288 4.252 5.7873 6.0419 4.6163 5.7875 6.3493 3.6551 3.7588 9.728 3.05676061592 3.746
2017-02-23 13:40:26.569000 1328.165 4.241 50.144 33.799 52.405 6.792 8.2263 4.3369 5.8923 6.1278 4.688 5.8882 6.4812 3.6611 3.7838 9.815 3.23790498993 3.7498
2017-02-23 13:41:29.351000 1390.947 4.548 50.168 34.355 52.427 7.076 8.2229 4.4514 6.0644 6.286 4.7728 6.0221 6.7432 3.6687 3.8113 9.978 3.17208093396 3.754
2017-02-23 13:42:32.171000 1453.767 4.31 50.194 33.999 52.451 7.299 8.2208 4.5666 6.2188 6.4266 4.8646 6.1514 6.9505 3.6763 3.8411 10.115 3.47313280806 3.759
2017-02-23 13:43:35.003000 1516.599 4.793 50.225 34.234 52.481 7.466 8.2193 4.6875 6.388 6.5827 4.9684 6.295 7.1138 3.6854 3.873 10.263 3.26382160759 3.7649
2017-02-23 13:44:37.980000 1579.576 4.573 50.262 34.789 52.514 7.526 8.2184 4.7813 6.5019 6.6886 5.0732 6.4154 7.1736 3.6959 3.9079 10.353 3.07532410523 3.7729
2017-02-23 13:45:40.951000 1642.547 4.431 50.299 34.397 52.551 7.706 8.2169 4.8698 6.6085 6.7951 5.1795 6.5268 7.3295 3.7072 3.9466 10.448 3.58053367179 3.7804
2017-02-23 13:46:44.037000 1705.633 4.864 50.333 34.099 52.583 7.987 8.2156 4.964 6.7412 6.9266 5.2873 6.6478 7.5768 3.72 3.9864 10.575 3.24308831346 3.7887
2017-02-23 13:47:47.060000 1768.656 5.03 50.366 34.686 52.617 8.197 8.215 5.074 6.9267 7.1069 5.403 6.8023 7.7874 3.7354 4.0297 10.749 3.23272166639 3.7996
2017-02-23 13:48:50.232000 1831.828 5.192 50.405 34.866 52.654 8.468 8.2146 5.1876 7.1158 7.2865 5.5254 6.9668 8.0437 3.7524 4.0746 10.923 3.42713126151 3.8126
2017-02-23 13:49:53.369000 1894.965 4.813 50.446 34.96 52.693 8.653 8.2147 5.292 7.2859 7.4468 5.6529 7.1319 8.2098 3.7728 4.1221 11.073 3.27937157819 3.8269
2017-02-23 13:50:56.574000 1958.17 4.962 50.498 34.506 52.741 9.022 8.2152 5.4152 7.5007 7.6562 5.795 7.3202 8.5319 3.7965 4.1768 11.273 3.37114138318 3.8443
2017-02-23 13:51:59.797000 2021.393 5.005 50.548 34.685 52.791 9.176 8.2159 5.5291 7.6977 7.8461 5.9452 7.5138 8.6875 3.8224 4.2347 11.443 3.32196619051 3.8646
2017-02-23 13:53:02.869000 2084.465 5.592 50.612 34.683 52.848 9.238 8.2164 5.6235 7.8304 7.9731 6.0936 7.6771 8.7525 3.8502 4.2956 11.554 3.19171761103 3.8873
2017-02-23 13:54:06.140000 2147.736 5.61 50.676 35.248 52.908 9.547 8.217 5.72 7.9736 8.1212 6.2527 7.8411 9.0392 3.8802 4.3586 11.7 3.50802219796 3.9132
2017-02-23 13:55:09.478000 2211.074 5.691 50.739 35.268 52.965 9.874 8.2184 5.8285 8.1664 8.3131 6.4383 8.036 9.3234 3.9148 4.4301 11.893 3.23272166639 3.9471
2017-02-23 13:56:12.934000 2274.53 5.829 50.808 35.371 53.034 10.135 8.2207 5.9472 8.3872 8.5282 6.6655 8.2579 9.5628 3.9553 4.5126 12.105 3.60493606176 3.9877
2017-02-23 13:57:16.370000 2337.966 5.979 50.886 35.461 53.108 10.257 8.2226 6.0526 8.563 8.6959 6.9253 8.4661 9.6904 4.0003 4.6001 12.264 3.27937157819 4.0369
2017-02-23 13:58:19.853000 2401.449 6.115 50.97 35.456 53.186 10.42 8.2244 6.1467 8.7102 8.8405 7.1922 8.6569 9.8542 4.0458 4.6941 12.394 3.59866154025 4.0918
2017-02-23 13:59:23.198000 2464.794 6.271 51.047 35.472 53.258 10.553 8.2265 6.2402 8.8517 8.9811 7.4488 8.8406 9.9853 4.0936 4.7888 12.52 3.36021356258 4.1601
2017-02-23 14:00:26.659000 2528.255 6.331 51.117 35.497 53.328 10.63 8.2284 6.3275 8.9638 9.0934 7.6851 9.0032 10.0579 4.1459 4.8774 12.624 3.62395757034 4.237
2017-02-23 14:01:30.174000 2591.77 6.435 51.19 35.539 53.399 10.672 8.2301 6.4071 9.0437 9.1766 7.8889 9.1426 10.0983 4.2003 4.9655 12.696 3.4846331947 4.3202
2017-02-23 14:02:33.906000 2655.502 6.518 51.268 35.603 53.472 10.744 8.2321 6.4814 9.108 9.2445 8.0654 9.2603 10.1633 4.2547 5.0477 12.757 3.73991235787 4.4078
2017-02-23 14:03:37.619000 2719.215 5.936 51.346 35.766 53.549 10.806 8.2343 6.5525 9.1689 9.313 8.2124 9.3706 10.2206 4.3109 5.1229 12.817 3.64931958178 4.4999
2017-02-23 14:04:41.201000 2782.797 5.971 51.428 35.443 53.625 10.92 8.2364 6.6224 9.2301 9.3811 8.3401 9.4711 10.3217 4.3676 5.1943 12.881 3.96959437777 4.5892
2017-02-23 14:05:44.860000 2846.456 6.034 51.504 35.507 53.702 11.036 8.2388 6.6968 9.3148 9.4677 8.4559 9.5792 10.4296 4.4292 5.2698 12.968 3.88314284896 4.6775
2017-02-23 14:06:48.645000 2910.241 6.064 51.579 36.105 53.773 11.245 8.2417 6.778 9.4212 9.5748 8.5682 9.6987 10.6285 4.4946 5.3412 13.077 3.7930679085 4.7664
2017-02-23 14:07:52.486000 2974.082 6.204 51.653 36.122 53.847 11.411 8.2452 6.8724 9.5595 9.7082 8.6889 9.8423 10.8011 4.5635 5.4151 13.211 3.98412986892 4.8539
2017-02-23 14:08:56.264000 3037.86 7.194 51.721 36.059 53.914 11.498 8.2487 6.9688 9.684 9.8277 8.8487 10.0125 10.8978 4.6434 5.4967 13.325 4.31776410109 4.9462
2017-02-23 14:10:00.187000 3101.783 6.677 51.791 35.667 53.984 11.692 8.2522 7.0735 9.806 9.9459 9.3443 10.4044 11.0901 4.8189 5.6257 13.438 4.02181705615 5.0938
2017-02-23 14:11:04.003000 3165.599 6.727 51.864 35.762 54.055 11.833 8.2568 7.1867 9.9352 10.0707 10.82 11.4819 11.2698 5.334 5.9241 13.561 4.40203989387 5.4509
2017-02-23 14:12:07.929000 3229.525 6.679 51.941 36.345 54.133 12.039 8.2621 7.3184 10.08 10.2111 13.1158 13.1832 11.5258 6.2964 6.4781 13.711 4.2336371794 6.1145
2017-02-23 14:13:11.767000 3293.363 7.887 52.017 36.414 54.207 12.242 8.268 7.4697 10.2337 10.358 15.1717 14.4292 11.7758 7.3131 7.1361 13.867 4.76718617832 6.8119
2017-02-23 14:14:15.710000 3357.306 7.572 52.094 35.952 54.285 12.506 8.2758 7.6531 10.4133 10.531 16.9441 15.8481 12.0646 8.2424 7.7696 14.052 5.2226309704 7.5226
2017-02-23 14:15:19.737000 3421.333 7.244 52.169 36.418 54.36 12.8 8.2854 7.877 10.6137 10.7249 18.4159 17.1186 12.3623 9.0702 8.2259 14.256 5.78546850122 8.3797
2017-02-23 14:16:23.816000 3485.412 8.606 52.246 36.692 54.44 13.098 8.2979 8.158 10.8434 10.9417 19.7402 18.2233 12.6648 9.8341 8.6577 14.484 6.1995872047 9.1362
2017-02-23 14:17:27.888000 3549.484 8.944 52.328 36.32 54.521 13.302 8.3141 8.4878 11.0632 11.1529 20.8315 19.1137 12.885 10.5046 9.1121 14.694 6.84500050428 9.716
2017-02-23 14:18:32.046000 3613.642 8.752 52.421 36.78 54.615 13.543 8.335 8.8478 11.2699 11.356 21.9193 19.986 13.1372 11.1242 9.5713 14.887 6.93272650156 10.2537
2017-02-23 14:19:36.203000 3677.799 9.724 52.526 36.786 54.718 13.945 8.3643 9.2192 11.4974 11.5865 23.4551 21.0117 13.5288 11.7764 10.0638 15.126 7.25806521052 10.8177
2017-02-23 14:20:40.406000 3742.002 8.256 52.642 37.038 54.833 14.261 8.407 9.4993 11.7652 11.8473 24.8343 21.8476 13.8489 12.3785 10.5155 15.407 7.94881768919 11.3514
2017-02-23 14:21:44.593000 3806.189 10.315 52.775 37.375 54.96 14.437 8.4607 9.1383 11.998 12.0816 25.9586 22.6382 14.0272 12.9146 10.9253 15.693 8.88409347179 11.8219
2017-02-23 14:22:48.872000 3870.468 8.458 52.933 37.58 55.108 14.522 8.5192 9.3017 12.1839 12.2724 26.8057 23.28 14.116 13.3787 11.2844 16.072 7.94881768919 12.2597
2017-02-23 14:23:53.197000 3934.793 10.444 53.114 38.134 55.275 14.561 8.5766 9.879 12.3138 12.4133 27.415 23.8617 14.1592 13.7979 11.6178 16.502 9.29893318966 12.6457
2017-02-23 14:24:57.676000 3999.272 8.636 53.307 38.578 55.456 14.582 8.629 10.4043 12.4004 12.5174 27.8972 24.4247 14.1846 14.192 11.9199 16.85 8.98848646753 13.0088
2017-02-23 14:26:01.989000 4063.585 10.355 53.512 38.851 55.647 14.599 8.6781 10.8408 12.4594 12.5958 28.5053 24.8909 14.2073 14.5522 12.2034 17.103 10.1487045355 13.3555
2017-02-23 14:27:06.335000 4127.931 8.559 53.721 39.076 55.851 14.616 8.7236 11.2008 12.5023 12.6559 29.0542 25.4102 14.2304 14.8916 12.4784 17.29 9.77185930139 13.6776
2017-02-23 14:28:10.841000 4192.437 10.58 53.942 39.17 56.06 14.637 8.769 11.4903 12.5376 12.7036 29.425 25.8711 14.2571 15.1923 12.7301 17.424 8.75360222712 13.9902
2017-02-23 14:29:15.320000 4256.916 9.126 54.167 39.841 56.276 14.663 8.8146 11.7387 12.5693 12.7453 29.7492 26.3205 14.2889 15.5081 12.97 17.525 10.2799257732 14.2845
2017-02-23 14:30:19.839000 4321.435 9.357 54.399 39.721 56.502 14.692 8.8612 11.9399 12.6008 12.7833 30.0492 26.7245 14.3235 15.7927 13.188 17.608 9.86351815998 14.551
2017-02-23 14:31:24.468000 4386.064 10.513 54.632 40.345 56.728 14.727 8.9085 12.1154 12.6339 12.8212 30.3931 27.0814 14.3626 16.061 13.4118 17.68 10.6154805482 14.8245
2017-02-23 14:32:29.125000 4450.721 9.732 54.874 40.729 56.958 14.764 8.9575 12.2674 12.6692 12.8593 30.7101 27.4277 14.4051 16.3126 13.6222 17.744 9.83296520712 15.0846
2017-02-23 14:33:33.783000 4515.379 8.807 55.12 40.805 57.2 14.799 9.0078 12.3959 12.7062 12.8986 30.9949 27.7301 14.4448 16.5716 13.8234 17.805 11.7247942932 15.3249
2017-02-23 14:34:38.493000 4580.089 11.005 55.369 41.173 57.443 14.831 9.0601 12.5076 12.742 12.9361 31.2602 27.9987 14.4809 16.8158 14.0165 17.86 10.0502886071 15.5658
2017-02-23 14:35:43.342000 4644.938 10.914 55.628 41.564 57.693 14.861 9.1129 12.6089 12.7773 12.9723 31.5018 28.4236 14.5148 17.0301 14.2042 17.912 10.4439523204 15.7964
2017-02-23 14:36:48.138000 4709.734 10.261 55.888 41.982 57.945 14.89 9.1666 12.696 12.8104 13.007 31.7307 28.8082 14.5476 17.2492 14.3848 17.96 11.8041885582 16.0348
2017-02-23 14:37:52.900000 4774.496 8.928 56.152 42.2 58.2 14.918 9.2206 12.7728 12.8428 13.0418 31.9362 29.115 14.58 17.4596 14.5678 18.006 10.7207337854 16.24
2017-02-23 14:38:57.834000 4839.43 8.999 56.423 42.442 58.459 14.945 9.2763 12.8398 12.874 13.0761 32.1152 29.3535 14.6107 17.6839 14.7385 18.051 11.3752650363 16.454
2017-02-23 14:40:02.705000 4904.301 9.515 56.694 42.692 58.718 14.969 9.3327 12.8985 12.9027 13.108 32.2769 29.5745 14.6366 17.8732 14.8953 18.094 12.2130182739 16.6753
2017-02-23 14:41:07.588000 4969.184 10.664 56.964 42.985 58.977 14.99 9.3888 12.9502 12.9304 13.1377 32.4239 29.7827 14.661 18.0668 15.0567 18.136 11.0762539163 16.8704
2017-02-23 14:42:12.577000 5034.173 11.303 57.24 43.302 59.237 15.008 9.4442 12.9939 12.9543 13.1646 32.5625 29.9733 14.681 18.2436 15.2083 18.175 11.3005122563 17.05
2017-02-23 14:43:17.660000 5099.256 11.365 57.509 43.62 59.498 15.025 9.5001 13.0339 12.9753 13.1884 32.6925 30.2062 14.7001 18.4302 15.363 18.212 12.4652419631 17.2544
2017-02-23 14:44:22.922000 5164.518 11.306 57.78 43.936 59.756 15.039 9.5565 13.0688 12.9946 13.2095 32.819 30.4371 14.7152 18.6072 15.5085 18.247 11.7644914257 17.4427
2017-02-23 14:45:27.989000 5229.585 11.033 58.045 44.21 60.01 15.048 9.6123 13.0983 13.0117 13.2285 32.9206 30.6463 14.7191 18.769 15.6527 18.277 11.3752650363 17.6196
2017-02-23 14:46:33.087000 5294.683 10.181 58.281 44.323 60.257 13.214 9.6098 12.8742 12.7991 13.0324 31.2141 29.7437 13.0278 18.8367 15.7022 17.666 15.293836032 17.6904
2017-02-23 14:47:38.014000 5359.61 7.379 58.526 44.799 60.496 9.831 9.5629 12.3682 11.8241 12.1679 28.9144 28.9113 10.0165 18.8766 15.734 16.251 12.1709809924 17.7311
2017-02-23 14:48:43.099000 5424.695 5.468 58.768 44.863 60.735 7.551 9.5517 12.1188 10.3326 10.8625 26.8264 27.871 7.9335 18.8847 15.7361 14.363 12.0869064293 17.7482
2017-02-23 14:49:48.099000 5489.695 4.695 59.003 44.878 60.96 6.444 9.5431 12.0128 8.7679 9.5114 25.1968 27.2028 6.9302 18.9026 15.7466 12.727 11.6057028957 17.7761
2017-02-23 14:50:53.274000 5554.87 4.201 59.212 44.793 61.17 5.781 9.5348 11.9368 7.3418 8.2549 23.9497 26.5288 6.3505 18.9136 15.7565 11.559 12.8185557792 17.7732
2017-02-23 14:51:58.311000 5619.907 3.879 59.396 44.649 61.359 5.394 9.5266 11.8601 6.24 7.2078 22.9293 25.8359 6.005 18.9101 15.767 10.835 12.9961933651 17.7829
2017-02-23 14:53:03.457000 5685.053 3.813 59.557 44.48 61.53 5.1 9.5189 11.7793 5.4615 6.4519 22.0841 25.1498 5.761 18.9232 15.7671 10.382 12.7297369863 17.7961
2017-02-23 14:54:08.589000 5750.185 3.6 59.701 44.42 61.683 4.891 9.5119 11.697 4.9527 5.9333 21.26 24.5819 5.5794 18.9192 15.7663 10.105 12.5076900039 17.7932
2017-02-23 14:55:13.851000 5815.447 3.49 59.833 44.342 61.828 4.731 9.505 11.6122 4.6395 5.5536 20.4608 23.947 5.4404 18.9259 15.7708 9.922 12.6853275898 17.7826
2017-02-23 14:56:19.031000 5880.627 3.588 59.955 44.208 61.965 4.607 9.4981 11.5264 4.4465 5.2862 19.6568 23.4406 5.3303 18.924 15.7679 9.797 12.7741463827 17.792
2017-02-23 14:57:24.313000 5945.909 4.529 60.071 46.192 62.095 4.952 9.4916 11.4441 4.3768 5.1318 18.8679 22.8712 5.5618 18.9238 15.7657 9.741 12.6853275898 17.7973
2017-02-23 14:58:29.763000 6011.359 4.843 60.349 50.345 62.383 5.357 9.486 11.3638 4.7517 5.3523 18.0674 22.4721 5.8572 18.9061 15.7673 9.929 10.966324672 17.793
2017-02-23 14:59:35.218000 6076.814 7.611 60.916 53.342 62.876 10.546 9.4815 11.1946 6.3814 6.7599 17.288 22.1791 10.163 18.893 15.7568 11.216 12.2130182739 17.7925
2017-02-23 15:00:40.838000 6142.434 11.055 61.593 55.726 63.455 14.183 9.4914 11.202 9.3451 9.5163 16.7055 21.9497 13.6528 18.9005 15.7694 13.592 11.5263086307 17.8163
2017-02-23 15:01:46.487000 6208.083 14.143 62.296 57.682 64.066 16.677 9.5098 11.2574 11.649 11.6753 16.6056 21.8094 16.2407 18.8927 15.7883 15.65 13.6591318415 17.8344
2017-02-23 15:02:52.247000 6273.843 17.147 63.031 59.232 64.689 19.106 9.879 11.78 13.7406 13.3516 21.9479 23.9813 18.9111 19.0626 15.9915 17.917 12.5965087969 18.0432
2017-02-23 15:03:58.095000 6339.691 20.204 63.772 60.489 65.319 21.733 11.8225 16.6046 16.0273 15.5497 29.9264 27.3451 21.5977 19.4438 16.3422 21.035 12.2550555554 18.447
2017-02-23 15:05:03.825000 6405.421 22.581 64.466 61.612 65.933 23.895 14.7238 20.6953 18.1732 17.7253 34.57 29.8864 23.8139 19.8455 16.6708 23.605 14.2107794119 18.867
2017-02-23 15:06:09.650000 6471.246 24.515 65.128 62.71 66.537 25.436 17.5867 23.4036 20.0523 19.5662 37.4153 32.0757 25.3958 20.205 17.0054 25.437 12.1709809924 19.282
2017-02-23 15:07:15.537000 6537.133 25.867 65.758 63.779 67.132 26.747 19.7394 25.7288 21.7453 21.1791 39.5725 33.6613 26.7184 20.561 17.3475 26.932 13.7576073825 19.7146
2017-02-23 15:08:21.495000 6603.091 20.424 66.321 61.591 67.717 27.509 21.1792 27.1536 23.2966 22.6439 39.386 33.5797 27.1136 20.7389 17.585 27.931 13.0896000526 20.0377
2017-02-23 15:09:27.221000 6668.817 17.265 66.803 55.357 68.186 24.144 20.5971 23.8861 23.5801 22.9253 36.9192 32.7357 23.4761 20.7528 17.6693 27.816 15.2371098443 20.1672
2017-02-23 15:10:32.924000 6734.52 15.739 66.961 51.529 68.418 20.128 19.6175 20.6608 22.7598 22.4219 34.7527 32.2131 19.7787 20.737 17.6973 26.889 13.4172424801 20.2327
2017-02-23 15:11:38.757000 6800.353 11.091 66.898 49.403 68.49 16.714 18.4578 17.4901 21.3582 21.3299 32.9418 31.6746 16.6048 20.752 17.7234 25.472 13.708369612 20.2761
2017-02-23 15:12:44.569000 6866.165 11.739 66.753 48.181 68.481 14.168 17.3704 14.5115 19.6021 19.9922 31.3176 31.0716 14.1376 20.7599 17.7096 23.64 11.5263086307 20.2819
2017-02-23 15:13:50.435000 6932.031 8.093 66.597 47.536 68.438 12.022 16.5383 12.0443 17.6307 18.4651 29.7884 30.4069 12.0671 20.7901 17.6934 21.317 14.8471609246 20.264
2017-02-23 15:14:56.374000 6997.97 8.23 66.464 47.128 68.382 10.155 16.3449 10.0822 15.4736 16.7688 28.5046 29.7572 10.2791 20.7808 17.6629 19.072 13.6591318415 20.2479
2017-02-23 15:16:02.154000 7063.75 6.94 66.353 46.784 68.334 8.63 16.6012 8.5088 13.3255 14.9282 27.328 29.1516 8.8286 20.7979 17.6263 16.882 13.1832121747 20.2017
2017-02-23 15:17:08.122000 7129.718 5.394 66.262 46.757 68.289 7.565 16.7358 7.5889 11.3769 13.1513 26.2998 28.3035 7.8412 20.8029 17.5702 15.013 11.3005122563 20.1319
2017-02-23 15:18:14.342000 7195.938 4.912 66.189 46.366 68.252 6.925 16.7784 7.4389 9.6528 11.5537 25.2621 27.6029 7.2511 20.8139 17.4836 13.634 12.7741463827 20.0555
2017-02-23 15:19:20.408000 7262.004 5.028 66.124 46.24 68.218 6.452 16.7905 7.4812 8.1822 10.1212 24.3517 26.9713 6.8603 20.8102 17.3879 12.702 11.7247942932 19.9403
2017-02-23 15:20:26.600000 7328.196 4.391 66.067 46.09 68.183 6.156 16.7917 7.4944 7.0394 8.8068 23.4989 26.3346 6.5594 20.8175 17.2935 12.109 14.6303755264 19.8155
2017-02-23 15:21:32.803000 7394.399 4.413 66.012 45.898 68.156 5.859 16.7875 7.4881 6.2448 7.7306 22.6578 25.6686 6.2952 20.8062 17.1779 11.703 12.5965087969 19.6803
2017-02-23 15:22:38.886000 7460.482 4.01 65.961 45.862 68.128 5.526 16.7806 7.4703 5.7081 6.9158 21.8484 24.9676 6.0648 20.8177 17.0444 11.405 13.0896000526 19.5348
2017-02-23 15:23:45.084000 7526.68 3.919 65.915 45.584 68.105 5.39 16.7727 7.4459 5.328 6.3467 21.1033 24.4229 5.8711 20.8014 16.9172 11.183 13.0896000526 19.3667
2017-02-23 15:24:51.387000 7592.983 4.002 65.879 45.487 68.085 5.221 16.7626 7.4169 5.0696 5.9648 20.3077 23.8251 5.718 20.8022 16.7726 11.004 13.370436419 19.1912
2017-02-23 15:25:57.740000 7659.336 3.85 65.847 45.607 68.07 5.073 16.7528 7.3849 4.8854 5.6749 19.5219 23.2588 5.5903 20.7825 16.6096 10.859 12.7297369863 19.0205
2017-02-23 15:27:04.228000 7725.824 3.597 65.822 45.459 68.058 4.949 16.7433 7.3509 4.7466 5.4598 18.738 22.7225 5.4808 20.7734 16.4405 10.738 12.2130182739 18.8437
2017-02-23 15:28:10.638000 7792.234 3.638 65.798 45.254 68.048 4.845 16.7334 7.3152 4.6383 5.2923 17.9474 22.1974 5.3862 20.7646 16.2714 10.638 13.3236303579 18.6506
2017-02-23 15:29:17.120000 7858.716 3.756 65.778 45.185 68.044 4.716 16.7228 7.2775 4.548 5.1595 17.1396 21.6705 5.302 20.7405 16.0659 10.553 12.5965087969 18.4892
2017-02-23 15:30:23.730000 7925.326 3.668 65.763 45.193 68.04 4.63 16.7126 7.2386 4.4702 5.0515 16.3247 21.2028 5.2248 20.7327 15.8415 10.481 13.4640485411 18.3374
2017-02-23 15:31:30.225000 7991.821 3.667 65.748 45.164 68.036 4.601 16.702 7.1985 4.4017 4.9622 15.5221 20.7277 5.1501 20.7072 15.579 10.423 12.6409181933 18.2261
2017-02-23 15:32:36.798000 8058.394 3.511 65.73 44.953 68.032 4.541 16.6907 7.1587 4.3418 4.8877 14.7267 20.2324 5.0824 20.707 15.2791 10.374 12.0028318663 18.1433
2017-02-23 15:33:43.463000 8125.059 3.361 65.709 44.716 68.025 4.494 16.6804 7.1181 4.2915 4.8274 13.9624 19.7475 5.0237 20.6702 14.9322 10.334 13.609894071 18.1081
2017-02-23 15:34:50.170000 8191.766 3.376 65.674 44.179 68.006 4.459 16.6697 7.077 4.2511 4.7796 13.2333 19.2599 4.9746 20.6514 14.5216 10.303 12.5076900039 18.0776
2017-02-23 15:35:56.816000 8258.412 3.326 65.617 43.668 67.969 4.435 16.6586 7.0354 4.2206 4.7434 12.5289 18.7598 4.9338 20.6342 14.0619 10.281 13.4172424801 18.0749
2017-02-23 15:37:03.655000 8325.251 3.321 65.52 41.59 67.904 4.418 16.6468 6.9937 4.1982 4.7163 11.8723 18.2481 4.8979 20.5942 13.5477 10.265 13.51141853 18.0806
2017-02-23 15:38:10.397000 8391.993 3.329 65.298 40.157 67.733 4.407 16.6359 6.9528 4.1821 4.6957 11.2483 17.7177 4.8684 20.5853 12.9875 10.252 12.0028318663 18.0845
2017-02-23 15:39:17.207000 8458.803 3.322 64.968 39.34 67.492 4.398 16.6243 6.912 4.1702 4.6802 10.6622 17.171 4.8401 20.577 12.3656 10.239 13.806845153 18.111
2017-02-23 15:40:24.049000 8525.645 3.377 64.643 39.016 67.244 4.39 16.6121 6.8706 4.16 4.6677 10.1167 16.6084 4.8123 20.534 11.7097 10.226 11.7247942932 18.1197
2017-02-23 15:41:30.968000 8592.564 3.339 64.347 38.865 66.999 4.38 16.5987 6.8301 4.1496 4.6557 9.5925 16.0242 4.7839 20.5233 10.9816 10.21 12.7297369863 18.1344
2017-02-23 15:42:38.007000 8659.603 3.314 64.066 38.806 66.758 4.369 16.5857 6.7894 4.1374 4.6431 9.1082 15.4468 4.754 20.4859 10.1867 10.192 11.6057028957 18.1429
2017-02-23 15:43:45.054000 8726.65 3.31 63.803 38.672 66.527 4.356 16.5713 6.749 4.1236 4.6307 8.6612 14.8542 4.7227 20.4451 9.3564 10.171 12.9073745722 18.1493
2017-02-23 15:44:51.979000 8793.575 3.35 63.546 38.477 66.294 4.342 16.5554 6.7093 4.1084 4.6169 8.248 14.2747 4.6909 20.4181 8.5097 10.148 11.3378886463 18.1519
2017-02-23 15:45:59.109000 8860.705 3.453 63.299 38.206 66.07 4.327 16.5398 6.6693 4.0907 4.6019 7.871 13.7069 4.6579 20.3948 7.7192 10.123 12.0028318663 18.1509
2017-02-23 15:47:06.244000 8927.84 3.378 63.057 37.585 65.848 4.312 16.5237 6.629 4.0723 4.5872 7.527 13.1535 4.6255 20.366 7.0232 10.096 13.1364061137 18.1673
2017-02-23 15:48:13.457000 8995.053 3.324 62.823 37.571 65.633 4.298 16.5083 6.5897 4.0551 4.5727 7.2228 12.613 4.5948 20.3236 6.4963 10.069 11.0762539163 18.1666
2017-02-23 15:49:20.690000 9062.286 3.395 62.595 37.796 65.421 4.287 16.4946 6.5507 4.04 4.5603 6.9575 12.0932 4.5662 20.2767 6.1601 10.042 13.370436419 18.1862
2017-02-23 15:50:27.937000 9129.533 3.469 62.375 37.503 65.213 4.279 16.4822 6.5119 4.0293 4.5506 6.7283 11.582 4.5412 20.2465 5.9683 10.015 14.2624777781 18.1832
2017-02-23 15:51:35.224000 9196.82 3.339 62.163 37.015 65.011 4.273 16.4718 6.4737 4.0207 4.5429 6.5364 11.0826 4.5185 20.2114 5.8732 9.99 12.0028318663 18.1753
2017-02-23 15:52:42.457000 9264.053 3.316 61.953 37.062 64.81 4.268 16.4622 6.4356 4.0147 4.5378 6.375 10.5842 4.4971 20.1898 5.8312 9.966 13.3236303579 18.1802
2017-02-23 15:53:50.093000 9331.689 3.506 61.75 37.214 64.613 4.265 16.4527 6.3982 4.0103 4.5328 6.2411 10.0886 4.4771 20.1322 5.8215 9.942 11.1883830863 18.1705
2017-02-23 15:54:57.466000 9399.062 3.396 61.553 36.591 64.422 4.261 16.4435 6.3615 4.0068 4.5299 6.1295 9.5896 4.4577 20.102 5.8267 9.919 12.3811674 18.1786
2017-02-23 15:56:04.852000 9466.448 3.298 61.361 37.055 64.237 4.258 16.4345 6.3255 4.0041 4.5268 6.0358 9.1125 4.4387 20.0552 5.8409 9.896 12.5520994004 18.1838
2017-02-23 15:57:12.337000 9533.933 3.516 61.178 36.58 64.053 4.256 16.4255 6.2899 4.0016 4.5246 5.9542 8.658 4.4204 20.0259 5.8565 9.873 12.6853275898 18.1724
2017-02-23 15:58:19.779000 9601.375 3.299 60.997 36.646 63.877 4.254 16.4164 6.2548 3.9995 4.5222 5.8827 8.2379 4.4031 19.9747 5.8722 9.852 13.1364061137 18.1761
2017-02-23 15:59:27.269000 9668.865 3.446 60.824 36.712 63.705 4.251 16.4075 6.2202 3.9975 4.5205 5.822 7.8622 4.3851 19.9406 5.8874 9.831 13.0896000526 18.1914
2017-02-23 16:00:34.851000 9736.447 3.437 60.657 36.135 63.538 4.249 16.3985 6.1862 3.9955 4.5185 5.7678 7.5328 4.3686 19.9009 5.9005 9.809 11.7247942932 18.1875
2017-02-23 16:01:42.524000 9804.12 3.297 60.495 36.628 63.375 4.246 16.3889 6.1529 3.9937 4.517 5.7201 7.247 4.3517 19.8747 5.9136 9.789 12.5965087969 18.1871
2017-02-23 16:02:50.223000 9871.819 3.331 60.334 36.069 63.217 4.244 16.3804 6.1202 3.9915 4.5147 5.6776 7.0052 4.3358 19.8338 5.9253 9.767 13.806845153 18.1923
2017-02-23 16:03:57.919000 9939.515 3.313 60.18 36.568 63.063 4.241 16.3706 6.0877 3.9899 4.5133 5.6394 6.7994 4.3195 19.7937 5.9335 9.746 12.6853275898 18.1889
2017-02-23 16:05:05.572000 10007.168 3.517 60.033 36.027 62.915 4.239 16.362 6.0558 3.9872 4.5113 5.6051 6.6271 4.3045 19.7649 5.9422 9.726 12.9073745722 18.1767
2017-02-23 16:06:13.341000 10074.937 3.392 59.888 36.435 62.767 4.237 16.3528 6.0245 3.9856 4.51 5.5732 6.4808 4.2896 19.7296 5.9498 9.706 12.8629651757 18.1803
2017-02-23 16:07:21.243000 10142.839 3.3 59.745 36.136 62.624 4.235 16.3435 5.9929 3.9839 4.5088 5.5438 6.3544 4.2757 19.6684 5.9548 9.686 12.5076900039 18.1909
2017-02-23 16:08:29.089000 10210.685 3.466 59.608 36.163 62.486 4.232 16.3345 5.9609 3.9819 4.5066 5.5163 6.2451 4.2618 19.6413 5.9614 9.666 12.5520994004 18.1741
2017-02-23 16:09:37.044000 10278.64 3.295 59.473 36.196 62.349 4.23 16.3246 5.9291 3.9804 4.5053 5.4905 6.1496 4.2493 19.6182 5.9657 9.647 11.5660057632 18.1723
2017-02-23 16:10:45.007000 10346.603 3.342 59.343 35.599 62.218 4.229 16.3158 5.898 3.9782 4.5039 5.4662 6.065 4.2373 19.5691 5.9716 9.627 13.708369612 18.1668
2017-02-23 16:11:53.050000 10414.646 3.514 59.215 35.783 62.085 4.226 16.3068 5.8673 3.9769 4.5023 5.4433 5.9884 4.2257 19.5183 5.9753 9.609 12.0869064293 18.1699
2017-02-23 16:13:01.136000 10482.732 3.518 59.09 36.142 61.957 4.224 16.2968 5.8372 3.9753 4.5011 5.4214 5.9153 4.2147 19.4752 5.9795 9.591 12.5520994004 18.1727
2017-02-23 16:14:09.289000 10550.885 3.311 58.971 36.099 61.834 4.222 16.2881 5.8073 3.973 4.4998 5.4005 5.8482 4.2045 19.4402 5.9846 9.574 13.5606563005 18.1668
2017-02-23 16:15:17.442000 10619.038 3.318 58.853 35.583 61.714 4.219 16.2788 5.7781 3.9711 4.4975 5.38 5.7859 4.1946 19.402 5.9879 9.557 13.0427939915 18.1648
2017-02-23 16:16:25.704000 10687.3 3.319 58.741 35.535 61.597 4.217 16.2694 5.7488 3.9692 4.496 5.3605 5.7273 4.1849 19.3645 5.9901 9.54 12.7297369863 18.1486
2017-02-23 16:17:34.036000 10755.632 3.507 58.627 35.46 61.481 4.216 16.2594 5.7199 3.9678 4.4949 5.3417 5.6726 4.1761 19.3246 5.9945 9.523 11.5660057632 18.1543
2017-02-23 16:18:42.402000 10823.998 3.491 58.517 35.393 61.369 4.213 16.2506 5.6915 3.9657 4.4936 5.3237 5.6218 4.1678 19.2899 5.9974 9.506 11.4500178162 18.1533
2017-02-23 16:19:50.927000 10892.523 3.491 58.411 35.333 61.258 4.211 16.2415 5.664 3.9636 4.4916 5.3061 5.5737 4.1605 19.24 5.9995 9.49 12.297092837 18.1443
2017-02-23 16:20:59.382000 10960.978 3.471 58.307 35.3 61.148 4.209 16.2318 5.637 3.9621 4.49 5.2894 5.5282 4.154 19.2136 6.0034 9.476 13.51141853 18.1452
2017-02-23 16:22:07.844000 11029.44 3.446 58.208 35.236 61.043 4.207 16.2225 5.6107 3.9603 4.4888 5.2733 5.4854 4.1479 19.1629 6.0082 9.461 11.6454000282 18.1384
2017-02-23 16:23:16.292000 11097.888 3.447 58.108 35.21 60.941 4.205 16.2133 5.5844 3.9587 4.4872 5.2576 5.4452 4.1428 19.1197 6.0109 9.447 13.51141853 18.1469
2017-02-23 16:24:25.008000 11166.604 3.417 58.01 35.163 60.838 4.203 16.2031 5.5584 3.9569 4.4858 5.2427 5.4069 4.1378 19.086 6.0145 9.433 11.6454000282 18.1289
2017-02-23 16:25:33.504000 11235.1 3.418 57.915 35.102 60.738 4.201 16.1942 5.533 3.9549 4.4844 5.2282 5.3703 4.1334 19.0479 6.0173 9.419 11.3378886463 18.1332
2017-02-23 16:26:42.239000 11303.835 3.296 57.818 35.528 60.639 4.199 16.1848 5.508 3.9532 4.4828 5.2144 5.3357 4.1299 19.0118 6.0199 9.405 13.2768242969 18.1332
2017-02-23 16:27:50.929000 11372.525 3.295 57.724 35.559 60.545 4.197 16.1755 5.484 3.9515 4.4815 5.2007 5.3028 4.1266 18.9573 6.024 9.393 12.0869064293 18.1192
2017-02-23 16:28:59.668000 11441.264 3.44 57.634 35.649 60.451 4.194 16.166 5.4601 3.9497 4.4797 5.1876 5.2714 4.1227 18.9286 6.0266 9.38 12.5076900039 18.1146
2017-02-23 16:30:08.477000 11510.073 3.44 57.545 35.613 60.36 4.193 16.1562 5.4369 3.9484 4.4785 5.1746 5.2415 4.12 18.8817 6.0314 9.367 11.9232799557 18.1122
2017-02-23 16:31:17.247000 11578.843 3.463 57.455 35.051 60.266 4.191 16.147 5.4141 3.9469 4.4772 5.1622 5.213 4.1166 18.8429 6.0342 9.355 12.0448691478 18.1013
2017-02-23 16:32:25.999000 11647.595 3.304 57.366 35.028 60.176 4.188 16.1374 5.3914 3.945 4.4758 5.1502 5.1858 4.1133 18.8131 6.0386 9.343 13.3236303579 18.1095
2017-02-23 16:33:34.924000 11716.52 3.304 57.28 35.246 60.089 4.186 16.1279 5.3691 3.9435 4.4747 5.1384 5.1594 4.1112 18.7676 6.0424 9.33 11.3752650363 18.0952
2017-02-23 16:34:43.887000 11785.483 3.4 57.196 35.583 59.999 4.185 16.1183 5.3475 3.9421 4.4735 5.1272 5.1343 4.1091 18.7202 6.0469 9.317 12.2130182739 18.0824
2017-02-23 16:35:52.852000 11854.448 3.516 57.113 35.054 59.912 4.183 16.109 5.3261 3.9409 4.4723 5.1164 5.1104 4.106 18.6851 6.0512 9.305 13.51141853 18.0856
2017-02-23 16:37:01.849000 11923.445 3.317 57.03 35.061 59.827 4.181 16.0993 5.305 3.9391 4.4709 5.1058 5.0874 4.1035 18.6397 6.0565 9.293 11.7247942932 18.071
2017-02-23 16:38:10.904000 11992.5 3.329 56.952 35.548 59.743 4.178 16.0897 5.2843 3.9377 4.4697 5.0957 5.0654 4.1011 18.6097 6.0608 9.281 13.4172424801 18.0724
2017-02-23 16:39:20.271000 12061.867 3.348 56.87 34.86 59.662 4.176 16.0802 5.2639 3.9358 4.4679 5.0858 5.0442 4.0982 18.5649 6.0633 9.268 10.7909026101 18.0621
2017-02-23 16:40:29.566000 12131.162 3.47 56.794 35.329 59.581 4.174 16.0708 5.2436 3.9344 4.4667 5.0762 5.0238 4.096 18.5156 6.0688 9.257 12.1709809924 18.0631
2017-02-23 16:41:38.699000 12200.295 3.381 56.715 34.783 59.499 4.173 16.0612 5.2243 3.9326 4.4655 5.0671 5.0044 4.0943 18.4768 6.0751 9.245 11.8438856907 18.0547
2017-02-23 16:42:47.919000 12269.515 3.297 56.639 35.226 59.418 4.171 16.0517 5.2053 3.9316 4.4648 5.0582 4.9857 4.0922 18.4307 6.0784 9.234 11.8041885582 18.0594
2017-02-23 16:43:57.120000 12338.716 3.494 56.562 34.888 59.339 4.17 16.0419 5.1863 3.9303 4.4635 5.0495 4.9676 4.0903 18.4066 6.0837 9.223 12.9517839686 18.0431
2017-02-23 16:45:06.456000 12408.052 3.366 56.488 35.046 59.261 4.167 16.0325 5.1673 3.929 4.4627 5.0413 4.9501 4.0875 18.3425 6.0896 9.212 11.6057028957 18.0318
2017-02-23 16:46:15.912000 12477.508 3.518 56.416 34.951 59.186 4.166 16.0223 5.149 3.928 4.4616 5.0332 4.9333 4.0859 18.3019 6.0944 9.202 12.5076900039 18.0287
2017-02-23 16:47:25.294000 12546.89 3.299 56.344 35.278 59.105 4.164 16.0132 5.1309 3.9268 4.4602 5.0253 4.9171 4.0841 18.2662 6.0992 9.192 13.1364061137 18.0097
2017-02-23 16:48:34.800000 12616.396 3.403 56.269 34.659 59.032 4.163 16.0037 5.1134 3.9254 4.4593 5.0178 4.9014 4.0821 18.2307 6.1058 9.181 12.0028318663 18.0129
2017-02-23 16:49:44.219000 12685.815 3.423 56.197 35.329 58.958 4.161 15.9944 5.0956 3.9241 4.458 5.0105 4.8862 4.08 18.1965 6.1108 9.171 11.5660057632 18.0069
2017-02-23 16:50:53.705000 12755.301 3.312 56.131 34.887 58.882 4.159 15.9854 5.0783 3.9225 4.4569 5.0035 4.8715 4.0781 18.1452 6.1157 9.16 13.1364061137 18.0021
2017-02-23 16:52:03.055000 12824.651 3.519 56.059 34.902 58.81 4.158 15.9764 5.0617 3.9213 4.4561 4.9965 4.8573 4.0766 18.1089 6.1219 9.15 11.6454000282 17.9921
2017-02-23 16:53:12.666000 12894.262 3.309 55.991 35.285 58.739 4.156 15.9671 5.0447 3.92 4.4552 4.9898 4.8434 4.0735 18.0627 6.1271 9.14 11.3005122563 17.9868
2017-02-23 16:54:22.206000 12963.802 3.364 55.925 34.583 58.668 4.154 15.9577 5.0285 3.9186 4.4535 4.9831 4.8299 4.0719 18.0261 6.1327 9.129 12.3811674 17.9953
2017-02-23 16:55:31.799000 13033.395 3.46 55.857 35.166 58.598 4.153 15.9491 5.0127 3.9172 4.4527 4.9766 4.817 4.0703 17.9823 6.1399 9.119 11.5263086307 17.9733
2017-02-23 16:56:41.505000 13103.101 3.399 55.792 35.238 58.528 4.151 15.9399 4.9966 3.9159 4.4511 4.9704 4.8044 4.068 17.9452 6.145 9.109 11.5660057632 17.9751
2017-02-23 16:57:51.227000 13172.823 3.32 55.723 34.721 58.458 4.149 15.9307 4.9804 3.9144 4.4505 4.964 4.7922 4.0668 17.9009 6.151 9.099 12.3811674 17.9535
2017-02-23 16:59:00.910000 13242.506 3.352 55.659 34.898 58.389 4.148 15.9212 4.965 3.9135 4.4497 4.9582 4.7804 4.0648 17.8623 6.157 9.089 12.9961933651 17.9461
2017-02-23 17:00:10.925000 13312.521 3.41 55.592 35.04 58.32 4.147 15.9125 4.95 3.9128 4.4487 4.9525 4.7691 4.0638 17.8228 6.1623 9.08 12.8629651757 17.943
2017-02-23 17:01:20.865000 13382.461 3.497 55.528 35.174 58.253 4.145 15.9036 4.9346 3.9111 4.4476 4.9469 4.7582 4.0614 17.7865 6.1685 9.07 12.7741463827 17.9269
2017-02-23 17:02:30.482000 13452.078 3.348 55.464 35.198 58.186 4.144 15.8942 4.9195 3.9103 4.4469 4.9418 4.7475 4.0597 17.7397 6.1742 9.06 12.1289437109 17.9124
2017-02-23 17:03:40.458000 13522.054 3.304 55.404 35.117 58.118 4.142 15.8851 4.9052 3.9095 4.4458 4.9366 4.7373 4.0585 17.6934 6.1815 9.051 13.9545584646 17.9172
2017-02-23 17:04:50.619000 13592.215 3.3 55.339 34.921 58.053 4.14 15.876 4.8905 3.908 4.4445 4.9317 4.7271 4.0565 17.6529 6.1879 9.041 12.0028318663 17.911
2017-02-23 17:06:00.922000 13662.518 3.337 55.279 34.63 57.987 4.139 15.8662 4.8759 3.9068 4.4441 4.9268 4.7173 4.0547 17.6163 6.1942 9.032 13.905320694 17.9026
2017-02-23 17:07:11.099000 13732.695 3.305 55.217 35.067 57.92 4.138 15.8574 4.8617 3.9057 4.4429 4.9221 4.7078 4.0536 17.5728 6.2014 9.024 11.3378886463 17.8958
2017-02-23 17:08:21.369000 13802.965 3.429 55.157 34.915 57.855 4.137 15.8484 4.8473 3.9048 4.4421 4.9176 4.6985 4.0519 17.5331 6.2087 9.015 12.7297369863 17.8802
2017-02-23 17:09:31.605000 13873.201 3.356 55.096 35.13 57.791 4.135 15.839 4.834 3.9039 4.4412 4.9131 4.6895 4.0502 17.4859 6.2151 9.006 12.9961933651 17.865
2017-02-23 17:10:41.855000 13943.451 3.488 55.038 35.101 57.726 4.134 15.8299 4.82 3.9024 4.4401 4.909 4.6805 4.0488 17.4441 6.2225 8.997 11.3378886463 17.8594
2017-02-23 17:11:52.187000 14013.783 3.443 54.98 35.002 57.664 4.132 15.8199 4.8065 3.9017 4.4394 4.9047 4.6717 4.0469 17.4121 6.2298 8.988 11.9232799557 17.8597
2017-02-23 17:13:02.490000 14084.086 3.523 54.921 34.561 57.602 4.131 15.8114 4.7932 3.9005 4.4382 4.9007 4.6633 4.0458 17.3697 6.2366 8.979 11.8835828232 17.8397
2017-02-23 17:14:12.941000 14154.537 3.363 54.862 34.337 57.537 4.13 15.8016 4.7798 3.8996 4.438 4.8968 4.6551 4.0442 17.3286 6.2448 8.971 11.5660057632 17.8419
2017-02-23 17:15:23.568000 14225.164 3.305 54.808 34.776 57.474 4.128 15.7927 4.7668 3.8983 4.4365 4.893 4.6469 4.043 17.2957 6.2521 8.962 12.7297369863 17.8291
2017-02-23 17:16:33.914000 14295.51 3.325 54.75 35.066 57.415 4.127 15.7829 4.7538 3.8973 4.4362 4.8893 4.6391 4.0413 17.2512 6.2589 8.953 13.1832121747 17.8221
2017-02-23 17:17:44.276000 14365.872 3.3 54.696 34.937 57.355 4.126 15.7743 4.741 3.8962 4.435 4.8855 4.6313 4.0399 17.2036 6.2679 8.945 11.5263086307 17.7992
2017-02-23 17:18:54.608000 14436.204 3.415 54.64 34.997 57.294 4.124 15.765 4.7283 3.8952 4.4345 4.8821 4.6238 4.0383 17.1619 6.2753 8.936 13.1364061137 17.7966
2017-02-23 17:20:05.111000 14506.707 3.512 54.584 34.66 57.235 4.123 15.7555 4.716 3.8939 4.4332 4.8786 4.6163 4.0366 17.1326 6.2836 8.928 12.5965087969 17.7816
2017-02-23 17:21:15.980000 14577.576 3.304 54.532 34.743 57.177 4.121 15.7458 4.7035 3.8927 4.4326 4.8752 4.609 4.0352 17.084 6.2922 8.919 11.8041885582 17.7802
2017-02-23 17:22:26.483000 14648.079 3.344 54.479 35.02 57.12 4.12 15.7371 4.6914 3.8918 4.431 4.8719 4.6019 4.0336 17.045 6.2985 8.911 13.6591318415 17.7694
2017-02-23 17:23:37.185000 14718.781 3.472 54.425 34.824 57.062 4.118 15.7271 4.6792 3.8906 4.4303 4.8686 4.5949 4.0316 17.0064 6.307 8.903 10.9312402596 17.7585
2017-02-23 17:24:47.704000 14789.3 3.517 54.371 34.513 57.003 4.117 15.7185 4.6673 3.8894 4.4292 4.8655 4.5879 4.0303 16.9575 6.3148 8.895 13.8560829235 17.7426
2017-02-23 17:25:58.504000 14860.1 3.3 54.32 34.799 56.949 4.116 15.7089 4.6554 3.8887 4.4287 4.8625 4.5813 4.0299 16.9185 6.3245 8.887 12.8629651757 17.7383
2017-02-23 17:27:09.446000 14931.042 3.522 54.266 34.441 56.89 4.115 15.6995 4.6433 3.8875 4.4277 4.8595 4.5748 4.0278 16.8814 6.3314 8.879 11.1510066963 17.7316
2017-02-23 17:28:20.399000 15001.995 3.3 54.214 34.777 56.836 4.113 15.6903 4.6319 3.8863 4.4265 4.8566 4.5681 4.0263 16.8448 6.3401 8.871 11.5660057632 17.727
2017-02-23 17:29:31.142000 15072.738 3.39 54.163 34.943 56.78 4.112 15.6803 4.6206 3.8855 4.4261 4.8538 4.5619 4.0252 16.7984 6.3481 8.863 11.8438856907 17.7125
2017-02-23 17:30:42.277000 15143.873 3.3 54.115 34.171 56.725 4.111 15.6714 4.6094 3.8839 4.4251 4.8512 4.5557 4.0234 16.7654 6.3573 8.855 11.5263086307 17.7043
2017-02-23 17:31:53.305000 15214.901 3.516 54.064 34.894 56.671 4.109 15.6621 4.5981 3.8828 4.424 4.8484 4.5496 4.0218 16.7268 6.3665 8.847 11.7247942932 17.6952
2017-02-23 17:33:04.220000 15285.816 3.348 54.017 34.178 56.614 4.108 15.6521 4.5869 3.8822 4.4233 4.8457 4.5435 4.0205 16.686 6.3768 8.839 12.4232046816 17.6658
2017-02-23 17:34:15.267000 15356.863 3.502 53.965 34.869 56.564 4.107 15.6432 4.5759 3.8807 4.4225 4.8432 4.5377 4.0194 16.6483 6.3856 8.832 11.9629770882 17.6584
2017-02-23 17:35:26.080000 15427.676 3.333 53.918 34.238 56.512 4.106 15.6338 4.5654 3.8802 4.4218 4.8409 4.5323 4.0183 16.6148 6.3954 8.825 12.2550555554 17.6533
2017-02-23 17:36:36.976000 15498.572 3.447 53.87 34.819 56.459 4.104 15.6238 4.5543 3.8791 4.4211 4.8386 4.5267 4.0167 16.5672 6.4055 8.817 11.7247942932 17.6261
2017-02-23 17:37:48.089000 15569.685 3.329 53.824 34.247 56.409 4.103 15.6152 4.5437 3.8773 4.4197 4.8362 4.5211 4.0143 16.5283 6.414 8.809 13.0896000526 17.6308
2017-02-23 17:38:59.161000 15640.757 3.459 53.778 34.758 56.359 4.102 15.6055 4.5335 3.8766 4.419 4.8338 4.5156 4.0135 16.4823 6.4254 8.802 11.2631358663 17.6086
2017-02-23 17:40:10.264000 15711.86 3.319 53.732 34.817 56.307 4.101 15.5956 4.5228 3.8759 4.4183 4.8317 4.5105 4.0125 16.4282 6.4336 8.795 11.4873942062 17.6079
2017-02-23 17:41:21.402000 15782.998 3.443 53.684 34.134 56.253 4.1 15.5865 4.5124 3.8749 4.4175 4.8296 4.5055 4.0119 16.4057 6.4451 8.789 12.3391301185 17.5938
2017-02-23 17:42:32.465000 15854.061 3.333 53.639 34.848 56.206 4.099 15.5769 4.5026 3.8743 4.4165 4.8275 4.5007 4.0104 16.359 6.4558 8.782 11.5660057632 17.5797
2017-02-23 17:43:43.728000 15925.324 3.302 53.593 34.524 56.156 4.098 15.5675 4.4928 3.8738 4.4164 4.8258 4.4959 4.0098 16.319 6.4659 8.776 10.8610714349 17.5652
2017-02-23 17:45:09.966000 16011.562 3.514 53.537 34.435 56.097 4.097 15.5554 4.4801 3.873 4.4162 4.8236 4.4903 4.0087 16.279 6.4781 8.768 13.2300182358 17.5579
2017-02-23 17:46:21.456000 16083.052 3.423 53.494 34.776 56.053 4.095 15.5466 4.4702 3.8716 4.4149 4.822 4.4855 4.0065 16.2503 6.49 8.761 11.6454000282 17.5369
2017-02-23 17:47:32.815000 16154.411 3.306 53.451 34.75 56.003 4.095 15.537 4.4609 3.8711 4.4141 4.8203 4.4809 4.0061 16.1904 6.5 8.754 13.370436419 17.5215
2017-02-23 17:48:44.194000 16225.79 3.314 53.407 34.35 55.955 4.094 15.5274 4.4514 3.8704 4.4137 4.8187 4.4763 4.005 16.1594 6.5098 8.747 10.7558181977 17.5067
2017-02-23 17:49:55.687000 16297.283 3.379 53.363 34.014 55.909 4.093 15.5179 4.4419 3.8696 4.4129 4.817 4.4719 4.004 16.1157 6.5225 8.74 10.966324672 17.4962
2017-02-23 17:51:07.076000 16368.672 3.359 53.321 34.783 55.862 4.093 15.5079 4.4322 3.8689 4.4127 4.8156 4.4677 4.0033 16.0815 6.5321 8.734 11.6454000282 17.495
2017-02-23 17:52:18.433000 16440.029 3.301 53.275 34.598 55.815 4.092 15.4987 4.4228 3.8682 4.4119 4.8142 4.4636 4.0025 16.0453 6.5442 8.727 12.1289437109 17.4756
2017-02-23 17:53:29.977000 16511.573 3.358 53.235 34.004 55.772 4.09 15.4895 4.4138 3.8673 4.4112 4.813 4.4595 4.0017 16.0087 6.5565 8.72 11.3378886463 17.4539
2017-02-23 17:54:41.583000 16583.179 3.515 53.194 34.141 55.725 4.089 15.48 4.4048 3.8667 4.4105 4.8116 4.4554 4.0002 15.9654 6.5673 8.713 12.0028318663 17.4513
2017-02-23 17:55:53.095000 16654.691 3.386 53.153 34.531 55.679 4.089 15.4701 4.3961 3.866 4.41 4.8103 4.4513 3.9993 15.9252 6.5779 8.706 12.0028318663 17.439
2017-02-23 17:57:04.835000 16726.431 3.521 53.117 34.236 55.638 4.087 15.4605 4.3872 3.8651 4.4093 4.809 4.4474 3.9979 15.8848 6.5908 8.7 12.9517839686 17.426
2017-02-23 17:58:16.564000 16798.16 3.469 53.075 34.658 55.596 4.086 15.4507 4.378 3.8642 4.4086 4.8078 4.4435 3.9968 15.8546 6.6025 8.693 12.4232046816 17.4108
2017-02-23 17:59:28.603000 16870.199 3.354 53.037 33.984 55.553 4.084 15.4412 4.3692 3.8629 4.4075 4.8065 4.4394 3.995 15.8189 6.6154 8.686 11.5263086307 17.4005
2017-02-23 18:00:40.314000 16941.91 3.519 53.0 34.185 55.513 4.083 15.4312 4.3605 3.8619 4.4066 4.8052 4.4353 3.9937 15.7754 6.6278 8.68 11.4500178162 17.3866
2017-02-23 18:01:52.061000 17013.657 3.458 52.958 34.574 55.468 4.083 15.4215 4.3517 3.8613 4.4066 4.8029 4.4319 3.9932 15.7383 6.6396 8.674 13.2300182358 17.369
2017-02-23 18:03:04.030000 17085.626 3.36 52.92 34.393 55.425 4.082 15.4122 4.3433 3.8607 4.4062 4.803 4.4283 3.9923 15.7006 6.6526 8.668 10.5803961359 17.3605
2017-02-23 18:04:15.960000 17157.556 3.522 52.883 34.202 55.386 4.081 15.4026 4.3349 3.86 4.4054 4.8019 4.4248 3.9914 15.6583 6.6674 8.662 12.8629651757 17.3412
2017-02-23 18:05:27.932000 17229.528 3.447 52.846 33.985 55.345 4.081 15.3932 4.3267 3.8595 4.405 4.8009 4.4214 3.9909 15.6256 6.6818 8.656 11.7644914257 17.3414
2017-02-23 18:06:39.925000 17301.521 3.367 52.81 33.909 55.301 4.079 15.3834 4.3185 3.8584 4.4043 4.8001 4.4179 3.9894 15.5875 6.6935 8.65 11.8041885582 17.319
2017-02-23 18:07:51.823000 17373.419 3.326 52.775 34.066 55.263 4.078 15.3736 4.3105 3.8576 4.4035 4.7991 4.4145 3.9882 15.5485 6.7064 8.644 12.4652419631 17.3076
2017-02-23 18:09:03.919000 17445.515 3.303 52.739 34.317 55.227 4.077 15.3639 4.3026 3.8565 4.4027 4.7981 4.4109 3.987 15.5131 6.7208 8.638 11.4126414263 17.2973
2017-02-23 18:10:16.095000 17517.691 3.457 52.704 34.571 55.188 4.076 15.3536 4.2945 3.8556 4.402 4.7972 4.4076 3.9858 15.475 6.7338 8.632 11.3378886463 17.2786
2017-02-23 18:11:28.594000 17590.19 3.358 52.667 33.903 55.15 4.075 15.3438 4.2868 3.855 4.401 4.7963 4.4043 3.9846 15.4349 6.7471 8.626 12.8629651757 17.2704
2017-02-23 18:12:40.754000 17662.35 3.329 52.633 34.057 55.111 4.075 15.3346 4.2792 3.8544 4.4006 4.7953 4.401 3.9847 15.4026 6.7605 8.621 11.3378886463 17.2465
2017-02-23 18:13:53.096000 17734.692 3.403 52.598 34.651 55.074 4.074 15.3251 4.2715 3.8539 4.4002 4.7947 4.3981 3.984 15.3609 6.7745 8.616 12.0448691478 17.2492
2017-02-23 18:15:05.452000 17807.048 3.454 52.563 34.557 55.034 4.073 15.3151 4.2636 3.8531 4.3996 4.7938 4.395 3.9827 15.3227 6.7876 8.611 12.1709809924 17.2198
2017-02-23 18:16:17.882000 17879.478 3.362 52.529 33.885 54.998 4.072 15.3055 4.256 3.8524 4.3986 4.7934 4.392 3.9819 15.2896 6.8027 8.606 11.5263086307 17.2133
2017-02-23 18:17:30.160000 17951.756 3.326 52.496 34.648 54.962 4.072 15.2957 4.2485 3.8516 4.3986 4.7928 4.3891 3.9815 15.2523 6.8176 8.601 11.9232799557 17.1974
2017-02-23 18:18:42.667000 18024.263 3.517 52.461 34.068 54.925 4.072 15.2859 4.2408 3.8515 4.3983 4.7922 4.3863 3.9807 15.2156 6.8316 8.596 12.3811674 17.1873
2017-02-23 18:19:55.088000 18096.684 3.301 52.427 34.342 54.887 4.07 15.2756 4.2337 3.8511 4.3982 4.7918 4.3837 3.9799 15.1852 6.8464 8.59 11.4873942062 17.1742
2017-02-23 18:21:07.594000 18169.19 3.482 52.397 34.393 54.852 4.07 15.266 4.2268 3.8506 4.3974 4.7913 4.3807 3.9793 15.145 6.8622 8.585 11.1136303063 17.155
2017-02-23 18:22:20.157000 18241.753 3.344 52.365 33.884 54.817 4.069 15.2565 4.22 3.8496 4.3968 4.7907 4.378 3.9776 15.1142 6.877 8.58 11.7247942932 17.1335
2017-02-23 18:23:33.099000 18314.695 3.515 52.332 34.188 54.783 4.068 15.2466 4.2125 3.8484 4.3957 4.7903 4.3751 3.9772 15.0762 6.8906 8.574 12.3391301185 17.1266
2017-02-23 18:24:45.805000 18387.401 3.317 52.298 34.044 54.749 4.066 15.2366 4.2054 3.8478 4.3954 4.7897 4.3722 3.9756 15.037 6.9087 8.569 12.0028318663 17.1137
2017-02-23 18:25:58.529000 18460.125 3.501 52.271 33.981 54.715 4.065 15.2262 4.1987 3.8471 4.3944 4.7892 4.3693 3.9746 15.0057 6.9226 8.563 12.0448691478 17.0969
2017-02-23 18:27:11.223000 18532.819 3.3 52.239 34.261 54.68 4.064 15.2169 4.192 3.846 4.3935 4.7882 4.3665 3.9734 14.9688 6.9371 8.558 11.8835828232 17.0678
2017-02-23 18:28:23.859000 18605.455 3.444 52.206 34.515 54.646 4.065 15.2071 4.1849 3.8455 4.3931 4.7881 4.3639 3.9736 14.9345 6.9566 8.553 11.8438856907 17.071
2017-02-23 18:29:36.701000 18678.297 3.3 52.172 34.397 54.612 4.065 15.1971 4.1779 3.8457 4.3934 4.7879 4.3619 3.9736 14.903 6.9726 8.549 11.9629770882 17.0539
2017-02-23 18:30:49.481000 18751.077 3.371 52.143 34.284 54.575 4.064 15.187 4.1715 3.8456 4.3932 4.7877 4.3595 3.9726 14.8624 6.9882 8.544 12.0869064293 17.0235
2017-02-23 18:32:02.353000 18823.949 3.311 52.111 34.537 54.541 4.063 15.1777 4.1653 3.845 4.3927 4.7873 4.3573 3.9722 14.8299 7.0063 8.54 11.1883830863 17.0105
2017-02-23 18:33:15.223000 18896.819 3.335 52.079 33.869 54.509 4.062 15.1678 4.1584 3.8438 4.392 4.787 4.3548 3.9706 14.7902 7.0221 8.535 11.1883830863 16.9987
2017-02-23 18:34:28.095000 18969.691 3.521 52.05 34.05 54.475 4.062 15.1578 4.1518 3.8434 4.392 4.7868 4.3525 3.9705 14.7527 7.039 8.53 12.0448691478 17.0038
2017-02-23 18:35:41.414000 19043.01 3.366 52.018 34.562 54.441 4.06 15.1477 4.1457 3.8429 4.3911 4.7865 4.3502 3.9693 14.7244 7.0558 8.525 11.2631358663 16.9718
2017-02-23 18:36:54.553000 19116.149 3.396 51.989 34.554 54.409 4.06 15.1381 4.1394 3.8421 4.3907 4.7862 4.3478 3.9686 14.6909 7.072 8.52 11.8438856907 16.9543
2017-02-23 18:38:07.688000 19189.284 3.304 51.959 34.175 54.376 4.06 15.1273 4.1331 3.8421 4.3901 4.786 4.3457 3.9682 14.6643 7.0906 8.516 12.297092837 16.9436
2017-02-23 18:39:20.735000 19262.331 3.412 51.928 33.735 54.341 4.059 15.1179 4.127 3.8415 4.3896 4.7858 4.3434 3.9675 14.6221 7.1076 8.511 13.4640485411 16.9352
2017-02-23 18:40:33.874000 19335.47 3.384 51.898 34.286 54.31 4.058 15.1079 4.1206 3.8407 4.3897 4.7857 4.3414 3.9669 14.5918 7.1238 8.506 12.8185557792 16.9163
2017-02-23 18:41:47.196000 19408.792 3.485 51.866 34.212 54.279 4.057 15.0979 4.1153 3.84 4.3887 4.7854 4.3391 3.9655 14.5545 7.1418 8.501 12.2130182739 16.9042
2017-02-23 18:43:00.356000 19481.952 3.499 51.836 34.484 54.244 4.057 15.0882 4.109 3.8391 4.3883 4.7851 4.3369 3.9651 14.5221 7.1582 8.497 11.3752650363 16.8877
2017-02-23 18:44:13.714000 19555.31 3.315 51.805 34.499 54.212 4.056 15.0775 4.1031 3.8391 4.3878 4.7848 4.3348 3.9637 14.4897 7.1771 8.492 10.2471204638 16.8725
2017-02-23 18:45:27.067000 19628.663 3.328 51.775 34.489 54.179 4.055 15.068 4.0972 3.8379 4.3869 4.7846 4.3326 3.9631 14.4583 7.1931 8.488 11.7247942932 16.8461
2017-02-23 18:46:40.722000 19702.318 3.305 51.744 34.403 54.148 4.053 15.0575 4.0913 3.8372 4.3865 4.7842 4.3303 3.9617 14.4304 7.2106 8.483 12.5965087969 16.8296
2017-02-23 18:47:54.142000 19775.738 3.302 51.715 34.413 54.116 4.053 15.0479 4.0854 3.8367 4.3859 4.784 4.3283 3.9615 14.3903 7.2289 8.479 12.7741463827 16.8145
2017-02-23 18:49:07.674000 19849.27 3.307 51.684 34.415 54.085 4.052 15.0371 4.0797 3.8363 4.3856 4.7837 4.3263 3.9604 14.3636 7.2468 8.474 10.0174832977 16.8001
2017-02-23 18:50:21.170000 19922.766 3.303 51.656 34.362 54.051 4.052 15.0276 4.0739 3.8349 4.3844 4.7835 4.3242 3.9598 14.3299 7.2632 8.47 12.0028318663 16.7941
2017-02-23 18:51:34.715000 19996.311 3.303 51.626 34.384 54.019 4.05 15.0171 4.0682 3.8347 4.3843 4.7831 4.3222 3.9584 14.2986 7.2841 8.466 12.8185557792 16.7806
2017-02-23 18:52:48.172000 20069.768 3.306 51.594 34.406 53.988 4.05 15.0074 4.0626 3.8337 4.3836 4.7828 4.3202 3.9585 14.2636 7.3038 8.462 11.0762539163 16.7618
2017-02-23 18:54:01.747000 20143.343 3.314 51.562 34.407 53.955 4.05 14.9973 4.0572 3.8341 4.3837 4.7826 4.3185 3.9584 14.2317 7.3234 8.458 10.6505649606 16.7527
2017-02-23 18:55:15.400000 20216.996 3.491 51.532 34.173 53.921 4.05 14.9882 4.0517 3.8338 4.3838 4.7826 4.317 3.9581 14.2079 7.3432 8.454 12.4232046816 16.7232
2017-02-23 18:56:29.105000 20290.701 3.493 51.504 34.169 53.889 4.046 14.9786 4.0467 3.8335 4.3832 4.7825 4.3153 3.9568 14.1696 7.3596 8.45 11.7247942932 16.7036
2017-02-23 18:57:43.318000 20364.914 3.299 51.473 33.641 53.858 4.048 14.9684 4.041 3.8327 4.3829 4.7823 4.3136 3.9566 14.1379 7.3817 8.446 12.5520994004 16.7001
2017-02-23 18:58:57.137000 20438.733 3.301 51.442 34.22 53.825 4.049 14.9596 4.0357 3.8324 4.3822 4.782 4.3118 3.9568 14.1126 7.3998 8.443 11.2631358663 16.6747
2017-02-23 19:00:10.969000 20512.565 3.468 51.414 34.268 53.793 4.048 14.9497 4.0309 3.8326 4.3824 4.782 4.3104 3.9559 14.0838 7.4209 8.439 11.6850971607 16.6668
2017-02-23 19:01:24.822000 20586.418 3.421 51.385 33.661 53.761 4.047 14.9402 4.0251 3.8317 4.382 4.7819 4.3087 3.9549 14.056 7.4392 8.435 10.3783417015 16.6452
2017-02-23 19:02:38.697000 20660.293 3.391 51.357 33.624 53.73 4.046 14.9305 4.0203 3.831 4.3812 4.7817 4.3068 3.9539 14.025 7.4584 8.431 11.8438856907 16.6402
2017-02-23 19:03:52.707000 20734.303 3.436 51.328 34.119 53.7 4.046 14.9209 4.0153 3.8305 4.3808 4.7813 4.3051 3.9534 13.9953 7.4799 8.428 12.7297369863 16.6202
2017-02-23 19:05:06.759000 20808.355 3.49 51.297 33.761 53.67 4.045 14.9114 4.01 3.8295 4.3802 4.7812 4.3034 3.9526 13.9612 7.5 8.424 11.8835828232 16.5911
2017-02-23 19:06:20.802000 20882.398 3.313 51.269 33.934 53.637 4.044 14.9019 4.0053 3.8292 4.3795 4.7809 4.3017 3.9519 13.9338 7.5179 8.42 11.3752650363 16.5878
2017-02-23 19:07:35.305000 20956.901 3.522 51.238 33.882 53.606 4.044 14.892 4.0008 3.829 4.3796 4.7807 4.2997 3.9521 13.9017 7.5385 8.417 10.0174832977 16.5632
2017-02-23 19:08:49.486000 21031.082 3.338 51.211 33.709 53.576 4.043 14.8821 3.9955 3.8287 4.3795 4.7806 4.2987 3.9511 13.8753 7.559 8.413 11.3752650363 16.5427
2017-02-23 19:10:03.603000 21105.199 3.312 51.182 34.359 53.546 4.043 14.8732 3.9907 3.8277 4.3788 4.7805 4.2972 3.9506 13.8534 7.5777 8.409 12.2550555554 16.5236
2017-02-23 19:11:17.995000 21179.591 3.378 51.154 33.564 53.515 4.043 14.8632 3.9857 3.8277 4.3783 4.7801 4.2957 3.9502 13.8207 7.5987 8.406 11.4126414263 16.5242
2017-02-23 19:12:32.204000 21253.8 3.458 51.122 34.256 53.482 4.043 14.8535 3.9814 3.8276 4.3785 4.78 4.2945 3.9501 13.7951 7.6183 8.402 11.0015011364 16.5081
2017-02-23 19:13:46.501000 21328.097 3.449 51.095 33.63 53.453 4.041 14.8435 3.9763 3.8271 4.3782 4.78 4.293 3.949 13.7611 7.6405 8.399 11.4500178162 16.4913
2017-02-23 19:15:00.946000 21402.542 3.405 51.069 34.345 53.423 4.041 14.8342 3.9713 3.8264 4.3775 4.7797 4.2914 3.9487 13.742 7.6617 8.395 11.8438856907 16.4696
2017-02-23 19:16:15.402000 21476.998 3.32 51.042 33.756 53.394 4.04 14.8245 3.967 3.8255 4.3768 4.7795 4.2898 3.9474 13.7097 7.6814 8.39 12.5965087969 16.4434
2017-02-23 19:17:30.114000 21551.71 3.343 51.014 33.908 53.364 4.039 14.8147 3.9625 3.8249 4.3762 4.7791 4.2883 3.9466 13.6771 7.7034 8.386 12.0448691478 16.4315
2017-02-23 19:18:44.700000 21626.296 3.481 50.985 34.112 53.334 4.039 14.805 3.9578 3.8242 4.3758 4.7788 4.2866 3.9457 13.6522 7.7262 8.382 11.8438856907 16.413
2017-02-23 19:19:59.267000 21700.863 3.299 50.957 34.043 53.304 4.037 14.7952 3.9536 3.8234 4.3752 4.7784 4.285 3.9444 13.6244 7.745 8.378 10.3783417015 16.3932
2017-02-23 19:21:13.858000 21775.454 3.507 50.928 33.72 53.274 4.037 14.7852 3.9487 3.8231 4.3747 4.7779 4.2836 3.9442 13.5981 7.7659 8.374 11.3005122563 16.3865
2017-02-23 19:22:28.406000 21850.002 3.344 50.902 34.329 53.243 4.037 14.7753 3.9443 3.8226 4.3749 4.7777 4.2823 3.9442 13.5744 7.7864 8.371 11.2257594763 16.3593
2017-02-23 19:23:43.019000 21924.615 3.348 50.872 33.559 53.214 4.036 14.7659 3.9397 3.8228 4.3749 4.7776 4.2812 3.9435 13.5422 7.8098 8.367 10.3783417015 16.3513
2017-02-23 19:24:57.691000 21999.287 3.404 50.848 33.517 53.188 4.036 14.7564 3.9357 3.8218 4.374 4.7774 4.2799 3.9428 13.5218 7.8292 8.363 11.2257594763 16.3374
2017-02-23 19:26:12.447000 22074.043 3.371 50.824 34.315 53.159 4.035 14.7466 3.9314 3.821 4.3733 4.777 4.2784 3.9421 13.4927 7.8514 8.359 11.9232799557 16.3137
2017-02-23 19:27:27.561000 22149.157 3.307 50.794 34.239 53.13 4.035 14.7369 3.927 3.8206 4.373 4.7767 4.2771 3.9416 13.4712 7.8738 8.355 11.9232799557 16.3073
2017-02-23 19:28:42.259000 22223.855 3.3 50.768 34.04 53.103 4.034 14.7269 3.9229 3.8207 4.3726 4.7765 4.2753 3.9411 13.4398 7.8931 8.352 10.8961558472 16.2875
2017-02-23 19:29:57.112000 22298.708 3.312 50.742 33.848 53.073 4.034 14.7171 3.9189 3.8203 4.3722 4.7762 4.2747 3.9407 13.4168 7.9132 8.348 11.9629770882 16.2632
2017-02-23 19:31:11.961000 22373.557 3.522 50.716 33.766 53.046 4.034 14.7074 3.9147 3.8201 4.372 4.7758 4.2735 3.9407 13.3965 7.9351 8.344 12.0869064293 16.2474
2017-02-23 19:32:26.903000 22448.499 3.498 50.689 33.968 53.018 4.033 14.6974 3.9107 3.8198 4.3717 4.7755 4.2724 3.9398 13.3689 7.9588 8.341 12.4652419631 16.2274
2017-02-23 19:33:41.998000 22523.594 3.447 50.665 34.21 52.991 4.03 14.6877 3.9067 3.8189 4.371 4.7751 4.2711 3.9391 13.3513 7.9814 8.337 10.4767576298 16.2201
2017-02-23 19:34:56.924000 22598.52 3.352 50.64 34.289 52.963 4.031 14.6777 3.9027 3.8187 4.3709 4.7748 4.27 3.9384 13.3251 8.0013 8.334 11.3378886463 16.2038
2017-02-23 19:36:11.847000 22673.443 3.313 50.612 34.222 52.936 4.031 14.668 3.8987 3.8181 4.3704 4.7744 4.2687 3.9376 13.3039 8.0232 8.33 10.7909026101 16.188
2017-02-23 19:37:27.209000 22748.805 3.446 50.588 34.206 52.909 4.031 14.658 3.8948 3.8179 4.3703 4.7739 4.2675 3.9371 13.2748 8.0472 8.327 11.5263086307 16.172
2017-02-23 19:38:42.302000 22823.898 3.397 50.565 34.261 52.881 4.03 14.6479 3.8907 3.817 4.3696 4.7736 4.2664 3.9366 13.2524 8.0715 8.323 10.8961558472 16.1454
2017-02-23 19:39:57.373000 22898.969 3.312 50.54 34.202 52.855 4.029 14.6384 3.8867 3.8161 4.3691 4.773 4.2651 3.9355 13.23 8.0917 8.319 10.8259870225 16.1313
2017-02-23 19:41:12.603000 22974.199 3.455 50.515 34.149 52.828 4.028 14.6284 3.8829 3.8156 4.3689 4.7724 4.2638 3.935 13.208 8.1144 8.315 11.9232799557 16.1086
2017-02-23 19:42:27.886000 23049.482 3.333 50.492 34.249 52.804 4.027 14.6186 3.8787 3.8147 4.3681 4.772 4.2624 3.9337 13.1884 8.1361 8.312 12.2550555554 16.1
2017-02-23 19:43:43.115000 23124.711 3.465 50.47 34.086 52.779 3.888 14.6085 3.8749 3.8141 4.3679 4.7713 4.261 3.9333 13.1668 8.1569 8.308 12.9517839686 16.0819
2017-02-23 19:44:58.404000 23200.0 3.43 50.442 34.212 52.753 4.026 14.5982 3.8711 3.8141 4.3678 4.7706 4.26 3.9331 13.1433 8.1791 8.304 10.0174832977 16.0585
2017-02-23 19:46:14.285000 23275.881 3.336 50.42 33.515 52.728 4.025 14.5885 3.8679 3.8133 4.3667 4.7699 4.2587 3.9317 13.1169 8.2019 8.301 10.5803961359 16.05
2017-02-23 19:47:29.872000 23351.468 3.299 50.399 33.902 52.703 4.019 14.5787 3.8639 3.8121 4.366 4.7687 4.2573 3.9311 13.0964 8.2262 8.297 10.2471204638 16.0278
2017-02-23 19:48:45.291000 23426.887 3.343 50.376 34.223 52.677 4.024 14.5686 3.86 3.8118 4.3655 4.7676 4.2561 3.9311 13.0731 8.2488 8.294 11.8835828232 16.0161
2017-02-23 19:50:00.777000 23502.373 3.482 50.351 33.987 52.654 4.025 14.5588 3.8564 3.8121 4.3659 4.7666 4.2554 3.9312 13.0539 8.2744 8.291 12.2550555554 15.9957
2017-02-23 19:51:16.396000 23577.992 3.491 50.331 33.562 52.629 4.024 14.5489 3.8526 3.812 4.3662 4.7654 4.2547 3.9307 13.0378 8.2977 8.287 11.3752650363 15.9732
2017-02-23 19:52:32.016000 23653.612 3.307 50.307 34.132 52.605 4.023 14.5387 3.8493 3.8116 4.3653 4.764 4.2535 3.9301 13.0113 8.3221 8.284 10.685649373 15.9591
2017-02-23 19:53:47.668000 23729.264 3.436 50.286 34.166 52.582 4.023 14.5289 3.8462 3.8112 4.3651 4.7622 4.2524 3.9297 12.991 8.3435 8.281 10.1815098449 15.9514
2017-02-23 19:55:03.700000 23805.296 3.343 50.263 33.442 52.558 4.022 14.5187 3.8422 3.8105 4.3648 4.76 4.2513 3.9292 12.9742 8.3703 8.277 12.3811674 15.9356
2017-02-23 19:56:19.399000 23880.995 3.301 50.241 33.884 52.534 4.023 14.5087 3.8385 3.8105 4.3649 4.7574 4.2505 3.9296 12.9481 8.3931 8.275 12.0869064293 15.9209
2017-02-23 19:57:35.248000 23956.844 3.52 50.218 33.731 52.509 4.022 14.4988 3.8359 3.8107 4.3646 4.7543 4.2499 3.9287 12.933 8.4197 8.272 10.3127310827 15.8984
2017-02-23 19:58:51.031000 24032.627 3.3 50.197 33.965 52.486 4.022 14.4894 3.8321 3.8104 4.364 4.75 4.2488 3.9289 12.9063 8.4457 8.269 10.1815098449 15.8935
2017-02-23 20:00:06.837000 24108.433 3.364 50.178 34.2 52.463 4.021 14.4797 3.8288 3.8094 4.3639 4.7443 4.2479 3.9281 12.8953 8.4705 8.265 10.966324672 15.8642
2017-02-23 20:01:22.745000 24184.341 3.385 50.155 33.369 52.442 4.02 14.4696 3.8255 3.8093 4.3634 4.736 4.2467 3.9266 12.8753 8.4978 8.262 11.3378886463 15.8452
2017-02-23 20:02:38.698000 24260.294 3.357 50.136 34.195 52.421 4.019 14.4604 3.8227 3.8088 4.3629 4.7246 4.2453 3.9264 12.8557 8.5309 8.259 11.1883830863 15.8374
2017-02-23 20:03:55.088000 24336.684 3.299 50.117 33.938 52.399 4.019 14.4509 3.8187 3.8076 4.3623 4.7154 4.2441 3.9254 12.8347 8.5574 8.256 10.6154805482 15.8117
2017-02-23 20:05:11.046000 24412.642 3.519 50.098 33.664 52.378 4.018 14.4409 3.8157 3.8073 4.3617 4.7123 4.243 3.9248 12.8201 8.5872 8.253 9.92462406571 15.7801
2017-02-23 20:06:27.096000 24488.692 3.299 50.076 33.95 52.356 4.018 14.4315 3.8123 3.8066 4.3613 4.7129 4.242 3.9247 12.8011 8.6136 8.25 10.9312402596 15.7835
2017-02-23 20:07:43.144000 24564.74 3.52 50.059 33.669 52.335 4.015 14.4219 3.8089 3.8066 4.3612 4.7154 4.2413 3.9237 12.7838 8.6394 8.247 11.4873942062 15.7663
2017-02-23 20:08:59.323000 24640.919 3.459 50.036 34.005 52.314 4.017 14.4123 3.8065 3.806 4.3609 4.7197 4.2405 3.9235 12.7561 8.6634 8.244 12.1289437109 15.7522
2017-02-23 20:10:15.386000 24716.982 3.326 50.018 33.498 52.293 4.017 14.4028 3.8031 3.8056 4.3602 4.7255 4.2399 3.923 12.747 8.6866 8.242 12.2130182739 15.729
2017-02-23 20:11:31.619000 24793.215 3.445 49.999 34.053 52.271 4.016 14.3926 3.7998 3.8054 4.3605 4.7323 4.2392 3.9225 12.724 8.7094 8.239 10.5803961359 15.7171
2017-02-23 20:12:48.380000 24869.976 3.496 49.98 33.841 52.251 4.017 14.3834 3.7967 3.8051 4.3599 4.7403 4.2386 3.923 12.7085 8.7287 8.236 10.8610714349 15.6963
2017-02-23 20:14:04.777000 24946.373 3.408 49.961 33.746 52.231 4.015 14.3733 3.7938 3.805 4.3603 4.7488 4.2381 3.9219 12.6941 8.7506 8.234 10.8259870225 15.6783
2017-02-23 20:15:21.116000 25022.712 3.358 49.945 33.365 52.212 4.015 14.3641 3.7907 3.8046 4.3593 4.758 4.2375 3.9209 12.6752 8.7679 8.231 11.3752650363 15.6662
2017-02-23 20:16:37.678000 25099.274 3.52 49.925 33.557 52.193 4.015 14.354 3.7877 3.8044 4.36 4.7674 4.237 3.9218 12.6587 8.7885 8.229 11.2257594763 15.6485
2017-02-23 20:17:54.028000 25175.624 3.454 49.906 34.043 52.173 4.014 14.345 3.7847 3.8043 4.3591 4.7773 4.2366 3.9208 12.6462 8.8047 8.227 10.5453117235 15.6269
2017-02-23 20:19:10.553000 25252.149 3.328 49.888 34.134 52.154 4.013 14.3346 3.7816 3.8035 4.359 4.7873 4.2358 3.9197 12.6269 8.8216 8.224 10.411147011 15.615
2017-02-23 20:20:27.045000 25328.641 3.303 49.873 33.774 52.136 4.014 14.3254 3.779 3.8033 4.3582 4.7973 4.2352 3.9201 12.6127 8.8383 8.221 10.115899226 15.5899
2017-02-23 20:21:43.871000 25405.467 3.301 49.852 33.989 52.117 4.013 14.3151 3.7759 3.8034 4.3585 4.8077 4.235 3.9198 12.6045 8.8508 8.219 11.1136303063 15.5797
2017-02-23 20:23:00.544000 25482.14 3.321 49.839 33.556 52.099 4.012 14.306 3.7732 3.8022 4.3575 4.8181 4.2341 3.9187 12.5809 8.8649 8.216 11.4873942062 15.5662
2017-02-23 20:24:17.120000 25558.716 3.402 49.82 33.334 52.084 4.012 14.2955 3.7704 3.802 4.3574 4.8283 4.2336 3.9182 12.5654 8.8782 8.214 12.3811674 15.5516
2017-02-23 20:25:33.789000 25635.385 3.34 49.804 33.358 52.063 3.778 14.2865 3.7675 3.8011 4.3571 4.8387 4.233 3.9183 12.5506 8.8942 8.211 12.0028318663 15.5281
2017-02-23 20:26:50.581000 25712.177 3.475 49.787 33.432 52.045 4.011 14.2766 3.7652 3.8014 4.3569 4.8493 4.2325 3.9176 12.5383 8.9062 8.209 11.4873942062 15.5111
2017-02-23 20:28:07.283000 25788.879 3.367 49.77 33.302 52.029 4.011 14.2668 3.7618 3.8015 4.3573 4.86 4.2322 3.9178 12.5173 8.9186 8.207 10.9312402596 15.5022
2017-02-23 20:29:24.072000 25865.668 3.519 49.754 33.569 52.009 4.011 14.2568 3.7594 3.8011 4.3566 4.8709 4.2319 3.9173 12.5038 8.9295 8.204 10.9312402596 15.4832
2017-02-23 20:30:41.411000 25943.007 3.304 49.74 33.736 51.993 4.01 14.2472 3.757 3.8007 4.3564 4.8819 4.2314 3.9167 12.4993 8.9401 8.202 10.1487045355 15.4604
2017-02-23 20:31:58.264000 26019.86 3.3 49.722 33.94 51.974 4.01 14.2372 3.7537 3.8005 4.3563 4.8929 4.2311 3.9169 12.4784 8.9512 8.199 10.9312402596 15.4591
2017-02-23 20:33:15.227000 26096.823 3.339 49.708 34.111 51.956 4.01 14.2277 3.7515 3.8007 4.356 4.9039 4.2308 3.9167 12.4664 8.9633 8.197 10.1815098449 15.4364
2017-02-23 20:34:32.328000 26173.924 3.418 49.691 34.095 51.941 3.974 14.2176 3.7491 3.8004 4.3559 4.9151 4.2306 3.9162 12.4463 8.9708 8.194 9.92462406571 15.4185
2017-02-23 20:35:49.282000 26250.878 3.474 49.675 33.901 51.922 3.978 14.2079 3.7461 3.8 4.3563 4.9263 4.2302 3.9163 12.4393 8.9791 8.191 10.4439523204 15.4007
2017-02-23 20:37:06.370000 26327.966 3.518 49.658 33.655 51.904 4.01 14.198 3.7437 3.8003 4.3557 4.9377 4.2302 3.9165 12.4203 8.9891 8.189 11.0388775264 15.3886
2017-02-23 20:38:23.872000 26405.468 3.316 49.649 33.513 51.89 3.786 14.188 3.7417 3.8004 4.356 4.9493 4.23 3.9166 12.4042 8.9937 8.186 10.8610714349 15.3743
2017-02-23 20:39:40.882000 26482.478 3.304 49.628 33.751 51.871 4.01 14.1779 3.7388 3.8006 4.3564 4.961 4.23 3.9165 12.3951 9.0009 8.184 13.0427939915 15.3567
2017-02-23 20:40:58.124000 26559.72 3.47 49.611 33.87 51.856 4.01 14.1686 3.7361 3.7998 4.3559 4.9729 4.2298 3.9159 12.3814 9.0097 8.182 10.5803961359 15.3477
2017-02-23 20:42:15.337000 26636.933 3.516 49.597 33.664 51.841 3.85 14.1586 3.734 3.7999 4.3553 4.9847 4.2296 3.9154 12.3633 9.0131 8.179 10.3455363921 15.3237
2017-02-23 20:43:32.605000 26714.201 3.318 49.59 33.511 51.825 4.003 14.1486 3.7321 3.7994 4.3553 4.9964 4.2293 3.9152 12.3527 9.0217 8.177 10.3783417015 15.311
2017-02-23 20:44:49.991000 26791.587 3.438 49.572 33.767 51.808 4.01 14.1384 3.7293 3.8001 4.3557 5.0082 4.2293 3.9162 12.337 9.0295 8.175 10.0174832977 15.283
2017-02-23 20:46:07.653000 26869.249 3.476 49.56 33.383 51.793 3.91 14.1282 3.7268 3.7999 4.356 5.0204 4.2294 3.9157 12.3208 9.0356 8.173 10.8259870225 15.2806
2017-02-23 20:47:25 26946.596 3.3 49.549 33.244 51.778 3.996 14.119 3.7247 3.7995 4.3557 5.0326 4.2293 3.9153 12.3077 9.0407 8.171 11.1136303063 15.2487
2017-02-23 20:48:42.419000 27024.015 3.32 49.529 34.022 51.761 3.887 14.1091 3.7225 3.8006 4.3559 5.0449 4.2294 3.9167 12.2955 9.044 8.169 10.7558181977 15.2424
2017-02-23 20:49:59.854000 27101.45 3.522 49.521 33.543 51.749 4.01 14.0991 3.7206 3.8001 4.3559 5.0573 4.2295 3.9156 12.2807 9.0457 8.167 11.2257594763 15.2304
2017-02-23 20:51:17.323000 27178.919 3.309 49.505 33.6 51.735 4.009 14.089 3.7181 3.7999 4.3556 5.0699 4.2293 3.9147 12.2683 9.0513 8.164 10.966324672 15.2058
2017-02-23 20:52:34.883000 27256.479 3.439 49.495 33.986 51.722 4.008 14.0786 3.7159 3.7993 4.3553 5.0823 4.2289 3.9141 12.2563 9.0546 8.162 10.1487045355 15.1863
2017-02-23 20:53:53.031000 27334.627 3.444 49.484 34.001 51.71 4.007 14.0685 3.7136 3.7984 4.3545 5.0948 4.2284 3.9131 12.2426 9.059 8.16 10.2143151543 15.1715
2017-02-23 20:55:10.717000 27412.313 3.384 49.47 33.24 51.696 3.707 14.0585 3.7111 3.7977 4.3543 5.1071 4.228 3.9128 12.2321 9.0635 8.158 11.0762539163 15.1657
2017-02-23 20:56:28.333000 27489.929 3.307 49.459 33.959 51.683 3.6 14.049 3.7089 3.7972 4.3536 5.1195 4.2275 3.9123 12.2171 9.0639 8.156 11.6850971607 15.1402
2017-02-23 20:57:46.045000 27567.641 3.346 49.445 33.28 51.67 4.006 14.0392 3.7069 3.7967 4.3534 5.1321 4.2273 3.912 12.2065 9.0671 8.153 9.92462406571 15.1363
2017-02-23 20:59:03.794000 27645.39 3.342 49.432 34.053 51.656 4.006 14.0291 3.7047 3.7966 4.3533 5.1448 4.2271 3.912 12.1942 9.0689 8.15 9.61909453706 15.108
2017-02-23 21:00:21.617000 27723.213 3.322 49.42 33.481 51.643 4.006 14.0191 3.7026 3.797 4.353 5.1579 4.2271 3.9121 12.1813 9.0743 8.148 11.5660057632 15.0975
2017-02-23 21:01:39.903000 27801.499 3.32 49.41 33.39 51.63 4.005 14.009 3.7004 3.7963 4.353 5.1712 4.227 3.9116 12.1675 9.0742 8.146 11.4873942062 15.0795
2017-02-23 21:02:57.795000 27879.391 3.42 49.397 34.036 51.617 3.957 13.9992 3.6985 3.7959 4.3527 5.1846 4.2269 3.9111 12.1566 9.0772 8.144 11.4873942062 15.057
2017-02-23 21:04:15.829000 27957.425 3.299 49.388 33.713 51.605 4.003 13.9896 3.6962 3.7951 4.3521 5.1981 4.2264 3.9092 12.1459 9.0788 8.142 9.77185930139 15.0424
2017-02-23 21:05:33.823000 28035.419 3.444 49.377 33.256 51.594 4.003 13.9801 3.694 3.7946 4.3516 5.2113 4.2259 3.9095 12.13 9.0802 8.139 9.98572997144 15.0317
2017-02-23 21:06:51.872000 28113.468 3.465 49.365 33.89 51.581 4.004 13.9706 3.6921 3.7947 4.3518 5.2246 4.226 3.9106 12.1245 9.0794 8.137 10.8610714349 15.011
2017-02-23 21:08:09.945000 28191.541 3.412 49.353 33.684 51.568 4.005 13.9608 3.6901 3.7953 4.3521 5.2385 4.2262 3.9104 12.1137 9.0816 8.136 10.685649373 15.0041
2017-02-23 21:09:28.467000 28270.063 3.431 49.341 33.728 51.555 4.004 13.9513 3.6879 3.7955 4.3524 5.2527 4.2265 3.9096 12.0957 9.0811 8.134 11.4126414263 14.987
2017-02-23 21:10:46.606000 28348.202 3.3 49.332 33.698 51.545 3.987 13.9418 3.6858 3.795 4.352 5.2671 4.2264 3.909 12.0873 9.0834 8.132 10.6505649606 14.9672
2017-02-23 21:12:04.695000 28426.291 3.393 49.324 33.228 51.534 3.551 13.9323 3.6838 3.7944 4.3514 5.2813 4.2261 3.9087 12.0715 9.0853 8.13 10.5102273111 14.9508
2017-02-23 21:13:22.777000 28504.373 3.473 49.313 33.842 51.523 3.999 13.922 3.6819 3.7942 4.3515 5.2956 4.2259 3.909 12.0579 9.0866 8.128 10.3783417015 14.935
2017-02-23 21:14:40.983000 28582.579 3.468 49.297 33.823 51.508 4.004 13.9126 3.6802 3.795 4.3519 5.3101 4.2264 3.9092 12.0447 9.086 8.127 10.2143151543 14.9254
2017-02-23 21:15:59.405000 28661.001 3.472 49.288 33.914 51.498 4.003 13.9034 3.6783 3.7947 4.3513 5.3251 4.2263 3.9085 12.034 9.0882 8.125 11.0762539163 14.905
2017-02-23 21:17:18.395000 28739.991 3.397 49.279 33.824 51.486 4.003 13.8937 3.6764 3.7943 4.3509 5.3402 4.2264 3.909 12.0208 9.0867 8.123 11.1510066963 14.8812
2017-02-23 21:18:36.708000 28818.304 3.481 49.269 33.812 51.475 4.002 13.8843 3.6745 3.7941 4.3507 5.3556 4.2265 3.9079 12.0117 9.0887 8.121 10.8259870225 14.8728
2017-02-23 21:19:55.126000 28896.722 3.477 49.261 33.815 51.465 4.002 13.8745 3.6727 3.7934 4.3506 5.3709 4.2262 3.9079 11.9962 9.0872 8.12 10.685649373 14.8523
2017-02-23 21:21:13.705000 28975.301 3.482 49.25 33.801 51.454 4.002 13.8651 3.6705 3.794 4.3513 5.3864 4.2266 3.9079 11.9895 9.0882 8.118 10.115899226 14.8322
2017-02-23 21:22:32.234000 29053.83 3.477 49.239 33.766 51.441 4.002 13.855 3.669 3.794 4.3508 5.402 4.2267 3.908 11.9707 9.0877 8.117 10.6505649606 14.8304
2017-02-23 21:23:50.767000 29132.363 3.473 49.229 33.787 51.432 4.003 13.8456 3.6677 3.7939 4.3509 5.4177 4.2269 3.9084 11.9613 9.0879 8.116 10.6154805482 14.8034
2017-02-23 21:25:09.833000 29211.429 3.306 49.216 33.227 51.42 4.003 13.8358 3.6654 3.7941 4.3508 5.4337 4.2273 3.9091 11.9515 9.0859 8.115 9.68020044279 14.7907
2017-02-23 21:26:28.524000 29290.12 3.306 49.21 33.591 51.41 3.963 13.8262 3.6635 3.7943 4.3514 5.4499 4.2276 3.9083 11.9384 9.0885 8.113 10.966324672 14.7772
2017-02-23 21:27:47.268000 29368.864 3.309 49.198 33.551 51.399 4.002 13.816 3.6621 3.7942 4.3509 5.4661 4.2277 3.9084 11.9257 9.0865 8.112 10.5102273111 14.7572
2017-02-23 21:29:06.002000 29447.598 3.382 49.19 34.02 51.392 4.002 13.8067 3.6607 3.7935 4.3506 5.4824 4.2277 3.9077 11.9108 9.0874 8.11 9.77185930139 14.7437
2017-02-23 21:30:24.629000 29526.225 3.395 49.181 34.017 51.382 4.002 13.7971 3.6587 3.7934 4.3503 5.4989 4.2279 3.9078 11.9027 9.0859 8.109 10.6154805482 14.7149
2017-02-23 21:31:35.988000 29597.584 3.299 49.176 33.768 51.372 3.588 13.7884 3.6577 3.7929 4.35 5.5137 4.2276 3.9067 11.8909 9.0837 8.107 10.411147011 14.7059
2017-02-23 21:32:47.243000 29668.839 3.52 49.168 33.482 51.367 4.0 13.7792 3.6556 3.7925 4.3494 5.5285 4.2275 3.9058 11.8823 9.0841 8.105 10.2143151543 14.6963
2017-02-23 21:33:57.994000 29739.59 3.3 49.16 33.764 51.353 3.945 13.7712 3.654 3.7917 4.3494 5.5434 4.2275 3.9066 11.8709 9.0849 8.105 9.52743567847 14.6848
2017-02-23 21:35:08.812000 29810.408 3.523 49.151 34.008 51.347 4.0 13.7624 3.6531 3.7923 4.3496 5.5584 4.2279 3.9069 11.8612 9.0867 8.105 11.1883830863 14.667
2017-02-23 21:36:19.735000 29881.331 3.383 49.145 33.17 51.337 3.993 13.7536 3.6508 3.7928 4.3503 5.5738 4.2284 3.9069 11.8541 9.0834 8.104 9.55798863133 14.6487
2017-02-23 21:37:30.620000 29952.216 3.321 49.135 33.979 51.33 4.001 13.7447 3.6498 3.7931 4.3498 5.5892 4.2288 3.9074 11.8401 9.0823 8.103 12.1289437109 14.6367
2017-02-23 21:38:41.836000 30023.432 3.304 49.128 33.211 51.321 3.707 13.736 3.6488 3.793 4.3501 5.6049 4.2291 3.9067 11.833 9.0818 8.102 10.115899226 14.6239
2017-02-23 21:39:52.738000 30094.334 3.335 49.123 33.988 51.312 4.001 13.7273 3.6466 3.7928 4.3503 5.6206 4.2293 3.9073 11.822 9.0814 8.1 10.5453117235 14.6133
2017-02-23 21:41:03.644000 30165.24 3.416 49.114 33.195 51.307 3.666 13.7186 3.6456 3.793 4.3499 5.6363 4.2298 3.9071 11.8141 9.0808 8.099 10.685649373 14.6004
2017-02-23 21:42:14.504000 30236.1 3.339 49.105 33.977 51.295 3.986 13.7097 3.6442 3.7937 4.3504 5.6522 4.2303 3.9081 11.8004 9.0794 8.098 10.4767576298 14.582
2017-02-23 21:43:25.482000 30307.078 3.411 49.097 33.196 51.287 4.002 13.7011 3.6427 3.7939 4.3506 5.6682 4.2309 3.9078 11.794 9.0794 8.097 10.3127310827 14.5682
2017-02-23 21:44:36.809000 30378.405 3.524 49.093 34.0 51.281 4.001 13.6924 3.6416 3.793 4.3498 5.6846 4.2309 3.9071 11.7785 9.0759 8.096 10.8259870225 14.553
2017-02-23 21:45:47.734000 30449.33 3.374 49.084 33.156 51.274 3.993 13.6836 3.6406 3.793 4.3501 5.7008 4.2312 3.9068 11.7701 9.075 8.095 10.8610714349 14.5376
2017-02-23 21:46:58.774000 30520.37 3.524 49.079 33.99 51.266 3.892 13.675 3.6387 3.793 4.3503 5.7169 4.2314 3.907 11.7584 9.0748 8.094 10.4767576298 14.5232
2017-02-23 21:48:09.902000 30591.498 3.305 49.07 33.853 51.259 4.002 13.666 3.6376 3.7931 4.35 5.7335 4.2319 3.9074 11.753 9.0759 8.093 9.44048909026 14.5082
2017-02-23 21:49:20.924000 30662.52 3.515 49.063 33.394 51.251 4.002 13.6573 3.6369 3.7934 4.3502 5.7499 4.2322 3.9073 11.7436 9.0759 8.092 9.55798863133 14.5003
2017-02-23 21:50:32.504000 30734.1 3.469 49.059 33.81 51.246 4.001 13.6484 3.6353 3.7933 4.3501 5.7665 4.2325 3.9071 11.7311 9.0743 8.091 11.0762539163 14.483
2017-02-23 21:51:43.449000 30805.045 3.317 49.053 33.436 51.237 4.001 13.64 3.6337 3.7926 4.3499 5.7832 4.2328 3.9062 11.7189 9.0736 8.09 9.71075339566 14.4681
2017-02-23 21:52:54.459000 30876.055 3.488 49.048 33.75 51.234 3.955 13.6312 3.6326 3.7922 4.349 5.7997 4.2326 3.9052 11.7093 9.0716 8.088 9.3555555499 14.4528
2017-02-23 21:54:05.461000 30947.057 3.316 49.044 33.434 51.227 3.883 13.6219 3.6312 3.7913 4.3487 5.8159 4.2324 3.9046 11.7006 9.0693 8.087 9.98572997144 14.4457
2017-02-23 21:55:16.387000 31017.983 3.48 49.036 33.77 51.219 3.874 13.6134 3.6301 3.7906 4.3484 5.8321 4.2324 3.9045 11.692 9.0705 8.086 10.2143151543 14.4315
2017-02-23 21:56:27.810000 31089.406 3.366 49.03 33.987 51.215 3.83 13.6046 3.6287 3.7904 4.3478 5.8485 4.2324 3.9039 11.6833 9.0685 8.084 10.7558181977 14.416
2017-02-23 21:57:38.785000 31160.381 3.376 49.026 33.147 51.21 3.883 13.5959 3.6277 3.7903 4.3479 5.8648 4.2325 3.9037 11.6716 9.067 8.083 11.3005122563 14.3918
2017-02-23 21:58:49.958000 31231.554 3.37 49.02 33.994 51.202 3.653 13.5867 3.6257 3.7899 4.3479 5.8813 4.2326 3.9029 11.6553 9.0662 8.082 9.27062200954 14.3793
2017-02-23 22:00:00.957000 31302.553 3.375 49.013 33.138 51.196 3.814 13.5786 3.6248 3.7898 4.3474 5.8978 4.2328 3.9042 11.6524 9.0668 8.082 10.3783417015 14.3706
2017-02-23 22:01:12.533000 31374.129 3.521 49.008 33.454 51.187 3.998 13.5696 3.6236 3.7901 4.3475 5.9146 4.2333 3.9039 11.6414 9.068 8.081 10.5803961359 14.3599
2017-02-23 22:02:23.658000 31445.254 3.305 49.002 33.57 51.181 3.913 13.5607 3.6227 3.7901 4.3476 5.9315 4.2336 3.9032 11.6338 9.062 8.08 9.80241225425 14.3423
2017-02-23 22:03:34.789000 31516.385 3.362 48.996 33.149 51.176 3.998 13.552 3.6209 3.7897 4.3477 5.9488 4.2339 3.9031 11.6252 9.0652 8.079 9.29893318966 14.3296
2017-02-23 22:04:45.960000 31587.556 3.397 48.991 33.986 51.172 3.997 13.5433 3.62 3.7889 4.3468 5.9659 4.2339 3.9022 11.615 9.0655 8.078 10.2799257732 14.3133
2017-02-23 22:05:57.210000 31658.806 3.301 48.985 33.164 51.164 3.997 13.5342 3.6192 3.7892 4.347 5.9832 4.2342 3.9026 11.6035 9.0612 8.077 9.68020044279 14.3017
2017-02-23 22:07:08.815000 31730.411 3.325 48.981 33.322 51.158 3.997 13.5255 3.618 3.7891 4.3469 6.0008 4.2345 3.9028 11.5948 9.0618 8.076 9.77185930139 14.283
2017-02-23 22:08:19.892000 31801.488 3.471 48.973 33.804 51.152 3.936 13.5167 3.616 3.7888 4.3472 6.0174 4.2348 3.9018 11.5857 9.0641 8.075 10.4439523204 14.2623
2017-02-23 22:09:31.167000 31872.763 3.35 48.97 33.452 51.146 3.995 13.5081 3.6151 3.7878 4.3462 6.0341 4.2347 3.9008 11.5738 9.0592 8.074 9.61909453706 14.2587
2017-02-23 22:10:42.370000 31943.966 3.387 48.965 33.133 51.14 3.718 13.4992 3.614 3.7883 4.3465 6.0509 4.2351 3.9023 11.5623 9.06 8.073 10.1487045355 14.2447
2017-02-23 22:11:53.496000 32015.092 3.376 48.958 33.99 51.135 3.979 13.4906 3.6129 3.7886 4.3464 6.0679 4.2356 3.9014 11.5549 9.0604 8.073 10.7909026101 14.2329
2017-02-23 22:13:05.139000 32086.735 3.441 48.954 33.735 51.128 3.996 13.4822 3.6116 3.788 4.3466 6.0852 4.2359 3.901 11.5421 9.0597 8.072 10.5803961359 14.2192
2017-02-23 22:14:16.404000 32158.0 3.336 48.95 33.272 51.125 3.995 13.4742 3.6105 3.7873 4.3458 6.1027 4.2362 3.901 11.5358 9.0579 8.071 9.15737728907 14.202
2017-02-23 22:15:27.636000 32229.232 3.418 48.942 33.974 51.117 3.885 13.466 3.6094 3.7881 4.3461 6.1201 4.2367 3.9023 11.5225 9.058 8.07 10.685649373 14.1864
2017-02-23 22:16:38.892000 32300.488 3.304 48.938 33.85 51.115 3.996 13.4574 3.6088 3.7883 4.3463 6.1381 4.2374 3.9017 11.5125 9.0576 8.069 11.1510066963 14.1785
2017-02-23 22:17:50.606000 32372.202 3.324 48.933 33.313 51.106 3.996 13.449 3.6072 3.7883 4.3462 6.1561 4.2379 3.9012 11.5077 9.0575 8.069 10.5102273111 14.1665
2017-02-23 22:19:02.035000 32443.631 3.41 48.93 33.168 51.102 3.995 13.4403 3.606 3.7877 4.3462 6.1745 4.2384 3.9005 11.4952 9.0565 8.068 10.2471204638 14.1474
2017-02-23 22:20:13.427000 32515.023 3.516 48.924 33.569 51.097 3.995 13.4325 3.6052 3.7873 4.3458 6.1933 4.2388 3.9005 11.487 9.0557 8.067 11.1136303063 14.134
2017-02-23 22:21:24.609000 32586.205 3.301 48.919 33.656 51.09 3.996 13.4241 3.6041 3.7875 4.3454 6.2123 4.2394 3.9007 11.4779 9.054 8.067 9.71075339566 14.1198
2017-02-23 22:22:36.198000 32657.794 3.309 48.912 33.867 51.084 3.997 13.4157 3.6035 3.788 4.3461 6.2318 4.2402 3.9022 11.4673 9.0561 8.066 10.411147011 14.114
2017-02-23 22:23:47.907000 32729.503 3.316 48.906 33.402 51.078 3.867 13.4074 3.6025 3.7885 4.3464 6.252 4.2414 3.9023 11.4596 9.0535 8.066 10.7207337854 14.0983
2017-02-23 22:24:59.343000 32800.939 3.382 48.904 33.106 51.074 3.997 13.3985 3.6011 3.7889 4.3465 6.2727 4.2424 3.9022 11.45 9.0534 8.065 9.5885415842 14.079
2017-02-23 22:26:10.788000 32872.384 3.523 48.896 33.493 51.065 3.99 13.3905 3.5999 3.789 4.3472 6.2938 4.2438 3.9024 11.4407 9.056 8.065 9.64964748993 14.0712
2017-02-23 22:27:22.221000 32943.817 3.461 48.891 33.831 51.061 3.997 13.3823 3.5992 3.7887 4.3467 6.3158 4.245 3.9025 11.4327 9.0569 8.064 10.7207337854 14.0472
2017-02-23 22:28:34.140000 33015.736 3.497 48.885 33.618 51.056 3.998 13.3738 3.5984 3.7891 4.3471 6.339 4.2467 3.9027 11.4228 9.0546 8.064 10.5803961359 14.0348
2017-02-23 22:29:45.619000 33087.215 3.42 48.881 33.935 51.05 3.141 13.3654 3.5973 3.789 4.3466 6.3629 4.2485 3.9028 11.4165 9.0574 8.063 8.91019172073 14.0254
2017-02-23 22:30:57.061000 33158.657 3.307 48.875 33.147 51.043 3.997 13.3568 3.597 3.7894 4.3472 6.388 4.2509 3.9026 11.406 9.0574 8.062 9.95517701858 14.0186
2017-02-23 22:32:08.507000 33230.103 3.52 48.869 33.296 51.038 3.998 13.3483 3.5955 3.7898 4.3474 6.4147 4.2541 3.903 11.3962 9.0574 8.062 9.89407111285 13.9936
2017-02-23 22:33:20.315000 33301.911 3.394 48.864 33.107 51.031 3.574 13.3395 3.5945 3.7898 4.3476 6.4428 4.2576 3.9029 11.3855 9.0609 8.061 10.411147011 13.9835
2017-02-23 22:34:31.749000 33373.345 3.525 48.86 33.495 51.029 3.997 13.3319 3.5934 3.7892 4.3471 6.471 4.2612 3.902 11.3782 9.0608 8.06 8.75360222712 13.9641
2017-02-23 22:35:43.212000 33444.808 3.441 48.855 33.905 51.021 3.982 13.3237 3.5927 3.7883 4.3465 6.4984 4.2643 3.9014 11.3659 9.0611 8.059 9.83296520712 13.946
2017-02-23 22:36:54.641000 33516.237 3.315 48.853 33.884 51.02 3.996 13.3151 3.5917 3.7881 4.3459 6.5238 4.2668 3.9011 11.3621 9.0602 8.058 10.115899226 13.9415
2017-02-23 22:38:05.990000 33587.586 3.317 48.85 33.22 51.014 3.996 13.3067 3.5911 3.7877 4.3459 6.5469 4.2686 3.9006 11.3571 9.0654 8.057 9.24231082942 13.9277
2017-02-23 22:39:17.959000 33659.555 3.397 48.843 33.103 51.01 3.995 13.2983 3.5901 3.7873 4.3456 6.5676 4.27 3.9002 11.3478 9.062 8.056 10.2471204638 13.9126
2017-02-23 22:40:29.432000 33731.028 3.522 48.84 33.487 51.005 3.995 13.2895 3.5888 3.7875 4.3456 6.5857 4.2708 3.9003 11.3359 9.0663 8.055 9.83296520712 13.899
2017-02-23 22:41:40.957000 33802.553 3.437 48.838 33.902 51.002 3.581 13.2816 3.5874 3.7869 4.3456 6.6017 4.2715 3.9 11.3247 9.0665 8.054 9.52743567847 13.8827
2017-02-23 22:42:52.464000 33874.06 3.307 48.83 33.856 50.995 3.995 13.273 3.5868 3.787 4.3454 6.6159 4.2723 3.9006 11.3179 9.067 8.054 9.32724436978 13.8748
2017-02-23 22:44:04.550000 33946.146 3.523 48.827 33.465 50.992 3.933 13.2646 3.5859 3.7867 4.3453 6.6285 4.2727 3.9002 11.307 9.0663 8.054 10.0174832977 13.8562
2017-02-23 22:45:16.068000 34017.664 3.453 48.823 33.855 50.989 3.957 13.2562 3.585 3.7867 4.3448 6.6396 4.2731 3.8999 11.306 9.069 8.053 10.115899226 13.8447
2017-02-23 22:46:27.751000 34089.347 3.324 48.82 33.912 50.984 3.944 13.2479 3.584 3.7865 4.3447 6.6494 4.2731 3.8996 11.2921 9.0676 8.053 11.5263086307 13.827
2017-02-23 22:47:39.240000 34160.836 3.307 48.816 33.504 50.978 3.994 13.2392 3.5836 3.7864 4.3448 6.6583 4.2734 3.8995 11.2799 9.0691 8.053 10.7909026101 13.8212
2017-02-23 22:48:51.373000 34232.969 3.304 48.812 33.778 50.973 3.994 13.2309 3.5826 3.7867 4.345 6.6665 4.2738 3.8998 11.2754 9.072 8.052 9.32724436978 13.808
2017-02-23 22:50:02.911000 34304.507 3.341 48.807 33.315 50.968 3.961 13.2224 3.5817 3.7868 4.345 6.6737 4.2739 3.8993 11.2681 9.069 8.052 11.2257594763 13.7934
2017-02-23 22:51:14.414000 34376.01 3.304 48.803 33.167 50.964 3.993 13.2137 3.5804 3.7863 4.345 6.6806 4.2741 3.8984 11.2607 9.0681 8.05 10.4767576298 13.7742
2017-02-23 22:52:25.990000 34447.586 3.361 48.799 33.136 50.958 3.993 13.2056 3.5793 3.7855 4.3446 6.6868 4.2738 3.8983 11.2529 9.068 8.049 10.0174832977 13.7683
2017-02-23 22:53:37.516000 34519.112 3.504 48.796 33.296 50.955 3.993 13.1975 3.5785 3.7847 4.3437 6.6928 4.2736 3.8981 11.2436 9.069 8.049 10.6505649606 13.7466
2017-02-23 22:54:49.617000 34591.213 3.413 48.791 33.11 50.952 3.992 13.1887 3.5777 3.7846 4.3436 6.6985 4.2735 3.8979 11.2323 9.0673 8.048 10.1487045355 13.7404
2017-02-23 22:56:01.324000 34662.92 3.489 48.788 33.664 50.95 3.899 13.1804 3.5767 3.7844 4.3434 6.7039 4.2734 3.8976 11.2235 9.0665 8.047 9.5885415842 13.731
2017-02-23 22:57:12.918000 34734.514 3.524 48.782 33.935 50.94 3.993 13.1719 3.5758 3.7855 4.3438 6.7091 4.2737 3.8987 11.2182 9.0682 8.047 9.27062200954 13.7118
2017-02-23 22:58:24.545000 34806.141 3.458 48.779 33.822 50.938 3.993 13.1635 3.575 3.7856 4.3441 6.7138 4.2739 3.8983 11.2076 9.0667 8.046 9.74130634852 13.6981
2017-02-23 22:59:36.672000 34878.268 3.494 48.775 33.646 50.932 3.993 13.155 3.5744 3.7856 4.3437 6.7184 4.2741 3.8984 11.2029 9.068 8.046 9.86351815998 13.6817
2017-02-23 23:00:48.355000 34949.951 3.376 48.77 33.94 50.929 3.606 13.1465 3.574 3.7854 4.3439 6.7227 4.2741 3.8983 11.1912 9.0633 8.045 9.61909453706 13.6747
2017-02-23 23:02:00.100000 35021.696 3.441 48.768 33.847 50.923 3.993 13.1382 3.5731 3.7854 4.3439 6.7269 4.2741 3.8982 11.1814 9.0684 8.044 10.2471204638 13.6539
2017-02-23 23:03:11.768000 35093.364 3.315 48.763 33.858 50.918 3.993 13.1294 3.5719 3.7857 4.3441 6.731 4.2742 3.8984 11.1767 9.0646 8.044 9.55798863133 13.6396
2017-02-23 23:04:24.231000 35165.827 3.522 48.758 33.378 50.915 3.993 13.1212 3.5715 3.7853 4.3439 6.7349 4.2742 3.8982 11.1636 9.0651 8.043 10.2143151543 13.6303
2017-02-23 23:05:35.817000 35237.413 3.456 48.754 33.828 50.909 3.993 13.1126 3.5702 3.7854 4.3439 6.7386 4.2742 3.8983 11.1573 9.0637 8.042 10.1815098449 13.6147
2017-02-23 23:06:47.633000 35309.229 3.503 48.751 33.594 50.906 3.871 13.1038 3.5695 3.7854 4.3438 6.7423 4.274 3.8979 11.1532 9.0616 8.042 8.77970047606 13.606
2017-02-23 23:07:59.339000 35380.935 3.397 48.748 33.926 50.9 3.992 13.0953 3.5688 3.7849 4.3439 6.7459 4.274 3.8979 11.1402 9.0611 8.041 9.80241225425 13.5945
2017-02-23 23:09:11.704000 35453.3 3.451 48.744 33.167 50.897 3.993 13.0871 3.568 3.7851 4.3436 6.7493 4.2741 3.8979 11.1356 9.06 8.041 10.0830939166 13.5799
2017-02-23 23:10:23.467000 35525.063 3.359 48.74 33.104 50.893 3.973 13.0786 3.5671 3.7851 4.3439 6.7529 4.274 3.8973 11.1269 9.0579 8.04 9.52743567847 13.5662
2017-02-23 23:11:35.243000 35596.839 3.516 48.736 33.273 50.889 3.993 13.0698 3.5661 3.7849 4.344 6.7564 4.274 3.8981 11.1176 9.0556 8.039 9.49711145049 13.5557
2017-02-23 23:12:46.849000 35668.445 3.409 48.729 33.736 50.884 3.985 13.0619 3.5654 3.7848 4.3436 6.7596 4.274 3.8978 11.1085 9.0516 8.039 10.115899226 13.5363
2017-02-23 23:13:59.252000 35740.848 3.339 48.73 33.172 50.882 3.992 13.0531 3.5647 3.7845 4.3436 6.7628 4.2737 3.8971 11.1008 9.0541 8.038 9.83296520712 13.5277
2017-02-23 23:15:11.080000 35812.676 3.315 48.726 33.39 50.879 3.972 13.0452 3.564 3.7837 4.3431 6.7659 4.2733 3.8961 11.0946 9.0522 8.037 9.71075339566 13.5146
2017-02-23 23:16:22.852000 35884.448 3.3 48.726 33.074 50.876 3.99 13.0366 3.563 3.7832 4.3423 6.769 4.2728 3.8957 11.0867 9.0506 8.036 9.71075339566 13.5039
2017-02-23 23:17:34.759000 35956.355 3.336 48.719 33.18 50.871 3.992 13.0281 3.5623 3.7832 4.3426 6.7721 4.2728 3.8968 11.0773 9.0496 8.036 11.0762539163 13.487
2017-02-23 23:18:47.127000 36028.723 3.392 48.713 33.928 50.865 3.991 13.0197 3.5615 3.7838 4.3429 6.775 4.2729 3.8963 11.0675 9.0478 8.035 9.24231082942 13.4739
2017-02-23 23:19:59 36100.596 3.447 48.712 33.852 50.865 3.99 13.0111 3.5608 3.7833 4.3427 6.7779 4.2727 3.8954 11.0614 9.0454 8.035 9.41217791014 13.4589
2017-02-23 23:21:10.899000 36172.495 3.496 48.709 33.621 50.862 3.991 13.0027 3.5601 3.7834 4.3423 6.7806 4.2725 3.8963 11.0544 9.045 8.034 10.3455363921 13.4394
2017-02-23 23:22:22.695000 36244.291 3.378 48.704 33.923 50.854 3.991 12.9945 3.5597 3.7835 4.3426 6.7834 4.2728 3.8966 11.0489 9.0432 8.034 9.77185930139 13.4346
2017-02-23 23:23:35.022000 36316.618 3.445 48.702 33.133 50.849 3.523 12.9863 3.5586 3.7836 4.343 6.7859 4.2728 3.8966 11.0367 9.0403 8.034 8.9623882186 13.4203
2017-02-23 23:24:46.940000 36388.536 3.356 48.695 33.107 50.845 3.99 12.9784 3.558 3.784 4.3428 6.7884 4.273 3.8963 11.0291 9.0369 8.033 10.1815098449 13.4094
2017-02-23 23:25:58.966000 36460.562 3.342 48.696 33.147 50.842 3.648 12.9703 3.5573 3.7836 4.3428 6.7906 4.2728 3.8962 11.0247 9.0325 8.033 9.46880027038 13.3948
2017-02-23 23:27:10.865000 36532.461 3.313 48.691 33.372 50.837 3.991 12.9625 3.5567 3.7833 4.3423 6.7928 4.2725 3.8962 11.0183 9.0311 8.032 10.3455363921 13.3832
2017-02-23 23:28:23.238000 36604.834 3.298 48.687 33.676 50.839 3.989 12.9544 3.5559 3.7825 4.3419 6.7952 4.2721 3.894 11.0073 9.0308 8.031 9.04413256859 13.3753
2017-02-23 23:29:35.140000 36676.736 3.311 48.685 33.847 50.834 3.002 12.9462 3.5552 3.7821 4.3418 6.7974 4.2717 3.8949 11.002 9.0266 8.031 10.2799257732 13.3593
2017-02-23 23:30:47.082000 36748.678 3.356 48.683 33.927 50.829 3.989 12.9383 3.5545 3.7818 4.3416 6.7995 4.2714 3.8943 10.9903 9.0254 8.03 9.5885415842 13.3512
2017-02-23 23:31:59.001000 36820.597 3.429 48.681 33.859 50.829 3.989 12.9303 3.5538 3.7816 4.3413 6.8015 4.2712 3.8941 10.985 9.0263 8.029 9.24231082942 13.3335
2017-02-23 23:33:11.547000 36893.143 3.376 48.678 33.083 50.825 3.295 12.9218 3.5532 3.7815 4.341 6.8036 4.271 3.8935 10.9773 9.0203 8.029 9.95517701858 13.318
2017-02-23 23:34:23.349000 36964.945 3.334 48.674 33.181 50.821 3.989 12.9138 3.5524 3.7814 4.3413 6.8057 4.2709 3.8942 10.9684 9.0167 8.028 9.64964748993 13.3104
2017-02-23 23:35:35.178000 37036.774 3.455 48.669 33.186 50.817 3.947 12.9065 3.5518 3.7821 4.3416 6.8073 4.2709 3.8947 10.9574 9.0167 8.028 8.77970047606 13.2934
2017-02-23 23:36:47.077000 37108.673 3.36 48.665 33.107 50.812 3.989 12.8984 3.5511 3.7818 4.3414 6.8091 4.271 3.8938 10.9524 9.0151 8.028 9.71075339566 13.2795
2017-02-23 23:37:59.511000 37181.107 3.332 48.663 33.893 50.81 3.957 12.8899 3.5508 3.7817 4.3409 6.8109 4.2706 3.894 10.9464 9.0095 8.027 9.77185930139 13.2641
2017-02-23 23:39:11.500000 37253.096 3.421 48.661 33.894 50.808 3.989 12.8819 3.5501 3.7814 4.3413 6.8127 4.2706 3.8942 10.9344 9.0069 8.026 10.1815098449 13.2554
2017-02-23 23:40:23.339000 37324.935 3.474 48.659 33.727 50.803 3.989 12.8737 3.5492 3.7816 4.3413 6.8143 4.2706 3.8943 10.9289 9.0042 8.026 9.04413256859 13.2433
2017-02-23 23:41:35.025000 37396.621 3.338 48.655 33.903 50.799 3.989 12.8663 3.5486 3.7817 4.3415 6.8158 4.2706 3.8944 10.9254 9.0003 8.026 10.3455363921 13.2306
2017-02-23 23:42:47.513000 37469.109 3.509 48.652 33.277 50.798 3.989 12.8577 3.5481 3.7814 4.3411 6.8174 4.2704 3.894 10.9149 8.9986 8.025 9.55798863133 13.213
2017-02-23 23:43:59.510000 37541.106 3.398 48.648 33.091 50.793 3.989 12.8497 3.5476 3.7816 4.3411 6.819 4.2704 3.8934 10.906 8.9949 8.025 9.24231082942 13.2059
2017-02-23 23:45:11.452000 37613.048 3.349 48.645 33.103 50.789 3.988 12.8417 3.547 3.7811 4.3408 6.8203 4.2701 3.8931 10.9002 8.9922 8.024 10.0174832977 13.1919
2017-02-23 23:46:23.368000 37684.964 3.322 48.645 33.262 50.79 3.987 12.8336 3.5461 3.7807 4.3406 6.8217 4.2698 3.8927 10.8922 8.9888 8.024 10.1815098449 13.1816
2017-02-23 23:47:35.756000 37757.352 3.435 48.644 33.865 50.786 3.988 12.8255 3.5457 3.781 4.3403 6.8229 4.2697 3.8931 10.883 8.985 8.023 9.18568846919 13.1661
2017-02-23 23:48:47.787000 37829.383 3.445 48.638 33.809 50.782 3.989 12.8175 3.5452 3.7813 4.3405 6.8242 4.2698 3.8937 10.8744 8.9828 8.022 9.55798863133 13.1495
2017-02-23 23:49:59.778000 37901.374 3.491 48.636 33.635 50.779 3.737 12.8095 3.5447 3.7817 4.3407 6.8255 4.2698 3.8939 10.8665 8.9788 8.022 10.6505649606 13.1412
2017-02-23 23:51:11.699000 37973.295 3.521 48.635 33.911 50.777 3.988 12.8015 3.544 3.7809 4.3403 6.8265 4.2694 3.8932 10.8596 8.9754 8.021 9.12906610895 13.1329
2017-02-23 23:52:24.234000 38045.83 3.307 48.63 33.47 50.773 3.982 12.794 3.544 3.781 4.3404 6.8276 4.2696 3.8933 10.8512 8.9735 8.021 8.9623882186 13.1112
2017-02-23 23:53:36.236000 38117.832 3.3 48.63 33.728 50.771 3.988 12.7859 3.5434 3.7811 4.3405 6.8285 4.2695 3.8931 10.8449 8.9678 8.02 9.44048909026 13.1001
2017-02-23 23:54:48.369000 38189.965 3.314 48.627 33.901 50.769 3.989 12.778 3.5429 3.781 4.3406 6.8293 4.2693 3.8933 10.8381 8.9653 8.02 9.10075492883 13.0922
2017-02-23 23:56:00.951000 38262.547 3.519 48.624 33.348 50.766 3.832 12.7696 3.5417 3.7809 4.3402 6.8302 4.2692 3.8936 10.8271 8.9631 8.019 9.52743567847 13.0766
2017-02-23 23:57:12.924000 38334.52 3.431 48.62 33.106 50.76 3.988 12.7618 3.5413 3.7813 4.3406 6.8307 4.2693 3.8944 10.8212 8.9589 8.019 9.95517701858 13.0672
2017-02-23 23:58:24.889000 38406.485 3.363 48.619 33.08 50.757 3.989 12.7541 3.5407 3.7816 4.3406 6.8313 4.2694 3.8942 10.8141 8.9553 8.019 9.71075339566 13.0443
2017-02-23 23:59:36.902000 38478.498 3.327 48.617 33.233 50.755 3.442 12.7458 3.5403 3.7815 4.3406 6.8318 4.2695 3.8943 10.8025 8.951 8.019 9.2139996493 13.0379
