#Human readable time. Time (s) since start. Lakeshore temperature sensor 218 T1,2,3,4,5,6,8 and 224 C2,C3,C4,C5,D1,D2,D3,D4,D5,A,B
2017-07-05 10:28:27.005000 0.0 248.01 247.89 267.43 239.61 270.51 268.05 247.52 247.878 249.264 249.264 249.409 0.0 245.49 248.273 228.609 246.809 0.0 0.0 
2017-07-05 10:28:37.957000 10.952 248.02 247.9 267.44 239.62 270.52 268.05 247.53 247.885 249.271 249.272 249.417 0.0 245.497 248.281 228.619 246.819 0.0 0.0 
2017-07-05 10:28:48.289000 21.284 248.03 247.91 267.44 239.62 270.52 268.06 247.54 247.892 249.278 249.28 249.425 0.0 245.507 248.28 228.628 246.823 0.0 0.0 
2017-07-05 10:28:58.702000 31.697 248.03 247.91 267.44 239.63 270.52 268.06 247.54 247.901 249.286 249.288 249.432 0.0 245.514 248.295 228.64 246.832 0.0 0.0 
2017-07-05 10:29:09.094000 42.089 248.04 247.92 267.45 239.64 270.53 268.06 247.55 247.908 249.293 249.294 249.438 0.0 245.522 248.303 228.649 246.839 0.0 0.0 
2017-07-05 10:29:19.526000 52.521 248.05 247.93 267.45 239.65 270.53 268.07 247.56 247.914 249.299 249.3 249.446 0.0 245.53 248.311 228.66 246.848 0.0 0.0 
2017-07-05 10:29:29.948000 62.943 248.06 247.93 267.45 239.66 270.53 268.07 247.57 247.921 249.307 249.309 249.452 0.0 245.537 248.319 228.669 246.854 0.0 0.0 
2017-07-05 10:29:40.410000 73.405 248.06 247.94 267.46 239.67 270.54 268.08 247.57 247.932 249.316 249.316 249.461 0.0 245.546 248.329 228.679 246.862 0.0 0.0 
2017-07-05 10:29:50.902000 83.897 248.07 247.95 267.46 239.68 270.54 268.08 247.58 247.939 249.323 249.325 249.468 0.0 245.553 248.335 228.691 246.871 0.0 0.0 
2017-07-05 10:30:02.444000 95.439 248.08 247.96 267.47 239.69 270.54 268.08 247.59 247.946 249.331 249.332 249.476 0.0 245.563 248.343 228.701 246.877 0.0 0.0 
2017-07-05 10:30:12.986000 105.981 248.08 247.96 267.47 239.7 270.55 268.09 247.59 247.954 249.337 249.339 249.483 0.0 245.569 248.35 228.71 246.884 0.0 0.0 
2017-07-05 10:30:23.588000 116.583 248.09 247.97 267.47 239.7 270.55 268.09 247.6 247.964 249.346 249.348 249.492 0.0 245.578 248.359 228.722 246.892 0.0 0.0 
2017-07-05 10:30:34.241000 127.236 248.1 247.98 267.48 239.71 270.55 268.09 247.61 247.97 249.353 249.356 249.498 0.0 245.586 248.366 228.732 246.899 0.0 0.0 
2017-07-05 10:30:44.863000 137.858 248.11 247.99 267.48 239.72 270.56 268.1 247.62 247.978 249.361 249.362 249.505 0.0 245.593 248.373 228.742 246.907 0.0 0.0 
2017-07-05 10:30:55.495000 148.49 248.11 247.99 267.49 239.73 270.56 268.1 247.63 247.983 249.368 249.369 249.515 0.0 245.599 248.381 228.752 246.914 0.0 0.0 
2017-07-05 10:31:06.187000 159.182 248.12 248.0 267.49 239.74 270.56 268.1 247.63 247.993 249.377 249.377 249.521 0.0 245.609 248.382 228.763 246.922 0.0 0.0 
2017-07-05 10:31:17.749000 170.744 248.13 248.01 267.49 239.75 270.57 268.11 247.64 248.0 249.384 249.385 249.53 0.0 245.618 248.398 228.775 246.929 0.0 0.0 
2017-07-05 10:31:28.471000 181.466 248.14 248.02 267.5 239.76 270.57 268.11 247.65 248.009 249.392 249.393 249.537 0.0 245.627 248.405 228.784 246.938 0.0 0.0 
2017-07-05 10:31:39.204000 192.199 248.14 248.02 267.5 239.77 270.58 268.12 247.66 248.017 249.4 249.4 249.545 0.0 245.633 248.414 228.794 246.945 0.0 0.0 
2017-07-05 10:31:50.016000 203.011 248.15 248.03 267.5 239.77 270.58 268.12 247.66 248.025 249.407 249.408 249.552 0.0 245.641 248.421 228.805 246.952 0.0 0.0 
2017-07-05 10:32:00.848000 213.843 248.16 248.04 267.51 239.78 270.58 268.12 247.67 248.034 249.414 249.416 249.56 0.0 245.65 248.43 228.817 246.961 0.0 0.0 
2017-07-05 10:32:11.700000 224.695 248.17 248.04 267.51 239.8 270.58 268.13 247.68 248.042 249.422 249.422 249.569 0.0 245.658 248.437 228.825 246.968 0.0 0.0 
2017-07-05 10:32:22.593000 235.588 248.17 248.05 267.51 239.8 270.59 268.13 247.69 248.049 249.429 249.432 249.576 0.0 245.665 248.445 228.837 246.976 0.0 0.0 
2017-07-05 10:32:33.775000 246.77 248.18 248.06 267.52 239.81 270.59 268.14 247.69 248.057 249.437 249.439 249.584 0.0 245.674 248.452 228.847 246.984 0.0 0.0 
2017-07-05 10:32:44.728000 257.723 248.19 248.07 267.52 239.82 270.59 268.14 247.7 248.065 249.444 249.445 249.591 0.0 245.682 248.461 228.856 246.99 0.0 0.0 
2017-07-05 10:32:55.690000 268.685 248.2 248.07 267.53 239.83 270.6 268.14 247.71 248.071 249.453 249.455 249.599 0.0 245.691 248.469 228.869 247.0 0.0 0.0 
2017-07-05 10:33:06.712000 279.707 248.21 248.08 267.53 239.84 270.6 268.15 247.72 248.08 249.459 249.462 249.607 0.0 245.699 248.477 228.88 247.006 0.0 0.0 
2017-07-05 10:33:17.704000 290.699 248.21 248.09 267.53 239.85 270.61 268.15 247.72 248.089 249.468 249.47 249.615 0.0 245.707 248.485 228.889 247.015 0.0 0.0 
2017-07-05 10:33:28.766000 301.761 248.22 248.1 267.54 239.86 270.61 268.16 247.73 248.096 249.476 249.478 249.622 0.0 245.715 248.493 228.901 247.023 0.0 0.0 
2017-07-05 10:33:39.819000 312.814 248.23 248.1 267.54 239.87 270.61 268.16 247.74 248.104 249.483 249.485 249.631 0.0 245.723 248.503 228.914 247.024 0.0 0.0 
2017-07-05 10:33:50.911000 323.906 248.24 248.11 267.55 239.88 270.62 268.16 247.75 248.111 249.49 249.493 249.638 0.0 245.731 248.511 228.923 247.036 0.0 0.0 
2017-07-05 10:34:02.063000 335.058 248.24 248.12 267.55 239.89 270.62 268.17 247.76 248.119 249.499 249.501 249.647 0.0 245.739 248.518 228.934 247.045 0.0 0.0 
2017-07-05 10:34:13.175000 346.17 248.25 248.13 267.55 239.9 270.62 268.17 247.76 248.128 249.508 249.511 249.653 0.0 245.748 248.526 228.944 247.053 0.0 0.0 
2017-07-05 10:34:24.347000 357.342 248.26 248.13 267.56 239.91 270.63 268.18 247.77 248.135 249.515 249.518 249.661 0.0 245.757 248.535 228.955 247.061 0.0 0.0 
2017-07-05 10:34:35.540000 368.535 248.27 248.14 267.56 239.91 270.63 268.18 247.78 248.144 249.523 249.524 249.669 0.0 245.765 248.544 228.967 247.068 0.0 0.0 
2017-07-05 10:34:47.302000 380.297 248.27 248.15 267.57 239.92 270.63 268.18 247.79 248.153 249.53 249.533 249.675 0.0 245.774 248.548 228.977 247.078 0.0 0.0 
2017-07-05 10:34:58.584000 391.579 248.28 248.16 267.57 239.93 270.64 268.19 247.8 248.16 249.538 249.543 249.686 0.0 245.783 248.559 228.987 247.085 0.0 0.0 
2017-07-05 10:35:09.846000 402.841 248.29 248.16 267.57 239.94 270.64 268.19 247.8 248.169 249.547 249.549 249.694 0.0 245.782 248.568 228.998 247.093 0.0 0.0 
2017-07-05 10:35:21.159000 414.154 248.3 248.17 267.58 239.95 270.65 268.2 247.81 248.176 249.554 249.557 249.701 0.0 245.798 248.575 229.01 247.1 0.0 0.0 
2017-07-05 10:35:32.461000 425.456 248.31 248.18 267.58 239.96 270.65 268.2 247.82 248.185 249.562 249.566 249.709 0.0 245.808 248.583 229.021 247.108 0.0 0.0 
2017-07-05 10:35:43.803000 436.798 248.31 248.19 267.59 239.97 270.65 268.2 247.83 248.194 249.571 249.571 249.716 0.0 245.816 248.591 229.032 247.117 0.0 0.0 
2017-07-05 10:35:55.225000 448.22 248.32 248.2 267.59 239.98 270.66 268.21 247.84 248.201 249.579 249.581 249.725 0.0 245.823 248.599 229.042 247.125 0.0 0.0 
2017-07-05 10:36:06.638000 459.633 248.33 248.2 267.59 239.99 270.66 268.21 247.84 248.21 249.586 249.589 249.734 0.0 245.833 248.609 229.054 247.133 0.0 0.0 
2017-07-05 10:36:18.080000 471.075 248.34 248.21 267.6 240.0 270.66 268.22 247.85 248.218 249.595 249.596 249.741 0.0 245.84 248.617 229.065 247.139 0.0 0.0 
2017-07-05 10:36:29.542000 482.537 248.34 248.22 267.6 240.01 270.67 268.22 247.86 248.227 249.602 249.606 249.75 0.0 245.85 248.625 229.076 247.149 0.0 0.0 
2017-07-05 10:36:41.045000 494.04 248.35 248.23 267.61 240.02 270.67 268.22 247.87 248.235 249.61 249.614 249.759 0.0 245.857 248.634 229.087 247.157 0.0 0.0 
2017-07-05 10:36:52.567000 505.562 248.36 248.23 267.61 240.03 270.67 268.23 247.88 248.242 249.617 249.622 249.767 0.0 245.868 248.642 229.097 247.166 0.0 0.0 
2017-07-05 10:37:04.099000 517.094 248.37 248.24 267.61 240.04 270.68 268.23 247.88 248.251 249.626 249.627 249.774 0.0 245.874 248.65 229.11 247.172 0.0 0.0 
2017-07-05 10:37:15.712000 528.707 248.38 248.25 267.62 240.05 270.68 268.24 247.89 248.261 249.634 249.638 249.783 0.0 245.884 248.66 229.121 247.183 0.0 0.0 
2017-07-05 10:37:27.324000 540.319 248.38 248.26 267.62 240.06 270.68 268.24 247.9 248.268 249.643 249.646 249.791 0.0 245.894 248.668 229.131 247.188 0.0 0.0 
2017-07-05 10:37:38.986000 551.981 248.39 248.27 267.63 240.07 270.69 268.24 247.91 248.276 249.652 249.653 249.798 0.0 245.901 248.675 229.143 247.198 0.0 0.0 
2017-07-05 10:37:50.618000 563.613 248.4 248.27 267.63 240.08 270.69 268.25 247.92 248.285 249.659 249.661 249.806 0.0 245.91 248.685 229.153 247.205 0.0 0.0 
2017-07-05 10:38:02.311000 575.306 248.41 248.28 267.64 240.09 270.7 268.25 247.93 248.294 249.667 249.67 249.816 0.0 245.92 248.691 229.165 247.213 0.0 0.0 
2017-07-05 10:38:14.043000 587.038 248.42 248.29 267.64 240.1 270.7 268.26 247.93 248.302 249.676 249.679 249.825 0.0 245.927 248.701 229.177 247.222 0.0 0.0 
2017-07-05 10:38:25.765000 598.76 248.42 248.3 267.64 240.11 270.7 268.26 247.94 248.311 249.683 249.688 249.832 0.0 245.935 248.708 229.188 247.231 0.0 0.0 
2017-07-05 10:38:37.508000 610.503 248.43 248.3 267.65 240.12 270.71 268.26 247.95 248.316 249.691 249.696 249.839 0.0 245.945 248.72 229.2 247.239 0.0 0.0 
2017-07-05 10:38:49.330000 622.325 248.44 248.31 267.65 240.13 270.71 268.27 247.96 248.328 249.699 249.704 249.848 0.0 245.954 248.726 229.211 247.246 0.0 0.0 
2017-07-05 10:39:01.153000 634.148 248.45 248.32 267.66 240.14 270.72 268.27 247.97 248.336 249.708 249.712 249.856 0.0 245.962 248.734 229.222 247.255 0.0 0.0 
2017-07-05 10:39:13.005000 646.0 248.46 248.33 267.66 240.15 270.72 268.28 247.98 248.344 249.716 249.72 249.864 0.0 245.971 248.745 229.233 247.263 0.0 0.0 
2017-07-05 10:39:24.847000 657.842 248.46 248.34 267.66 240.15 270.72 268.28 247.98 248.352 249.724 249.728 249.873 0.0 245.98 248.751 229.244 247.271 0.0 0.0 
2017-07-05 10:39:36.760000 669.755 248.47 248.34 267.67 240.16 270.73 268.29 247.99 248.362 249.732 249.735 249.881 0.0 245.989 248.761 229.257 247.28 0.0 0.0 
2017-07-05 10:39:48.732000 681.727 248.48 248.35 267.67 240.18 270.73 268.29 248.0 248.371 249.743 249.746 249.89 0.0 245.998 248.77 229.269 247.289 0.0 0.0 
2017-07-05 10:40:00.694000 693.689 248.49 248.36 267.68 240.19 270.73 268.29 248.01 248.379 249.75 249.755 249.898 0.0 246.007 248.779 229.28 247.297 0.0 0.0 
2017-07-05 10:40:12.657000 705.652 248.5 248.37 267.68 240.19 270.74 268.3 248.02 248.388 249.759 249.763 249.907 0.0 246.016 248.789 229.293 247.305 0.0 0.0 
2017-07-05 10:40:24.639000 717.634 248.51 248.38 267.69 240.2 270.74 268.3 248.02 248.397 249.767 249.771 249.916 0.0 246.026 248.796 229.304 247.314 0.0 0.0 
2017-07-05 10:40:36.632000 729.627 248.52 248.39 267.69 240.21 270.75 268.31 248.03 248.404 249.775 249.778 249.925 0.0 246.033 248.805 229.315 247.323 0.0 0.0 
2017-07-05 10:40:48.684000 741.679 248.52 248.39 267.69 240.23 270.75 268.31 248.04 248.414 249.781 249.787 249.932 0.0 246.043 248.814 229.326 247.33 0.0 0.0 
2017-07-05 10:41:00.726000 753.721 248.53 248.4 267.7 240.24 270.75 268.31 248.05 248.423 249.792 249.795 249.942 0.0 246.051 248.822 229.338 247.339 0.0 0.0 
2017-07-05 10:41:12.879000 765.874 248.54 248.41 267.7 240.25 270.76 268.32 248.06 248.431 249.799 249.805 249.949 0.0 246.06 248.83 229.349 247.348 0.0 0.0 
2017-07-05 10:41:24.981000 777.976 248.55 248.42 267.71 240.26 270.76 268.32 248.07 248.44 249.81 249.813 249.958 0.0 246.07 248.839 229.362 247.355 0.0 0.0 
2017-07-05 10:41:37.454000 790.449 248.56 248.43 267.71 240.26 270.76 268.33 248.08 248.447 249.818 249.822 249.966 0.0 246.08 248.848 229.374 247.364 0.0 0.0 
2017-07-05 10:41:49.626000 802.621 248.56 248.43 267.72 240.28 270.77 268.33 248.09 248.456 249.825 249.831 249.975 0.0 246.088 248.858 229.386 247.374 0.0 0.0 
2017-07-05 10:42:01.808000 814.803 248.57 248.44 267.72 240.29 270.77 268.34 248.09 248.467 249.834 249.84 249.984 0.0 246.097 248.867 229.398 247.382 0.0 0.0 
2017-07-05 10:42:14.021000 827.016 248.58 248.45 267.72 240.3 270.78 268.34 248.1 248.476 249.841 249.848 249.991 0.0 246.107 248.875 229.409 247.39 0.0 0.0 
2017-07-05 10:42:26.303000 839.298 248.59 248.46 267.73 240.31 270.78 268.35 248.11 248.483 249.85 249.856 250.001 0.0 246.116 248.883 229.42 247.398 0.0 0.0 
2017-07-05 10:42:38.546000 851.541 248.6 248.47 267.73 240.32 270.78 268.35 248.12 248.493 249.858 249.865 250.008 0.0 246.124 248.893 229.433 247.408 0.0 0.0 
2017-07-05 10:42:50.868000 863.863 248.61 248.48 267.74 240.33 270.79 268.35 248.13 248.502 249.868 249.873 250.018 0.0 246.132 248.902 229.443 247.416 0.0 0.0 
2017-07-05 10:43:03.201000 876.196 248.62 248.48 267.74 240.34 270.79 268.36 248.14 248.511 249.877 249.883 250.027 0.0 246.143 248.913 229.457 247.425 0.0 0.0 
2017-07-05 10:43:16.613000 889.608 248.62 248.49 267.75 240.35 270.8 268.36 248.15 248.52 249.886 249.892 250.037 0.0 246.152 248.921 229.468 247.435 0.0 0.0 
2017-07-05 10:43:28.986000 901.981 248.63 248.5 267.75 240.36 270.8 268.37 248.16 248.527 249.893 249.9 250.044 0.0 246.16 248.928 229.48 247.443 0.0 0.0 
2017-07-05 10:43:41.378000 914.373 248.64 248.51 267.76 240.37 270.8 268.37 248.16 248.538 249.903 249.908 250.053 0.0 246.17 248.939 229.492 247.451 0.0 0.0 
2017-07-05 10:43:53.811000 926.806 248.65 248.52 267.76 240.38 270.81 268.38 248.17 248.546 249.911 249.917 250.061 0.0 246.18 248.949 229.504 247.46 0.0 0.0 
2017-07-05 10:44:06.293000 939.288 248.66 248.53 267.76 240.39 270.81 268.38 248.18 248.555 249.919 249.927 250.071 0.0 246.19 248.957 229.516 247.468 0.0 0.0 
2017-07-05 10:44:18.767000 951.762 248.67 248.53 267.77 240.4 270.82 268.38 248.19 248.565 249.929 249.937 250.079 0.0 246.198 248.967 229.528 247.479 0.0 0.0 
2017-07-05 10:44:31.289000 964.284 248.68 248.54 267.77 240.41 270.82 268.39 248.2 248.573 249.939 249.946 250.089 0.0 246.208 248.974 229.54 247.487 0.0 0.0 
2017-07-05 10:44:43.822000 976.817 248.69 248.55 267.78 240.42 270.83 268.39 248.21 248.584 249.948 249.953 250.099 0.0 246.217 248.985 229.553 247.496 0.0 0.0 
2017-07-05 10:44:57.034000 990.029 248.69 248.56 267.78 240.43 270.83 268.4 248.22 248.591 249.955 249.963 250.105 0.0 246.226 248.992 229.566 247.503 0.0 0.0 
2017-07-05 10:45:09.698000 1002.693 248.7 248.57 267.79 240.44 270.83 268.4 248.23 248.601 249.965 249.972 250.114 0.0 246.235 249.002 229.578 247.513 0.0 0.0 
2017-07-05 10:45:22.310000 1015.305 248.71 248.58 267.79 240.45 270.84 268.41 248.23 248.611 249.974 249.98 250.124 0.0 246.246 249.011 229.59 247.519 0.0 0.0 
2017-07-05 10:45:34.933000 1027.928 248.72 248.58 267.79 240.46 270.84 268.41 248.24 248.618 249.982 249.988 250.134 0.0 246.254 249.02 229.602 247.53 0.0 0.0 
2017-07-05 10:45:47.665000 1040.66 248.73 248.59 267.8 240.47 270.84 268.42 248.25 248.629 249.991 249.999 250.141 0.0 246.264 249.03 229.614 247.541 0.0 0.0 
2017-07-05 10:46:00.358000 1053.353 248.74 248.6 267.8 240.48 270.85 268.42 248.26 248.637 249.999 250.007 250.15 0.0 246.275 249.04 229.626 247.548 0.0 0.0 
2017-07-05 10:46:13.111000 1066.106 248.74 248.61 267.81 240.49 270.85 268.42 248.27 248.645 250.009 250.014 250.159 0.0 246.283 249.047 229.638 247.555 0.0 0.0 
2017-07-05 10:46:25.823000 1078.818 248.75 248.62 267.81 240.5 270.86 268.43 248.28 248.654 250.018 250.025 250.167 0.0 246.292 249.056 229.65 247.567 0.0 0.0 
2017-07-05 10:46:38.566000 1091.561 248.76 248.63 267.82 240.52 270.86 268.43 248.29 248.666 250.025 250.035 250.178 0.0 246.303 249.067 229.663 247.572 0.0 0.0 
2017-07-05 10:46:51.368000 1104.363 248.77 248.64 267.82 240.53 270.86 268.44 248.3 248.674 250.035 250.042 250.187 0.0 246.312 249.076 229.675 247.583 0.0 0.0 
2017-07-05 10:47:04.181000 1117.176 248.78 248.64 267.83 240.54 270.87 268.44 248.31 248.683 250.045 250.051 250.195 0.0 246.321 249.084 229.688 247.592 0.0 0.0 
2017-07-05 10:47:18.274000 1131.269 248.79 248.65 267.83 240.55 270.87 268.45 248.31 248.693 250.052 250.061 250.204 0.0 246.332 249.095 229.7 247.601 0.0 0.0 
2017-07-05 10:47:31.156000 1144.151 248.8 248.66 267.84 240.56 270.88 268.45 248.32 248.703 250.062 250.07 250.214 0.0 246.341 249.104 229.714 247.61 0.0 0.0 
2017-07-05 10:47:44.079000 1157.074 248.81 248.67 267.84 240.57 270.88 268.46 248.33 248.711 250.071 250.079 250.221 0.0 246.35 249.113 229.725 247.62 0.0 0.0 
2017-07-05 10:47:57.031000 1170.026 248.82 248.68 267.85 240.58 270.89 268.46 248.34 248.722 250.079 250.089 250.231 0.0 246.358 249.123 229.738 247.629 0.0 0.0 
2017-07-05 10:48:09.984000 1182.979 248.83 248.69 267.85 240.59 270.89 268.47 248.35 248.732 250.09 250.097 250.24 0.0 246.37 249.132 229.75 247.639 0.0 0.0 
2017-07-05 10:48:22.966000 1195.961 248.84 248.7 267.86 240.6 270.89 268.47 248.36 248.739 250.098 250.106 250.249 0.0 246.377 249.142 229.763 247.646 0.0 0.0 
2017-07-05 10:48:35.999000 1208.994 248.84 248.7 267.86 240.61 270.9 268.48 248.37 248.751 250.106 250.115 250.259 0.0 246.387 249.151 229.776 247.655 0.0 0.0 
2017-07-05 10:48:49.042000 1222.037 248.85 248.71 267.86 240.62 270.9 268.48 248.38 248.759 250.116 250.124 250.268 0.0 246.397 249.16 229.787 247.666 0.0 0.0 
2017-07-05 10:49:02.084000 1235.079 248.86 248.72 267.87 240.63 270.91 268.48 248.39 248.768 250.126 250.134 250.276 0.0 246.407 249.168 229.8 247.674 0.0 0.0 
2017-07-05 10:49:15.187000 1248.182 248.87 248.73 267.87 240.65 270.91 268.49 248.4 248.779 250.134 250.142 250.285 0.0 246.417 249.181 229.814 247.683 0.0 0.0 
2017-07-05 10:49:28.299000 1261.294 248.88 248.74 267.88 240.66 270.91 268.5 248.4 248.787 250.144 250.152 250.295 0.0 246.428 249.188 229.825 247.688 0.0 0.0 
2017-07-05 10:49:41.432000 1274.427 248.89 248.75 267.88 240.67 270.92 268.5 248.41 248.797 250.153 250.162 250.303 0.0 246.436 249.199 229.836 247.702 0.0 0.0 
2017-07-05 10:49:54.595000 1287.59 248.9 248.76 267.89 240.68 270.92 268.5 248.42 248.805 250.161 250.168 250.312 0.0 246.448 249.209 229.852 247.71 0.0 0.0 
2017-07-05 10:50:07.777000 1300.772 248.91 248.77 267.89 240.69 270.93 268.51 248.43 248.816 250.171 250.179 250.322 0.0 246.457 249.218 229.863 247.72 0.0 0.0 
2017-07-05 10:50:21.960000 1314.955 248.92 248.78 267.9 240.7 270.93 268.51 248.44 248.825 250.181 250.189 250.332 0.0 246.465 249.228 229.876 247.73 0.0 0.0 
2017-07-05 10:50:35.233000 1328.228 248.93 248.79 267.9 240.71 270.93 268.52 248.45 248.834 250.189 250.197 250.34 0.0 246.475 249.237 229.89 247.738 0.0 0.0 
2017-07-05 10:50:48.475000 1341.47 248.93 248.79 267.91 240.72 270.94 268.52 248.46 248.842 250.198 250.206 250.35 0.0 246.487 249.247 229.903 247.748 0.0 0.0 
2017-07-05 10:51:01.808000 1354.803 248.94 248.8 267.91 240.73 270.94 268.53 248.47 248.853 250.209 250.216 250.36 0.0 246.495 249.258 229.916 247.759 0.0 0.0 
2017-07-05 10:51:15.141000 1368.136 248.95 248.81 267.92 240.74 270.95 268.53 248.48 248.863 250.217 250.224 250.368 0.0 246.505 249.266 229.928 247.766 0.0 0.0 
2017-07-05 10:51:28.473000 1381.468 248.96 248.82 267.92 240.76 270.95 268.54 248.49 248.872 250.224 250.236 250.379 0.0 246.516 249.276 229.94 247.776 0.0 0.0 
2017-07-05 10:51:41.876000 1394.871 248.97 248.83 267.93 240.77 270.96 268.54 248.5 248.883 250.235 250.244 250.386 0.0 246.525 249.286 229.955 247.784 0.0 0.0 
2017-07-05 10:51:55.309000 1408.304 248.98 248.84 267.93 240.78 270.96 268.55 248.51 248.891 250.245 250.254 250.396 0.0 246.536 249.293 229.966 247.795 0.0 0.0 
2017-07-05 10:52:08.741000 1421.736 248.99 248.85 267.93 240.79 270.96 268.55 248.51 248.902 250.253 250.263 250.406 0.0 246.545 249.305 229.979 247.802 0.0 0.0 
2017-07-05 10:52:22.184000 1435.179 249.0 248.86 267.94 240.8 270.97 268.55 248.53 248.91 250.263 250.272 250.414 0.0 246.554 249.314 229.992 247.813 0.0 0.0 
2017-07-05 10:52:35.697000 1448.692 249.01 248.86 267.94 240.81 270.97 268.56 248.54 248.921 250.272 250.282 250.425 0.0 246.567 249.325 230.006 247.822 0.0 0.0 
2017-07-05 10:52:49.199000 1462.194 249.02 248.87 267.95 240.82 270.98 268.56 248.55 248.931 250.281 250.289 250.434 0.0 246.574 249.334 230.018 247.832 0.0 0.0 
2017-07-05 10:53:02.762000 1475.757 249.03 248.88 267.95 240.83 270.98 268.57 248.56 248.94 250.29 250.299 250.443 0.0 246.586 249.343 230.031 247.841 0.0 0.0 
2017-07-05 10:53:16.325000 1489.32 249.04 248.89 267.96 240.84 270.99 268.57 248.57 248.95 250.299 250.311 250.452 0.0 246.596 249.353 230.044 247.85 0.0 0.0 
2017-07-05 10:53:29.888000 1502.883 249.04 248.9 267.96 240.86 270.99 268.58 248.57 248.96 250.308 250.319 250.461 0.0 246.605 249.364 230.056 247.861 0.0 0.0 
2017-07-05 10:53:43.530000 1516.525 249.05 248.91 267.97 240.87 270.99 268.58 248.58 248.968 250.319 250.328 250.471 0.0 246.616 249.374 230.069 247.87 0.0 0.0 
2017-07-05 10:53:57.133000 1530.128 249.06 248.92 267.97 240.88 271.0 268.59 248.59 248.978 250.328 250.337 250.481 0.0 246.625 249.383 230.082 247.878 0.0 0.0 
2017-07-05 10:54:10.776000 1543.771 249.07 248.93 267.98 240.89 271.0 268.59 248.6 248.988 250.338 250.348 250.49 0.0 246.634 249.393 230.097 247.888 0.0 0.0 
2017-07-05 10:54:24.508000 1557.503 249.08 248.94 267.98 240.9 271.01 268.6 248.61 248.997 250.346 250.355 250.499 0.0 246.646 249.393 230.11 247.896 0.0 0.0 
2017-07-05 10:54:38.221000 1571.216 249.09 248.95 267.99 240.91 271.01 268.6 248.62 249.008 250.356 250.367 250.509 0.0 246.654 249.413 230.123 247.908 0.0 0.0 
2017-07-05 10:54:51.954000 1584.949 249.1 248.96 267.99 240.92 271.02 268.61 248.63 249.018 250.366 250.376 250.518 0.0 246.665 249.423 230.134 247.916 0.0 0.0 
2017-07-05 10:55:05.827000 1598.822 249.11 248.96 268.0 240.93 271.02 268.61 248.64 249.028 250.375 250.385 250.528 0.0 246.674 249.433 230.15 247.926 0.0 0.0 
2017-07-05 10:55:19.599000 1612.594 249.12 248.97 268.0 240.95 271.02 268.62 248.65 249.038 250.386 250.395 250.539 0.0 246.687 249.442 230.161 247.937 0.0 0.0 
2017-07-05 10:55:33.832000 1626.827 249.13 248.98 268.01 240.96 271.03 268.62 248.66 249.048 250.394 250.403 250.548 0.0 246.696 249.453 230.176 247.946 0.0 0.0 
2017-07-05 10:55:47.705000 1640.7 249.14 248.99 268.01 240.97 271.03 268.63 248.67 249.058 250.404 250.414 250.557 0.0 246.707 249.463 230.189 247.955 0.0 0.0 
2017-07-05 10:56:01.629000 1654.624 249.15 249.0 268.02 240.98 271.04 268.63 248.68 249.069 250.414 250.426 250.567 0.0 246.717 249.473 230.202 247.966 0.0 0.0 
2017-07-05 10:56:16.322000 1669.317 249.16 249.01 268.02 240.99 271.04 268.64 248.69 249.079 250.423 250.434 250.578 0.0 246.729 249.482 230.214 247.975 0.0 0.0 
2017-07-05 10:56:30.254000 1683.249 249.17 249.02 268.03 241.0 271.05 268.64 248.7 249.087 250.433 250.443 250.586 0.0 246.737 249.492 230.228 247.982 0.0 0.0 
2017-07-05 10:56:44.207000 1697.202 249.18 249.03 268.03 241.02 271.05 268.65 248.71 249.098 250.442 250.453 250.595 0.0 246.748 249.503 230.242 247.994 0.0 0.0 
2017-07-05 10:56:58.450000 1711.445 249.19 249.04 268.04 241.03 271.06 268.65 248.72 249.108 250.452 250.462 250.607 0.0 246.759 249.512 230.255 248.004 0.0 0.0 
2017-07-05 10:57:12.463000 1725.458 249.2 249.05 268.04 241.04 271.06 268.66 248.73 249.116 250.461 250.472 250.616 0.0 246.77 249.525 230.267 248.015 0.0 0.0 
2017-07-05 10:57:26.456000 1739.451 249.2 249.06 268.05 241.05 271.06 268.66 248.74 249.128 250.47 250.484 250.625 0.0 246.779 249.534 230.283 248.026 0.0 0.0 
2017-07-05 10:57:40.748000 1753.743 249.21 249.07 268.05 241.06 271.07 268.67 248.75 249.139 250.48 250.492 250.636 0.0 246.79 249.545 230.296 248.033 0.0 0.0 
2017-07-05 10:57:54.791000 1767.786 249.22 249.08 268.06 241.07 271.07 268.67 248.76 249.149 250.491 250.501 250.646 0.0 246.799 249.553 230.309 248.044 0.0 0.0 
2017-07-05 10:58:08.884000 1781.879 249.23 249.09 268.06 241.09 271.08 268.68 248.77 249.158 250.5 250.512 250.655 0.0 246.809 249.563 230.323 248.052 0.0 0.0 
2017-07-05 10:58:22.987000 1795.982 249.24 249.09 268.07 241.1 271.08 268.68 248.78 249.167 250.511 250.522 250.667 0.0 246.819 249.572 230.337 248.062 0.0 0.0 
2017-07-05 10:58:37.170000 1810.165 249.25 249.1 268.07 241.11 271.09 268.69 248.79 249.178 250.519 250.53 250.675 0.0 246.83 249.582 230.348 248.071 0.0 0.0 
2017-07-05 10:58:51.333000 1824.328 249.26 249.11 268.08 241.12 271.09 268.69 248.8 249.188 250.53 250.541 250.686 0.0 246.84 249.593 230.363 248.081 0.0 0.0 
2017-07-05 10:59:05.585000 1838.58 249.27 249.12 268.08 241.13 271.09 268.7 248.81 249.2 250.539 250.552 250.694 0.0 246.852 249.605 230.377 248.092 0.0 0.0 
2017-07-05 10:59:19.808000 1852.803 249.28 249.13 268.09 241.14 271.1 268.7 248.82 249.208 250.548 250.56 250.703 0.0 246.863 249.614 230.389 248.102 0.0 0.0 
2017-07-05 10:59:34.081000 1867.076 249.29 249.14 268.09 241.16 271.1 268.71 248.83 249.219 250.557 250.57 250.714 0.0 246.871 249.623 230.404 248.11 0.0 0.0 
2017-07-05 10:59:48.354000 1881.349 249.3 249.15 268.1 241.17 271.11 268.71 248.84 249.23 250.568 250.58 250.724 0.0 246.883 249.633 230.417 248.122 0.0 0.0 
2017-07-05 11:00:02.647000 1895.642 249.31 249.16 268.1 241.18 271.11 268.72 248.85 249.24 250.578 250.591 250.735 0.0 246.893 249.645 230.431 248.132 0.0 0.0 
2017-07-05 11:00:16.990000 1909.985 249.32 249.17 268.11 241.19 271.12 268.72 248.86 249.249 250.588 250.601 250.744 0.0 246.905 249.654 230.444 248.14 0.0 0.0 
2017-07-05 11:00:31.332000 1924.327 249.33 249.18 268.11 241.2 271.12 268.73 248.87 249.26 250.597 250.611 250.754 0.0 246.914 249.665 230.459 248.151 0.0 0.0 
2017-07-05 11:00:45.885000 1938.88 249.34 249.19 268.12 241.21 271.13 268.73 248.88 249.271 250.609 250.619 250.764 0.0 246.924 249.678 230.471 248.16 0.0 0.0 
2017-07-05 11:01:00.288000 1953.283 249.35 249.2 268.12 241.23 271.13 268.74 248.89 249.279 250.616 250.628 250.774 0.0 246.934 249.685 230.486 248.169 0.0 0.0 
2017-07-05 11:01:14.721000 1967.716 249.36 249.21 268.13 241.24 271.14 268.74 248.9 249.291 250.627 250.641 250.783 0.0 246.948 249.697 230.5 248.18 0.0 0.0 
2017-07-05 11:01:29.204000 1982.199 249.37 249.22 268.13 241.25 271.14 268.75 248.91 249.301 250.637 250.649 250.793 0.0 246.955 249.706 230.514 248.19 0.0 0.0 
2017-07-05 11:01:43.707000 1996.702 249.38 249.23 268.14 241.26 271.14 268.75 248.92 249.313 250.648 250.66 250.803 0.0 246.968 249.717 230.527 248.202 0.0 0.0 
2017-07-05 11:01:58.250000 2011.245 249.39 249.24 268.14 241.27 271.15 268.76 248.93 249.322 250.657 250.67 250.812 0.0 246.977 249.727 230.542 248.212 0.0 0.0 
2017-07-05 11:02:12.793000 2025.788 249.4 249.25 268.15 241.29 271.15 268.76 248.94 249.332 250.666 250.68 250.823 0.0 246.989 249.739 230.555 248.221 0.0 0.0 
2017-07-05 11:02:27.326000 2040.321 249.41 249.26 268.15 241.3 271.16 268.77 248.95 249.344 250.677 250.689 250.834 0.0 246.999 249.747 230.569 248.233 0.0 0.0 
2017-07-05 11:02:41.918000 2054.913 249.42 249.27 268.16 241.31 271.16 268.77 248.96 249.353 250.687 250.7 250.843 0.0 247.01 249.76 230.583 248.24 0.0 0.0 
2017-07-05 11:02:56.551000 2069.546 249.43 249.28 268.16 241.32 271.17 268.78 248.97 249.364 250.696 250.709 250.853 0.0 247.02 249.77 230.596 248.25 0.0 0.0 
2017-07-05 11:03:11.224000 2084.219 249.44 249.29 268.17 241.33 271.17 268.78 248.98 249.374 250.706 250.719 250.864 0.0 247.032 249.779 230.609 248.261 0.0 0.0 
2017-07-05 11:03:25.937000 2098.932 249.45 249.3 268.17 241.34 271.18 268.79 248.99 249.385 250.716 250.73 250.875 0.0 247.041 249.79 230.624 248.271 0.0 0.0 
2017-07-05 11:03:40.660000 2113.655 249.46 249.31 268.18 241.36 271.18 268.79 249.0 249.395 250.727 250.741 250.883 0.0 247.053 249.8 230.639 248.281 0.0 0.0 
2017-07-05 11:03:55.383000 2128.378 249.47 249.32 268.18 241.37 271.19 268.8 249.01 249.404 250.736 250.75 250.894 0.0 247.064 249.809 230.652 248.292 0.0 0.0 
2017-07-05 11:04:10.136000 2143.131 249.48 249.32 268.19 241.38 271.19 268.8 249.02 249.414 250.748 250.759 250.903 0.0 247.073 249.82 230.666 248.302 0.0 0.0 
2017-07-05 11:04:24.959000 2157.954 249.49 249.33 268.19 241.39 271.2 268.81 249.03 249.424 250.757 250.771 250.914 0.0 247.084 249.831 230.68 248.31 0.0 0.0 
2017-07-05 11:04:39.752000 2172.747 249.5 249.34 268.2 241.4 271.2 268.81 249.04 249.437 250.767 250.781 250.924 0.0 247.095 249.844 230.694 248.323 0.0 0.0 
