#Human readable time. Time (s) since start. Lakeshore temperature sensor 218 T1,2,3,4,5,6,8 and 224 C2,C3,C4,C5,D1,D2,D3,D4,D5,A,B, LR750
2017-08-08 11:45:44.122000 0.0 4.651 8.139 49.927 6.711 33.919 52.266 7.453 16.28 20.5115 28.6928 27.5853 22.9655 14.8341 6.7051 18.5001 7.6499 20.1881 16.8628 -1.0
2017-08-08 11:45:59.372000 15.25 4.653 8.23 49.938 6.711 33.978 52.273 7.531 16.5107 20.737 28.7351 27.6139 22.9256 15.0302 6.841 18.4623 7.7313 20.1717 16.8073 -1.0
2017-08-08 11:46:11.673000 27.551 4.672 8.312 49.95 6.712 34.535 52.282 7.596 16.7166 20.9256 28.7702 27.6406 22.9017 15.2044 6.9603 18.4216 7.8023 20.156 16.7659 -1.0
2017-08-08 11:46:24.013000 39.891 5.244 8.389 49.96 6.713 34.154 52.292 7.659 16.9001 21.09 28.807 27.6681 22.8626 15.3763 7.0827 18.3775 7.8652 20.114 16.7142 -1.0
2017-08-08 11:46:36.493000 52.371 4.722 8.458 49.971 6.714 34.289 52.3 7.718 17.0847 21.2203 28.848 27.695 22.8439 15.5429 7.2027 18.3298 7.9272 20.0927 16.6621 -1.0
2017-08-08 11:46:48.943000 64.821 5.228 8.528 49.982 6.715 34.642 52.308 7.77 17.2609 21.345 28.8838 27.7229 22.8097 15.7019 7.3216 18.2777 7.9799 20.0721 16.6021 -1.0
2017-08-08 11:47:01.473000 77.351 4.802 8.599 49.993 6.716 34.139 52.318 7.819 17.4277 21.4491 28.9253 27.7521 22.7737 15.855 7.4378 18.2219 8.0309 20.0353 16.545 -1.0
2017-08-08 11:47:14.053000 89.931 5.111 8.665 50.005 6.718 34.444 52.329 7.833 17.5862 21.5536 28.9653 27.7821 22.7349 16.0006 7.5524 18.1625 8.0812 20.0261 16.4755 -1.0
2017-08-08 11:47:26.714000 102.592 4.953 8.729 50.017 6.719 34.019 52.338 7.881 17.7364 21.6442 28.6564 27.8092 22.7376 16.1517 7.6652 18.1 8.1235 19.9917 16.3934 -1.0
2017-08-08 11:47:39.114000 114.992 4.979 8.784 50.027 6.721 34.82 52.348 7.943 17.8736 21.7327 27.8244 27.1409 22.7022 16.2972 7.7758 18.0342 8.1619 19.967 16.3395 -1.0
2017-08-08 11:47:51.374000 127.252 5.272 8.838 50.041 6.723 34.682 52.359 7.979 18.0133 21.8171 27.2586 26.6725 22.6502 16.4377 7.8855 17.9685 8.199 19.9267 16.2685 -1.0
2017-08-08 11:48:03.654000 139.532 4.914 8.886 50.051 6.725 34.183 52.372 7.94 18.1415 21.8887 26.6465 26.1513 22.6329 16.5681 7.9884 17.8975 8.2347 19.9009 16.1919 -1.0
2017-08-08 11:48:15.984000 151.862 4.882 8.934 50.065 6.727 34.386 52.381 8.043 18.2715 21.9654 26.0088 25.6916 22.6012 16.6996 8.0951 17.8234 8.2655 19.8844 16.1158 -1.0
2017-08-08 11:48:28.336000 164.214 5.347 8.979 50.078 6.729 34.719 52.392 8.073 18.3917 22.0322 25.4012 25.1824 22.5389 16.8267 8.1991 17.7508 8.2956 19.8511 16.0429 -1.0
2017-08-08 11:48:40.766000 176.644 4.939 9.021 50.09 6.732 34.319 52.403 8.036 18.5146 22.0926 24.7992 24.7605 22.5195 16.9499 8.2976 17.6736 8.3227 19.8276 15.9689 -1.0
2017-08-08 11:48:53.196000 189.074 5.255 9.058 50.105 6.735 34.644 52.413 8.122 18.6343 22.1578 24.2708 24.3673 22.4918 17.0671 8.3988 17.5946 8.3456 19.7937 15.8941 -1.0
2017-08-08 11:49:05.766000 201.644 5.059 9.095 50.116 6.738 34.159 52.426 8.144 18.7526 22.2148 23.7482 23.9271 22.4507 17.192 8.4969 17.5152 8.3696 19.7755 15.8245 -1.0
2017-08-08 11:49:18.366000 214.244 4.956 9.129 50.129 6.741 34.898 52.436 8.167 18.8701 22.2764 23.1959 23.5915 22.4048 17.3088 8.5987 17.4346 8.3922 19.7555 15.7387 -1.0
2017-08-08 11:49:30.937000 226.815 5.453 9.162 50.141 6.745 34.366 52.448 8.099 18.9867 22.3293 22.7161 23.1699 22.3725 17.422 8.6939 17.3511 8.4112 19.7169 15.6755 -1.0
2017-08-08 11:49:43.577000 239.455 4.934 9.192 50.153 6.749 34.888 52.46 8.202 19.1027 22.388 22.2344 22.8221 22.3286 17.5331 8.787 17.2714 8.4302 19.6889 15.6108 -1.0
2017-08-08 11:49:56.297000 252.175 4.999 9.22 50.166 6.753 34.519 52.471 8.218 19.2201 22.4434 21.71 22.5081 22.2974 17.6449 8.8793 17.1923 8.4454 19.6533 15.5438 -1.0
2017-08-08 11:50:09.027000 264.905 5.157 9.247 50.182 6.757 35.068 52.485 8.227 19.3422 22.4988 21.2582 22.1443 22.2458 17.75 8.9719 17.1139 8.4592 19.6347 15.4767 -1.0
2017-08-08 11:50:21.777000 277.655 5.243 9.271 50.195 6.762 34.323 52.496 8.242 19.4699 22.5529 20.8163 21.8078 22.2142 17.8565 9.0598 17.0399 8.4704 19.582 15.4226 -1.0
2017-08-08 11:50:34.589000 290.467 5.464 9.294 50.209 6.767 34.906 52.508 8.253 19.6131 22.611 20.3572 21.5004 22.1604 17.9571 9.1492 16.9672 8.4816 19.5577 15.3673 -1.0
2017-08-08 11:50:47.429000 303.307 5.049 9.314 50.22 6.772 34.542 52.522 8.249 19.7611 22.6606 19.9021 21.2033 22.1473 18.0592 9.2353 16.9044 8.4844 19.5254 15.3092 -1.0
2017-08-08 11:51:00.349000 316.227 5.576 9.332 50.237 6.777 34.57 52.532 8.258 19.9323 22.7224 19.4782 20.9274 22.0999 18.1594 9.3207 16.8416 8.4855 19.4953 15.2579 -1.0
2017-08-08 11:51:13.349000 329.227 5.4 9.348 50.247 6.783 34.993 52.544 8.191 20.1129 22.7814 19.0507 20.6123 22.0742 18.2574 9.4033 16.7839 8.482 19.4638 15.2251 -1.0
2017-08-08 11:51:26.439000 342.317 4.981 9.361 50.26 6.789 35.019 52.556 8.247 20.3247 22.8405 18.6287 20.3133 22.0236 18.3534 9.4827 16.7289 8.4717 19.443 15.1854 -1.0
2017-08-08 11:51:39.510000 355.388 5.027 9.371 50.273 6.796 34.445 52.569 8.233 20.5681 22.9068 18.218 20.0401 21.9723 18.4477 9.5607 16.6816 8.4567 19.3987 15.1615 -1.0
2017-08-08 11:51:52.570000 368.448 4.985 9.377 50.287 6.802 34.588 52.579 8.213 20.8495 22.9736 17.8362 19.7582 21.9324 18.54 9.6349 16.6407 8.4335 19.372 15.1381 -1.0
2017-08-08 11:52:05.690000 381.568 5.522 9.381 50.301 6.809 34.598 52.592 8.112 21.1457 23.0812 17.4467 19.485 21.8989 18.6303 9.7079 16.6048 8.4055 19.337 15.1181 -1.0
2017-08-08 11:52:18.860000 394.738 5.324 9.38 50.313 6.816 35.075 52.605 8.156 21.4608 23.2207 17.0658 19.2206 21.8657 18.7221 9.7797 16.5744 8.3706 19.3033 15.0952 -1.0
2017-08-08 11:52:32.080000 407.958 4.913 9.375 50.327 6.823 35.068 52.62 8.116 21.8332 23.3703 16.703 18.9624 21.8148 18.809 9.847 16.5463 8.325 19.2674 15.0862 -1.0
2017-08-08 11:52:45.341000 421.219 4.966 9.366 50.342 6.831 35.163 52.631 7.966 22.2745 23.5229 16.3503 18.7067 21.7617 18.8975 9.9105 16.5226 8.2802 19.2358 15.0655 -1.0
2017-08-08 11:52:58.711000 434.589 4.919 9.353 50.355 6.839 34.584 52.643 8.022 22.723 23.6876 15.9906 18.4579 21.7132 18.9808 9.973 16.5013 8.2257 19.2046 15.057 -1.0
2017-08-08 11:53:12.051000 447.929 4.879 9.336 50.368 6.847 34.658 52.658 7.971 23.1775 23.8475 15.6738 18.2049 21.673 19.064 10.0325 16.4829 8.1699 19.166 15.0453 -1.0
2017-08-08 11:53:25.451000 461.329 4.823 9.315 50.381 6.855 34.883 52.67 7.922 23.7119 24.0266 15.3661 17.9693 21.6371 19.1452 10.0893 16.4662 8.1192 19.1162 15.0379 -1.0
2017-08-08 11:53:38.921000 474.799 4.796 9.291 50.393 6.863 34.945 52.68 7.874 24.2067 24.34 15.0547 17.7405 21.5887 19.2247 10.1435 16.4516 8.067 19.0842 15.0264 -1.0
2017-08-08 11:53:52.413000 488.291 4.776 9.266 50.407 6.872 34.955 52.692 7.827 24.7259 24.6361 14.7809 17.5078 21.5317 19.3028 10.1946 16.4363 8.0188 19.0391 15.0132 -1.0
2017-08-08 11:54:05.923000 501.801 4.754 9.239 50.419 6.881 34.468 52.705 7.783 25.2378 24.9345 14.5096 17.292 21.4811 19.3789 10.2436 16.4225 7.9721 18.9946 15.0022 -1.0
2017-08-08 11:54:19.463000 515.341 4.738 9.211 50.431 6.89 34.459 52.716 7.748 25.7944 25.3621 14.2732 17.0728 21.4226 19.4537 10.2904 16.409 7.9371 18.9371 14.983 -1.0
2017-08-08 11:54:33.093000 528.971 4.723 9.183 50.445 6.899 34.943 52.727 7.713 26.2981 25.842 14.0399 16.8652 21.3715 19.5272 10.3353 16.3969 7.8999 18.8873 14.9753 -1.0
2017-08-08 11:54:46.733000 542.611 4.72 9.154 50.453 6.908 35.079 52.738 7.684 26.7955 26.3754 13.829 16.6756 21.325 19.5991 10.3787 16.3841 7.8678 18.848 14.9644 -1.0
2017-08-08 11:55:00.474000 556.352 4.741 9.127 50.465 6.918 35.161 52.748 7.655 27.2508 26.9199 13.6337 16.4844 21.2796 19.6723 10.4219 16.3707 7.8399 18.8137 14.9479 -1.0
2017-08-08 11:55:14.204000 570.082 5.24 9.1 50.477 6.928 34.813 52.76 7.632 27.6737 27.5194 13.4618 16.3005 21.2168 19.7414 10.4624 16.3573 7.815 18.7641 14.9365 -1.0
2017-08-08 11:55:27.964000 583.842 5.243 9.075 50.486 6.938 34.661 52.769 7.617 28.0872 28.1704 13.3027 16.1238 21.1438 19.8116 10.5035 16.342 7.8007 18.7004 14.9155 -1.0
2017-08-08 11:55:41.794000 597.672 4.696 9.051 50.495 6.948 34.759 52.777 7.596 28.6753 29.0718 13.1566 15.9576 21.0868 19.881 10.5439 16.3282 7.7782 18.6658 14.9003 -1.0
2017-08-08 11:55:55.696000 611.574 4.991 9.028 50.502 6.958 35.145 52.787 7.576 29.1561 29.7449 13.0172 15.8053 21.0244 19.9464 10.5849 16.3132 7.7598 18.5941 14.8876 -1.0
2017-08-08 11:56:09.597000 625.475 4.95 9.006 50.515 6.968 35.159 52.797 7.564 29.526 30.5506 12.9024 15.6543 20.9487 20.0116 10.6247 16.2966 7.7474 18.5365 14.8701 -1.0
2017-08-08 11:56:23.597000 639.475 5.116 8.986 50.521 6.979 34.557 52.805 7.546 29.8646 31.4119 12.7996 15.5168 20.8781 20.0765 10.6632 16.2803 7.7363 18.4708 14.8493 -1.0
2017-08-08 11:56:37.597000 653.475 4.649 8.967 50.532 6.989 34.906 52.814 7.541 30.2751 32.2572 12.7074 15.386 20.7856 20.1392 10.7006 16.2615 7.7239 18.3957 14.8261 -1.0
2017-08-08 11:56:51.667000 667.545 5.075 8.949 50.537 6.999 35.002 52.822 7.529 30.6897 32.9873 12.6219 15.257 20.6995 20.2008 10.737 16.2422 7.7114 18.3458 14.8007 -1.0
2017-08-08 11:57:05.758000 681.636 4.636 8.933 50.548 7.01 35.048 52.831 7.518 31.0918 33.7037 12.5494 15.14 20.6041 20.2611 10.7721 16.2214 7.7007 18.2629 14.7783 -1.0
2017-08-08 11:57:19.898000 695.776 5.043 8.917 50.557 7.021 35.098 52.839 7.515 31.4699 34.4536 12.4842 15.0255 20.5224 20.3229 10.807 16.198 7.6999 18.1812 14.7483 -1.0
2017-08-08 11:57:34.058000 709.936 4.861 8.904 50.565 7.031 34.467 52.85 7.511 31.8452 35.197 12.4327 14.9267 20.4488 20.3813 10.8402 16.1732 7.6951 18.0871 14.7235 -1.0
2017-08-08 11:57:48.238000 724.116 4.636 8.892 50.573 7.042 34.933 52.856 7.507 32.164 35.8954 12.3865 14.8322 20.3448 20.4392 10.8719 16.1466 7.6928 18.0408 14.6863 -1.0
2017-08-08 11:58:02.488000 738.366 5.074 8.88 50.583 7.053 34.539 52.865 7.503 32.4658 36.614 12.3477 14.7442 20.253 20.498 10.9037 16.116 7.6895 17.9216 14.6617 -1.0
2017-08-08 11:58:16.789000 752.667 4.627 8.871 50.592 7.064 34.996 52.873 7.497 32.764 37.3305 12.3152 14.6623 20.1427 20.556 10.9333 16.088 7.6806 17.8431 14.6244 -1.0
2017-08-08 11:58:31.139000 767.017 4.93 8.862 50.598 7.074 34.535 52.882 7.496 33.0485 38.0362 12.2886 14.5898 20.0436 20.6108 10.9628 16.0581 7.6801 17.7525 14.5968 -1.0
2017-08-08 11:58:45.509000 781.387 4.873 8.855 50.608 7.085 35.243 52.892 7.356 33.3291 38.7385 12.2678 14.5201 19.9217 20.666 10.9908 16.0272 7.6882 17.6535 14.5717 -1.0
2017-08-08 11:59:00.009000 795.887 4.671 8.849 50.618 7.096 34.651 52.9 7.507 33.602 39.4276 12.2525 14.4565 19.7896 20.7213 11.019 15.9946 7.6961 17.5347 14.5356 -1.0
2017-08-08 11:59:14.481000 810.359 5.176 8.845 50.626 7.107 35.206 52.91 7.511 33.8658 40.1083 12.2416 14.4017 19.649 20.7759 11.0466 15.9631 7.7014 17.3966 14.5088 -1.0
2017-08-08 11:59:29.061000 824.939 4.864 8.843 50.636 7.118 35.233 52.918 7.401 34.1269 40.7647 12.2349 14.3526 19.5058 20.8298 11.0732 15.9294 7.7084 17.3001 14.4713 -1.0
2017-08-08 11:59:43.581000 839.459 4.67 8.841 50.645 7.128 34.749 52.925 7.527 34.3913 41.4442 12.2321 14.3087 19.367 20.8829 11.0985 15.8939 7.7179 17.1606 14.4326 -1.0
2017-08-08 11:59:58.181000 854.059 5.204 8.841 50.652 7.139 34.783 52.933 7.529 34.6384 42.0828 12.2323 14.2679 19.2198 20.9348 11.1228 15.8615 7.7231 17.0751 14.4028 -1.0
2017-08-08 12:00:12.861000 868.739 4.675 8.842 50.662 7.15 35.238 52.942 7.541 34.8834 42.7032 12.2356 14.2336 19.0762 20.9878 11.146 15.8261 7.737 16.9458 14.3697 -1.0
2017-08-08 12:00:27.582000 883.46 4.758 8.844 50.669 7.161 34.556 52.952 7.554 35.1325 43.3433 12.2422 14.2026 18.9187 21.0312 11.1694 15.7851 7.7515 16.7917 14.322 -1.0
2017-08-08 12:00:42.372000 898.25 4.794 8.847 50.678 7.171 34.549 52.962 7.561 35.3814 43.9446 12.2505 14.1774 18.7561 21.073 11.191 15.7511 7.758 16.6899 14.2958 -1.0
2017-08-08 12:00:57.152000 913.03 4.847 8.852 50.687 7.182 35.047 52.97 7.576 35.6132 44.5613 12.2618 14.1556 18.6007 21.1133 11.2129 15.7139 7.7752 16.5503 14.2601 -1.0
2017-08-08 12:01:11.932000 927.81 5.123 8.858 50.697 7.192 35.073 52.978 7.591 35.8524 45.1577 12.2749 14.1386 18.414 21.1545 11.2351 15.6771 7.7927 16.3917 14.2247 -1.0
2017-08-08 12:01:26.754000 942.632 5.124 8.864 50.704 7.203 35.138 52.984 7.538 36.0885 45.7223 12.2888 14.1246 18.2472 21.1935 11.2567 15.6408 7.8044 16.2589 14.192 -1.0
2017-08-08 12:01:41.594000 957.472 4.686 8.871 50.713 7.214 34.941 52.995 7.514 36.3098 46.2932 12.3049 14.1143 18.0721 21.2334 11.2793 15.6041 7.8235 16.0892 14.1601 -1.0
2017-08-08 12:01:56.524000 972.402 4.734 8.88 50.723 7.224 34.731 53.002 7.638 36.5402 46.8491 12.3228 14.1079 17.8792 21.2724 11.3031 15.567 7.8448 15.9545 14.1256 -1.0
2017-08-08 12:02:11.464000 987.342 4.77 8.89 50.731 7.234 34.645 53.012 7.649 36.7655 47.3892 12.3413 14.1045 17.706 21.3101 11.3281 15.5325 7.8547 15.7977 14.0936 -1.0
2017-08-08 12:02:26.505000 1002.383 4.801 8.9 50.74 7.245 34.619 53.021 7.664 36.9895 47.916 12.3606 14.1041 17.5195 21.3486 11.3539 15.5001 7.872 15.6424 14.0634 -1.0
2017-08-08 12:02:41.615000 1017.493 4.876 8.911 50.75 7.255 34.607 53.031 7.688 37.2102 48.4305 12.3812 14.1066 17.3416 21.386 11.3804 15.462 7.9003 15.5126 14.0219 -1.0
2017-08-08 12:02:56.705000 1032.583 4.954 8.923 50.759 7.265 34.632 53.038 7.505 37.4423 48.9257 12.4026 14.1123 17.1498 21.4231 11.4082 15.4235 7.9183 15.3402 13.9876 -1.0
2017-08-08 12:03:11.835000 1047.713 5.256 8.935 50.768 7.276 34.785 53.047 7.726 37.6561 49.429 12.4243 14.1202 16.9573 21.4606 11.437 15.3845 7.9399 15.2105 13.9549 -1.0
2017-08-08 12:03:27.015000 1062.893 4.775 8.949 50.776 7.286 34.801 53.058 7.741 37.8716 49.8979 12.4472 14.1305 16.7727 21.4965 11.4669 15.3468 7.9563 15.0519 13.9278 -1.0
2017-08-08 12:03:42.226000 1078.104 4.834 8.963 50.788 7.296 34.717 53.067 7.762 38.0814 50.3489 12.4702 14.1427 16.5864 21.5315 11.4964 15.3099 7.9791 14.9051 13.8817 -1.0
2017-08-08 12:03:57.486000 1093.364 4.746 8.977 50.799 7.306 35.231 53.076 7.781 38.3018 50.8042 12.4934 14.1571 16.4057 21.5672 11.5285 15.2731 7.9979 14.7468 13.8568 -1.0
2017-08-08 12:04:12.816000 1108.694 4.756 8.992 50.807 7.316 35.137 53.086 7.803 38.5114 51.2245 12.5186 14.1739 16.2075 21.6023 11.5596 15.2378 8.0223 14.5911 13.8262 -1.0
2017-08-08 12:04:28.156000 1124.034 5.025 9.008 50.816 7.326 35.379 53.093 7.823 38.7224 51.6431 12.5447 14.1918 16.0152 21.6352 11.5916 15.2031 8.0408 14.4547 13.8076 -1.0
2017-08-08 12:04:43.576000 1139.454 5.312 9.023 50.827 7.336 35.072 53.105 7.835 38.9364 52.0275 12.5689 14.2116 15.8586 21.6684 11.6231 15.1749 8.056 14.3319 13.7785 -1.0
2017-08-08 12:04:59.066000 1154.944 4.966 9.038 50.836 7.346 34.702 53.114 7.848 39.1419 52.4144 12.5945 14.233 15.6809 21.7014 11.654 15.1447 8.0794 14.166 13.7516 -1.0
2017-08-08 12:05:14.516000 1170.394 5.144 9.054 50.847 7.356 34.758 53.123 7.878 39.3509 52.7855 12.6202 14.2557 15.4989 21.7333 11.6843 15.1169 8.1037 13.9966 13.7313 -1.0
2017-08-08 12:05:30.146000 1186.024 5.008 9.07 50.857 7.366 35.438 53.135 7.9 39.5614 53.1366 12.6461 14.2799 15.3329 21.765 11.7146 15.0893 8.124 13.8972 13.7149 -1.0
2017-08-08 12:05:45.687000 1201.565 5.398 9.087 50.868 7.376 35.056 53.145 7.923 39.7647 53.4729 12.6717 14.3051 15.1655 21.7969 11.7439 15.0638 8.1532 13.7632 13.6849 -1.0
2017-08-08 12:06:01.237000 1217.115 4.959 9.105 50.88 7.386 34.759 53.153 7.945 39.9707 53.7887 12.6976 14.3317 15.0131 21.8272 11.7732 15.0346 8.1734 13.639 13.6569 -1.0
2017-08-08 12:06:16.907000 1232.785 4.826 9.122 50.89 7.396 35.259 53.164 7.97 40.1725 54.0896 12.7234 14.3591 14.8588 21.8593 11.8027 15.0096 8.203 13.5101 13.6388 -1.0
2017-08-08 12:06:32.607000 1248.485 5.437 9.141 50.901 7.406 35.491 53.175 7.991 40.3716 54.37 12.7497 14.388 14.7117 21.8891 11.8306 14.9831 8.2222 13.406 13.6168 -1.0
2017-08-08 12:06:48.349000 1264.227 4.914 9.16 50.912 7.415 34.904 53.185 7.969 40.5782 54.6322 12.7751 14.4168 14.571 21.9193 11.8584 14.9604 8.2481 13.3015 13.5968 -1.0
2017-08-08 12:07:04.169000 1280.047 5.339 9.179 50.924 7.426 35.404 53.197 8.031 40.7754 54.885 12.802 14.4472 14.4382 21.9486 11.8865 14.9364 8.2743 13.1879 13.5652 -1.0
2017-08-08 12:07:19.949000 1295.827 5.313 9.199 50.935 7.435 34.884 53.209 8.009 40.9703 55.109 12.8278 14.4793 14.3159 21.9783 11.9143 14.9171 8.2941 13.0821 13.5547 -1.0
2017-08-08 12:07:35.759000 1311.637 5.036 9.219 50.947 7.445 35.531 53.221 8.095 41.17 55.3154 12.8536 14.5116 14.1932 22.0065 11.9408 14.8898 8.3331 12.9693 13.5174 -1.0
2017-08-08 12:07:51.666000 1327.544 5.419 9.24 50.958 7.455 35.341 53.23 8.123 41.3661 55.5084 12.8809 14.5474 14.0744 22.036 11.9682 14.8637 8.3634 12.8867 13.4903 -1.0
2017-08-08 12:08:07.627000 1343.505 4.909 9.263 50.968 7.465 35.322 53.242 8.151 41.563 55.6833 12.9073 14.5827 13.9505 22.0649 11.9952 14.8364 8.3924 12.7954 13.47 -1.0
2017-08-08 12:08:23.607000 1359.485 5.539 9.285 50.982 7.475 35.13 53.253 8.175 41.7529 55.827 12.9343 14.6193 13.8352 22.0931 12.0232 14.8136 8.4192 12.6906 13.4546 -1.0
2017-08-08 12:08:39.657000 1375.535 4.935 9.306 50.996 7.484 35.51 53.267 8.191 41.9523 55.9576 12.9605 14.6563 13.7376 22.1209 12.0508 14.8004 8.4345 12.6373 13.4523 -1.0
2017-08-08 12:08:55.728000 1391.606 5.427 9.327 51.007 7.494 34.963 53.28 8.221 42.1451 56.0639 12.9863 14.6919 13.6471 22.1477 12.0782 14.7854 8.4681 12.5666 13.4388 -1.0
2017-08-08 12:09:11.848000 1407.726 5.567 9.349 51.021 7.504 35.205 53.29 8.245 42.339 56.1504 13.0124 14.7296 13.5606 22.1748 12.1053 14.7711 8.4913 12.4902 13.4304 -1.0
2017-08-08 12:09:27.988000 1423.866 4.961 9.371 51.032 7.515 35.425 53.301 8.276 42.5305 56.2111 13.04 14.7678 13.4979 22.2006 12.1331 14.7556 8.5282 12.4193 13.41 -1.0
2017-08-08 12:09:44.168000 1440.046 5.603 9.394 51.047 7.525 35.17 53.314 8.238 42.7195 56.2565 13.068 14.8067 13.4248 22.2258 12.1601 14.7376 8.5559 12.3814 13.3881 -1.0
2017-08-08 12:10:00.390000 1456.268 5.521 9.416 51.06 7.536 35.612 53.329 8.316 42.9126 56.2781 13.0957 14.8456 13.3683 22.2513 12.1867 14.7215 8.5928 12.3307 13.3802 -1.0
2017-08-08 12:10:16.710000 1472.588 5.003 9.44 51.072 7.546 35.402 53.341 8.358 43.0994 56.2786 13.1234 14.8853 13.3066 22.2755 12.214 14.7079 8.6247 12.2778 13.3676 -1.0
2017-08-08 12:10:33.060000 1488.938 5.077 9.464 51.088 7.557 35.14 53.354 8.387 43.2856 56.2518 13.1521 14.9263 13.2516 22.3 12.2412 14.6945 8.6565 12.2429 13.3596 -1.0
2017-08-08 12:10:49.410000 1505.288 5.275 9.487 51.1 7.567 35.529 53.367 8.413 43.4721 56.2052 13.1793 14.9661 13.2147 22.3234 12.2675 14.6812 8.6877 12.2018 13.345 -1.0
2017-08-08 12:11:05.831000 1521.709 5.372 9.513 51.115 7.578 35.726 53.381 8.441 43.6619 56.1353 13.2066 15.0062 13.1635 22.3467 12.2942 14.671 8.7195 12.174 13.3379 -1.0
2017-08-08 12:11:22.311000 1538.189 5.096 9.54 51.131 7.589 35.724 53.396 8.468 43.8493 56.0447 13.2345 15.0502 13.1159 22.3685 12.3213 14.6608 8.7519 12.1406 13.3387 -1.0
2017-08-08 12:11:38.791000 1554.669 5.057 9.567 51.146 7.599 35.538 53.411 8.496 44.0375 55.9311 13.2612 15.0923 13.0759 22.3906 12.3476 14.6544 8.7848 12.0969 13.3324 -1.0
2017-08-08 12:11:55.321000 1571.199 5.134 9.594 51.16 7.61 35.278 53.425 8.524 44.2198 55.7871 13.2884 15.136 13.0387 22.4119 12.374 14.6482 8.8148 12.0617 13.325 -1.0
2017-08-08 12:12:11.953000 1587.831 5.079 9.62 51.175 7.62 35.132 53.437 8.536 44.4055 55.6185 13.3156 15.178 13.0085 22.4339 12.401 14.6465 8.8423 12.0442 13.3366 -1.0
2017-08-08 12:12:28.593000 1604.471 5.127 9.647 51.192 7.631 35.393 53.452 8.58 44.5933 55.4354 13.341 15.2208 12.984 22.4545 12.427 14.6457 8.8743 12.0165 13.328 -1.0
2017-08-08 12:12:45.473000 1621.351 5.104 9.674 51.207 7.642 35.202 53.468 8.614 44.7794 55.2182 13.3677 15.2637 12.9569 22.4753 12.4536 14.6405 8.9076 11.9999 13.3237 -1.0
2017-08-08 12:13:02.233000 1638.111 5.14 9.701 51.223 7.653 35.514 53.485 8.644 44.9635 54.9927 13.3943 15.3067 12.9305 22.4949 12.4793 14.6348 8.9399 11.9779 13.3199 -1.0
2017-08-08 12:13:19.064000 1654.942 5.141 9.728 51.241 7.664 35.833 53.499 8.669 45.1436 54.7299 13.4198 15.3486 12.9189 22.5145 12.506 14.6315 8.964 11.9747 13.3203 -1.0
2017-08-08 12:13:35.814000 1671.692 5.159 9.754 51.26 7.674 35.57 53.517 8.675 45.3247 54.4628 13.4451 15.3901 12.8989 22.533 12.5325 14.6279 8.9959 11.9656 13.3143 -1.0
2017-08-08 12:13:52.724000 1688.602 5.167 9.78 51.278 7.685 35.909 53.533 8.724 45.507 54.1548 13.4699 15.4311 12.8861 22.5513 12.5596 14.6263 9.0222 11.9599 13.3167 -1.0
2017-08-08 12:14:09.634000 1705.512 5.283 9.805 51.295 7.696 35.974 53.551 8.725 45.6866 53.8358 13.4949 15.471 12.8785 22.5702 12.5861 14.6247 9.0477 11.9411 13.3223 -1.0
2017-08-08 12:14:26.625000 1722.503 5.679 9.83 51.313 7.707 35.889 53.568 8.773 45.8649 53.5031 13.5198 15.5119 12.876 22.5883 12.6124 14.6215 9.0723 11.9424 13.3098 -1.0
2017-08-08 12:14:43.595000 1739.473 5.853 9.855 51.331 7.719 36.026 53.585 8.797 46.0482 53.1509 13.5441 15.5501 12.8656 22.6063 12.6385 14.6197 9.0972 11.9364 13.3101 -1.0
2017-08-08 12:15:00.645000 1756.523 5.547 9.878 51.351 7.73 35.416 53.603 8.817 46.2241 52.7696 13.5687 15.5886 12.8631 22.6238 12.6636 14.6185 9.1184 11.932 13.3069 -1.0
2017-08-08 12:15:17.685000 1773.563 5.274 9.901 51.372 7.741 35.508 53.621 8.833 46.3957 52.3842 13.5913 15.6245 12.8626 22.6407 12.6884 14.6209 9.1323 11.9311 13.3168 -1.0
2017-08-08 12:15:34.837000 1790.715 5.205 9.923 51.392 7.752 35.856 53.639 8.85 46.5768 51.9737 13.6134 15.6591 12.8587 22.6572 12.7124 14.6248 9.1524 11.9254 13.3234 -1.0
2017-08-08 12:15:52.037000 1807.915 5.216 9.943 51.41 7.763 36.044 53.658 8.869 46.7526 51.5658 13.6344 15.6936 12.8516 22.6737 12.7366 14.6249 9.1705 11.9344 13.3156 -1.0
2017-08-08 12:16:09.267000 1825.145 5.922 9.964 51.431 7.774 35.725 53.678 8.893 46.9246 51.1384 13.6558 15.7273 12.8559 22.6896 12.76 14.6135 9.1975 11.9228 13.2901 -1.0
2017-08-08 12:16:26.477000 1842.355 5.491 9.985 51.451 7.786 35.537 53.699 8.909 47.1001 50.6955 13.6766 15.7593 12.8602 22.7051 12.7838 14.605 9.211 11.9313 13.294 -1.0
2017-08-08 12:16:43.718000 1859.596 5.292 10.004 51.472 7.797 35.688 53.718 8.922 47.2738 50.2447 13.6952 15.7887 12.8569 22.7196 12.806 14.5952 9.2268 11.9303 13.2698 -1.0
2017-08-08 12:17:01.008000 1876.886 5.626 10.022 51.494 7.808 36.211 53.74 8.932 47.4477 49.8069 13.7134 15.8176 12.8608 22.7346 12.8281 14.588 9.2351 11.9281 13.2696 -1.0
