#Human readable time. Time (s) since start. Lakeshore temperature sensor 218 T1,2,3,4,5,6,7,8 and 224 C2,C3,C4,C5,D1,D2,D3,D4,D5,A,B
2017-06-26 17:09:31.703000 0.0 10.217 14.61 70.611 13.986 48.469 73.208 12.528 43.0579 12.6569 16.3758 16.6804 0.0 25.5182 24.8869 40.9212 12.7925 0.0 32.0288 
2017-06-26 17:09:43.627000 11.924 8.725 14.58 70.631 13.991 48.486 73.229 12.497 43.1524 12.6249 16.313 16.6293 0.0 25.4835 24.8705 40.828 12.7612 0.0 31.9539 
2017-06-26 17:09:55.241000 23.538 10.125 14.551 70.652 13.995 48.458 73.251 12.47 43.2249 12.5949 16.2534 16.581 0.0 25.4485 24.8541 40.7357 12.7327 0.0 31.8945 
2017-06-26 17:10:06.877000 35.174 10.114 14.523 70.674 14.0 48.491 73.271 12.448 43.3822 12.5736 16.1932 16.5332 0.0 25.4148 24.838 40.6449 12.7139 0.0 31.7988 
2017-06-26 17:10:18.501000 46.798 9.099 14.495 70.693 14.004 48.572 73.291 12.43 43.6338 12.5555 16.1401 16.4914 0.0 25.3812 24.823 40.5473 12.6985 0.0 31.7478 
2017-06-26 17:10:30.174000 58.471 10.031 14.468 70.711 14.007 48.493 73.31 12.424 43.926 12.5499 16.0914 16.4527 0.0 25.3488 24.809 40.455 12.7007 0.0 31.6058 
2017-06-26 17:10:41.878000 70.175 8.758 14.444 70.733 14.011 48.573 73.332 12.424 44.26 12.5467 16.0542 16.4225 0.0 25.3175 24.795 40.3608 12.7022 0.0 31.5511 
2017-06-26 17:10:53.601000 81.898 8.242 14.421 70.75 14.015 48.573 73.351 12.421 44.5939 12.5412 16.0246 16.3975 0.0 25.2875 24.7831 40.2604 12.6993 0.0 31.4348 
2017-06-26 17:11:05.366000 93.663 8.595 14.4 70.768 14.018 48.565 73.371 12.418 44.9512 12.5393 16.0066 16.3809 0.0 25.2573 24.7719 40.1619 12.6991 0.0 31.3614 
2017-06-26 17:11:17.152000 105.449 8.167 14.38 70.788 14.021 48.535 73.39 12.421 45.2881 12.5437 15.9989 16.3717 0.0 25.2291 24.7603 40.0623 12.7073 0.0 31.2668 
2017-06-26 17:11:29.006000 117.303 8.342 14.362 70.808 14.024 48.562 73.409 12.43 45.6275 12.554 16.0033 16.3704 0.0 25.202 24.7493 39.9575 12.7224 0.0 31.1735 
2017-06-26 17:11:40.830000 129.127 8.947 14.347 70.826 14.027 48.524 73.428 12.445 45.8891 12.5668 16.0167 16.375 0.0 25.1738 24.7384 39.859 12.7407 0.0 31.0396 
2017-06-26 17:11:52.726000 141.023 8.22 14.333 70.845 14.03 48.536 73.447 12.454 46.0791 12.5724 16.0371 16.3848 0.0 25.1442 24.7248 39.754 12.7463 0.0 30.9582 
2017-06-26 17:12:04.729000 153.026 8.537 14.32 70.863 14.033 48.541 73.467 12.452 46.2141 12.5714 16.0609 16.3967 0.0 25.1105 24.7126 39.646 12.7413 0.0 30.8411 
2017-06-26 17:12:16.764000 165.061 9.196 14.309 70.883 14.036 48.509 73.485 12.452 46.3133 12.5747 16.086 16.4104 0.0 25.0788 24.6988 39.5351 12.7436 0.0 30.7503 
2017-06-26 17:12:28.727000 177.024 10.021 14.298 70.9 14.038 48.443 73.503 12.453 46.3952 12.5757 16.1111 16.4249 0.0 25.0464 24.6849 39.425 12.7438 0.0 30.6749 
2017-06-26 17:12:40.740000 189.037 10.163 14.288 70.918 14.041 48.39 73.522 12.453 46.4561 12.5781 16.1349 16.4394 0.0 25.0101 24.6704 39.3169 12.7463 0.0 30.5834 
2017-06-26 17:12:52.764000 201.061 10.05 14.279 70.934 14.043 48.378 73.541 12.456 46.5085 12.5826 16.1564 16.4531 0.0 24.9848 24.656 39.2051 12.7512 0.0 30.4824 
2017-06-26 17:13:04.807000 213.104 9.148 14.272 70.952 14.045 48.394 73.559 12.465 46.5621 12.5929 16.1765 16.4667 0.0 24.9635 24.641 39.0934 12.7643 0.0 30.3652 
2017-06-26 17:13:16.872000 225.169 8.327 14.266 70.969 14.047 48.421 73.577 12.467 46.6033 12.5911 16.1939 16.4787 0.0 24.9413 24.6257 38.9835 12.7598 0.0 30.2918 
2017-06-26 17:13:28.985000 237.282 8.194 14.259 70.987 14.049 48.485 73.595 12.461 46.6467 12.5886 16.2067 16.4882 0.0 24.9186 24.6105 38.8684 12.7538 0.0 30.2235 
2017-06-26 17:13:41.128000 249.425 8.3 14.254 71.003 14.051 48.515 73.614 12.459 46.6907 12.5898 16.2159 16.4954 0.0 24.8952 24.5953 38.7573 12.7553 0.0 30.1133 
2017-06-26 17:13:53.343000 261.64 10.161 14.248 71.022 14.053 48.49 73.63 12.453 46.7364 12.5827 16.2219 16.5006 0.0 24.87 24.5788 38.6468 12.7443 0.0 30.0546 
2017-06-26 17:14:05.577000 273.874 9.675 14.242 71.037 14.054 48.366 73.648 12.448 46.7818 12.5785 16.2243 16.5033 0.0 24.8458 24.5634 38.5328 12.7386 0.0 29.9799 
2017-06-26 17:14:17.811000 286.108 8.993 14.237 71.054 14.056 48.38 73.664 12.448 46.8268 12.5801 16.2246 16.5043 0.0 24.8198 24.5466 38.4242 12.7421 0.0 29.9019 
2017-06-26 17:14:30.054000 298.351 8.439 14.232 71.071 14.057 48.511 73.683 12.443 46.8757 12.5733 16.2217 16.5034 0.0 24.7936 24.5305 38.3057 12.7326 0.0 29.7943 
2017-06-26 17:14:42.379000 310.676 8.717 14.227 71.088 14.058 48.493 73.7 12.437 46.9225 12.5717 16.2154 16.4998 0.0 24.7669 24.5141 38.1924 12.7308 0.0 29.7321 
2017-06-26 17:14:54.683000 322.98 9.885 14.223 71.105 14.06 48.358 73.718 12.434 46.9791 12.5671 16.2072 16.4952 0.0 24.7401 24.4971 38.076 12.7259 0.0 29.6284 
2017-06-26 17:15:07.037000 335.334 9.054 14.218 71.121 14.06 48.367 73.733 12.429 47.0309 12.5618 16.1967 16.4879 0.0 24.7114 24.4801 37.9587 12.719 0.0 29.5424 
2017-06-26 17:15:19.453000 347.75 8.403 14.213 71.137 14.061 48.505 73.75 12.419 47.09 12.5527 16.1831 16.4788 0.0 24.6824 24.4622 37.8388 12.7073 0.0 29.4303 
2017-06-26 17:15:31.897000 360.194 10.11 14.208 71.154 14.062 48.376 73.767 12.412 47.1485 12.5469 16.1673 16.4687 0.0 24.6523 24.4448 37.7252 12.7015 0.0 29.3583 
2017-06-26 17:15:44.443000 372.74 8.142 14.203 71.168 14.063 48.461 73.784 12.397 47.2116 12.5285 16.15 16.4557 0.0 24.6221 24.4266 37.598 12.6777 0.0 29.2633 
2017-06-26 17:15:56.985000 385.282 9.851 14.197 71.184 14.064 48.417 73.801 12.387 47.2752 12.5238 16.13 16.441 0.0 24.5906 24.4088 37.4781 12.6747 0.0 29.1689 
2017-06-26 17:16:09.551000 397.848 8.315 14.191 71.2 14.064 48.405 73.818 12.379 47.3453 12.5139 16.1081 16.4254 0.0 24.559 24.3908 37.3571 12.664 0.0 29.0781 
2017-06-26 17:16:22.114000 410.411 8.787 14.185 71.217 14.065 48.48 73.834 12.368 47.4137 12.5019 16.0851 16.4084 0.0 24.5259 24.3721 37.2329 12.6499 0.0 29.0021 
2017-06-26 17:16:34.630000 422.927 9.81 14.178 71.231 14.066 48.347 73.85 12.356 47.4799 12.4912 16.0607 16.39 0.0 24.4931 24.3536 37.1106 12.6379 0.0 28.8914 
2017-06-26 17:16:47.253000 435.55 8.204 14.171 71.249 14.066 48.495 73.867 12.337 47.553 12.4745 16.0339 16.3699 0.0 24.4587 24.3339 36.9873 12.6166 0.0 28.8047 
2017-06-26 17:16:59.898000 448.195 10.011 14.163 71.266 14.066 48.356 73.882 12.319 47.6323 12.4541 16.0061 16.3483 0.0 24.4227 24.3141 36.8641 12.5911 0.0 28.744 
2017-06-26 17:17:12.530000 460.827 8.103 14.155 71.278 14.067 48.485 73.9 12.295 47.7114 12.4335 15.9777 16.3257 0.0 24.3872 24.2943 36.7344 12.566 0.0 28.6444 
2017-06-26 17:17:25.175000 473.472 9.517 14.145 71.294 14.067 48.424 73.916 12.275 47.7869 12.4141 15.9484 16.3017 0.0 24.35 24.2748 36.6097 12.5447 0.0 28.5533 
2017-06-26 17:17:37.898000 486.195 8.196 14.134 71.31 14.067 48.494 73.932 12.258 47.8687 12.3988 15.9168 16.2769 0.0 24.3111 24.2532 36.4837 12.5294 0.0 28.471 
2017-06-26 17:17:50.614000 498.911 9.944 14.125 71.327 14.067 48.353 73.948 12.25 47.9554 12.389 15.8869 16.2512 0.0 24.2728 24.2331 36.3554 12.5236 0.0 28.3591 
2017-06-26 17:18:03.369000 511.666 8.742 14.115 71.342 14.067 48.462 73.964 12.239 48.0379 12.3765 15.8567 16.2264 0.0 24.2318 24.2116 36.2274 12.5104 0.0 28.2617 
2017-06-26 17:18:16.163000 524.46 9.745 14.104 71.358 14.067 48.336 73.977 12.223 48.1259 12.36 15.8263 16.2007 0.0 24.1916 24.191 36.0935 12.491 0.0 28.1567 
2017-06-26 17:18:29.008000 537.305 9.628 14.094 71.371 14.067 48.417 73.994 12.207 48.213 12.3447 15.7937 16.1737 0.0 24.1485 24.169 35.9603 12.4771 0.0 28.0674 
2017-06-26 17:18:41.840000 550.137 8.126 14.083 71.384 14.067 48.391 74.01 12.191 48.3051 12.3283 15.7623 16.1472 0.0 24.104 24.1478 35.8379 12.459 0.0 27.982 
2017-06-26 17:18:54.746000 563.043 9.848 14.072 71.401 14.067 48.325 74.026 12.173 48.3964 12.3107 15.729 16.1205 0.0 24.0588 24.1254 35.7078 12.4407 0.0 27.8625 
2017-06-26 17:19:07.689000 575.986 9.114 14.06 71.414 14.067 48.429 74.04 12.155 48.4918 12.2942 15.697 16.0923 0.0 24.014 24.1027 35.5763 12.4227 0.0 27.7903 
2017-06-26 17:19:20.665000 588.962 7.996 14.048 71.429 14.067 48.457 74.057 12.137 48.5845 12.2745 15.6632 16.0637 0.0 23.9819 24.0799 35.444 12.4025 0.0 27.6653 
2017-06-26 17:19:33.648000 601.945 8.392 14.036 71.441 14.066 48.335 74.071 12.113 48.6819 12.2544 15.6301 16.0354 0.0 23.9561 24.0568 35.3152 12.3813 0.0 27.5861 
2017-06-26 17:19:46.671000 614.968 9.768 14.024 71.458 14.066 48.332 74.085 12.096 48.7764 12.2367 15.5958 16.0061 0.0 23.9285 24.0332 35.1797 12.3622 0.0 27.4943 
2017-06-26 17:19:59.684000 627.981 8.378 14.011 71.473 14.066 48.44 74.101 12.078 48.8745 12.2181 15.5619 15.9781 0.0 23.9008 24.0091 35.0472 12.3445 0.0 27.3844 
2017-06-26 17:20:12.737000 641.034 7.915 13.998 71.484 14.065 48.419 74.115 12.059 48.9746 12.1993 15.5272 15.9518 0.0 23.8722 23.9915 34.9125 12.3261 0.0 27.3012 
2017-06-26 17:20:25.871000 654.168 9.165 13.984 71.501 14.064 48.302 74.13 12.04 49.0736 12.1802 15.4944 15.9241 0.0 23.8414 23.9783 34.7774 12.3069 0.0 27.1934 
2017-06-26 17:20:38.985000 667.282 9.475 13.97 71.514 14.064 48.366 74.146 12.022 49.1782 12.1616 15.4605 15.8963 0.0 23.8111 23.9651 34.6346 12.2888 0.0 27.0988 
2017-06-26 17:20:52.149000 680.446 8.006 13.956 71.527 14.063 48.431 74.161 12.001 49.2813 12.1419 15.4264 15.8686 0.0 23.78 23.9516 34.4969 12.2662 0.0 26.9792 
2017-06-26 17:21:05.343000 693.64 8.19 13.941 71.541 14.062 48.419 74.172 11.971 49.3852 12.1137 15.3917 15.8399 0.0 23.7467 23.9377 34.3576 12.233 0.0 26.8942 
2017-06-26 17:21:18.505000 706.802 7.869 13.925 71.556 14.062 48.344 74.189 11.954 49.4888 12.0981 15.3574 15.8121 0.0 23.7135 23.9235 34.2134 12.2208 0.0 26.7756 
2017-06-26 17:21:31.711000 720.008 9.499 13.909 71.568 14.061 48.259 74.203 11.938 49.5949 12.0811 15.3239 15.7842 0.0 23.6793 23.9095 34.075 12.2049 0.0 26.6697 
2017-06-26 17:21:44.946000 733.243 9.569 13.894 71.582 14.06 48.373 74.217 11.916 49.6987 12.0586 15.2904 15.7567 0.0 23.6428 23.895 33.9349 12.1808 0.0 26.5925 
2017-06-26 17:21:58.218000 746.515 8.397 13.878 71.595 14.059 48.374 74.231 11.897 49.8045 12.0402 15.2573 15.7295 0.0 23.6064 23.8805 33.7915 12.1635 0.0 26.4708 
2017-06-26 17:22:11.524000 759.821 7.788 13.862 71.609 14.058 48.346 74.245 11.876 49.9135 12.0203 15.2228 15.702 0.0 23.5677 23.8656 33.6486 12.1435 0.0 26.3689 
2017-06-26 17:22:24.838000 773.135 7.782 13.845 71.62 14.057 48.359 74.259 11.855 50.0181 11.9997 15.1902 15.6735 0.0 23.5274 23.8508 33.5106 12.1212 0.0 26.241 
2017-06-26 17:22:38.022000 786.319 8.828 13.829 71.632 14.056 48.232 74.272 11.833 50.1171 11.9796 15.1575 15.6459 0.0 23.4875 23.8346 33.3653 12.0996 0.0 26.1289 
2017-06-26 17:22:51.228000 799.525 8.497 13.813 71.644 14.055 48.269 74.286 11.81 50.1824 11.9581 15.1231 15.6166 0.0 23.4454 23.819 33.2227 12.0752 0.0 26.0656 
2017-06-26 17:23:04.473000 812.77 9.427 13.796 71.66 14.053 48.239 74.3 11.787 50.2138 11.9357 15.0858 15.5852 0.0 23.3993 23.8022 33.0763 12.051 0.0 25.9429 
2017-06-26 17:23:17.786000 826.083 9.412 13.778 71.67 14.052 48.337 74.313 11.755 50.2213 11.9073 15.0439 15.5499 0.0 23.3533 23.7846 32.9352 12.0163 0.0 25.8457 
2017-06-26 17:23:31.140000 839.437 8.438 13.76 71.682 14.051 48.322 74.325 11.724 50.2129 11.8795 14.9965 15.5114 0.0 23.3026 23.7661 32.7911 11.9835 0.0 25.7414 
2017-06-26 17:23:44.463000 852.76 8.647 13.74 71.692 14.049 48.292 74.339 11.692 50.1994 11.8498 14.946 15.4681 0.0 23.2502 23.7471 32.6466 11.9525 0.0 25.6398 
2017-06-26 17:23:57.897000 866.194 9.015 13.72 71.705 14.048 48.271 74.351 11.65 50.1809 11.8113 14.887 15.418 0.0 23.1947 23.7273 32.5048 11.9029 0.0 25.575 
2017-06-26 17:24:11.322000 879.619 7.638 13.697 71.719 14.046 48.319 74.363 11.605 50.1596 11.7742 14.8233 15.3644 0.0 23.1375 23.7075 32.3599 11.8577 0.0 25.4778 
2017-06-26 17:24:24.736000 893.033 7.634 13.673 71.73 14.045 48.315 74.376 11.566 50.1412 11.7388 14.7508 15.3068 0.0 23.0797 23.6864 32.2159 11.8212 0.0 25.3753 
2017-06-26 17:24:38.179000 906.476 7.642 13.649 71.74 14.043 48.311 74.388 11.524 50.1171 11.7014 14.6758 15.2413 0.0 23.0171 23.6652 32.0688 11.7766 0.0 25.273 
2017-06-26 17:24:51.704000 920.001 7.716 13.623 71.754 14.041 48.3 74.4 11.484 50.1012 11.664 14.5921 15.1744 0.0 22.9757 23.6434 31.9262 11.7369 0.0 25.1646 
2017-06-26 17:25:05.229000 933.526 7.951 13.596 71.764 14.039 48.282 74.413 11.446 50.0834 11.6265 14.5074 15.0998 0.0 22.9417 23.6206 31.7855 11.6927 0.0 25.0754 
