#Human readable time. Time (s) since start. Lakeshore temperature sensor 218 T1,2,3,4,5,6,7,8 and 224 C2,C3,C4,C5,D1,D2,D3,D4,D5,A,B
2017-06-29 10:51:09.220000 0.0 3.296 6.008 50.394 6.014 33.651 52.745 4.05 3.6916 3.4324 27.7562 26.7593 0.3046 3.6977 4.1471 2.0092 3.9029 0.2949 1.1245 
2017-06-29 10:51:20.973000 11.753 3.409 6.008 50.395 6.014 33.555 52.743 4.05 3.6909 3.431 27.0539 25.8991 0.3046 3.6974 4.1472 2.009 3.9025 0.2949 1.1245 
2017-06-29 10:51:32.375000 23.155 3.49 6.011 50.393 6.014 33.839 52.742 4.097 6.4806 3.6036 26.5166 25.3903 0.3046 3.698 4.1487 2.0091 3.9935 0.2949 1.1252 
2017-06-29 10:51:43.798000 34.578 3.476 6.045 50.395 6.014 34.137 52.741 4.328 9.7788 4.0052 26.092 24.9309 0.3048 3.705 4.1747 2.0095 4.2853 0.2954 1.1276 
2017-06-29 10:51:55.243000 46.023 3.442 6.108 50.394 6.014 34.301 52.741 4.581 11.6407 4.3415 25.6183 24.5782 0.3054 3.7235 4.2409 2.0112 4.5584 0.2964 1.1409 
2017-06-29 10:52:06.756000 57.536 3.461 6.196 50.393 6.014 34.178 52.743 4.852 13.3691 4.7015 25.0013 24.1268 0.3068 3.7626 4.342 2.0681 4.8648 0.2985 1.4592 
2017-06-29 10:52:18.309000 69.089 3.549 6.31 50.396 6.014 33.9 52.742 5.132 14.6202 5.0167 24.5511 23.7786 0.3101 3.8252 4.4784 2.1829 5.1627 0.3027 1.7173 
2017-06-29 10:52:29.915000 80.695 3.676 6.43 50.394 6.014 33.531 52.741 5.32 15.6855 5.2764 23.9698 23.4061 0.3159 3.9237 4.6402 2.318 5.4086 0.3088 1.9156 
2017-06-29 10:52:41.558000 92.338 3.879 6.554 50.393 6.014 33.484 52.741 5.573 16.5406 5.5103 23.4878 22.9508 0.323 4.0487 4.8257 2.4575 5.6261 0.3163 2.0767 
2017-06-29 10:52:53.192000 103.972 4.141 6.678 50.39 6.015 33.801 52.74 5.753 17.29 5.6663 22.9176 22.6455 0.3312 4.1972 5.0124 2.6007 5.7984 0.3246 2.2254 
2017-06-29 10:53:04.838000 115.618 3.976 6.8 50.393 6.015 33.515 52.74 5.89 18.0589 5.8293 22.4508 22.2891 0.3401 4.3588 5.196 2.7239 5.9584 0.3331 2.3722 
2017-06-29 10:53:16.611000 127.391 4.275 6.912 50.392 6.015 33.785 52.74 6.019 18.7152 5.9653 21.9329 21.9011 0.3486 4.5228 5.3846 2.8512 6.0959 0.3413 2.5076 
2017-06-29 10:53:28.383000 139.163 4.063 7.023 50.393 6.016 33.606 52.74 6.139 19.3563 6.0997 21.4241 21.5451 0.3576 4.6744 5.5625 2.9706 6.2251 0.3488 2.6311 
2017-06-29 10:53:40.147000 150.927 4.34 7.124 50.395 6.016 33.78 52.744 6.244 19.9651 6.2342 20.9841 21.2326 0.367 4.8327 5.7456 3.091 6.3368 0.3563 2.7453 
2017-06-29 10:53:51.931000 162.711 4.136 7.223 50.397 6.017 33.723 52.748 6.341 20.5241 6.3674 20.471 20.9109 0.3762 4.9938 5.9162 3.2019 6.44 0.3644 2.8513 
2017-06-29 10:54:03.755000 174.535 4.107 7.312 50.402 6.017 33.731 52.75 6.424 21.1075 6.5112 19.9918 20.56 0.3844 5.1486 6.085 3.313 6.5281 0.3717 2.9497 
2017-06-29 10:54:15.590000 186.37 4.2 7.399 50.407 6.018 33.799 52.755 6.492 21.6553 6.6457 19.5467 20.2418 0.392 5.3097 6.2464 3.4135 6.5984 0.3781 3.0444 
2017-06-29 10:54:27.422000 198.202 4.17 7.477 50.412 6.019 34.194 52.76 6.548 22.2611 6.7591 19.097 19.9167 0.3985 5.4681 6.3986 3.5045 6.6553 0.3836 3.133 
2017-06-29 10:54:39.336000 210.116 4.215 7.549 50.42 6.02 33.906 52.766 6.588 22.8867 6.8593 18.656 19.5953 0.404 5.6168 6.5555 3.5922 6.6944 0.3881 3.2194 
2017-06-29 10:54:51.292000 222.072 4.217 7.616 50.428 6.021 34.124 52.77 6.61 23.6511 6.9383 18.2288 19.2834 0.4084 5.7681 6.7091 3.6773 6.7149 0.3917 3.3017 
2017-06-29 10:55:03.236000 234.016 4.204 7.674 50.438 6.022 34.416 52.779 6.616 24.4066 6.9951 17.8165 18.9787 0.4121 5.9137 6.8584 3.7602 6.7158 0.3946 3.3822 
2017-06-29 10:55:15.250000 246.03 4.26 7.721 50.443 6.023 34.649 52.786 6.603 25.215 7.0228 17.4189 18.6761 0.4158 6.0519 7.0029 3.841 6.6968 0.3968 3.4608 
2017-06-29 10:55:27.283000 258.063 4.477 7.757 50.455 6.024 34.6 52.792 6.573 26.1635 7.0174 17.0356 18.3815 0.4186 6.1817 7.1428 3.9209 6.6591 0.3982 3.5377 
2017-06-29 10:55:39.336000 270.116 4.592 7.782 50.463 6.026 34.269 52.801 6.527 27.1065 6.9833 16.6769 18.0952 0.4204 6.3091 7.2772 3.9996 6.6044 0.399 3.613 
2017-06-29 10:55:51.452000 282.232 4.397 7.796 50.472 6.028 33.978 52.809 6.465 27.9828 6.9269 16.3335 17.818 0.4216 6.4334 7.4058 4.0775 6.5371 0.3992 3.6878 
2017-06-29 10:56:03.575000 294.355 4.163 7.8 50.482 6.029 34.689 52.814 6.395 29.2379 6.85 16.0058 17.5497 0.4222 6.5602 7.5352 4.1546 6.4611 0.3989 3.7594 
2017-06-29 10:56:15.699000 306.479 4.241 7.794 50.491 6.031 34.729 52.822 6.322 30.1022 6.7678 15.6984 17.2918 0.4225 6.6786 7.654 4.2305 6.3807 0.3985 3.8321 
2017-06-29 10:56:27.832000 318.612 4.35 7.781 50.5 6.033 34.635 52.832 6.153 31.1205 6.6831 15.4236 17.0326 0.4225 6.7931 7.7689 4.2981 6.2961 0.3979 3.9012 
2017-06-29 10:56:40.055000 330.835 4.421 7.76 50.511 6.036 34.271 52.839 6.173 32.0516 6.6007 15.1671 16.8039 0.4225 6.909 7.8802 4.3641 6.2185 0.3973 3.9693 
2017-06-29 10:56:52.300000 343.08 4.0 7.734 50.522 6.038 34.384 52.848 6.102 32.8473 6.5214 14.9236 16.5884 0.4226 7.0157 7.9925 4.4319 6.144 0.3967 4.036 
2017-06-29 10:57:04.523000 355.303 3.999 7.705 50.527 6.041 34.668 52.857 6.04 33.5545 6.4548 14.7214 16.3762 0.4228 7.1237 8.0985 4.4953 6.0803 0.3964 4.0968 
2017-06-29 10:57:16.768000 367.548 4.266 7.674 50.537 6.044 34.049 52.863 5.985 34.2537 6.3962 14.5399 16.188 0.4231 7.2232 8.2055 4.5599 6.0231 0.3962 4.1593 
2017-06-29 10:57:29.071000 379.851 4.018 7.641 50.545 6.047 33.916 52.868 5.873 34.8815 6.3529 14.3786 16.0062 0.4238 7.3239 8.3108 4.6201 5.9787 0.3962 4.2204 
2017-06-29 10:57:41.405000 392.185 3.998 7.609 50.55 6.051 34.694 52.875 5.452 35.5076 6.3186 14.2477 15.8571 0.4246 7.417 8.4105 4.6816 5.9413 0.3964 4.2783 
2017-06-29 10:57:53.768000 404.548 4.114 7.579 50.556 6.054 34.546 52.88 5.874 36.0744 6.2957 14.1319 15.717 0.4255 7.5121 8.5115 4.7415 5.9124 0.3967 4.3333 
2017-06-29 10:58:06.192000 416.972 3.955 7.55 50.56 6.058 33.913 52.887 5.853 36.6494 6.282 14.0379 15.5924 0.4267 7.6038 8.6124 4.7996 5.8927 0.3972 4.386 
2017-06-29 10:58:18.595000 429.375 3.999 7.523 50.566 6.062 34.658 52.89 5.837 37.1941 6.2772 13.969 15.4888 0.4281 7.6939 8.7106 4.8539 5.8786 0.3979 4.4413 
2017-06-29 10:58:31.040000 441.82 4.032 7.5 50.571 6.067 33.868 52.894 5.828 37.6965 6.2793 13.9165 15.3945 0.4295 7.7812 8.808 4.9087 5.8708 0.3987 4.4917 
2017-06-29 10:58:43.573000 454.353 3.868 7.481 50.576 6.072 34.552 52.901 5.645 38.2075 6.2881 13.881 15.3155 0.4311 7.8671 8.9038 4.9614 5.8681 0.3995 4.5399 
2017-06-29 10:58:56.087000 466.867 4.218 7.465 50.58 6.076 34.077 52.903 5.49 38.6996 6.3027 13.8613 15.2507 0.4327 7.951 8.9969 5.0126 5.87 0.4005 4.586 
2017-06-29 10:59:08.619000 479.399 3.858 7.451 50.582 6.081 34.412 52.907 5.826 39.1736 6.3213 13.8553 15.1994 0.4343 8.0332 9.0903 5.0631 5.8754 0.4014 4.6336 
2017-06-29 10:59:21.162000 491.942 4.231 7.441 50.585 6.087 34.193 52.912 5.832 39.637 6.3427 13.8616 15.1621 0.436 8.1144 9.1813 5.1154 5.8835 0.4024 4.6804 
2017-06-29 10:59:33.764000 504.544 3.869 7.433 50.588 6.092 34.257 52.912 5.801 40.083 6.368 13.8789 15.1335 0.4377 8.1931 9.27 5.1638 5.8954 0.4034 4.7263 
2017-06-29 10:59:46.407000 517.187 4.208 7.428 50.593 6.098 34.326 52.918 5.853 40.5176 6.3952 13.9057 15.1173 0.4394 8.2701 9.3586 5.2094 5.91 0.4044 4.7674 
2017-06-29 10:59:59.019000 529.799 3.956 7.425 50.594 6.104 34.632 52.921 5.867 40.9378 6.4248 13.9407 15.1108 0.441 8.35 9.4445 5.2502 5.9264 0.4054 4.8055 
2017-06-29 11:00:11.732000 542.512 4.116 7.425 50.598 6.109 33.9 52.924 5.883 41.3466 6.4562 13.9824 15.1131 0.4426 8.4245 9.5321 5.2902 5.9454 0.4064 4.8427 
2017-06-29 11:00:24.394000 555.174 3.901 7.426 50.601 6.116 34.557 52.925 5.333 41.7468 6.4871 14.0317 15.1232 0.4442 8.4968 9.6156 5.3278 5.9657 0.4073 4.8797 
2017-06-29 11:00:37.127000 567.907 3.959 7.43 50.604 6.122 33.888 52.927 5.576 42.1583 6.5186 14.0867 15.1404 0.4458 8.5723 9.6998 5.3649 5.9863 0.4083 4.9157 
2017-06-29 11:00:49.859000 580.639 4.077 7.436 50.606 6.128 34.639 52.931 5.922 42.5393 6.5547 14.1459 15.1639 0.4474 8.6426 9.7793 5.4002 6.0122 0.4092 4.946 
2017-06-29 11:01:02.672000 593.452 3.911 7.444 50.61 6.134 34.429 52.935 5.966 42.908 6.59 14.2117 15.1944 0.4488 8.7137 9.8614 5.4308 6.0391 0.4101 4.9753 
2017-06-29 11:01:15.534000 606.314 4.292 7.453 50.612 6.14 34.228 52.938 5.992 43.2902 6.626 14.2769 15.2285 0.4503 8.784 9.9378 5.4605 6.0682 0.411 5.0031 
2017-06-29 11:01:28.357000 619.137 4.132 7.465 50.616 6.147 34.662 52.942 6.018 43.6419 6.6642 14.3475 15.2667 0.4517 8.8507 10.0151 5.4891 6.0988 0.4119 5.0294 
2017-06-29 11:01:41.269000 632.049 3.944 7.478 50.621 6.153 34.48 52.947 6.044 43.9898 6.6982 14.4162 15.3101 0.453 8.9182 10.0912 5.5168 6.1273 0.4129 5.0573 
2017-06-29 11:01:54.212000 644.992 4.034 7.492 50.624 6.16 33.946 52.951 6.061 44.3455 6.7183 14.4881 15.3561 0.4544 8.9837 10.165 5.5473 6.1399 0.4139 5.0944 
2017-06-29 11:02:07.135000 657.915 4.094 7.503 50.628 6.166 34.692 52.955 5.589 44.7028 6.7303 14.5592 15.4012 0.4555 9.0489 10.2357 5.5833 6.1447 0.4147 5.1354 
2017-06-29 11:02:20.137000 670.917 3.965 7.514 50.632 6.173 34.366 52.959 5.981 45.0365 6.7509 14.6339 15.4506 0.4566 9.1123 10.3034 5.623 6.1608 0.4154 5.1748 
2017-06-29 11:02:33.100000 683.88 4.055 7.525 50.639 6.179 33.927 52.962 5.992 45.3675 6.7472 14.7065 15.4968 0.4575 9.1683 10.3631 5.6604 6.1568 0.415 5.2049 
2017-06-29 11:02:46.132000 696.912 4.349 7.532 50.642 6.186 34.258 52.967 6.065 45.619 6.7309 14.7698 15.5407 0.4578 9.2085 10.4085 5.6906 6.141 0.414 5.2262 
2017-06-29 11:02:59.175000 709.955 4.128 7.535 50.645 6.192 34.702 52.971 6.053 45.7915 6.7097 14.8273 15.5792 0.4579 9.2345 10.4403 5.7155 6.1271 0.4129 5.2439 
2017-06-29 11:03:12.298000 723.078 4.219 7.537 50.651 6.198 34.615 52.976 6.042 45.9187 6.6862 14.8727 15.6102 0.4578 9.2489 10.4631 5.7347 6.1135 0.4118 5.2573 
2017-06-29 11:03:25.410000 736.19 3.951 7.537 50.656 6.205 34.642 52.979 6.03 46.0254 6.6605 14.9041 15.6332 0.4576 9.2543 10.4754 5.7503 6.1008 0.4108 5.2688 
2017-06-29 11:03:38.533000 749.313 3.981 7.535 50.66 6.211 34.096 52.984 6.019 46.1112 6.633 14.9209 15.6463 0.4574 9.2514 10.4796 5.7634 6.0864 0.4098 5.2787 
2017-06-29 11:03:51.715000 762.495 4.231 7.532 50.665 6.217 34.053 52.988 5.642 46.1933 6.6029 14.9222 15.6503 0.4571 9.2421 10.476 5.7745 6.0698 0.4088 5.2864 
2017-06-29 11:04:04.898000 775.678 4.164 7.527 50.671 6.223 33.981 52.995 5.988 46.2706 6.5717 14.9083 15.645 0.4567 9.2274 10.466 5.7833 6.0501 0.4078 5.2923 
2017-06-29 11:04:18.152000 788.932 4.25 7.52 50.676 6.23 34.504 52.999 5.876 46.3502 6.538 14.8801 15.6298 0.4564 9.2076 10.4498 5.7907 6.0281 0.4068 5.2974 
2017-06-29 11:04:31.374000 802.154 4.23 7.512 50.681 6.236 34.655 53.003 5.946 46.4339 6.5024 14.8381 15.6039 0.456 9.1846 10.4291 5.7967 6.002 0.4058 5.3016 
2017-06-29 11:04:44.677000 815.457 3.942 7.501 50.685 6.242 34.714 53.008 5.9 46.5252 6.4642 14.7837 15.57 0.4556 9.1573 10.4026 5.8015 5.9739 0.4049 5.3054 
2017-06-29 11:04:58.030000 828.81 3.918 7.489 50.692 6.248 34.716 53.014 5.892 46.62 6.4244 14.7175 15.5268 0.4552 9.1273 10.3729 5.8049 5.9416 0.404 5.3076 
2017-06-29 11:05:11.342000 842.122 3.904 7.475 50.695 6.254 34.242 53.017 5.863 46.7246 6.3833 14.6405 15.4764 0.4548 9.0956 10.3384 5.8073 5.9071 0.4032 5.3064 
2017-06-29 11:05:24.675000 855.455 3.875 7.459 50.7 6.26 34.373 53.022 5.83 46.8359 6.3401 14.5537 15.4178 0.4544 9.0606 10.3001 5.8086 5.872 0.4024 5.3074 
2017-06-29 11:05:38.108000 868.888 3.85 7.442 50.702 6.266 34.495 53.022 5.509 46.9479 6.2978 14.4559 15.3494 0.4541 9.0235 10.2587 5.809 5.834 0.4017 5.3061 
2017-06-29 11:05:51.540000 882.32 3.844 7.423 50.706 6.272 33.995 53.028 5.76 47.0709 6.2564 14.3571 15.2771 0.4538 8.9854 10.2161 5.8085 5.7953 0.4011 5.3043 
2017-06-29 11:06:04.973000 895.753 3.853 7.402 50.71 6.279 34.129 53.033 5.726 47.1924 6.2142 14.2468 15.1989 0.4537 8.9477 10.1691 5.8069 5.7573 0.4008 5.3011 
2017-06-29 11:06:18.486000 909.266 3.822 7.38 50.716 6.284 34.308 53.035 5.691 47.323 6.1753 14.1356 15.1114 0.4541 8.9059 10.12 5.8045 5.7194 0.4011 5.2976 
2017-06-29 11:06:32.018000 922.798 3.794 7.357 50.716 6.29 34.442 53.04 5.225 47.451 6.1359 14.0144 15.0189 0.4557 8.8643 10.0694 5.8013 5.6821 0.403 5.2936 
2017-06-29 11:06:45.551000 936.331 4.038 7.333 50.721 6.296 34.604 53.041 5.624 47.5878 6.1008 13.9 14.9303 0.4581 8.8216 10.0163 5.7973 5.6467 0.4055 5.289 
2017-06-29 11:06:59.094000 949.874 4.072 7.309 50.723 6.302 34.412 53.046 5.593 47.7154 6.0665 13.7776 14.8351 0.4627 8.7778 9.9612 5.7924 5.6136 0.4114 5.2815 
2017-06-29 11:07:12.706000 963.486 4.088 7.285 50.728 6.308 34.289 53.05 5.564 47.8549 6.0268 13.6529 14.7409 0.4786 8.7338 9.9071 5.7868 5.5825 0.4384 5.2751 
2017-06-29 11:07:26.339000 977.119 4.086 7.262 50.73 6.314 34.175 53.052 5.5 47.9911 5.939 13.5317 14.6395 0.5695 8.69 9.8521 5.7804 5.5515 0.5742 5.267 
2017-06-29 11:07:39.952000 990.732 4.075 7.238 50.733 6.32 34.209 53.053 5.326 48.1229 5.8187 13.4091 14.5349 0.743 8.6456 9.7964 5.7724 5.5238 0.7509 5.2577 
2017-06-29 11:07:53.595000 1004.375 4.036 7.216 50.736 6.326 34.098 53.056 5.422 48.2552 5.7216 13.2878 14.4368 0.8869 8.5991 9.7383 5.7635 5.4994 0.8922 5.2472 
2017-06-29 11:08:07.317000 1018.097 3.735 7.195 50.739 6.332 34.157 53.06 5.466 48.3879 5.6455 13.1665 14.3341 1.0136 8.5533 9.6832 5.7531 5.4775 1.0143 5.2354 
2017-06-29 11:08:21.040000 1031.82 3.72 7.174 50.738 6.337 34.282 53.062 5.448 48.5171 5.5864 13.0508 14.2307 1.1245 8.5079 9.6287 5.7424 5.4576 1.1192 5.2234 
2017-06-29 11:08:34.793000 1045.573 3.898 7.155 50.742 6.343 34.624 53.062 5.432 48.6483 5.5394 12.9348 14.1267 1.2179 8.462 9.5717 5.73 5.4407 1.2114 5.2087 
2017-06-29 11:08:48.616000 1059.396 3.932 7.136 50.742 6.348 34.574 53.064 5.412 48.7755 5.502 12.8229 14.0225 1.3062 8.4157 9.5168 5.7172 5.4248 1.2958 5.1934 
2017-06-29 11:09:02.438000 1073.218 3.811 7.119 50.745 6.354 33.904 53.07 5.397 48.9027 5.4709 12.7123 13.9222 1.3857 8.3713 9.4616 5.7031 5.4096 1.3738 5.1791 
2017-06-29 11:09:16.271000 1087.051 3.833 7.104 50.746 6.36 33.922 53.069 5.189 49.0274 5.4455 12.6034 13.8233 1.462 8.325 9.407 5.6893 5.3961 1.446 5.1651 
2017-06-29 11:09:30.134000 1100.914 3.677 7.088 50.748 6.365 34.472 53.07 5.167 49.1489 5.4248 12.4924 13.7251 1.5324 8.2787 9.3548 5.6746 5.3825 1.5147 5.1515 
2017-06-29 11:09:44.027000 1114.807 3.929 7.075 50.75 6.37 34.507 53.074 5.282 49.2717 5.4073 12.3936 13.6233 1.6013 8.2344 9.3006 5.66 5.3692 1.5802 5.1369 
2017-06-29 11:09:58.079000 1128.859 3.756 7.061 50.752 6.376 33.889 53.073 5.35 49.3912 5.3929 12.2972 13.5267 1.6644 8.1893 9.2471 5.6454 5.3566 1.6407 5.122 
2017-06-29 11:10:12.072000 1142.852 3.669 7.048 50.753 6.381 34.56 53.074 5.343 49.5191 5.3807 12.2029 13.4351 1.7244 8.1445 9.1955 5.6308 5.344 1.6996 5.1101 
2017-06-29 11:10:26.045000 1156.825 3.944 7.036 50.752 6.386 34.375 53.079 5.182 49.639 5.3716 12.1072 13.3421 1.781 8.0997 9.1442 5.6166 5.3316 1.7532 5.0951 
2017-06-29 11:10:40.038000 1170.818 3.757 7.024 50.756 6.391 34.414 53.08 5.321 49.7584 5.3646 12.0181 13.2541 1.8347 8.055 9.0932 5.6027 5.3199 1.8066 5.0814 
2017-06-29 11:10:54.071000 1184.851 3.771 7.013 50.756 6.396 33.875 53.082 5.308 49.881 5.357 11.9356 13.1678 1.8851 8.0108 9.0426 5.5893 5.305 1.8553 5.0694 
2017-06-29 11:11:08.123000 1198.903 3.874 7.001 50.755 6.4 34.54 53.083 5.296 49.9991 5.3534 11.8531 13.0796 1.9349 7.966 8.9924 5.5772 5.2928 1.9034 5.0593 
2017-06-29 11:11:22.236000 1213.016 3.761 6.991 50.757 6.405 33.871 53.085 5.285 50.1253 5.352 11.7769 12.9967 1.9806 7.9232 8.9425 5.5662 5.281 1.9491 5.049 
2017-06-29 11:11:36.239000 1227.019 3.637 6.979 50.759 6.41 34.53 53.085 5.27 50.2387 5.3441 11.6992 12.9157 2.0249 7.8782 8.8918 5.5547 5.2622 1.991 5.0349 
2017-06-29 11:11:50.242000 1241.022 3.899 6.968 50.759 6.414 34.363 53.086 5.252 50.312 5.3349 11.6237 12.8369 2.068 7.8274 8.8363 5.5401 5.2423 2.0329 5.0163 
2017-06-29 11:12:04.285000 1255.065 3.675 6.955 50.76 6.419 33.975 53.09 5.235 50.3489 5.3269 11.5409 12.7556 2.1079 7.7724 8.7759 5.5222 5.2228 2.0725 4.996 
2017-06-29 11:12:18.447000 1269.227 3.663 6.942 50.762 6.423 34.663 53.089 5.216 50.3557 5.3208 11.4585 12.6676 2.1462 7.7143 8.7128 5.5034 5.2027 2.1096 4.9742 
2017-06-29 11:12:32.540000 1283.32 3.916 6.929 50.765 6.427 34.145 53.091 4.738 50.3489 5.3164 11.3677 12.5784 2.1857 7.6536 8.6465 5.4834 5.182 2.1456 4.9526 
2017-06-29 11:12:46.713000 1297.493 3.694 6.916 50.765 6.431 34.18 53.092 5.181 50.3269 5.315 11.2727 12.4812 2.2213 7.5886 8.5745 5.4624 5.1609 2.1813 4.9297 
2017-06-29 11:13:00.896000 1311.676 3.889 6.902 50.764 6.435 34.101 53.094 4.653 50.2974 5.3164 11.1651 12.3829 2.2545 7.5252 8.5021 5.4402 5.139 2.2148 4.9063 
2017-06-29 11:13:15.159000 1325.939 3.604 6.889 50.768 6.439 34.178 53.096 5.119 50.2567 5.3215 11.049 12.2831 2.2894 7.4578 8.4296 5.4183 5.1187 2.2463 4.883 
2017-06-29 11:13:29.362000 1340.142 3.856 6.875 50.768 6.442 34.037 53.098 5.124 50.2174 5.3295 10.9344 12.1732 2.3212 7.3919 8.3521 5.3954 5.0979 2.2775 4.8616 
2017-06-29 11:13:43.584000 1354.364 3.586 6.861 50.768 6.446 34.222 53.098 4.555 50.1764 5.3419 10.8108 12.0575 2.3527 7.3263 8.2755 5.3733 5.0766 2.308 4.8391 
2017-06-29 11:13:57.837000 1368.617 3.812 6.847 50.769 6.449 33.986 53.097 4.802 50.1316 5.3583 10.6803 11.9397 2.3813 7.2578 8.1962 5.3502 5.0562 2.3372 4.817 
2017-06-29 11:14:12.180000 1382.96 3.567 6.833 50.77 6.453 34.331 53.1 5.009 50.0808 5.3787 10.5432 11.8251 2.4114 7.1889 8.1193 5.3281 5.0354 2.3646 4.7937 
2017-06-29 11:14:26.543000 1397.323 3.823 6.819 50.771 6.456 34.023 53.1 5.049 50.0321 5.4025 10.4063 11.7008 2.4402 7.1234 8.0386 5.3053 5.0142 2.3911 4.7706 
2017-06-29 11:14:40.906000 1411.686 3.669 6.805 50.771 6.459 34.644 53.101 5.03 49.987 5.4294 10.2665 11.5716 2.467 7.0555 7.958 5.2827 4.9938 2.4184 4.7477 
2017-06-29 11:14:55.479000 1426.259 3.567 6.792 50.771 6.463 34.08 53.102 4.54 49.9439 5.4622 10.1232 11.4371 2.4933 6.9893 7.8796 5.2617 4.9813 2.4447 4.7303 
2017-06-29 11:15:10.032000 1440.812 3.83 6.779 50.771 6.466 34.078 53.103 5.008 49.9509 5.5021 9.9808 11.3116 2.5186 6.9286 7.805 5.2445 4.9709 2.4698 4.7164 
2017-06-29 11:15:24.624000 1455.404 3.595 6.768 50.772 6.469 34.631 53.102 4.999 50.001 5.547 9.846 11.1874 2.5448 6.8698 7.7359 5.2304 4.9611 2.494 4.7049 
2017-06-29 11:15:39.117000 1469.897 3.564 6.758 50.772 6.471 34.001 53.103 4.985 50.0662 5.5947 9.7199 11.0655 2.5699 6.8146 7.6688 5.2171 4.9456 2.5173 4.6897 
2017-06-29 11:15:53.630000 1484.41 3.815 6.746 50.772 6.474 34.131 53.103 4.97 50.1063 5.6376 9.5985 10.943 2.5943 6.7588 7.6008 5.2016 4.9273 2.54 4.6707 
2017-06-29 11:16:08.184000 1498.964 3.596 6.735 50.772 6.477 34.624 53.102 4.954 50.1165 5.6786 9.4856 10.8301 2.6176 6.7021 7.5336 5.1831 4.9097 2.5634 4.6505 
2017-06-29 11:16:22.767000 1513.547 3.543 6.724 50.772 6.48 34.035 53.103 4.634 50.1087 5.7175 9.3771 10.7165 2.64 6.6448 7.4633 5.1634 4.892 2.5858 4.6303 
2017-06-29 11:16:37.350000 1528.13 3.795 6.712 50.771 6.482 34.137 53.103 4.684 50.0857 5.756 9.2623 10.6015 2.6612 6.5874 7.3951 5.1425 4.8741 2.6071 4.6117 
2017-06-29 11:16:51.963000 1542.743 3.555 6.7 50.77 6.485 34.596 53.106 4.874 50.0558 5.7909 9.1531 10.4808 2.6832 6.5311 7.3279 5.1219 4.8557 2.6281 4.5931 
2017-06-29 11:17:06.616000 1557.396 3.522 6.688 50.772 6.487 34.549 53.104 4.889 50.0226 5.8233 9.0413 10.3684 2.7052 6.4749 7.261 5.1015 4.8384 2.6478 4.573 
2017-06-29 11:17:21.309000 1572.089 3.557 6.676 50.771 6.489 33.862 53.105 4.874 49.9845 5.8544 8.924 10.2484 2.7259 6.417 7.1912 5.0803 4.8214 2.667 4.5525 
2017-06-29 11:17:36.192000 1586.972 3.566 6.664 50.769 6.491 33.816 53.104 4.647 49.9548 5.8854 8.806 10.1313 2.7463 6.3622 7.1282 5.0616 4.8098 2.6872 4.539 
2017-06-29 11:17:51.055000 1601.835 3.58 6.655 50.769 6.493 34.37 53.105 4.854 49.9745 5.9175 8.6979 10.0117 2.7662 6.3136 7.0668 5.0465 4.801 2.7068 4.5294 
2017-06-29 11:18:05.978000 1616.758 3.693 6.645 50.771 6.495 34.477 53.104 4.846 50.034 5.9492 8.5957 9.8996 2.7851 6.2673 7.01 5.035 4.7923 2.7259 4.5217 
2017-06-29 11:18:20.761000 1631.541 3.658 6.636 50.772 6.497 34.552 53.105 4.827 50.1141 5.9808 8.5049 9.7935 2.8035 6.2226 6.9566 5.0244 4.7794 2.7445 4.5096 
2017-06-29 11:18:35.744000 1646.524 3.632 6.627 50.769 6.499 34.577 53.104 4.822 50.1644 6.0086 8.4248 9.6938 2.8228 6.177 6.9045 5.011 4.7637 2.7625 4.4933 
2017-06-29 11:18:50.596000 1661.376 3.599 6.617 50.773 6.501 34.184 53.106 4.807 50.1863 6.0321 8.3483 9.6017 2.8418 6.1327 6.8502 4.9954 4.7475 2.7795 4.4772 
2017-06-29 11:19:05.469000 1676.249 3.491 6.607 50.77 6.502 34.109 53.105 4.793 50.1854 6.053 8.2744 9.5061 2.8593 6.0864 6.7959 4.9789 4.7313 2.7966 4.4599 
2017-06-29 11:19:20.372000 1691.152 3.513 6.597 50.77 6.504 33.855 53.105 4.778 50.1731 6.0706 8.1966 9.4129 2.8774 6.0404 6.7424 4.9618 4.7163 2.8129 4.4429 
2017-06-29 11:19:35.365000 1706.145 3.53 6.586 50.769 6.505 33.8 53.103 4.118 50.148 6.0869 8.1162 9.3179 2.8945 5.9942 6.6888 4.9443 4.7006 2.8299 4.4255 
2017-06-29 11:19:50.328000 1721.108 3.563 6.576 50.768 6.507 33.81 53.105 4.75 50.1231 6.1013 8.0319 9.2219 2.9119 5.9456 6.6355 4.9266 4.685 2.8468 4.4075 
2017-06-29 11:20:05.371000 1736.151 3.634 6.566 50.768 6.508 33.878 53.104 4.736 50.0928 6.1141 7.9451 9.1256 2.9276 5.8974 6.5829 4.9091 4.6689 2.8627 4.3898 
2017-06-29 11:20:20.394000 1751.174 3.689 6.555 50.768 6.51 33.964 53.104 4.709 50.0603 6.1258 7.8557 9.0267 2.9433 5.8497 6.5314 4.8917 4.6534 2.8785 4.3733 
2017-06-29 11:20:35.447000 1766.227 3.706 6.544 50.768 6.511 34.068 53.103 4.629 50.0269 6.1362 7.7639 8.9279 2.9583 5.8031 6.4804 4.8745 4.6381 2.8938 4.3568 
2017-06-29 11:20:50.550000 1781.33 3.698 6.534 50.768 6.512 34.079 53.104 4.695 49.9895 6.1461 7.6674 8.8278 2.9744 5.756 6.4301 4.8578 4.6228 2.9084 4.3415 
2017-06-29 11:21:05.813000 1796.593 3.491 6.524 50.766 6.513 33.806 53.105 4.671 49.9688 6.1567 7.5747 8.7242 2.9899 5.7096 6.3807 4.8428 4.6136 2.9228 4.3314 
2017-06-29 11:21:21.106000 1811.886 3.515 6.515 50.767 6.514 33.78 53.103 4.607 49.9985 6.1698 7.4903 8.6321 3.006 5.6692 6.3379 4.8319 4.6094 2.9369 4.3249 
2017-06-29 11:21:36.660000 1827.44 3.441 6.509 50.763 6.515 34.202 53.1 4.611 50.0733 15.8823 7.4171 8.5477 3.1295 5.6307 6.299 4.8248 4.6161 3.1364 4.3223 
2017-06-29 11:21:52.083000 1842.863 3.516 6.507 50.765 6.515 34.567 53.103 4.656 50.1749 20.6814 7.3652 8.4805 3.5064 5.5974 6.2648 4.8227 4.6431 3.5187 4.3259 
2017-06-29 11:22:07.596000 1858.376 3.686 6.51 50.763 6.516 34.174 53.101 4.727 50.2617 23.9173 7.3273 8.4251 3.8391 5.5644 6.2335 4.825 4.6652 3.8184 4.332 
2017-06-29 11:22:23.099000 1873.879 3.543 6.515 50.763 6.517 33.764 53.102 4.745 50.3294 27.0234 7.2953 8.3756 4.1018 5.5348 6.2058 4.8298 4.6839 4.0541 4.3381 
2017-06-29 11:22:38.572000 1889.352 3.464 6.52 50.763 6.517 34.194 53.1 4.758 50.3783 29.8235 7.2642 8.3296 4.3126 5.5093 6.1822 4.8357 4.6989 4.2421 4.3451 
2017-06-29 11:22:54.095000 1904.875 3.543 6.526 50.762 6.518 34.561 53.098 4.018 50.4159 32.2837 7.2331 8.2817 4.4799 5.4886 6.1629 4.842 4.71 4.3877 4.3504 
2017-06-29 11:23:09.658000 1920.438 3.71 6.532 50.759 6.519 34.154 53.1 4.777 50.4464 34.0511 7.199 8.2343 4.6128 5.473 6.1485 4.8481 4.7185 4.5131 4.3562 
2017-06-29 11:23:25.241000 1936.021 3.54 6.538 50.759 6.519 33.771 53.099 4.785 50.4743 35.6802 7.164 8.1878 4.7253 5.4639 6.1392 4.8533 4.7309 4.6103 4.359 
2017-06-29 11:23:40.894000 1951.674 3.48 6.544 50.758 6.52 34.117 53.097 4.797 50.4917 37.2448 7.1289 8.1424 4.8129 5.4606 6.1354 4.8569 4.7407 4.6844 4.361 
2017-06-29 11:23:56.517000 1967.297 3.492 6.55 50.759 6.52 34.526 53.098 4.798 50.5067 38.6664 7.093 8.0979 4.8643 5.4632 6.1372 4.8594 4.7411 4.7252 4.3633 
2017-06-29 11:24:12.331000 1983.111 3.601 6.553 50.757 6.52 33.775 53.1 4.794 50.5176 40.0285 7.0554 8.0517 4.8934 5.472 6.1441 4.8618 4.7369 4.7481 4.3654 
2017-06-29 11:24:28.014000 1998.794 3.475 6.555 50.76 6.521 34.19 53.097 4.787 50.5252 41.3344 7.0196 8.0087 4.9014 5.486 6.1555 4.8636 4.7293 4.7505 4.3666 
2017-06-29 11:24:43.777000 2014.557 3.716 6.554 50.758 6.521 34.206 53.098 4.778 50.5336 42.6051 6.9852 7.9685 4.8988 5.5061 6.1721 4.865 4.7199 4.7434 4.3673 
2017-06-29 11:24:59.540000 2030.32 3.553 6.553 50.758 6.521 33.771 53.098 4.77 50.5375 43.8901 6.952 7.9313 4.8859 5.5308 6.1924 4.866 4.713 4.7295 4.367 
2017-06-29 11:25:15.393000 2046.173 3.625 6.551 50.756 6.521 34.522 53.095 4.766 50.5366 45.1039 6.9233 7.8966 4.87 5.5616 6.2184 4.8656 4.7087 4.7115 4.3655 
2017-06-29 11:25:31.216000 2061.996 3.49 6.548 50.758 6.521 34.038 53.097 4.747 50.5318 46.036 6.8963 7.8655 4.8236 5.5876 6.2419 4.8625 4.6854 4.6514 4.3587 
2017-06-29 11:25:47.059000 2077.839 3.461 6.541 50.758 6.521 34.5 53.098 4.728 50.5172 46.5076 6.8662 7.8321 4.7653 5.6004 6.257 4.8543 4.6648 4.6007 4.3468 
2017-06-29 11:26:02.953000 2093.733 3.569 6.533 50.757 6.521 33.787 53.096 4.486 50.4913 46.7869 6.8346 7.7983 4.717 5.6051 6.2645 4.8432 4.65 4.5587 4.3341 
2017-06-29 11:26:18.916000 2109.696 3.56 6.526 50.757 6.521 34.555 53.097 3.909 50.4635 46.9938 6.7978 7.7615 4.6766 5.604 6.2657 4.8311 4.6365 4.5258 4.3222 
2017-06-29 11:26:34.819000 2125.599 3.48 6.518 50.755 6.521 33.839 53.098 4.26 50.4385 47.1516 6.7592 7.723 4.643 5.5986 6.2618 4.8193 4.6251 4.4949 4.3104 
2017-06-29 11:26:50.772000 2141.552 3.602 6.511 50.755 6.521 34.289 53.096 4.68 50.4091 47.2868 6.7156 7.6798 4.615 5.59 6.2537 4.8072 4.6138 4.4698 4.2982 
2017-06-29 11:27:06.795000 2157.575 3.462 6.503 50.756 6.521 33.998 53.097 4.671 50.3772 47.4086 6.6688 7.6353 4.5905 5.5789 6.2419 4.7953 4.6033 4.4446 4.2872 
2017-06-29 11:27:22.889000 2173.669 3.64 6.496 50.756 6.521 34.332 53.097 4.661 50.3495 47.5208 6.6216 7.5868 4.5694 5.5656 6.2273 4.783 4.5918 4.4244 4.2766 
2017-06-29 11:27:38.972000 2189.752 3.432 6.489 50.756 6.52 34.229 53.095 4.652 50.3199 47.6232 6.5716 7.5368 4.5492 5.5503 6.2101 4.772 4.581 4.4046 4.2654 
2017-06-29 11:27:55.076000 2205.856 3.681 6.482 50.755 6.52 33.989 53.093 4.644 50.2958 47.7238 6.5205 7.4851 4.5311 5.5338 6.1911 4.761 4.5729 4.3876 4.2542 
2017-06-29 11:28:11.209000 2221.989 3.442 6.475 50.754 6.52 34.478 53.096 4.354 50.2677 47.8254 6.4688 7.4319 4.5144 5.516 6.1704 4.7504 4.5648 4.3725 4.2453 
2017-06-29 11:28:27.382000 2238.162 3.435 6.468 50.753 6.52 33.85 53.093 4.627 50.2393 47.9237 6.4168 7.3779 4.4973 5.4978 6.1476 4.7398 4.5543 4.3569 4.2351 
2017-06-29 11:28:43.576000 2254.356 3.654 6.462 50.752 6.519 34.171 53.093 4.614 50.2159 48.0219 6.3655 7.324 4.483 5.4786 6.1244 4.73 4.5467 4.3438 4.2252 
2017-06-29 11:28:59.789000 2270.569 3.419 6.455 50.75 6.519 34.303 53.091 4.611 50.1869 48.1169 6.3149 7.2695 4.469 5.4582 6.0996 4.7205 4.536 4.3326 4.2157 
2017-06-29 11:29:16.222000 2287.002 3.439 6.449 50.751 6.519 33.922 53.091 4.59 50.162 48.215 6.2647 7.2149 4.4542 5.4372 6.0748 4.7107 4.5304 4.3189 4.2066 
2017-06-29 11:29:32.495000 2303.275 3.47 6.443 50.747 6.518 33.731 53.093 4.255 50.1396 48.3078 6.2154 7.1612 4.4422 5.4164 6.0487 4.7016 4.519 4.3078 4.1974 
2017-06-29 11:29:48.809000 2319.589 3.565 6.436 50.747 6.518 34.466 53.091 4.212 50.1171 48.4075 6.1653 7.1071 4.4302 5.3946 6.022 4.6934 4.5082 4.2966 4.1894 
2017-06-29 11:30:05.142000 2335.922 3.446 6.43 50.747 6.517 34.517 53.09 4.577 50.0983 48.5009 6.1177 7.0516 4.4167 5.3728 5.9955 4.6851 4.499 4.2854 4.1812 
2017-06-29 11:30:21.485000 2352.265 3.407 6.423 50.746 6.517 33.728 53.089 4.571 50.0768 48.5951 6.0718 6.9986 4.4059 5.3507 5.9664 4.677 4.4923 4.2764 4.1732 
2017-06-29 11:30:37.878000 2368.658 3.635 6.418 50.744 6.516 33.933 53.087 4.565 50.0569 48.6931 6.0272 6.9475 4.3954 5.3281 5.9376 4.6692 4.4857 4.2646 4.1651 
2017-06-29 11:30:54.322000 2385.102 3.623 6.412 50.743 6.516 34.214 53.087 4.559 50.035 48.7867 5.9814 6.8956 4.3843 5.3056 5.9088 4.6616 4.4795 4.2559 4.1577 
2017-06-29 11:31:10.715000 2401.495 3.557 6.407 50.743 6.515 34.426 53.086 4.554 50.0175 48.88 5.9371 6.8466 4.3741 5.283 5.8813 4.6541 4.4734 4.2459 4.15 
2017-06-29 11:31:27.218000 2417.998 3.44 6.402 50.743 6.515 34.513 53.087 4.549 49.9955 48.9762 5.8928 6.7985 4.3648 5.2605 5.8531 4.6469 4.4678 4.2378 4.1427 
2017-06-29 11:31:43.841000 2434.621 3.401 6.399 50.743 6.514 34.312 53.086 4.543 49.9946 49.07 5.8547 6.7535 4.3584 5.2389 5.8255 4.6412 4.4746 4.2308 4.1408 
2017-06-29 11:32:00.475000 2451.255 3.487 6.398 50.739 6.513 34.04 53.083 4.56 50.048 49.1675 5.8295 6.7196 4.3514 5.2196 5.8027 4.6403 4.4817 4.2243 4.144 
2017-06-29 11:32:17.048000 2467.828 3.404 6.397 50.742 6.513 33.701 53.083 4.561 50.148 49.2641 5.8206 6.698 4.3451 5.2012 5.7813 4.6407 4.4809 4.2179 4.1426 
2017-06-29 11:32:33.601000 2484.381 3.421 6.396 50.739 6.512 33.893 53.084 4.558 50.2099 49.3565 5.8187 6.6814 4.3379 5.1822 5.7596 4.6382 4.4772 4.2125 4.1373 
2017-06-29 11:32:50.245000 2501.025 3.46 6.394 50.736 6.511 33.725 53.083 4.553 50.2447 49.4541 5.8158 6.666 4.3335 5.1616 5.7375 4.6338 4.4721 4.2064 4.1317 
2017-06-29 11:33:06.838000 2517.618 3.615 6.392 50.735 6.51 33.894 53.08 4.473 50.2636 49.5471 5.8091 6.6495 4.3273 5.1419 5.7145 4.6287 4.4665 4.2016 4.126 
2017-06-29 11:33:23.491000 2534.271 3.624 6.389 50.736 6.51 34.115 53.083 4.543 50.2662 49.6411 5.7982 6.6301 4.3221 5.1223 5.692 4.6229 4.4603 4.1947 4.1198 
2017-06-29 11:33:40.225000 2551.005 3.606 6.386 50.734 6.509 33.866 53.081 4.537 50.2656 49.7352 5.7819 6.6073 4.3166 5.1023 5.6691 4.6172 4.4533 4.1906 4.1145 
2017-06-29 11:33:57.138000 2567.918 3.458 6.383 50.735 6.508 34.193 53.078 4.53 50.2602 49.8306 5.7618 6.5826 4.3104 5.0831 5.6454 4.6117 4.4466 4.184 4.1098 
2017-06-29 11:34:13.891000 2584.671 3.634 6.379 50.735 6.507 33.987 53.078 4.525 50.2507 49.9217 5.7384 6.5558 4.3041 5.0636 5.6218 4.6063 4.4409 4.1782 4.1041 
2017-06-29 11:34:30.795000 2601.575 3.48 6.375 50.732 6.506 33.688 53.078 4.52 50.2408 50.0155 5.713 6.5277 4.2989 5.044 5.5989 4.6009 4.4355 4.1729 4.0985 
2017-06-29 11:34:47.488000 2618.268 3.623 6.372 50.73 6.505 33.874 53.077 4.514 50.2294 50.0722 5.6857 6.4982 4.2906 5.0244 5.5748 4.5953 4.4277 4.1626 4.093 
2017-06-29 11:35:04.241000 2635.021 3.457 6.368 50.732 6.504 34.208 53.076 4.507 50.2189 50.0693 5.6563 6.4668 4.2806 5.003 5.5503 4.5896 4.4208 4.1531 4.0878 
2017-06-29 11:35:20.955000 2651.735 3.616 6.363 50.729 6.503 33.859 53.074 4.502 50.2054 50.042 5.6252 6.4343 4.2716 4.9814 5.5243 4.5838 4.4146 4.1438 4.0811 
2017-06-29 11:35:37.688000 2668.468 3.566 6.36 50.727 6.502 34.275 53.073 4.498 50.1899 50.0031 5.5927 6.4008 4.2628 4.9587 5.4988 4.5779 4.4097 4.136 4.0757 
2017-06-29 11:35:54.521000 2685.301 3.624 6.356 50.727 6.501 33.984 53.072 4.493 50.174 49.9573 5.5592 6.3669 4.2548 4.9366 5.4724 4.572 4.404 4.1274 4.0701 
2017-06-29 11:36:11.495000 2702.275 3.505 6.352 50.723 6.5 33.707 53.071 4.49 50.1605 49.9348 5.5253 6.3328 4.2506 4.9146 5.4463 4.5661 4.4012 4.1247 4.0649 
2017-06-29 11:36:28.488000 2719.268 3.42 6.349 50.723 6.499 33.805 53.069 4.487 50.1455 49.9803 5.4913 6.299 4.2469 4.8939 5.4217 4.5609 4.3981 4.1204 4.0596 
2017-06-29 11:36:45.552000 2736.332 3.382 6.346 50.723 6.498 34.178 53.069 4.484 50.1321 50.0456 5.4596 6.2649 4.243 4.874 5.3982 4.5561 4.3942 4.1175 4.0556 
2017-06-29 11:37:02.475000 2753.255 3.412 6.343 50.722 6.496 34.467 53.07 4.478 50.1186 50.0873 5.4287 6.2325 4.2353 4.8541 5.3747 4.5515 4.387 4.1082 4.0511 
2017-06-29 11:37:19.378000 2770.158 3.525 6.34 50.72 6.495 34.262 53.067 4.473 50.1051 50.0789 5.3981 6.2001 4.2255 4.8333 5.3509 4.5466 4.3817 4.1 4.0455 
2017-06-29 11:37:36.322000 2787.102 3.385 6.336 50.719 6.494 34.422 53.067 4.468 50.0923 50.0449 5.3664 6.1685 4.2167 4.8124 5.327 4.5418 4.377 4.0929 4.0408 
2017-06-29 11:37:53.335000 2804.115 3.494 6.333 50.718 6.493 34.445 53.066 4.465 50.0793 50.001 5.336 6.1361 4.2091 4.7918 5.3033 4.5369 4.3724 4.0858 4.0361 
2017-06-29 11:38:10.669000 2821.449 3.447 6.329 50.715 6.492 33.671 53.065 4.461 50.0654 49.9469 5.3049 6.1037 4.2009 4.771 5.28 4.5316 4.3681 4.0786 4.031 
2017-06-29 11:38:27.892000 2838.672 3.411 6.327 50.714 6.49 33.758 53.063 4.459 50.0501 49.9278 5.2749 6.0732 4.1981 4.7504 5.2568 4.5268 4.3676 4.0773 4.0259 
2017-06-29 11:38:45.165000 2855.945 3.486 6.324 50.713 6.489 34.467 53.061 4.458 50.037 49.9749 5.2481 6.0431 4.1948 4.7322 5.236 4.5223 4.3656 4.0746 4.0217 
2017-06-29 11:39:02.399000 2873.179 3.565 6.322 50.713 6.488 34.264 53.061 4.457 50.0235 50.0385 5.2218 6.0146 4.1926 4.7146 5.2159 4.5183 4.3635 4.072 4.0183 
2017-06-29 11:39:19.582000 2890.362 3.398 6.32 50.711 6.487 33.916 53.059 4.452 50.0115 50.0857 5.1969 5.9859 4.1865 4.6976 5.1968 4.5139 4.358 4.064 4.0143 
2017-06-29 11:39:36.777000 2907.557 3.377 6.318 50.71 6.485 34.057 53.06 4.448 50.0001 50.0729 5.173 5.9579 4.1779 4.6795 5.1773 4.5098 4.3534 4.0567 4.0095 
2017-06-29 11:39:53.960000 2924.74 3.369 6.315 50.71 6.484 34.231 53.057 4.444 49.9864 50.0381 5.1486 5.9294 4.1706 4.6621 5.1573 4.5054 4.3492 4.0501 4.0048 
2017-06-29 11:40:11.344000 2942.124 3.569 6.313 50.707 6.483 34.214 53.056 4.451 49.9864 49.9931 5.1285 5.9049 4.1631 4.6451 5.1387 4.5031 4.3595 4.0443 4.0066 
2017-06-29 11:40:28.947000 2959.727 3.395 6.315 50.71 6.481 33.856 53.058 4.462 50.0629 49.9794 5.1252 5.8931 4.1629 4.6315 5.1253 4.5051 4.3707 4.0456 4.0124 
2017-06-29 11:40:46.411000 2977.191 3.541 6.317 50.707 6.48 34.358 53.054 4.466 50.1725 50.0299 5.1396 5.8948 4.1634 4.6198 5.1151 4.5085 4.3735 4.0463 4.0143 
2017-06-29 11:41:03.784000 2994.564 3.61 6.318 50.705 6.478 34.018 53.054 4.464 50.2507 50.0644 5.1575 5.9007 4.1608 4.6081 5.1047 4.509 4.3713 4.0424 4.0116 
2017-06-29 11:41:21.107000 3011.887 3.399 6.318 50.704 6.477 33.85 53.052 4.461 50.2935 50.0459 5.1707 5.9045 4.1553 4.5959 5.0929 4.507 4.368 4.0382 4.0081 
2017-06-29 11:41:38.671000 3029.451 3.537 6.318 50.703 6.476 34.369 53.05 4.459 50.3145 50.0091 12.6544 5.904 4.1524 4.5831 5.0801 4.5039 4.365 4.0352 4.0049 
2017-06-29 11:41:56.505000 3047.285 3.385 6.319 50.701 6.474 34.379 53.048 4.489 50.3174 49.9599 15.0221 5.8993 4.1488 4.5697 5.0664 4.5019 4.416 4.0345 4.0253 
2017-06-29 11:42:14.278000 3065.058 3.901 6.476 50.7 6.473 33.908 53.05 5.539 49.9251 49.9453 16.8568 6.1329 4.1998 4.5672 5.1283 4.53 5.7435 4.0902 4.0545 
2017-06-29 11:42:32.032000 3082.812 4.293 6.85 50.698 6.471 34.379 53.049 6.632 48.7534 49.9955 18.2791 6.5812 4.2359 4.5913 5.3759 4.5435 6.9465 4.1189 4.0547 
2017-06-29 11:42:49.875000 3100.655 4.548 7.289 50.698 6.47 33.537 53.046 7.439 47.3233 50.0473 19.4599 7.11 4.2563 4.633 5.7108 4.5565 7.732 4.1362 4.0763 
2017-06-29 11:43:07.549000 3118.329 5.254 7.696 50.694 6.469 33.919 53.04 7.947 46.0295 50.0918 20.4498 7.5798 4.265 4.6751 6.0356 4.5768 8.2514 4.1419 4.1002 
2017-06-29 11:43:25.272000 3136.052 4.904 8.066 50.686 6.468 34.0 53.035 8.259 44.8668 50.0828 21.265 7.952 4.2701 4.7158 6.3173 4.6004 8.5596 4.1469 4.1226 
2017-06-29 11:43:42.996000 3153.776 5.185 8.36 50.681 6.468 34.343 53.033 8.439 43.9049 50.0534 21.9914 8.2568 4.2754 4.7534 6.5736 4.6258 8.739 4.1512 4.1551 
2017-06-29 11:44:00.739000 3171.519 5.129 8.617 50.682 6.467 34.748 53.038 8.547 43.0472 50.022 22.6319 8.4873 4.2906 4.7902 6.7894 4.6535 8.8496 4.1758 4.1813 
2017-06-29 11:44:18.533000 3189.313 5.109 8.834 50.692 6.468 34.245 53.048 8.64 42.232 50.017 23.1672 8.6793 4.3341 4.8662 6.9847 4.6561 8.9355 4.2199 4.1483 
2017-06-29 11:44:36.376000 3207.156 5.66 9.018 50.71 6.468 34.843 53.063 8.687 41.399 49.9977 23.7251 8.8321 4.354 5.0358 7.1572 4.6372 8.97 4.2322 4.1223 
2017-06-29 11:44:54.370000 3225.15 5.187 9.165 50.736 6.468 35.129 53.083 8.7 40.6097 49.9971 24.1569 8.9505 4.3624 5.2206 7.3085 4.6123 8.9742 4.2385 4.0921 
2017-06-29 11:45:12.424000 3243.204 5.167 9.283 50.765 6.469 34.73 53.105 8.693 39.8461 50.0534 24.6167 9.0413 4.361 5.393 7.4405 4.5804 8.9593 4.2345 4.0561 
2017-06-29 11:45:30.357000 3261.137 5.592 9.375 50.796 6.47 34.625 53.131 8.668 39.1036 50.0888 24.9507 9.1095 4.3446 5.5544 7.5559 4.5459 8.9263 4.2151 4.0174 
2017-06-29 11:45:48.301000 3279.081 5.641 9.445 50.825 6.472 35.07 53.153 8.631 38.3807 50.0647 25.3544 9.1558 4.3201 5.699 7.653 4.5081 8.8808 4.1857 3.9774 
2017-06-29 11:46:06.444000 3297.224 5.199 9.497 50.855 6.474 35.333 53.178 8.583 37.6812 50.0186 25.7008 9.1878 4.2895 5.8243 7.7411 4.4675 8.8266 4.1557 3.9337 
2017-06-29 11:46:24.488000 3315.268 5.105 9.536 50.886 6.477 34.822 53.203 8.529 36.9964 49.9619 25.9821 9.2041 4.2566 5.9297 7.8136 4.4268 8.7663 4.122 3.8906 
2017-06-29 11:46:42.722000 3333.502 5.101 9.561 50.914 6.481 34.803 53.229 8.472 36.3038 49.9411 26.2821 9.2087 4.224 6.0208 7.8755 4.3852 8.7005 4.0939 3.8467 
2017-06-29 11:47:00.995000 3351.775 5.585 9.573 50.942 6.485 34.801 53.251 8.417 35.6426 49.9809 26.5448 9.2028 4.1911 6.0929 7.9283 4.3419 8.6331 4.0621 3.8006 
2017-06-29 11:47:19.229000 3370.009 5.463 9.574 50.966 6.491 35.283 53.273 8.357 34.9893 50.047 26.7631 9.1887 4.1526 6.1543 7.9704 4.299 8.5602 4.0259 3.7535 
2017-06-29 11:47:37.392000 3388.172 5.466 9.565 50.992 6.498 35.184 53.294 8.295 34.3202 50.0813 26.9506 9.1672 4.1067 6.2079 8.0049 4.2557 8.4865 3.9797 3.7079 
2017-06-29 11:47:55.516000 3406.296 4.994 9.547 51.015 6.505 35.342 53.315 8.23 33.665 50.0519 27.1348 9.1385 4.0592 6.2519 8.0311 4.2105 8.4169 3.9322 3.6609 
2017-06-29 11:48:13.710000 3424.49 4.913 9.522 51.034 6.514 34.971 53.335 8.163 33.0122 49.9961 27.2963 9.1027 4.0083 6.2883 8.05 4.1621 8.344 3.8826 3.612 
2017-06-29 11:48:32.033000 3442.813 4.866 9.491 51.056 6.524 35.094 53.352 8.097 32.3273 49.9719 27.4369 9.0626 3.9611 6.3189 8.063 4.1104 8.2719 3.8405 3.5609 
2017-06-29 11:48:50.487000 3461.267 4.836 9.458 51.073 6.534 35.206 53.371 8.029 31.577 50.007 27.5649 9.0166 3.9118 6.3437 8.0701 4.0583 8.2006 3.7942 3.5107 
2017-06-29 11:49:08.761000 3479.541 4.883 9.421 51.091 6.546 34.712 53.388 7.958 30.7828 50.023 27.6792 8.9671 3.857 6.3626 8.0719 4.007 8.124 3.738 3.4575 
2017-06-29 11:49:27.354000 3498.134 4.858 9.379 51.109 6.558 35.335 53.405 7.886 29.9456 49.9775 27.7798 8.9156 3.7977 6.3761 8.0684 3.9535 8.0463 3.6815 3.4034 
2017-06-29 11:49:45.888000 3516.668 5.003 9.334 51.124 6.571 35.337 53.42 7.815 29.2805 49.9497 27.8657 8.8585 3.7411 6.3853 8.0601 3.8996 7.9704 3.6305 3.3512 
2017-06-29 11:50:04.452000 3535.232 5.048 9.284 51.143 6.585 35.312 53.435 7.743 28.4135 49.9856 27.9422 8.7985 3.6863 6.3899 8.0479 3.8441 7.8946 3.573 3.2956 
2017-06-29 11:50:23.105000 3553.885 5.066 9.234 51.156 6.6 35.241 53.451 7.672 27.6247 50.0329 28.0254 8.7362 3.6266 6.3907 8.032 3.7907 7.8158 3.5153 3.2409 
2017-06-29 11:50:41.509000 3572.289 5.095 9.182 51.17 6.614 35.141 53.464 7.598 26.9419 50.0441 28.1251 8.6731 3.558 6.3879 8.0126 3.7368 7.7388 3.4472 3.1867 
2017-06-29 11:50:59.943000 3590.723 5.135 9.127 51.183 6.63 35.017 53.478 7.524 26.2681 49.9895 28.2183 8.6069 3.4846 6.3813 7.9898 3.6829 7.6598 3.3765 3.1303 
2017-06-29 11:51:18.616000 3609.396 5.085 9.071 51.196 6.645 34.982 53.491 7.456 25.5758 49.9478 28.303 8.5384 3.4122 6.3715 7.9643 3.6296 7.5817 3.309 3.0758 
2017-06-29 11:51:37.271000 3628.051 5.088 9.014 51.207 6.661 34.906 53.503 7.39 24.8856 49.9619 28.3736 8.4696 3.3403 6.3586 7.9365 3.5767 7.5063 3.2392 3.02 
2017-06-29 11:51:56.015000 3646.795 4.567 8.956 51.22 6.677 34.763 53.516 7.322 24.2879 49.9895 28.4365 8.4005 3.2651 6.3437 7.9057 3.5231 7.4352 3.1681 2.9634 
2017-06-29 11:52:14.729000 3665.509 4.512 8.895 51.231 6.692 34.893 53.527 7.206 23.7337 50.0321 28.4945 8.3298 3.215 6.3263 7.8732 3.4709 7.361 3.1268 2.9079 
2017-06-29 11:52:33.322000 3684.102 4.463 8.835 51.242 6.709 35.037 53.538 7.185 23.1484 50.041 28.54 8.2571 3.1733 6.306 7.8384 3.4194 7.2855 3.0859 2.852 
2017-06-29 11:52:52.206000 3702.986 4.799 8.773 51.251 6.724 35.202 53.55 7.078 22.6727 49.9794 28.5834 8.1821 3.1268 6.284 7.8001 3.363 7.2089 3.0411 2.7953 
2017-06-29 11:53:11.050000 3721.83 4.723 8.711 51.261 6.74 34.658 53.56 7.009 22.1706 49.9262 28.6147 8.1082 3.0829 6.2587 7.7606 3.306 7.1366 2.9981 2.7424 
2017-06-29 11:53:29.974000 3740.754 4.526 8.647 51.273 6.756 34.578 53.571 6.977 21.7087 49.9363 28.6457 8.0318 3.0361 6.2319 7.7196 3.2495 7.0665 2.951 2.6859 
2017-06-29 11:53:48.877000 3759.657 4.328 8.584 51.284 6.772 35.236 53.58 6.912 21.296 49.9644 28.6704 7.9581 2.9852 6.2037 7.677 3.1955 6.9954 2.9038 2.6301 
2017-06-29 11:54:07.841000 3778.621 4.648 8.521 51.294 6.787 35.101 53.59 6.846 20.9276 49.9977 28.6885 7.8826 2.9329 6.1743 7.6345 3.1412 6.9255 2.8526 2.5758 
2017-06-29 11:54:26.865000 3797.645 4.395 8.462 51.301 6.802 34.553 53.598 6.783 20.5174 50.0426 28.7067 7.8075 2.8802 6.1436 7.5897 3.0887 6.858 2.7995 2.5205 
2017-06-29 11:54:45.679000 3816.459 4.247 8.407 51.308 6.817 35.196 53.608 6.719 20.1338 50.0395 28.7169 7.7359 2.8207 6.1128 7.5446 3.0368 6.7889 2.7439 2.4673 
2017-06-29 11:55:04.532000 3835.312 4.219 8.351 51.316 6.831 35.169 53.616 6.645 19.7733 49.9589 28.7223 7.6642 2.7636 6.0798 7.4981 2.9864 6.7232 2.6862 2.4136 
2017-06-29 11:55:23.566000 3854.346 4.549 8.296 51.324 6.845 35.02 53.622 6.598 19.4139 49.9055 28.7277 7.5906 2.7079 6.046 7.4509 2.9375 6.6585 2.6332 2.3611 
2017-06-29 11:55:42.740000 3873.52 4.169 8.241 51.331 6.859 35.182 53.632 6.536 19.0684 49.9147 28.7333 7.5189 2.6503 6.0117 7.403 2.8907 6.5957 2.5787 2.3094 
2017-06-29 11:56:01.814000 3892.594 4.5 8.188 51.339 6.872 34.993 53.637 6.481 18.7388 49.9472 28.7291 7.4479 2.5948 5.9747 7.3558 2.8455 6.5342 2.5231 2.2575 
2017-06-29 11:56:20.958000 3911.738 4.198 8.134 51.345 6.885 34.583 53.646 6.424 18.4083 49.9921 28.7302 7.3784 2.5373 5.9373 7.3069 2.8033 6.4738 2.47 2.2103 
2017-06-29 11:56:40.382000 3931.162 4.451 8.08 51.353 6.897 35.008 53.653 6.351 18.0836 50.0441 28.7223 7.3107 2.4814 5.8986 7.2576 2.7624 6.4129 2.4144 2.1648 
2017-06-29 11:56:59.405000 3950.185 4.137 8.029 51.361 6.909 34.547 53.658 6.31 17.8441 50.0509 28.7206 7.2438 2.424 5.8587 7.209 2.7315 6.352 2.3589 2.1374 
2017-06-29 11:57:18.439000 3969.219 4.059 7.979 51.364 6.921 35.18 53.664 6.194 17.6031 49.991 28.7127 7.1785 2.3713 5.8135 7.1605 2.7081 6.2999 2.3098 2.1099 
2017-06-29 11:57:37.683000 3988.463 4.404 7.93 51.367 6.932 34.825 53.669 6.216 17.3538 49.9513 28.709 7.1165 2.3261 5.7663 7.1125 2.6836 6.2518 2.2661 2.0785 
2017-06-29 11:57:57.037000 4007.817 4.025 7.883 51.373 6.942 35.196 53.676 6.172 17.096 49.9876 28.6993 7.0569 2.2835 5.7195 7.0642 2.6577 6.2051 2.2253 2.044 
2017-06-29 11:58:16.341000 4027.121 4.053 7.839 51.376 6.953 34.835 53.68 6.127 16.8292 50.047 28.6892 6.9989 2.2409 5.6754 7.0177 2.6313 6.1578 2.1848 2.0071 
2017-06-29 11:58:35.504000 4046.284 3.994 7.795 51.379 6.963 35.176 53.685 6.083 16.5654 50.0699 28.6776 6.9435 2.1979 5.6334 6.9708 2.6038 6.1098 2.1405 1.9706 
2017-06-29 11:58:54.698000 4065.478 4.287 7.752 51.382 6.972 34.931 53.689 5.212 16.3022 50.0166 28.665 6.8885 2.1529 5.5917 6.9257 2.572 6.0618 2.0988 1.9322 
2017-06-29 11:59:13.912000 4084.692 3.926 7.71 51.387 6.981 34.468 53.692 5.974 16.0228 49.9363 28.6511 6.8339 2.1105 5.5493 6.8793 2.5392 6.0149 2.0574 1.8916 
2017-06-29 11:59:33.436000 4104.216 4.007 7.668 51.389 6.99 34.9 53.693 5.345 15.7426 49.895 28.6359 6.7786 2.0706 5.5082 6.8333 2.5056 5.9685 2.0178 1.8502 
2017-06-29 11:59:53.250000 4124.03 4.184 7.626 51.392 6.998 35.024 53.698 5.899 15.4562 49.9338 28.6183 6.7251 2.0283 5.4684 6.7879 2.4712 5.9204 1.9771 1.808 
2017-06-29 12:00:12.764000 4143.544 3.865 7.586 51.391 7.005 34.982 53.7 5.863 15.1619 50.0037 28.6017 6.6737 1.9859 5.43 6.7434 2.438 5.8733 1.9365 1.7644 
2017-06-29 12:00:32.078000 4162.858 3.988 7.545 51.393 7.013 34.41 53.702 5.817 14.8758 50.0275 28.5834 6.623 1.9427 5.392 6.6991 2.4058 5.8242 1.8911 1.7215 
2017-06-29 12:00:51.462000 4182.242 4.106 7.506 51.396 7.019 34.997 53.706 5.772 14.5909 49.9764 28.5603 6.5716 1.8966 5.3542 6.6545 2.3746 5.7772 1.8471 1.6781 
2017-06-29 12:01:11.015000 4201.795 3.808 7.468 51.397 7.026 34.944 53.707 5.728 14.3003 49.9493 28.5424 6.5222 1.8529 5.3171 6.6099 2.3427 5.73 1.8056 1.6331 
2017-06-29 12:01:30.619000 4221.399 3.997 7.43 51.398 7.032 34.422 53.711 5.086 14.0161 50.0006 28.5212 6.4719 1.8102 5.281 6.5661 2.3124 5.6813 1.7616 1.5899 
2017-06-29 12:01:50.113000 4240.893 4.011 7.392 51.4 7.037 35.057 53.713 5.184 13.7282 50.023 28.5025 6.4234 1.7628 5.2452 6.5225 2.2835 5.6327 1.7162 1.5449 
2017-06-29 12:02:09.617000 4260.397 3.761 7.356 51.399 7.043 34.741 53.715 5.581 13.446 49.9695 28.4793 6.374 1.7168 5.2102 6.4786 2.2556 5.5845 1.6704 1.5018 
2017-06-29 12:02:29.471000 4280.251 4.001 7.318 51.4 7.048 34.448 53.715 5.549 13.163 49.9442 28.4552 6.3253 1.6712 5.1743 6.4336 2.229 5.5375 1.6266 1.458 
2017-06-29 12:02:49.225000 4300.005 4.037 7.279 51.4 7.052 34.513 53.717 5.494 12.9788 50.0025 28.4335 6.2758 1.6235 5.1381 6.3894 2.2196 5.4768 1.5822 1.4773 
2017-06-29 12:03:09.110000 4319.89 4.03 7.24 51.402 7.056 34.609 53.718 5.446 12.8941 50.0366 28.4172 6.2266 1.5921 5.0629 6.342 2.219 5.4302 1.5524 1.4744 
2017-06-29 12:03:28.734000 4339.514 3.744 7.203 51.4 7.06 35.081 53.716 4.568 12.8095 49.9994 28.4026 6.182 1.5682 4.964 6.2963 2.2166 5.3978 1.5302 1.4693 
2017-06-29 12:03:48.528000 4359.308 3.711 7.17 51.4 7.063 34.454 53.716 5.389 12.723 49.994 28.3898 6.1423 1.5517 4.8633 6.2514 2.2133 5.3724 1.5162 1.4634 
2017-06-29 12:04:08.412000 4379.192 3.722 7.14 51.4 7.067 34.321 53.716 5.367 12.6359 50.0662 28.3767 6.1069 1.5377 4.7714 6.21 2.21 5.3497 1.5041 1.457 
2017-06-29 12:04:28.156000 4398.936 3.743 7.114 51.4 7.069 34.777 53.719 4.979 12.5477 50.1111 28.364 6.0746 1.5247 4.689 6.17 2.2059 5.3285 1.4916 1.4502 
2017-06-29 12:04:47.850000 4418.63 3.898 7.09 51.398 7.072 34.86 53.718 5.329 12.4611 50.0778 28.3489 6.0451 1.5137 4.6109 6.133 2.2019 5.3094 1.4809 1.4433 
2017-06-29 12:05:07.574000 4438.354 3.637 7.068 51.397 7.074 34.84 53.716 5.213 12.3779 50.0215 28.3351 6.0182 1.5044 4.5398 6.0968 2.1978 5.2921 1.4718 1.4364 
2017-06-29 12:05:27.317000 4458.097 3.633 7.048 51.395 7.076 34.79 53.715 5.296 12.2949 49.9528 28.3248 5.9915 1.4957 4.4717 6.063 2.194 5.2747 1.4632 1.4297 
2017-06-29 12:05:47.391000 4478.171 3.634 7.03 51.394 7.078 34.674 53.715 5.281 12.2136 49.9382 28.3102 5.9643 1.4893 4.408 6.0301 2.1901 5.2591 1.4573 1.4239 
2017-06-29 12:06:07.726000 4498.506 3.686 7.013 51.39 7.079 35.014 53.712 4.775 12.1315 50.0106 28.2999 5.9391 1.4826 4.348 5.9983 2.1865 5.2435 1.4505 1.4182 
2017-06-29 12:06:27.629000 4518.409 3.647 6.997 51.39 7.08 34.44 53.713 5.253 12.0525 50.0548 28.2896 5.9166 1.4747 4.2918 5.9669 2.1827 5.2286 1.442 1.4123 
2017-06-29 12:06:47.543000 4538.323 3.68 6.983 51.387 7.081 34.237 53.713 5.24 11.9757 50.0211 28.2757 5.8954 1.4669 4.2377 5.9366 2.1793 5.2149 1.4345 1.4067 
2017-06-29 12:07:07.497000 4558.277 3.69 6.969 51.385 7.081 34.21 53.712 5.227 11.9006 49.9619 28.269 5.8747 1.4601 4.187 5.9076 2.176 5.2008 1.4277 1.4012 
2017-06-29 12:07:27.651000 4578.431 3.736 6.956 51.384 7.081 34.225 53.711 5.119 11.8294 49.9513 28.2548 5.8543 1.4549 4.1392 5.8798 2.1726 5.1864 1.4235 1.3961 
2017-06-29 12:07:47.865000 4598.645 3.623 6.944 51.382 7.081 34.384 53.708 5.202 11.7577 50.0254 28.2441 5.8353 1.4495 4.0936 5.8532 2.1697 5.1732 1.4186 1.3912 
2017-06-29 12:08:07.909000 4618.689 3.642 6.932 51.378 7.081 34.296 53.706 5.19 11.6889 50.0707 28.2347 5.8181 1.4425 4.0515 5.8278 2.1666 5.1596 1.4119 1.3861 
2017-06-29 12:08:27.993000 4638.773 3.661 6.921 51.374 7.08 34.194 53.703 5.178 11.6188 50.0381 28.2274 5.8018 1.4359 4.0115 5.8027 2.1639 5.1467 1.4061 1.3811 
2017-06-29 12:08:48.077000 4658.857 3.727 6.91 51.373 7.08 34.206 53.702 5.159 11.551 49.9786 28.2128 5.7845 1.4297 3.9734 5.7783 2.1609 5.1339 1.4007 1.3762 
2017-06-29 12:09:08.852000 4679.632 3.591 6.9 51.371 7.078 34.514 53.701 5.154 11.4813 49.9679 28.2086 5.7673 1.4257 3.9368 5.7543 2.158 5.1216 1.3971 1.3713 
2017-06-29 12:09:29.176000 4699.956 3.612 6.89 51.369 7.077 34.931 53.698 4.908 11.4174 50.0473 28.1941 5.7523 1.4216 3.9049 5.7313 2.155 5.1102 1.3927 1.3667 
2017-06-29 12:09:49.370000 4720.15 3.585 6.881 51.368 7.076 34.873 53.698 5.088 11.3542 50.0933 28.1897 5.7378 1.4157 3.874 5.7096 2.1525 5.0984 1.3865 1.3619 
2017-06-29 12:10:09.554000 4740.334 3.793 6.872 51.363 7.074 34.743 53.695 5.122 11.2929 50.0579 28.1821 5.7237 1.4104 3.8458 5.688 2.1499 5.0869 1.3812 1.3571 
2017-06-29 12:10:29.808000 4760.588 3.72 6.863 51.358 7.073 34.902 53.694 5.112 11.2299 49.9985 28.1718 5.7102 1.4053 3.8192 5.6676 2.1477 5.0754 1.3763 1.3529 
2017-06-29 12:10:50.272000 4781.052 3.858 6.855 51.358 7.071 34.464 53.691 5.101 11.1685 49.9876 28.1633 5.6959 1.4019 3.7944 5.647 2.1451 5.0646 1.3731 1.349 
2017-06-29 12:11:10.776000 4801.556 3.645 6.846 51.357 7.069 34.144 53.69 5.092 11.1081 50.0683 28.1573 5.6827 1.3982 3.7715 5.6276 2.1429 5.0542 1.3693 1.3451 
2017-06-29 12:11:31.210000 4821.99 3.577 6.838 51.351 7.066 34.422 53.689 5.082 11.0485 50.1139 28.1458 5.6707 1.3932 3.7498 5.6086 2.1407 5.0438 1.3639 1.341 
2017-06-29 12:11:51.534000 4842.314 3.604 6.831 51.348 7.064 34.179 53.685 5.073 10.9897 50.0803 28.1409 5.659 1.3883 3.7296 5.59 2.1386 5.0337 1.3592 1.3371 
2017-06-29 12:12:12.408000 4863.188 3.755 6.823 51.346 7.061 34.754 53.684 5.063 10.9325 50.0186 28.1349 5.647 1.3839 3.7101 5.5715 2.1362 5.0231 1.3548 1.3332 
2017-06-29 12:12:32.852000 4883.632 3.786 6.815 51.345 7.059 34.206 53.68 5.054 10.8775 49.9433 28.124 5.6344 1.3797 3.6926 5.5534 2.1345 5.0128 1.3505 1.3295 
2017-06-29 12:12:53.596000 4904.376 3.584 6.808 51.341 7.056 34.2 53.68 5.045 10.8215 49.9312 28.1174 5.6227 1.3771 3.6763 5.5354 2.1323 5.0039 1.3482 1.3265 
2017-06-29 12:13:14.300000 4925.08 3.748 6.801 51.339 7.053 34.735 53.677 5.037 10.7683 50.0084 28.1112 5.6114 1.3741 3.662 5.5188 2.1304 4.9946 1.3451 1.3235 
2017-06-29 12:13:34.805000 4945.585 3.796 6.794 51.336 7.05 34.825 53.674 5.028 10.715 50.0545 28.1057 5.6011 1.3695 3.6488 5.5026 2.1289 4.9855 1.3403 1.3202 
2017-06-29 12:13:55.409000 4966.189 3.591 6.788 51.331 7.048 34.133 53.67 4.953 10.6602 50.0211 28.0981 5.5911 1.3652 3.6361 5.4866 2.1267 4.9766 1.336 1.317 
2017-06-29 12:14:16.073000 4986.853 3.533 6.781 51.329 7.044 34.707 53.669 5.011 10.6068 49.9568 28.089 5.5806 1.3613 3.6245 5.4706 2.1249 4.9672 1.3321 1.3138 
2017-06-29 12:14:36.937000 5007.717 3.78 6.774 51.326 7.041 34.253 53.667 5.004 10.5468 49.9487 28.0854 5.5703 1.359 3.6141 5.4549 2.1238 4.9598 1.331 1.319 
2017-06-29 12:14:57.812000 5028.592 3.568 6.77 51.321 7.038 34.253 53.666 5.007 10.2745 50.0325 28.0732 5.5622 1.3648 3.6325 5.4422 2.1273 4.9596 1.3372 1.3233 
2017-06-29 12:15:18.946000 5049.726 3.633 6.764 51.32 7.035 34.088 53.66 4.99 9.9733 50.0818 28.0521 5.5507 1.3649 3.7375 5.4315 2.1293 4.938 1.3367 1.3269 
2017-06-29 12:15:39.680000 5070.46 3.527 6.754 51.319 7.031 34.506 53.658 4.963 9.6756 50.0464 28.0298 5.5335 1.3652 3.837 5.4194 2.1313 4.9064 1.3372 1.3313 
2017-06-29 12:16:00.485000 5091.265 3.787 6.74 51.315 7.028 34.375 53.657 4.93 9.3723 49.9862 28.0109 5.511 1.3661 3.9177 5.4036 2.1333 4.8709 1.3382 1.3358 
2017-06-29 12:16:21.519000 5112.299 3.501 6.723 51.311 7.024 34.671 53.653 4.895 9.0734 49.9794 27.9912 5.4848 1.3683 3.9802 5.3848 2.1352 4.8331 1.3408 1.3406 
2017-06-29 12:16:42.473000 5133.253 3.728 6.704 51.309 7.02 34.754 53.652 4.86 8.7787 50.06 27.98 5.4576 1.3704 4.0294 5.3639 2.1374 4.7947 1.3428 1.3455 
2017-06-29 12:17:03.347000 5154.127 3.505 6.683 51.305 7.017 34.199 53.648 4.824 8.4886 50.1108 27.9661 5.4285 1.3708 4.0666 5.3402 2.1393 4.755 1.3429 1.3491 
2017-06-29 12:17:24.291000 5175.071 3.695 6.66 51.303 7.013 34.558 53.645 4.786 8.2035 50.0759 27.9545 5.398 1.3714 4.0967 5.3143 2.1409 4.716 1.3435 1.3517 
2017-06-29 12:17:45.175000 5195.955 3.455 6.636 51.298 7.01 34.529 53.643 4.752 7.9298 50.016 27.9401 5.3656 1.372 4.1196 5.2868 2.1419 4.6765 1.3443 1.354 
2017-06-29 12:18:06.500000 5217.28 3.478 6.612 51.297 7.006 34.288 53.64 4.715 7.644 49.9439 27.927 5.3312 1.3727 4.137 5.257 2.1427 4.6374 1.345 1.3554 
2017-06-29 12:18:27.644000 5238.424 3.638 6.586 51.291 7.002 34.59 53.637 4.599 7.3724 49.9296 27.915 5.2972 1.3747 4.1498 5.227 2.1432 4.6001 1.3474 1.3569 
2017-06-29 12:18:48.858000 5259.638 3.429 6.561 51.287 6.998 34.361 53.634 4.646 7.1023 50.0136 27.9025 5.2642 1.3767 4.1591 5.1964 2.1437 4.5625 1.3492 1.3579 
2017-06-29 12:19:09.922000 5280.702 3.625 6.536 51.282 6.994 34.512 53.63 4.607 6.8514 50.0594 27.8888 5.2318 1.377 4.1648 5.1649 2.1441 4.526 1.3492 1.358 
2017-06-29 12:19:30.967000 5301.747 3.404 6.511 51.279 6.99 34.481 53.626 4.501 6.6171 50.0226 27.8761 5.1999 1.3773 4.1669 5.1321 2.1439 4.4918 1.3497 1.3576 
2017-06-29 12:19:52.091000 5322.871 3.624 6.487 51.274 6.987 34.383 53.621 4.5 6.4027 49.9603 27.865 5.1678 1.3778 4.1664 5.0999 2.1434 4.4586 1.3502 1.3568 
2017-06-29 12:20:13.415000 5344.195 3.544 6.463 51.268 6.983 34.661 53.618 4.522 6.2048 49.9548 27.8541 5.1354 1.3798 4.1636 5.068 2.1428 4.4285 1.3526 1.3565 
2017-06-29 12:20:34.749000 5365.529 3.412 6.44 51.265 6.978 34.727 53.614 4.496 6.0329 50.0395 27.8434 5.1057 1.3816 4.1595 5.0363 2.1425 4.4011 1.3543 1.3561 
2017-06-29 12:20:56.293000 5387.073 3.367 6.418 51.259 6.974 34.486 53.607 4.472 5.8663 50.0892 27.8345 5.079 1.3818 4.154 5.0054 2.1419 4.3755 1.3544 1.355 
2017-06-29 12:21:17.478000 5408.258 3.588 6.399 51.254 6.97 34.164 53.604 4.452 5.7188 50.0495 27.8255 5.0535 1.3821 4.1466 4.9749 2.141 4.3528 1.3547 1.3534 
2017-06-29 12:21:38.722000 5429.502 3.553 6.381 51.247 6.966 34.661 53.6 4.429 5.5824 49.9895 27.8188 5.0295 1.3826 4.1384 4.9461 2.1403 4.332 1.3552 1.352 
2017-06-29 12:22:00.226000 5451.006 3.468 6.363 51.243 6.962 34.409 53.595 4.416 5.4613 49.9816 27.8131 5.0063 1.3845 4.1301 4.9179 2.1395 4.3144 1.3574 1.3509 
2017-06-29 12:22:21.741000 5472.521 3.363 6.348 51.238 6.957 34.042 53.59 4.401 5.3568 50.0693 27.8102 4.9857 1.3861 4.121 4.8915 2.1389 4.2991 1.359 1.3503 
2017-06-29 12:22:43.045000 5493.825 3.444 6.334 51.235 6.953 33.924 53.587 4.388 5.2602 50.118 27.8062 4.9682 1.3859 4.112 4.8664 2.1382 4.285 1.3584 1.3495 
2017-06-29 12:23:04.429000 5515.209 3.567 6.321 51.229 6.949 34.186 53.582 4.376 5.1738 50.0813 27.803 4.9515 1.3854 4.1022 4.8429 2.1378 4.2723 1.3581 1.3487 
2017-06-29 12:23:25.813000 5536.593 3.514 6.31 51.223 6.944 34.491 53.576 4.366 5.0983 50.017 27.7999 4.9355 1.3852 4.0926 4.8203 2.1371 4.261 1.3578 1.348 
2017-06-29 12:23:47.288000 5558.068 3.414 6.299 51.217 6.939 34.679 53.571 4.356 5.028 49.9424 27.7986 4.9205 1.3847 4.0827 4.7987 2.1366 4.2504 1.3573 1.3473 
2017-06-29 12:24:09.382000 5580.162 3.485 6.29 51.211 6.934 34.598 53.566 4.348 4.9641 49.9326 27.7944 4.9061 1.3857 4.0731 4.7779 2.1363 4.2418 1.3585 1.3473 
2017-06-29 12:24:31.146000 5601.926 3.381 6.281 51.205 6.93 34.665 53.562 4.341 4.9084 50.0181 27.7933 4.8938 1.3861 4.0642 4.7587 2.1345 4.2347 1.359 1.3476 
2017-06-29 12:24:52.671000 5623.451 3.323 6.274 51.198 6.925 34.427 53.557 4.334 4.8566 50.0654 27.7926 4.8841 1.385 4.0555 4.7414 2.136 4.2276 1.3576 1.347 
2017-06-29 12:25:14.255000 5645.035 3.349 6.267 51.196 6.92 34.058 53.552 4.329 4.8098 50.0269 27.7905 4.8747 1.3841 4.0469 4.7248 2.1354 4.221 1.3567 1.3462 
2017-06-29 12:25:35.849000 5666.629 3.413 6.261 51.19 6.915 33.872 53.549 4.323 4.7664 49.9614 27.7902 4.8656 1.3833 4.0384 4.7091 2.1349 4.2151 1.356 1.3453 
2017-06-29 12:25:57.804000 5688.584 3.342 6.256 51.185 6.91 34.031 53.542 4.319 4.7278 49.9584 27.7899 4.8562 1.3839 4.0303 4.6939 2.1346 4.2104 1.3569 1.3451 
2017-06-29 12:26:19.738000 5710.518 3.326 6.251 51.181 6.905 34.206 53.538 4.315 4.6917 50.0473 27.7905 4.8489 1.3843 4.0225 4.68 2.1343 4.2064 1.3571 1.3452 
2017-06-29 12:26:41.862000 5732.642 3.322 6.247 51.174 6.899 34.522 53.533 4.311 4.6578 50.0937 27.7888 4.8434 1.383 4.0154 4.6671 2.1339 4.2022 1.3554 1.3445 
2017-06-29 12:27:03.588000 5754.368 3.429 6.243 51.17 6.894 34.623 53.528 4.307 4.6275 50.0548 27.7899 4.8373 1.3818 4.0091 4.6544 2.1336 4.1981 1.3545 1.3435 
2017-06-29 12:27:25.432000 5776.212 3.332 6.239 51.165 6.888 34.571 53.523 4.304 4.5985 49.9895 27.7912 4.8313 1.3809 4.0018 4.6428 2.1329 4.194 1.3535 1.3425 
2017-06-29 12:27:47.466000 5798.246 3.52 6.236 51.159 6.883 34.569 53.519 4.302 4.5734 49.9825 27.7915 4.8257 1.3813 3.9957 4.6317 2.1325 4.1915 1.3542 1.3422 
2017-06-29 12:28:09.531000 5820.311 3.379 6.233 51.154 6.877 33.834 53.513 4.299 4.5496 50.0722 27.7891 4.821 1.3815 3.9896 4.6212 2.1321 4.1887 1.3544 1.3421 
2017-06-29 12:28:31.455000 5842.235 3.327 6.231 51.149 6.872 33.953 53.51 4.297 4.5268 50.1192 27.7909 4.8178 1.38 3.9847 4.6118 2.1317 4.1853 1.3526 1.3412 
2017-06-29 12:28:53.310000 5864.09 3.416 6.228 51.145 6.867 33.804 53.504 4.295 4.5065 50.0793 27.7891 4.8143 1.3788 3.98 4.6025 2.1311 4.1826 1.3514 1.3401 
2017-06-29 12:29:15.754000 5886.534 3.342 6.226 51.139 6.861 34.578 53.498 4.292 4.4864 50.0126 27.7905 4.8102 1.3777 3.975 4.5931 2.1306 4.1801 1.3502 1.339 
2017-06-29 12:29:37.728000 5908.508 3.469 6.224 51.134 6.855 34.509 53.494 4.29 4.4672 49.9357 27.7918 4.8056 1.3766 3.9702 4.5841 2.1298 4.177 1.3492 1.3378 
2017-06-29 12:29:59.993000 5930.773 3.5 6.222 51.127 6.849 34.375 53.49 4.288 4.4506 49.9233 27.7899 4.8011 1.3768 3.966 4.5758 2.1291 4.1755 1.3498 1.3373 
2017-06-29 12:30:22.217000 5952.997 3.362 6.221 51.122 6.844 33.853 53.485 4.287 4.4357 50.0136 27.7915 4.7981 1.3768 3.9622 4.5681 2.129 4.1742 1.3497 1.3371 
2017-06-29 12:30:44.332000 5975.112 3.339 6.219 51.119 6.838 33.988 53.482 4.286 4.4203 50.0615 27.7915 4.7962 1.3753 3.9587 4.561 2.1286 4.1722 1.3479 1.3363 
2017-06-29 12:31:06.436000 5997.216 3.313 6.218 51.112 6.832 34.335 53.477 4.285 4.4065 50.0226 27.7929 4.7942 1.3738 3.9549 4.554 2.1279 4.1705 1.3465 1.335 
2017-06-29 12:31:28.630000 6019.41 3.346 6.216 51.108 6.827 34.572 53.472 4.283 4.3928 49.9517 27.7929 4.7913 1.3725 3.9515 4.547 2.1273 4.168 1.3453 1.3338 
2017-06-29 12:31:51.045000 6041.825 3.501 6.215 51.103 6.821 33.925 53.468 4.282 4.3809 49.9478 27.7929 4.7883 1.3727 3.9486 4.5405 2.1267 4.1673 1.3459 1.3334 
2017-06-29 12:32:13.939000 6064.719 3.489 6.214 51.099 6.815 34.406 53.464 4.281 4.3697 50.042 27.7933 4.7866 1.3728 3.9461 4.5345 2.1264 4.1665 1.3456 1.3329 
2017-06-29 12:32:36.134000 6086.914 3.539 6.213 51.096 6.809 34.092 53.46 4.28 4.3586 50.0907 27.7937 4.7859 1.3711 3.9434 4.529 2.1261 4.1649 1.3436 1.332 
2017-06-29 12:32:58.438000 6109.218 3.316 6.212 51.093 6.803 34.185 53.455 4.279 4.3487 50.0509 27.7929 4.7848 1.3696 3.9412 4.5235 2.1253 4.164 1.3422 1.3306 
2017-06-29 12:33:20.743000 6131.523 3.323 6.211 51.087 6.798 34.491 53.45 4.278 4.3377 49.9831 27.7937 4.7831 1.3682 3.9382 4.5181 2.1246 4.1625 1.341 1.3294 
2017-06-29 12:33:43.427000 6154.207 3.343 6.21 51.082 6.792 33.926 53.449 4.278 4.3294 49.9786 27.7944 4.7805 1.3683 3.9357 4.5122 2.124 4.1621 1.3414 1.329 
2017-06-29 12:34:06.022000 6176.802 3.44 6.209 51.076 6.786 34.5 53.442 4.277 4.3209 50.0703 27.795 4.7796 1.3682 3.9336 4.5084 2.1238 4.1617 1.3412 1.3286 
2017-06-29 12:34:28.528000 6199.308 3.374 6.208 51.071 6.78 33.767 53.438 4.277 4.3124 50.1201 27.7968 4.7794 1.3665 3.9319 4.504 2.1232 4.1607 1.3391 1.3276 
2017-06-29 12:34:51.436000 6222.216 3.537 6.208 51.069 6.775 34.103 53.434 4.276 4.3041 50.0768 27.794 4.779 1.3648 3.9286 4.4995 2.1225 4.1595 1.3376 1.3264 
2017-06-29 12:35:13.932000 6244.712 3.317 6.207 51.062 6.769 34.159 53.431 4.274 4.296 50.0091 27.7968 4.7772 1.3636 3.9254 4.495 2.1217 4.158 1.3362 1.3252 
2017-06-29 12:35:36.417000 6267.197 3.497 6.206 51.059 6.763 34.336 53.426 4.273 4.2877 49.9256 27.7961 4.7748 1.3621 3.9228 4.4903 2.1211 4.1564 1.3349 1.324 
2017-06-29 12:35:59.222000 6290.002 3.334 6.205 51.058 6.757 33.916 53.419 4.273 4.2814 49.9192 27.7961 4.7723 1.3622 3.9205 4.4859 2.1204 4.1562 1.3352 1.3234 
2017-06-29 12:36:22.009000 6312.789 3.521 6.205 51.051 6.752 33.881 53.417 4.273 4.2756 50.013 27.7961 4.7714 1.362 3.9188 4.4822 2.1202 4.1565 1.335 1.3231 
2017-06-29 12:36:44.654000 6335.434 3.315 6.204 51.046 6.746 34.404 53.412 4.272 4.2686 50.0608 27.7961 4.7715 1.3602 3.9176 4.4789 2.1198 4.1552 1.3329 1.3222 
2017-06-29 12:37:07.251000 6358.031 3.535 6.204 51.043 6.741 34.05 53.408 4.272 4.2631 50.0151 27.7989 4.771 1.3586 3.9157 4.4753 2.119 4.1549 1.3314 1.3208 
2017-06-29 12:37:30.435000 6381.215 3.539 6.203 51.038 6.735 34.526 53.403 4.271 4.2562 49.9447 27.7971 4.7698 1.3573 3.914 4.4717 2.1181 4.154 1.3299 1.3196 
2017-06-29 12:37:53.323000 6404.103 3.325 6.203 51.035 6.729 34.063 53.4 4.271 4.2515 49.9433 27.7971 4.7683 1.3571 3.9128 4.4683 2.1175 4.1541 1.3302 1.319 
2017-06-29 12:38:16.259000 6427.039 3.423 6.202 51.029 6.724 33.718 53.397 4.271 4.2472 50.0335 27.7989 4.768 1.3569 3.9118 4.4646 2.1173 4.154 1.3298 1.3187 
2017-06-29 12:38:39.015000 6449.795 3.327 6.202 51.026 6.718 34.461 53.392 4.271 4.2415 50.0828 27.7996 4.7685 1.3551 3.911 4.463 2.1169 4.1537 1.328 1.3176 
2017-06-29 12:39:01.771000 6472.551 3.33 6.202 51.021 6.713 33.951 53.386 4.27 4.2363 50.0395 27.7982 4.7683 1.3535 3.9101 4.4601 2.116 4.1527 1.3268 1.3164 
2017-06-29 12:39:24.606000 6495.386 3.454 6.201 51.017 6.707 33.784 53.383 4.269 4.2308 49.9704 27.7999 4.7673 1.352 3.9091 4.4572 2.1154 4.1517 1.3254 1.3151 
2017-06-29 12:39:47.664000 6518.444 3.488 6.201 51.013 6.702 34.361 53.381 4.269 4.2267 49.9665 27.7986 4.7664 1.3521 3.908 4.4544 2.1149 4.1519 1.3257 1.3145 
2017-06-29 12:40:11.201000 6541.981 3.514 6.2 51.01 6.696 34.214 53.376 4.269 4.2225 50.0678 27.7989 4.7659 1.3517 3.9073 4.4522 2.1144 4.1519 1.3254 1.3143 
2017-06-29 12:40:34.097000 6564.877 3.35 6.2 51.007 6.691 33.828 53.376 4.269 4.2185 50.1157 27.7975 4.7666 1.3499 3.9073 4.4501 2.114 4.1513 1.3235 1.3132 
2017-06-29 12:40:57.002000 6587.782 3.536 6.199 51.003 6.686 33.955 53.37 4.269 4.214 50.0714 27.8002 4.7668 1.3481 3.9067 4.4479 2.1134 4.1508 1.3222 1.3118 
2017-06-29 12:41:19.997000 6610.777 3.42 6.199 50.997 6.68 34.508 53.366 4.268 4.2095 50.0025 27.7982 4.7658 1.3468 3.9064 4.4454 2.1127 4.1499 1.3209 1.3105 
2017-06-29 12:41:43.003000 6633.783 3.323 6.198 50.994 6.675 34.015 53.362 4.267 4.2054 49.9188 27.8002 4.7641 1.3454 3.9055 4.4428 2.1119 4.149 1.3196 1.3093 
2017-06-29 12:42:06.239000 6657.019 3.514 6.198 50.991 6.67 33.876 53.361 4.267 4.2016 49.91 27.7992 4.7623 1.3453 3.9048 4.4404 2.1114 4.1491 1.3198 1.3086 
2017-06-29 12:42:29.534000 6680.314 3.475 6.198 50.989 6.665 33.805 53.357 4.267 4.1982 50.0052 27.7971 4.7619 1.3451 3.9046 4.4385 2.1109 4.1493 1.3195 1.3084 
