#Human readable time. Time (s) since start. Lakeshore temperature sensor 218 T1,2,3,4,5,6,8 and 224 C2,C3,C4,C5,D1,D2,D3,D4,D5,A,B, LR750
2017-08-09 10:19:40.921000 0.01 3.266 5.934 49.774 6.405 33.39 52.114 4.016 3.7505 3.4133 27.7003 26.673 0.3102 18.2654 4.1282 2.048 3.9033 0.2999 1.209 -1.0
2017-08-09 10:19:56.512000 15.601 3.432 5.934 49.775 6.405 34.033 52.113 4.016 3.7506 3.4143 27.7016 26.6735 0.3102 18.2652 4.128 2.0481 3.9034 0.2999 1.209 -1.0
2017-08-09 10:20:08.235000 27.324 3.323 5.934 49.774 6.405 34.189 52.116 4.016 3.7502 3.4139 27.7009 26.6745 0.3102 18.2655 4.128 2.048 3.9033 0.2999 1.209 -1.0
2017-08-09 10:20:20.026000 39.115 3.438 5.934 49.775 6.405 34.068 52.115 4.007 3.7502 3.4133 27.7009 26.6737 0.3102 18.2655 4.1281 2.048 3.9031 0.2999 1.209 -1.0
2017-08-09 10:20:31.786000 50.875 3.382 5.933 49.775 6.405 34.169 52.113 4.015 3.75 3.4129 27.7006 26.6744 0.3102 18.2654 4.1279 2.0479 3.9031 0.2999 1.2089 -1.0
2017-08-09 10:20:43.576000 62.665 3.264 5.933 49.776 6.405 34.008 52.113 4.015 3.7502 3.4128 27.6988 26.6728 0.3102 18.2655 4.1279 2.0478 3.903 0.2999 1.209 -1.0
2017-08-09 10:20:55.357000 74.446 3.334 5.933 49.774 6.405 34.189 52.115 3.89 3.7504 3.4131 27.6995 26.6728 0.3102 18.2655 4.1279 2.0478 3.9034 0.2999 1.209 -1.0
2017-08-09 10:21:07.221000 86.31 3.434 5.933 49.775 6.404 34.005 52.115 4.016 3.7506 3.4135 27.7003 26.6737 0.3102 18.2653 4.1278 2.0478 3.9035 0.2999 1.2089 -1.0
2017-08-09 10:21:19.085000 98.174 3.296 5.933 49.777 6.404 34.165 52.116 4.0 3.7505 3.4138 27.7003 26.674 0.3102 18.2654 4.1278 2.048 3.9034 0.2999 1.209 -1.0
2017-08-09 10:21:30.988000 110.077 3.401 5.933 49.776 6.404 34.131 52.114 4.016 3.7503 3.4136 27.7006 26.6737 0.3102 18.2653 4.1279 2.0478 3.9033 0.2999 1.209 -1.0
2017-08-09 10:21:42.888000 121.977 3.466 5.933 49.775 6.404 33.828 52.113 4.016 3.7503 3.4135 27.6999 26.6735 0.3102 18.2655 4.1278 2.0479 3.9036 0.2999 1.2091 -1.0
2017-08-09 10:21:54.829000 133.918 3.463 5.933 49.775 6.403 33.489 52.113 4.016 3.7505 3.4135 27.7016 26.6737 0.3102 18.2656 4.1279 2.0479 3.9037 0.2999 1.209 -1.0
2017-08-09 10:22:06.801000 145.89 3.446 5.933 49.775 6.403 33.941 52.113 3.867 3.7503 3.4133 27.7009 26.6728 0.3102 18.2656 4.1278 2.0481 3.9038 0.2999 1.209 -1.0
2017-08-09 10:22:18.837000 157.926 3.483 5.933 49.775 6.403 33.655 52.113 4.016 3.7507 3.4136 27.7009 26.6737 0.3102 18.2655 4.1279 2.0478 3.9035 0.2999 1.209 -1.0
2017-08-09 10:22:30.857000 169.946 3.264 5.933 49.775 6.403 33.42 52.116 4.016 3.7507 3.4138 27.7009 26.6745 0.3102 18.2656 4.1279 2.0479 3.9035 0.2999 1.209 -1.0
2017-08-09 10:22:42.917000 182.006 3.28 5.934 49.774 6.403 33.468 52.113 3.958 3.7503 3.4138 27.7003 26.674 0.3102 18.2655 4.1278 2.0478 3.9037 0.2999 1.2091 -1.0
2017-08-09 10:22:55.008000 194.097 3.407 5.933 49.775 6.403 34.126 52.114 3.934 3.75 3.4129 27.7003 26.674 0.3102 18.2654 4.1279 2.0479 3.9034 0.2999 1.209 -1.0
2017-08-09 10:23:07.108000 206.197 3.404 5.933 49.775 6.403 34.102 52.113 4.016 3.75 3.4129 27.7006 26.674 0.3102 18.2655 4.1278 2.0478 3.9032 0.2999 1.209 -1.0
2017-08-09 10:23:19.216000 218.305 3.475 5.933 49.773 6.402 33.782 52.113 4.016 3.7502 3.413 27.6999 26.6735 0.3102 18.2656 4.1278 2.0483 3.9031 0.2999 1.209 -1.0
2017-08-09 10:23:31.446000 230.535 3.414 5.933 49.774 6.402 33.414 52.113 4.015 3.7499 3.4132 27.6995 26.6745 0.3102 18.2655 4.1278 2.0476 3.9031 0.2999 1.209 -1.0
2017-08-09 10:23:43.686000 242.775 3.278 5.933 49.775 6.402 34.04 52.113 3.854 3.7498 3.4132 27.6995 26.6737 0.3102 18.2656 4.1277 2.048 3.9032 0.2999 1.209 -1.0
2017-08-09 10:23:55.998000 255.087 3.351 5.933 49.775 6.402 34.183 52.114 4.015 3.7498 3.4127 27.7009 26.6745 0.3102 18.2655 4.1278 2.0479 3.903 0.2999 1.209 -1.0
2017-08-09 10:24:08.238000 267.327 3.438 5.933 49.776 6.402 33.497 52.116 4.015 3.7499 3.4136 27.7003 26.6749 0.3102 18.2655 4.1277 2.048 3.9031 0.2999 1.209 -1.0
2017-08-09 10:24:25.174000 284.263 3.467 5.933 49.776 6.401 33.774 52.113 4.016 3.7496 3.4129 27.6995 26.6728 0.3102 18.2655 4.1276 2.0479 3.9032 0.2999 1.2089 -1.0
2017-08-09 10:24:37.504000 296.593 3.271 5.933 49.776 6.401 33.781 52.114 4.015 3.75 3.4128 27.7009 26.674 0.3102 18.2656 4.1278 2.0478 3.9031 0.2999 1.2089 -1.0
2017-08-09 10:24:49.859000 308.948 3.443 5.933 49.777 6.401 33.899 52.113 4.016 3.7501 3.4133 27.6999 26.6749 0.3102 18.2656 4.1277 2.0478 3.9033 0.2999 1.2089 -1.0
2017-08-09 10:25:02.279000 321.368 3.283 5.933 49.776 6.401 33.575 52.113 3.966 3.7499 3.4138 27.7009 26.6744 0.3102 18.2654 4.1277 2.048 3.9033 0.2999 1.2089 -1.0
2017-08-09 10:25:14.693000 333.782 3.264 5.933 49.775 6.401 33.955 52.113 4.016 3.7504 3.4136 27.7016 26.6725 0.3102 18.2653 4.1276 2.0479 3.9034 0.2999 1.2089 -1.0
2017-08-09 10:25:27.135000 346.224 3.482 5.933 49.777 6.401 33.714 52.113 3.92 3.7507 3.4132 27.7016 26.6735 0.3102 18.2655 4.1276 2.0478 3.9036 0.2999 1.2089 -1.0
2017-08-09 10:25:39.675000 358.764 3.265 5.933 49.775 6.4 33.855 52.115 4.016 3.7502 3.4138 27.7003 26.6735 0.3102 18.2655 4.1276 2.0478 3.9033 0.2999 1.2089 -1.0
2017-08-09 10:25:52.276000 371.365 3.323 5.933 49.775 6.4 33.847 52.113 4.016 3.7497 3.413 27.6999 26.6737 0.3102 18.2655 4.1277 2.0478 3.9034 0.2999 1.2089 -1.0
2017-08-09 10:26:04.806000 383.895 3.345 5.933 49.776 6.4 33.697 52.113 3.953 3.7498 3.413 27.6999 26.6749 0.3102 18.2656 4.1278 2.0479 3.9032 0.2999 1.2089 -1.0
