#Human readable time. Time (s) since start. Lakeshore temperature sensor 218 T1,3,5,6,8 and 224 C2,C3,C4,C5,D2,D3,D5,A,B
#Human readable time. Time (s) since start. Lakeshore temperature sensor 218 T1,3,5,6,8 and 224 C2,C3,C4,C5,D2,D3,D5,A,B
293.96 
293.71 
293.88 
294.05 
294.39 
295.936 
295.751 
295.642 
295.782 
295.744 
296.011 
293.331 
0.0 
0.0 
293.84 
-1.0 
0.0 
293.96 
293.71 
293.88 
294.05 
294.39 
295.942 
295.751 
295.637 
295.781 
295.744 
296.009 
293.332 
0.0 
0.0 
293.84 
-1.0 
0.0 
293.96 
293.71 
293.88 
294.05 
294.39 
295.936 
295.75 
295.641 
295.782 
295.743 
296.009 
293.331 
0.0 
0.0 
293.83 
-1.0 
0.0 
293.96 
293.71 
293.88 
294.05 
294.39 
295.942 
295.752 
295.642 
295.776 
295.743 
296.009 
293.33 
0.0 
0.0 
293.84 
-1.0 
0.0 
293.96 
293.71 
293.88 
294.05 
294.39 
295.936 
295.75 
295.641 
295.781 
295.743 
296.01 
293.332 
0.0 
0.0 
293.83 
-1.0 
0.0 
293.96 
293.71 
293.88 
294.04 
294.39 
295.94 
295.751 
295.641 
295.776 
295.742 
296.008 
293.33 
0.0 
0.0 
293.83 
-1.0 
0.0 
293.96 
293.71 
293.88 
294.05 
294.39 
295.935 
295.745 
295.641 
295.78 
295.743 
296.009 
293.331 
0.0 
0.0 
293.84 
-1.0 
0.0 
293.96 
293.71 
293.88 
294.05 
294.39 
295.941 
295.75 
295.641 
295.775 
295.742 
296.008 
293.329 
0.0 
0.0 
293.83 
-1.0 
0.0 
