#Human readable time. Time (s) since start. Lakeshore temperature sensor 218 T1,2,3,4,5,6,7,8 and 224 C2,C3,C4,C5,D1,D2,D3,D4,D5,A,B
2017-06-26 17:09:36.485000 0.05 10.195 14.599 70.619 13.989 48.465 73.218 12.515 43.1034 12.6436 16.3504 16.66 0.0 25.505 24.8807 40.8829 12.7799 0.0 31.9987 
2017-06-26 17:09:48.229000 11.794 10.165 14.569 70.639 13.993 48.503 73.237 12.486 43.177 12.6122 16.2876 16.6088 0.0 25.4689 24.8639 40.7907 12.7493 0.0 31.9253 
2017-06-26 17:09:59.733000 23.298 9.221 14.54 70.661 13.997 48.573 73.256 12.46 43.2729 12.5867 16.2288 16.5613 0.0 25.4372 24.8479 40.7013 12.7243 0.0 31.8666 
2017-06-26 17:10:11.279000 34.844 8.368 14.512 70.679 14.001 48.602 73.279 12.441 43.4745 12.5662 16.1733 16.5172 0.0 25.4011 24.8324 40.6089 12.7071 0.0 31.7569 
2017-06-26 17:10:22.802000 46.367 8.175 14.485 70.698 14.005 48.565 73.298 12.426 43.7375 12.5496 16.1221 16.4771 0.0 25.3697 24.818 40.5156 12.6945 0.0 31.7004 
2017-06-26 17:10:34.356000 57.921 8.6 14.46 70.719 14.009 48.468 73.317 12.423 44.0405 12.5467 16.0766 16.441 0.0 25.3373 24.8037 40.4238 12.6997 0.0 31.5985 
2017-06-26 17:10:45.958000 69.523 10.11 14.436 70.739 14.012 48.437 73.339 12.422 44.3658 12.5444 16.0425 16.4129 0.0 25.3062 24.7907 40.3249 12.7018 0.0 31.5475 
2017-06-26 17:10:57.583000 81.148 10.051 14.414 70.757 14.016 48.485 73.358 12.42 44.7172 12.5394 16.0179 16.3915 0.0 25.277 24.7791 40.2288 12.6977 0.0 31.4315 
2017-06-26 17:11:09.238000 92.803 10.131 14.393 70.776 14.019 48.562 73.376 12.419 45.0577 12.5405 16.0024 16.3764 0.0 25.2481 24.7683 40.1301 12.7018 0.0 31.3173 
2017-06-26 17:11:20.972000 104.537 9.529 14.374 70.794 14.022 48.509 73.396 12.423 45.4123 12.5453 15.9993 16.3705 0.0 25.2203 24.7569 40.0288 12.7094 0.0 31.2513 
2017-06-26 17:11:32.748000 116.313 8.664 14.357 70.811 14.026 48.553 73.415 12.433 45.7142 12.5561 16.0063 16.3712 0.0 25.1916 24.7458 39.9299 12.7265 0.0 31.1244 
2017-06-26 17:11:44.492000 128.057 9.061 14.342 70.831 14.029 48.526 73.435 12.448 45.955 12.5692 16.023 16.3774 0.0 25.1641 24.734 39.8248 12.7433 0.0 31.0038 
2017-06-26 17:11:56.276000 139.841 8.333 14.329 70.85 14.031 48.548 73.453 12.454 46.1263 12.5708 16.044 16.3882 0.0 25.1339 24.7213 39.7207 12.7426 0.0 30.94 
2017-06-26 17:12:08.060000 151.625 8.882 14.317 70.867 14.034 48.527 73.47 12.452 46.2424 12.5725 16.0683 16.4009 0.0 25.1039 24.7082 39.6116 12.7418 0.0 30.8165 
2017-06-26 17:12:19.884000 163.449 8.252 14.306 70.886 14.037 48.533 73.491 12.453 46.3352 12.5754 16.0937 16.4141 0.0 25.0713 24.6943 39.5095 12.7447 0.0 30.7678 
2017-06-26 17:12:31.848000 175.413 8.588 14.295 70.904 14.039 48.532 73.509 12.453 46.4108 12.5765 16.1174 16.4285 0.0 25.0365 24.6809 39.4005 12.744 0.0 30.651 
2017-06-26 17:12:43.751000 187.316 9.553 14.286 70.921 14.041 48.485 73.529 12.454 46.4687 12.5795 16.1405 16.4427 0.0 25.0009 24.6672 39.2883 12.7477 0.0 30.5788 
2017-06-26 17:12:55.694000 199.259 9.984 14.278 70.939 14.044 48.453 73.545 12.458 46.5242 12.5856 16.1617 16.4566 0.0 24.9808 24.6525 39.1789 12.756 0.0 30.475 
2017-06-26 17:13:07.628000 211.193 8.458 14.271 70.958 14.046 48.523 73.561 12.467 46.5685 12.5949 16.181 16.4699 0.0 24.9587 24.6376 39.0647 12.7677 0.0 30.3575 
2017-06-26 17:13:19.642000 223.207 9.432 14.264 70.972 14.048 48.48 73.579 12.466 46.6149 12.5907 16.1968 16.4811 0.0 24.9368 24.6229 38.9533 12.7582 0.0 30.2737 
2017-06-26 17:13:31.745000 235.31 10.086 14.258 70.992 14.05 48.427 73.597 12.46 46.6584 12.587 16.2089 16.4899 0.0 24.9127 24.6073 38.846 12.7519 0.0 30.2144 
2017-06-26 17:13:43.839000 247.404 8.2 14.252 71.008 14.051 48.373 73.615 12.459 46.7027 12.5881 16.2176 16.4966 0.0 24.8893 24.5919 38.7352 12.7535 0.0 30.1139 
2017-06-26 17:13:55.953000 259.518 8.231 14.247 71.024 14.053 48.509 73.635 12.452 46.7436 12.5811 16.2227 16.5012 0.0 24.8649 24.575 38.6197 12.7426 0.0 30.0082 
2017-06-26 17:14:08.068000 271.633 8.273 14.241 71.041 14.055 48.512 73.651 12.447 46.79 12.5791 16.2248 16.5035 0.0 24.8404 24.559 38.5088 12.74 0.0 29.9464 
2017-06-26 17:14:20.211000 283.776 8.697 14.236 71.059 14.056 48.503 73.667 12.447 46.8339 12.5804 16.2241 16.5044 0.0 24.8155 24.5437 38.398 12.7425 0.0 29.8514 
2017-06-26 17:14:32.385000 295.95 9.087 14.231 71.074 14.057 48.486 73.687 12.442 46.8858 12.5721 16.2208 16.5026 0.0 24.7882 24.5274 38.2866 12.7308 0.0 29.7879 
2017-06-26 17:14:44.549000 308.114 9.956 14.227 71.09 14.058 48.437 73.704 12.437 46.9353 12.5711 16.2141 16.4993 0.0 24.7623 24.5114 38.1702 12.7309 0.0 29.7128 
2017-06-26 17:14:56.783000 320.348 8.907 14.222 71.106 14.06 48.373 73.719 12.434 46.9868 12.5667 16.2056 16.4937 0.0 24.7342 24.4948 38.0563 12.7253 0.0 29.584 
2017-06-26 17:15:08.989000 332.554 8.176 14.217 71.123 14.061 48.439 73.735 12.428 47.041 12.5614 16.1949 16.4868 0.0 24.7064 24.4766 37.9386 12.7182 0.0 29.5089 
2017-06-26 17:15:21.233000 344.798 8.159 14.213 71.139 14.062 48.468 73.751 12.418 47.0971 12.5523 16.1809 16.4772 0.0 24.6779 24.4603 37.823 12.7068 0.0 29.43 
2017-06-26 17:15:33.579000 357.144 9.905 14.207 71.158 14.062 48.432 73.771 12.411 47.1585 12.5465 16.1656 16.4668 0.0 24.6489 24.4435 37.7053 12.7016 0.0 29.343 
2017-06-26 17:15:45.913000 369.478 8.304 14.202 71.171 14.063 48.371 73.786 12.395 47.2186 12.5277 16.1472 16.4535 0.0 24.6178 24.4247 37.5908 12.6761 0.0 29.2559 
2017-06-26 17:15:58.247000 381.812 8.143 14.196 71.186 14.064 48.468 73.801 12.387 47.2825 12.5233 16.1269 16.4395 0.0 24.5872 24.4077 37.467 12.6745 0.0 29.156 
2017-06-26 17:16:10.751000 394.316 9.865 14.19 71.201 14.064 48.425 73.82 12.378 47.3507 12.5135 16.105 16.424 0.0 24.5551 24.3879 37.3471 12.6637 0.0 29.0475 
2017-06-26 17:16:23.276000 406.841 8.407 14.184 71.219 14.065 48.383 73.837 12.367 47.4199 12.499 16.0829 16.4066 0.0 24.522 24.3702 37.2252 12.6477 0.0 29.0095 
2017-06-26 17:16:35.860000 419.425 8.547 14.178 71.234 14.066 48.487 73.853 12.354 47.4924 12.4872 16.0583 16.3879 0.0 24.4887 24.351 37.0954 12.6345 0.0 28.8712 
2017-06-26 17:16:48.425000 431.99 8.111 14.17 71.25 14.066 48.348 73.868 12.336 47.5641 12.4729 16.0316 16.368 0.0 24.455 24.3322 36.9749 12.6155 0.0 28.7915 
2017-06-26 17:17:01.058000 444.623 9.968 14.162 71.266 14.066 48.391 73.885 12.316 47.6408 12.4513 16.003 16.3465 0.0 24.4196 24.3133 36.8498 12.5881 0.0 28.7216 
2017-06-26 17:17:13.681000 457.246 8.102 14.153 71.28 14.067 48.434 73.902 12.293 47.7168 12.4317 15.9749 16.3235 0.0 24.3824 24.2931 36.7239 12.5641 0.0 28.6428 
2017-06-26 17:17:26.365000 469.93 8.773 14.144 71.298 14.067 48.477 73.916 12.273 47.7959 12.4123 15.9441 16.2992 0.0 24.3461 24.2716 36.5945 12.5429 0.0 28.5564 
2017-06-26 17:17:39.090000 482.655 8.056 14.134 71.312 14.067 48.346 73.934 12.257 47.8786 12.3976 15.9138 16.2733 0.0 24.3073 24.2519 36.4703 12.5283 0.0 28.4553 
2017-06-26 17:17:51.774000 495.339 9.835 14.123 71.326 14.067 48.402 73.946 12.249 47.962 12.3884 15.8842 16.2488 0.0 24.2681 24.2307 36.3443 12.523 0.0 28.3423 
2017-06-26 17:18:04.549000 508.114 8.687 14.113 71.343 14.067 48.357 73.965 12.238 48.0494 12.3756 15.8539 16.2241 0.0 24.2285 24.2096 36.2122 12.5092 0.0 28.2483 
2017-06-26 17:18:17.423000 520.988 9.907 14.103 71.357 14.067 48.358 73.98 12.221 48.1374 12.357 15.8218 16.1983 0.0 24.1866 24.1885 36.0775 12.4893 0.0 28.1666 
2017-06-26 17:18:30.158000 533.723 8.019 14.093 71.371 14.067 48.45 73.995 12.206 48.2245 12.3424 15.7907 16.1715 0.0 24.1432 24.1674 35.9519 12.4741 0.0 28.0715 
2017-06-26 17:18:43 546.565 9.063 14.082 71.387 14.067 48.334 74.012 12.189 48.3139 12.3254 15.7592 16.1449 0.0 24.1005 24.1452 35.8219 12.4566 0.0 27.9852 
2017-06-26 17:18:55.976000 559.541 9.806 14.07 71.402 14.067 48.371 74.027 12.171 48.4024 12.31 15.726 16.1167 0.0 24.0551 24.1224 35.6925 12.4402 0.0 27.8491 
2017-06-26 17:19:08.861000 572.426 8.314 14.059 71.417 14.067 48.466 74.042 12.154 48.5015 12.2915 15.6939 16.0895 0.0 24.0084 24.1 35.5614 12.4216 0.0 27.7766 
2017-06-26 17:19:21.845000 585.41 9.795 14.047 71.431 14.067 48.318 74.057 12.134 48.5936 12.2716 15.66 16.0609 0.0 23.9788 24.0771 35.431 12.3994 0.0 27.6476 
2017-06-26 17:19:34.808000 598.373 9.194 14.035 71.445 14.066 48.416 74.073 12.111 48.691 12.2524 15.6254 16.0314 0.0 23.9527 24.0535 35.2972 12.3798 0.0 27.5646 
2017-06-26 17:19:47.861000 611.426 8.021 14.022 71.459 14.066 48.455 74.089 12.094 48.7891 12.2347 15.5928 16.0033 0.0 23.9257 24.0299 35.1644 12.3617 0.0 27.4466 
2017-06-26 17:20:00.874000 624.439 8.26 14.01 71.473 14.065 48.345 74.103 12.077 48.8825 12.2165 15.5584 15.9759 0.0 23.8973 24.006 35.0344 12.3433 0.0 27.3828 
2017-06-26 17:20:13.908000 637.473 9.738 13.996 71.487 14.065 48.313 74.117 12.056 48.9822 12.1975 15.524 15.9479 0.0 23.8687 23.99 34.8966 12.3239 0.0 27.297 
2017-06-26 17:20:27.051000 650.616 9.691 13.983 71.502 14.064 48.41 74.132 12.038 49.0852 12.1784 15.4898 15.9203 0.0 23.8393 23.9774 34.7602 12.3049 0.0 27.1833 
2017-06-26 17:20:40.165000 663.73 8.535 13.969 71.513 14.064 48.409 74.146 12.019 49.1858 12.1587 15.4559 15.8937 0.0 23.8076 23.964 34.6248 12.2851 0.0 27.0661 
2017-06-26 17:20:53.369000 676.934 7.891 13.954 71.529 14.063 48.41 74.161 11.999 49.2918 12.1388 15.4218 15.8658 0.0 23.7767 23.9501 34.4797 12.264 0.0 26.9709 
2017-06-26 17:21:06.523000 690.088 9.159 13.939 71.545 14.062 48.274 74.176 11.969 49.3952 12.1124 15.3885 15.8375 0.0 23.7438 23.9364 34.3427 12.2324 0.0 26.8732 
2017-06-26 17:21:19.677000 703.242 9.58 13.924 71.556 14.062 48.305 74.19 11.952 49.4987 12.0954 15.3546 15.8093 0.0 23.7096 23.9223 34.2024 12.2186 0.0 26.7858 
2017-06-26 17:21:32.871000 716.436 9.507 13.908 71.57 14.061 48.318 74.203 11.935 49.6038 12.0773 15.321 15.7819 0.0 23.6752 23.9077 34.0565 12.2029 0.0 26.6773 
2017-06-26 17:21:46.126000 729.691 7.906 13.892 71.583 14.06 48.403 74.22 11.914 49.7079 12.0568 15.2875 15.7543 0.0 23.64 23.8912 33.9197 12.1796 0.0 26.5516 
2017-06-26 17:21:59.400000 742.965 7.879 13.876 71.597 14.059 48.304 74.232 11.895 49.8167 12.0389 15.2529 15.7271 0.0 23.6023 23.8789 33.7756 12.1627 0.0 26.4653 
2017-06-26 17:22:12.694000 756.259 8.007 13.86 71.609 14.058 48.281 74.247 11.874 49.9233 12.0183 15.22 15.6984 0.0 23.5631 23.8645 33.6394 12.141 0.0 26.3618 
2017-06-26 17:22:26.008000 769.573 9.515 13.844 71.623 14.057 48.24 74.259 11.853 50.0265 11.9969 15.1873 15.6709 0.0 23.5244 23.8488 33.4955 12.1186 0.0 26.2533 
2017-06-26 17:22:39.032000 782.597 8.435 13.828 71.635 14.056 48.355 74.274 11.831 50.124 11.9773 15.1544 15.6443 0.0 23.4844 23.8322 33.3539 12.0964 0.0 26.1547 
2017-06-26 17:22:52.178000 795.743 9.032 13.811 71.647 14.054 48.316 74.287 11.809 50.1863 11.9558 15.12 15.6153 0.0 23.4402 23.818 33.2143 12.0732 0.0 26.0292 
2017-06-26 17:23:05.433000 808.998 7.767 13.795 71.66 14.053 48.357 74.301 11.785 50.2159 11.9332 15.0824 15.582 0.0 23.3961 23.8009 33.0646 12.0473 0.0 25.9333 
2017-06-26 17:23:18.756000 822.321 7.843 13.776 71.669 14.052 48.354 74.311 11.753 50.2213 11.9045 15.0397 15.5466 0.0 23.3475 23.7828 32.9242 12.0132 0.0 25.8204 
2017-06-26 17:23:32.170000 835.735 7.792 13.758 71.683 14.05 48.263 74.327 11.72 50.2138 11.8764 14.9921 15.5075 0.0 23.2988 23.7646 32.7814 11.9801 0.0 25.7294 
2017-06-26 17:23:45.405000 848.97 7.665 13.738 71.696 14.049 48.284 74.339 11.689 50.1974 11.8465 14.9413 15.4643 0.0 23.246 23.7456 32.636 11.9477 0.0 25.6384 
2017-06-26 17:23:58.837000 862.402 7.631 13.717 71.707 14.048 48.301 74.352 11.646 50.177 11.8077 14.8813 15.4134 0.0 23.1906 23.7259 32.4887 11.8988 0.0 25.5645 
2017-06-26 17:24:12.242000 875.807 7.603 13.695 71.72 14.046 48.172 74.366 11.6 50.1575 11.7705 14.817 15.3594 0.0 23.1331 23.7052 32.3491 11.8538 0.0 25.4687 
2017-06-26 17:24:25.786000 889.351 9.059 13.672 71.73 14.044 48.164 74.376 11.561 50.1376 11.7353 14.744 15.3012 0.0 23.0727 23.6844 32.2057 11.8177 0.0 25.3638 
2017-06-26 17:24:39.179000 902.744 8.85 13.647 71.743 14.043 48.158 74.389 11.521 50.1165 11.6974 14.6687 15.2353 0.0 23.0103 23.6634 32.058 11.7728 0.0 25.2616 
2017-06-26 17:24:52.674000 916.239 8.132 13.621 71.754 14.041 48.167 74.401 11.482 50.0977 11.6614 14.5884 15.1682 0.0 22.9721 23.6415 31.9163 11.7351 0.0 25.1648 
2017-06-26 17:25:06.189000 929.754 7.679 13.594 71.766 14.039 48.181 74.415 11.443 50.0834 11.623 14.4995 15.0932 0.0 22.9377 23.619 31.7751 11.6899 0.0 25.0871 
