2017-01-17 00:00:17.918000 47512.077 3.352 49.121 33.273 51.257 4.014 5.2646 3.5619 3.7908 4.3465 3.877 4.1827 3.8829 3.6673 3.6081 7.742 3.27418825466 3.784
2017-01-17 00:01:31.497000 47585.656 3.351 49.122 33.223 51.255 4.014 5.2631 3.5618 3.791 4.3467 3.8771 4.1826 3.8833 3.6674 3.6073 7.742 3.27418825466 3.7841
2017-01-17 00:02:44.335000 47658.494 3.527 49.121 33.516 51.259 4.014 5.2624 3.5622 3.7909 4.3468 3.877 4.1826 3.8832 3.6676 3.6078 7.742 3.23272166639 3.7839
2017-01-17 00:03:57.224000 47731.383 3.375 49.12 34.018 51.259 4.013 5.2615 3.5616 3.7902 4.3459 3.877 4.1824 3.8823 3.6674 3.6075 7.742 3.25345496052 3.7844
2017-01-17 00:05:10.791000 47804.95 3.403 49.125 34.017 51.259 4.013 5.2603 3.5616 3.7905 4.3462 3.8769 4.1822 3.8821 3.6678 3.6078 7.742 3.27937157819 3.7844
2017-01-17 00:06:23.752000 47877.911 3.315 49.124 33.509 51.261 4.005 5.2598 3.5615 3.7899 4.3456 3.8771 4.1819 3.8821 3.6678 3.6076 7.742 3.28455490172 3.784
2017-01-17 00:07:36.680000 47950.839 3.473 49.124 33.289 51.259 4.014 5.2585 3.5613 3.7899 4.346 3.877 4.182 3.8827 3.6675 3.608 7.742 3.24827163699 3.7843
2017-01-17 00:08:50.247000 48024.406 3.466 49.124 33.279 51.262 4.013 5.2575 3.5617 3.7898 4.3458 3.8769 4.1819 3.8822 3.6674 3.6074 7.741 3.30011054933 3.7842
2017-01-17 00:10:03.160000 48097.319 3.454 49.124 33.931 51.261 4.013 5.2566 3.5612 3.7904 4.346 3.877 4.1821 3.8829 3.6676 3.6077 7.742 3.26382160759 3.7847
2017-01-17 00:11:16.827000 48170.986 3.418 49.123 33.995 51.26 3.993 5.2555 3.5611 3.7912 4.3466 3.8769 4.1824 3.8842 3.6678 3.608 7.742 3.24308831346 3.7846
2017-01-17 00:12:29.784000 48243.943 3.309 49.122 33.68 51.261 4.014 5.2549 3.5611 3.791 4.3466 3.8768 4.1825 3.8832 3.6674 3.6077 7.742 3.26382160759 3.7842
2017-01-17 00:13:42.778000 48316.937 3.401 49.126 33.196 51.263 4.006 5.2538 3.5608 3.7901 4.3461 3.8769 4.1823 3.882 3.6677 3.6079 7.742 3.27418825466 3.7847
2017-01-17 00:14:56.515000 48390.674 3.306 49.124 33.18 51.261 3.941 5.253 3.5616 3.7908 4.3467 3.8769 4.1824 3.8836 3.6674 3.6077 7.742 3.28973822525 3.7848
2017-01-17 00:16:09.493000 48463.652 3.395 49.124 33.774 51.262 4.01 5.2518 3.5611 3.7911 4.3469 3.877 4.1826 3.8841 3.6678 3.6076 7.743 3.23790498993 3.7842
2017-01-17 00:17:23.214000 48537.373 3.375 49.127 33.19 51.262 4.014 5.2508 3.5615 3.7909 4.3466 3.877 4.1825 3.8827 3.6673 3.6076 7.742 3.22235501933 3.7846
2017-01-17 00:18:36.283000 48610.442 3.495 49.127 33.747 51.262 4.014 5.2499 3.561 3.7902 4.3462 3.877 4.1823 3.883 3.6676 3.608 7.742 3.23272166639 3.7843
2017-01-17 00:19:49.351000 48683.51 3.33 49.125 33.984 51.26 4.014 5.2487 3.5605 3.7905 4.3469 3.8769 4.1823 3.8827 3.6679 3.6077 7.742 3.29492154879 3.7844
2017-01-17 00:21:03.139000 48757.298 3.499 49.127 33.725 51.262 4.014 5.248 3.5608 3.7904 4.346 3.877 4.1822 3.8826 3.6675 3.6076 7.742 3.30011054933 3.7835
2017-01-17 00:22:16.239000 48830.398 3.336 49.127 33.991 51.264 4.014 5.247 3.5606 3.7904 4.3467 3.8771 4.1822 3.8829 3.6671 3.608 7.742 3.2171716958 3.7847
2017-01-17 00:23:29.986000 48904.145 3.504 49.129 33.712 51.264 4.014 5.2462 3.5609 3.7907 4.3463 3.8769 4.1824 3.8828 3.6671 3.6071 7.742 3.22235501933 3.784
2017-01-17 00:24:43.189000 48977.348 3.33 49.129 33.974 51.263 4.014 5.2451 3.5604 3.7906 4.3468 3.877 4.1824 3.8831 3.6679 3.6075 7.742 3.29492154879 3.7842
2017-01-17 00:25:56.415000 49050.574 3.333 49.127 33.341 51.263 4.014 5.2441 3.5611 3.7907 4.3467 3.877 4.1825 3.8834 3.6673 3.608 7.743 3.22753834286 3.7842
2017-01-17 00:27:10.423000 49124.582 3.519 49.128 33.614 51.263 4.012 5.2428 3.5606 3.7904 4.3466 3.877 4.1825 3.8823 3.6675 3.6083 7.742 3.22753834286 3.7839
2017-01-17 00:28:23.625000 49197.784 3.339 49.128 33.986 51.265 4.012 5.2424 3.5605 3.7906 4.3466 3.877 4.1823 3.8839 3.6676 3.6078 7.743 3.22753834286 3.7852
2017-01-17 00:29:36.944000 49271.103 3.342 49.126 34.009 51.264 4.015 5.2412 3.5602 3.7912 4.3469 3.877 4.1826 3.884 3.6673 3.6075 7.743 3.27937157819 3.7846
2017-01-17 00:30:51.001000 49345.16 3.49 49.126 33.733 51.265 4.015 5.2406 3.5606 3.7915 4.3469 3.877 4.1828 3.884 3.6678 3.6078 7.743 3.25345496052 3.7845
2017-01-17 00:32:04.243000 49418.402 3.316 49.127 33.973 51.266 4.015 5.2393 3.5603 3.7916 4.3476 3.8771 4.183 3.8839 3.6678 3.6079 7.743 3.24827163699 3.784
2017-01-17 00:33:18.246000 49492.405 3.493 49.13 33.712 51.266 4.015 5.2384 3.5604 3.7912 4.3467 3.8771 4.1828 3.8834 3.6675 3.6078 7.743 3.23272166639 3.7843
2017-01-17 00:34:31.558000 49565.717 3.495 49.13 33.759 51.266 4.015 5.2372 3.5605 3.7915 4.3474 3.877 4.183 3.8833 3.6672 3.6076 7.743 3.27418825466 3.7848
2017-01-17 00:35:44.881000 49639.04 3.487 49.13 33.925 51.267 4.014 5.2367 3.5604 3.7908 4.3465 3.8771 4.1827 3.8831 3.6675 3.6077 7.743 3.25345496052 3.7845
2017-01-17 00:36:58.914000 49713.073 3.379 49.129 33.176 51.268 3.982 5.2353 3.5603 3.7905 4.3464 3.877 4.1825 3.8827 3.6673 3.6078 7.743 3.24308831346 3.784
2017-01-17 00:38:12.280000 49786.439 3.491 49.132 33.768 51.267 4.013 5.2346 3.5601 3.7901 4.3459 3.8771 4.1821 3.8822 3.6676 3.6076 7.743 3.26382160759 3.7844
2017-01-17 00:39:26.421000 49860.58 3.304 49.13 33.747 51.269 4.013 5.2336 3.5606 3.7902 4.3463 3.877 4.1821 3.8821 3.6676 3.6078 7.743 3.26382160759 3.7841
2017-01-17 00:40:39.689000 49933.848 3.453 49.134 33.248 51.271 3.978 5.2326 3.5601 3.7902 4.3464 3.877 4.1821 3.8834 3.6678 3.6082 7.743 3.22753834286 3.7844
2017-01-17 00:41:53.049000 50007.208 3.448 49.131 33.239 51.269 4.016 5.2316 3.5601 3.7917 4.3473 3.8769 4.1829 3.8848 3.667 3.6077 7.744 3.22753834286 3.7846
2017-01-17 00:43:07.198000 50081.357 3.311 49.131 33.657 51.268 4.015 5.2306 3.5598 3.7916 4.3475 3.877 4.183 3.8839 3.6675 3.6077 7.744 3.27418825466 3.7844
2017-01-17 00:44:20.496000 50154.655 3.311 49.13 33.667 51.268 4.016 5.2297 3.5605 3.7921 4.3476 3.8771 4.1834 3.8851 3.6675 3.6075 7.744 3.30011054933 3.784
2017-01-17 00:45:34.587000 50228.746 3.439 49.132 33.98 51.269 4.015 5.2285 3.5601 3.7922 4.3479 3.8771 4.1834 3.8841 3.6675 3.6079 7.744 3.26382160759 3.7851
2017-01-17 00:46:48.057000 50302.216 3.428 49.131 33.982 51.271 4.014 5.2281 3.5601 3.7912 4.3464 3.8771 4.183 3.883 3.6677 3.6078 7.743 3.22753834286 3.7843
2017-01-17 00:48:01.423000 50375.582 3.431 49.133 33.989 51.269 4.014 5.2266 3.5597 3.7911 4.3474 3.8772 4.1829 3.8834 3.6675 3.6079 7.744 3.27418825466 3.7839
2017-01-17 00:49:15.564000 50449.723 3.517 49.133 33.388 51.27 4.015 5.2259 3.5599 3.7909 4.3469 3.8772 4.1828 3.8839 3.6674 3.6079 7.744 3.25863828406 3.7845
2017-01-17 00:50:29.042000 50523.201 3.512 49.133 33.382 51.272 4.016 5.2249 3.56 3.7919 4.3474 3.8773 4.1832 3.8842 3.6679 3.6075 7.744 3.22753834286 3.7849
2017-01-17 00:51:43.148000 50597.307 3.32 49.132 33.477 51.268 4.016 5.2239 3.5596 3.7918 4.3478 3.8772 4.1832 3.8846 3.6676 3.608 7.744 3.24308831346 3.784
2017-01-17 00:52:56.621000 50670.78 3.317 49.133 33.568 51.272 4.015 5.2233 3.5603 3.7918 4.3474 3.8773 4.1834 3.8841 3.6677 3.6076 7.744 3.25345496052 3.7841
2017-01-17 00:54:10.118000 50744.277 3.315 49.136 33.52 51.275 4.014 5.222 3.5596 3.7909 4.347 3.8774 4.1829 3.8827 3.6677 3.6078 7.744 3.26900493112 3.7845
2017-01-17 00:55:24.346000 50818.505 3.526 49.135 33.513 51.271 4.014 5.2211 3.5599 3.7907 4.3463 3.8774 4.1827 3.8832 3.6675 3.6078 7.743 3.25345496052 3.784
2017-01-17 00:56:37.877000 50892.036 3.53 49.137 33.502 51.275 4.014 5.2198 3.5597 3.7907 4.3464 3.8772 4.1824 3.8836 3.6672 3.6079 7.743 3.22235501933 3.7845
2017-01-17 00:57:52.045000 50966.204 3.337 49.137 33.315 51.272 4.014 5.2192 3.5593 3.7905 4.3464 3.8772 4.1824 3.8827 3.6679 3.608 7.743 3.23790498993 3.7849
2017-01-17 00:59:05.653000 51039.812 3.334 49.138 33.373 51.275 4.013 5.2184 3.5601 3.7902 4.3462 3.8771 4.1823 3.8822 3.6674 3.6076 7.743 3.28973822525 3.7841
2017-01-17 01:00:19.173000 51113.332 3.327 49.139 33.379 51.276 4.014 5.2172 3.5592 3.7902 4.3464 3.877 4.1821 3.8825 3.6677 3.6075 7.743 3.27937157819 3.7843
2017-01-17 01:01:33.512000 51187.671 3.517 49.138 33.636 51.274 4.014 5.2162 3.5593 3.79 4.346 3.877 4.1821 3.8829 3.667 3.6081 7.743 3.26382160759 3.7842
2017-01-17 01:02:46.990000 51261.149 3.519 49.137 33.627 51.275 4.009 5.2151 3.5594 3.7909 4.3466 3.877 4.1824 3.8833 3.6669 3.608 7.744 3.21198837226 3.7843
2017-01-17 01:04:01.401000 51335.56 3.315 49.137 33.923 51.275 4.015 5.2144 3.559 3.791 4.347 3.877 4.1826 3.8836 3.6674 3.6079 7.744 3.26382160759 3.7841
2017-01-17 01:05:14.920000 51409.079 3.31 49.137 33.896 51.275 4.009 5.2136 3.5593 3.7911 4.3469 3.877 4.1826 3.8834 3.6672 3.6076 7.744 3.28455490172 3.7847
2017-01-17 01:06:28.507000 51482.666 3.313 49.137 33.904 51.275 4.015 5.2122 3.5589 3.7915 4.3474 3.8769 4.1829 3.8842 3.6674 3.6078 7.744 3.24308831346 3.7842
2017-01-17 01:07:42.877000 51557.036 3.405 49.137 33.193 51.273 4.016 5.2115 3.5592 3.792 4.3477 3.8771 4.1832 3.8851 3.6676 3.6079 7.745 3.22235501933 3.7846
2017-01-17 01:08:56.535000 51630.694 3.399 49.137 33.193 51.275 4.015 5.2105 3.5597 3.7919 4.3474 3.877 4.1832 3.8843 3.6676 3.6081 7.744 3.25863828406 3.7844
2017-01-17 01:10:10.903000 51705.062 3.431 49.139 33.981 51.276 4.015 5.2092 3.5592 3.7916 4.3471 3.8772 4.1831 3.8836 3.6674 3.608 7.744 3.28455490172 3.7844
2017-01-17 01:11:24.556000 51778.715 3.434 49.137 33.991 51.275 4.015 5.2086 3.5593 3.791 4.3468 3.8771 4.1831 3.8834 3.6673 3.6079 7.744 3.22235501933 3.784
2017-01-17 01:12:39.062000 51853.221 3.324 49.137 33.411 51.277 4.01 5.2079 3.5591 3.791 4.3466 3.8772 4.1829 3.8833 3.6678 3.6077 7.744 3.26900493112 3.7841
2017-01-17 01:13:52.691000 51926.85 3.373 49.139 34.024 51.275 4.014 5.2064 3.559 3.7911 4.347 3.8773 4.1827 3.8829 3.6678 3.608 7.744 3.28455490172 3.7842
2017-01-17 01:15:06.442000 52000.601 3.357 49.14 34.027 51.276 4.013 5.2057 3.559 3.7902 4.3461 3.8772 4.1825 3.8821 3.6681 3.6081 7.744 3.26900493112 3.785
2017-01-17 01:16:20.870000 52075.029 3.351 49.142 33.226 51.277 4.014 5.2049 3.5589 3.7902 4.3462 3.8772 4.1821 3.8835 3.6679 3.608 7.744 3.23790498993 3.7841
2017-01-17 01:17:34.628000 52148.787 3.312 49.14 33.249 51.277 4.013 5.2035 3.5588 3.79 4.3466 3.877 4.1822 3.8826 3.6671 3.6084 7.744 3.29492154879 3.784
2017-01-17 01:18:49.190000 52223.349 3.476 49.14 33.906 51.277 4.015 5.2028 3.5585 3.7905 4.3464 3.877 4.1822 3.8839 3.6677 3.6081 7.744 3.25345496052 3.7845
2017-01-17 01:20:02.999000 52297.158 3.493 49.142 33.284 51.277 4.015 5.2021 3.5588 3.7912 4.3468 3.8769 4.1826 3.8841 3.6671 3.608 7.744 3.25863828406 3.784
2017-01-17 01:21:16.828000 52370.987 3.317 49.139 33.497 51.276 4.015 5.2007 3.5587 3.7916 4.347 3.8768 4.183 3.8837 3.6675 3.6077 7.744 3.22235501933 3.7841
2017-01-17 01:22:31.399000 52445.558 3.529 49.14 33.482 51.277 4.014 5.2 3.5583 3.7905 4.3469 3.8772 4.1826 3.8827 3.6678 3.608 7.744 3.29492154879 3.7846
2017-01-17 01:23:45.258000 52519.417 3.335 49.142 33.317 51.278 4.013 5.1991 3.5586 3.79 4.3459 3.877 4.1822 3.8827 3.6677 3.608 7.744 3.28973822525 3.7845
2017-01-17 01:24:59.835000 52593.994 3.518 49.14 33.629 51.278 4.004 5.1981 3.5584 3.7905 4.3465 3.8768 4.1823 3.8836 3.6675 3.6079 7.744 3.26900493112 3.7843
2017-01-17 01:26:13.856000 52668.015 3.359 49.138 33.234 51.279 4.015 5.1967 3.5585 3.7911 4.3467 3.877 4.1825 3.8837 3.6676 3.6076 7.744 3.24308831346 3.784
2017-01-17 01:27:27.778000 52741.937 3.31 49.137 33.922 51.275 4.015 5.196 3.5584 3.7911 4.3472 3.877 4.1829 3.8841 3.6675 3.6081 7.745 3.23790498993 3.7842
2017-01-17 01:28:42.520000 52816.679 3.396 49.137 33.187 51.276 4.015 5.195 3.5584 3.7915 4.3468 3.877 4.1829 3.8839 3.6674 3.6076 7.745 3.23272166639 3.7842
2017-01-17 01:29:56.476000 52890.635 3.305 49.141 33.739 51.278 4.014 5.194 3.559 3.7911 4.3469 3.877 4.1829 3.8834 3.6677 3.6076 7.744 3.25863828406 3.7847
2017-01-17 01:31:11.212000 52965.371 3.346 49.141 33.304 51.278 4.015 5.1929 3.5584 3.7915 4.3471 3.877 4.1829 3.8842 3.6676 3.6077 7.744 3.27937157819 3.7839
2017-01-17 01:32:25.199000 53039.358 3.326 49.14 33.985 51.278 3.989 5.192 3.5581 3.7908 4.3467 3.8771 4.1827 3.8831 3.6677 3.6085 7.744 3.24827163699 3.7845
2017-01-17 01:33:39.954000 53114.113 3.372 49.14 33.173 51.276 4.015 5.1911 3.5583 3.7906 4.3467 3.8771 4.1827 3.8836 3.6676 3.6081 7.744 3.23790498993 3.7843
2017-01-17 01:34:54.085000 53188.244 3.453 49.142 33.814 51.278 4.014 5.1904 3.5582 3.7907 4.3463 3.877 4.1825 3.8832 3.6674 3.6077 7.744 3.23272166639 3.7841
2017-01-17 01:36:08.148000 53262.307 3.453 49.142 33.269 51.279 4.014 5.1889 3.5582 3.7908 4.3465 3.877 4.1824 3.8827 3.6676 3.608 7.744 3.28973822525 3.7844
2017-01-17 01:37:22.985000 53337.144 3.411 49.142 34.019 51.279 4.014 5.1879 3.558 3.7909 4.3464 3.8771 4.1824 3.8833 3.6677 3.6076 7.744 3.28455490172 3.7845
2017-01-17 01:38:37.030000 53411.189 3.526 49.143 33.465 51.279 4.014 5.1872 3.5579 3.7903 4.3464 3.877 4.1825 3.8827 3.6677 3.6078 7.744 3.22753834286 3.7848
2017-01-17 01:39:51.898000 53486.057 3.509 49.143 33.626 51.281 4.014 5.1861 3.558 3.7902 4.3463 3.877 4.1823 3.8827 3.6672 3.6081 7.744 3.25345496052 3.7843
2017-01-17 01:41:05.916000 53560.075 3.365 49.142 33.21 51.281 4.015 5.1855 3.5579 3.7908 4.3467 3.8769 4.1825 3.8838 3.6672 3.6075 7.744 3.26900493112 3.7843
2017-01-17 01:42:19.989000 53634.148 3.31 49.143 33.892 51.281 4.014 5.1839 3.5579 3.7909 4.3464 3.877 4.1825 3.8831 3.6671 3.6079 7.744 3.28455490172 3.7837
2017-01-17 01:43:34.876000 53709.035 3.308 49.14 33.715 51.281 4.014 5.183 3.5577 3.7908 4.3467 3.8768 4.1824 3.8834 3.6681 3.6079 7.744 3.25863828406 3.784
2017-01-17 01:44:48.945000 53783.104 3.382 49.142 34.001 51.279 4.015 5.1822 3.5577 3.7911 4.347 3.8769 4.1827 3.8844 3.6675 3.6077 7.745 3.22753834286 3.784
2017-01-17 01:46:03.809000 53857.968 3.328 49.141 33.984 51.277 4.015 5.1813 3.5579 3.7916 4.3473 3.877 4.1831 3.8845 3.6675 3.6077 7.745 3.23790498993 3.7841
2017-01-17 01:47:17.875000 53932.034 3.516 49.142 33.64 51.281 4.014 5.1805 3.5583 3.791 4.3467 3.877 4.1828 3.8831 3.6678 3.608 7.745 3.22235501933 3.7838
2017-01-17 01:48:32.774000 54006.933 3.465 49.142 33.903 51.279 4.015 5.1792 3.5582 3.7911 4.3469 3.8769 4.1828 3.8838 3.6677 3.6081 7.745 3.22753834286 3.7843
2017-01-17 01:49:46.864000 54081.023 3.453 49.142 33.255 51.278 4.015 5.1781 3.5576 3.7913 4.3471 3.877 4.1827 3.8833 3.6678 3.6076 7.745 3.30011054933 3.7844
2017-01-17 01:51:01.083000 54155.242 3.413 49.143 34.015 51.28 4.015 5.1773 3.5577 3.7909 4.3468 3.8769 4.1828 3.8835 3.6676 3.6078 7.745 3.24827163699 3.7849
2017-01-17 01:52:16.012000 54230.171 3.322 49.143 33.295 51.28 4.014 5.1763 3.5575 3.7907 4.3468 3.8771 4.1827 3.8831 3.668 3.6078 7.745 3.22753834286 3.7845
2017-01-17 01:53:30.139000 54304.298 3.5 49.143 33.672 51.282 4.014 5.1756 3.5576 3.7906 4.3462 3.8771 4.1825 3.883 3.6674 3.6077 7.744 3.29492154879 3.7845
2017-01-17 01:54:45.158000 54379.317 3.459 49.144 33.919 51.281 4.015 5.1746 3.5575 3.7913 4.3467 3.877 4.1828 3.8839 3.6676 3.6079 7.745 3.26382160759 3.7843
2017-01-17 01:55:59.726000 54453.885 3.316 49.143 33.526 51.281 4.015 5.1734 3.558 3.7915 4.3471 3.877 4.183 3.8843 3.6674 3.6078 7.745 3.24308831346 3.7842
2017-01-17 01:57:14.808000 54528.967 3.331 49.145 33.363 51.28 4.011 5.1724 3.5579 3.7916 4.3473 3.877 4.1831 3.8835 3.6678 3.6078 7.745 3.27937157819 3.7847
2017-01-17 01:58:29.036000 54603.195 3.515 49.144 33.598 51.28 4.015 5.1712 3.5575 3.7916 4.347 3.877 4.183 3.8845 3.6677 3.6076 7.745 3.27937157819 3.7844
2017-01-17 01:59:43.243000 54677.402 3.356 49.144 33.217 51.281 4.016 5.1704 3.5572 3.7914 4.3472 3.8772 4.1826 3.8849 3.6674 3.608 7.745 3.30011054933 3.7844
2017-01-17 02:00:58.323000 54752.482 3.391 49.146 33.181 51.283 4.015 5.1694 3.5572 3.791 4.3469 3.877 4.1829 3.8836 3.6676 3.608 7.745 3.29492154879 3.7839
2017-01-17 02:02:12.529000 54826.688 3.45 49.145 33.945 51.28 4.015 5.1684 3.5574 3.7912 4.3468 3.8771 4.183 3.8841 3.6678 3.6083 7.745 3.26382160759 3.7843
2017-01-17 02:03:27.588000 54901.747 3.375 49.145 34.014 51.282 4.014 5.1676 3.5573 3.791 4.3466 3.8771 4.1828 3.8831 3.6673 3.6078 7.745 3.22753834286 3.7848
2017-01-17 02:04:41.890000 54976.049 3.343 49.146 33.549 51.284 4.014 5.1668 3.5578 3.7906 4.3466 3.877 4.1827 3.8831 3.6676 3.6078 7.745 3.22753834286 3.7848
2017-01-17 02:05:56.998000 55051.157 3.386 49.145 33.19 51.286 4.013 5.1658 3.5573 3.7903 4.3463 3.8771 4.1825 3.8827 3.6671 3.6078 7.745 3.28973822525 3.7846
2017-01-17 02:07:11.337000 55125.496 3.304 49.149 33.809 51.286 4.013 5.1646 3.5571 3.7902 4.3461 3.877 4.1821 3.8819 3.668 3.6078 7.744 3.28455490172 3.784
2017-01-17 02:08:26.429000 55200.588 3.402 49.149 34.008 51.288 4.014 5.1636 3.5574 3.79 4.3457 3.8768 4.1819 3.8823 3.667 3.608 7.744 3.27418825466 3.7847
2017-01-17 02:09:40.848000 55275.007 3.342 49.149 33.541 51.288 4.014 5.1623 3.5569 3.7906 4.3468 3.8769 4.1824 3.8832 3.6677 3.6075 7.745 3.2171716958 3.7848
2017-01-17 02:10:56.027000 55350.186 3.374 49.149 33.18 51.286 4.015 5.1614 3.5568 3.7913 4.3467 3.8768 4.1826 3.884 3.6678 3.6082 7.745 3.30011054933 3.7846
2017-01-17 02:12:10.424000 55424.583 3.464 49.15 33.904 51.289 4.015 5.1607 3.5565 3.7909 4.3469 3.877 4.1825 3.8832 3.6676 3.6079 7.745 3.28455490172 3.7842
2017-01-17 02:13:24.815000 55498.974 3.312 49.152 33.256 51.292 4.014 5.1597 3.5568 3.7903 4.3465 3.8768 4.1823 3.8835 3.6675 3.6077 7.745 3.27418825466 3.7847
2017-01-17 02:14:40.033000 55574.192 3.327 49.152 33.395 51.29 4.014 5.1587 3.5567 3.7902 4.3465 3.8768 4.1824 3.8829 3.6678 3.6076 7.745 3.22753834286 3.7844
2017-01-17 02:15:54.481000 55648.64 3.507 49.154 33.634 51.29 4.014 5.1579 3.5566 3.7902 4.346 3.8769 4.1822 3.8827 3.668 3.6079 7.745 3.22753834286 3.7841
2017-01-17 02:17:09.724000 55723.883 3.475 49.153 33.859 51.291 4.014 5.1567 3.5567 3.7907 4.3463 3.8768 4.1824 3.8812 3.6672 3.6077 7.745 3.29492154879 3.7844
2017-01-17 02:18:24.271000 55798.43 3.426 49.155 33.648 51.292 4.014 5.156 3.5566 3.7905 4.3462 3.8768 4.1823 3.8831 3.6676 3.6082 7.745 3.28455490172 3.7838
2017-01-17 02:19:39.535000 55873.694 3.356 49.155 34.027 51.294 4.013 5.155 3.5565 3.7898 4.3456 3.8768 4.182 3.8821 3.6678 3.6081 7.745 3.26382160759 3.7845
2017-01-17 02:20:54.097000 55948.256 3.392 49.156 33.191 51.295 4.013 5.154 3.5564 3.7894 4.3455 3.8767 4.1816 3.8817 3.6677 3.6078 7.745 3.23272166639 3.7845
2017-01-17 02:22:09.315000 56023.474 3.318 49.156 33.365 51.295 4.012 5.1531 3.5563 3.7892 4.3451 3.8768 4.1814 3.8809 3.6673 3.6078 7.745 3.2171716958 3.7844
2017-01-17 02:23:23.794000 56097.953 3.526 49.157 34.021 51.297 4.013 5.1518 3.5565 3.7895 4.3457 3.8766 4.1815 3.8821 3.6675 3.6081 7.745 3.26900493112 3.7846
2017-01-17 02:24:39.106000 56173.265 3.498 49.157 33.738 51.297 4.013 5.1512 3.5561 3.7897 4.3458 3.8765 4.1815 3.8821 3.668 3.6079 7.745 3.28455490172 3.7845
2017-01-17 02:25:53.703000 56247.862 3.302 49.158 33.732 51.298 4.012 5.1498 3.5564 3.7891 4.3453 3.8766 4.1813 3.8809 3.6677 3.6081 7.745 3.27937157819 3.7849
2017-01-17 02:27:08.390000 56322.549 3.318 49.161 33.468 51.297 4.014 5.1489 3.5559 3.7898 4.3459 3.8764 4.1815 3.8825 3.6674 3.6082 7.745 3.24308831346 3.7842
2017-01-17 02:28:23.841000 56398.0 3.309 49.158 33.882 51.297 4.014 5.1479 3.5564 3.79 4.346 3.8765 4.1817 3.883 3.6677 3.6081 7.745 3.28973822525 3.7845
2017-01-17 02:29:38.470000 56472.629 3.394 49.159 33.182 51.297 3.971 5.1469 3.5559 3.7904 4.3461 3.8764 4.1819 3.883 3.6678 3.608 7.746 3.23272166639 3.7847
2017-01-17 02:30:54.057000 56548.216 3.325 49.159 33.413 51.298 4.014 5.1462 3.5564 3.7903 4.3463 3.8765 4.1821 3.8829 3.6682 3.6077 7.746 3.2171716958 3.7842
2017-01-17 02:32:08.779000 56622.938 3.355 49.161 33.613 51.3 4.014 5.145 3.5562 3.79 4.346 3.8765 4.1819 3.8824 3.6677 3.6078 7.746 3.29492154879 3.7847
2017-01-17 02:33:24.295000 56698.454 3.306 49.161 33.22 51.302 4.013 5.1442 3.5558 3.7901 4.3459 3.8764 4.182 3.8823 3.6673 3.6077 7.746 3.27937157819 3.7849
2017-01-17 02:34:39.014000 56773.173 3.513 49.162 33.407 51.302 4.013 5.1433 3.5561 3.7897 4.3457 3.8764 4.1818 3.8816 3.6675 3.6075 7.745 3.23272166639 3.7842
2017-01-17 02:35:54.606000 56848.765 3.353 49.161 33.224 51.304 3.968 5.1423 3.5555 3.7895 4.3453 3.8764 4.1815 3.8818 3.6674 3.6077 7.745 3.25345496052 3.7846
2017-01-17 02:37:09.385000 56923.544 3.443 49.164 33.209 51.303 4.013 5.1413 3.5555 3.7894 4.3453 3.8763 4.1815 3.882 3.6682 3.6076 7.745 3.28973822525 3.7844
2017-01-17 02:38:24.982000 56999.141 3.329 49.164 33.352 51.303 4.012 5.14 3.5554 3.7887 4.3452 3.8764 4.1811 3.8811 3.6677 3.6077 7.745 3.23790498993 3.7844
2017-01-17 02:39:39.721000 57073.88 3.511 49.165 33.657 51.304 4.013 5.1391 3.5553 3.7892 4.3452 3.8763 4.1812 3.8822 3.6681 3.6072 7.746 1.99716732038 3.784
2017-01-17 02:40:55.332000 57149.491 3.309 49.161 33.602 51.303 4.012 5.1381 3.5551 3.7898 4.346 3.8762 4.1817 3.8822 3.6676 3.608 7.746 3.27418825466 3.7847
2017-01-17 02:42:10.041000 57224.2 3.525 49.162 33.453 51.305 4.013 5.1371 3.5553 3.7895 4.3456 3.8763 4.1816 3.8819 3.6677 3.6078 7.746 3.24308831346 3.785
2017-01-17 02:43:25.539000 57299.698 3.366 49.163 33.216 51.303 4.014 5.1362 3.5549 3.7899 4.3464 3.8762 4.1817 3.8823 3.6673 3.6076 7.746 3.22753834286 3.7843
2017-01-17 02:44:40.301000 57374.46 3.448 49.164 33.249 51.302 4.014 5.1351 3.5553 3.7901 4.3463 3.8762 4.182 3.8834 3.6672 3.6082 7.746 3.24827163699 3.7841
2017-01-17 02:45:55.389000 57449.548 3.518 49.163 33.411 51.303 4.014 5.1342 3.555 3.7905 4.3466 3.8763 4.1823 3.8835 3.6678 3.608 7.747 3.29492154879 3.7842
2017-01-17 02:47:11.338000 57525.497 3.306 49.168 33.89 51.307 4.013 5.1329 3.5551 3.7904 4.3461 3.8763 4.1821 3.8816 3.6674 3.6083 7.746 3.27937157819 3.7842
2017-01-17 02:48:26.359000 57600.518 3.304 49.166 33.704 51.307 4.013 5.1321 3.5549 3.7895 4.3455 3.8763 4.1815 3.8814 3.668 3.6079 7.746 3.23272166639 3.7847
2017-01-17 02:49:42.347000 57676.506 3.523 49.168 33.586 51.306 4.013 5.1315 3.5549 3.7891 4.3453 3.8763 4.1813 3.8822 3.6676 3.6076 7.746 3.20680504873 3.7846
2017-01-17 02:50:57.565000 57751.724 3.484 49.166 33.756 51.306 4.013 5.1305 3.5549 3.7895 4.3454 3.8763 4.1815 3.8825 3.6676 3.6077 7.746 3.23272166639 3.7847
2017-01-17 02:52:13.485000 57827.644 3.32 49.165 33.432 51.305 4.013 5.1293 3.5546 3.7895 4.3455 3.8763 4.1815 3.8816 3.6675 3.6081 7.746 3.25345496052 3.7845
2017-01-17 02:53:28.494000 57902.653 3.344 49.164 33.247 51.305 4.014 5.1283 3.5545 3.7898 4.3457 3.8762 4.1815 3.8826 3.6677 3.6078 7.746 3.26900493112 3.7846
2017-01-17 02:54:44.422000 57978.581 3.459 49.163 33.92 51.303 4.014 5.1271 3.5548 3.7907 4.3464 3.8762 4.182 3.8831 3.6679 3.6079 7.747 3.26382160759 3.7842
2017-01-17 02:55:59.516000 58053.675 3.397 49.162 34.02 51.303 4.012 5.1264 3.5548 3.7911 4.3465 3.8763 4.1824 3.8834 3.6677 3.6077 7.747 3.25863828406 3.7843
2017-01-17 02:57:15.203000 58129.362 3.39 49.166 33.186 51.304 4.014 5.1256 3.5549 3.7902 4.3461 3.8763 4.1821 3.8827 3.6676 3.6074 7.746 3.22753834286 3.7842
2017-01-17 02:58:30.142000 58204.301 3.494 49.167 33.334 51.306 4.013 5.1247 3.5553 3.7898 4.3457 3.8764 4.182 3.8825 3.6677 3.6079 7.746 3.26382160759 3.7847
2017-01-17 02:59:45.971000 58280.13 3.347 49.163 33.249 51.303 4.015 5.1234 3.5547 3.7908 4.3464 3.8764 4.1823 3.8845 3.6676 3.6078 7.747 3.27937157819 3.784
2017-01-17 03:01:00.852000 58355.011 3.393 49.161 33.192 51.303 4.015 5.1225 3.5549 3.7912 4.3464 3.8765 4.1826 3.8839 3.6678 3.6074 7.747 3.22753834286 3.7845
2017-01-17 03:02:16.660000 58430.819 3.389 49.166 34.021 51.306 4.014 5.1215 3.5545 3.7908 4.3469 3.8764 4.1824 3.8832 3.6676 3.6076 7.747 3.24308831346 3.7849
2017-01-17 03:03:31.679000 58505.838 3.323 49.164 33.956 51.302 4.015 5.1204 3.5544 3.7913 4.3473 3.8765 4.1827 3.8843 3.6678 3.6077 7.747 3.25345496052 3.7845
2017-01-17 03:04:47.468000 58581.627 3.456 49.162 33.905 51.302 4.016 5.1194 3.5549 3.7922 4.3475 3.8766 4.1831 3.8845 3.6676 3.6079 7.748 3.28973822525 3.7844
2017-01-17 03:06:02.387000 58656.546 3.41 49.166 34.003 51.306 4.014 5.1183 3.5549 3.7915 4.3469 3.8767 4.1829 3.8833 3.6675 3.6079 7.747 3.28973822525 3.7844
2017-01-17 03:07:18.165000 58732.324 3.359 49.167 33.236 51.307 4.014 5.1178 3.5552 3.7903 4.3463 3.8767 4.1825 3.8826 3.6673 3.6077 7.746 3.27418825466 3.7843
2017-01-17 03:08:33.287000 58807.446 3.427 49.166 33.231 51.307 4.014 5.1168 3.5546 3.7904 4.3464 3.8767 4.1823 3.8833 3.6672 3.6075 7.747 3.27937157819 3.7848
2017-01-17 03:09:49.105000 58883.264 3.338 49.166 34.014 51.307 4.013 5.1158 3.5545 3.79 4.3462 3.8766 4.1822 3.8825 3.6678 3.6082 7.747 3.22753834286 3.7841
2017-01-17 03:11:04.174000 58958.333 3.311 49.167 33.904 51.307 4.012 5.1147 3.5546 3.7902 4.3462 3.8768 4.1822 3.8835 3.6672 3.6079 7.747 3.26900493112 3.7846
2017-01-17 03:12:20.165000 59034.324 3.524 49.166 33.389 51.307 4.015 5.1136 3.5547 3.7909 4.3468 3.8767 4.1824 3.8834 3.6677 3.6077 7.747 3.28455490172 3.7845
2017-01-17 03:13:35.242000 59109.401 3.512 49.169 33.613 51.31 4.014 5.1126 3.5544 3.7907 4.3466 3.8767 4.1823 3.8825 3.6679 3.608 7.747 3.26382160759 3.7843
2017-01-17 03:14:51.169000 59185.328 3.306 49.167 33.661 51.308 4.014 5.112 3.555 3.7904 4.3463 3.8767 4.1821 3.8833 3.668 3.608 7.747 3.23272166639 3.7845
2017-01-17 03:16:06.280000 59260.439 3.346 49.168 33.263 51.309 4.015 5.1111 3.5544 3.791 4.3467 3.8767 4.1824 3.8843 3.6678 3.6077 7.747 3.2171716958 3.7836
2017-01-17 03:17:22.229000 59336.388 3.447 49.167 33.975 51.309 4.015 5.1099 3.5544 3.791 4.3468 3.8767 4.1827 3.8833 3.6678 3.6077 7.747 3.24827163699 3.7845
2017-01-17 03:18:37.377000 59411.536 3.393 49.169 34.032 51.311 4.013 5.1088 3.5543 3.79 4.346 3.8767 4.1822 3.8818 3.6675 3.6078 7.747 3.26900493112 3.7845
2017-01-17 03:19:52.586000 59486.745 3.501 49.169 33.717 51.31 4.014 5.1079 3.5539 3.79 4.346 3.8766 4.1819 3.8829 3.6677 3.608 7.747 3.28973822525 3.7847
2017-01-17 03:21:08.658000 59562.817 3.313 49.169 33.599 51.31 4.013 5.107 3.5542 3.7903 4.3461 3.8765 4.182 3.8827 3.6674 3.6075 7.747 3.27418825466 3.7843
2017-01-17 03:22:23.836000 59637.995 3.332 49.172 33.343 51.314 4.014 5.106 3.5547 3.7898 4.3457 3.8765 4.1819 3.8826 3.6676 3.6075 7.747 3.23790498993 3.7839
2017-01-17 03:23:39.854000 59714.013 3.474 49.173 33.85 51.312 4.014 5.105 3.5541 3.7903 4.3459 3.8765 4.1819 3.8831 3.6676 3.608 7.747 3.23790498993 3.7843
2017-01-17 03:24:55.055000 59789.214 3.52 49.172 33.429 51.313 4.014 5.1041 3.5541 3.7903 4.3461 3.8765 4.1822 3.8834 3.6677 3.608 7.747 3.22235501933 3.7842
2017-01-17 03:26:11.142000 59865.301 3.305 49.172 33.701 51.313 4.014 5.1029 3.554 3.7903 4.3466 3.8765 4.1821 3.8832 3.6677 3.6078 7.747 3.25863828406 3.784
2017-01-17 03:27:26.531000 59940.69 3.356 49.173 34.034 51.314 4.013 5.1018 3.5541 3.7898 4.3457 3.8765 4.1819 3.8818 3.6675 3.6071 7.747 3.26382160759 3.7842
2017-01-17 03:28:42.833000 60016.992 3.48 49.176 33.319 51.316 4.013 5.1011 3.5539 3.7891 4.3451 3.8764 4.1814 3.8813 3.6681 3.6072 7.747 3.29492154879 3.7842
2017-01-17 03:29:58.152000 60092.311 3.341 49.175 33.28 51.314 4.013 5.1002 3.5538 3.7891 4.3456 3.8764 4.1815 3.882 3.6675 3.6076 7.747 3.28973822525 3.7847
2017-01-17 03:31:14.280000 60168.439 3.439 49.174 33.947 51.315 4.014 5.0989 3.5537 3.7903 4.3464 3.8764 4.1818 3.8833 3.6674 3.6079 7.747 3.23272166639 3.7846
2017-01-17 03:32:29.771000 60243.93 3.521 49.175 33.606 51.316 4.014 5.0982 3.5541 3.7903 4.3461 3.8763 4.1819 3.8823 3.6677 3.6077 7.747 3.24308831346 3.7846
2017-01-17 03:33:45.961000 60320.12 3.434 49.178 33.68 51.317 4.014 5.0972 3.5536 3.7899 4.3456 3.8764 4.1817 3.8829 3.6672 3.6081 7.747 3.27418825466 3.7848
2017-01-17 03:35:01.341000 60395.5 3.35 49.177 34.029 51.32 4.013 5.0963 3.5535 3.7893 4.3457 3.8763 4.1817 3.882 3.6673 3.6076 7.747 3.24827163699 3.7848
2017-01-17 03:36:17.798000 60471.957 3.302 49.179 33.722 51.32 4.012 5.0953 3.554 3.7893 4.3452 3.8762 4.1813 3.8814 3.6677 3.6076 7.747 3.27418825466 3.7845
2017-01-17 03:37:33.169000 60547.328 3.365 49.178 34.017 51.32 4.014 5.0943 3.5538 3.7899 4.346 3.8762 4.1815 3.8832 3.6683 3.6073 7.747 3.26382160759 3.7849
2017-01-17 03:38:49.567000 60623.726 3.304 49.177 33.71 51.32 4.013 5.0933 3.5531 3.7897 4.3459 3.8762 4.1817 3.8823 3.6679 3.6077 7.747 3.27937157819 3.7842
2017-01-17 03:40:05.016000 60699.175 3.359 49.177 34.031 51.32 4.014 5.0924 3.553 3.7903 4.3464 3.8762 4.1819 3.8826 3.668 3.6077 7.748 3.26900493112 3.7849
2017-01-17 03:41:21.357000 60775.516 3.386 49.178 33.179 51.32 4.014 5.0916 3.5539 3.7904 4.3463 3.8762 4.182 3.8832 3.6682 3.6076 7.748 3.22753834286 3.7841
2017-01-17 03:42:36.905000 60851.064 3.374 49.176 33.502 51.321 4.014 5.0904 3.5532 3.7908 4.3464 3.8763 4.1823 3.8832 3.6677 3.6078 7.748 3.2171716958 3.7844
2017-01-17 03:43:53.292000 60927.451 3.376 49.179 33.198 51.321 4.014 5.0892 3.5533 3.7909 4.3471 3.8763 4.1824 3.8829 3.6673 3.608 7.748 3.25863828406 3.785
2017-01-17 03:45:08.853000 61003.012 3.314 49.181 33.591 51.321 4.014 5.0885 3.5538 3.7907 4.3464 3.8764 4.1823 3.8831 3.668 3.6074 7.748 3.26900493112 3.784
2017-01-17 03:46:25.122000 61079.281 3.379 49.178 33.185 51.321 4.014 5.0874 3.5534 3.7903 4.3461 3.8765 4.1823 3.8833 3.6676 3.608 7.748 3.27937157819 3.7851
2017-01-17 03:47:40.589000 61154.748 3.311 49.182 33.584 51.322 4.014 5.0865 3.5532 3.7903 4.3463 3.8764 4.1824 3.883 3.6679 3.6074 7.748 3.26900493112 3.7841
2017-01-17 03:48:56.917000 61231.076 3.386 49.181 33.179 51.322 4.015 5.0854 3.5537 3.791 4.3469 3.8765 4.1825 3.8845 3.6677 3.6072 7.749 3.24827163699 3.7845
2017-01-17 03:50:12.458000 61306.617 3.335 49.178 33.336 51.322 4.016 5.0849 3.5533 3.7916 4.3473 3.8764 4.1828 3.8844 3.6674 3.608 7.749 3.24308831346 3.7844
2017-01-17 03:51:28.997000 61383.156 3.437 49.179 33.217 51.322 4.017 5.0837 3.553 3.7921 4.3482 3.8767 4.1834 3.886 3.6682 3.6075 7.749 3.26382160759 3.7842
2017-01-17 03:52:44.646000 61458.805 3.325 49.178 33.433 51.32 4.015 5.0825 3.5534 3.7925 4.3476 3.8766 4.1836 3.8844 3.6674 3.6082 7.749 3.26900493112 3.7843
2017-01-17 03:54:01.179000 61535.338 3.414 49.179 33.188 51.32 4.016 5.0817 3.5533 3.7916 4.3474 3.8768 4.1833 3.8849 3.6675 3.6076 7.749 3.27418825466 3.7848
2017-01-17 03:55:16.767000 61610.926 3.325 49.179 33.424 51.323 4.011 5.0807 3.5531 3.7919 4.3476 3.8769 4.1834 3.8837 3.6673 3.6084 7.749 3.29492154879 3.7844
2017-01-17 03:56:33.436000 61687.595 3.308 49.182 33.646 51.321 4.015 5.0801 3.5533 3.7915 4.3472 3.8769 4.1832 3.8841 3.6678 3.6075 7.749 3.23272166639 3.7844
2017-01-17 03:57:49.076000 61763.235 3.36 49.179 34.014 51.323 4.016 5.0789 3.5534 3.7914 4.3469 3.8769 4.1831 3.8842 3.6678 3.6076 7.749 3.22235501933 3.7848
2017-01-17 03:59:05.736000 61839.895 3.307 49.181 33.75 51.323 4.016 5.0776 3.5532 3.7919 4.3476 3.877 4.1833 3.8842 3.6674 3.6078 7.749 3.24827163699 3.7848
2017-01-17 04:00:21.433000 61915.592 3.523 49.181 33.597 51.323 4.016 5.0772 3.5537 3.7918 4.3474 3.8772 4.1833 3.8843 3.6677 3.6083 7.749 3.27418825466 3.7844
2017-01-17 04:01:38.003000 61992.162 3.448 49.181 33.965 51.323 3.983 5.076 3.5531 3.7919 4.348 3.877 4.1834 3.8848 3.6681 3.6079 7.749 3.26900493112 3.785
2017-01-17 04:02:53.544000 62067.703 3.521 49.182 33.633 51.323 4.016 5.0748 3.5534 3.7924 4.3478 3.8771 4.1837 3.8846 3.6674 3.6079 7.75 3.25863828406 3.7846
2017-01-17 04:04:10.113000 62144.272 3.443 49.182 33.972 51.325 4.016 5.0741 3.5533 3.792 4.3475 3.8771 4.1837 3.8843 3.6676 3.6078 7.75 3.24827163699 3.7842
2017-01-17 04:05:25.831000 62219.99 3.343 49.18 33.284 51.323 4.016 5.0731 3.5529 3.7918 4.3476 3.8771 4.1834 3.8847 3.6676 3.608 7.749 3.23790498993 3.7845
2017-01-17 04:06:42.444000 62296.603 3.49 49.183 33.333 51.326 4.015 5.0724 3.5538 3.7914 4.3472 3.8771 4.1831 3.8838 3.6683 3.6078 7.749 3.25345496052 3.7846
2017-01-17 04:07:58.250000 62372.409 3.318 49.182 33.299 51.323 4.017 5.0712 3.5533 3.7916 4.3474 3.8772 4.1834 3.8857 3.6679 3.6081 7.75 3.30011054933 3.7844
2017-01-17 04:09:14.879000 62449.038 3.317 49.181 33.52 51.324 4.017 5.0701 3.5539 3.7926 4.348 3.8773 4.1837 3.8858 3.6676 3.6081 7.75 3.27937157819 3.784
2017-01-17 04:10:30.850000 62525.009 3.491 49.18 33.796 51.321 4.017 5.0696 3.5533 3.793 4.3482 3.8773 4.1841 3.8859 3.6678 3.6079 7.75 3.22235501933 3.7845
2017-01-17 04:11:47.427000 62601.586 3.362 49.181 34.025 51.325 4.016 5.0681 3.5535 3.7926 4.3483 3.8774 4.184 3.8851 3.6679 3.6078 7.75 3.25345496052 3.7848
2017-01-17 04:13:03.205000 62677.364 3.485 49.182 33.808 51.324 4.015 5.0674 3.5538 3.7919 4.3476 3.8773 4.1836 3.8841 3.6676 3.6081 7.75 3.28973822525 3.7845
2017-01-17 04:14:19.785000 62753.944 3.524 49.181 33.608 51.325 4.016 5.0664 3.5531 3.7917 4.3477 3.8774 4.1836 3.8848 3.6676 3.6083 7.75 3.25863828406 3.7845
2017-01-17 04:15:35.615000 62829.774 3.39 49.182 33.201 51.325 4.015 5.0652 3.5532 3.7918 4.3474 3.8773 4.1834 3.8838 3.668 3.6082 7.749 3.22235501933 3.7845
2017-01-17 04:16:52.353000 62906.512 3.349 49.182 33.255 51.325 4.016 5.0644 3.5532 3.791 4.3473 3.8773 4.1833 3.8843 3.6679 3.6081 7.749 3.22753834286 3.7843
2017-01-17 04:18:08.183000 62982.342 3.455 49.184 33.775 51.325 4.015 5.0635 3.5528 3.7912 4.3475 3.8774 4.1832 3.8842 3.6677 3.6081 7.749 3.25345496052 3.7837
2017-01-17 04:19:24.975000 63059.134 3.304 49.185 33.828 51.327 4.014 5.0628 3.553 3.791 4.3467 3.8771 4.183 3.8838 3.6677 3.6077 7.749 3.29492154879 3.7847
2017-01-17 04:20:40.814000 63134.973 3.528 49.185 33.438 51.326 4.015 5.0615 3.5526 3.7906 4.3467 3.8773 4.1828 3.8831 3.6677 3.608 7.749 3.27937157819 3.7846
2017-01-17 04:21:57.661000 63211.82 3.462 49.185 33.867 51.328 4.015 5.0609 3.5529 3.7909 4.3467 3.8771 4.1827 3.8837 3.6679 3.6081 7.749 3.28973822525 3.7843
2017-01-17 04:23:13.582000 63287.741 3.336 49.182 33.317 51.326 4.004 5.0597 3.5528 3.7909 4.3468 3.877 4.1829 3.8837 3.6677 3.6085 7.749 3.23790498993 3.7845
2017-01-17 04:24:30.319000 63364.478 3.31 49.183 33.591 51.326 4.015 5.0587 3.5533 3.791 4.3467 3.8771 4.1827 3.8834 3.668 3.6078 7.749 3.25345496052 3.7847
2017-01-17 04:25:46.319000 63440.478 3.506 49.185 33.699 51.328 4.014 5.0578 3.5527 3.7901 4.3461 3.877 4.1826 3.8829 3.6677 3.6078 7.749 3.26382160759 3.7844
2017-01-17 04:27:03.147000 63517.306 3.406 49.185 34.025 51.326 4.012 5.0568 3.5532 3.7906 4.3465 3.877 4.1824 3.8834 3.668 3.6084 7.749 3.28455490172 3.7841
2017-01-17 04:28:19.130000 63593.289 3.374 49.183 33.188 51.326 4.015 5.0559 3.5526 3.7908 4.3463 3.877 4.1825 3.8838 3.6677 3.6083 7.749 3.26382160759 3.7845
2017-01-17 04:29:36.048000 63670.207 3.331 49.182 33.364 51.326 4.015 5.0548 3.553 3.7918 4.3471 3.877 4.183 3.8839 3.6674 3.608 7.749 3.23790498993 3.7844
2017-01-17 04:30:52.057000 63746.216 3.433 49.184 33.969 51.328 4.014 5.0542 3.5525 3.7908 4.3462 3.8769 4.1827 3.8832 3.6676 3.6081 7.749 3.23272166639 3.7847
2017-01-17 04:32:08.997000 63823.156 3.456 49.184 33.935 51.326 4.014 5.0529 3.5529 3.7904 4.3463 3.8769 4.1823 3.8827 3.6683 3.608 7.749 3.23272166639 3.7849
2017-01-17 04:33:25.956000 63900.115 3.484 49.185 33.806 51.327 4.013 5.0519 3.552 3.7898 4.3458 3.8768 4.1821 3.8818 3.6674 3.6081 7.748 3.23272166639 3.7847
2017-01-17 04:34:42.033000 63976.192 3.32 49.185 33.522 51.327 4.013 5.0509 3.5528 3.7902 4.346 3.8766 4.182 3.8826 3.6678 3.6082 7.749 3.26382160759 3.7849
2017-01-17 04:35:59.015000 64053.174 3.311 49.185 33.57 51.328 4.014 5.05 3.552 3.7901 4.3464 3.8767 4.182 3.8831 3.6677 3.6082 7.749 3.29492154879 3.7848
2017-01-17 04:37:15.182000 64129.341 3.462 49.187 33.872 51.329 4.013 5.0491 3.5526 3.79 4.3459 3.8765 4.1819 3.8816 3.6682 3.6083 7.748 3.28973822525 3.7845
2017-01-17 04:38:32.281000 64206.44 3.361 49.186 33.626 51.329 4.013 5.0481 3.5517 3.7891 4.3458 3.8766 4.1816 3.8812 3.668 3.6075 7.748 3.28455490172 3.7845
2017-01-17 04:39:48.468000 64282.627 3.416 49.187 34.015 51.328 4.013 5.0471 3.5524 3.7892 4.3456 3.8765 4.1814 3.8822 3.668 3.608 7.748 3.27937157819 3.7842
2017-01-17 04:41:05.380000 64359.539 3.465 49.186 33.904 51.327 4.013 5.046 3.5515 3.7896 4.346 3.8765 4.1816 3.8825 3.6676 3.6078 7.748 3.22235501933 3.7847
2017-01-17 04:42:21.498000 64435.657 3.326 49.186 33.385 51.33 4.013 5.0452 3.5523 3.7894 4.3454 3.8763 4.1815 3.8819 3.6679 3.6079 7.748 3.26900493112 3.7843
2017-01-17 04:43:38.537000 64512.696 3.308 49.187 33.623 51.33 4.013 5.044 3.5516 3.7897 4.346 3.8765 4.1815 3.8825 3.6681 3.6078 7.748 3.28455490172 3.7844
2017-01-17 04:44:54.788000 64588.947 3.353 49.187 33.619 51.33 4.013 5.0436 3.5517 3.7894 4.3456 3.8763 4.1815 3.8818 3.6675 3.6074 7.748 3.29492154879 3.7846
2017-01-17 04:46:11.886000 64666.045 3.326 49.188 33.4 51.329 4.005 5.0421 3.5516 3.79 4.3459 3.8763 4.1815 3.8825 3.668 3.6077 7.748 3.29492154879 3.7847
2017-01-17 04:47:28.943000 64743.102 3.312 49.185 33.637 51.328 4.014 5.0413 3.5513 3.7905 4.3462 3.8762 4.1819 3.8834 3.6676 3.6081 7.749 3.24827163699 3.7851
2017-01-17 04:48:45.163000 64819.322 3.504 49.186 33.652 51.329 4.014 5.0403 3.5521 3.7901 4.346 3.8763 4.182 3.8828 3.6681 3.6078 7.749 3.24308831346 3.7849
2017-01-17 04:50:02.283000 64896.442 3.337 49.186 33.499 51.329 4.014 5.0393 3.5511 3.7901 4.3464 3.8764 4.182 3.8825 3.6679 3.6081 7.749 3.29492154879 3.7844
2017-01-17 04:51:18.621000 64972.78 3.456 49.187 33.936 51.33 4.013 5.0388 3.5521 3.7899 4.3459 3.8762 4.1819 3.8824 3.668 3.608 7.749 3.23790498993 3.7842
2017-01-17 04:52:35.718000 65049.877 3.383 49.187 33.747 51.33 4.014 5.0373 3.5514 3.7904 4.3461 3.8763 4.1819 3.8831 3.6678 3.608 7.749 3.23272166639 3.7846
2017-01-17 04:53:51.900000 65126.059 3.38 49.185 34.029 51.328 4.015 5.0369 3.5515 3.791 4.3466 3.8764 4.1825 3.8843 3.6678 3.6075 7.749 3.28455490172 3.7842
2017-01-17 04:55:09.060000 65203.219 3.448 49.185 33.959 51.329 4.015 5.0356 3.5518 3.7912 4.3467 3.8764 4.1825 3.8838 3.668 3.608 7.749 3.26382160759 3.7845
2017-01-17 04:56:25.447000 65279.606 3.309 49.186 33.933 51.329 4.015 5.0348 3.5514 3.7905 4.3464 3.8765 4.1825 3.8835 3.6671 3.6082 7.749 3.24308831346 3.7844
2017-01-17 04:57:42.698000 65356.857 3.523 49.186 34.04 51.328 4.014 5.034 3.5514 3.7908 4.3466 3.8765 4.1825 3.8833 3.6675 3.6079 7.749 3.28973822525 3.7855
2017-01-17 04:58:59.035000 65433.194 3.305 49.186 33.707 51.33 4.014 5.0327 3.5511 3.7907 4.3466 3.8765 4.1824 3.8832 3.6676 3.608 7.749 3.27418825466 3.7847
2017-01-17 05:00:16.385000 65510.544 3.48 49.186 33.834 51.326 4.014 5.0318 3.5512 3.7903 4.3462 3.8765 4.1823 3.8832 3.6677 3.6081 7.749 3.24827163699 3.7848
2017-01-17 05:01:33.782000 65587.941 3.393 49.187 33.72 51.329 4.015 5.0311 3.5513 3.7903 4.3463 3.8765 4.1822 3.8837 3.6675 3.6082 7.749 3.22235501933 3.7843
2017-01-17 05:02:50.283000 65664.442 3.529 49.183 33.527 51.327 4.015 5.0299 3.551 3.791 4.347 3.8767 4.1825 3.8839 3.6679 3.6079 7.749 3.2171716958 3.7848
2017-01-17 05:04:07.724000 65741.883 3.318 49.184 33.325 51.329 4.015 5.029 3.5512 3.7904 4.3466 3.8765 4.1826 3.8837 3.6675 3.6079 7.749 3.22235501933 3.7844
2017-01-17 05:05:24.234000 65818.393 3.409 49.185 33.818 51.329 4.015 5.028 3.5517 3.7909 4.3468 3.8765 4.1826 3.8844 3.6678 3.6078 7.749 3.29492154879 3.7845
2017-01-17 05:06:41.713000 65895.872 3.313 49.184 33.307 51.328 4.014 5.0267 3.5512 3.7908 4.3464 3.8766 4.1825 3.8825 3.6676 3.6074 7.749 3.25863828406 3.785
2017-01-17 05:07:58.264000 65972.423 3.317 49.185 33.553 51.326 4.015 5.026 3.5513 3.7908 4.3461 3.8766 4.1824 3.8839 3.6677 3.6081 7.749 3.25345496052 3.7841
2017-01-17 05:09:15.694000 66049.853 3.459 49.183 33.813 51.325 4.005 5.0255 3.5517 3.7911 4.3469 3.8766 4.1827 3.8837 3.6681 3.6081 7.749 3.25345496052 3.7845
2017-01-17 05:10:32.279000 66126.438 3.321 49.185 33.981 51.328 4.014 5.0242 3.5507 3.7902 4.3464 3.8766 4.1823 3.8821 3.6678 3.608 7.749 3.24308831346 3.7844
2017-01-17 05:11:49.686000 66203.845 3.525 49.186 34.042 51.329 4.012 5.0232 3.5511 3.7894 4.3456 3.8764 4.1819 3.8814 3.6677 3.6079 7.748 3.23790498993 3.7847
2017-01-17 05:13:06.175000 66280.334 3.449 49.186 33.758 51.327 4.012 5.0222 3.5515 3.7893 4.3452 3.8765 4.1813 3.881 3.6679 3.608 7.748 3.25863828406 3.7847
2017-01-17 05:14:23.692000 66357.851 3.39 49.184 33.735 51.328 4.013 5.0211 3.5508 3.7898 4.3459 3.8764 4.1814 3.8825 3.6677 3.608 7.748 3.27937157819 3.7842
2017-01-17 05:15:41.154000 66435.313 3.319 49.183 33.292 51.326 4.013 5.0204 3.5504 3.7897 4.3459 3.8763 4.1815 3.8812 3.6681 3.6079 7.749 3.24827163699 3.7846
2017-01-17 05:16:57.742000 66511.901 3.316 49.184 33.513 51.327 4.014 5.0197 3.5512 3.7901 4.3461 3.8763 4.1817 3.8828 3.6673 3.6081 7.749 3.22753834286 3.7847
2017-01-17 05:18:15.151000 66589.31 3.446 49.183 33.802 51.325 4.014 5.0183 3.5507 3.7906 4.3462 3.8762 4.1821 3.8826 3.6678 3.6079 7.749 3.23790498993 3.7848
2017-01-17 05:19:31.694000 66665.853 3.312 49.184 33.943 51.325 4.013 5.0175 3.5506 3.7896 4.3458 3.8763 4.1818 3.8817 3.668 3.608 7.749 3.26900493112 3.7848
2017-01-17 05:20:49.142000 66743.301 3.527 49.184 34.027 51.326 4.014 5.0168 3.5507 3.79 4.3456 3.8762 4.1818 3.8828 3.668 3.6076 7.749 3.26382160759 3.7845
2017-01-17 05:22:05.731000 66819.89 3.46 49.182 33.919 51.324 4.011 5.0153 3.5506 3.7908 4.3467 3.8763 4.1822 3.8831 3.6679 3.6081 7.749 3.26900493112 3.7847
2017-01-17 05:23:23.281000 66897.44 3.379 49.181 33.192 51.324 4.014 5.0147 3.5502 3.7902 4.3464 3.8762 4.182 3.8828 3.6683 3.6077 7.749 3.26382160759 3.7844
2017-01-17 05:24:39.952000 66974.111 3.528 49.181 33.482 51.325 4.014 5.014 3.5505 3.7901 4.3461 3.8763 4.1819 3.8829 3.6682 3.6077 7.749 3.22753834286 3.7843
2017-01-17 05:25:57.520000 67051.679 3.312 49.18 33.559 51.323 4.013 5.0127 3.5509 3.7902 4.346 3.8763 4.182 3.8825 3.6682 3.608 7.748 3.23272166639 3.7844
2017-01-17 05:27:15.107000 67129.266 3.45 49.181 33.233 51.324 4.014 5.0118 3.5503 3.7906 4.3462 3.8762 4.1821 3.8826 3.6682 3.6076 7.749 3.24827163699 3.7841
2017-01-17 05:28:31.759000 67205.918 3.513 49.183 33.651 51.324 4.013 5.0108 3.5504 3.7893 4.3454 3.8761 4.1817 3.8813 3.6682 3.608 7.748 3.24827163699 3.7851
2017-01-17 05:29:49.459000 67283.618 3.329 49.178 33.372 51.32 4.013 5.0099 3.5501 3.7896 4.3454 3.8762 4.1817 3.8827 3.6676 3.6079 7.748 3.27418825466 3.784
2017-01-17 05:31:06.196000 67360.355 3.305 49.181 33.66 51.322 4.012 5.0089 3.5501 3.7895 4.3455 3.876 4.1815 3.8817 3.6674 3.6077 7.748 3.28973822525 3.7842
2017-01-17 05:32:23.764000 67437.923 3.471 49.182 33.814 51.323 4.012 5.0078 3.55 3.7886 4.3451 3.8761 4.181 3.8808 3.6683 3.6082 7.747 3.29492154879 3.7845
2017-01-17 05:33:40.465000 67514.624 3.519 49.182 34.023 51.323 4.013 5.007 3.5499 3.789 4.3449 3.876 4.181 3.8821 3.6674 3.6077 7.748 3.26900493112 3.7844
2017-01-17 05:34:58.114000 67592.273 3.319 49.179 33.518 51.321 4.013 5.0063 3.5498 3.7897 4.3455 3.876 4.1813 3.8825 3.6679 3.6075 7.748 3.25345496052 3.7844
2017-01-17 05:36:16.012000 67670.171 3.493 49.18 33.326 51.321 4.001 5.0053 3.5498 3.7901 4.3461 3.8759 4.1817 3.8838 3.6678 3.6077 7.748 3.26900493112 3.7846
2017-01-17 05:37:32.693000 67746.852 3.492 49.176 33.774 51.32 4.015 5.004 3.55 3.7909 4.347 3.876 4.1823 3.8842 3.6673 3.6084 7.749 3.24308831346 3.7843
2017-01-17 05:38:50.390000 67824.549 3.351 49.176 33.251 51.32 4.015 5.0032 3.5497 3.7915 4.3475 3.8761 4.1827 3.8839 3.6677 3.6075 7.749 3.22753834286 3.7844
2017-01-17 05:40:07.150000 67901.309 3.317 49.174 33.507 51.316 4.015 5.0026 3.5501 3.7915 4.3469 3.8763 4.183 3.8839 3.6679 3.607 7.749 3.26900493112 3.7848
2017-01-17 05:41:24.998000 67979.157 3.474 49.176 33.317 51.321 4.013 5.0017 3.5501 3.7901 4.3461 3.8762 4.1822 3.8806 3.6679 3.608 7.748 3.27418825466 3.785
2017-01-17 05:42:41.762000 68055.921 3.496 49.177 33.739 51.32 4.014 5.0002 3.55 3.7899 4.3462 3.8762 4.1819 3.8827 3.6678 3.6073 7.748 3.27418825466 3.7847
2017-01-17 05:43:59.609000 68133.768 3.324 49.176 33.99 51.316 4.014 4.9992 3.5496 3.7904 4.3467 3.8764 4.1822 3.883 3.6676 3.6079 7.748 3.27937157819 3.7851
2017-01-17 05:45:17.499000 68211.658 3.347 49.177 33.301 51.318 4.014 4.9985 3.5496 3.7902 4.3463 3.8763 4.1821 3.8827 3.6675 3.6075 7.748 3.27937157819 3.7844
2017-01-17 05:46:34.271000 68288.43 3.528 49.177 33.478 51.319 4.014 4.9978 3.5497 3.7898 4.3455 3.8762 4.1817 3.8823 3.6677 3.6077 7.748 3.21198837226 3.7847
2017-01-17 05:47:52.060000 68366.219 3.403 49.174 34.008 51.318 4.015 4.9969 3.5499 3.7904 4.3463 3.8762 4.182 3.8833 3.6675 3.6077 7.748 3.22235501933 3.7843
2017-01-17 05:49:08.978000 68443.137 3.469 49.173 33.88 51.315 4.015 4.9954 3.5498 3.7914 4.3468 3.8762 4.1825 3.8839 3.6678 3.6079 7.749 3.25863828406 3.7845
2017-01-17 05:50:26.947000 68521.106 3.306 49.175 33.882 51.316 4.002 4.9944 3.5498 3.7911 4.3466 3.8762 4.1826 3.8827 3.6677 3.6074 7.748 3.26900493112 3.7845
2017-01-17 05:51:43.817000 68597.976 3.329 49.176 33.378 51.318 4.014 4.9937 3.5498 3.7901 4.3462 3.8762 4.1822 3.8823 3.6678 3.6075 7.748 3.25863828406 3.7846
2017-01-17 05:53:01.767000 68675.926 3.527 49.176 33.457 51.318 4.015 4.9928 3.5496 3.7902 4.3463 3.8763 4.1822 3.8835 3.6671 3.6076 7.748 3.28973822525 3.7844
2017-01-17 05:54:19.745000 68753.904 3.423 49.172 34.011 51.314 4.004 4.9918 3.5497 3.7905 4.3465 3.8761 4.1824 3.8833 3.6679 3.6075 7.748 3.24308831346 3.7849
2017-01-17 05:55:36.586000 68830.745 3.478 49.174 33.833 51.315 4.008 4.9908 3.5501 3.7901 4.346 3.8763 4.1821 3.8823 3.6677 3.6078 7.748 3.25345496052 3.7843
2017-01-17 05:56:54.583000 68908.742 3.307 49.173 33.875 51.318 4.007 4.9897 3.5501 3.7899 4.346 3.8763 4.1819 3.8824 3.6677 3.6077 7.748 3.24827163699 3.7845
2017-01-17 05:58:11.653000 68985.812 3.339 49.175 34.011 51.316 3.988 4.9887 3.5492 3.7902 4.3464 3.8762 4.1821 3.8827 3.668 3.6075 7.748 3.21198837226 3.7842
2017-01-17 05:59:29.777000 69063.936 3.322 49.176 33.432 51.318 4.012 4.9877 3.5494 3.7892 4.3457 3.8762 4.1816 3.8805 3.6671 3.6078 7.747 3.27937157819 3.7847
2017-01-17 06:00:46.838000 69140.997 3.423 49.177 33.64 51.318 4.012 4.987 3.5492 3.7878 4.3444 3.8761 4.1807 3.8804 3.6679 3.6078 7.746 3.25863828406 3.7838
2017-01-17 06:02:04.971000 69219.13 3.307 49.177 33.612 51.318 4.012 4.9859 3.5491 3.7882 4.3448 3.876 4.1807 3.881 3.6679 3.6076 7.747 3.30011054933 3.7847
2017-01-17 06:03:23.182000 69297.341 3.419 49.177 33.236 51.318 4.011 4.9849 3.5487 3.7875 4.3442 3.876 4.1803 3.8799 3.6678 3.6078 7.746 3.24308831346 3.7847
2017-01-17 06:04:40.284000 69374.443 3.303 49.18 33.209 51.32 4.011 4.9844 3.5488 3.7872 4.3437 3.8757 4.1798 3.8796 3.6677 3.6077 7.746 3.26382160759 3.7845
2017-01-17 06:05:58.369000 69452.528 3.363 49.177 33.193 51.318 4.011 4.9833 3.5487 3.7875 4.3438 3.8756 4.1799 3.8806 3.6675 3.6073 7.746 3.2171716958 3.784
2017-01-17 06:07:15.607000 69529.766 3.331 49.176 33.342 51.318 4.012 4.9821 3.549 3.7882 4.3445 3.8756 4.1802 3.8812 3.6675 3.6074 7.747 3.28455490172 3.7844
2017-01-17 06:08:33.816000 69607.975 3.327 49.179 33.373 51.318 4.01 4.9812 3.5488 3.7873 4.3438 3.8754 4.1798 3.8794 3.6677 3.6072 7.746 3.29492154879 3.7847
2017-01-17 06:09:51.526000 69685.685 3.332 49.176 34.018 51.32 4.012 4.9801 3.5487 3.7876 4.3441 3.8753 4.1799 3.8805 3.6678 3.6075 7.746 3.26382160759 3.7845
2017-01-17 06:11:09.716000 69763.875 3.324 49.177 33.392 51.318 3.954 4.9792 3.5487 3.7877 4.3441 3.8752 4.1799 3.88 3.6675 3.6076 7.746 3.23790498993 3.784
2017-01-17 06:12:27.923000 69842.082 3.334 49.177 33.363 51.32 4.011 4.9785 3.5486 3.7874 4.3438 3.8752 4.1797 3.8802 3.6681 3.6074 7.746 3.22235501933 3.7854
2017-01-17 06:13:44.995000 69919.154 3.308 49.18 33.588 51.32 3.985 4.9771 3.5481 3.7875 4.3438 3.875 4.1796 3.8802 3.6673 3.6069 7.746 3.28455490172 3.7845
2017-01-17 06:15:03.112000 69997.271 3.431 49.177 33.249 51.318 4.011 4.9761 3.5481 3.7878 4.344 3.875 4.1797 3.8801 3.6681 3.6071 7.746 3.28455490172 3.7847
2017-01-17 06:16:20.311000 70074.47 3.302 49.176 33.895 51.318 4.01 4.9754 3.5476 3.7873 4.3438 3.875 4.1796 3.8793 3.6683 3.6075 7.746 3.28973822525 3.7846
2017-01-17 06:17:38.541000 70152.7 3.358 49.177 33.233 51.316 4.012 4.9744 3.5475 3.7877 4.3444 3.8749 4.1796 3.8808 3.6677 3.6076 7.746 3.27418825466 3.7844
2017-01-17 06:18:55.710000 70229.869 3.347 49.174 33.475 51.317 4.012 4.9735 3.5478 3.7878 4.3441 3.8748 4.18 3.8809 3.6671 3.6071 7.746 3.28455490172 3.7845
2017-01-17 06:20:13.959000 70308.118 3.338 49.174 33.292 51.314 4.013 4.9724 3.5477 3.7885 4.3449 3.875 4.1803 3.8819 3.6675 3.6073 7.747 3.27937157819 3.7848
2017-01-17 06:21:32.289000 70386.448 3.342 49.176 33.546 51.316 4.012 4.9716 3.5475 3.7881 4.3446 3.8749 4.1803 3.8807 3.6674 3.6075 7.747 3.27937157819 3.7845
2017-01-17 06:22:49.400000 70463.559 3.316 49.175 33.476 51.316 4.012 4.9709 3.5477 3.7882 4.3442 3.8748 4.1801 3.8808 3.6682 3.6072 7.746 3.21198837226 3.7848
2017-01-17 06:24:07.678000 70541.837 3.483 49.176 33.321 51.317 4.004 4.9697 3.5476 3.7881 4.3442 3.875 4.1801 3.8808 3.6682 3.6072 7.746 3.22235501933 3.7842
2017-01-17 06:25:24.977000 70619.136 3.304 49.173 33.728 51.314 3.96 4.9689 3.548 3.7891 4.3453 3.875 4.1806 3.8825 3.6679 3.607 7.747 3.23790498993 3.7846
2017-01-17 06:26:43.215000 70697.374 3.305 49.171 33.178 51.312 4.014 4.968 3.5477 3.7901 4.3458 3.875 4.1811 3.8828 3.6682 3.6072 7.747 3.28973822525 3.7843
2017-01-17 06:28:00.666000 70774.825 3.316 49.171 33.959 51.313 4.013 4.9667 3.5482 3.79 4.3458 3.875 4.1814 3.8822 3.6669 3.6072 7.747 3.28973822525 3.7849
2017-01-17 06:29:18.926000 70853.085 3.318 49.171 33.969 51.313 4.012 4.9658 3.5481 3.7893 4.3454 3.8752 4.1812 3.8813 3.6679 3.6071 7.747 3.28455490172 3.7845
2017-01-17 06:30:37.373000 70931.532 3.322 49.172 33.995 51.312 4.011 4.9652 3.5476 3.7884 4.3444 3.8751 4.1806 3.8803 3.6677 3.6071 7.746 3.28455490172 3.7849
2017-01-17 06:31:54.683000 71008.842 3.523 49.172 34.012 51.313 4.012 4.9639 3.548 3.7885 4.345 3.8752 4.1807 3.8814 3.6675 3.6071 7.747 3.28973822525 3.7843
2017-01-17 06:33:13.131000 71087.29 3.525 49.17 34.014 51.313 4.012 4.9633 3.5475 3.7885 4.3448 3.8751 4.1805 3.881 3.6676 3.6071 7.746 3.27937157819 3.7843
2017-01-17 06:34:30.470000 71164.629 3.442 49.172 33.208 51.31 4.013 4.962 3.5479 3.7887 4.3446 3.8751 4.1805 3.8811 3.6673 3.6067 7.746 3.23790498993 3.7847
2017-01-17 06:35:48.929000 71243.088 3.429 49.168 33.229 51.31 4.013 4.9611 3.5479 3.7892 4.3453 3.8751 4.1809 3.8819 3.6677 3.6073 7.747 3.25345496052 3.7845
2017-01-17 06:37:07.933000 71322.092 3.308 49.169 33.595 51.31 4.012 4.9602 3.5474 3.789 4.3452 3.8752 4.181 3.8812 3.6671 3.6072 7.747 3.22235501933 3.7848
