#Human readable time. Time (s) since start. Lakeshore temperature sensor 218 T1,2,3,4,5,6,7,8 and 224 C2,C3,C4,C5,D1,D2,D3,D4,D5,A,B
2017-06-26 08:39:15.854000 0.0 4.579 8.148 53.182 23.971 35.391 55.58 6.573 12.0125 6.7917 6.213 6.4661 0.0 37.0515 25.8142 117.187 7.1054 0.0 0.0 
2017-06-26 08:39:27.477000 11.623 4.489 8.146 53.177 23.97 35.649 55.579 6.505 12.0115 6.7911 6.2107 6.4643 0.0 37.0515 25.8138 117.181 7.105 0.0 0.0 
2017-06-26 08:39:38.821000 22.967 4.207 8.144 53.178 23.969 35.725 55.579 6.573 13.5288 6.7907 6.209 6.4629 0.0 37.0445 25.8118 117.18 7.1057 0.0 0.0 
2017-06-26 08:39:50.226000 34.372 4.173 8.143 53.176 23.968 35.556 55.578 6.574 15.5912 6.7908 6.2091 6.4634 0.0 37.043 25.8103 117.177 7.1075 0.0 0.0 
2017-06-26 08:40:01.698000 45.844 4.2 8.142 53.176 23.967 35.313 55.578 6.576 16.8011 6.7912 6.2136 6.4679 0.0 37.0404 25.8089 117.174 7.1091 0.0 0.0 
2017-06-26 08:40:13.170000 57.316 4.292 8.141 53.174 23.966 35.075 55.577 6.579 17.641 6.7924 6.2228 6.4775 0.0 37.0395 25.8068 117.17 7.1126 0.0 0.0 
2017-06-26 08:40:24.604000 68.75 4.534 8.141 53.173 23.966 35.684 55.577 6.583 18.9706 6.7953 6.2402 6.4949 0.0 37.0352 25.806 117.168 7.1174 0.0 0.0 
2017-06-26 08:40:36.147000 80.293 4.596 8.141 53.173 23.965 35.759 55.576 6.586 20.1712 6.8003 6.2707 6.5248 0.0 37.0337 25.803 117.163 7.1231 0.0 0.0 
2017-06-26 08:40:47.701000 91.847 4.492 8.143 53.173 23.964 35.657 55.575 6.596 21.3165 6.8082 6.3178 6.5707 0.0 37.029 25.802 117.16 7.131 0.0 0.0 
2017-06-26 08:40:59.314000 103.46 4.252 8.145 53.173 23.963 35.757 55.575 6.606 22.3897 6.8194 6.3874 6.6352 0.0 37.029 25.8017 117.158 7.1422 0.0 0.0 
2017-06-26 08:41:10.950000 115.096 4.193 8.148 53.174 23.962 35.671 55.573 6.624 23.4622 6.8334 6.4761 6.7252 0.0 37.0264 25.803 117.154 7.1608 0.0 0.0 
2017-06-26 08:41:22.633000 126.779 4.213 8.154 53.173 23.961 35.41 55.573 6.62 24.5606 6.8517 6.5856 6.8319 0.0 37.0279 25.8044 117.153 7.19 0.0 0.0 
2017-06-26 08:41:34.275000 138.421 4.289 8.175 53.171 23.96 35.69 55.573 6.696 25.582 6.8725 6.7508 6.9904 0.0 37.0285 25.83 117.147 7.529 0.0 0.0 
2017-06-26 08:41:45.928000 150.074 4.462 8.257 53.17 23.959 35.411 55.571 7.214 26.6897 6.8983 7.013 7.2512 0.0 37.0273 25.8916 117.146 8.0245 0.0 0.0 
2017-06-26 08:41:57.631000 161.777 4.777 8.378 53.17 23.958 34.992 55.57 7.835 27.6338 6.933 7.3468 7.5856 0.0 37.0311 25.9457 117.141 8.4645 0.0 0.0 
2017-06-26 08:42:09.375000 173.521 4.88 8.529 53.17 23.957 35.239 55.57 8.257 28.7937 6.9766 7.6949 7.9306 0.0 37.0334 25.9962 117.137 8.8809 0.0 0.0 
2017-06-26 08:42:21.160000 185.306 5.151 8.719 53.167 23.957 34.886 55.567 8.636 29.6861 7.0265 8.0801 8.3055 0.0 37.0343 26.0505 117.134 9.2769 0.0 0.0 
2017-06-26 08:42:32.964000 197.11 5.212 8.921 53.166 23.955 35.195 55.564 9.019 30.6215 7.0882 8.473 8.6831 0.0 37.0398 26.1044 117.13 9.6394 0.0 0.0 
2017-06-26 08:42:44.776000 208.922 5.445 9.12 53.16 23.955 34.92 55.557 9.367 31.5637 7.1584 8.8494 9.0402 0.0 37.0457 26.1512 117.128 10.0083 0.0 0.0 
2017-06-26 08:42:56.611000 220.757 5.536 9.329 53.155 23.954 35.085 55.554 9.69 32.3289 7.2319 9.2412 9.4119 0.0 37.0524 26.1971 117.124 10.3426 0.0 0.0 
2017-06-26 08:43:08.493000 232.639 5.729 9.53 53.147 23.953 34.951 55.55 10.005 32.8778 7.3131 9.6262 9.7724 0.0 37.0607 26.2403 117.119 10.6395 0.0 0.0 
2017-06-26 08:43:20.386000 244.532 6.043 9.758 53.142 23.952 35.184 55.546 10.308 33.4628 7.4016 10.0023 10.1272 0.0 37.067 26.2842 117.115 10.9735 0.0 0.0 
2017-06-26 08:43:32.330000 256.476 6.29 9.984 53.137 23.951 35.509 55.543 10.632 34.0845 7.4973 10.3672 10.4506 0.0 37.0779 26.3228 117.107 11.3029 0.0 0.0 
2017-06-26 08:43:44.344000 268.49 6.834 10.209 53.136 23.95 35.636 55.541 10.966 34.7034 7.5954 10.724 10.8077 0.0 37.0898 26.3664 117.104 11.632 0.0 0.0 
2017-06-26 08:43:56.379000 280.525 7.712 10.432 53.134 23.949 35.504 55.539 11.29 35.3095 7.6955 11.0739 11.1424 0.0 37.108 26.4093 117.097 11.9695 0.0 0.0 
2017-06-26 08:44:08.413000 292.559 8.369 10.669 53.13 23.948 35.218 55.537 11.614 35.8996 7.7936 11.4237 11.4731 0.0 37.1243 26.452 117.087 12.2972 0.0 0.0 
2017-06-26 08:44:20.537000 304.683 8.855 10.908 53.126 23.947 34.767 55.532 11.948 36.4689 7.8914 11.7737 11.8072 0.0 37.1467 26.4949 117.08 12.6282 0.0 0.0 
2017-06-26 08:44:32.579000 316.725 8.958 11.146 53.119 23.946 34.505 55.522 12.278 37.0184 7.9877 12.1216 12.1346 0.0 37.1667 26.538 117.071 12.9798 0.0 0.0 
2017-06-26 08:44:44.671000 328.817 8.118 11.38 53.108 23.945 34.288 55.511 12.609 37.5805 8.0917 12.4686 12.4537 0.0 37.1933 26.5825 117.06 13.2961 0.0 0.0 
2017-06-26 08:44:56.797000 340.943 8.901 11.62 53.09 23.944 34.44 55.497 12.923 38.099 8.239 12.8193 12.7586 0.0 37.222 26.6257 117.05 13.6045 0.0 0.0 
2017-06-26 08:45:08.981000 353.127 10.329 11.874 53.072 23.943 34.91 55.479 13.212 38.6001 8.5633 13.1834 13.0225 0.0 37.2537 26.6735 117.039 13.905 0.0 0.0 
2017-06-26 08:45:21.186000 365.332 10.678 12.11 53.052 23.942 34.847 55.463 13.477 39.0848 9.4172 13.5258 13.1831 0.0 37.2902 26.7186 117.026 14.1909 0.0 0.0 
2017-06-26 08:45:33.429000 377.575 8.859 12.338 53.032 23.941 34.833 55.451 13.752 39.573 10.4224 13.8699 13.4315 0.0 37.3093 26.7655 117.011 14.4471 0.0 0.0 
2017-06-26 08:45:45.744000 389.89 9.231 12.572 53.017 23.94 35.37 55.438 13.996 40.0162 10.8084 14.2263 13.8029 0.0 37.3665 26.8102 116.995 14.6913 0.0 0.0 
2017-06-26 08:45:58.056000 402.202 11.32 12.807 53.007 23.94 35.194 55.432 14.233 40.4312 10.9964 14.559 14.152 0.0 37.4103 26.8574 116.98 14.9213 0.0 0.0 
2017-06-26 08:46:10.368000 414.514 10.106 13.024 53.004 23.939 35.171 55.432 14.452 40.6881 11.5034 14.903 14.5011 0.0 37.4577 26.903 116.963 15.1332 0.0 0.0 
2017-06-26 08:46:22.712000 426.858 10.112 13.24 53.003 23.938 35.974 55.433 14.649 40.9681 12.178 15.2439 14.8273 0.0 37.5028 26.9453 116.945 15.3504 0.0 0.0 
2017-06-26 08:46:35.115000 439.261 11.243 13.448 53.013 23.937 35.617 55.44 14.846 41.2722 12.8187 15.5587 15.1584 0.0 37.5533 26.9906 116.924 15.561 0.0 0.0 
2017-06-26 08:46:47.531000 451.677 10.036 13.651 53.024 23.937 36.233 55.452 15.04 41.5625 13.4438 15.8754 15.4812 0.0 37.6089 27.0422 116.905 15.7676 0.0 0.0 
2017-06-26 08:47:00.015000 464.161 12.246 13.86 53.043 23.936 36.472 55.464 15.247 41.8558 14.0131 16.1925 15.7884 0.0 37.6636 27.0949 116.883 15.9661 0.0 0.0 
2017-06-26 08:47:12.480000 476.626 11.106 14.06 53.066 23.936 36.003 55.48 15.449 42.1268 14.5232 16.5076 16.0724 0.0 37.7255 27.1498 116.859 16.167 0.0 0.0 
2017-06-26 08:47:24.983000 489.129 10.851 14.255 53.091 23.935 36.74 55.499 15.65 42.359 14.9828 16.8 16.3717 0.0 37.7869 27.2016 116.834 16.3709 0.0 0.0 
2017-06-26 08:47:37.496000 501.642 12.28 14.447 53.119 23.935 36.383 55.52 15.844 42.4882 15.3799 17.1013 16.6573 0.0 37.8529 27.2537 116.81 16.5626 0.0 0.0 
2017-06-26 08:47:50.138000 514.284 13.148 14.633 53.149 23.935 36.901 55.544 16.033 42.5928 15.7458 17.4006 16.9312 0.0 37.919 27.305 116.784 16.7569 0.0 0.0 
2017-06-26 08:48:02.773000 526.919 10.735 14.821 53.182 23.935 36.673 55.569 16.217 42.7109 16.0918 17.6925 17.2007 0.0 37.9902 27.3567 116.754 16.9405 0.0 0.0 
2017-06-26 08:48:15.377000 539.523 13.216 14.997 53.218 23.935 37.212 55.598 16.394 42.8256 16.3986 17.9776 17.463 0.0 38.0613 27.4107 116.727 17.1239 0.0 0.0 
2017-06-26 08:48:28.033000 552.179 11.328 15.182 53.254 23.935 36.811 55.627 16.577 42.933 16.6815 18.2577 17.7171 0.0 38.1334 27.4634 116.695 17.3114 0.0 0.0 
2017-06-26 08:48:40.757000 564.903 13.812 15.371 53.291 23.936 37.146 55.657 16.748 43.0355 16.9399 18.5461 17.9637 0.0 38.2075 27.516 116.664 17.4994 0.0 0.0 
2017-06-26 08:48:53.471000 577.617 11.507 15.548 53.333 23.936 37.383 55.69 16.913 43.1244 17.1845 18.8172 18.2149 0.0 38.2885 27.5691 116.632 17.6734 0.0 0.0 
2017-06-26 08:49:06.163000 590.309 11.907 15.72 53.37 23.936 37.506 55.722 17.082 43.1401 17.4095 19.0803 18.4459 0.0 38.3621 27.6204 116.597 17.8426 0.0 0.0 
2017-06-26 08:49:18.946000 603.092 12.81 15.895 53.411 23.937 37.824 55.758 17.241 43.1586 17.6189 19.3343 18.6713 0.0 38.444 27.6715 116.565 17.9979 0.0 0.0 
2017-06-26 08:49:31.761000 615.907 12.023 16.058 53.454 23.938 37.725 55.793 17.399 43.2002 17.8237 19.5946 18.89 0.0 38.5254 27.7221 116.528 18.1517 0.0 0.0 
2017-06-26 08:49:44.585000 628.731 14.788 16.222 53.5 23.939 37.868 55.831 17.544 43.2617 18.0074 19.8385 19.1104 0.0 38.6099 27.7737 116.491 18.2993 0.0 0.0 
2017-06-26 08:49:57.440000 641.586 13.011 16.382 53.543 23.94 38.165 55.868 17.688 43.3418 18.1872 20.0767 19.3135 0.0 38.6976 27.8243 116.454 18.433 0.0 0.0 
2017-06-26 08:50:10.404000 654.55 12.429 16.537 53.59 23.941 38.105 55.91 17.826 43.4214 18.3515 20.319 19.5217 0.0 38.7836 27.8767 116.415 18.5685 0.0 0.0 
2017-06-26 08:50:23.367000 667.513 12.951 16.688 53.637 23.943 37.903 55.95 17.959 43.5118 18.5145 20.5597 19.7161 0.0 38.8728 27.9261 116.375 18.6988 0.0 0.0 
2017-06-26 08:50:36.289000 680.435 15.19 16.829 53.685 23.945 38.508 55.994 18.083 43.5278 18.656 20.7875 19.9143 0.0 38.9615 27.9726 116.335 18.8155 0.0 0.0 
2017-06-26 08:50:49.233000 693.379 12.798 16.971 53.734 23.947 38.41 56.036 18.199 43.5491 18.7943 21.0202 20.1047 0.0 39.0459 28.0362 116.292 18.9241 0.0 0.0 
2017-06-26 08:51:02.187000 706.333 13.123 17.114 53.785 23.948 38.273 56.08 18.302 43.6048 18.9244 21.2056 20.281 0.0 39.134 28.1219 116.25 19.0261 0.0 0.0 
2017-06-26 08:51:15.211000 719.357 15.53 17.255 53.839 23.951 38.615 56.126 18.41 43.6853 19.0451 21.4004 20.4624 0.0 39.2258 28.2047 116.205 19.128 0.0 0.0 
2017-06-26 08:51:28.235000 732.381 14.091 17.392 53.891 23.953 38.983 56.173 18.508 43.7794 19.1589 21.596 20.6412 0.0 39.3154 28.2868 116.161 19.22 0.0 0.0 
2017-06-26 08:51:41.279000 745.425 13.238 17.524 53.945 23.956 38.939 56.219 18.602 43.8815 19.2709 21.7923 20.81 0.0 39.412 28.3649 116.117 19.3117 0.0 0.0 
2017-06-26 08:51:54.503000 758.649 13.375 17.656 54.0 23.958 39.137 56.268 18.692 43.9739 19.3777 21.988 20.9855 0.0 39.5033 28.4499 116.069 19.4002 0.0 0.0 
2017-06-26 08:52:07.606000 771.752 13.362 17.779 54.054 23.961 38.933 56.323 18.773 43.9673 19.4673 22.1749 21.1292 0.0 39.5918 28.5251 116.022 19.4735 0.0 0.0 
2017-06-26 08:52:20.729000 784.875 15.74 17.898 54.115 23.964 39.166 56.372 18.848 43.9805 19.5522 22.3596 21.2689 0.0 39.682 28.5962 115.975 19.5422 0.0 0.0 
2017-06-26 08:52:33.893000 798.039 14.711 18.012 54.172 23.968 39.594 56.424 18.92 44.0359 19.6347 22.528 21.4076 0.0 39.7753 28.675 115.926 19.6057 0.0 0.0 
2017-06-26 08:52:47.097000 811.243 15.667 18.126 54.231 23.971 39.675 56.476 18.984 44.1143 19.715 22.6793 21.5455 0.0 39.8672 28.7491 115.879 19.6694 0.0 0.0 
2017-06-26 08:53:00.332000 824.478 13.751 18.232 54.294 23.975 39.803 56.533 19.047 44.2127 19.7909 22.8143 21.6827 0.0 39.96 28.8173 115.829 19.7281 0.0 0.0 
