#Human readable time. Time (s) since start. Lakeshore temperature sensor 218 T1,3,5,6,8 and 224 C2,C3,C4,C5,D2,D3,D5,A,B
2017-02-19 13:37:17.552000 0.0 3.554 50.498 34.36 52.8 4.308 50.0579 50.5152 4.5612 5.1617 4.1504 4.5435 4.2479 3.8567 3.8286 8.465 -1 4.6432
2017-02-19 13:38:19.295000 61.743 3.451 50.5 34.405 52.802 4.304 50.028 50.3172 4.5517 5.1539 4.1501 4.5393 4.2434 3.8515 3.8279 8.463 4.1147755417 4.6423
2017-02-19 13:39:20.477000 122.925 3.417 50.5 33.619 52.802 4.301 50.0035 50.1027 4.5426 5.1457 4.149 4.5351 4.2403 3.8471 3.8268 8.461 5.65058429518 4.6425
2017-02-19 13:40:21.659000 184.107 3.574 50.504 33.798 52.804 4.299 49.9759 49.9004 10.9034 5.1371 4.1475 4.5312 4.2379 3.8433 3.826 8.459 3.38753311406 4.6414
2017-02-19 13:41:23.012000 245.46 3.618 50.505 34.334 52.804 4.6 49.8749 49.704 15.0108 5.1922 4.1481 4.5505 4.6149 3.8671 3.8337 8.496 8.62311098245 4.642
2017-02-19 13:42:24.463000 306.911 4.132 50.502 33.857 52.804 6.502 47.9209 49.5742 17.2663 6.2144 4.2241 5.1959 6.6684 3.9198 3.8212 9.221 3.03355625428 4.6416
2017-02-19 13:43:25.935000 368.383 4.786 50.506 33.799 52.81 7.63 45.0289 49.3701 18.8027 7.2748 4.3264 6.0507 7.8767 3.8913 3.7668 10.045 4.1147755417 4.6408
2017-02-19 13:44:27.439000 429.887 5.491 50.545 34.378 52.847 8.124 42.1567 49.1414 19.8641 8.0024 4.402 6.6894 8.3764 3.8263 3.6848 10.622 6.07529864546 4.6399
2017-02-19 13:45:29.071000 491.519 5.404 50.619 34.355 52.908 8.291 39.4964 48.9041 21.2328 8.4216 4.4425 7.136 8.5466 3.7372 3.5716 10.96 2.52417714188 4.6377
2017-02-19 13:46:30.612000 553.06 5.538 50.701 34.835 52.979 8.279 36.8878 48.6592 22.4312 8.6442 4.4539 7.4437 8.5175 3.6208 3.4396 11.125 3.82055993677 4.6347
2017-02-19 13:47:32.237000 614.685 5.284 50.782 35.204 53.048 8.13 34.443 48.3922 23.1958 8.6992 4.4341 7.6298 8.3507 3.48 3.2895 11.145 12.6853275898 4.6312
2017-02-19 13:48:33.929000 676.377 4.832 50.855 35.201 53.114 7.916 31.996 48.1104 23.7823 8.6395 4.3894 7.7168 8.1207 3.3169 3.124 11.073 2.2257491909 4.6256
2017-02-19 13:49:35.661000 738.109 4.874 50.918 35.245 53.175 7.679 29.1889 47.7617 24.1332 8.504 4.3303 7.7298 7.8661 3.0873 2.9497 10.945 9.15737728907 4.6176
2017-02-19 13:50:37.403000 799.851 4.604 50.967 35.058 53.224 7.428 26.4137 47.3889 24.4254 8.321 4.2686 7.6875 7.5941 2.958 2.7676 10.787 4.82750869579 4.6084
2017-02-19 13:51:39.166000 861.614 4.558 51.011 35.213 53.268 7.188 23.9803 46.9639 24.5882 8.1063 4.1884 7.6031 7.3288 2.8046 2.5858 10.611 5.65058429518 4.5974
2017-02-19 13:52:40.998000 923.446 4.641 51.052 35.156 53.306 6.94 22.1047 46.5003 24.6711 7.8697 4.0967 7.4872 7.0631 2.6306 2.3987 10.433 3.3328940111 4.586
2017-02-19 13:53:42.840000 985.288 4.294 51.083 35.167 53.34 6.7 20.5882 46.0111 24.7076 7.6211 3.9838 7.3465 6.8072 2.4457 2.2243 10.261 5.39234268537 4.5729
2017-02-19 13:54:44.754000 1047.202 4.319 51.112 35.179 53.37 6.485 19.4789 45.5146 24.7125 7.3748 3.8394 7.1908 6.5772 2.2711 2.1112 10.095 3.27937157819 4.5581
2017-02-19 13:55:46.755000 1109.203 4.38 51.136 35.085 53.397 6.311 18.488 45.0996 24.6999 7.1532 3.6717 7.0358 6.3905 2.1345 2.0011 9.95 6.38602004355 4.5431
2017-02-19 13:56:48.747000 1171.195 4.371 51.156 34.825 53.416 6.143 17.4508 44.6812 24.6697 6.9491 3.4894 6.8828 6.2095 2.0036 1.8712 9.819 4.82750869579 4.5274
2017-02-19 13:57:50.772000 1233.22 4.333 51.174 34.567 53.435 5.974 16.3489 44.2425 24.6261 6.7524 3.3066 6.7303 6.0285 1.8617 1.7265 9.694 2.944080436 4.5094
2017-02-19 13:58:52.844000 1295.292 4.071 51.184 34.373 53.448 5.799 15.1744 43.7919 24.5714 6.5621 3.1345 6.5792 5.8411 1.7076 1.5697 9.568 9.74130634852 4.4924
2017-02-19 13:59:54.935000 1357.383 3.797 51.193 34.34 53.462 5.614 13.9426 43.3564 24.5042 6.3704 2.9817 6.4262 5.6445 1.5639 1.4073 9.445 3.07996497755 4.4744
2017-02-19 14:00:57.076000 1419.524 3.788 51.201 35.031 53.467 5.428 12.7299 42.9106 24.426 6.1806 2.8392 6.2697 5.4438 1.4127 1.2549 9.325 2.66415139753 4.456
2017-02-19 14:01:59.299000 1481.747 3.855 51.202 34.93 53.471 5.245 11.5616 42.4882 24.3388 5.9901 2.7054 6.109 5.2472 1.2728 1.1284 9.204 10.7207337854 4.4373
2017-02-19 14:03:01.532000 1543.98 3.679 51.199 34.177 53.47 5.053 10.4098 42.1082 24.247 5.7911 2.5883 5.9441 5.0428 1.1586 1.0423 9.084 2.55812691666 4.416
2017-02-19 14:04:03.824000 1606.272 3.544 51.193 34.308 53.471 4.862 9.1331 41.775 24.1452 5.5917 2.4999 5.7687 4.8398 1.0754 0.9904 8.967 4.93222991306 4.3966
2017-02-19 14:05:06.117000 1668.565 3.601 51.186 34.838 53.465 4.679 7.819 41.4719 24.0358 5.3966 2.4122 5.5902 4.6421 1.0146 0.9506 8.851 2.39624283339 4.377
2017-02-19 14:06:08.478000 1730.926 3.532 51.174 34.068 53.457 4.522 6.776 41.183 23.963 5.2114 2.3389 5.4126 4.4756 0.9721 0.9209 8.744 6.89763610264 4.3586
2017-02-19 14:07:10.870000 1793.318 3.386 51.162 34.145 53.45 4.408 6.0896 40.9125 23.9179 5.0552 2.2837 5.2474 4.354 0.9388 0.9001 8.656 2.98787225779 4.3393
2017-02-19 14:08:13.274000 1855.722 3.444 51.146 34.77 53.438 4.331 5.6099 40.6402 23.8833 4.9344 2.23 5.1046 4.2712 0.9166 0.8851 8.59 6.54673211352 4.3214
2017-02-19 14:09:15.787000 1918.235 3.466 51.13 34.001 53.423 4.278 5.2629 40.3793 23.8573 14.2171 2.1683 4.9844 4.215 0.9002 0.8736 8.543 2.85903741184 4.3032
2017-02-19 14:10:18.478000 1980.926 4.251 51.112 34.495 53.406 6.329 6.9237 29.4333 24.1161 17.6987 2.2158 5.2064 6.4528 0.8356 0.8475 9.034 4.6309949208 4.2842
2017-02-19 14:11:21.219000 2043.667 3.866 51.09 34.194 53.39 5.513 5.9594 10.5065 23.9997 19.7728 2.2111 5.6459 5.5016 0.4769 0.8165 9.329 2.81780306476 4.2639
2017-02-19 14:12:24.011000 2106.459 3.723 51.114 34.515 53.413 4.607 5.0885 5.5771 23.8968 20.872 2.0951 5.4776 4.5643 0.3813 0.8167 8.988 7.47367976807 4.2452
2017-02-19 14:13:26.825000 2169.273 3.442 51.134 34.325 53.422 4.302 4.722 4.4507 23.8456 21.6491 2.0056 5.2093 4.2368 0.3511 0.8173 8.714 2.944080436 4.2259
2017-02-19 14:14:29.710000 2232.158 3.445 51.115 33.95 53.407 4.188 4.5192 4.0838 23.8188 22.3429 1.9418 4.9782 4.104 0.3397 0.8174 8.557 6.72218410808 4.2062
2017-02-19 14:15:32.611000 2295.059 3.464 51.091 34.441 53.393 4.127 4.3855 3.9256 23.8026 22.856 1.8905 4.8059 4.0404 0.3337 0.8172 8.477 3.07996497755 4.1873
2017-02-19 14:16:35.605000 2358.053 3.29 51.074 34.613 53.378 4.094 4.2899 3.8441 23.7919 23.352 1.8571 4.6825 4.0058 0.3304 0.8166 8.438 6.38602004355 4.1679
2017-02-19 14:17:38.577000 2421.025 3.314 51.058 33.963 53.362 4.075 4.2182 3.7966 23.7842 23.7502 1.8329 4.5948 3.9855 0.3285 0.8158 8.416 2.944080436 4.1482
2017-02-19 14:18:41.648000 2484.096 3.495 51.043 34.107 53.348 4.063 4.1634 3.7665 23.7794 24.0198 1.8159 4.5309 3.9734 0.3273 0.8154 8.404 6.23065934451 4.1281
2017-02-19 14:19:44.727000 2547.175 3.358 51.025 34.606 53.334 4.056 4.121 3.7467 23.776 24.3595 1.8036 4.4828 3.9661 0.3264 0.8145 8.396 2.73923971724 4.1092
2017-02-19 14:20:47.811000 2610.259 3.376 51.011 34.173 53.322 4.051 4.0875 3.7324 23.7736 24.6032 1.7951 4.4449 3.9604 0.3258 0.8142 8.391 2.42760159284 4.0917
2017-02-19 14:21:51.006000 2673.454 3.281 50.999 34.255 53.307 4.048 4.0593 3.721 23.7717 24.7846 1.7889 4.414 3.9564 0.3253 0.8135 8.387 4.19224094632 4.073
2017-02-19 14:22:54.191000 2736.639 3.41 50.984 33.782 53.296 4.046 4.0371 3.7131 23.77 24.9246 1.7842 4.3884 3.954 0.3249 0.8135 8.384 5.51891540315 4.0557
2017-02-19 14:23:57.463000 2799.911 3.389 50.97 33.764 53.284 4.044 4.0195 3.7076 23.7694 25.0604 1.7809 4.3661 3.9526 0.3246 0.8135 8.383 6.38602004355 4.038
2017-02-19 14:25:00.688000 2863.136 3.457 50.959 34.281 53.271 4.043 4.0043 3.7024 23.7687 25.2102 1.7788 4.3473 3.9511 0.3243 0.8133 8.381 2.55812691666 4.0199
2017-02-19 14:26:04.001000 2926.449 3.455 50.947 34.304 53.261 4.042 3.9916 3.6973 23.7685 25.3322 1.7775 4.3302 3.9498 0.324 0.8128 8.379 6.89763610264 4.0008
2017-02-19 14:27:07.354000 2989.802 3.462 50.934 34.29 53.25 4.041 3.9809 3.6926 23.7681 25.4294 1.7764 4.3155 3.9488 0.3238 0.8127 8.378 4.6309949208 3.983
2017-02-19 14:28:10.801000 3053.249 3.479 50.923 34.184 53.24 4.041 3.9712 3.69 23.7681 25.5073 1.773 4.3025 3.9486 0.3236 0.8126 8.377 2.17352563026 3.9651
2017-02-19 14:29:14.178000 3116.626 3.304 50.912 34.478 53.229 4.04 3.963 3.6867 23.7668 25.5758 1.7746 4.2904 3.9476 0.3233 0.8127 8.375 4.6309949208 3.9477
2017-02-19 14:30:17.584000 3180.032 3.302 50.903 34.483 53.221 4.039 3.956 3.6833 23.7667 25.6312 1.7743 4.2795 3.9466 0.3231 0.8127 8.374 2.07528328588 3.9304
2017-02-19 14:31:21.019000 3243.467 3.31 50.892 34.468 53.208 4.039 3.9499 3.6805 23.7675 25.6776 1.7743 4.27 3.9466 0.3228 0.8127 8.373 3.9623266322 3.9133
2017-02-19 14:32:24.500000 3306.948 3.318 50.881 34.475 53.2 4.039 3.944 3.6777 23.7676 25.714 1.7736 4.2612 3.9459 0.3226 0.8126 8.372 3.75320124553 3.8967
2017-02-19 14:33:28.102000 3370.55 3.331 50.87 34.472 53.19 4.039 3.9397 3.6762 23.7676 25.746 1.7734 4.2535 3.946 0.3223 0.8125 8.371 3.22753834286 3.8801
2017-02-19 14:34:31.694000 3434.142 3.327 50.861 34.47 53.184 4.039 3.9362 3.6743 23.768 25.7696 1.7734 4.2465 3.9465 0.3222 0.8124 8.37 3.3328940111 3.8642
2017-02-19 14:35:35.356000 3497.804 3.498 50.853 34.049 53.171 4.038 3.9309 3.6712 23.7654 25.7941 1.7734 4.2401 3.945 0.322 0.8125 8.369 2.59207669143 3.8477
2017-02-19 14:36:38.998000 3561.446 3.496 50.844 33.994 53.167 4.038 3.9272 3.6687 23.7666 25.8134 1.7733 4.2341 3.9445 0.3218 0.8124 8.368 6.54673211352 3.8317
2017-02-19 14:37:42.663000 3625.111 3.503 50.838 33.977 53.158 4.038 3.9242 3.6672 23.7666 25.8281 1.7729 4.2288 3.945 0.3216 0.8124 8.367 2.81780306476 3.8148
2017-02-19 14:38:46.372000 3688.82 3.307 50.829 33.84 53.149 4.038 3.922 3.6656 23.767 25.8416 1.7731 4.2241 3.945 0.3214 0.8123 8.366 5.926778737 3.799
2017-02-19 14:39:50.204000 3752.652 3.331 50.824 33.903 53.145 4.038 3.9187 3.6636 23.7659 25.8524 1.773 4.2199 3.9445 0.3212 0.8123 8.365 3.12789841056 3.7838
2017-02-19 14:40:53.997000 3816.445 3.343 50.814 34.456 53.137 4.038 3.9159 3.6611 23.7653 25.8629 1.7727 4.2159 3.9442 0.321 0.8122 8.365 3.68736259893 3.7678
2017-02-19 14:41:57.871000 3880.319 3.504 50.808 33.914 53.13 4.037 3.913 3.6596 23.7659 25.8689 1.7728 4.2122 3.9436 0.3208 0.8121 8.364 3.17699010323 3.7518
2017-02-19 14:43:01.772000 3944.22 3.31 50.803 33.812 53.124 4.036 3.911 3.6575 23.7663 25.8731 1.7722 4.2089 3.9434 0.3206 0.8122 8.363 2.30802194766 3.7368
2017-02-19 14:44:05.687000 4008.135 3.323 50.797 33.83 53.118 4.036 3.9083 3.6556 23.7661 25.8817 1.7725 4.2057 3.943 0.3204 0.8122 8.362 3.68736259893 3.7217
2017-02-19 14:45:09.636000 4072.084 3.32 50.791 34.422 53.112 4.036 3.9063 3.6549 23.7652 25.8846 1.7723 4.203 3.9431 0.3203 0.8121 8.361 2.77798380141 3.7076
2017-02-19 14:46:13.628000 4136.076 3.497 50.786 33.98 53.107 4.036 3.9054 3.6533 23.7655 25.8852 1.7721 4.2005 3.9431 0.3201 0.8121 8.361 2.49089090801 3.6929
2017-02-19 14:47:17.632000 4200.08 3.299 50.78 33.719 53.102 4.036 3.9027 3.6509 23.7636 25.893 1.7724 4.1982 3.9425 0.3199 0.8121 8.36 3.27937157819 3.6782
2017-02-19 14:48:21.693000 4264.141 3.47 50.773 34.373 53.095 4.036 3.9011 3.6499 23.7647 25.8958 1.7722 4.1961 3.942 0.3196 0.8121 8.359 3.50197957514 3.6635
2017-02-19 14:49:25.825000 4328.273 3.356 50.768 33.634 53.092 4.035 3.9 3.6478 23.7652 25.8946 1.7723 4.194 3.9418 0.3194 0.812 8.358 4.93222991306 3.649
2017-02-19 14:50:30.007000 4392.455 3.286 50.765 34.176 53.09 4.035 3.8978 3.6459 23.7652 25.8997 1.7726 4.1921 3.9416 0.3192 0.812 8.358 2.33742890957 3.6352
2017-02-19 14:51:34.219000 4456.667 3.448 50.761 33.707 53.082 4.035 3.8961 3.645 23.7658 25.9018 1.7725 4.1903 3.9409 0.3191 0.812 8.357 3.75320124553 3.6204
2017-02-19 14:52:38.482000 4520.93 3.293 50.755 33.992 53.077 4.035 3.895 3.6433 23.7649 25.9036 1.7722 4.1888 3.9415 0.3189 0.8117 8.356 3.68736259893 3.6061
2017-02-19 14:53:42.804000 4585.252 3.498 50.75 34.018 53.073 4.034 3.8928 3.6413 23.7659 25.9048 1.7718 4.1874 3.94 0.3187 0.8116 8.356 6.23065934451 3.5914
2017-02-19 14:54:47.178000 4649.626 3.303 50.748 33.719 53.07 4.034 3.8917 3.6396 23.7651 25.902 1.772 4.1859 3.9403 0.3185 0.8116 8.355 2.14841335507 3.5771
2017-02-19 14:55:51.541000 4713.989 3.483 50.741 34.095 53.063 4.034 3.8904 3.6383 23.7659 25.905 1.7718 4.1847 3.9399 0.3183 0.8115 8.354 4.6309949208 3.5637
2017-02-19 14:56:55.943000 4778.391 3.287 50.739 34.254 53.06 4.033 3.8893 3.6366 23.7658 25.903 1.772 4.1836 3.9399 0.3182 0.8117 8.354 2.90028861421 3.5504
2017-02-19 14:58:00.387000 4842.835 3.404 50.733 33.623 53.057 4.034 3.8887 3.6365 23.7663 25.9071 1.7721 4.1827 3.9402 0.318 0.8118 8.353 2.42760159284 3.5374
2017-02-19 14:59:04.879000 4907.327 3.4 50.728 34.393 53.049 4.033 3.8879 3.6345 23.7663 25.9046 1.7717 4.1818 3.9394 0.3178 0.8114 8.353 2.98787225779 3.5236
2017-02-19 15:00:09.430000 4971.878 3.307 50.726 33.861 53.047 4.033 3.8862 3.6337 23.7663 25.9081 1.7717 4.1809 3.9397 0.3177 0.8116 8.352 7.68809471535 3.511
2017-02-19 15:01:14.033000 5036.481 3.503 50.723 33.952 53.043 4.032 3.8843 3.6315 23.7665 25.9062 1.7715 4.18 3.9381 0.3174 0.8111 8.351 1.96346413294 3.4976
2017-02-19 15:02:18.766000 5101.214 3.484 50.722 34.082 53.042 4.032 3.8831 3.63 23.7663 25.9089 1.7716 4.179 3.9381 0.3172 0.8108 8.35 4.1147755417 3.4839
2017-02-19 15:03:23.408000 5165.856 3.287 50.718 34.296 53.038 4.031 3.8816 3.6278 23.7653 25.9095 1.7715 4.178 3.9379 0.317 0.8105 8.349 4.72827439046 3.4697
2017-02-19 15:04:28.070000 5230.518 3.472 50.715 33.726 53.036 4.031 3.8803 3.6264 23.7661 25.9096 1.7713 4.1773 3.9374 0.3167 0.8101 8.349 2.17352563026 3.4554
2017-02-19 15:05:32.813000 5295.261 3.504 50.714 33.92 53.033 4.031 3.8793 3.6239 23.7657 25.9075 1.771 4.1764 3.9371 0.3165 0.81 8.348 4.35982756194 3.4407
2017-02-19 15:06:37.594000 5360.042 3.302 50.708 34.368 53.029 4.031 3.8784 3.6228 23.7661 25.9089 1.7705 4.1758 3.937 0.3163 0.8097 8.348 2.49089090801 3.4268
2017-02-19 15:07:42.398000 5424.846 3.285 50.707 34.217 53.028 4.03 3.8762 3.6214 23.7657 25.9095 1.7706 4.1751 3.9365 0.3161 0.8101 8.347 4.03731013707 3.4131
2017-02-19 15:08:47.231000 5489.679 3.308 50.707 33.838 53.025 4.03 3.8755 3.6199 23.7649 25.9064 1.7701 4.1743 3.9358 0.3159 0.8101 8.347 2.42760159284 3.4004
2017-02-19 15:09:52.103000 5554.551 3.493 50.703 33.974 53.021 4.03 3.8747 3.6188 23.7659 25.9095 1.7705 4.1737 3.9355 0.3158 0.8109 8.346 4.19224094632 3.3888
2017-02-19 15:10:57.005000 5619.453 3.458 50.702 34.226 53.021 4.029 3.8737 3.6164 23.7657 25.9089 1.7706 4.1731 3.9347 0.3157 0.8105 8.345 2.19863790545 3.3762
2017-02-19 15:12:01.968000 5684.416 3.42 50.701 34.395 53.019 4.028 3.8733 3.6156 23.7661 25.9067 1.7708 4.1725 3.9345 0.3155 0.8103 8.345 4.35982756194 3.3636
2017-02-19 15:13:07.009000 5749.457 3.348 50.7 34.418 53.017 4.027 3.8715 3.6149 23.7661 25.9096 1.7703 4.1718 3.9338 0.3154 0.8102 8.344 2.66415139753 3.3508
2017-02-19 15:14:12.066000 5814.514 3.308 50.696 34.364 53.012 4.028 3.8712 3.6137 23.7657 25.9102 1.7706 4.1713 3.9345 0.3152 0.8106 8.344 2.944080436 3.3389
2017-02-19 15:15:17.170000 5879.618 3.447 50.69 34.23 53.01 4.029 3.8716 3.6134 23.7657 25.9067 1.7706 4.1711 3.9352 0.3151 0.811 8.344 3.56240580334 3.3278
2017-02-19 15:16:22.312000 5944.76 3.417 50.686 34.379 53.006 4.029 3.8715 3.6134 23.7661 25.9092 1.7706 4.1713 3.9351 0.315 0.811 8.344 2.66415139753 3.3164
2017-02-19 15:17:27.483000 6009.931 3.303 50.685 34.365 53.005 4.029 3.8706 3.6126 23.7661 25.9106 1.7706 4.1712 3.9351 0.3149 0.8111 8.344 4.35982756194 3.3049
2017-02-19 15:18:32.656000 6075.104 3.452 50.683 34.256 53.0 4.029 3.8705 3.6117 23.7649 25.9096 1.7711 4.1709 3.9354 0.3148 0.811 8.343 2.66415139753 3.2938
2017-02-19 15:19:37.888000 6140.336 3.41 50.68 34.358 53.0 4.028 3.8704 3.6101 23.7658 25.9064 1.7708 4.1708 3.9345 0.3147 0.8115 8.343 2.73923971724 3.2829
2017-02-19 15:20:43.171000 6205.619 3.501 50.68 33.937 52.998 4.028 3.8696 3.6106 23.7657 25.9103 1.7712 4.1704 3.9345 0.3147 0.8116 8.342 4.35982756194 3.2727
2017-02-19 15:21:48.465000 6270.913 3.475 50.678 34.113 52.997 4.028 3.869 3.6095 23.7657 25.9113 1.7715 4.1702 3.9345 0.3145 0.8115 8.342 3.03355625428 3.2622
2017-02-19 15:22:53.787000 6336.235 3.418 50.676 33.65 52.993 4.028 3.8691 3.6082 23.7652 25.9109 1.7711 4.1701 3.9346 0.3145 0.8114 8.342 4.35982756194 3.2523
2017-02-19 15:23:59.148000 6401.596 3.307 50.674 33.841 52.993 4.028 3.8687 3.6085 23.7657 25.9075 1.7714 4.17 3.9343 0.3144 0.8112 8.342 3.07996497755 3.2431
2017-02-19 15:25:04.549000 6466.997 3.323 50.672 33.67 52.991 4.028 3.8682 3.6071 23.7661 25.9102 1.7713 4.1697 3.9339 0.3143 0.8114 8.341 2.07528328588 3.2332
2017-02-19 15:26:10.021000 6532.469 3.284 50.671 34.203 52.991 4.027 3.8665 3.6059 23.7655 25.9088 1.7709 4.1693 3.933 0.3141 0.8106 8.341 4.35982756194 3.224
2017-02-19 15:27:15.564000 6598.012 3.502 50.672 34.411 52.989 4.027 3.8657 3.6048 23.7659 25.9083 1.7706 4.1689 3.9329 0.3139 0.8108 8.34 2.70049563308 3.2153
2017-02-19 15:28:21.118000 6663.566 3.34 50.672 33.606 52.99 4.026 3.8651 3.6033 23.7658 25.9103 1.771 4.1684 3.9328 0.3138 0.8108 8.34 7.27766653393 3.206
2017-02-19 15:29:26.750000 6729.198 3.288 50.669 34.021 52.987 4.026 3.8648 3.6026 23.7647 25.9096 1.7708 4.1683 3.9321 0.3137 0.8114 8.34 2.77798380141 3.1974
2017-02-19 15:30:32.411000 6794.859 3.31 50.666 34.408 52.984 4.026 3.8638 3.6021 23.7647 25.9099 1.7711 4.1681 3.9319 0.3137 0.8113 8.339 2.25297512141 3.1885
2017-02-19 15:31:38.073000 6860.521 3.412 50.667 34.259 52.986 4.026 3.8634 3.6008 23.7656 25.9071 1.7708 4.1676 3.9318 0.3135 0.811 8.339 3.03355625428 3.1782
2017-02-19 15:32:43.765000 6926.213 3.31 50.665 33.788 52.984 4.026 3.8638 3.6011 23.7659 25.9074 1.7708 4.1674 3.9318 0.3135 0.8114 8.339 3.9623266322 3.1697
2017-02-19 15:33:49.538000 6991.986 3.285 50.663 34.232 52.981 4.026 3.8635 3.6008 23.7657 25.9102 1.7708 4.1674 3.932 0.3134 0.8111 8.338 2.2257491909 3.1599
2017-02-19 15:34:55.382000 7057.83 3.494 50.659 33.837 52.979 4.025 3.8624 3.5999 23.7656 25.9102 1.7708 4.1673 3.9314 0.3133 0.8115 8.338 2.944080436 3.1507
2017-02-19 15:36:01.384000 7123.832 3.287 50.661 34.267 52.979 4.025 3.8616 3.5991 23.7656 25.9095 1.771 4.1669 3.9312 0.3133 0.8116 8.338 2.45924625043 3.1421
2017-02-19 15:37:07.255000 7189.703 3.487 50.658 33.786 52.976 4.026 3.8622 3.5995 23.7656 25.9096 1.7709 4.1669 3.9318 0.3132 0.8116 8.338 2.70049563308 3.1333
2017-02-19 15:38:13.169000 7255.617 3.291 50.656 34.287 52.973 4.026 3.8616 3.599 23.7654 25.9099 1.7711 4.167 3.9315 0.3131 0.8116 8.338 3.3328940111 3.1245
2017-02-19 15:39:19.122000 7321.57 3.491 50.653 33.834 52.973 4.026 3.8618 3.5987 23.7658 25.9102 1.7714 4.1671 3.9321 0.313 0.8116 8.338 2.30802194766 3.1156
2017-02-19 15:40:25.085000 7387.533 3.294 50.653 33.681 52.971 4.025 3.8608 3.5974 23.7656 25.9106 1.771 4.167 3.9312 0.3129 0.8116 8.337 4.53816463602 3.1075
2017-02-19 15:41:31.110000 7453.558 3.46 50.653 33.724 52.97 4.025 3.861 3.5972 23.7656 25.9106 1.771 4.1668 3.9317 0.3129 0.8117 8.337 2.14841335507 3.1001
2017-02-19 15:42:37.195000 7519.643 3.299 50.652 34.358 52.969 4.025 3.86 3.5964 23.7659 25.9096 1.7712 4.1666 3.931 0.3128 0.8116 8.337 3.27937157819 3.0924
2017-02-19 15:43:43.288000 7585.736 3.443 50.647 33.65 52.967 4.025 3.8601 3.5961 23.7653 25.9092 1.771 4.1665 3.9313 0.3128 0.8116 8.337 3.07996497755 3.085
2017-02-19 15:44:49.489000 7651.937 3.305 50.65 34.368 52.965 4.025 3.8593 3.595 23.7654 25.9102 1.7713 4.1663 3.9308 0.3126 0.8117 8.336 2.19863790545 3.0776
2017-02-19 15:45:55.751000 7718.199 3.286 50.65 34.029 52.964 4.024 3.8597 3.5944 23.7651 25.9092 1.7709 4.166 3.9306 0.3126 0.8115 8.336 2.45924625043 3.0702
2017-02-19 15:47:02.034000 7784.482 3.324 50.646 33.644 52.962 4.024 3.859 3.5932 23.7652 25.9067 1.7706 4.1658 3.9308 0.3125 0.8116 8.336 2.02917534247 3.0626
2017-02-19 15:48:08.347000 7850.795 3.426 50.642 34.341 52.96 4.024 3.8583 3.5935 23.7645 25.9057 1.7711 4.1658 3.9305 0.3124 0.8115 8.336 2.85903741184 3.0552
2017-02-19 15:49:14.668000 7917.116 3.297 50.643 34.33 52.958 4.024 3.8575 3.5919 23.7646 25.9095 1.771 4.1655 3.9303 0.3122 0.8108 8.335 2.55812691666 3.0466
2017-02-19 15:50:21.020000 7983.468 3.288 50.643 33.987 52.958 4.024 3.8562 3.5903 23.765 25.9089 1.7706 4.1653 3.9298 0.312 0.8099 8.335 4.82750869579 3.0378
2017-02-19 15:51:27.473000 8049.921 3.35 50.643 34.102 52.957 4.023 3.8555 3.5898 23.765 25.9088 9.1275 4.165 3.9294 0.3117 0.8104 8.335 2.39624283339 3.0291
2017-02-19 15:52:34.125000 8116.573 3.495 50.643 33.831 52.959 4.023 3.8557 3.5887 23.7652 25.9099 11.7691 4.1649 3.9291 0.3116 0.8123 8.334 6.23065934451 3.0203
2017-02-19 15:53:40.828000 8183.276 3.449 50.64 34.237 52.955 4.023 3.8571 3.588 23.7653 25.9095 13.0098 4.1651 3.9291 0.3115 0.8139 8.334 3.12789841056 3.013
2017-02-19 15:54:47.604000 8250.052 3.497 50.637 33.981 52.953 4.024 3.8581 3.5881 23.7642 25.9089 13.8393 4.1656 3.9294 0.3116 0.8153 8.334 2.33742890957 3.0056
2017-02-19 15:55:54.352000 8316.8 3.422 50.637 34.347 52.953 4.023 3.8589 3.5871 23.7654 25.9092 14.4498 4.1664 3.9295 0.3116 0.8159 8.334 5.15319676672 2.999
2017-02-19 15:57:01.155000 8383.603 3.465 50.636 34.159 52.951 4.024 3.86 3.5882 23.7657 25.9088 14.9251 4.1673 3.9298 0.3116 0.8163 8.334 2.36683587148 2.9921
2017-02-19 15:58:08.028000 8450.476 3.499 50.634 33.892 52.949 4.023 3.8609 3.5875 23.7654 25.906 15.3103 4.1681 3.9293 0.3116 0.8167 8.334 3.38753311406 2.985
2017-02-19 15:59:14.923000 8517.371 3.434 50.633 34.279 52.948 4.023 3.8611 3.5868 23.7646 25.9092 15.6246 4.1686 3.9291 0.3116 0.8174 8.333 2.05222931418 2.9786
2017-02-19 16:00:21.846000 8584.294 3.482 50.631 34.068 52.946 4.024 3.8618 3.5871 23.7656 25.9102 15.8806 4.1695 3.9298 0.3117 0.8177 8.334 4.35982756194 2.9721
2017-02-19 16:01:28.822000 8651.27 3.489 50.629 33.805 52.945 4.024 3.863 3.587 23.7653 25.9089 16.0982 4.1702 3.9298 0.3117 0.818 8.333 2.90028861421 2.9663
2017-02-19 16:02:35.897000 8718.345 3.289 50.629 33.638 52.944 4.024 3.8633 3.5873 23.7645 25.9088 16.286 4.1707 3.9303 0.3117 0.8182 8.333 1.92133514865 2.9595
2017-02-19 16:03:42.970000 8785.418 3.288 50.627 34.318 52.94 4.025 3.8637 3.5873 23.7655 25.9096 16.4441 4.1715 3.9309 0.3117 0.8185 8.333 3.17699010323 2.954
2017-02-19 16:04:50.096000 8852.544 3.305 50.622 34.37 52.939 4.024 3.8646 3.5866 23.7657 25.9074 16.5779 4.1721 3.9308 0.3117 0.8187 8.333 2.12330107989 2.9484
2017-02-19 16:05:57.233000 8919.681 3.362 50.624 34.377 52.939 4.025 3.8642 3.5862 23.7657 25.9099 16.6928 4.1726 3.9307 0.3117 0.8189 8.333 1.9002706565 2.9423
2017-02-19 16:07:04.409000 8986.857 3.397 50.62 34.205 52.934 4.025 3.8647 3.5872 23.7657 25.9095 16.7898 4.1732 3.9308 0.3116 0.8189 8.333 3.89009650587 2.937
2017-02-19 16:08:11.632000 9054.08 3.333 50.618 33.616 52.934 4.026 3.8655 3.5873 23.7652 25.9096 16.8732 4.1738 3.9319 0.3116 0.8194 8.333 2.25297512141 2.9303
2017-02-19 16:09:19.049000 9121.497 3.327 50.616 34.384 52.932 4.026 3.8667 3.587 23.7659 25.9099 16.9451 4.1745 3.9319 0.3116 0.8225 8.333 2.85903741184 2.9172
2017-02-19 16:10:26.316000 9188.764 3.427 50.613 34.338 52.93 4.025 3.871 3.5863 23.7659 25.9071 17.0077 4.1746 3.9311 0.3115 0.8312 8.333 2.45924625043 2.8799
2017-02-19 16:11:33.811000 9256.259 3.348 50.615 33.595 52.932 4.026 3.8808 3.586 23.7664 25.9106 17.0631 4.175 3.9319 0.3114 0.844 8.333 1.9002706565 2.8021
2017-02-19 16:12:41.190000 9323.638 3.305 50.616 34.382 52.932 4.026 3.8956 3.5855 23.7669 25.9062 17.1114 4.1756 3.9327 0.311 0.8517 8.333 4.82750869579 2.6945
2017-02-19 16:13:48.652000 9391.1 3.502 50.617 33.863 52.932 4.028 3.9071 3.5856 23.7674 25.9092 17.154 4.1766 3.9338 0.3104 0.8544 8.333 2.00612137077 2.5781
2017-02-19 16:14:56.085000 9458.533 3.292 50.617 33.957 52.932 4.029 3.9165 3.5855 23.7677 25.9067 17.1912 4.1779 3.9359 0.3096 0.8549 8.334 3.27937157819 2.4538
2017-02-19 16:16:03.567000 9526.015 3.445 50.616 34.275 52.93 4.029 3.9209 3.5828 23.7675 25.911 17.2239 4.1789 3.9355 0.3087 0.8543 8.334 2.28020105193 2.3223
2017-02-19 16:17:11.080000 9593.528 3.332 50.617 33.632 52.93 4.028 3.9243 3.5794 23.7673 25.9062 17.2519 4.1794 3.9348 0.3077 0.8537 8.334 2.81780306476 2.1865
2017-02-19 16:18:18.645000 9661.093 3.342 50.616 34.402 52.929 4.028 3.9249 3.576 23.7675 25.9106 17.2766 4.1798 3.9345 0.3067 0.8528 8.333 3.22753834286 2.0489
2017-02-19 16:19:26.265000 9728.713 3.469 50.615 33.739 52.93 4.028 3.9258 3.573 23.7674 25.9069 17.2976 4.18 3.9343 0.3057 0.851 8.333 1.7868666838 1.9132
2017-02-19 16:20:33.887000 9796.335 3.425 50.612 34.313 52.928 4.028 3.9252 3.5697 23.7669 25.9099 17.3156 4.1802 3.9343 0.3047 0.8528 8.333 2.00612137077 1.7599
2017-02-19 16:21:41.639000 9864.087 3.362 50.615 33.595 52.929 4.028 3.9423 3.5678 23.7653 25.9083 17.3314 4.18 3.9344 0.3041 0.877 8.333 1.65401101757 1.43
2017-02-19 16:22:49.396000 9931.844 3.468 50.614 34.164 52.929 4.028 3.9506 3.5661 23.7673 25.9103 17.3456 4.1802 3.9352 0.3027 0.8632 8.333 1.49698563139 1.1752
2017-02-19 16:23:57.150000 9999.598 3.318 50.614 33.68 52.93 4.028 3.9404 3.5605 23.7662 25.9092 17.3581 4.1807 3.934 0.3008 0.8484 8.333 1.07164891254 1.0127
2017-02-19 16:25:05 10067.448 3.497 50.616 33.919 52.93 4.027 3.9285 3.5563 23.7659 25.906 17.369 4.181 3.9337 0.2992 0.839 8.333 1.09961588973 0.9208
2017-02-19 16:26:12.842000 10135.29 3.336 50.613 33.839 52.927 4.026 3.9153 3.5514 23.7654 25.9089 17.3791 4.181 3.9324 0.2979 0.8322 8.332 0.885127407628 0.8799
2017-02-19 16:27:20.714000 10203.162 3.475 50.613 33.75 52.926 4.025 3.9046 3.5468 23.7639 25.9074 17.388 4.1803 3.9308 0.297 0.8286 8.332 0.958447538673 0.8634
2017-02-19 16:28:28.639000 10271.087 3.419 50.612 34.312 52.927 4.023 3.896 3.5436 23.7642 25.9078 17.3963 4.1793 3.9297 0.2964 0.827 8.331 0.809298444927 0.8575
2017-02-19 16:29:36.642000 10339.09 3.282 50.612 34.156 52.925 4.022 3.8896 3.5407 23.7645 25.9078 17.4039 4.1786 3.9286 0.2959 0.826 8.33 0.875600041857 0.8545
2017-02-19 16:30:44.666000 10407.114 3.352 50.612 33.59 52.924 4.022 3.885 3.5386 23.7636 25.9078 17.4106 4.1777 3.9277 0.2956 0.8255 8.33 0.739156047956 0.8532
2017-02-19 16:31:52.698000 10475.146 3.472 50.611 34.125 52.926 4.021 3.8812 3.537 23.7644 25.9092 17.4168 4.1769 3.9272 0.2954 0.8252 8.329 0.909953253357 0.8524
2017-02-19 16:33:00.779000 10543.227 3.298 50.612 34.362 52.926 4.02 3.8772 3.5352 23.764 25.9074 17.4219 4.1763 3.9265 0.2952 0.8248 8.329 0.748895406181 0.8516
2017-02-19 16:34:08.922000 10611.37 3.308 50.612 34.377 52.928 4.02 3.8752 3.5342 23.7634 25.9083 17.4268 4.1756 3.9261 0.295 0.8244 8.329 0.889891090514 0.8509
2017-02-19 16:35:17.086000 10679.534 3.301 50.613 33.811 52.927 4.02 3.8734 3.5331 23.7642 25.9054 17.4304 4.1753 3.9257 0.2949 0.8249 8.329 0.763594264667 0.8514
2017-02-19 16:36:25.499000 10747.947 3.296 50.615 33.865 52.929 4.019 3.8712 3.5325 23.7647 25.9088 17.4343 4.1749 3.9252 0.2948 0.8248 8.328 0.742402500698 0.8514
2017-02-19 16:37:33.782000 10816.23 3.296 50.613 33.754 52.931 4.019 3.87 3.5313 23.7644 25.9092 17.4371 4.1746 3.9254 0.2947 0.8246 8.328 0.970145989186 0.8511
2017-02-19 16:38:42.056000 10884.504 3.47 50.615 33.758 52.93 4.019 3.8685 3.5295 23.7637 25.9074 17.44 4.1742 3.9247 0.2946 0.824 8.328 0.739156047956 0.8502
2017-02-19 16:39:50.459000 10952.907 3.471 50.613 33.756 52.928 4.019 3.8677 3.5294 23.7647 25.905 15.1761 4.1739 3.925 0.2945 0.8237 8.328 0.899418456286 0.8496
2017-02-19 16:40:58.642000 11021.09 3.419 50.614 34.376 52.928 4.019 3.8662 3.5293 23.7645 25.9089 12.8452 4.1737 3.9247 0.2943 0.8228 8.328 0.805070150311 0.8496
2017-02-19 16:42:06.933000 11089.381 3.418 50.614 34.331 52.929 4.018 3.8645 3.5277 23.7646 25.9089 11.6013 4.173 3.9237 0.2941 0.8222 8.328 0.826211623391 0.8526
2017-02-19 16:43:15.227000 11157.675 3.439 50.614 34.223 52.928 4.018 3.8632 3.527 23.7642 25.9078 10.6597 4.1717 3.9232 0.294 0.8215 8.327 0.817755034159 0.8587
2017-02-19 16:44:23.604000 11226.052 3.284 50.614 34.266 52.929 4.018 3.8618 3.5275 23.7635 25.9048 9.7732 4.1701 3.9236 0.2939 0.8203 8.327 0.771023324712 0.8661
2017-02-19 16:45:32.017000 11294.465 3.283 50.615 34.274 52.93 4.017 3.8602 3.5268 23.7644 25.9083 8.9173 4.1685 3.9228 0.2939 0.8194 8.327 0.875600041857 0.8756
2017-02-19 16:46:40.432000 11362.88 3.281 50.616 34.285 52.93 4.017 3.8574 3.527 23.7629 25.9071 8.0968 4.1664 3.9226 0.2937 0.8178 8.327 0.885127407628 0.8857
2017-02-19 16:47:48.896000 11431.344 3.283 50.616 34.304 52.928 4.017 3.8553 3.5259 23.7621 25.9057 7.3145 4.1643 3.9225 0.2936 0.8168 8.327 0.851781627427 0.8959
2017-02-19 16:48:57.413000 11499.861 3.288 50.614 34.306 52.929 4.017 3.8544 3.5256 23.7623 25.906 6.5907 4.1629 3.9229 0.2937 0.8168 8.327 1.05766542395 0.9075
2017-02-19 16:50:05.983000 11568.431 3.295 50.613 34.336 52.927 4.017 3.8536 3.5261 23.7618 25.9067 5.9523 4.1621 3.9232 0.2937 0.8161 8.326 0.763594264667 0.9183
2017-02-19 16:51:14.541000 11636.989 3.288 50.612 34.33 52.928 4.017 3.8527 3.5266 23.763 25.9034 5.3383 4.1617 3.9232 0.2939 0.8163 8.326 0.880363724743 0.9301
2017-02-19 16:52:23.142000 11705.59 3.294 50.613 34.335 52.927 4.017 3.8521 3.5266 23.7633 25.903 4.7722 4.1611 3.923 0.294 0.8161 8.326 0.847353096471 0.9425
2017-02-19 16:53:31.805000 11774.253 3.476 50.612 34.087 52.925 4.018 3.8513 3.5274 23.7636 25.9074 4.2566 4.1609 3.9231 0.2941 0.8158 8.326 0.875600041857 0.9552
2017-02-19 16:54:40.470000 11842.918 3.474 50.611 34.097 52.925 4.017 3.8496 3.5265 23.7637 25.9078 3.7903 4.1604 3.9224 0.2943 0.8156 8.326 1.08563240114 0.9675
2017-02-19 16:55:49.219000 11911.667 3.335 50.612 33.613 52.927 4.017 3.8487 3.5256 23.7638 25.9085 3.3857 4.16 3.9222 0.2943 0.8148 8.325 0.767308794689 0.9781
2017-02-19 16:56:57.992000 11980.44 3.334 50.612 33.647 52.929 4.016 3.8474 3.5258 23.7637 25.9071 3.035 4.1595 3.922 0.2943 0.8146 8.325 1.0185652438 0.9886
2017-02-19 16:58:07.009000 12049.457 3.285 50.616 34.301 52.93 4.017 3.8466 3.5263 23.7636 25.9078 2.7437 4.1593 3.9223 0.2943 0.8142 8.325 1.05067367965 0.9982
2017-02-19 16:59:15.939000 12118.387 3.46 50.613 34.167 52.928 4.017 3.8458 3.5256 23.764 25.9088 6.8102 4.1591 3.9221 0.2942 0.8137 8.325 0.800841855695 1.0071
2017-02-19 17:00:25.019000 12187.467 3.365 50.611 33.595 52.926 4.016 3.8453 3.5253 23.7637 25.9088 11.31 4.1589 3.9216 0.2943 0.8152 8.325 1.07164891254 1.0163
2017-02-19 17:01:34.125000 12256.573 3.428 50.612 34.139 52.926 4.017 3.8466 3.5267 23.7643 25.9092 12.7944 4.1592 3.9227 0.2944 0.8177 8.325 1.03779670151 1.0198
2017-02-19 17:02:43.302000 12325.75 3.49 50.612 33.812 52.925 4.017 3.8479 3.5264 23.7646 25.9089 13.7169 4.1599 3.9223 0.2945 0.8193 8.325 0.875600041857 1.0167
2017-02-19 17:03:52.531000 12394.979 3.304 50.612 33.819 52.926 4.018 3.8502 3.5281 23.7648 25.9085 14.381 4.1609 3.9235 0.2947 0.8203 8.325 0.909953253357 1.0126
2017-02-19 17:05:01.755000 12464.203 3.497 50.609 33.946 52.925 4.018 3.8512 3.5287 23.7649 25.9095 14.8854 4.1623 3.9234 0.2947 0.8205 8.325 1.24851960811 1.0086
2017-02-19 17:06:11.039000 12533.487 3.318 50.614 33.703 52.928 4.017 3.8521 3.5272 23.7645 25.9092 15.2948 4.163 3.9232 0.2947 0.8206 8.325 1.05766542395 1.0053
2017-02-19 17:07:20.421000 12602.869 3.461 50.614 34.171 52.929 4.017 3.8528 3.5274 23.7647 25.9067 15.6233 4.1637 3.923 0.2947 0.8208 8.325 0.920553540813 1.0022
2017-02-19 17:08:29.882000 12672.33 3.281 50.613 34.161 52.927 4.017 3.8525 3.5274 23.7637 25.9088 15.8917 4.1643 3.9233 0.2946 0.8212 8.325 0.999392115469 0.9987
2017-02-19 17:09:39.277000 12741.725 3.429 50.616 33.67 52.929 4.018 3.8536 3.5272 23.765 25.9106 16.1189 4.1651 3.9236 0.2945 0.8215 8.325 0.8946547734 0.9922
2017-02-19 17:10:48.735000 12811.183 3.377 50.615 34.39 52.928 4.018 3.8539 3.5279 23.7648 25.9096 16.3137 4.1659 3.9241 0.2944 0.8221 8.326 1.03138621561 0.9821
2017-02-19 17:11:58.254000 12880.702 3.305 50.618 33.772 52.928 4.018 3.8548 3.5269 23.7647 25.9096 16.4762 4.1666 3.9237 0.2944 0.8232 8.326 1.13754478521 0.9679
2017-02-19 17:13:07.819000 12950.267 3.49 50.616 34.009 52.932 4.017 3.8554 3.5274 23.7652 25.9095 16.6136 4.167 3.9231 0.2943 0.8238 8.326 0.830439918007 0.9473
2017-02-19 17:14:17.397000 13019.845 3.285 50.616 34.268 52.93 4.018 3.8571 3.5268 23.7649 25.9071 16.7295 4.1676 3.924 0.2942 0.8244 8.326 0.936453971997 0.9252
2017-02-19 17:15:27.080000 13089.528 3.283 50.617 33.604 52.929 4.018 3.8577 3.5266 23.764 25.9096 16.8291 4.1681 3.9234 0.2942 0.825 8.326 0.936453971997 0.9048
2017-02-19 17:16:36.739000 13159.187 3.479 50.614 33.737 52.93 4.018 3.858 3.5265 23.7637 25.9078 16.9136 4.1688 3.9243 0.2941 0.8247 8.326 0.805070150311 0.8863
2017-02-19 17:17:46.664000 13229.112 3.491 50.616 33.948 52.931 4.018 3.8587 3.527 23.7639 25.9081 16.986 4.1692 3.924 0.294 0.8245 8.326 0.952598313416 0.8727
2017-02-19 17:18:56.424000 13298.872 3.289 50.618 34.378 52.93 4.017 3.8581 3.5255 23.764 25.9048 17.0488 4.1694 3.9234 0.2939 0.8235 8.326 0.789595974825 0.8626
2017-02-19 17:20:06.199000 13368.647 3.28 50.621 34.219 52.935 4.016 3.8565 3.5241 23.7634 25.9078 17.1042 4.1693 3.922 0.2938 0.823 8.325 0.851781627427 0.857
2017-02-19 17:21:16.044000 13438.492 3.289 50.621 33.938 52.935 4.018 3.8565 3.5248 23.7631 25.9096 17.1517 4.1695 3.9233 0.2938 0.8231 8.325 0.8946547734 0.8545
2017-02-19 17:22:25.931000 13508.379 3.498 50.62 33.863 52.933 4.018 3.8573 3.5254 23.7635 25.9096 17.1913 4.1698 3.9233 0.2939 0.8232 8.326 0.834668212623 0.853
2017-02-19 17:23:35.807000 13578.255 3.488 50.617 34.01 52.932 4.017 3.8561 3.5242 23.7628 25.9092 17.2282 4.1699 3.9231 0.294 0.8231 8.326 0.843124801855 0.8519
2017-02-19 17:24:45.804000 13648.252 3.448 50.618 34.236 52.935 4.018 3.8561 3.5253 23.7641 25.9095 17.2588 4.1703 3.9236 0.294 0.823 8.326 0.889891090514 0.851
2017-02-19 17:25:55.769000 13718.217 3.399 50.621 34.398 52.934 4.018 3.8562 3.5253 23.7646 25.9099 17.2856 4.1706 3.9225 0.294 0.823 8.326 0.680315017581 0.8505
2017-02-19 17:27:05.776000 13788.224 3.312 50.621 34.398 52.932 4.018 3.8566 3.5256 23.7636 25.906 17.3085 4.1707 3.9235 0.2941 0.8235 8.326 1.03138621561 0.8508
2017-02-19 17:28:15.814000 13858.262 3.29 50.619 34.341 52.934 4.018 3.8562 3.5248 23.7647 25.9102 17.3286 4.171 3.9233 0.2942 0.8239 8.326 0.885127407628 0.8511
2017-02-19 17:29:25.941000 13928.389 3.416 50.62 34.091 52.934 4.018 3.8573 3.5263 23.7635 25.9078 17.3455 4.1711 3.9239 0.2942 0.8236 8.326 0.813526739543 0.8505
2017-02-19 17:30:36.106000 13998.554 3.328 50.619 34.432 52.936 4.018 3.8573 3.526 23.763 25.9089 17.3605 4.1714 3.9241 0.2942 0.8233 8.326 0.904653109629 0.8499
2017-02-19 17:31:46.310000 14068.758 3.291 50.621 34.32 52.935 4.018 3.8558 3.525 23.7638 25.9088 17.3733 4.1715 3.9232 0.2942 0.8232 8.326 0.759879734644 0.8496
2017-02-19 17:32:56.528000 14138.976 3.429 50.621 34.278 52.935 4.018 3.8567 3.5255 23.7631 25.9057 17.3848 4.1716 3.9233 0.2941 0.8231 8.326 0.713184426023 0.8492
2017-02-19 17:34:07.022000 14209.47 3.5 50.621 33.873 52.935 4.018 3.8562 3.5255 23.7637 25.9099 17.3943 4.1717 3.924 0.2941 0.8238 8.326 0.79702503487 0.85
2017-02-19 17:35:17.317000 14279.765 3.474 50.621 34.106 52.938 4.018 3.857 3.5253 23.7638 25.9062 17.4024 4.1716 3.9237 0.2942 0.8241 8.326 0.904653109629 0.8504
2017-02-19 17:36:27.655000 14350.103 3.426 50.621 33.628 52.935 4.019 3.8572 3.5257 23.7642 25.9092 17.4101 4.1719 3.9242 0.2944 0.8243 8.326 0.719677331506 0.8508
2017-02-19 17:37:38.099000 14420.547 3.304 50.621 33.781 52.935 4.019 3.8583 3.5263 23.7647 25.9103 17.4164 4.1721 3.9249 0.2945 0.8246 8.327 0.800841855695 0.8511
2017-02-19 17:38:48.604000 14491.052 3.287 50.623 34.269 52.937 4.019 3.8579 3.5261 23.7646 25.9102 17.4218 4.1723 3.9248 0.2945 0.8247 8.327 0.875600041857 0.8513
2017-02-19 17:39:59.235000 14561.683 3.406 50.621 34.35 52.935 4.019 3.8589 3.5276 23.7645 25.9099 17.4267 4.1726 3.9251 0.2946 0.8245 8.327 0.793310504847 0.8509
2017-02-19 17:41:10.060000 14632.508 3.334 50.621 33.66 52.936 4.019 3.8576 3.5269 23.7649 25.9096 17.431 4.1727 3.9247 0.2946 0.8239 8.327 0.847353096471 0.85
2017-02-19 17:42:20.916000 14703.364 3.419 50.624 34.356 52.941 4.018 3.8572 3.526 23.7637 25.9096 17.4348 4.1726 3.9238 0.2946 0.8242 8.327 0.771023324712 0.8502
2017-02-19 17:43:31.592000 14774.04 3.498 50.624 33.925 52.938 4.018 3.8568 3.5264 23.7651 25.9102 17.4379 4.1724 3.9239 0.2945 0.824 8.327 0.688825821954 0.8499
2017-02-19 17:44:42.456000 14844.904 3.281 50.626 34.191 52.94 4.018 3.8568 3.5257 23.7649 25.911 17.4404 4.1725 3.9241 0.2946 0.8243 8.327 0.78216691478 0.8503
2017-02-19 17:45:53.351000 14915.799 3.497 50.625 34.398 52.941 4.018 3.8573 3.5263 23.7652 25.9067 17.4426 4.1722 3.9237 0.2945 0.8241 8.326 0.981844439699 0.8499
2017-02-19 17:47:04.170000 14986.618 3.334 50.624 33.616 52.94 4.018 3.8563 3.5256 23.7652 25.9102 17.4446 4.1723 3.9236 0.2945 0.8243 8.326 0.838896507239 0.8502
2017-02-19 17:48:15.055000 15057.503 3.366 50.624 34.392 52.942 4.018 3.8569 3.5256 23.763 25.9081 17.4467 4.1723 3.9241 0.2946 0.8249 8.327 0.771023324712 0.8513
2017-02-19 17:49:26.073000 15128.521 3.332 50.627 33.618 52.941 4.018 3.8575 3.5263 23.7627 25.9069 17.4479 4.1722 3.9238 0.2948 0.8254 8.327 1.03779670151 0.8521
2017-02-19 17:50:36.897000 15199.345 3.408 50.626 34.378 52.943 4.018 3.8568 3.5262 23.7629 25.9074 17.4495 4.1723 3.9239 0.2948 0.825 8.327 0.847353096471 0.8515
2017-02-19 17:51:47.783000 15270.231 3.322 50.629 33.933 52.945 4.018 3.8572 3.5263 23.7633 25.9053 17.4507 4.1722 3.9233 0.2949 0.8251 8.327 0.745648953439 0.8517
2017-02-19 17:52:58.742000 15341.19 3.433 50.631 34.206 52.951 4.017 3.8566 3.5261 23.7643 25.9081 17.4519 4.1721 3.9232 0.2949 0.8245 8.327 0.732663142473 0.8507
2017-02-19 17:54:09.676000 15412.124 3.481 50.633 34.061 52.946 4.017 3.8559 3.5247 23.7641 25.9083 17.4527 4.1718 3.9227 0.2948 0.8244 8.327 0.79702503487 0.8504
2017-02-19 17:55:20.670000 15483.118 3.287 50.632 34.04 52.956 4.018 3.8563 3.5259 23.7642 25.9054 17.4533 4.1718 3.9236 0.2948 0.8244 8.327 1.0185652438 0.8505
2017-02-19 17:56:31.699000 15554.147 3.484 50.632 34.036 52.947 4.018 3.856 3.5265 23.7646 25.9092 17.454 4.172 3.9232 0.2948 0.8249 8.327 0.745648953439 0.8511
2017-02-19 17:57:42.795000 15625.243 3.385 50.632 34.06 52.954 4.018 3.8562 3.5259 23.7633 25.9095 17.4547 4.1721 3.9235 0.2948 0.8246 8.327 0.987693664956 0.8508
2017-02-19 17:58:53.880000 15696.328 3.332 50.63 33.612 52.947 4.018 3.8563 3.5261 23.7609 25.9036 17.4551 4.1721 3.9233 0.2948 0.8247 8.327 0.800841855695 0.8508
2017-02-19 18:00:04.978000 15767.426 3.391 50.631 34.355 52.948 4.018 3.8566 3.5267 23.7629 25.9071 17.4556 4.1721 3.9239 0.2949 0.8249 8.327 0.936453971997 0.8512
2017-02-19 18:01:16.148000 15838.596 3.342 50.632 33.607 52.949 4.019 3.8568 3.5267 23.7619 25.9078 17.4557 4.1724 3.9241 0.295 0.8252 8.327 0.981844439699 0.8517
2017-02-19 18:02:27.426000 15909.874 3.484 50.629 33.797 52.945 4.019 3.8571 3.5263 23.7619 25.9089 17.4561 4.1726 3.9246 0.2951 0.8251 8.328 0.785881444802 0.8517
2017-02-19 18:03:38.931000 15981.379 3.449 50.63 34.237 52.952 4.019 3.8568 3.5266 23.7609 25.904 17.4564 4.1727 3.9245 0.2951 0.8247 8.327 0.767308794689 0.851
2017-02-19 18:04:50.239000 16052.687 3.305 50.631 33.777 52.947 4.019 3.8576 3.5273 23.7627 25.9078 17.4565 4.1727 3.9247 0.2951 0.8248 8.328 1.03138621561 0.8511
2017-02-19 18:06:01.577000 16124.025 3.394 50.632 33.633 52.948 4.019 3.857 3.5279 23.7634 25.9095 17.4566 4.173 3.9248 0.295 0.8246 8.328 0.78216691478 0.8507
2017-02-19 18:07:13.023000 16195.471 3.486 50.631 34.024 52.952 4.019 3.8569 3.5278 23.7637 25.9085 17.4572 4.1731 3.925 0.295 0.8252 8.328 0.975995214443 0.8515
2017-02-19 18:08:24.449000 16266.897 3.419 50.631 34.355 52.948 4.019 3.857 3.5272 23.763 25.9095 17.457 4.1731 3.9246 0.295 0.8254 8.328 0.767308794689 0.8518
2017-02-19 18:09:35.995000 16338.443 3.293 50.632 34.332 52.947 4.019 3.8574 3.5278 23.7637 25.9089 17.4573 4.1732 3.9249 0.2951 0.8254 8.328 0.785881444802 0.8521
2017-02-19 18:10:47.520000 16409.968 3.292 50.631 33.917 52.952 4.019 3.8583 3.5282 23.7646 25.9062 17.4574 4.1732 3.925 0.2953 0.8257 8.328 0.847353096471 0.8525
2017-02-19 18:11:59.088000 16481.536 3.346 50.632 33.598 52.95 4.019 3.8582 3.5288 23.765 25.9102 17.458 4.1733 3.9248 0.2953 0.8257 8.328 0.866072676085 0.8526
2017-02-19 18:13:10.765000 16553.213 3.316 50.632 33.688 52.949 4.02 3.8582 3.5292 23.7652 25.9106 17.458 4.1733 3.9254 0.2953 0.8257 8.328 0.8946547734 0.8525
2017-02-19 18:14:22.423000 16624.871 3.439 50.632 33.68 52.949 4.02 3.8583 3.5291 23.765 25.9096 17.4576 4.1736 3.9257 0.2953 0.8257 8.328 0.866072676085 0.8526
2017-02-19 18:15:34.113000 16696.561 3.475 50.631 34.118 52.954 4.021 3.8585 3.5297 23.7652 25.9106 17.458 4.1739 3.9262 0.2953 0.8257 8.329 0.947054259454 0.8526
2017-02-19 18:16:46.121000 16768.569 3.501 50.63 33.922 52.953 4.021 3.8587 3.5295 23.7641 25.911 17.4582 4.1742 3.9263 0.2952 0.8254 8.329 0.663293408835 0.8521
2017-02-19 18:17:57.888000 16840.336 3.5 50.63 33.832 52.954 4.021 3.8591 3.5298 23.7642 25.9114 17.4582 4.1744 3.927 0.2951 0.8251 8.329 1.005744272 0.8515
2017-02-19 18:19:09.685000 16912.133 3.45 50.631 34.239 52.941 4.021 3.8587 3.5292 23.7631 25.9106 17.4581 4.1745 3.9269 0.2951 0.8252 8.329 0.847353096471 0.8515
2017-02-19 18:20:21.522000 16983.97 3.493 50.634 33.962 52.946 4.021 3.858 3.5285 23.7635 25.9103 17.458 4.1743 3.9262 0.295 0.8249 8.329 0.834668212623 0.8511
2017-02-19 18:21:33.438000 17055.886 3.482 50.635 33.776 52.948 4.02 3.8573 3.5278 23.7631 25.9102 17.4582 4.1741 3.9258 0.295 0.8245 8.329 0.748895406181 0.8505
2017-02-19 18:22:45.384000 17127.832 3.353 50.635 33.597 52.954 4.02 3.8567 3.5277 23.7634 25.9109 17.4584 4.1739 3.9254 0.2949 0.8244 8.329 0.958447538673 0.8502
2017-02-19 18:23:57.351000 17199.799 3.312 50.635 33.714 52.952 4.019 3.8561 3.5271 23.7636 25.9095 17.4581 4.1737 3.9251 0.2948 0.8241 8.328 0.880363724743 0.8499
2017-02-19 18:25:09.397000 17271.845 3.288 50.636 33.967 52.952 4.019 3.8556 3.5264 23.7635 25.9103 17.4582 4.1735 3.9245 0.2947 0.8242 8.328 0.925853684541 0.85
2017-02-19 18:26:21.424000 17343.872 3.284 50.637 34.229 52.954 4.019 3.8556 3.5264 23.7641 25.9113 17.4582 4.1732 3.9248 0.2946 0.8238 8.328 0.759879734644 0.8495
2017-02-19 18:27:33.491000 17415.939 3.315 50.636 34.398 52.961 4.019 3.8548 3.5262 23.764 25.9102 17.458 4.1731 3.9243 0.2945 0.8239 8.328 0.735909595214 0.8495
2017-02-19 18:28:45.928000 17488.376 3.498 50.638 33.842 52.957 4.019 3.8549 3.5262 23.7651 25.9114 17.4581 4.173 3.9246 0.2946 0.8243 8.328 0.993542890212 0.8502
2017-02-19 18:29:58.095000 17560.543 3.435 50.637 33.697 52.955 4.018 3.854 3.5259 23.7652 25.9109 17.458 4.1729 3.9241 0.2946 0.8245 8.328 0.771023324712 0.8504
2017-02-19 18:31:10.302000 17632.75 3.284 50.64 34.267 52.962 4.018 3.8538 3.5255 23.7652 25.9106 17.4576 4.1727 3.9239 0.2947 0.8246 8.328 0.899418456286 0.8505
2017-02-19 18:32:22.619000 17705.067 3.492 50.638 34.391 52.952 4.019 3.8545 3.5261 23.7653 25.9106 17.4576 4.1727 3.9244 0.2946 0.8243 8.328 1.0185652438 0.8501
2017-02-19 18:33:34.886000 17777.334 3.492 50.64 33.837 52.964 4.019 3.8545 3.5259 23.7653 25.9109 17.458 4.1727 3.9243 0.2946 0.8246 8.328 0.870836358971 0.8507
2017-02-19 18:34:47.252000 17849.7 3.285 50.639 34.034 52.951 4.019 3.8558 3.5267 23.7654 25.911 17.4581 4.173 3.925 0.2947 0.8246 8.329 0.813526739543 0.8507
2017-02-19 18:35:59.618000 17922.066 3.455 50.636 34.293 52.959 4.019 3.8551 3.5261 23.7641 25.9067 17.4577 4.173 3.9241 0.2947 0.8245 8.328 0.830439918007 0.8505
2017-02-19 18:37:12.020000 17994.468 3.495 50.639 33.971 52.957 4.019 3.8542 3.5259 23.7634 25.9064 17.4581 4.1728 3.9239 0.2947 0.8244 8.328 0.904653109629 0.8503
2017-02-19 18:38:24.547000 18066.995 3.301 50.638 33.865 52.959 4.019 3.8543 3.5256 23.7634 25.9103 17.458 4.1727 3.9248 0.2947 0.8244 8.328 0.759879734644 0.8503
2017-02-19 18:39:37.120000 18139.568 3.481 50.639 33.779 52.956 4.019 3.8543 3.526 23.763 25.9106 17.458 4.173 3.9244 0.2947 0.8245 8.329 0.875600041857 0.8506
2017-02-19 18:40:49.995000 18212.443 3.283 50.639 34.157 52.963 4.019 3.8549 3.5275 23.7626 25.9078 17.458 4.1731 3.9251 0.2948 0.8249 8.329 0.809298444927 0.851
2017-02-19 18:42:02.614000 18285.062 3.364 50.637 33.599 52.953 4.02 3.8557 3.5272 23.7627 25.9054 17.4579 4.1733 3.9252 0.2949 0.825 8.329 0.880363724743 0.8512
2017-02-19 18:43:15.239000 18357.687 3.294 50.638 34.324 52.95 4.019 3.8549 3.5265 23.7622 25.9099 17.458 4.1732 3.925 0.295 0.8249 8.329 0.722923784248 0.8511
2017-02-19 18:44:27.938000 18430.386 3.497 50.639 33.921 52.963 4.02 3.855 3.5264 23.7624 25.9102 17.4582 4.1733 3.9249 0.295 0.8251 8.329 0.936453971997 0.8514
2017-02-19 18:45:40.663000 18503.111 3.368 50.64 34.408 52.961 4.019 3.8549 3.5268 23.7614 25.9085 17.4581 4.1732 3.9246 0.2952 0.8254 8.329 0.742402500698 0.852
2017-02-19 18:46:53.438000 18575.886 3.408 50.641 33.658 52.954 4.019 3.8553 3.5268 23.7621 25.9089 17.458 4.1731 3.9245 0.2952 0.825 8.329 0.752450674599 0.8513
2017-02-19 18:48:06.306000 18648.754 3.449 50.643 34.231 52.96 4.019 3.8546 3.5263 23.7622 25.9092 17.4583 4.173 3.9244 0.2951 0.8248 8.329 0.78216691478 0.851
2017-02-19 18:49:19.131000 18721.579 3.284 50.646 34.269 52.961 4.019 3.8545 3.5274 23.762 25.9096 17.4584 4.173 3.9249 0.2951 0.8248 8.329 0.904653109629 0.8511
2017-02-19 18:50:32.040000 18794.488 3.327 50.644 33.63 52.962 4.019 3.8543 3.5274 23.7628 25.9099 17.4583 4.1732 3.9246 0.2949 0.8242 8.329 0.885127407628 0.85
2017-02-19 18:51:44.996000 18867.444 3.488 50.642 34.384 52.966 4.019 3.854 3.526 23.7631 25.9064 17.4584 4.1731 3.9247 0.2948 0.8248 8.329 0.8946547734 0.8509
2017-02-19 18:52:58.195000 18940.643 3.321 50.645 34.407 52.963 4.019 3.854 3.5265 23.7637 25.911 17.4582 4.173 3.9245 0.2949 0.8255 8.329 0.809298444927 0.8521
2017-02-19 18:54:11.232000 19013.68 3.295 50.645 33.877 52.96 4.019 3.8543 3.5268 23.7645 25.9099 17.4584 4.173 3.9243 0.2951 0.8257 8.329 0.964296763929 0.8524
2017-02-19 18:55:24.286000 19086.734 3.438 50.643 33.678 52.954 4.019 3.8549 3.5264 23.7637 25.9113 17.4583 4.1729 3.9245 0.2952 0.8256 8.329 0.880363724743 0.8524
2017-02-19 18:56:37.415000 19159.863 3.432 50.644 34.272 52.967 4.019 3.8547 3.5272 23.7645 25.912 17.4585 4.173 3.9247 0.2953 0.8259 8.329 0.920553540813 0.8528
2017-02-19 18:57:50.581000 19233.029 3.432 50.645 34.319 52.965 4.019 3.8554 3.5264 23.7647 25.9074 17.4584 4.1732 3.9244 0.2954 0.826 8.329 0.742402500698 0.8529
2017-02-19 18:59:03.809000 19306.257 3.283 50.645 34.241 52.955 4.019 3.8552 3.5269 23.7647 25.9109 17.4586 4.1731 3.9244 0.2956 0.8261 8.329 0.904653109629 0.853
2017-02-19 19:00:17.084000 19379.532 3.284 50.645 34.29 52.962 4.019 3.8552 3.5275 23.7654 25.912 17.4587 4.1732 3.9244 0.2957 0.826 8.329 0.909953253357 0.853
2017-02-19 19:01:30.403000 19452.851 3.285 50.643 34.309 52.955 4.019 3.8561 3.5279 23.7644 25.912 17.4587 4.1733 3.925 0.2958 0.826 8.329 1.0185652438 0.853
2017-02-19 19:02:43.690000 19526.138 3.324 50.645 33.645 52.955 4.02 3.8562 3.529 23.7652 25.912 17.4586 4.1735 3.9256 0.2958 0.8259 8.33 0.851781627427 0.8529
2017-02-19 19:03:57.338000 19599.786 3.287 50.641 33.68 52.967 4.02 3.8564 3.5284 23.7645 25.9106 17.4589 4.1737 3.9253 0.2959 0.8259 8.33 0.813526739543 0.8528
2017-02-19 19:05:10.734000 19673.182 3.327 50.644 33.669 52.96 4.019 3.8558 3.5285 23.7639 25.9095 17.4586 4.1736 3.9249 0.2958 0.8258 8.329 0.834668212623 0.8527
2017-02-19 19:06:24.154000 19746.602 3.325 50.645 33.682 52.962 4.02 3.856 3.5281 23.763 25.9067 17.4587 4.1735 3.9252 0.2959 0.8259 8.329 0.904653109629 0.8529
2017-02-19 19:07:37.650000 19820.098 3.351 50.643 33.586 52.964 4.02 3.8559 3.5291 23.7643 25.9102 17.4584 4.1736 3.9258 0.2958 0.8253 8.329 0.756165204622 0.8519
2017-02-19 19:08:51.117000 19893.565 3.35 50.643 33.586 52.953 4.02 3.8561 3.5288 23.7636 25.9071 17.4585 4.1735 3.926 0.2957 0.8254 8.329 0.789595974825 0.852
2017-02-19 19:10:04.667000 19967.115 3.358 50.639 33.592 52.951 4.02 3.8556 3.5291 23.7644 25.9114 17.4583 4.1737 3.9258 0.2956 0.8252 8.33 0.817755034159 0.8517
2017-02-19 19:11:18.253000 20040.701 3.344 50.642 33.592 52.964 4.019 3.8554 3.528 23.7638 25.9103 17.4585 4.1736 3.9252 0.2957 0.8254 8.329 0.999392115469 0.852
2017-02-19 19:12:31.829000 20114.277 3.284 50.641 33.593 52.965 4.02 3.8555 3.5294 23.7648 25.911 17.4583 4.1737 3.9257 0.2956 0.8253 8.329 0.813526739543 0.8518
2017-02-19 19:13:45.520000 20187.968 3.284 50.638 34.218 52.961 4.021 3.8558 3.5286 23.7627 25.9106 17.4582 4.174 3.926 0.2957 0.8254 8.33 0.735909595214 0.852
2017-02-19 19:14:59.588000 20262.036 3.436 50.636 34.265 52.952 4.02 3.8559 3.5285 23.7639 25.9099 17.458 4.1741 3.9256 0.2957 0.8255 8.33 0.756165204622 0.8521
2017-02-19 19:16:13.366000 20335.814 3.439 50.638 34.279 52.953 4.02 3.8552 3.5286 23.7639 25.9109 17.4583 4.174 3.9256 0.2957 0.8255 8.329 0.947054259454 0.852
2017-02-19 19:17:27.163000 20409.611 3.455 50.634 33.715 52.952 4.02 3.855 3.5279 23.7634 25.9069 17.4578 4.1739 3.9254 0.2957 0.8252 8.329 0.774737854735 0.8517
2017-02-19 19:18:41.010000 20483.458 3.289 50.635 33.964 52.952 4.02 3.8551 3.529 23.7643 25.9102 17.458 4.1738 3.9253 0.2957 0.8253 8.329 0.925853684541 0.8518
2017-02-19 19:19:54.867000 20557.315 3.365 50.634 34.396 52.957 4.02 3.8552 3.5278 23.7645 25.9109 17.458 4.1737 3.9253 0.2957 0.8255 8.329 0.941754115726 0.8521
2017-02-19 19:21:08.864000 20631.312 3.502 50.63 33.833 52.95 4.02 3.8559 3.529 23.7647 25.9064 17.4579 4.174 3.9258 0.2958 0.8258 8.329 0.694499691535 0.8525
2017-02-19 19:22:22.840000 20705.288 3.314 50.631 33.704 52.946 4.02 3.856 3.5288 23.765 25.9106 17.458 4.174 3.9262 0.2958 0.8258 8.329 0.800841855695 0.8526
2017-02-19 19:23:36.818000 20779.266 3.315 50.629 34.366 52.946 4.02 3.8556 3.5285 23.7647 25.9102 17.4579 4.174 3.926 0.2959 0.8257 8.329 0.999392115469 0.8524
2017-02-19 19:24:51.246000 20853.694 3.329 50.627 33.971 52.944 4.021 3.8562 3.53 23.7627 25.9074 17.4579 4.1743 3.9265 0.2959 0.8258 8.329 0.847353096471 0.8526
2017-02-19 19:26:05.323000 20927.771 3.29 50.627 34.292 52.949 4.021 3.8562 3.5299 23.7639 25.9102 17.4579 4.1745 3.9265 0.2959 0.8257 8.329 0.847353096471 0.8524
2017-02-19 19:27:19.431000 21001.879 3.461 50.629 34.118 52.944 4.02 3.8555 3.5288 23.764 25.9103 17.4581 4.1743 3.9257 0.2959 0.8258 8.329 0.821983328775 0.8526
2017-02-19 19:28:33.618000 21076.066 3.356 50.624 33.575 52.939 4.021 3.8563 3.53 23.7633 25.9103 17.4579 4.1744 3.9265 0.2958 0.8261 8.329 0.763594264667 0.8529
2017-02-19 19:29:47.835000 21150.283 3.433 50.622 34.303 52.945 4.021 3.857 3.5292 23.7646 25.9074 17.4579 4.1744 3.9263 0.2956 0.826 8.329 0.732663142473 0.8529
2017-02-19 19:31:02.041000 21224.489 3.472 50.622 33.687 52.938 4.021 3.8563 3.5295 23.7647 25.9106 17.458 4.1745 3.9263 0.2956 0.8261 8.329 0.885127407628 0.853
2017-02-19 19:32:16.318000 21298.766 3.369 50.621 34.384 52.939 4.021 3.8566 3.53 23.765 25.9102 17.4582 4.1747 3.9271 0.2957 0.8261 8.329 0.843124801855 0.853
2017-02-19 19:33:30.645000 21373.093 3.501 50.62 33.881 52.937 4.021 3.8567 3.5294 23.7639 25.9096 17.4579 4.1747 3.9265 0.2958 0.826 8.329 0.759879734644 0.8529
2017-02-19 19:34:45.342000 21447.79 3.477 50.619 34.077 52.936 4.021 3.8568 3.5293 23.764 25.9095 17.4581 4.1747 3.9266 0.2958 0.8262 8.329 0.774737854735 0.8532
2017-02-19 19:35:59.807000 21522.255 3.286 50.617 34.219 52.934 4.021 3.8572 3.5294 23.765 25.9074 17.4581 4.1748 3.9268 0.2957 0.8259 8.329 0.875600041857 0.8527
2017-02-19 19:37:14.265000 21596.713 3.413 50.616 33.644 52.933 4.021 3.8563 3.53 23.7655 25.9099 17.4581 4.1748 3.9266 0.2957 0.826 8.329 0.904653109629 0.8528
2017-02-19 19:38:28.734000 21671.182 3.399 50.619 34.371 52.931 4.02 3.8556 3.5285 23.7647 25.9099 17.4577 4.1746 3.9259 0.2957 0.826 8.329 0.856545310313 0.8529
2017-02-19 19:39:43.346000 21745.794 3.313 50.616 33.753 52.938 4.021 3.8561 3.529 23.7637 25.9106 17.4578 4.1746 3.9264 0.2957 0.8261 8.329 0.778452384757 0.8531
2017-02-19 19:40:57.973000 21820.421 3.489 50.614 34.017 52.931 4.021 3.8561 3.5284 23.7641 25.9096 17.4578 4.1748 3.9265 0.2957 0.8261 8.328 0.999392115469 0.8532
2017-02-19 19:42:12.611000 21895.059 3.441 50.612 34.173 52.93 4.021 3.8563 3.5292 23.763 25.9095 17.4577 4.1746 3.9264 0.2958 0.8263 8.328 0.8946547734 0.8534
2017-02-19 19:43:27.263000 21969.711 3.288 50.612 34.0 52.928 4.021 3.8567 3.5296 23.7636 25.9071 17.458 4.1745 3.9265 0.2957 0.8258 8.328 0.722923784248 0.8528
2017-02-19 19:44:42.332000 22044.78 3.311 50.611 33.786 52.927 4.021 3.8563 3.5291 23.7637 25.9075 17.4578 4.1748 3.9262 0.2957 0.8258 8.328 0.719677331506 0.8526
2017-02-19 19:45:57.088000 22119.536 3.345 50.609 34.041 52.925 4.021 3.8562 3.5287 23.7647 25.9067 17.458 4.1746 3.9265 0.2958 0.8261 8.328 0.866072676085 0.853
2017-02-19 19:47:11.854000 22194.302 3.443 50.608 34.219 52.915 4.021 3.8566 3.5289 23.7647 25.9064 17.4576 4.1747 3.9267 0.2958 0.826 8.328 0.732663142473 0.853
2017-02-19 19:48:26.703000 22269.151 3.341 50.607 34.384 52.92 4.021 3.8567 3.5291 23.765 25.9102 17.4579 4.1747 3.9267 0.2958 0.826 8.328 0.722923784248 0.8528
2017-02-19 19:49:41.630000 22344.078 3.288 50.605 33.606 52.921 4.021 3.8564 3.5293 23.765 25.9102 17.4576 4.1747 3.9264 0.2957 0.8255 8.327 0.771023324712 0.8521
2017-02-19 19:50:56.519000 22418.967 3.39 50.606 33.607 52.916 4.021 3.8561 3.5299 23.7651 25.9099 17.4576 4.1747 3.9262 0.2957 0.8253 8.327 0.851781627427 0.8519
2017-02-19 19:52:11.465000 22493.913 3.472 50.605 33.724 52.919 4.021 3.8557 3.5298 23.765 25.9099 17.4577 4.1746 3.9266 0.2956 0.8254 8.327 1.0185652438 0.8519
2017-02-19 19:53:26.444000 22568.892 3.5 50.603 33.88 52.919 4.021 3.8555 3.5295 23.7649 25.9096 17.4575 4.1747 3.9268 0.2957 0.8256 8.327 0.880363724743 0.8522
2017-02-19 19:54:41.799000 22644.247 3.355 50.601 33.581 52.917 4.021 3.8564 3.5294 23.7649 25.9064 17.4573 4.1748 3.9269 0.2958 0.826 8.327 0.875600041857 0.8528
2017-02-19 19:55:56.910000 22719.358 3.489 50.601 33.789 52.916 4.021 3.8559 3.5286 23.7645 25.9064 17.4575 4.1748 3.9263 0.2958 0.8259 8.327 0.915253397085 0.8527
2017-02-19 19:57:12.065000 22794.513 3.333 50.602 33.97 52.917 4.021 3.8562 3.5291 23.7649 25.9064 17.4573 4.1747 3.9271 0.2958 0.8257 8.327 0.838896507239 0.8524
2017-02-19 19:58:27.225000 22869.673 3.393 50.597 33.604 52.914 4.021 3.8555 3.5289 23.7645 25.9069 17.458 4.1748 3.927 0.2958 0.8257 8.327 0.800841855695 0.8525
2017-02-19 19:59:42.490000 22944.938 3.499 50.597 33.825 52.914 4.021 3.8551 3.5285 23.7637 25.9085 17.4577 4.1748 3.9263 0.2959 0.826 8.326 0.785881444802 0.8529
2017-02-19 20:00:57.690000 23020.138 3.332 50.598 33.62 52.916 4.021 3.8551 3.5286 23.7639 25.9088 17.4574 4.1747 3.9267 0.2958 0.8259 8.326 0.880363724743 0.8528
2017-02-19 20:02:13.017000 23095.465 3.394 50.598 33.584 52.914 4.021 3.8548 3.5281 23.7647 25.9085 17.4572 4.1747 3.9263 0.2957 0.8255 8.326 0.8946547734 0.8521
2017-02-19 20:03:28.706000 23171.154 3.337 50.6 34.384 52.914 4.02 3.8537 3.5276 23.7645 25.9088 17.4576 4.1745 3.9253 0.2957 0.8255 8.326 0.805070150311 0.852
2017-02-19 20:04:44.022000 23246.47 3.461 50.596 34.279 52.909 4.02 3.8544 3.5282 23.765 25.9103 17.4574 4.1744 3.9259 0.2959 0.826 8.326 0.745648953439 0.8529
2017-02-19 20:05:59.431000 23321.879 3.407 50.595 34.353 52.91 4.021 3.8548 3.5294 23.7634 25.9092 17.4576 4.1746 3.9268 0.2959 0.826 8.326 0.925853684541 0.8528
2017-02-19 20:07:14.957000 23397.405 3.481 50.593 34.002 52.907 4.02 3.8548 3.5281 23.7634 25.9067 17.4577 4.1747 3.9261 0.2959 0.8264 8.326 0.771023324712 0.8535
2017-02-19 20:08:30.486000 23472.934 3.431 50.593 33.612 52.907 4.02 3.8542 3.5278 23.7626 25.9092 17.458 4.1744 3.9258 0.2958 0.826 8.325 0.817755034159 0.8529
2017-02-19 20:09:46.003000 23548.451 3.311 50.593 33.724 52.908 4.02 3.8537 3.527 23.7638 25.9083 17.4578 4.1744 3.9252 0.2958 0.8262 8.325 0.915253397085 0.853
2017-02-19 20:11:01.581000 23624.029 3.449 50.592 34.21 52.907 4.02 3.8536 3.5276 23.7637 25.9085 17.4583 4.1744 3.9255 0.2958 0.8265 8.325 0.843124801855 0.8535
2017-02-19 20:12:17.536000 23699.984 3.308 50.588 33.796 52.903 4.02 3.8541 3.5285 23.7644 25.9083 17.4584 4.1745 3.9261 0.2959 0.8266 8.325 0.752450674599 0.8537
2017-02-19 20:13:33.207000 23775.655 3.29 50.587 34.249 52.901 4.021 3.8545 3.5287 23.7645 25.9067 17.4586 4.1747 3.9266 0.2959 0.8267 8.325 0.778452384757 0.8538
2017-02-19 20:14:48.845000 23851.293 3.412 50.584 34.319 52.899 4.021 3.8546 3.529 23.7635 25.9092 17.4583 4.1751 3.9268 0.2959 0.8267 8.325 0.748895406181 0.8537
2017-02-19 20:16:04.594000 23927.042 3.325 50.583 33.633 52.897 4.022 3.8542 3.5297 23.7629 25.9088 17.459 4.1752 3.9272 0.2958 0.8265 8.325 0.79702503487 0.8533
2017-02-19 20:17:20.412000 24002.86 3.286 50.584 34.084 52.895 4.021 3.8535 3.5297 23.7634 25.9088 17.459 4.1753 3.9268 0.2957 0.8267 8.325 0.904653109629 0.8534
2017-02-19 20:18:36.250000 24078.698 3.503 50.584 33.887 52.897 4.021 3.8527 3.5288 23.7635 25.9053 17.4593 4.1753 3.9261 0.2957 0.827 8.325 1.03138621561 0.8539
2017-02-19 20:19:52.112000 24154.56 3.285 50.581 34.108 52.894 4.021 3.8521 3.5285 23.7637 25.9089 17.4595 4.1754 3.9267 0.2958 0.8277 8.325 0.936453971997 0.8547
2017-02-19 20:21:08.359000 24230.807 3.482 50.58 34.042 52.892 4.021 3.8514 3.529 23.7642 25.9092 17.46 4.1755 3.9264 0.2959 0.8282 8.324 0.821983328775 0.8553
2017-02-19 20:22:24.346000 24306.794 3.293 50.578 33.932 52.892 4.021 3.8505 3.5283 23.764 25.906 17.4605 4.176 3.9268 0.296 0.8287 8.325 0.70669152054 0.8557
2017-02-19 20:23:40.312000 24382.76 3.479 50.576 34.072 52.889 4.021 3.8489 3.5281 23.7639 25.9092 17.4615 4.1763 3.9263 0.2962 0.8297 8.324 0.793310504847 0.8568
2017-02-19 20:24:56.369000 24458.817 3.295 50.574 33.895 52.889 4.021 3.847 3.5296 23.7644 25.9085 17.4626 4.1768 3.9268 0.2962 0.8316 8.324 0.899418456286 0.8587
2017-02-19 20:26:12.417000 24534.865 3.476 50.572 34.092 52.887 4.02 3.826 3.5269 23.7622 25.9044 17.4646 4.1787 3.9248 0.2962 0.854 8.324 1.03138621561 0.8783
2017-02-19 20:27:28.574000 24611.022 3.389 50.573 34.353 52.887 4.019 3.8075 3.5257 23.7624 25.9088 17.4706 4.1821 3.9243 0.2967 0.8772 8.323 0.742402500698 0.9004
2017-02-19 20:28:44.771000 24687.219 3.356 50.571 33.556 52.887 4.017 3.793 3.523 23.7619 25.9075 17.4818 4.1851 3.9222 0.2973 0.9044 8.323 0.847353096471 0.9259
2017-02-19 20:30:01.260000 24763.708 3.504 50.57 33.826 52.883 4.017 3.781 3.5224 23.7617 25.9081 17.4968 4.1875 3.9217 0.2979 0.9343 8.322 0.999392115469 0.9582
2017-02-19 20:31:17.506000 24839.954 3.447 50.567 34.225 52.881 4.015 3.7715 3.5224 23.7614 25.9069 17.513 4.1894 3.9204 0.2987 0.9675 8.321 1.12995240662 0.9911
2017-02-19 20:32:33.787000 24916.235 3.316 50.566 33.711 52.882 4.015 3.7651 3.5228 23.7604 25.9081 17.5294 4.1906 3.92 0.2995 0.9958 8.321 1.19404449662 1.0195
2017-02-19 20:33:50.067000 24992.515 3.453 50.563 33.662 52.879 4.015 3.7604 3.5232 23.7601 25.9078 17.545 4.1918 3.9198 0.3002 1.0189 8.321 0.904653109629 1.0456
2017-02-19 20:35:06.455000 25068.903 3.473 50.564 34.074 52.878 4.014 3.7573 3.5231 23.7594 25.9046 17.5594 4.1924 3.9195 0.3008 1.0395 8.32 0.915253397085 1.0668
2017-02-19 20:36:22.842000 25145.29 3.292 50.562 33.915 52.876 4.014 3.7556 3.5245 23.7607 25.9074 17.572 4.193 3.9193 0.3014 1.0557 8.32 1.12995240662 1.0834
2017-02-19 20:37:39.300000 25221.748 3.34 50.56 33.561 52.874 4.015 3.7555 3.5263 23.7615 25.9048 17.5833 4.1935 3.9194 0.3019 1.0689 8.32 1.28530956256 1.0969
2017-02-19 20:38:56.147000 25298.595 3.311 50.559 33.718 52.875 4.015 3.7553 3.5267 23.7613 25.9083 17.5927 4.1941 3.9194 0.3023 1.0791 8.32 1.28530956256 1.1074
2017-02-19 20:40:12.685000 25375.133 3.43 50.559 33.622 52.874 4.014 3.7557 3.5275 23.7611 25.9083 17.601 4.1941 3.919 0.3025 1.0873 8.32 1.15295446251 1.1157
2017-02-19 20:41:29.291000 25451.739 3.491 50.557 33.984 52.872 4.015 3.7569 3.5297 23.7609 25.9083 17.608 4.1944 3.92 0.3028 1.0937 8.32 1.0121547579 1.1223
2017-02-19 20:42:45.918000 25528.366 3.488 50.555 33.755 52.869 4.015 3.7573 3.5292 23.7601 25.9078 17.6135 4.1947 3.9197 0.303 1.0988 8.319 0.970145989186 1.1276
2017-02-19 20:44:02.565000 25605.013 3.447 50.554 34.169 52.87 4.015 3.759 3.531 23.7617 25.9092 17.6184 4.195 3.9203 0.3032 1.1028 8.319 0.981844439699 1.1318
2017-02-19 20:45:19.253000 25681.701 3.31 50.554 34.355 52.868 4.015 3.7595 3.531 23.7617 25.9085 17.622 4.195 3.9199 0.3034 1.1059 8.319 1.28530956256 1.1352
2017-02-19 20:46:36.404000 25758.852 3.502 50.554 33.78 52.868 4.015 3.7599 3.5306 23.762 25.9054 17.6255 4.1951 3.9196 0.3035 1.1084 8.319 1.28530956256 1.1381
2017-02-19 20:47:53.180000 25835.628 3.438 50.551 34.213 52.865 4.015 3.7613 3.5318 23.7626 25.9078 17.6278 4.1951 3.9203 0.3036 1.1102 8.319 0.941754115726 1.1401
2017-02-19 20:49:09.969000 25912.417 3.476 50.55 34.009 52.862 4.015 3.7617 3.5325 23.7616 25.9083 17.6301 4.1952 3.9202 0.3036 1.1117 8.318 0.899418456286 1.1419
2017-02-19 20:50:26.870000 25989.318 3.502 50.545 33.777 52.863 4.016 3.7632 3.5324 23.7627 25.9075 17.6317 4.1955 3.9204 0.3035 1.1128 8.319 1.36800145378 1.143
2017-02-19 20:51:43.845000 26066.293 3.413 50.547 33.595 52.86 4.016 3.7636 3.5338 23.7627 25.9085 17.633 4.1957 3.9212 0.3035 1.1138 8.319 1.27611207395 1.1444
2017-02-19 20:53:00.736000 26143.184 3.46 50.544 34.163 52.859 4.016 3.764 3.5332 23.7619 25.9071 17.6341 4.1959 3.9211 0.3035 1.1147 8.319 1.21172965366 1.1452
2017-02-19 20:54:17.744000 26220.192 3.501 50.546 33.921 52.86 4.016 3.765 3.5335 23.7629 25.9075 17.6353 4.196 3.9208 0.3036 1.1154 8.318 1.12995240662 1.1462
2017-02-19 20:55:35.189000 26297.637 3.297 50.546 33.858 52.858 4.016 3.7649 3.534 23.7625 25.9071 17.6356 4.1961 3.921 0.3036 1.1159 8.318 1.21172965366 1.1468
2017-02-19 20:56:52.266000 26374.714 3.416 50.545 34.088 52.856 4.016 3.7652 3.5333 23.7627 25.9078 17.6362 4.196 3.9208 0.3035 1.1164 8.318 1.20253216505 1.1472
2017-02-19 20:58:09.326000 26451.774 3.468 50.542 34.115 52.856 4.017 3.767 3.5351 23.7629 25.9044 17.6366 4.1965 3.9221 0.3036 1.1169 8.318 0.936453971997 1.1479
2017-02-19 20:59:26.465000 26528.913 3.5 50.54 33.942 52.853 4.016 3.7657 3.5339 23.7631 25.9069 17.6373 4.1966 3.9211 0.3037 1.1173 8.318 0.993542890212 1.1484
2017-02-19 21:00:43.693000 26606.141 3.466 50.542 33.692 52.852 4.016 3.7657 3.5343 23.7624 25.9067 17.6377 4.1964 3.9212 0.3038 1.1175 8.318 1.27611207395 1.1486
2017-02-19 21:02:00.932000 26683.38 3.286 50.54 34.122 52.851 4.016 3.7662 3.5339 23.7616 25.9067 17.6378 4.1964 3.9213 0.3038 1.1178 8.318 1.44841467486 1.1489
2017-02-19 21:03:18.551000 26760.999 3.472 50.538 34.049 52.852 4.016 3.7658 3.534 23.7629 25.9039 17.6381 4.1963 3.9206 0.3038 1.118 8.318 1.32551898068 1.1492
2017-02-19 21:04:35.888000 26838.336 3.317 50.537 33.662 52.848 4.016 3.7673 3.5345 23.7631 25.9071 17.6378 4.1964 3.9216 0.3038 1.1181 8.318 1.20253216505 1.1494
2017-02-19 21:05:53.235000 26915.683 3.365 50.536 34.372 52.848 4.016 3.7663 3.5346 23.7627 25.9069 17.638 4.1964 3.921 0.3038 1.1184 8.317 1.03138621561 1.1496
2017-02-19 21:07:10.605000 26993.053 3.42 50.535 34.276 52.846 4.016 3.7664 3.5337 23.7628 25.9074 17.6381 4.1964 3.921 0.3038 1.1184 8.317 0.970145989186 1.1496
2017-02-19 21:08:28.064000 27070.512 3.385 50.532 33.548 52.845 4.017 3.7667 3.5349 23.7619 25.9071 17.6382 4.1965 3.9215 0.3039 1.1185 8.317 1.1858264898 1.1497
2017-02-19 21:09:45.560000 27148.008 3.295 50.528 34.265 52.842 4.017 3.7675 3.5352 23.7627 25.9036 17.6384 4.1967 3.9221 0.3039 1.1185 8.317 1.25771709672 1.1498
2017-02-19 21:11:03.869000 27226.317 3.292 50.53 34.258 52.84 4.017 3.7672 3.5349 23.7617 25.9069 15.0261 4.1968 3.9218 0.3039 1.1187 8.317 1.12236002803 1.15
2017-02-19 21:12:21.292000 27303.74 3.498 50.529 33.949 52.84 4.017 3.7682 3.5357 23.7625 25.9039 12.734 4.1968 3.9219 0.3039 1.1185 8.317 0.880363724743 1.1517
2017-02-19 21:13:38.815000 27381.263 3.302 50.524 33.812 52.838 4.017 3.7676 3.5349 23.7625 25.9054 11.5131 4.1963 3.9218 0.3037 1.1174 8.317 1.20253216505 1.1557
2017-02-19 21:14:56.318000 27458.766 3.416 50.525 34.336 52.837 4.016 3.7662 3.5349 23.7626 25.9054 10.5364 4.1953 3.921 0.3035 1.1152 8.317 1.17760848298 1.1621
2017-02-19 21:16:13.890000 27536.338 3.392 50.525 33.579 52.836 4.016 3.7651 3.533 23.7622 25.9062 9.6154 4.1935 3.9202 0.3033 1.1118 8.316 1.48484289226 1.1704
2017-02-19 21:17:31.443000 27613.891 3.292 50.522 34.252 52.834 4.016 3.7644 3.5331 23.7624 25.9057 8.7317 4.1918 3.9209 0.303 1.1073 8.316 0.999392115469 1.1799
2017-02-19 21:18:49.602000 27692.05 3.29 50.521 33.58 52.832 4.016 3.7635 3.5328 23.7625 25.9067 7.9001 4.1901 3.9205 0.3028 1.1019 8.316 1.03779670151 1.1902
2017-02-19 21:20:07.347000 27769.795 3.494 50.519 33.973 52.83 4.016 3.762 3.5319 23.7623 25.9067 7.1282 4.1887 3.9203 0.3025 1.0958 8.316 0.999392115469 1.2008
2017-02-19 21:21:25.162000 27847.61 3.317 50.519 34.371 52.828 4.015 3.7598 3.5314 23.7611 25.9054 6.4302 4.1871 3.9201 0.3024 1.0892 8.315 1.2393221195 1.2118
2017-02-19 21:22:42.964000 27925.412 3.502 50.516 33.799 52.828 4.015 3.7585 3.5314 23.7611 25.9064 5.8219 4.1855 3.9198 0.3023 1.0823 8.315 1.3998633086 1.223
2017-02-19 21:24:00.757000 28003.205 3.384 50.514 34.36 52.825 4.015 3.7561 3.5305 23.7611 25.9069 5.2548 4.1841 3.9197 0.3022 1.0753 8.315 0.931153828269 1.2349
2017-02-19 21:25:18.706000 28081.154 3.292 50.512 33.929 52.823 4.016 3.7549 3.5318 23.7614 25.9032 4.7483 4.1832 3.9202 0.3021 1.0682 8.315 0.999392115469 1.2481
2017-02-19 21:26:37.021000 28159.469 3.406 50.511 33.607 52.823 4.015 3.7529 3.5308 23.7609 25.9057 4.304 4.1825 3.9197 0.302 1.0612 8.314 1.17760848298 1.2613
2017-02-19 21:27:55.002000 28237.45 3.45 50.508 34.218 52.819 4.015 3.7506 3.53 23.761 25.9053 3.9271 4.1816 3.9197 0.3019 1.0545 8.314 1.05067367965 1.274
2017-02-19 21:29:13.087000 28315.535 3.454 50.506 34.21 52.817 4.014 3.7484 3.53 23.7607 25.9048 3.6171 4.1807 3.9193 0.3019 1.048 8.314 1.68496809353 1.2864
2017-02-19 21:30:31.163000 28393.611 3.288 50.504 34.23 52.816 4.014 3.747 3.5298 23.7611 25.905 3.365 4.18 3.919 0.3019 1.0416 8.314 1.32551898068 1.2983
2017-02-19 21:31:49.285000 28471.733 3.336 50.503 33.599 52.813 4.014 3.7447 3.5284 23.7611 25.9046 3.168 4.1792 3.9182 0.3019 1.036 8.313 1.3998633086 1.3107
2017-02-19 21:33:07.476000 28549.924 3.49 50.503 33.927 52.812 4.014 3.7431 3.5286 23.7618 25.905 3.0181 4.1787 3.9188 0.3019 1.0307 8.313 1.7177720802 1.3221
2017-02-19 21:34:26.118000 28628.566 3.346 50.5 33.542 52.81 4.014 3.7419 3.5296 23.7615 25.905 2.9054 4.1785 3.919 0.3019 1.0261 8.313 1.09262414544 1.334
2017-02-19 21:35:44.306000 28706.754 3.491 50.499 33.996 52.809 4.014 3.741 3.5294 23.7618 25.9046 2.8241 4.1783 3.9189 0.3019 1.0216 8.313 1.28530956256 1.3458
2017-02-19 21:37:02.659000 28785.107 3.486 50.498 34.003 52.808 4.015 3.74 3.5297 23.7617 25.9053 2.7652 4.1781 3.919 0.302 1.0178 8.313 1.31489836241 1.3572
2017-02-19 21:38:20.886000 28863.334 3.318 50.498 34.345 52.806 4.014 3.7382 3.5292 23.7616 25.9057 2.7239 4.1779 3.9186 0.3021 1.0146 8.312 1.34676021723 1.3683
2017-02-19 21:39:39.169000 28941.617 3.323 50.497 34.343 52.807 4.013 3.737 3.5281 23.7611 25.9046 2.6947 4.1775 3.9174 0.3021 1.0118 8.312 2.12330107989 1.3789
2017-02-19 21:40:57.635000 29020.083 3.317 50.495 34.345 52.804 4.013 3.7357 3.5283 23.7614 25.9013 2.6737 4.1769 3.9172 0.3022 1.0092 8.311 1.752319382 1.3889
2017-02-19 21:42:16.444000 29098.892 3.311 50.497 34.329 52.803 4.012 3.7348 3.5279 23.7611 25.9046 2.659 4.1766 3.917 0.3022 1.0067 8.311 1.29450705117 1.3981
2017-02-19 21:43:35.021000 29177.469 3.479 50.495 34.05 52.804 4.012 3.7333 3.5276 23.7609 25.9044 2.6486 4.1764 3.9168 0.3023 1.0045 8.311 1.29450705117 1.407
2017-02-19 21:44:53.525000 29255.973 3.446 50.496 34.18 52.804 4.012 3.7329 3.5278 23.761 25.9048 2.6414 4.1761 3.9166 0.3024 1.0027 8.311 1.44841467486 1.4157
2017-02-19 21:46:12.121000 29334.569 3.442 50.494 34.227 52.804 4.013 3.7328 3.5277 23.7615 25.9048 2.6365 4.176 3.917 0.3024 1.0014 8.311 1.57919973199 1.4245
2017-02-19 21:47:30.675000 29413.123 3.437 50.492 34.265 52.8 4.012 3.7317 3.5282 23.7611 25.9004 2.633 4.1761 3.917 0.3024 1.0003 8.31 1.28530956256 1.4331
2017-02-19 21:48:42.265000 29484.713 3.298 50.494 34.327 52.8 4.011 3.7311 3.5273 23.7612 25.9006 2.6304 4.1757 3.9158 0.3025 0.9995 8.31 1.16117246933 1.4407
2017-02-19 21:49:52.954000 29555.402 3.438 50.491 34.261 52.802 4.012 3.7302 3.5277 23.7614 25.9046 2.629 4.1756 3.9163 0.3025 0.9986 8.31 1.31489836241 1.4477
2017-02-19 21:51:03.680000 29626.128 3.317 50.492 33.644 52.799 4.011 3.73 3.5274 23.7612 25.9015 2.6275 4.1753 3.9162 0.3026 0.9979 8.31 1.3998633086 1.4548
2017-02-19 21:52:14.443000 29696.891 3.284 50.491 34.158 52.8 4.011 3.729 3.5271 23.7612 25.9044 2.6264 4.1752 3.9156 0.3027 0.9973 8.31 1.42412919659 1.4618
2017-02-19 21:53:25.186000 29767.634 3.495 50.494 33.944 52.8 4.01 3.7281 3.527 23.76 25.9036 2.6256 4.1748 3.915 0.3028 0.9969 8.31 1.59296939457 1.4686
2017-02-19 21:54:36.260000 29838.708 3.285 50.492 34.047 52.798 4.011 3.7287 3.5274 23.761 25.9039 2.6247 4.1744 3.9153 0.3028 0.9967 8.31 1.80458576668 1.4749
2017-02-19 21:55:47.002000 29909.45 3.501 50.49 34.37 52.8 4.01 3.7276 3.5271 23.7609 25.905 2.6242 4.1746 3.9152 0.3029 0.9963 8.31 1.21172965366 1.4809
2017-02-19 21:56:57.853000 29980.301 3.351 50.49 33.545 52.797 4.01 3.7273 3.5265 23.7599 25.9011 2.6235 4.1744 3.9152 0.3029 0.9959 8.309 0.981844439699 1.4868
2017-02-19 21:58:08.535000 30050.983 3.384 50.489 34.353 52.795 4.011 3.7272 3.5276 23.7611 25.9044 2.6231 4.1743 3.915 0.303 0.9957 8.309 1.7695930329 1.4926
2017-02-19 21:59:19.319000 30121.767 3.487 50.488 33.986 52.794 4.011 3.7273 3.5276 23.7603 25.9036 2.6227 4.1744 3.9154 0.3031 0.9954 8.309 1.52412108169 1.4985
2017-02-19 22:00:30.191000 30192.639 3.29 50.484 33.939 52.794 4.011 3.7281 3.5282 23.7611 25.9036 2.6224 4.1745 3.9158 0.3031 0.9952 8.309 1.33613959895 1.5039
2017-02-19 22:01:41.554000 30264.002 3.336 50.486 33.576 52.791 4.01 3.7268 3.5282 23.7611 25.9044 2.6222 4.1744 3.9152 0.3032 0.9948 8.309 1.23012463089 1.509
2017-02-19 22:02:52.257000 30334.705 3.288 50.488 34.015 52.794 4.01 3.7261 3.527 23.76 25.9036 2.6217 4.1742 3.9146 0.3033 0.9946 8.309 1.65401101757 1.5143
2017-02-19 22:04:03.071000 30405.519 3.498 50.487 33.922 52.793 4.011 3.7266 3.5284 23.7614 25.9036 2.6215 4.174 3.9149 0.3034 0.9944 8.309 1.21172965366 1.5194
2017-02-19 22:05:13.842000 30476.29 3.381 50.483 33.558 52.791 4.011 3.726 3.5283 23.7609 25.9053 2.6211 4.1742 3.9153 0.3035 0.9941 8.309 1.43627193572 1.5243
2017-02-19 22:06:25.124000 30547.572 3.467 50.483 34.113 52.789 4.011 3.7267 3.5291 23.7603 25.9034 2.6207 4.1742 3.9155 0.3035 0.9941 8.309 1.65401101757 1.5291
2017-02-19 22:07:35.915000 30618.363 3.477 50.482 33.704 52.789 4.011 3.7264 3.5292 23.7611 25.9044 2.6204 4.1743 3.916 0.3035 0.9939 8.309 1.1858264898 1.5344
2017-02-19 22:08:46.617000 30689.065 3.296 50.48 34.313 52.787 4.011 3.7259 3.5282 23.761 25.9046 2.62 4.1743 3.9154 0.3036 0.9937 8.309 1.7177720802 1.5397
2017-02-19 22:09:57.469000 30759.917 3.426 50.48 34.221 52.786 4.011 3.7267 3.5294 23.7613 25.9004 2.6197 4.1744 3.9158 0.3036 0.9935 8.309 1.49698563139 1.5448
2017-02-19 22:11:08.252000 30830.7 3.306 50.479 33.745 52.786 4.011 3.7257 3.5293 23.7609 25.904 2.6193 4.1745 3.9158 0.3036 0.9934 8.309 1.41198645746 1.5497
2017-02-19 22:12:19.496000 30901.944 3.418 50.478 33.583 52.786 4.01 3.7254 3.5285 23.7608 25.9034 2.6192 4.1743 3.9148 0.3037 0.9932 8.308 1.32551898068 1.5548
2017-02-19 22:13:30.377000 30972.825 3.305 50.478 33.77 52.784 4.011 3.726 3.5289 23.7608 25.8997 2.6191 4.1742 3.9153 0.3037 0.9931 8.308 1.62305394162 1.5594
2017-02-19 22:14:41.182000 31043.63 3.448 50.479 34.203 52.785 4.01 3.7247 3.5285 23.7607 25.9039 2.6187 4.174 3.915 0.3037 0.9931 8.308 1.7004984293 1.5641
2017-02-19 22:15:51.883000 31114.331 3.5 50.476 33.742 52.784 4.011 3.725 3.5291 23.7599 25.9001 2.6184 4.1739 3.9151 0.3038 0.993 8.308 1.51035141912 1.5689
2017-02-19 22:17:02.675000 31185.123 3.29 50.477 34.25 52.784 4.01 3.7247 3.5295 23.7608 25.9036 2.6182 4.1739 3.9148 0.3038 0.9928 8.308 1.36800145378 1.5735
2017-02-19 22:18:13.900000 31256.348 3.296 50.476 33.692 52.784 4.009 3.7242 3.528 23.7604 25.9034 2.6179 4.1736 3.9141 0.3038 0.9925 8.307 1.38924269032 1.578
2017-02-19 22:19:24.746000 31327.194 3.292 50.475 34.258 52.784 4.01 3.7247 3.5285 23.7607 25.9004 2.6177 4.1737 3.9151 0.3038 0.9924 8.307 1.33613959895 1.5827
2017-02-19 22:20:35.498000 31397.946 3.482 50.472 33.675 52.776 4.011 3.7248 3.5294 23.7608 25.9032 2.6174 4.1739 3.9153 0.3039 0.9922 8.308 2.02917534247 1.587
2017-02-19 22:21:46.369000 31468.817 3.329 50.473 33.63 52.78 4.01 3.7239 3.5288 23.7601 25.903 2.6173 4.1738 3.9144 0.3038 0.9922 8.307 1.3573808355 1.5918
2017-02-19 22:22:57.151000 31539.599 3.419 50.472 34.308 52.777 4.011 3.7252 3.5298 23.7611 25.9039 2.6172 4.1728 3.9139 0.3038 0.9922 8.307 1.92133514865 1.5962
2017-02-19 22:24:08.534000 31610.982 3.29 50.47 34.227 52.777 4.011 3.725 3.5295 23.7611 25.9036 2.6172 4.1739 3.9158 0.3037 0.9923 8.307 1.37862207205 1.6006
2017-02-19 22:25:19.370000 31681.818 3.478 50.467 34.252 52.775 4.012 3.7253 3.5295 23.76 25.9036 2.6174 4.1742 3.9161 0.3038 0.9924 8.308 1.7004984293 1.6048
2017-02-19 22:26:30.158000 31752.606 3.322 50.466 33.658 52.772 4.012 3.7259 3.5306 23.7613 25.904 2.6175 4.1744 3.9164 0.3037 0.9923 8.307 1.86198180237 1.6085
2017-02-19 22:27:40.864000 31823.312 3.447 50.463 34.176 52.771 4.012 3.7256 3.5304 23.761 25.9044 2.6178 4.1748 3.9167 0.3037 0.9921 8.308 1.53789074427 1.6121
2017-02-19 22:28:52.618000 31895.066 3.32 50.465 34.332 52.77 4.012 3.7254 3.5302 23.7611 25.904 2.6176 4.1747 3.9167 0.3038 0.9919 8.308 1.3573808355 1.616
2017-02-19 22:30:03.422000 31965.87 3.421 50.464 33.597 52.77 4.012 3.7262 3.5307 23.7612 25.902 2.6177 4.1749 3.9168 0.3038 0.9918 8.308 1.22092714228 1.6199
2017-02-19 22:31:14.247000 32036.695 3.306 50.464 33.746 52.77 4.012 3.725 3.53 23.7609 25.9034 2.6177 4.1749 3.9161 0.3038 0.9917 8.307 1.84284979048 1.6235
2017-02-19 22:32:25.010000 32107.458 3.46 50.463 34.145 52.772 4.012 3.7252 3.5301 23.7601 25.9006 2.6177 4.1749 3.9168 0.3039 0.9916 8.307 1.47270015313 1.6272
2017-02-19 22:33:35.834000 32178.282 3.296 50.461 33.857 52.768 4.012 3.7251 3.5309 23.7612 25.9039 2.6179 4.175 3.9164 0.3039 0.9913 8.307 1.42412919659 1.6308
2017-02-19 22:34:47.058000 32249.506 3.482 50.461 34.03 52.767 4.012 3.7252 3.5312 23.7611 25.9039 2.6177 4.175 3.917 0.304 0.9908 8.307 1.48484289226 1.634
2017-02-19 22:35:57.894000 32320.342 3.296 50.463 33.855 52.766 4.013 3.7259 3.5318 23.7609 25.9011 2.6174 4.1752 3.9172 0.3041 0.9903 8.307 1.65401101757 1.6375
2017-02-19 22:37:08.688000 32391.136 3.311 50.459 34.337 52.766 4.013 3.7261 3.5323 23.7612 25.9044 2.6171 4.1756 3.9178 0.3041 0.99 8.307 1.22092714228 1.6413
2017-02-19 22:38:19.511000 32461.959 3.418 50.456 33.592 52.763 4.013 3.7256 3.5312 23.7602 25.904 2.617 4.1755 3.9175 0.3042 0.9895 8.307 1.53789074427 1.6449
2017-02-19 22:39:30.299000 32532.747 3.324 50.457 34.362 52.763 4.012 3.7257 3.5312 23.7611 25.905 2.6166 4.1755 3.9167 0.3042 0.989 8.307 2.05222931418 1.649
2017-02-19 22:40:41.744000 32604.192 3.29 50.461 33.592 52.766 4.012 3.7245 3.5316 23.7608 25.904 2.6163 4.1753 3.9163 0.3042 0.9887 8.307 2.39624283339 1.6537
2017-02-19 22:41:52.658000 32675.106 3.344 50.459 34.348 52.765 4.012 3.7247 3.5309 23.7609 25.9044 2.616 4.175 3.9162 0.3042 0.9882 8.306 1.33613959895 1.6575
2017-02-19 22:43:03.611000 32746.059 3.378 50.457 33.548 52.764 4.012 3.7255 3.5311 23.7611 25.8999 2.6157 4.175 3.9167 0.3041 0.9876 8.306 1.37862207205 1.6613
2017-02-19 22:44:14.514000 32816.962 3.348 50.459 34.357 52.764 4.011 3.7239 3.5301 23.7611 25.9036 2.6155 4.1749 3.9158 0.3041 0.987 8.306 1.63853247959 1.6647
2017-02-19 22:45:25.836000 32888.284 3.286 50.46 34.1 52.765 4.011 3.7238 3.5295 23.7607 25.9044 2.6154 4.1748 3.9158 0.3041 0.9862 8.306 1.16939047616 1.6682
2017-02-19 22:46:36.758000 32959.206 3.503 50.458 33.846 52.763 4.011 3.724 3.5297 23.761 25.9013 2.615 4.1746 3.9153 0.304 0.985 8.306 2.00612137077 1.6711
2017-02-19 22:47:47.712000 33030.16 3.287 50.459 34.142 52.765 4.011 3.7239 3.531 23.761 25.9032 2.6148 4.1745 3.9159 0.3039 0.9836 8.306 1.7695930329 1.6741
2017-02-19 22:48:58.714000 33101.162 3.499 50.454 33.776 52.762 4.012 3.7241 3.5303 23.7609 25.9046 2.6146 4.1747 3.9162 0.304 0.9822 8.306 1.752319382 1.6773
2017-02-19 22:50:10.306000 33172.754 3.447 50.454 34.163 52.76 4.012 3.7243 3.5305 23.7599 25.9034 2.6146 4.1748 3.9161 0.304 0.9816 8.306 1.42412919659 1.6818
2017-02-19 22:51:21.218000 33243.666 3.307 50.454 33.739 52.76 4.011 3.7242 3.5299 23.7611 25.9034 2.6148 4.1747 3.916 0.3041 0.9817 8.306 2.09833725758 1.6866
2017-02-19 22:52:32.231000 33314.679 3.447 50.457 34.215 52.762 4.011 3.7225 3.5288 23.7609 25.9032 2.6151 4.1745 3.9149 0.3041 0.982 8.306 1.3998633086 1.6913
2017-02-19 22:53:43.164000 33385.612 3.306 50.457 33.752 52.763 4.01 3.7225 3.5293 23.76 25.9039 2.6151 4.1742 3.9153 0.3042 0.9823 8.305 2.07528328588 1.6956
2017-02-19 22:54:54.696000 33457.144 3.413 50.458 33.568 52.764 4.01 3.7225 3.529 23.7607 25.9004 2.6151 4.174 3.9146 0.3043 0.9823 8.305 1.86198180237 1.6991
2017-02-19 22:56:05.669000 33528.117 3.322 50.457 34.346 52.764 4.009 3.7216 3.5289 23.7607 25.9032 2.6147 4.1737 3.9139 0.3044 0.9822 8.305 1.41198645746 1.7028
2017-02-19 22:57:16.760000 33599.208 3.406 50.459 33.584 52.764 4.009 3.7216 3.5286 23.761 25.9032 2.6143 4.1735 3.914 0.3044 0.9822 8.305 1.7868666838 1.7062
2017-02-19 22:58:28.054000 33670.502 3.313 50.459 34.325 52.761 4.01 3.7221 3.5295 23.7597 25.9013 2.6139 4.1735 3.9146 0.3044 0.9821 8.305 1.26691458534 1.7097
2017-02-19 22:59:39.156000 33741.604 3.287 50.457 34.042 52.764 4.009 3.7214 3.5291 23.7609 25.9036 2.6135 4.1733 3.9142 0.3046 0.9824 8.305 1.9002706565 1.7135
2017-02-19 23:00:51.201000 33813.649 3.292 50.459 34.269 52.763 4.009 3.7212 3.5291 23.7607 25.903 2.6132 4.1733 3.9139 0.3046 0.9826 8.304 1.96346413294 1.7171
2017-02-19 23:02:02.552000 33885.0 3.295 50.456 33.664 52.764 4.009 3.7211 3.5288 23.7609 25.9034 2.6129 4.1731 3.9137 0.3047 0.9828 8.304 1.88111381427 1.7207
2017-02-19 23:03:14.035000 33956.483 3.467 50.455 34.087 52.761 4.01 3.7217 3.5292 23.7607 25.9044 2.6127 4.1732 3.9145 0.3047 0.9829 8.305 1.3998633086 1.7239
2017-02-19 23:04:25.716000 34028.164 3.501 50.45 33.826 52.76 4.01 3.7216 3.529 23.7605 25.904 2.6125 4.1733 3.9141 0.3047 0.983 8.304 1.7695930329 1.7273
2017-02-19 23:05:37.238000 34099.686 3.437 50.452 34.233 52.755 4.01 3.7221 3.5299 23.7602 25.904 2.6122 4.1735 3.9151 0.3047 0.9834 8.305 1.96346413294 1.7309
2017-02-19 23:06:48.340000 34170.788 3.311 50.45 33.693 52.755 4.01 3.7221 3.53 23.7607 25.903 2.6121 4.1736 3.9147 0.3047 0.9836 8.305 1.62305394162 1.7341
2017-02-19 23:07:59.553000 34242.001 3.417 50.451 34.153 52.755 4.01 3.7211 3.5296 23.7606 25.903 2.6119 4.1734 3.9142 0.3048 0.9839 8.304 1.38924269032 1.7371
2017-02-19 23:09:10.877000 34313.325 3.32 50.449 34.344 52.756 4.009 3.7213 3.5296 23.761 25.9034 2.6119 4.1733 3.9143 0.3049 0.9841 8.304 1.80458576668 1.7405
2017-02-19 23:10:22.493000 34384.941 3.296 50.451 33.843 52.755 4.01 3.7214 3.5305 23.7598 25.904 2.6117 4.1734 3.9145 0.3049 0.9844 8.304 2.02917534247 1.7436
2017-02-19 23:11:33.616000 34456.064 3.355 50.449 33.532 52.755 4.01 3.7222 3.5305 23.7609 25.9013 2.6112 4.1733 3.9143 0.3049 0.9846 8.304 2.12330107989 1.7468
2017-02-19 23:12:44.838000 34527.286 3.356 50.448 34.345 52.753 4.01 3.7219 3.5314 23.7607 25.9032 2.6112 4.1735 3.9148 0.305 0.9847 8.304 1.22092714228 1.7498
2017-02-19 23:13:56.089000 34598.537 3.284 50.447 33.539 52.753 4.01 3.7214 3.5301 23.7605 25.9039 2.611 4.1736 3.9143 0.3051 0.9847 8.304 2.2257491909 1.7532
2017-02-19 23:15:07.231000 34669.679 3.499 50.447 33.855 52.75 4.01 3.7216 3.5302 23.7601 25.9048 2.6108 4.1734 3.9142 0.3051 0.9845 8.304 1.2393221195 1.7564
2017-02-19 23:16:18.923000 34741.371 3.438 50.444 34.24 52.751 4.011 3.7224 3.5312 23.7609 25.9011 2.6104 4.1736 3.9155 0.3052 0.9844 8.304 2.19863790545 1.7596
2017-02-19 23:17:30.298000 34812.746 3.3 50.444 34.28 52.749 4.011 3.7226 3.5323 23.7609 25.9036 2.61 4.1739 3.9161 0.3052 0.9841 8.304 2.00612137077 1.7627
2017-02-19 23:18:41.641000 34884.089 3.297 50.444 33.833 52.749 4.011 3.7221 3.5315 23.761 25.9034 2.6098 4.1741 3.9154 0.3052 0.9838 8.304 1.57919973199 1.7659
2017-02-19 23:19:52.942000 34955.39 3.465 50.443 34.111 52.746 4.011 3.7221 3.5312 23.7609 25.9032 2.6097 4.1741 3.9154 0.3053 0.9835 8.304 2.49089090801 1.7691
2017-02-19 23:21:04.594000 35027.042 3.503 50.442 33.877 52.749 4.011 3.7222 3.5318 23.7597 25.9032 2.6094 4.174 3.9156 0.3053 0.9831 8.304 1.43627193572 1.7722
2017-02-19 23:22:15.827000 35098.275 3.285 50.443 34.107 52.749 4.011 3.7227 3.532 23.7609 25.9011 2.6091 4.1741 3.9156 0.3052 0.9829 8.304 1.60757540364 1.7756
2017-02-19 23:23:27.090000 35169.538 3.345 50.444 34.01 52.748 4.01 3.7217 3.532 23.7608 25.9028 2.6091 4.174 3.9148 0.3052 0.9824 8.304 1.7004984293 1.7785
2017-02-19 23:24:38.242000 35240.69 3.398 50.445 34.309 52.75 4.01 3.7211 3.5312 23.7607 25.903 2.6089 4.1737 3.9145 0.3052 0.9821 8.303 1.33613959895 1.7818
2017-02-19 23:25:50.064000 35312.512 3.453 50.444 34.194 52.749 4.01 3.7216 3.5315 23.7607 25.902 2.6089 4.1736 3.915 0.3053 0.982 8.303 1.33613959895 1.785
2017-02-19 23:27:01.266000 35383.714 3.303 50.441 33.812 52.745 4.011 3.7224 3.5326 23.7599 25.9036 2.6086 4.1738 3.9157 0.3053 0.9815 8.304 1.92133514865 1.7879
2017-02-19 23:28:12.657000 35455.105 3.452 50.441 33.632 52.745 4.011 3.7229 3.5325 23.7609 25.8999 2.6087 4.174 3.9157 0.3053 0.9809 8.304 2.02917534247 1.7907
2017-02-19 23:29:24.009000 35526.457 3.307 50.44 34.336 52.746 4.011 3.722 3.5326 23.7611 25.903 2.6085 4.1741 3.9155 0.3054 0.9806 8.304 1.84284979048 1.794
2017-02-19 23:30:35.920000 35598.368 3.408 50.44 34.321 52.744 4.011 3.7217 3.5324 23.7606 25.903 2.6083 4.174 3.9152 0.3055 0.9803 8.304 1.41198645746 1.7973
2017-02-19 23:31:47.242000 35669.69 3.287 50.442 34.213 52.745 4.01 3.7215 3.5314 23.7606 25.9028 2.6082 4.1739 3.9149 0.3055 0.9799 8.303 1.44841467486 1.7999
2017-02-19 23:32:58.654000 35741.102 3.303 50.438 33.814 52.745 4.01 3.7212 3.531 23.7596 25.9022 2.6079 4.1738 3.9144 0.3055 0.9795 8.303 2.28020105193 1.8028
2017-02-19 23:34:10.057000 35812.505 3.406 50.441 34.121 52.747 4.01 3.7213 3.5312 23.7604 25.8993 2.6077 4.1736 3.915 0.3055 0.9791 8.303 2.66415139753 1.8058
2017-02-19 23:35:21.991000 35884.439 3.494 50.44 33.941 52.744 4.01 3.7215 3.5317 23.7605 25.9001 2.6074 4.1737 3.9148 0.3055 0.9788 8.303 1.28530956256 1.809
2017-02-19 23:36:33.372000 35955.82 3.404 50.438 34.302 52.743 4.01 3.7212 3.5318 23.7605 25.9034 2.607 4.1736 3.915 0.3055 0.9783 8.303 2.12330107989 1.8119
2017-02-19 23:37:44.825000 36027.273 3.286 50.438 34.224 52.743 4.011 3.7215 3.5315 23.7605 25.9039 2.607 4.1738 3.9152 0.3054 0.978 8.303 1.33613959895 1.815
2017-02-19 23:38:56.276000 36098.724 3.301 50.44 33.774 52.744 4.01 3.7208 3.5309 23.7606 25.903 2.607 4.1736 3.9144 0.3054 0.9777 8.303 3.03355625428 1.8184
2017-02-19 23:40:08.269000 36170.717 3.286 50.435 34.042 52.74 4.011 3.7213 3.5313 23.7607 25.9032 2.6072 4.1738 3.9152 0.3054 0.9774 8.303 2.17352563026 1.8214
2017-02-19 23:41:19.732000 36242.18 3.32 50.433 33.628 52.737 4.011 3.7213 3.531 23.7597 25.9032 2.6069 4.1739 3.9152 0.3055 0.9772 8.303 1.65401101757 1.8245
2017-02-19 23:42:31.104000 36313.552 3.472 50.433 33.631 52.738 4.011 3.7212 3.5314 23.7609 25.8999 2.6069 4.1739 3.9154 0.3055 0.9769 8.302 1.48484289226 1.8272
2017-02-19 23:43:42.746000 36385.194 3.473 50.43 34.048 52.736 4.012 3.7225 3.5324 23.7607 25.8997 2.6069 4.1739 3.9161 0.3055 0.9765 8.302 1.88111381427 1.8296
2017-02-19 23:44:54.987000 36457.435 3.319 50.43 33.827 52.736 4.011 3.7224 3.5323 23.7607 25.8995 2.607 4.1742 3.9162 0.3055 0.976 8.302 1.3998633086 1.8322
2017-02-19 23:46:06.640000 36529.088 3.439 50.428 33.605 52.734 4.011 3.7221 3.5321 23.7607 25.903 2.607 4.1744 3.9157 0.3055 0.976 8.302 1.33613959895 1.8354
2017-02-19 23:47:18.221000 36600.669 3.476 50.428 33.992 52.732 4.011 3.7212 3.5321 23.7605 25.9032 2.6072 4.1743 3.9151 0.3056 0.9762 8.302 2.12330107989 1.8386
2017-02-19 23:48:29.757000 36672.205 3.382 50.426 34.314 52.733 4.011 3.7207 3.5317 23.7601 25.9026 2.607 4.1742 3.9148 0.3057 0.9763 8.302 1.752319382 1.8418
2017-02-19 23:49:41.799000 36744.247 3.436 50.426 34.19 52.731 4.01 3.7205 3.5313 23.7605 25.902 2.6067 4.1738 3.9142 0.3057 0.9765 8.301 1.37862207205 1.8446
2017-02-19 23:50:53.381000 36815.829 3.318 50.424 34.319 52.731 4.01 3.7205 3.5316 23.7603 25.9032 2.6069 4.1737 3.9145 0.3057 0.9768 8.301 1.98452862509 1.8474
2017-02-19 23:52:05.074000 36887.522 3.409 50.423 34.305 52.729 4.01 3.7206 3.5312 23.7605 25.9032 2.6065 4.1736 3.9145 0.3058 0.977 8.301 2.02917534247 1.8502
2017-02-19 23:53:16.656000 36959.104 3.286 50.422 34.177 52.729 4.01 3.7205 3.5313 23.7596 25.903 2.6062 4.1735 3.9144 0.3058 0.9768 8.301 1.41198645746 1.8526
2017-02-19 23:54:28.778000 37031.226 3.324 50.423 34.334 52.727 4.01 3.7205 3.5314 23.7594 25.9018 2.6061 4.1733 3.9143 0.3058 0.9767 8.301 2.39624283339 1.8553
2017-02-19 23:55:40.369000 37102.817 3.289 50.422 34.02 52.729 4.01 3.7208 3.5321 23.7598 25.9026 2.6057 4.1735 3.9146 0.3058 0.9767 8.301 1.7868666838 1.8578
2017-02-19 23:56:52.101000 37174.549 3.288 50.425 34.19 52.728 4.01 3.7208 3.532 23.7603 25.8993 2.6054 4.1736 3.9147 0.3058 0.9766 8.301 1.7004984293 1.8607
2017-02-19 23:58:03.816000 37246.264 3.301 50.422 33.758 52.729 4.009 3.7208 3.5314 23.7603 25.8981 2.6051 4.1735 3.9143 0.3059 0.9765 8.301 2.39624283339 1.8634
2017-02-19 23:59:16.018000 37318.466 3.42 50.422 34.287 52.728 4.01 3.7207 3.5317 23.7608 25.8991 2.605 4.1733 3.914 0.3059 0.9766 8.301 2.07528328588 1.8663
