#Human readable time. Time (s) since start. Lakeshore temperature sensor 218 T1,3,5,6,8 and 224 C2,C3,C4,C5,D2,D3,D5,A,B
2017-01-11 17:10:13.739000 0.0 289.6 293.59 286.91 293.94 294.42 295.97 295.772 295.669 295.809 295.759 296.034 293.364 0.0 0.0 293.86 -1 0.0
2017-01-11 17:11:14.569000 60.83 281.05 293.59 273.31 293.94 294.42 295.967 295.769 295.662 295.808 295.758 296.032 293.363 0.0 0.0 293.86 0.0 0.0
2017-01-11 17:12:14.929000 121.19 273.61 293.54 262.32 293.92 294.42 295.967 295.764 295.665 295.806 295.754 296.032 293.357 0.0 0.0 293.86 0.0 0.0
2017-01-11 17:13:15.339000 181.6 267.03 293.36 252.34 293.88 294.41 295.958 295.755 295.658 295.802 295.742 296.023 293.335 0.0 0.0 293.85 0.0 0.0
2017-01-11 17:14:15.792000 242.053 261.11 293.05 243.08 293.78 294.39 295.95 295.744 295.641 295.789 295.724 296.011 293.286 0.0 0.0 293.82 0.0 0.0
2017-01-11 17:15:16.254000 302.515 255.76 292.61 234.23 293.62 294.36 295.944 295.712 295.608 295.765 295.696 295.988 293.211 0.0 0.0 293.78 0.0 0.0
2017-01-11 17:16:16.746000 363.007 250.97 292.09 225.73 293.41 294.3 295.927 295.668 295.561 295.727 295.661 295.96 293.108 0.0 0.0 293.72 0.0 0.0
2017-01-11 17:17:17.298000 423.559 246.51 291.5 217.61 293.16 294.23 295.905 295.61 295.498 295.671 295.618 295.922 292.982 0.0 0.0 293.64 0.0 0.0
2017-01-11 17:18:17.861000 484.122 242.46 290.86 209.76 292.85 294.14 295.877 295.529 295.408 295.611 295.567 295.879 292.831 0.0 0.0 293.53 0.0 0.0
2017-01-11 17:19:18.453000 544.724 238.75 290.17 202.33 292.5 294.03 295.842 295.446 295.312 295.526 295.51 295.827 292.657 0.0 0.0 293.4 0.0 0.0
2017-01-11 17:20:19.095000 605.356 235.32 289.44 195.2 292.1 293.9 295.811 295.341 295.193 295.429 295.449 295.768 292.472 0.0 0.0 293.25 0.0 0.0
2017-01-11 17:21:19.768000 666.029 232.06 288.69 188.33 291.68 293.75 295.771 295.224 295.055 295.314 295.381 295.701 292.268 0.0 0.0 293.08 0.0 0.0
2017-01-11 17:22:20.460000 726.731 228.96 287.92 181.62 291.21 293.59 295.726 295.091 294.899 295.184 295.305 295.629 292.05 0.0 0.0 292.89 0.0 0.0
2017-01-11 17:23:21.222000 787.483 226.03 287.11 175.21 290.71 293.41 295.679 294.942 294.738 295.041 295.226 295.552 291.825 0.0 0.0 292.69 0.0 0.0
2017-01-11 17:24:21.974000 848.235 223.2 286.29 168.97 290.18 293.22 295.623 294.788 294.558 294.886 295.144 295.466 291.585 0.0 0.0 292.48 0.0 0.0
2017-01-11 17:25:22.786000 909.047 220.48 285.45 163.03 289.64 293.02 295.566 294.62 294.363 294.715 295.056 295.372 291.339 0.0 0.0 292.25 0.0 0.0
2017-01-11 17:26:23.638000 969.899 217.79 284.6 157.31 289.06 292.81 295.507 294.439 294.154 294.534 294.962 295.276 291.084 0.0 0.0 292.01 0.0 0.0
2017-01-11 17:27:24.500000 1030.761 215.14 283.74 151.88 288.46 292.59 295.436 294.247 293.947 294.344 294.864 295.17 290.822 0.0 0.0 291.76 0.0 0.0
2017-01-11 17:28:25.403000 1091.664 212.53 282.86 146.76 287.84 292.36 295.372 294.046 293.722 294.141 294.759 295.059 290.557 0.0 0.0 291.51 0.0 0.0
2017-01-11 17:29:26.335000 1152.596 209.96 281.96 141.94 287.21 292.12 295.301 293.836 293.488 293.924 294.652 294.946 290.282 0.0 0.0 291.24 0.0 0.0
2017-01-11 17:30:27.357000 1213.618 207.41 281.07 137.28 286.56 291.88 295.224 293.613 293.248 293.709 294.541 294.824 290.002 0.0 0.0 290.97 0.0 0.0
2017-01-11 17:31:28.369000 1274.63 204.88 280.17 132.9 285.89 291.62 295.143 293.389 292.998 293.477 294.423 294.698 289.717 0.0 0.0 290.69 0.0 0.0
2017-01-11 17:32:29.461000 1335.722 202.35 279.27 128.73 285.21 291.36 295.059 293.151 292.735 293.236 294.302 294.568 289.429 0.0 0.0 290.41 0.0 0.0
2017-01-11 17:33:30.543000 1396.804 199.85 278.36 124.78 284.51 291.1 294.966 292.904 292.479 292.995 294.176 294.431 289.13 0.0 0.0 290.11 0.0 0.0
2017-01-11 17:34:31.655000 1457.916 197.38 277.45 121.05 283.81 290.83 294.878 292.653 292.208 292.743 294.047 294.291 288.831 0.0 0.0 289.82 0.0 0.0
2017-01-11 17:35:32.818000 1519.079 194.91 276.55 117.54 283.1 290.55 294.783 292.394 291.926 292.483 293.914 294.145 288.526 0.0 0.0 289.51 0.0 0.0
2017-01-11 17:36:34.010000 1580.271 192.48 275.65 114.24 282.37 290.26 294.682 292.126 291.646 292.216 293.774 293.995 288.216 0.0 0.0 289.2 0.0 0.0
2017-01-11 17:37:35.242000 1641.503 190.08 274.75 111.19 281.65 289.97 294.579 291.855 291.357 291.936 293.633 293.84 287.902 0.0 0.0 288.89 0.0 0.0
2017-01-11 17:38:36.514000 1702.775 187.67 273.85 108.31 280.92 289.68 294.465 291.569 291.059 291.66 293.488 293.679 287.582 0.0 0.0 288.57 0.0 0.0
2017-01-11 17:39:37.826000 1764.087 185.28 272.96 105.64 280.18 289.38 294.36 291.285 290.757 291.374 293.337 293.515 287.26 0.0 0.0 288.25 0.0 0.0
2017-01-11 17:40:39.159000 1825.42 182.96 272.07 103.2 279.44 289.08 294.246 290.986 290.45 291.078 293.184 293.348 286.931 0.0 0.0 287.92 0.0 0.0
2017-01-11 17:41:40.531000 1886.792 180.66 271.19 100.94 278.7 288.77 294.126 290.693 290.139 290.779 293.026 293.172 286.596 0.0 0.0 287.59 0.0 0.0
2017-01-11 17:42:41.933000 1948.194 178.4 270.33 98.864 277.95 288.46 294.004 290.381 289.816 290.474 292.863 292.996 286.263 0.0 0.0 287.25 0.0 0.0
2017-01-11 17:43:43.395000 2009.656 176.18 269.46 96.949 277.22 288.14 293.877 290.075 289.497 290.162 292.696 292.813 285.923 0.0 0.0 286.91 0.0 0.0
2017-01-11 17:44:44.858000 2071.119 174.01 268.61 95.204 276.48 287.82 293.745 289.759 289.165 289.847 292.527 292.631 285.577 0.0 0.0 286.56 0.0 0.0
2017-01-11 17:45:46.351000 2132.612 171.9 267.77 93.601 275.74 287.5 293.611 289.435 288.839 289.525 292.355 292.439 285.23 0.0 0.0 286.21 0.0 0.0
2017-01-11 17:46:47.893000 2194.154 169.86 266.93 92.144 275.0 287.17 293.473 289.109 288.499 289.201 292.178 292.247 284.878 0.0 0.0 285.86 0.0 0.0
2017-01-11 17:47:49.465000 2255.726 167.86 266.11 90.803 274.27 286.83 293.332 288.775 288.163 288.87 291.998 292.048 284.52 0.0 0.0 285.5 0.0 0.0
2017-01-11 17:48:51.068000 2317.329 165.94 265.29 89.575 273.54 286.5 293.187 288.433 287.819 288.535 291.815 291.848 284.158 0.0 0.0 285.14 0.0 0.0
2017-01-11 17:49:53.321000 2379.582 164.07 264.49 88.446 272.82 286.15 293.035 288.096 287.471 288.188 291.624 291.643 283.79 0.0 0.0 284.77 0.0 0.0
2017-01-11 17:50:54.971000 2441.232 162.29 263.69 87.434 272.1 285.81 292.878 287.749 287.121 287.85 291.436 291.434 283.427 0.0 0.0 284.41 0.0 0.0
2017-01-11 17:51:56.681000 2502.942 160.59 262.91 86.514 271.39 285.46 292.726 287.399 286.759 287.502 291.242 291.222 283.055 0.0 0.0 284.03 0.0 0.0
2017-01-11 17:52:58.411000 2564.672 158.95 262.15 85.668 270.68 285.11 292.566 287.046 286.409 287.152 291.047 291.007 282.687 0.0 0.0 283.66 0.0 0.0
2017-01-11 17:54:00.161000 2626.422 157.4 261.39 84.897 269.99 284.76 292.403 286.685 286.049 286.798 290.848 290.792 282.314 0.0 0.0 283.29 0.0 0.0
2017-01-11 17:55:01.991000 2688.252 155.92 260.64 84.187 269.29 284.4 292.237 286.332 285.689 286.436 290.645 290.571 281.942 0.0 0.0 282.91 0.0 0.0
2017-01-11 17:56:03.831000 2750.092 154.52 259.91 83.53 268.61 284.05 292.061 285.97 285.325 286.083 290.442 290.349 281.565 0.0 0.0 282.53 0.0 0.0
2017-01-11 17:57:05.672000 2811.933 153.2 259.18 82.928 267.93 283.69 291.892 285.604 284.953 285.722 290.235 290.124 281.188 0.0 0.0 282.15 0.0 0.0
2017-01-11 17:58:07.592000 2873.853 151.95 258.47 82.377 267.26 283.32 291.719 285.238 284.591 285.358 290.026 289.894 280.811 0.0 0.0 281.76 0.0 0.0
2017-01-11 17:59:09.532000 2935.793 150.78 257.76 81.881 266.6 282.96 291.53 284.865 284.221 284.992 289.814 289.661 280.437 0.0 0.0 281.38 0.0 0.0
2017-01-11 18:00:11.512000 2997.773 149.67 257.07 81.419 265.95 282.6 291.356 284.497 283.844 284.621 289.599 289.429 280.061 0.0 0.0 281.0 0.0 0.0
2017-01-11 18:01:13.522000 3059.793 148.62 256.39 80.989 265.3 282.23 291.171 284.124 283.477 284.253 289.383 289.19 279.684 0.0 0.0 280.62 0.0 0.0
2017-01-11 18:02:15.522000 3121.783 147.65 255.72 80.583 264.66 281.87 290.976 283.749 283.106 283.882 289.165 288.955 279.308 0.0 0.0 280.23 0.0 0.0
2017-01-11 18:03:17.552000 3183.813 146.73 255.06 80.212 264.02 281.5 290.791 283.377 282.725 283.507 288.945 288.716 278.932 0.0 0.0 279.85 0.0 0.0
2017-01-11 18:04:19.612000 3245.873 145.86 254.41 79.85 263.39 281.14 290.599 283.004 282.357 283.137 288.724 288.474 278.555 0.0 0.0 279.47 0.0 0.0
2017-01-11 18:05:21.792000 3308.053 145.04 253.77 79.511 262.77 280.77 290.397 282.627 281.98 282.759 288.499 288.229 278.181 0.0 0.0 279.09 0.0 0.0
2017-01-11 18:06:24.232000 3370.493 144.28 253.13 79.203 262.15 280.4 290.203 282.246 281.602 282.382 288.275 287.986 277.807 0.0 0.0 278.7 0.0 0.0
2017-01-11 18:07:26.452000 3432.713 143.55 252.51 78.906 261.55 280.04 290.001 281.872 281.23 282.003 288.046 287.737 277.439 0.0 0.0 278.32 0.0 0.0
2017-01-11 18:08:28.682000 3494.943 142.88 251.89 78.62 260.94 279.68 289.798 281.502 280.854 281.631 287.822 287.491 277.067 0.0 0.0 277.95 0.0 0.0
2017-01-11 18:09:31.083000 3557.344 142.24 251.28 78.36 260.34 279.31 289.589 281.122 280.476 281.254 287.587 287.242 276.698 0.0 0.0 277.57 0.0 0.0
2017-01-11 18:10:33.903000 3620.164 141.64 250.68 78.1 259.75 278.95 289.375 280.747 280.103 280.875 287.357 286.99 276.33 0.0 0.0 277.19 0.0 0.0
2017-01-11 18:11:36.603000 3682.864 141.07 250.08 77.874 259.16 278.58 289.163 280.369 279.726 280.496 287.124 286.737 275.962 0.0 0.0 276.82 0.0 0.0
2017-01-11 18:12:39.413000 3745.674 140.54 249.49 77.637 258.58 278.22 288.948 279.993 279.354 280.119 286.89 286.482 275.598 0.0 0.0 276.44 0.0 0.0
2017-01-11 18:13:42.143000 3808.404 140.03 248.91 77.435 258.01 277.86 288.737 279.614 278.98 279.744 286.656 286.227 275.238 0.0 0.0 276.07 0.0 0.0
2017-01-11 18:14:44.576000 3870.837 139.55 248.33 77.211 257.45 277.51 288.522 279.247 278.609 279.366 286.42 285.971 274.883 0.0 0.0 275.7 0.0 0.0
2017-01-11 18:15:47.006000 3933.267 139.1 247.77 77.024 256.89 277.15 288.303 278.878 278.249 279.001 286.185 285.718 274.528 0.0 0.0 275.34 0.0 0.0
2017-01-11 18:16:49.448000 3995.709 138.66 247.21 76.829 256.34 276.8 288.083 278.511 277.885 278.628 285.947 285.46 274.175 0.0 0.0 274.97 0.0 0.0
2017-01-11 18:17:51.991000 4058.252 138.25 246.66 76.634 255.8 276.45 287.857 278.144 277.525 278.26 285.71 285.206 273.824 0.0 0.0 274.61 0.0 0.0
2017-01-11 18:18:54.503000 4120.764 137.86 246.11 76.471 255.26 276.1 287.64 277.774 277.167 277.894 285.471 284.948 273.476 0.0 0.0 274.25 0.0 0.0
2017-01-11 18:19:57.056000 4183.317 137.48 245.57 76.285 254.72 275.75 287.413 277.418 276.805 277.532 285.233 284.69 273.129 0.0 0.0 273.9 0.0 0.0
2017-01-11 18:20:59.669000 4245.93 137.12 245.04 76.132 254.2 275.41 287.187 277.052 276.45 277.17 284.992 284.431 272.782 0.0 0.0 273.54 0.0 0.0
2017-01-11 18:22:02.392000 4308.653 136.77 244.51 75.959 253.67 275.06 286.957 276.697 276.105 276.804 284.748 284.174 272.44 0.0 0.0 273.19 0.0 0.0
2017-01-11 18:23:05.104000 4371.365 136.44 243.99 75.818 253.15 274.72 286.729 276.337 275.755 276.445 284.51 283.912 272.101 0.0 0.0 272.84 0.0 0.0
2017-01-11 18:24:07.857000 4434.118 136.11 243.47 75.653 252.64 274.38 286.5 275.982 275.409 276.096 284.268 283.652 271.762 0.0 0.0 272.49 0.0 0.0
2017-01-11 18:25:10.679000 4496.94 135.8 242.96 75.506 252.13 274.04 286.267 275.627 275.064 275.743 284.023 283.392 271.427 0.0 0.0 272.15 0.0 0.0
2017-01-11 18:26:13.492000 4559.753 135.5 242.46 75.35 251.63 273.71 286.033 275.273 274.72 275.391 283.78 283.129 271.091 0.0 0.0 271.8 0.0 0.0
2017-01-11 18:27:16.344000 4622.615 135.19 241.96 75.213 251.13 273.37 285.798 274.923 274.382 275.046 283.537 282.871 270.76 0.0 0.0 271.46 0.0 0.0
2017-01-11 18:28:19.227000 4685.488 134.91 241.46 75.071 250.63 273.04 285.56 274.577 274.043 274.698 283.293 282.608 270.428 0.0 0.0 271.12 0.0 0.0
2017-01-11 18:29:22.129000 4748.39 134.63 240.97 74.912 250.14 272.71 285.321 274.232 273.707 274.353 283.046 282.346 270.101 0.0 0.0 270.78 0.0 0.0
2017-01-11 18:30:25.092000 4811.353 134.36 240.48 74.78 249.65 272.38 285.083 273.886 273.373 274.013 282.802 282.085 269.774 0.0 0.0 270.45 0.0 0.0
2017-01-11 18:31:28.104000 4874.365 134.1 240.0 74.661 249.17 272.05 284.843 273.545 273.043 273.672 282.555 281.823 269.449 0.0 0.0 270.11 0.0 0.0
2017-01-11 18:32:31.138000 4937.399 133.83 239.52 74.516 248.69 271.72 284.603 273.205 272.712 273.333 282.309 281.562 269.126 0.0 0.0 269.78 0.0 0.0
2017-01-11 18:33:34.160000 5000.421 133.57 239.05 74.383 248.21 271.4 284.36 272.867 272.386 272.999 282.063 281.299 268.804 0.0 0.0 269.45 0.0 0.0
2017-01-11 18:34:37.223000 5063.484 133.32 238.58 74.27 247.74 271.07 284.12 272.531 272.06 272.667 281.818 281.037 268.483 0.0 0.0 269.13 0.0 0.0
2017-01-11 18:35:40.336000 5126.597 133.07 238.12 74.139 247.27 270.75 283.879 272.195 271.737 272.334 281.57 280.778 268.165 0.0 0.0 268.8 0.0 0.0
2017-01-11 18:36:43.488000 5189.749 132.83 237.66 74.021 246.81 270.43 283.635 271.864 271.414 272.008 281.32 280.516 267.848 0.0 0.0 268.47 0.0 0.0
2017-01-11 18:37:46.661000 5252.922 132.59 237.2 73.891 246.35 270.11 283.39 271.535 271.095 271.676 281.075 280.252 267.534 0.0 0.0 268.15 0.0 0.0
2017-01-11 18:38:49.853000 5316.114 132.36 236.75 73.798 245.89 269.79 283.144 271.205 270.777 271.352 280.827 279.991 267.218 0.0 0.0 267.83 0.0 0.0
2017-01-11 18:39:53.096000 5379.367 132.13 236.3 73.681 245.44 269.48 282.897 270.879 270.461 271.029 280.578 279.729 266.906 0.0 0.0 267.51 0.0 0.0
2017-01-11 18:40:56.379000 5442.64 131.9 235.86 73.568 244.99 269.16 282.653 270.554 270.147 270.701 280.332 279.468 266.595 0.0 0.0 267.19 0.0 0.0
2017-01-11 18:41:59.661000 5505.922 131.68 235.42 73.459 244.55 268.85 282.402 270.23 269.827 270.382 280.084 279.202 266.288 0.0 0.0 266.88 0.0 0.0
2017-01-11 18:43:03.004000 5569.265 131.46 234.98 73.348 244.11 268.54 282.153 269.909 269.515 270.066 279.836 278.942 265.978 0.0 0.0 266.56 0.0 0.0
2017-01-11 18:44:06.377000 5632.638 131.25 234.55 73.222 243.67 268.23 281.9 269.583 269.206 269.748 279.585 278.68 265.669 0.0 0.0 266.25 0.0 0.0
2017-01-11 18:45:09.780000 5696.041 131.04 234.11 73.117 243.23 267.92 281.645 269.265 268.9 269.432 279.336 278.418 265.361 0.0 0.0 265.93 0.0 0.0
2017-01-11 18:46:13.223000 5759.484 130.82 233.68 73.012 242.8 267.61 281.398 268.95 268.591 269.118 279.087 278.155 265.059 0.0 0.0 265.62 0.0 0.0
2017-01-11 18:47:16.675000 5822.936 130.61 233.25 72.913 242.37 267.3 281.151 268.632 268.283 268.801 278.838 277.893 264.754 0.0 0.0 265.31 0.0 0.0
2017-01-11 18:48:20.198000 5886.459 130.41 232.83 72.816 241.94 267.0 280.898 268.317 267.977 268.484 278.589 277.632 264.449 0.0 0.0 265.0 0.0 0.0
2017-01-11 18:49:23.731000 5949.992 130.2 232.41 72.716 241.52 266.69 280.644 268.003 267.668 268.177 278.34 277.371 264.148 0.0 0.0 264.69 0.0 0.0
2017-01-11 18:50:27.293000 6013.554 130.0 231.99 72.618 241.1 266.39 280.389 267.684 267.368 267.872 278.091 277.11 263.842 0.0 0.0 264.39 0.0 0.0
2017-01-11 18:51:30.886000 6077.147 129.79 231.58 72.523 240.68 266.08 280.13 267.38 267.066 267.562 277.841 276.85 263.541 0.0 0.0 264.08 0.0 0.0
2017-01-11 18:52:34.519000 6140.78 129.6 231.17 72.443 240.27 265.78 279.88 267.068 266.767 267.258 277.589 276.588 263.241 0.0 0.0 263.77 0.0 0.0
2017-01-11 18:53:38.161000 6204.422 129.4 230.77 72.356 239.85 265.48 279.624 266.76 266.465 266.952 277.34 276.326 262.941 0.0 0.0 263.47 0.0 0.0
2017-01-11 18:54:41.854000 6268.115 129.21 230.36 72.261 239.45 265.18 279.367 266.453 266.163 266.644 277.091 276.064 262.641 0.0 0.0 263.17 0.0 0.0
2017-01-11 18:55:45.537000 6331.798 129.0 229.96 72.167 239.04 264.88 279.111 266.143 265.872 266.342 276.84 275.807 262.344 0.0 0.0 262.86 0.0 0.0
2017-01-11 18:56:49.260000 6395.521 128.81 229.56 72.084 238.64 264.58 278.849 265.844 265.575 266.041 276.591 275.544 262.049 0.0 0.0 262.56 0.0 0.0
2017-01-11 18:57:53.033000 6459.294 128.61 229.16 71.98 238.24 264.28 278.592 265.538 265.283 265.741 276.341 275.283 261.75 0.0 0.0 262.26 0.0 0.0
2017-01-11 18:58:56.866000 6523.127 128.42 228.77 71.897 237.84 263.98 278.335 265.236 264.981 265.44 276.092 275.021 261.454 0.0 0.0 261.96 0.0 0.0
2017-01-11 19:00:00.708000 6586.969 128.23 228.38 71.819 237.44 263.68 278.076 264.931 264.694 265.144 275.841 274.76 261.163 0.0 0.0 261.66 0.0 0.0
2017-01-11 19:01:04.611000 6650.872 128.04 227.99 71.742 237.05 263.38 277.815 264.634 264.4 264.847 275.589 274.499 260.868 0.0 0.0 261.37 0.0 0.0
2017-01-11 19:02:08.584000 6714.845 127.85 227.6 71.647 236.66 263.09 277.554 264.338 264.111 264.545 275.339 274.242 260.573 0.0 0.0 261.07 0.0 0.0
2017-01-11 19:03:12.517000 6778.778 127.66 227.22 71.562 236.27 262.79 277.295 264.033 263.818 264.254 275.091 273.979 260.279 0.0 0.0 260.77 0.0 0.0
2017-01-11 19:04:16.489000 6842.75 127.48 226.84 71.479 235.88 262.49 277.033 263.74 263.53 263.959 274.84 273.721 259.988 0.0 0.0 260.47 0.0 0.0
2017-01-11 19:05:20.512000 6906.773 127.3 226.46 71.418 235.5 262.2 276.774 263.446 263.239 263.66 274.589 273.459 259.697 0.0 0.0 260.18 0.0 0.0
2017-01-11 19:06:24.575000 6970.836 127.11 226.09 71.312 235.12 261.91 276.512 263.143 262.95 263.371 274.336 273.2 259.405 0.0 0.0 259.88 0.0 0.0
2017-01-11 19:07:28.688000 7034.949 126.93 225.71 71.246 234.74 261.61 276.249 262.854 262.662 263.079 274.087 272.937 259.116 0.0 0.0 259.59 0.0 0.0
2017-01-11 19:08:32.801000 7099.062 126.75 225.34 71.162 234.36 261.32 275.986 262.558 262.369 262.786 273.835 272.68 258.828 0.0 0.0 259.29 0.0 0.0
2017-01-11 19:09:36.974000 7163.235 126.57 224.97 71.072 233.98 261.03 275.719 262.264 262.088 262.501 273.585 272.418 258.536 0.0 0.0 259.0 0.0 0.0
2017-01-11 19:10:41.257000 7227.518 126.39 224.6 71.016 233.6 260.74 275.461 261.974 261.802 262.204 273.335 272.158 258.247 0.0 0.0 258.71 0.0 0.0
2017-01-11 19:11:45.500000 7291.761 126.21 224.23 70.92 233.23 260.44 275.197 261.677 261.519 261.92 273.084 271.9 257.958 0.0 0.0 258.42 0.0 0.0
2017-01-11 19:12:49.743000 7356.004 126.03 223.87 70.863 232.86 260.15 274.933 261.392 261.234 261.633 272.829 271.636 257.67 0.0 0.0 258.13 0.0 0.0
2017-01-11 19:13:54.025000 7420.286 125.85 223.51 70.779 232.49 259.86 274.67 261.102 260.947 261.344 272.581 271.378 257.383 0.0 0.0 257.84 0.0 0.0
2017-01-11 19:14:58.368000 7484.629 125.68 223.15 70.714 232.11 259.57 274.4 260.812 260.669 261.06 272.328 271.118 257.097 0.0 0.0 257.55 0.0 0.0
2017-01-11 19:16:02.771000 7549.032 125.5 222.79 70.621 231.75 259.28 274.141 260.523 260.387 260.769 272.076 270.856 256.81 0.0 0.0 257.26 0.0 0.0
2017-01-11 19:17:07.144000 7613.405 125.32 222.44 70.562 231.39 258.99 273.871 260.235 260.103 260.486 271.825 270.601 256.522 0.0 0.0 256.97 0.0 0.0
2017-01-11 19:18:11.597000 7677.858 125.15 222.08 70.472 231.02 258.7 273.609 259.949 259.821 260.198 271.572 270.34 256.238 0.0 0.0 256.68 0.0 0.0
2017-01-11 19:19:16.089000 7742.35 124.97 221.73 70.418 230.66 258.41 273.34 259.657 259.538 259.917 271.32 270.079 255.953 0.0 0.0 256.39 0.0 0.0
2017-01-11 19:20:20.633000 7806.894 124.8 221.38 70.347 230.3 258.13 273.078 259.374 259.255 259.628 271.068 269.818 255.668 0.0 0.0 256.1 0.0 0.0
2017-01-11 19:21:25.176000 7871.437 124.62 221.03 70.257 229.94 257.84 272.809 259.083 258.974 259.347 270.818 269.557 255.383 0.0 0.0 255.82 0.0 0.0
2017-01-11 19:22:29.759000 7936.02 124.45 220.68 70.202 229.59 257.55 272.546 258.796 258.695 259.059 270.564 269.294 255.1 0.0 0.0 255.53 0.0 0.0
2017-01-11 19:23:34.332000 8000.593 124.27 220.34 70.108 229.23 257.27 272.277 258.511 258.413 258.78 270.312 269.035 254.814 0.0 0.0 255.24 0.0 0.0
2017-01-11 19:24:38.965000 8065.226 124.09 219.99 70.049 228.88 256.98 272.014 258.226 258.126 258.494 270.061 268.772 254.53 0.0 0.0 254.96 0.0 0.0
2017-01-11 19:25:43.608000 8129.869 123.91 219.65 69.972 228.53 256.69 271.748 257.937 257.855 258.215 269.811 268.513 254.248 0.0 0.0 254.67 0.0 0.0
2017-01-11 19:26:48.361000 8194.622 123.74 219.31 69.893 228.18 256.41 271.482 257.648 257.568 257.932 269.555 268.251 253.965 0.0 0.0 254.39 0.0 0.0
2017-01-11 19:27:53.103000 8259.364 123.56 218.96 69.812 227.83 256.12 271.213 257.372 257.294 257.652 269.301 267.99 253.681 0.0 0.0 254.1 0.0 0.0
2017-01-11 19:28:57.866000 8324.127 123.38 218.62 69.745 227.48 255.84 270.941 257.082 257.015 257.369 269.046 267.727 253.4 0.0 0.0 253.82 0.0 0.0
2017-01-11 19:30:02.659000 8388.92 123.21 218.28 69.675 227.14 255.55 270.679 256.805 256.739 257.084 268.792 267.469 253.118 0.0 0.0 253.53 0.0 0.0
2017-01-11 19:31:07.502000 8453.763 123.04 217.95 69.599 226.8 255.26 270.41 256.521 256.46 256.808 268.539 267.207 252.833 0.0 0.0 253.25 0.0 0.0
2017-01-11 19:32:12.396000 8518.657 122.86 217.61 69.516 226.45 254.98 270.144 256.231 256.176 256.528 268.286 266.945 252.553 0.0 0.0 252.97 0.0 0.0
2017-01-11 19:33:17.289000 8583.55 122.68 217.28 69.44 226.11 254.7 269.875 255.955 255.901 256.25 268.03 266.683 252.27 0.0 0.0 252.68 0.0 0.0
2017-01-11 19:34:22.222000 8648.483 122.51 216.94 69.373 225.77 254.41 269.601 255.672 255.625 255.969 267.776 266.423 251.989 0.0 0.0 252.4 0.0 0.0
2017-01-11 19:35:27.185000 8713.446 122.34 216.61 69.305 225.43 254.13 269.335 255.39 255.344 255.688 267.523 266.163 251.706 0.0 0.0 252.12 0.0 0.0
2017-01-11 19:36:32.188000 8778.449 122.16 216.28 69.244 225.1 253.84 269.064 255.108 255.073 255.412 267.269 265.9 251.427 0.0 0.0 251.83 0.0 0.0
2017-01-11 19:37:37.221000 8843.482 122.0 215.95 69.185 224.76 253.56 268.79 254.827 254.795 255.133 267.015 265.64 251.145 0.0 0.0 251.55 0.0 0.0
2017-01-11 19:38:42.294000 8908.555 121.82 215.62 69.125 224.42 253.28 268.523 254.549 254.514 254.855 266.761 265.378 250.864 0.0 0.0 251.27 0.0 0.0
2017-01-11 19:39:47.397000 8973.658 121.65 215.3 69.061 224.09 252.99 268.252 254.267 254.241 254.571 266.504 265.116 250.583 0.0 0.0 250.99 0.0 0.0
2017-01-11 19:40:52.530000 9038.791 121.48 214.97 68.995 223.76 252.71 267.982 253.987 253.968 254.3 266.251 264.856 250.305 0.0 0.0 250.71 0.0 0.0
2017-01-11 19:41:57.673000 9103.934 121.31 214.65 68.93 223.43 252.42 267.713 253.702 253.69 254.021 265.997 264.597 250.023 0.0 0.0 250.42 0.0 0.0
2017-01-11 19:43:02.886000 9169.147 121.14 214.32 68.874 223.1 252.14 267.44 253.426 253.418 253.741 265.741 264.333 249.743 0.0 0.0 250.14 0.0 0.0
2017-01-11 19:44:08.120000 9234.381 120.97 214.0 68.795 222.77 251.86 267.169 253.148 253.139 253.468 265.487 264.073 249.458 0.0 0.0 249.86 0.0 0.0
2017-01-11 19:45:13.363000 9299.624 120.8 213.68 68.734 222.44 251.57 266.892 252.868 252.865 253.191 265.231 263.811 249.179 0.0 0.0 249.58 0.0 0.0
2017-01-11 19:46:18.606000 9364.867 120.63 213.37 68.658 222.12 251.29 266.627 252.582 252.588 252.913 264.977 263.552 248.895 0.0 0.0 249.3 0.0 0.0
2017-01-11 19:47:23.959000 9430.22 120.46 213.05 68.602 221.79 251.01 266.354 252.31 252.307 252.634 264.722 263.288 248.615 0.0 0.0 249.01 0.0 0.0
2017-01-11 19:48:29.322000 9495.583 120.29 212.73 68.531 221.47 250.73 266.083 252.031 252.039 252.363 264.465 263.026 248.333 0.0 0.0 248.73 0.0 0.0
2017-01-11 19:49:34.735000 9560.996 120.12 212.42 68.482 221.15 250.44 265.809 251.751 251.763 252.086 264.209 262.765 248.052 0.0 0.0 248.45 0.0 0.0
2017-01-11 19:50:40.148000 9626.409 119.96 212.1 68.433 220.82 250.16 265.533 251.473 251.49 251.811 263.957 262.503 247.769 0.0 0.0 248.17 0.0 0.0
2017-01-11 19:51:45.611000 9691.872 119.79 211.79 68.368 220.51 249.87 265.265 251.191 251.215 251.533 263.701 262.242 247.487 0.0 0.0 247.88 0.0 0.0
2017-01-11 19:52:51.124000 9757.385 119.62 211.48 68.288 220.19 249.59 264.994 250.917 250.935 251.258 263.445 261.981 247.204 0.0 0.0 247.6 0.0 0.0
2017-01-11 19:53:56.687000 9822.948 119.45 211.17 68.229 219.86 249.31 264.723 250.642 250.667 250.978 263.19 261.72 246.924 0.0 0.0 247.32 0.0 0.0
2017-01-11 19:55:02.231000 9888.492 119.29 210.85 68.193 219.54 249.02 264.448 250.361 250.393 250.708 262.933 261.458 246.644 0.0 0.0 247.04 0.0 0.0
2017-01-11 19:56:07.974000 9954.235 119.12 210.55 68.141 219.23 248.73 264.174 250.083 250.12 250.431 262.678 261.195 246.363 0.0 0.0 246.75 0.0 0.0
2017-01-11 19:57:13.567000 10019.828 118.95 210.24 68.051 218.91 248.45 263.9 249.806 249.846 250.159 262.424 260.935 246.08 0.0 0.0 246.47 0.0 0.0
2017-01-11 19:58:19.230000 10085.491 118.79 209.93 68.012 218.59 248.17 263.625 249.525 249.568 249.883 262.168 260.673 245.799 0.0 0.0 246.19 0.0 0.0
2017-01-11 19:59:24.923000 10151.184 118.62 209.63 67.968 218.27 247.88 263.357 249.24 249.293 249.605 261.911 260.41 245.518 0.0 0.0 245.91 0.0 0.0
2017-01-11 20:00:30.646000 10216.907 118.46 209.32 67.888 217.96 247.6 263.083 248.96 249.015 249.331 261.656 260.15 245.238 0.0 0.0 245.62 0.0 0.0
2017-01-11 20:01:36.429000 10282.69 118.3 209.02 67.844 217.65 247.31 262.808 248.687 248.736 249.053 261.399 259.886 244.957 0.0 0.0 245.35 0.0 0.0
2017-01-11 20:02:42.252000 10348.513 118.14 208.71 67.8 217.33 247.03 262.536 248.407 248.461 248.776 261.143 259.622 244.675 0.0 0.0 245.06 0.0 0.0
2017-01-11 20:03:48.046000 10414.307 117.97 208.41 67.731 217.02 246.74 262.262 248.127 248.181 248.495 260.888 259.36 244.396 0.0 0.0 244.78 0.0 0.0
2017-01-11 20:04:53.929000 10480.19 117.81 208.11 67.698 216.71 246.46 261.988 247.848 247.916 248.219 260.631 259.094 244.115 0.0 0.0 244.5 0.0 0.0
2017-01-11 20:05:59.812000 10546.073 117.64 207.81 67.623 216.4 246.18 261.716 247.571 247.64 247.943 260.375 258.833 243.834 0.0 0.0 244.22 0.0 0.0
2017-01-11 20:07:05.726000 10611.987 117.48 207.51 67.589 216.09 245.89 261.441 247.29 247.363 247.667 260.119 258.569 243.551 0.0 0.0 243.94 0.0 0.0
2017-01-11 20:08:11.669000 10677.93 117.31 207.22 67.51 215.78 245.61 261.168 247.013 247.09 247.389 259.864 258.306 243.271 0.0 0.0 243.66 0.0 0.0
2017-01-11 20:09:17.682000 10743.943 117.15 206.92 67.484 215.47 245.32 260.894 246.733 246.813 247.114 259.606 258.041 242.991 0.0 0.0 243.38 0.0 0.0
2017-01-11 20:10:23.725000 10809.986 116.99 206.63 67.4 215.17 245.04 260.619 246.453 246.538 246.838 259.348 257.778 242.71 0.0 0.0 243.09 0.0 0.0
2017-01-11 20:11:29.809000 10876.07 116.83 206.33 67.375 214.86 244.75 260.342 246.177 246.263 246.563 259.088 257.513 242.43 0.0 0.0 242.81 0.0 0.0
2017-01-11 20:12:35.942000 10942.203 116.66 206.04 67.313 214.56 244.47 260.068 245.895 245.988 246.288 258.83 257.247 242.149 0.0 0.0 242.53 0.0 0.0
2017-01-11 20:13:42.085000 11008.346 116.5 205.74 67.257 214.25 244.19 259.794 245.618 245.705 246.014 258.573 256.986 241.866 0.0 0.0 242.25 0.0 0.0
2017-01-11 20:14:48.268000 11074.529 116.34 205.45 67.211 213.95 243.9 259.516 245.339 245.432 245.74 258.315 256.721 241.583 0.0 0.0 241.97 0.0 0.0
2017-01-11 20:15:54.501000 11140.762 116.18 205.16 67.137 213.65 243.62 259.239 245.06 245.156 245.464 258.055 256.457 241.304 0.0 0.0 241.69 0.0 0.0
2017-01-11 20:17:00.754000 11207.015 116.02 204.87 67.11 213.34 243.33 258.963 244.775 244.885 245.186 257.796 256.193 241.024 0.0 0.0 241.41 0.0 0.0
2017-01-11 20:18:07.028000 11273.289 115.86 204.58 67.057 213.04 243.05 258.679 244.498 244.612 244.913 257.538 255.928 240.743 0.0 0.0 241.13 0.0 0.0
2017-01-11 20:19:13.512000 11339.773 115.7 204.29 66.995 212.74 242.76 258.403 244.222 244.336 244.636 257.279 255.664 240.461 0.0 0.0 240.85 0.0 0.0
2017-01-11 20:20:19.895000 11406.156 115.54 203.99 66.93 212.44 242.48 258.131 243.944 244.059 244.361 257.02 255.402 240.18 0.0 0.0 240.56 0.0 0.0
2017-01-11 20:21:26.288000 11472.549 115.38 203.7 66.905 212.14 242.19 257.853 243.667 243.785 244.084 256.763 255.136 239.898 0.0 0.0 240.28 0.0 0.0
2017-01-11 20:22:32.732000 11538.993 115.22 203.41 66.85 211.84 241.91 257.578 243.389 243.508 243.803 256.505 254.871 239.617 0.0 0.0 240.0 0.0 0.0
2017-01-11 20:23:39.235000 11605.496 115.05 203.12 66.786 211.55 241.63 257.298 243.109 243.226 243.532 256.245 254.607 239.336 0.0 0.0 239.72 0.0 0.0
2017-01-11 20:24:45.708000 11671.969 114.89 202.84 66.727 211.25 241.34 257.022 242.824 242.959 243.258 255.988 254.343 239.054 0.0 0.0 239.44 0.0 0.0
2017-01-11 20:25:52.221000 11738.482 114.72 202.55 66.696 210.96 241.06 256.737 242.55 242.685 242.982 255.728 254.077 238.773 0.0 0.0 239.16 0.0 0.0
2017-01-11 20:26:58.804000 11805.065 114.56 202.26 66.662 210.66 240.77 256.466 242.271 242.41 242.705 255.469 253.814 238.495 0.0 0.0 238.88 0.0 0.0
2017-01-11 20:28:05.398000 11871.659 114.4 201.98 66.602 210.37 240.49 256.189 241.993 242.135 242.429 255.209 253.548 238.213 0.0 0.0 238.6 0.0 0.0
2017-01-11 20:29:12.021000 11938.282 114.24 201.7 66.561 210.07 240.21 255.91 241.716 241.861 242.148 254.95 253.282 237.933 0.0 0.0 238.32 0.0 0.0
2017-01-11 20:30:18.694000 12004.955 114.07 201.41 66.504 209.78 239.92 255.632 241.43 241.582 241.877 254.694 253.019 237.652 0.0 0.0 238.04 0.0 0.0
2017-01-11 20:31:25.389000 12071.65 113.91 201.13 66.439 209.49 239.64 255.352 241.158 241.308 241.601 254.434 252.755 237.37 0.0 0.0 237.76 0.0 0.0
2017-01-11 20:32:32.092000 12138.353 113.75 200.84 66.392 209.2 239.36 255.077 240.881 241.034 241.325 254.175 252.487 237.091 0.0 0.0 237.48 0.0 0.0
2017-01-11 20:33:38.825000 12205.086 113.59 200.56 66.335 208.91 239.07 254.801 240.604 240.759 241.043 253.917 252.226 236.811 0.0 0.0 237.2 0.0 0.0
2017-01-11 20:34:45.608000 12271.869 113.43 200.28 66.286 208.62 238.79 254.521 240.318 240.478 240.774 253.659 251.962 236.531 0.0 0.0 236.92 0.0 0.0
2017-01-11 20:35:52.402000 12338.663 113.27 200.0 66.243 208.33 238.51 254.239 240.045 240.21 240.498 253.399 251.698 236.251 0.0 0.0 236.64 0.0 0.0
2017-01-11 20:36:59.255000 12405.516 113.11 199.72 66.192 208.04 238.22 253.965 239.769 239.935 240.225 253.14 251.434 235.969 0.0 0.0 236.36 0.0 0.0
2017-01-11 20:38:06.118000 12472.379 112.96 199.44 66.145 207.75 237.94 253.685 239.487 239.652 239.943 252.882 251.169 235.693 0.0 0.0 236.08 0.0 0.0
2017-01-11 20:39:13.032000 12539.293 112.8 199.16 66.104 207.46 237.66 253.409 239.203 239.382 239.671 252.623 250.904 235.413 0.0 0.0 235.8 0.0 0.0
2017-01-11 20:40:19.975000 12606.236 112.64 198.89 66.067 207.17 237.37 253.13 238.928 239.104 239.397 252.363 250.641 235.134 0.0 0.0 235.52 0.0 0.0
2017-01-11 20:41:26.948000 12673.209 112.48 198.61 66.029 206.89 237.09 252.852 238.652 238.829 239.113 252.105 250.377 234.852 0.0 0.0 235.24 0.0 0.0
2017-01-11 20:42:33.942000 12740.203 112.32 198.33 65.988 206.6 236.81 252.574 238.366 238.552 238.839 251.845 250.113 234.573 0.0 0.0 234.96 0.0 0.0
2017-01-11 20:43:41.165000 12807.426 112.17 198.05 65.936 206.32 236.53 252.294 238.09 238.277 238.561 251.585 249.843 234.291 0.0 0.0 234.68 0.0 0.0
2017-01-11 20:44:48.228000 12874.489 112.01 197.78 65.883 206.03 236.25 252.015 237.81 237.994 238.284 251.328 249.578 234.008 0.0 0.0 234.4 0.0 0.0
2017-01-11 20:45:55.352000 12941.613 111.85 197.5 65.823 205.75 235.96 251.732 237.531 237.724 238.01 251.07 249.313 233.726 0.0 0.0 234.12 0.0 0.0
2017-01-11 20:47:02.505000 13008.766 111.69 197.23 65.781 205.47 235.68 251.457 237.253 237.45 237.734 250.811 249.047 233.448 0.0 0.0 233.84 0.0 0.0
2017-01-11 20:48:09.689000 13075.95 111.53 196.96 65.741 205.19 235.4 251.179 236.969 237.167 237.458 250.553 248.781 233.16 0.0 0.0 233.56 0.0 0.0
2017-01-11 20:49:16.922000 13143.183 111.38 196.69 65.687 204.9 235.12 250.9 236.696 236.899 237.181 250.294 248.514 232.885 0.0 0.0 233.28 0.0 0.0
2017-01-11 20:50:24.145000 13210.406 111.22 196.41 65.634 204.62 234.84 250.622 236.416 236.626 236.9 250.034 248.246 232.604 0.0 0.0 233.0 0.0 0.0
2017-01-11 20:51:31.468000 13277.729 111.07 196.14 65.596 204.34 234.55 250.338 236.139 236.347 236.625 249.775 247.98 232.323 0.0 0.0 232.72 0.0 0.0
2017-01-11 20:52:38.761000 13345.022 110.91 195.87 65.555 204.06 234.27 250.064 235.862 236.071 236.345 249.515 247.714 232.043 0.0 0.0 232.44 0.0 0.0
2017-01-11 20:53:46.135000 13412.396 110.75 195.6 65.505 203.77 233.99 249.785 235.579 235.798 236.074 249.253 247.447 231.763 0.0 0.0 232.16 0.0 0.0
2017-01-11 20:54:53.529000 13479.79 110.59 195.33 65.451 203.49 233.71 249.502 235.303 235.523 235.8 248.992 247.182 231.484 0.0 0.0 231.88 0.0 0.0
2017-01-11 20:56:00.922000 13547.183 110.43 195.06 65.433 203.21 233.43 249.222 235.02 235.245 235.523 248.732 246.917 231.204 0.0 0.0 231.6 0.0 0.0
2017-01-11 20:57:08.336000 13614.597 110.27 194.79 65.38 202.93 233.14 248.942 234.75 234.973 235.248 248.471 246.648 230.923 0.0 0.0 231.33 0.0 0.0
2017-01-11 20:58:15.819000 13682.08 110.11 194.52 65.315 202.65 232.86 248.66 234.466 234.696 234.973 248.212 246.385 230.643 0.0 0.0 231.05 0.0 0.0
2017-01-11 20:59:23.483000 13749.744 109.95 194.26 65.285 202.38 232.58 248.378 234.192 234.424 234.697 247.951 246.116 230.363 0.0 0.0 230.77 0.0 0.0
2017-01-11 21:00:31.086000 13817.347 109.79 193.99 65.234 202.1 232.3 248.098 233.911 234.148 234.421 247.691 245.852 230.085 0.0 0.0 230.49 0.0 0.0
2017-01-11 21:01:38.680000 13884.941 109.63 193.72 65.216 201.82 232.01 247.816 233.639 233.873 234.14 247.43 245.584 229.807 0.0 0.0 230.21 0.0 0.0
2017-01-11 21:02:46.363000 13952.624 109.48 193.46 65.156 201.54 231.73 247.528 233.36 233.599 233.872 247.169 245.317 229.526 0.0 0.0 229.93 0.0 0.0
2017-01-11 21:03:54.017000 14020.278 109.32 193.19 65.103 201.26 231.45 247.252 233.085 233.326 233.592 246.906 245.052 229.248 0.0 0.0 229.65 0.0 0.0
2017-01-11 21:05:01.740000 14088.001 109.17 192.93 65.043 200.99 231.17 246.968 232.806 233.052 233.322 246.648 244.785 228.968 0.0 0.0 229.38 0.0 0.0
2017-01-11 21:06:09.455000 14155.726 109.01 192.67 65.009 200.71 230.89 246.693 232.53 232.773 233.047 246.388 244.519 228.689 0.0 0.0 229.1 0.0 0.0
2017-01-11 21:07:17.228000 14223.489 108.86 192.4 64.972 200.44 230.61 246.411 232.253 232.504 232.772 246.128 244.253 228.412 0.0 0.0 228.82 0.0 0.0
2017-01-11 21:08:25.062000 14291.323 108.7 192.14 64.913 200.16 230.33 246.131 231.972 232.23 232.498 245.866 243.989 228.132 0.0 0.0 228.54 0.0 0.0
2017-01-11 21:09:32.885000 14359.146 108.54 191.88 64.899 199.89 230.05 245.85 231.702 231.959 232.22 245.609 243.723 227.855 0.0 0.0 228.27 0.0 0.0
2017-01-11 21:10:40.769000 14427.03 108.39 191.62 64.825 199.62 229.76 245.562 231.425 231.686 231.951 245.348 243.456 227.577 0.0 0.0 227.99 0.0 0.0
2017-01-11 21:11:48.672000 14494.933 108.23 191.36 64.795 199.35 229.48 245.285 231.152 231.407 231.675 245.085 243.19 227.299 0.0 0.0 227.71 0.0 0.0
2017-01-11 21:12:56.626000 14562.897 108.08 191.09 64.775 199.08 229.21 245.004 230.872 231.14 231.403 244.827 242.923 227.02 0.0 0.0 227.44 0.0 0.0
2017-01-11 21:14:04.629000 14630.89 107.93 190.84 64.698 198.8 228.93 244.719 230.596 230.866 231.128 244.568 242.659 226.741 0.0 0.0 227.16 0.0 0.0
2017-01-11 21:15:12.673000 14698.934 107.77 190.57 64.666 198.53 228.65 244.441 230.322 230.588 230.855 244.309 242.391 226.463 0.0 0.0 226.88 0.0 0.0
2017-01-11 21:16:20.916000 14767.177 107.61 190.32 64.62 198.26 228.37 244.164 230.046 230.321 230.574 244.048 242.128 226.185 0.0 0.0 226.61 0.0 0.0
2017-01-11 21:17:29 14835.271 107.46 190.06 64.597 197.99 228.09 243.88 229.767 230.048 230.308 243.787 241.862 225.909 0.0 0.0 226.33 0.0 0.0
2017-01-11 21:18:37.074000 14903.335 107.31 189.8 64.519 197.72 227.81 243.599 229.485 229.773 230.034 243.527 241.597 225.63 0.0 0.0 226.06 0.0 0.0
2017-01-11 21:19:45.228000 14971.489 107.15 189.54 64.468 197.46 227.53 243.317 229.21 229.5 229.756 243.266 241.33 225.356 0.0 0.0 225.78 0.0 0.0
2017-01-11 21:20:53.402000 15039.663 106.99 189.28 64.427 197.19 227.25 243.038 228.935 229.225 229.485 243.009 241.063 225.077 0.0 0.0 225.51 0.0 0.0
2017-01-11 21:22:01.565000 15107.836 106.84 189.02 64.409 196.92 226.97 242.751 228.657 228.951 229.209 242.747 240.799 224.802 0.0 0.0 225.23 0.0 0.0
2017-01-11 21:23:09.809000 15176.07 106.69 188.76 64.349 196.65 226.69 242.475 228.373 228.672 228.935 242.489 240.534 224.526 0.0 0.0 224.96 0.0 0.0
2017-01-11 21:24:18.082000 15244.343 106.53 188.5 64.311 196.39 226.41 242.194 228.105 228.402 228.653 242.229 240.27 224.249 0.0 0.0 224.68 0.0 0.0
2017-01-11 21:25:26.436000 15312.697 106.38 188.25 64.272 196.12 226.13 241.915 227.828 228.129 228.384 241.969 240.004 223.972 0.0 0.0 224.41 0.0 0.0
2017-01-11 21:26:34.740000 15381.001 106.22 187.99 64.205 195.86 225.86 241.627 227.55 227.855 228.11 241.71 239.737 223.696 0.0 0.0 224.13 0.0 0.0
2017-01-11 21:27:43.073000 15449.344 106.07 187.73 64.164 195.59 225.58 241.352 227.268 227.579 227.836 241.452 239.47 223.42 0.0 0.0 223.86 0.0 0.0
2017-01-11 21:28:51.427000 15517.688 105.91 187.48 64.125 195.33 225.3 241.072 226.996 227.303 227.56 241.19 239.203 223.142 0.0 0.0 223.58 0.0 0.0
2017-01-11 21:29:59.851000 15586.122 105.76 187.22 64.081 195.06 225.02 240.791 226.722 227.034 227.282 240.933 238.935 222.87 0.0 0.0 223.31 0.0 0.0
2017-01-11 21:31:08.305000 15654.566 105.6 186.97 64.064 194.8 224.75 240.51 226.445 226.761 227.014 240.674 238.669 222.595 0.0 0.0 223.04 0.0 0.0
2017-01-11 21:32:16.989000 15723.25 105.45 186.71 63.996 194.54 224.47 240.228 226.169 226.489 226.74 240.413 238.403 222.317 0.0 0.0 222.76 0.0 0.0
2017-01-11 21:33:25.502000 15791.763 105.3 186.46 63.952 194.28 224.19 239.942 225.893 226.216 226.469 240.155 238.136 222.041 0.0 0.0 222.49 0.0 0.0
2017-01-11 21:34:34.066000 15860.327 105.15 186.21 63.909 194.01 223.91 239.666 225.613 225.941 226.193 239.895 237.87 221.768 0.0 0.0 222.22 0.0 0.0
2017-01-11 21:35:42.630000 15928.891 105.0 185.95 63.862 193.75 223.64 239.384 225.344 225.664 225.92 239.631 237.602 221.492 0.0 0.0 221.94 0.0 0.0
2017-01-11 21:36:51.283000 15997.544 104.85 185.7 63.821 193.5 223.36 239.1 225.067 225.4 225.644 239.369 237.334 221.218 0.0 0.0 221.67 0.0 0.0
2017-01-11 21:37:59.937000 16066.198 104.69 185.45 63.81 193.24 223.09 238.818 224.793 225.125 225.369 239.109 237.068 220.943 0.0 0.0 221.4 0.0 0.0
2017-01-11 21:39:08.671000 16134.932 104.54 185.2 63.775 192.98 222.81 238.536 224.517 224.853 225.103 238.846 236.802 220.67 0.0 0.0 221.13 0.0 0.0
2017-01-11 21:40:17.394000 16203.655 104.39 184.95 63.731 192.72 222.53 238.254 224.244 224.582 224.829 238.587 236.537 220.397 0.0 0.0 220.85 0.0 0.0
2017-01-11 21:41:26.454000 16272.725 104.23 184.7 63.664 192.46 222.26 237.97 223.968 224.308 224.556 238.324 236.269 220.117 0.0 0.0 220.58 0.0 0.0
2017-01-11 21:42:35.308000 16341.569 104.08 184.45 63.65 192.2 221.98 237.687 223.691 224.037 224.283 238.062 236.002 219.845 0.0 0.0 220.31 0.0 0.0
2017-01-11 21:43:44.092000 16410.353 103.93 184.2 63.611 191.95 221.7 237.404 223.417 223.766 224.013 237.804 235.738 219.567 0.0 0.0 220.03 0.0 0.0
2017-01-11 21:44:53.136000 16479.397 103.78 183.95 63.584 191.69 221.43 237.122 223.142 223.494 223.74 237.542 235.471 219.29 0.0 0.0 219.76 0.0 0.0
2017-01-11 21:46:02.029000 16548.29 103.62 183.7 63.513 191.43 221.15 236.839 222.872 223.222 223.467 237.282 235.204 219.015 0.0 0.0 219.49 0.0 0.0
2017-01-11 21:47:10.943000 16617.204 103.48 183.45 63.488 191.18 220.88 236.552 222.598 222.95 223.196 237.019 234.939 218.74 0.0 0.0 219.21 0.0 0.0
2017-01-11 21:48:19.877000 16686.138 103.33 183.21 63.469 190.92 220.6 236.272 222.323 222.679 222.924 236.76 234.672 218.464 0.0 0.0 218.94 0.0 0.0
2017-01-11 21:49:28.891000 16755.152 103.17 182.96 63.403 190.67 220.33 235.99 222.05 222.409 222.653 236.499 234.408 218.189 0.0 0.0 218.66 0.0 0.0
2017-01-11 21:50:37.924000 16824.185 103.02 182.71 63.349 190.41 220.05 235.71 221.777 222.138 222.383 236.24 234.143 217.913 0.0 0.0 218.39 0.0 0.0
2017-01-11 21:51:47.018000 16893.279 102.87 182.47 63.336 190.16 219.78 235.43 221.505 221.867 222.111 235.979 233.876 217.638 0.0 0.0 218.12 0.0 0.0
2017-01-11 21:52:56.122000 16962.383 102.73 182.22 63.303 189.91 219.5 235.147 221.228 221.597 221.84 235.719 233.612 217.363 0.0 0.0 217.85 0.0 0.0
2017-01-11 21:54:05.227000 17031.488 102.58 181.98 63.235 189.65 219.22 234.866 220.956 221.325 221.57 235.455 233.346 217.088 0.0 0.0 217.57 0.0 0.0
2017-01-11 21:55:14.390000 17100.651 102.43 181.73 63.233 189.4 218.94 234.585 220.684 221.056 221.298 235.197 233.079 216.815 0.0 0.0 217.3 0.0 0.0
2017-01-11 21:56:23.604000 17169.865 102.28 181.49 63.162 189.15 218.67 234.305 220.413 220.786 221.029 234.937 232.814 216.536 0.0 0.0 217.03 0.0 0.0
2017-01-11 21:57:33.038000 17239.309 102.13 181.24 63.162 188.89 218.39 234.024 220.14 220.515 220.752 234.677 232.548 216.261 0.0 0.0 216.75 0.0 0.0
2017-01-11 21:58:42.312000 17308.573 101.99 181.0 63.084 188.64 218.11 233.739 219.864 220.246 220.482 234.414 232.283 215.99 0.0 0.0 216.48 0.0 0.0
2017-01-11 21:59:51.606000 17377.867 101.85 180.76 63.089 188.39 217.84 233.459 219.591 219.97 220.216 234.156 232.017 215.711 0.0 0.0 216.21 0.0 0.0
2017-01-11 22:01:00.939000 17447.2 101.7 180.52 63.011 188.13 217.56 233.177 219.311 219.699 219.947 233.895 231.752 215.439 0.0 0.0 215.94 0.0 0.0
2017-01-11 22:02:10.313000 17516.574 101.55 180.28 63.004 187.88 217.29 232.898 219.037 219.43 219.675 233.635 231.488 215.166 0.0 0.0 215.66 0.0 0.0
2017-01-11 22:03:19.737000 17585.998 101.4 180.04 62.953 187.63 217.01 232.611 218.769 219.16 219.404 233.376 231.224 214.89 0.0 0.0 215.39 0.0 0.0
2017-01-11 22:04:29.181000 17655.442 101.25 179.8 62.934 187.38 216.73 232.335 218.494 218.89 219.131 233.118 230.96 214.617 0.0 0.0 215.12 0.0 0.0
2017-01-11 22:05:38.636000 17724.897 101.11 179.56 62.867 187.13 216.46 232.054 218.22 218.618 218.859 232.857 230.694 214.342 0.0 0.0 214.85 0.0 0.0
2017-01-11 22:06:48.290000 17794.551 100.96 179.31 62.823 186.88 216.18 231.77 217.946 218.345 218.582 232.596 230.429 214.071 0.0 0.0 214.58 0.0 0.0
2017-01-11 22:07:57.803000 17864.064 100.81 179.07 62.815 186.64 215.91 231.493 217.673 218.07 218.313 232.339 230.163 213.797 0.0 0.0 214.31 0.0 0.0
2017-01-11 22:09:07.357000 17933.618 100.67 178.83 62.759 186.39 215.63 231.213 217.395 217.801 218.043 232.078 229.897 213.524 0.0 0.0 214.04 0.0 0.0
2017-01-11 22:10:17.191000 18003.452 100.52 178.59 62.724 186.14 215.36 230.929 217.124 217.531 217.774 231.821 229.63 213.25 0.0 0.0 213.76 0.0 0.0
2017-01-11 22:11:26.825000 18073.096 100.37 178.35 62.702 185.89 215.08 230.649 216.851 217.261 217.503 231.561 229.365 212.978 0.0 0.0 213.49 0.0 0.0
2017-01-11 22:12:36.459000 18142.72 100.23 178.11 62.673 185.64 214.81 230.369 216.578 216.983 217.225 231.303 229.097 212.707 0.0 0.0 213.22 0.0 0.0
2017-01-11 22:13:46.183000 18212.444 100.08 177.87 62.602 185.39 214.53 230.088 216.301 216.718 216.956 231.045 228.832 212.433 0.0 0.0 212.95 0.0 0.0
2017-01-11 22:14:55.917000 18282.178 99.934 177.63 62.566 185.15 214.26 229.801 216.033 216.45 216.688 230.786 228.563 212.161 0.0 0.0 212.68 0.0 0.0
2017-01-11 22:16:05.691000 18351.952 99.787 177.4 62.535 184.91 213.98 229.522 215.761 216.179 216.418 230.527 228.299 211.887 0.0 0.0 212.41 0.0 0.0
2017-01-11 22:17:15.555000 18421.816 99.641 177.16 62.523 184.66 213.71 229.239 215.487 215.901 216.143 230.268 228.03 211.615 0.0 0.0 212.14 0.0 0.0
2017-01-11 22:18:25.359000 18491.62 99.492 176.92 62.483 184.41 213.44 228.958 215.211 215.638 215.876 230.011 227.766 211.344 0.0 0.0 211.87 0.0 0.0
2017-01-11 22:19:35.253000 18561.514 99.341 176.69 62.43 184.17 213.16 228.673 214.943 215.37 215.608 229.75 227.501 211.072 0.0 0.0 211.6 0.0 0.0
2017-01-11 22:20:45.137000 18631.398 99.197 176.45 62.394 183.92 212.89 228.394 214.672 215.098 215.331 229.49 227.233 210.8 0.0 0.0 211.33 0.0 0.0
2017-01-11 22:21:55.031000 18701.292 99.053 176.21 62.368 183.68 212.62 228.11 214.393 214.824 215.068 229.227 226.968 210.529 0.0 0.0 211.06 0.0 0.0
2017-01-11 22:23:05.195000 18771.456 98.907 175.98 62.304 183.44 212.34 227.827 214.128 214.561 214.798 228.969 226.703 210.257 0.0 0.0 210.79 0.0 0.0
2017-01-11 22:24:15.249000 18841.51 98.76 175.74 62.275 183.2 212.07 227.544 213.857 214.29 214.521 228.709 226.435 209.984 0.0 0.0 210.52 0.0 0.0
2017-01-11 22:25:25.293000 18911.554 98.615 175.51 62.251 182.95 211.79 227.262 213.578 214.021 214.257 228.449 226.17 209.713 0.0 0.0 210.25 0.0 0.0
2017-01-11 22:26:35.307000 18981.568 98.472 175.27 62.228 182.71 211.52 226.98 213.313 213.753 213.988 228.187 225.905 209.441 0.0 0.0 209.98 0.0 0.0
2017-01-11 22:27:45.401000 19051.672 98.332 175.04 62.2 182.47 211.25 226.698 213.045 213.484 213.715 227.926 225.64 209.171 0.0 0.0 209.71 0.0 0.0
2017-01-11 22:28:55.556000 19121.817 98.183 174.81 62.166 182.23 210.97 226.411 212.766 213.215 213.449 227.666 225.373 208.899 0.0 0.0 209.45 0.0 0.0
2017-01-11 22:30:05.750000 19192.011 98.036 174.58 62.118 181.99 210.7 226.132 212.501 212.946 213.18 227.405 225.109 208.626 0.0 0.0 209.17 0.0 0.0
2017-01-11 22:31:15.954000 19262.215 97.895 174.34 62.098 181.75 210.43 225.851 212.231 212.673 212.91 227.146 224.843 208.356 0.0 0.0 208.91 0.0 0.0
2017-01-11 22:32:26.218000 19332.479 97.748 174.11 62.037 181.51 210.15 225.57 211.959 212.41 212.642 226.886 224.578 208.086 0.0 0.0 208.64 0.0 0.0
2017-01-11 22:33:36.702000 19402.963 97.603 173.88 61.984 181.27 209.88 225.289 211.687 212.133 212.371 226.625 224.312 207.813 0.0 0.0 208.37 0.0 0.0
2017-01-11 22:34:46.996000 19473.257 97.462 173.65 61.948 181.03 209.61 225.001 211.418 211.871 212.105 226.363 224.048 207.543 0.0 0.0 208.1 0.0 0.0
2017-01-11 22:35:57.330000 19543.591 97.313 173.42 61.918 180.79 209.34 224.726 211.149 211.604 211.831 226.106 223.784 207.273 0.0 0.0 207.83 0.0 0.0
2017-01-11 22:37:07.694000 19613.955 97.17 173.19 61.917 180.55 209.06 224.437 210.877 211.336 211.569 225.845 223.518 207.003 0.0 0.0 207.57 0.0 0.0
2017-01-11 22:38:18.128000 19684.389 97.025 172.96 61.891 180.32 208.79 224.163 210.609 211.066 211.294 225.585 223.253 206.733 0.0 0.0 207.3 0.0 0.0
2017-01-11 22:39:28.582000 19754.843 96.876 172.73 61.84 180.08 208.52 223.874 210.335 210.8 211.033 225.324 222.988 206.464 0.0 0.0 207.03 0.0 0.0
2017-01-11 22:40:39.087000 19825.348 96.733 172.5 61.82 179.84 208.25 223.601 210.068 210.531 210.758 225.064 222.723 206.194 0.0 0.0 206.76 0.0 0.0
2017-01-11 22:41:49.631000 19895.892 96.592 172.27 61.744 179.61 207.97 223.314 209.793 210.263 210.496 224.805 222.459 205.923 0.0 0.0 206.5 0.0 0.0
2017-01-11 22:43:00.175000 19966.436 96.453 172.04 61.731 179.37 207.7 223.038 209.524 209.997 210.223 224.547 222.196 205.652 0.0 0.0 206.23 0.0 0.0
2017-01-11 22:44:10.969000 20037.23 96.309 171.82 61.718 179.13 207.43 222.75 209.25 209.725 209.958 224.286 221.931 205.381 0.0 0.0 205.96 0.0 0.0
2017-01-11 22:45:21.613000 20107.874 96.17 171.59 61.636 178.9 207.16 222.476 208.976 209.45 209.684 224.025 221.665 205.111 0.0 0.0 205.69 0.0 0.0
2017-01-11 22:46:32.257000 20178.518 96.031 171.36 61.619 178.66 206.89 222.193 208.707 209.187 209.42 223.767 221.402 204.84 0.0 0.0 205.42 0.0 0.0
2017-01-11 22:47:42.951000 20249.212 95.891 171.13 61.611 178.42 206.61 221.915 208.435 208.912 209.149 223.506 221.138 204.569 0.0 0.0 205.16 0.0 0.0
2017-01-11 22:48:53.805000 20320.066 95.746 170.91 61.547 178.19 206.35 221.634 208.163 208.645 208.877 223.249 220.873 204.295 0.0 0.0 204.89 0.0 0.0
2017-01-11 22:50:04.550000 20390.811 95.605 170.68 61.512 177.95 206.07 221.354 207.887 208.376 208.607 222.989 220.608 204.024 0.0 0.0 204.62 0.0 0.0
2017-01-11 22:51:15.304000 20461.565 95.463 170.46 61.522 177.72 205.8 221.074 207.62 208.106 208.334 222.733 220.346 203.752 0.0 0.0 204.35 0.0 0.0
2017-01-11 22:52:26.129000 20532.39 95.323 170.23 61.447 177.49 205.53 220.787 207.35 207.84 208.069 222.472 220.082 203.48 0.0 0.0 204.08 0.0 0.0
2017-01-11 22:53:36.963000 20603.224 95.183 170.01 61.444 177.25 205.26 220.512 207.076 207.562 207.8 222.214 219.819 203.208 0.0 0.0 203.82 0.0 0.0
2017-01-11 22:54:48.057000 20674.318 95.044 169.78 61.387 177.02 204.99 220.231 206.803 207.298 207.53 221.955 219.552 202.937 0.0 0.0 203.55 0.0 0.0
2017-01-11 22:55:58.941000 20745.202 94.905 169.56 61.369 176.79 204.72 219.946 206.533 207.03 207.26 221.694 219.286 202.665 0.0 0.0 203.28 0.0 0.0
2017-01-11 22:57:09.905000 20816.166 94.759 169.33 61.344 176.56 204.44 219.668 206.262 206.757 206.99 221.44 219.02 202.39 0.0 0.0 203.01 0.0 0.0
2017-01-11 22:58:20.859000 20887.12 94.622 169.11 61.304 176.32 204.17 219.386 205.992 206.495 206.722 221.18 218.754 202.122 0.0 0.0 202.74 0.0 0.0
2017-01-11 22:59:31.903000 20958.164 94.477 168.88 61.276 176.09 203.9 219.098 205.721 206.225 206.453 220.921 218.49 201.851 0.0 0.0 202.47 0.0 0.0
2017-01-11 23:00:42.958000 21029.219 94.337 168.66 61.236 175.86 203.62 218.824 205.453 205.953 206.184 220.663 218.223 201.579 0.0 0.0 202.21 0.0 0.0
2017-01-11 23:01:54.042000 21100.303 94.195 168.44 61.212 175.63 203.35 218.54 205.181 205.69 205.916 220.405 217.96 201.309 0.0 0.0 201.94 0.0 0.0
2017-01-11 23:03:05.156000 21171.417 94.058 168.21 61.198 175.4 203.08 218.253 204.908 205.422 205.646 220.148 217.694 201.038 0.0 0.0 201.67 0.0 0.0
2017-01-11 23:04:16.451000 21242.712 93.919 167.99 61.118 175.17 202.8 217.976 204.634 205.152 205.378 219.89 217.43 200.767 0.0 0.0 201.4 0.0 0.0
2017-01-11 23:05:27.825000 21314.086 93.773 167.77 61.1 174.94 202.53 217.694 204.367 204.878 205.107 219.627 217.162 200.495 0.0 0.0 201.13 0.0 0.0
2017-01-11 23:06:39.020000 21385.281 93.635 167.55 61.095 174.71 202.26 217.412 204.097 204.618 204.84 219.369 216.898 200.226 0.0 0.0 200.87 0.0 0.0
2017-01-11 23:07:50.214000 21456.475 93.492 167.32 61.037 174.48 201.99 217.126 203.829 204.349 204.572 219.108 216.633 199.955 0.0 0.0 200.6 0.0 0.0
2017-01-11 23:09:01.478000 21527.739 93.346 167.11 61.032 174.26 201.71 216.85 203.554 204.082 204.305 218.849 216.369 199.685 0.0 0.0 200.33 0.0 0.0
2017-01-11 23:10:12.772000 21599.033 93.211 166.89 61.012 174.03 201.44 216.569 203.288 203.809 204.032 218.588 216.103 199.417 0.0 0.0 200.07 0.0 0.0
2017-01-11 23:11:24.086000 21670.347 93.069 166.67 60.96 173.8 201.17 216.287 203.019 203.549 203.769 218.328 215.841 199.145 0.0 0.0 199.8 0.0 0.0
2017-01-11 23:12:35.501000 21741.762 92.928 166.45 60.929 173.58 200.9 216.006 202.748 203.281 203.501 218.07 215.578 198.876 0.0 0.0 199.53 0.0 0.0
2017-01-11 23:13:46.925000 21813.186 92.785 166.23 60.918 173.35 200.62 215.718 202.479 203.012 203.234 217.811 215.311 198.606 0.0 0.0 199.27 0.0 0.0
2017-01-11 23:14:58.759000 21885.02 92.644 166.01 60.882 173.12 200.35 215.434 202.206 202.747 202.964 217.548 215.045 198.336 0.0 0.0 199.0 0.0 0.0
2017-01-11 23:16:10.194000 21956.455 92.506 165.79 60.852 172.9 200.08 215.161 201.941 202.475 202.696 217.291 214.781 198.065 0.0 0.0 198.73 0.0 0.0
2017-01-11 23:17:21.709000 22027.97 92.367 165.57 60.794 172.67 199.81 214.881 201.672 202.215 202.423 217.03 214.517 197.797 0.0 0.0 198.47 0.0 0.0
2017-01-11 23:18:33.263000 22099.524 92.226 165.35 60.737 172.45 199.54 214.601 201.403 201.946 202.154 216.772 214.253 197.525 0.0 0.0 198.2 0.0 0.0
2017-01-11 23:19:44.837000 22171.098 92.084 165.13 60.717 172.22 199.27 214.319 201.134 201.68 201.895 216.51 213.988 197.253 0.0 0.0 197.94 0.0 0.0
2017-01-11 23:20:56.431000 22242.692 91.951 164.92 60.71 172.0 198.99 214.038 200.866 201.414 201.629 216.255 213.727 196.987 0.0 0.0 197.67 0.0 0.0
2017-01-11 23:22:08.046000 22314.307 91.805 164.7 60.67 171.78 198.72 213.754 200.595 201.147 201.361 215.996 213.465 196.717 0.0 0.0 197.41 0.0 0.0
2017-01-11 23:23:19.970000 22386.231 91.667 164.49 60.667 171.55 198.45 213.471 200.327 200.879 201.094 215.737 213.2 196.439 0.0 0.0 197.14 0.0 0.0
2017-01-11 23:24:31.634000 22457.895 91.527 164.27 60.623 171.33 198.18 213.197 200.054 200.613 200.826 215.478 212.936 196.179 0.0 0.0 196.87 0.0 0.0
2017-01-11 23:25:43.437000 22529.698 91.389 164.05 60.61 171.11 197.91 212.917 199.781 200.346 200.561 215.222 212.671 195.91 0.0 0.0 196.61 0.0 0.0
2017-01-11 23:26:55.142000 22601.403 91.257 163.84 60.574 170.89 197.64 212.64 199.519 200.076 200.293 214.964 212.409 195.639 0.0 0.0 196.34 0.0 0.0
2017-01-11 23:28:06.937000 22673.198 91.121 163.62 60.525 170.67 197.37 212.358 199.247 199.808 200.026 214.708 212.144 195.369 0.0 0.0 196.08 0.0 0.0
2017-01-11 23:29:18.741000 22745.002 90.987 163.41 60.518 170.44 197.1 212.078 198.977 199.546 199.754 214.452 211.882 195.104 0.0 0.0 195.81 0.0 0.0
2017-01-11 23:30:30.616000 22816.877 90.848 163.2 60.482 170.22 196.83 211.796 198.707 199.279 199.485 214.195 211.62 194.836 0.0 0.0 195.55 0.0 0.0
2017-01-11 23:31:42.480000 22888.741 90.711 162.99 60.439 170.0 196.56 211.519 198.438 199.009 199.215 213.941 211.358 194.556 0.0 0.0 195.28 0.0 0.0
2017-01-11 23:32:54.664000 22960.925 90.575 162.77 60.39 169.78 196.28 211.238 198.169 198.741 198.949 213.685 211.095 194.299 0.0 0.0 195.02 0.0 0.0
2017-01-11 23:34:06.689000 23032.95 90.44 162.56 60.347 169.56 196.01 210.959 197.896 198.473 198.677 213.43 210.829 194.03 0.0 0.0 194.75 0.0 0.0
2017-01-11 23:35:18.663000 23104.924 90.307 162.35 60.317 169.34 195.74 210.68 197.628 198.204 198.411 213.175 210.569 193.763 0.0 0.0 194.49 0.0 0.0
2017-01-11 23:36:30.717000 23176.978 90.18 162.13 60.305 169.12 195.47 210.399 197.355 197.938 198.142 212.92 210.305 193.494 0.0 0.0 194.22 0.0 0.0
2017-01-11 23:37:42.782000 23249.043 90.046 161.92 60.279 168.9 195.2 210.121 197.086 197.671 197.875 212.662 210.042 193.227 0.0 0.0 193.96 0.0 0.0
2017-01-11 23:38:54.936000 23321.207 89.904 161.71 60.269 168.68 194.93 209.841 196.817 197.396 197.611 212.41 209.777 192.957 0.0 0.0 193.69 0.0 0.0
2017-01-11 23:40:07.031000 23393.292 89.768 161.5 60.232 168.46 194.66 209.558 196.549 197.128 197.342 212.152 209.513 192.69 0.0 0.0 193.43 0.0 0.0
2017-01-11 23:41:19.566000 23465.827 89.635 161.29 60.178 168.23 194.39 209.277 196.27 196.865 197.074 211.893 209.249 192.423 0.0 0.0 193.16 0.0 0.0
2017-01-11 23:42:31.780000 23538.041 89.498 161.08 60.172 168.02 194.12 208.995 196.003 196.601 196.809 211.637 208.981 192.155 0.0 0.0 192.9 0.0 0.0
2017-01-11 23:43:44.025000 23610.286 89.359 160.87 60.155 167.8 193.85 208.706 195.738 196.333 196.541 211.381 208.719 191.883 0.0 0.0 192.65 0.0 0.0
2017-01-11 23:44:56.289000 23682.55 89.221 160.67 60.111 167.58 193.58 208.426 195.47 196.067 196.273 211.124 208.454 191.615 0.0 0.0 192.39 0.0 0.0
2017-01-11 23:46:08.583000 23754.844 89.088 160.46 60.064 167.36 193.31 208.148 195.2 195.801 196.009 210.871 208.19 191.347 0.0 0.0 192.13 0.0 0.0
2017-01-11 23:47:20.928000 23827.189 88.951 160.25 60.07 167.14 193.05 207.867 194.931 195.532 195.738 210.613 207.923 191.082 0.0 0.0 191.87 0.0 0.0
2017-01-11 23:48:33.332000 23899.593 88.81 160.05 60.039 166.93 192.78 207.588 194.661 195.266 195.473 210.357 207.66 190.813 0.0 0.0 191.61 0.0 0.0
2017-01-11 23:49:45.997000 23972.258 88.68 159.84 60.01 166.71 192.51 207.305 194.388 194.993 195.204 210.098 207.394 190.544 0.0 0.0 191.35 0.0 0.0
2017-01-11 23:50:58.411000 24044.672 88.536 159.63 59.969 166.49 192.24 207.023 194.113 194.725 194.938 209.841 207.13 190.279 0.0 0.0 191.09 0.0 0.0
2017-01-11 23:52:11.007000 24117.268 88.406 159.42 59.926 166.28 191.97 206.735 193.848 194.462 194.67 209.581 206.866 190.012 0.0 0.0 190.83 0.0 0.0
2017-01-11 23:53:23.501000 24189.762 88.272 159.21 59.937 166.06 191.7 206.46 193.579 194.196 194.402 209.324 206.603 189.743 0.0 0.0 190.57 0.0 0.0
2017-01-11 23:54:36.035000 24262.296 88.136 159.0 59.857 165.85 191.43 206.182 193.313 193.928 194.133 209.064 206.338 189.475 0.0 0.0 190.31 0.0 0.0
2017-01-11 23:55:48.620000 24334.881 88.011 158.8 59.863 165.63 191.16 205.901 193.041 193.661 193.859 208.806 206.075 189.207 0.0 0.0 190.04 0.0 0.0
2017-01-11 23:57:01.204000 24407.465 87.869 158.59 59.839 165.42 190.89 205.621 192.772 193.39 193.596 208.547 205.81 188.938 0.0 0.0 189.78 0.0 0.0
2017-01-11 23:58:13.819000 24480.09 87.74 158.38 59.767 165.21 190.62 205.34 192.497 193.127 193.329 208.289 205.546 188.672 0.0 0.0 189.52 0.0 0.0
2017-01-11 23:59:26.753000 24553.014 87.599 158.18 59.766 164.99 190.35 205.059 192.232 192.857 193.064 208.029 205.284 188.402 0.0 0.0 189.25 0.0 0.0
