#Human readable time. Time (s) since start. Lakeshore temperature sensor 218 T1,2,3,4,5,6,8 and 224 C2,C3,C4,C5,D2,D3,D4,D5,A,B
2017-05-15 15:11:57.123000 0.0 3.408 11.901 50.8 6.541 34.518 53.232 4.407 50.4341 10.792 5.8533 6.5595 4.6409 4.56 5.1889 4.4745 4.322 4.5009 3.9775 
2017-05-15 15:12:10.495000 13.372 3.429 11.899 50.799 6.54 34.523 53.231 4.402 50.4327 10.8446 5.8391 6.5428 4.6388 4.5485 5.1743 4.468 4.3179 4.4986 3.9707 
2017-05-15 15:12:22.898000 25.775 3.519 11.898 50.799 6.539 33.763 53.233 4.399 50.4228 10.8895 5.8228 6.5261 4.6357 4.5373 5.1608 4.4614 4.313 4.4961 3.9637 
2017-05-15 15:12:35.391000 38.268 3.359 11.896 50.799 6.538 33.723 53.231 4.392 50.4138 10.928 5.8017 6.5054 4.635 4.5262 5.147 4.4551 4.3054 4.4944 3.957 
2017-05-15 15:12:47.875000 50.752 3.406 11.894 50.797 6.536 34.513 53.23 4.384 50.4068 10.9645 5.777 6.4819 4.6326 4.515 5.1326 4.4492 4.2962 4.4929 3.9514 
2017-05-15 15:13:00.447000 63.324 3.371 11.892 50.795 6.535 33.835 53.229 4.376 50.3959 10.997 5.7489 6.4559 4.6308 4.5038 5.1177 4.4436 4.2883 4.4899 3.9459 
2017-05-15 15:13:13.060000 75.937 3.511 11.89 50.796 6.534 34.287 53.228 4.371 50.3864 11.0276 5.7193 6.4285 4.6287 4.4925 5.1027 4.4378 4.2822 4.4887 3.9394 
2017-05-15 15:13:25.722000 88.599 3.535 11.888 50.794 6.533 33.837 53.227 4.366 50.3774 11.0547 5.6881 6.4001 4.6257 4.4809 5.0878 4.4319 4.2774 4.4862 3.933 
2017-05-15 15:13:38.355000 101.232 3.352 11.886 50.792 6.532 34.422 53.225 4.362 50.3629 11.0787 5.6561 6.3714 4.6236 4.47 5.0724 4.4258 4.2724 4.4836 3.9273 
2017-05-15 15:13:51.077000 113.954 3.579 11.884 50.792 6.53 34.054 53.225 4.358 50.3541 11.1007 5.6235 6.3418 4.622 4.4591 5.0578 4.4202 4.2676 4.4804 3.9207 
2017-05-15 15:14:03.830000 126.707 3.4 11.882 50.791 6.529 34.506 53.223 4.353 50.3392 11.1187 5.5886 6.3103 4.6192 4.4478 5.0428 4.4143 4.2633 4.4792 3.9155 
2017-05-15 15:14:16.677000 139.554 3.547 11.88 50.79 6.528 33.86 53.223 4.349 50.3302 11.1344 5.5548 6.2798 4.6166 4.4368 5.0286 4.4086 4.2585 4.4766 3.9096 
2017-05-15 15:14:29.519000 152.396 3.505 11.878 50.789 6.527 34.4 53.223 4.345 50.3147 11.1485 5.5209 6.2494 4.6153 4.4264 5.0139 4.403 4.2543 4.4745 3.9042 
2017-05-15 15:14:42.434000 165.311 3.343 11.876 50.786 6.526 33.69 53.221 4.341 50.3027 11.1598 5.4856 6.217 4.6131 4.4156 4.9997 4.3972 4.25 4.4721 3.8984 
2017-05-15 15:14:55.396000 178.273 3.543 11.874 50.787 6.524 34.222 53.221 4.338 50.2883 11.1693 5.4505 6.1863 4.6102 4.4051 4.9853 4.3917 4.2457 4.4696 3.8935 
2017-05-15 15:15:08.459000 191.336 3.341 11.872 50.784 6.523 34.346 53.22 4.334 50.2784 11.177 5.4174 6.1547 4.6074 4.3948 4.9714 4.3862 4.2415 4.4671 3.8877 
2017-05-15 15:15:21.531000 204.408 3.377 11.87 50.785 6.522 33.782 53.219 4.33 50.2673 11.1827 5.3831 6.1228 4.6051 4.3843 4.9576 4.3809 4.2374 4.4644 3.8823 
2017-05-15 15:15:34.644000 217.521 3.381 11.868 50.784 6.52 34.052 53.219 4.326 50.2518 11.187 5.3488 6.0915 4.6024 4.3738 4.9442 4.3756 4.2334 4.4621 3.8769 
2017-05-15 15:15:47.808000 230.685 3.56 11.866 50.781 6.519 34.082 53.216 4.323 50.2398 11.1896 5.3156 6.0605 4.5988 4.3637 4.9305 4.3703 4.2296 4.4599 3.8719 
2017-05-15 15:16:00.910000 243.787 3.433 11.864 50.78 6.517 34.485 53.215 4.319 50.2275 11.1911 5.2828 6.0298 4.5968 4.354 4.9176 4.365 4.2245 4.4573 3.8667 
2017-05-15 15:16:14.133000 257.01 3.347 11.862 50.781 6.516 33.998 53.214 4.316 50.2161 11.1912 5.2511 5.9998 4.5949 4.3446 4.9051 4.36 4.2212 4.4546 3.8622 
2017-05-15 15:16:27.426000 270.303 3.561 11.861 50.779 6.515 33.92 53.214 4.312 50.2031 11.1903 5.2202 5.9682 4.5919 4.3348 4.8923 4.355 4.218 4.4521 3.8572 
2017-05-15 15:16:40.678000 283.555 3.543 11.859 50.779 6.513 33.87 53.213 4.309 50.1917 11.188 5.1898 5.9371 4.5893 4.3252 4.8802 4.3501 4.2144 4.4489 3.8519 
2017-05-15 15:16:54.031000 296.908 3.461 11.857 50.776 6.512 34.336 53.211 4.306 50.1782 11.1848 5.1601 5.9067 4.5863 4.3161 4.8679 4.3452 4.2108 4.4466 3.8466 
2017-05-15 15:17:07.374000 310.251 3.508 11.855 50.775 6.51 34.324 53.211 4.302 50.1667 11.1803 5.1297 5.8768 4.5843 4.3069 4.8557 4.3404 4.207 4.4436 3.8422 
2017-05-15 15:17:20.817000 323.694 3.519 11.854 50.776 6.509 34.204 53.209 4.299 50.1547 11.1755 5.1018 5.8462 4.5808 4.2977 4.8441 4.3361 4.2034 4.4416 3.8377 
2017-05-15 15:17:34.260000 337.137 3.54 11.852 50.775 6.508 34.148 53.208 4.296 50.1433 11.1696 5.0745 5.8177 4.5784 4.2889 4.8327 4.3314 4.2 4.4388 3.833 
2017-05-15 15:17:47.783000 350.66 3.556 11.85 50.771 6.506 34.034 53.208 4.293 50.13 11.1626 5.0471 5.7882 4.5755 4.28 4.8213 4.3269 4.1963 4.4355 3.8285 
2017-05-15 15:18:01.325000 364.202 3.558 11.848 50.771 6.504 33.964 53.207 4.29 50.1195 11.1551 5.0216 5.7602 4.5729 4.2715 4.8105 4.3224 4.1927 4.4327 3.8239 
2017-05-15 15:18:14.918000 377.795 3.537 11.847 50.769 6.503 33.855 53.205 4.287 50.106 11.1469 4.9958 5.7316 4.5703 4.2629 4.7997 4.3182 4.1891 4.4302 3.8201 
2017-05-15 15:18:28.541000 391.418 3.532 11.845 50.769 6.501 33.841 53.205 4.284 50.095 11.1381 4.9703 5.7036 4.5672 4.2546 4.7892 4.3139 4.1849 4.4269 3.8151 
2017-05-15 15:18:42.274000 405.151 3.342 11.843 50.769 6.5 33.787 53.204 4.281 50.0851 11.1287 4.9457 5.6777 4.5642 4.2462 4.7785 4.3098 4.1816 4.4245 3.8108 
2017-05-15 15:18:55.997000 418.874 3.335 11.842 50.767 6.498 34.057 53.203 4.278 50.0751 11.1186 4.9219 5.651 4.5617 4.2383 4.7686 4.3057 4.1782 4.4211 3.8065 
2017-05-15 15:19:09.770000 432.647 3.338 11.84 50.765 6.497 33.948 53.203 4.275 50.0626 11.1082 4.8998 5.6251 4.5585 4.2301 4.7583 4.3019 4.1747 4.4184 3.8027 
2017-05-15 15:19:23.643000 446.52 3.374 11.839 50.765 6.495 34.472 53.2 4.272 50.0511 11.0969 4.8765 5.6001 4.5561 4.2225 4.7487 4.2979 4.171 4.4161 3.7991 
2017-05-15 15:19:37.435000 460.312 3.423 11.837 50.763 6.494 34.454 53.2 4.269 50.0418 11.0855 4.8545 5.5748 4.5528 4.2147 4.739 4.2942 4.1676 4.4128 3.7954 
2017-05-15 15:19:51.298000 474.175 3.549 11.836 50.762 6.492 33.927 53.198 4.267 50.0312 11.0737 4.8333 5.5494 4.5496 4.207 4.7293 4.2906 4.1637 4.4103 3.7914 
2017-05-15 15:20:05.241000 488.118 3.342 11.834 50.76 6.491 33.857 53.197 4.264 50.0207 11.0615 4.8126 5.5258 4.5462 4.1995 4.7203 4.2871 4.1605 4.4072 3.788 
2017-05-15 15:20:19.215000 502.092 3.403 11.832 50.758 6.489 34.453 53.194 4.261 50.0099 11.0489 4.7927 5.5025 4.5435 4.192 4.7112 4.2835 4.1553 4.4043 3.784 
2017-05-15 15:20:33.238000 516.115 3.546 11.831 50.757 6.487 33.997 53.195 4.259 50.0018 11.0355 4.7723 5.48 4.5411 4.1846 4.7024 4.2803 4.1542 4.4005 3.7802 
2017-05-15 15:20:47.360000 530.237 3.352 11.83 50.757 6.486 33.815 53.193 4.258 49.9924 11.0222 4.7541 5.4578 4.5384 4.1775 4.6935 4.2774 4.1554 4.3984 3.7786 
2017-05-15 15:21:01.713000 544.59 3.327 11.829 50.752 6.484 34.348 53.191 4.269 50.0157 11.0084 4.7457 5.4441 4.535 4.1718 4.6877 4.2773 4.1681 4.3951 3.7818 
2017-05-15 15:21:15.836000 558.713 3.402 11.828 50.753 6.482 34.187 53.19 4.271 50.072 10.9948 4.7493 5.44 4.5318 4.1667 4.6836 4.2772 4.1695 4.3917 3.7815 
2017-05-15 15:21:29.999000 572.876 3.33 11.827 50.75 6.481 34.023 53.187 4.269 50.1167 10.9818 4.7557 5.4388 4.5283 4.1615 4.6793 4.2758 4.168 4.3889 3.7782 
2017-05-15 15:21:44.212000 587.089 3.369 11.827 50.749 6.479 34.454 53.187 4.268 50.1414 10.9682 4.7601 5.4372 4.5261 4.1561 4.6747 4.2738 4.1656 4.3861 3.775 
2017-05-15 15:21:58.475000 601.352 3.548 11.826 50.747 6.477 33.892 53.185 4.266 50.1584 10.9542 4.7612 5.4336 4.5228 4.1513 4.6695 4.2713 4.1634 4.3823 3.7721 
2017-05-15 15:22:12.798000 615.675 3.343 11.825 50.747 6.476 34.412 53.185 4.264 50.1652 10.9402 4.7591 5.4277 4.52 4.1463 4.6638 4.2684 4.1606 4.3798 3.7685 
2017-05-15 15:22:27.151000 630.028 3.379 11.825 50.747 6.474 34.036 53.184 4.261 50.1673 10.9259 4.7543 5.4195 4.5169 4.1416 4.6583 4.2653 4.1579 4.3763 3.7653 
2017-05-15 15:22:41.504000 644.381 3.324 11.824 50.743 6.472 34.088 53.183 4.259 50.1662 10.9113 4.7465 5.4095 4.5142 4.1371 4.6523 4.2622 4.1545 4.3738 3.7622 
2017-05-15 15:22:55.947000 658.824 3.521 11.823 50.742 6.47 33.808 53.182 4.256 50.1613 10.8966 4.737 5.3975 4.5105 4.1323 4.6461 4.259 4.1512 4.3716 3.7583 
2017-05-15 15:23:10.440000 673.317 3.402 11.822 50.74 6.469 34.452 53.18 4.253 50.1568 10.882 4.7253 5.3843 4.5074 4.1278 4.6396 4.2562 4.1478 4.3686 3.7552 
2017-05-15 15:23:25.034000 687.911 3.347 11.821 50.742 6.467 33.793 53.182 4.251 50.1532 10.867 4.7128 5.3696 4.5047 4.1233 4.633 4.2531 4.1443 4.3657 3.7522 
2017-05-15 15:23:39.587000 702.464 3.542 11.82 50.736 6.465 34.011 53.178 4.248 50.1422 10.8521 4.6996 5.3549 4.5013 4.1188 4.6264 4.2504 4.141 4.3621 3.7494 
2017-05-15 15:23:54.220000 717.097 3.321 11.819 50.739 6.463 34.323 53.176 4.245 50.1383 10.8362 4.6852 5.3397 4.4979 4.1142 4.6198 4.2475 4.1381 4.3604 3.7471 
2017-05-15 15:24:08.862000 731.739 3.405 11.818 50.736 6.462 33.642 53.176 4.243 50.1285 10.8209 4.6712 5.3237 4.494 4.1091 4.6117 4.2445 4.1352 4.3572 3.7437 
2017-05-15 15:24:23.575000 746.452 3.365 11.817 50.737 6.46 34.441 53.175 4.241 50.1198 10.8045 4.657 5.3084 4.4912 4.1054 4.6064 4.2418 4.1326 4.3538 3.7405 
2017-05-15 15:24:38.309000 761.186 3.336 11.816 50.734 6.458 34.401 53.173 4.239 50.1128 10.789 4.6423 5.2925 4.4885 4.1008 4.5997 4.2391 4.1298 4.3511 3.7379 
2017-05-15 15:24:53.063000 775.94 3.382 11.815 50.732 6.456 33.65 53.173 4.237 50.1045 10.7729 4.6278 5.2772 4.486 4.0965 4.5933 4.2363 4.1273 4.3481 3.7355 
2017-05-15 15:25:07.816000 790.693 3.418 11.814 50.732 6.455 33.655 53.172 4.235 50.0965 10.7571 4.6143 5.2614 4.4821 4.092 4.5867 4.2336 4.1255 4.3453 3.733 
