#Human readable time. Time (s) since start. Lakeshore temperature sensor 218 T1,3,5,6,8 and 224 C2,C3,C4,C5,D2,D3,D5,A,B
2017-08-05 18:28:22.357000 0.006 5.062 65.033 38.876 68.209 7.609 16.4194 7.7966 7.1486 7.3608 39.0024 28.3401 8.1853 0.0 0.0 9.995 -1 0.0
2017-08-05 18:29:23.221000 60.87 4.722 64.979 39.319 68.149 7.606 16.412 7.7949 7.1467 7.359 38.993 28.3303 8.1829 0.0 0.0 9.988 0.0 0.0
2017-08-05 18:30:23.582000 121.231 5.125 64.924 39.126 68.089 7.604 16.4042 7.793 7.1446 7.3569 38.979 28.3188 8.1804 0.0 0.0 9.981 0.0 0.0
2017-08-05 18:31:23.981000 181.63 5.039 64.871 39.216 68.032 7.602 16.3965 7.7913 7.1426 7.3552 38.9693 28.3087 8.1786 0.0 0.0 9.974 0.0 0.0
2017-08-05 18:32:24.424000 242.073 5.186 64.815 39.025 67.976 7.6 16.3894 7.7894 7.1408 7.3532 38.9599 28.2948 8.1763 0.0 0.0 9.968 0.0 0.0
2017-08-05 18:33:24.881000 302.53 5.06 64.76 38.809 67.915 7.597 16.3819 7.7876 7.1388 7.3512 38.951 28.2832 8.1741 0.0 0.0 9.961 0.0 0.0
2017-08-05 18:34:25.399000 363.048 4.69 64.706 38.988 67.858 7.595 16.3742 7.7858 7.1368 7.3494 38.9416 28.2737 8.1721 0.0 0.0 9.954 0.0 0.0
2017-08-05 18:35:25.987000 423.636 4.673 64.651 39.237 67.8 7.593 16.3666 7.784 7.1349 7.3475 38.9329 28.2615 8.17 0.0 0.0 9.947 0.0 0.0
2017-08-05 18:36:26.673000 484.322 5.239 64.596 38.881 67.742 7.591 16.3592 7.7822 7.133 7.3457 38.9204 28.2493 8.1678 0.0 0.0 9.941 0.0 0.0
2017-08-05 18:37:27.282000 544.931 4.792 64.544 38.805 67.686 7.588 16.3516 7.7803 7.1312 7.3438 38.9117 28.2378 8.1658 0.0 0.0 9.934 0.0 0.0
2017-08-05 18:38:28.233000 605.882 4.999 64.49 39.141 67.629 7.586 16.3439 7.7786 7.1291 7.3417 38.9017 28.2258 8.1632 0.0 0.0 9.927 0.0 0.0
2017-08-05 18:39:29.206000 666.855 4.757 64.434 38.805 67.57 7.583 16.3366 7.7767 7.127 7.3397 38.8936 28.2149 8.1611 0.0 0.0 9.921 0.0 0.0
2017-08-05 18:40:30.210000 727.859 4.962 64.38 39.096 67.513 7.581 16.329 7.7747 7.1251 7.338 38.8827 28.2029 8.1588 0.0 0.0 9.914 0.0 0.0
2017-08-05 18:41:31.070000 788.719 5.221 64.325 38.831 67.455 7.574 16.3212 7.773 7.1231 7.3359 38.8733 28.1894 8.1568 0.0 0.0 9.907 0.0 0.0
2017-08-05 18:42:32.046000 849.695 4.644 64.27 39.09 67.397 7.576 16.3136 7.771 7.1211 7.334 38.867 28.1781 8.1545 0.0 0.0 9.901 0.0 0.0
2017-08-05 18:43:32.817000 910.466 5.23 64.216 38.774 67.34 7.57 16.306 7.7691 7.1193 7.3324 38.8563 28.169 8.1525 0.0 0.0 9.894 0.0 0.0
2017-08-05 18:44:33.617000 971.266 4.643 64.163 38.669 67.283 7.572 16.2984 7.7672 7.1174 7.3304 38.8463 28.1558 8.1501 0.0 0.0 9.888 0.0 0.0
2017-08-05 18:45:34.457000 1032.106 4.925 64.11 39.046 67.226 7.57 16.2909 7.7654 7.1152 7.3284 38.8384 28.1438 8.148 0.0 0.0 9.881 0.0 0.0
2017-08-05 18:46:35.547000 1093.196 4.889 64.055 38.615 67.168 7.568 16.2831 7.7635 7.1133 7.3264 38.8297 28.1339 8.1461 0.0 0.0 9.875 0.0 0.0
2017-08-05 18:47:36.397000 1154.046 4.807 64.002 39.06 67.111 7.565 16.2754 7.7616 7.1114 7.3247 38.8199 28.1237 8.1435 0.0 0.0 9.868 0.0 0.0
2017-08-05 18:48:37.507000 1215.156 4.812 63.949 38.603 67.055 7.563 16.2678 7.7598 7.1093 7.3227 38.8126 28.111 8.1416 0.0 0.0 9.862 0.0 0.0
2017-08-05 18:49:38.803000 1276.452 5.221 63.895 38.696 66.997 7.561 16.2602 7.7578 7.1074 7.3208 38.8049 28.0995 8.1393 0.0 0.0 9.855 0.0 0.0
2017-08-05 18:50:39.803000 1337.452 4.637 63.844 39.0 66.943 7.558 16.2527 7.7559 7.1056 7.319 38.7933 28.0577 8.1374 0.0 0.0 9.849 0.0 0.0
2017-08-05 18:51:40.823000 1398.472 5.22 63.788 38.652 66.888 7.556 16.2452 7.754 7.1035 7.3169 38.7871 28.0748 8.1352 0.0 0.0 9.842 0.0 0.0
2017-08-05 18:52:41.903000 1459.552 4.644 63.737 39.005 66.831 7.554 16.2376 7.7519 7.1017 7.3152 38.7821 28.062 8.1332 0.0 0.0 9.836 0.0 0.0
2017-08-05 18:53:42.983000 1520.632 5.212 63.685 38.669 66.777 7.552 16.2296 7.7503 7.0998 7.3133 38.7711 28.0511 8.131 0.0 0.0 9.829 0.0 0.0
2017-08-05 18:54:44.093000 1581.742 4.636 63.633 38.906 66.72 7.549 16.2223 7.7483 7.0979 7.3115 38.7627 28.0398 8.1289 0.0 0.0 9.823 0.0 0.0
2017-08-05 18:55:45.233000 1642.882 4.723 63.58 38.658 66.667 7.547 16.2146 7.7463 7.096 7.3098 38.7556 28.0281 8.1269 0.0 0.0 9.817 0.0 0.0
2017-08-05 18:56:46.484000 1704.133 5.021 63.528 38.892 66.61 7.545 16.2068 7.7443 7.0941 7.3079 38.7468 27.9985 8.1247 0.0 0.0 9.81 0.0 0.0
2017-08-05 18:57:47.694000 1765.343 4.683 63.478 38.64 66.556 7.543 16.1992 7.7424 7.0922 7.306 38.7379 28.0039 8.1223 0.0 0.0 9.804 0.0 0.0
2017-08-05 18:58:48.934000 1826.583 5.049 63.426 38.456 66.503 7.541 16.1913 7.7405 7.0904 7.3043 38.7316 27.9946 8.1206 0.0 0.0 9.797 0.0 0.0
2017-08-05 18:59:50.194000 1887.843 4.638 63.374 38.911 66.449 7.539 16.184 7.7385 7.0885 7.3023 38.7254 27.989 8.1184 0.0 0.0 9.791 0.0 0.0
2017-08-05 19:00:51.514000 1949.163 4.667 63.323 38.676 66.393 7.536 16.1764 7.7365 7.0866 7.3006 38.7157 27.9879 8.1163 0.0 0.0 9.785 0.0 0.0
2017-08-05 19:01:52.844000 2010.493 4.927 63.271 38.414 66.338 7.534 16.1683 7.7347 7.0848 7.2988 38.707 27.9799 8.1142 0.0 0.0 9.778 0.0 0.0
2017-08-05 19:02:54.214000 2071.863 4.761 63.219 38.883 66.284 7.532 16.1605 7.7327 7.0829 7.2971 38.6995 27.9742 8.1124 0.0 0.0 9.772 0.0 0.0
2017-08-05 19:03:55.614000 2133.263 4.627 63.169 38.806 66.229 7.53 16.1531 7.7307 7.0812 7.2952 38.6929 27.9656 8.1102 0.0 0.0 9.766 0.0 0.0
2017-08-05 19:04:57.044000 2194.693 4.676 63.118 38.546 66.175 7.528 16.1455 7.7287 7.0792 7.2935 38.6851 27.96 8.1081 0.0 0.0 9.76 0.0 0.0
2017-08-05 19:05:58.524000 2256.173 4.927 63.068 38.367 66.119 7.526 16.1376 7.7267 7.0774 7.2916 38.6794 27.954 8.1062 0.0 0.0 9.753 0.0 0.0
2017-08-05 19:07:00.054000 2317.703 5.178 63.014 38.548 66.067 7.524 16.1302 7.7248 7.0756 7.2899 38.6711 27.9453 8.104 0.0 0.0 9.747 0.0 0.0
2017-08-05 19:08:01.615000 2379.264 4.947 62.967 38.783 66.014 7.522 16.1224 7.7228 7.0738 7.2881 38.6606 27.9385 8.102 0.0 0.0 9.741 0.0 0.0
2017-08-05 19:09:03.195000 2440.844 4.643 62.916 38.799 65.959 7.52 16.1146 7.7209 7.072 7.2865 38.6572 27.932 8.0999 0.0 0.0 9.735 0.0 0.0
2017-08-05 19:10:04.845000 2502.494 4.803 62.867 38.797 65.907 7.517 16.1068 7.7189 7.0702 7.2845 38.6472 27.9246 8.0979 0.0 0.0 9.729 0.0 0.0
2017-08-05 19:11:06.535000 2564.184 4.622 62.815 38.741 65.854 7.515 16.0993 7.717 7.0684 7.2827 38.6409 27.918 8.0958 0.0 0.0 9.723 0.0 0.0
2017-08-05 19:12:08.215000 2625.864 4.68 62.767 38.543 65.802 7.513 16.0914 7.715 7.0665 7.2809 38.6337 27.9117 8.0939 0.0 0.0 9.717 0.0 0.0
2017-08-05 19:13:09.925000 2687.574 4.624 62.718 38.633 65.751 7.511 16.0837 7.7131 7.0647 7.2793 38.6282 27.904 8.0919 0.0 0.0 9.711 0.0 0.0
2017-08-05 19:14:11.675000 2749.324 4.702 62.668 38.341 65.697 7.509 16.0759 7.7111 7.0629 7.2774 38.6188 27.8963 8.0899 0.0 0.0 9.705 0.0 0.0
2017-08-05 19:15:13.445000 2811.094 4.647 62.616 38.5 65.645 7.507 16.0682 7.7091 7.0611 7.2756 38.6114 27.8904 8.088 0.0 0.0 9.699 0.0 0.0
2017-08-05 19:16:15.275000 2872.924 4.617 62.567 38.675 65.594 7.507 16.0606 7.7071 7.06 7.2748 38.6051 27.883 8.0877 0.0 0.0 9.693 0.0 0.0
2017-08-05 19:17:17.105000 2934.754 4.671 62.517 38.416 65.541 7.505 16.0526 7.7051 7.059 7.2736 38.5969 27.8767 8.0861 0.0 0.0 9.688 0.0 0.0
2017-08-05 19:18:19.035000 2996.684 4.63 62.469 38.546 65.488 7.503 16.045 7.7033 7.0578 7.2724 38.5896 27.8687 8.0846 0.0 0.0 9.683 0.0 0.0
2017-08-05 19:19:20.995000 3058.644 4.62 62.423 38.68 65.439 7.502 16.0369 7.7012 7.0565 7.2711 38.5824 27.8624 8.0825 0.0 0.0 9.677 0.0 0.0
2017-08-05 19:20:22.896000 3120.545 4.724 62.376 38.698 65.386 7.5 16.0293 7.6994 7.055 7.2696 38.5736 27.8537 8.0805 0.0 0.0 9.671 0.0 0.0
2017-08-05 19:21:24.906000 3182.555 4.99 62.327 38.604 65.335 7.498 16.0217 7.6973 7.0534 7.268 38.5674 27.8478 8.0786 0.0 0.0 9.666 0.0 0.0
2017-08-05 19:22:26.956000 3244.605 5.125 62.279 38.436 65.284 7.496 16.0139 7.6954 7.0516 7.2665 38.5617 27.8404 8.0767 0.0 0.0 9.66 0.0 0.0
2017-08-05 19:23:28.976000 3306.625 5.187 62.231 38.261 65.233 7.494 16.006 7.6935 7.0499 7.2646 38.5529 27.8327 8.0747 0.0 0.0 9.654 0.0 0.0
2017-08-05 19:24:31.016000 3368.665 4.906 62.184 38.155 65.183 7.492 15.9981 7.6915 7.0482 7.263 38.544 27.8257 8.0727 0.0 0.0 9.648 0.0 0.0
2017-08-05 19:25:33.086000 3430.735 4.711 62.135 38.207 65.133 7.49 15.9911 7.6895 7.0464 7.2614 38.5384 27.819 8.071 0.0 0.0 9.643 0.0 0.0
2017-08-05 19:26:35.186000 3492.835 4.701 62.092 38.731 65.082 7.489 15.9837 7.6876 7.0448 7.2597 38.5317 27.8116 8.0691 0.0 0.0 9.637 0.0 0.0
2017-08-05 19:27:37.546000 3555.195 4.921 62.044 38.583 65.033 7.486 15.9762 7.6856 7.043 7.2581 38.5229 27.8057 8.067 0.0 0.0 9.631 0.0 0.0
2017-08-05 19:28:39.716000 3617.365 4.844 61.998 38.109 64.984 7.485 15.969 7.6838 7.0413 7.2564 38.5138 27.7982 8.0653 0.0 0.0 9.625 0.0 0.0
2017-08-05 19:29:41.936000 3679.585 4.695 61.95 38.167 64.935 7.484 15.9614 7.6818 7.0398 7.2552 38.5107 27.7901 8.0637 0.0 0.0 9.619 0.0 0.0
2017-08-05 19:30:44.166000 3741.815 4.763 61.904 38.353 64.881 7.482 15.9542 7.6798 7.0383 7.2535 38.5041 27.7834 8.0619 0.0 0.0 9.614 0.0 0.0
2017-08-05 19:31:46.497000 3804.146 5.019 61.857 38.466 64.829 7.48 15.9467 7.6779 7.0367 7.252 38.4973 27.7768 8.0598 0.0 0.0 9.608 0.0 0.0
2017-08-05 19:32:48.797000 3866.446 4.725 61.808 38.121 64.781 7.478 15.9393 7.6759 7.0352 7.2504 38.488 27.7687 8.0578 0.0 0.0 9.603 0.0 0.0
2017-08-05 19:33:51.147000 3928.796 4.629 61.763 38.15 64.732 7.476 15.9321 7.674 7.0332 7.2488 38.4838 27.7616 8.0558 0.0 0.0 9.597 0.0 0.0
2017-08-05 19:34:53.497000 3991.146 4.744 61.716 38.517 64.682 7.474 15.9247 7.6721 7.0315 7.2467 38.4751 27.7545 8.0537 0.0 0.0 9.591 0.0 0.0
2017-08-05 19:35:55.917000 4053.566 5.113 61.668 38.046 64.631 7.472 15.9173 7.6701 7.0295 7.2451 38.4684 27.7463 8.0516 0.0 0.0 9.585 0.0 0.0
2017-08-05 19:36:58.337000 4115.986 4.604 61.62 38.462 64.58 7.465 15.9099 7.6681 7.0278 7.2433 38.46 27.7397 8.0496 0.0 0.0 9.58 0.0 0.0
2017-08-05 19:38:00.807000 4178.456 5.143 61.576 38.184 64.53 7.468 15.9023 7.6661 7.0261 7.2415 38.4537 27.7317 8.0475 0.0 0.0 9.574 0.0 0.0
2017-08-05 19:39:03.307000 4240.956 4.633 61.529 38.217 64.481 7.466 15.8952 7.6641 7.0243 7.24 38.4459 27.724 8.0457 0.0 0.0 9.569 0.0 0.0
2017-08-05 19:40:05.907000 4303.556 4.939 61.483 38.414 64.433 7.464 15.8877 7.6622 7.0225 7.2382 38.4403 27.7169 8.0437 0.0 0.0 9.563 0.0 0.0
2017-08-05 19:41:08.527000 4366.176 4.862 61.438 37.962 64.381 7.462 15.8803 7.6601 7.0206 7.2364 38.4316 27.7092 8.0415 0.0 0.0 9.557 0.0 0.0
2017-08-05 19:42:11.207000 4428.856 5.078 61.392 38.234 64.333 7.46 15.8728 7.6583 7.0188 7.2347 38.4259 27.7036 8.0397 0.0 0.0 9.552 0.0 0.0
2017-08-05 19:43:13.947000 4491.596 4.663 61.345 38.057 64.281 7.458 15.8654 7.6563 7.0171 7.233 38.4197 27.6935 8.0377 0.0 0.0 9.546 0.0 0.0
2017-08-05 19:44:16.658000 4554.307 5.17 61.3 38.411 64.235 7.457 15.858 7.6543 7.0155 7.2315 38.4118 27.6879 8.0359 0.0 0.0 9.541 0.0 0.0
2017-08-05 19:45:19.428000 4617.077 4.605 61.254 38.264 64.186 7.455 15.8505 7.6523 7.0138 7.2297 38.4052 27.6805 8.0339 0.0 0.0 9.535 0.0 0.0
2017-08-05 19:46:22.588000 4680.237 4.6 61.209 38.281 64.135 7.453 15.8428 7.6504 7.012 7.2281 38.3983 27.6731 8.032 0.0 0.0 9.53 0.0 0.0
