#Human readable time. Time (s) since start. Lakeshore temperature sensor 218 T1,2,3,4,5,6,8 and 224 C2,C3,C4,C5,D1,D2,D3,D4,D5,A,B, LR750
2017-08-09 18:03:56.710000 1.44 3.285 5.961 50.623 6.388 34.372 53.037 4.016 3.6657 3.3799 27.6956 26.6916 0.2955 3.6552 4.1231 1.9947 3.9017 0.2884 1.0966 -1.0
2017-08-09 18:04:18.365000 23.095 3.474 5.961 50.623 6.388 33.805 53.036 4.016 3.6654 3.3793 27.6965 26.6924 0.2956 3.6552 4.123 1.9946 3.9014 0.2884 1.0966 -1.0
2017-08-09 18:04:30.177000 34.907 3.4 5.961 50.625 6.387 33.632 53.037 4.016 3.666 3.3793 27.6954 26.6924 0.2955 3.6552 4.123 1.9947 3.9015 0.2884 1.0966 -1.0
2017-08-09 18:04:42.039000 46.769 3.451 5.961 50.626 6.387 34.005 53.037 4.016 3.666 3.3789 27.6965 26.6919 0.2955 3.6551 4.1229 1.9946 3.9014 0.2884 1.0966 -1.0
2017-08-09 18:04:53.914000 58.644 3.472 5.961 50.624 6.387 33.823 53.036 4.016 3.666 3.3786 27.6967 26.6934 0.2956 3.6552 4.123 1.9946 3.9017 0.2884 1.0966 0.175870884967
2017-08-09 18:05:05.956000 70.686 3.412 5.961 50.624 6.387 33.646 53.037 4.016 3.6661 3.3789 27.6956 26.6932 0.2955 3.6551 4.1229 1.9944 3.9017 0.2884 1.0966 -1.0
2017-08-09 18:05:17.959000 82.689 3.289 5.961 50.624 6.387 33.693 53.037 4.016 3.6662 3.3791 27.6944 26.6929 0.2956 3.6552 4.123 1.9944 3.9016 0.2884 1.0966 -1.0
2017-08-09 18:05:30.011000 94.741 3.256 5.961 50.623 6.387 34.123 53.039 4.016 3.6659 3.3791 27.6961 26.694 0.2955 3.6551 4.1229 1.9946 3.9012 0.2884 1.0966 0.175965783139
2017-08-09 18:05:42.103000 106.833 3.314 5.961 50.624 6.387 34.377 53.037 4.016 3.6657 3.3789 27.6956 26.6929 0.2956 3.655 4.123 1.9947 3.9014 0.2884 1.0966 -1.0
2017-08-09 18:05:54.246000 118.976 3.388 5.961 50.624 6.387 34.308 53.039 4.016 3.6656 3.3782 27.6967 26.6932 0.2955 3.655 4.1229 1.9946 3.9012 0.2884 1.0966 -1.0
2017-08-09 18:06:06.409000 131.139 3.295 5.961 50.624 6.387 33.621 53.039 4.015 3.665 3.3783 27.6972 26.6919 0.2956 3.6551 4.1227 1.9948 3.9012 0.2884 1.0966 -1.0
2017-08-09 18:06:18.575000 143.305 3.274 5.961 50.625 6.387 33.783 53.039 4.015 3.6651 3.3788 27.6972 26.6932 0.2955 3.6551 4.1228 1.9945 3.9008 0.2884 1.0966 0.175855068605
2017-08-09 18:06:30.858000 155.588 3.259 5.961 50.625 6.387 34.04 53.038 4.015 3.665 3.3789 27.6961 26.6914 0.2955 3.655 4.1227 1.9948 3.9011 0.2884 1.0966 0.175507108643
2017-08-09 18:06:43.152000 167.882 3.463 5.961 50.624 6.387 33.97 53.041 4.016 3.665 3.3782 27.6972 26.6932 0.2956 3.6549 4.1227 1.9947 3.9011 0.2884 1.0966 0.175364761385
2017-08-09 18:06:55.526000 180.256 3.261 5.961 50.624 6.387 33.946 53.039 4.015 3.6652 3.3783 27.6954 26.6916 0.2955 3.6549 4.1227 1.9945 3.9007 0.2884 1.0966 0.175602006814
2017-08-09 18:07:07.887000 192.617 3.274 5.961 50.624 6.387 34.321 53.038 4.016 3.6652 3.379 27.6965 26.6929 0.2955 3.6549 4.1227 1.9945 3.9012 0.2884 1.0966 -1.0
2017-08-09 18:07:20.343000 205.073 3.435 5.961 50.625 6.387 33.645 53.039 4.016 3.6649 3.3792 27.6956 26.6925 0.2955 3.6548 4.1227 1.9947 3.9011 0.2884 1.0966 -1.0
2017-08-09 18:07:32.788000 217.518 3.263 5.961 50.621 6.387 34.304 53.039 4.016 3.6658 3.3789 27.6956 26.691 0.2956 3.6549 4.1227 1.9947 3.9015 0.2884 1.0966 -1.0
2017-08-09 18:07:45.321000 230.051 3.45 5.961 50.624 6.387 33.731 53.038 4.016 3.6653 3.3789 27.6944 26.6924 0.2955 3.6547 4.1227 1.9945 3.9011 0.2884 1.0966 0.170034647411
2017-08-09 18:07:57.912000 242.642 3.426 5.961 50.624 6.386 34.233 53.039 4.016 3.6648 3.3788 27.6965 26.691 0.2955 3.6548 4.1227 1.9946 3.9013 0.2884 1.0966 0.168389088591
2017-08-09 18:08:10.632000 255.362 3.28 5.961 50.624 6.386 33.712 53.038 4.016 3.6652 3.3786 27.6956 26.6914 0.2956 3.6549 4.1226 1.9946 3.9012 0.2884 1.0966 -1.0
2017-08-09 18:08:23.356000 268.086 3.369 5.961 50.626 6.386 34.353 53.038 4.016 3.6651 3.3796 27.6972 26.6932 0.2955 3.6548 4.1228 1.9946 3.9014 0.2884 1.0966 -1.0
2017-08-09 18:08:36.148000 280.878 3.257 5.961 50.624 6.386 34.152 53.037 4.016 3.6656 3.3786 27.6965 26.694 0.2956 3.6549 4.1227 1.9945 3.9015 0.2884 1.0966 0.168252349801
2017-08-09 18:08:48.910000 293.64 3.474 5.961 50.622 6.386 33.883 53.037 4.016 3.6654 3.3788 27.6965 26.6924 0.2955 3.6549 4.1227 1.9947 3.9012 0.2884 1.0966 -1.0
2017-08-09 18:09:01.760000 306.49 3.392 5.961 50.623 6.386 34.292 53.037 4.016 3.6651 3.3788 27.6961 26.6932 0.2955 3.6548 4.1227 1.9947 3.9014 0.2884 1.0966 -1.0
2017-08-09 18:09:14.644000 319.374 3.259 5.961 50.624 6.386 34.281 53.036 4.015 3.665 3.3787 27.6965 26.6925 0.2956 3.6547 4.1226 1.9948 3.9013 0.2884 1.0966 -1.0
2017-08-09 18:09:27.552000 332.282 3.275 5.961 50.625 6.386 33.781 53.038 4.015 3.6649 3.3788 27.6965 26.6943 0.2956 3.6547 4.1226 1.9946 3.9007 0.2884 1.0966 0.168662566172
2017-08-09 18:09:40.509000 345.239 3.468 5.961 50.624 6.386 34.34 53.039 4.015 3.6646 3.3779 27.6965 26.6929 0.2955 3.6549 4.1227 1.9947 3.9007 0.2884 1.0966 0.167295178268
2017-08-09 18:09:53.533000 358.263 3.421 5.961 50.624 6.386 34.209 53.04 4.015 3.6649 3.379 27.6961 26.6929 0.2955 3.6548 4.1226 1.9947 3.9011 0.2884 1.0965 0.163193014556
2017-08-09 18:10:06.636000 371.366 3.257 5.961 50.626 6.386 34.168 53.039 4.015 3.6647 3.3781 27.6975 26.6938 0.2956 3.6548 4.1226 1.9947 3.9011 0.2884 1.0966 0.166474745526
2017-08-09 18:10:19.726000 384.456 3.289 5.961 50.625 6.386 33.701 53.038 4.016 3.665 3.3788 27.6972 26.6934 0.2956 3.6547 4.1225 1.9944 3.9012 0.2884 1.0965 -1.0
2017-08-09 18:10:32.877000 397.607 3.473 5.961 50.624 6.386 33.861 53.038 4.015 3.6652 3.3782 27.6961 26.6934 0.2955 3.6547 4.1225 1.9946 3.9011 0.2884 1.0965 0.158167233575
2017-08-09 18:10:46.086000 410.816 3.398 5.961 50.625 6.386 34.269 53.038 4.015 3.6649 3.3785 27.6965 26.6919 0.2956 3.6548 4.1226 1.9944 3.9011 0.2884 1.0966 0.165654312783
2017-08-09 18:10:59.350000 424.08 3.438 5.961 50.626 6.386 34.128 53.037 4.015 3.6645 3.3784 27.6954 26.6932 0.2956 3.6546 4.1212 1.9948 3.9006 0.2884 1.0966 0.165927790364
2017-08-09 18:11:12.729000 437.459 3.431 5.961 50.625 6.386 34.116 53.039 4.015 3.6647 3.3784 27.6975 26.6929 0.2956 3.6546 4.1224 1.9947 3.9007 0.2884 1.0966 0.171932610844
2017-08-09 18:11:26.173000 450.903 3.467 5.961 50.624 6.386 34.373 53.038 4.015 3.6645 3.378 27.6972 26.6929 0.2955 3.6547 4.1226 1.9947 3.9009 0.2884 1.0966 0.164013447299
2017-08-09 18:11:39.588000 464.318 3.372 5.961 50.624 6.386 34.355 53.038 4.015 3.6645 3.3784 27.6967 26.6938 0.2955 3.6546 4.1225 1.9944 3.9007 0.2884 1.0966 0.164013447299
2017-08-09 18:11:53.115000 477.845 3.413 5.961 50.626 6.386 34.254 53.038 4.015 3.6646 3.3777 27.6975 26.6953 0.2955 3.6546 4.1224 1.9947 3.9008 0.2884 1.0965 -1.0
2017-08-09 18:12:06.647000 491.377 3.452 5.961 50.626 6.386 34.044 53.038 4.015 3.6645 3.3785 27.6965 26.6934 0.2955 3.6545 4.1224 1.9947 3.9009 0.2884 1.0965 0.166884961897
2017-08-09 18:12:20.111000 504.841 3.445 5.961 50.623 6.385 34.082 53.037 4.016 3.6649 3.3782 27.6972 26.6932 0.2955 3.6546 4.1224 1.9947 3.9012 0.2884 1.0966 0.165380835203
2017-08-09 18:12:33.645000 518.375 3.473 5.961 50.625 6.385 33.871 53.039 4.015 3.6645 3.3781 27.6972 26.6924 0.2956 3.6545 4.1223 1.9946 3.9009 0.2884 1.0965 -1.0
2017-08-09 18:12:47.236000 531.966 3.472 5.961 50.625 6.385 33.846 53.04 4.015 3.6647 3.3792 27.6961 26.6929 0.2955 3.6545 4.1224 1.9946 3.9009 0.2884 1.0966 0.167295178268
2017-08-09 18:13:00.957000 545.687 3.27 5.961 50.625 6.385 33.813 53.036 4.015 3.6649 3.3783 27.6961 26.694 0.2956 3.6546 4.1224 1.9948 3.9011 0.2884 1.0966 0.165517573993
2017-08-09 18:13:14.716000 559.446 3.274 5.961 50.624 6.385 33.828 53.036 4.016 3.6651 3.3795 27.6965 26.6934 0.2956 3.6545 4.1225 1.9947 3.9013 0.2884 1.0966 -1.0
2017-08-09 18:13:28.572000 573.302 3.384 5.961 50.622 6.385 34.335 53.039 4.016 3.6649 3.3787 27.6961 26.6932 0.2956 3.6546 4.1226 1.9946 3.9011 0.2884 1.0966 -1.0
2017-08-09 18:13:42.308000 587.038 3.373 5.961 50.623 6.385 34.349 53.038 4.016 3.6655 3.3782 27.6965 26.6938 0.2956 3.6546 4.1224 1.9945 3.9014 0.2884 1.0966 -1.0
2017-08-09 18:13:56.166000 600.896 3.408 5.961 50.623 6.385 33.607 53.036 4.016 3.6647 3.3789 27.6965 26.6932 0.2956 3.6546 4.1226 1.9945 3.901 0.2884 1.0966 0.162372581814
2017-08-09 18:14:10.075000 614.805 3.256 5.961 50.622 6.385 34.164 53.035 4.015 3.6648 3.3789 27.6954 26.6925 0.2956 3.6547 4.1225 1.9944 3.9009 0.2884 1.0966 0.164013447299
2017-08-09 18:14:24.032000 628.762 3.414 5.961 50.621 6.385 34.248 53.038 4.016 3.6655 3.3784 27.6967 26.6934 0.2956 3.6545 4.1225 1.9945 3.9013 0.2884 1.0966 0.165517573993
2017-08-09 18:14:38.065000 642.795 3.329 5.961 50.623 6.385 33.544 53.039 4.016 3.6647 3.3785 27.6972 26.6947 0.2956 3.6546 4.1225 1.9945 3.9011 0.2884 1.0966 0.162372581814
2017-08-09 18:14:52.241000 656.971 3.256 5.961 50.624 6.385 34.109 53.036 4.015 3.6648 3.3789 27.6967 26.6947 0.2956 3.6546 4.1225 1.9946 3.9013 0.2884 1.0965 -1.0
2017-08-09 18:15:06.375000 671.105 3.394 5.961 50.623 6.385 34.31 53.034 4.016 3.665 3.3787 27.6961 26.694 0.2956 3.6545 4.1226 1.9945 3.9011 0.2884 1.0966 0.16784213343
2017-08-09 18:15:20.508000 685.238 3.34 5.961 50.623 6.385 33.558 53.037 4.015 3.6648 3.3788 27.6954 26.6924 0.2956 3.6545 4.1225 1.9946 3.901 0.2884 1.0966 0.166064529155
2017-08-09 18:15:34.755000 699.485 3.38 5.961 50.621 6.385 34.313 53.037 4.016 3.6648 3.3786 27.6965 26.6924 0.2955 3.6546 4.1226 1.9947 3.9012 0.2884 1.0966 0.163193014556
2017-08-09 18:15:49.189000 713.919 3.259 5.961 50.622 6.385 34.006 53.037 4.015 3.6647 3.3787 27.6961 26.6943 0.2956 3.6546 4.1225 1.9946 3.9015 0.2884 1.0966 0.16442366367
2017-08-09 18:16:03.667000 728.397 3.401 5.961 50.622 6.385 34.244 53.037 4.016 3.6648 3.3788 27.6967 26.6932 0.2956 3.6546 4.1226 1.9945 3.901 0.2884 1.0966 -1.0
2017-08-09 18:16:18.068000 742.798 3.257 5.961 50.624 6.384 34.163 53.039 4.016 3.6655 3.3787 27.6961 26.6943 0.2956 3.6545 4.1225 1.9947 3.9012 0.2884 1.0966 0.161688887862
2017-08-09 18:16:32.421000 757.151 3.329 5.961 50.624 6.384 33.559 53.036 4.015 3.6648 3.3788 27.6961 26.6938 0.2956 3.6546 4.1224 1.9947 3.9011 0.2884 1.0966 0.158401470856
2017-08-09 18:16:46.836000 771.566 3.432 5.961 50.621 6.384 34.106 53.036 4.016 3.6649 3.3784 27.6965 26.6938 0.2956 3.6545 4.1225 1.9943 3.9012 0.2884 1.0966 0.166064529155
2017-08-09 18:17:01.342000 786.072 3.258 5.961 50.624 6.385 34.038 53.036 4.016 3.6647 3.3787 27.6961 26.6938 0.2956 3.6546 4.1225 1.9944 3.9015 0.2884 1.0966 0.165927790364
2017-08-09 18:17:15.887000 800.617 3.452 5.961 50.624 6.384 33.725 53.037 4.016 3.6648 3.379 27.6972 26.6932 0.2955 3.6547 4.1225 1.9947 3.9014 0.2884 1.0966 0.161962365443
2017-08-09 18:17:30.402000 815.132 3.373 5.961 50.623 6.384 34.322 53.036 4.016 3.6651 3.3793 27.6954 26.6938 0.2956 3.6546 4.1226 1.9946 3.9013 0.2884 1.0966 0.166064529155
2017-08-09 18:17:44.964000 829.694 3.278 5.961 50.621 6.384 33.736 53.036 4.016 3.666 3.3793 27.6965 26.6929 0.2956 3.6546 4.1226 1.9946 3.9016 0.2884 1.0966 0.166201267945
2017-08-09 18:17:59.642000 844.372 3.463 5.961 50.62 6.384 33.979 53.036 4.016 3.6652 3.3795 27.6967 26.6938 0.2956 3.6547 4.1226 1.9947 3.9017 0.2884 1.0966 0.161962365443
2017-08-09 18:18:14.314000 859.044 3.278 5.961 50.621 6.384 34.36 53.035 4.016 3.6652 3.3795 27.6978 26.6938 0.2956 3.6547 4.1227 1.9947 3.9017 0.2884 1.0965 0.166201267945
2017-08-09 18:18:29.021000 873.751 3.276 5.961 50.623 6.384 34.331 53.037 4.016 3.6649 3.3785 27.6961 26.6947 0.2956 3.6548 4.1227 1.9946 3.9013 0.2884 1.0966 0.163329753347
2017-08-09 18:18:43.850000 888.58 3.33 5.961 50.622 6.384 33.549 53.037 4.016 3.665 3.3786 27.6972 26.6938 0.2955 3.6547 4.1228 1.9944 3.9013 0.2884 1.0966 -1.0
2017-08-09 18:18:58.635000 903.365 3.334 5.961 50.623 6.384 33.539 53.036 4.016 3.6652 3.379 27.6956 26.6934 0.2956 3.6548 4.1228 1.9945 3.9019 0.2884 1.0966 0.164970618832
2017-08-09 18:19:13.588000 918.318 3.359 5.962 50.622 6.384 33.537 53.038 4.017 3.6654 3.3797 27.695 26.6924 0.2956 3.6549 4.1228 1.9945 3.9021 0.2884 1.0966 0.163329753347
2017-08-09 18:19:28.460000 933.19 3.367 5.962 50.622 6.384 33.57 53.035 4.017 3.6653 3.3796 27.6946 26.6938 0.2956 3.6549 4.1229 1.9946 3.9022 0.2884 1.0966 0.162372581814
2017-08-09 18:19:43.461000 948.191 3.464 5.962 50.621 6.384 34.331 53.035 4.017 3.6657 3.3799 27.6965 26.6934 0.2956 3.655 4.123 1.9947 3.9025 0.2884 1.0966 0.161688887862
2017-08-09 18:19:58.434000 963.164 3.284 5.962 50.62 6.384 34.358 53.035 4.017 3.6656 3.3798 27.6954 26.6934 0.2956 3.655 4.123 1.9945 3.9025 0.2884 1.0966 -1.0
2017-08-09 18:20:13.443000 978.173 3.258 5.962 50.621 6.384 34.24 53.035 4.016 3.6654 3.3798 27.6967 26.6932 0.2956 3.6552 4.123 1.9945 3.9023 0.2884 1.0967 0.163329753347
2017-08-09 18:20:28.669000 993.399 3.362 5.962 50.62 6.384 33.972 53.034 4.016 3.6651 3.3791 27.6956 26.6932 0.2956 3.6551 4.1231 1.9946 3.9017 0.2884 1.0966 -1.0
2017-08-09 18:20:43.938000 1008.668 3.283 5.962 50.621 6.384 34.366 53.035 4.016 3.665 3.3789 27.6967 26.6929 0.2956 3.6552 4.1231 1.9946 3.9016 0.2884 1.0966 0.16456040246
2017-08-09 18:20:59.168000 1023.898 3.257 5.962 50.623 6.384 34.217 53.035 4.016 3.6648 3.3789 27.6961 26.6938 0.2956 3.6552 4.1231 1.9947 3.9015 0.2884 1.0966 0.163329753347
2017-08-09 18:21:14.627000 1039.357 3.361 5.962 50.622 6.384 34.372 53.036 4.016 3.6647 3.3787 27.6975 26.6925 0.2956 3.6551 4.1229 1.9946 3.9014 0.2884 1.0966 0.158869945418
2017-08-09 18:21:30.036000 1054.766 3.473 5.962 50.623 6.384 33.877 53.039 4.016 3.6651 3.3781 27.6954 26.6924 0.2956 3.6551 4.1229 1.9946 3.9012 0.2884 1.0966 -1.0
2017-08-09 18:21:45.450000 1070.18 3.326 5.961 50.624 6.383 33.542 53.037 4.016 3.665 3.3787 27.695 26.6929 0.2956 3.6551 4.1228 1.9946 3.9016 0.2884 1.0966 0.16428692488
2017-08-09 18:22:00.797000 1085.527 3.347 5.961 50.623 6.383 33.541 53.037 4.016 3.6651 3.379 27.6961 26.694 0.2956 3.655 4.1229 1.9945 3.9016 0.2884 1.0966 0.164013447299
2017-08-09 18:22:16.175000 1100.905 3.26 5.962 50.623 6.383 34.001 53.037 4.016 3.6655 3.3798 27.6954 26.6932 0.2956 3.655 4.1229 1.9944 3.9019 0.2884 1.0966 0.164833880041
2017-08-09 18:22:31.723000 1116.453 3.38 5.962 50.622 6.383 34.331 53.036 4.016 3.6654 3.3797 27.695 26.6919 0.2956 3.655 4.1229 1.9946 3.902 0.2884 1.0966 -1.0
2017-08-09 18:22:47.299000 1132.029 3.473 5.962 50.621 6.383 33.824 53.034 4.016 3.6652 3.38 27.6956 26.6932 0.2956 3.655 4.1229 1.9947 3.9018 0.2884 1.0966 0.160321499958
2017-08-09 18:23:02.802000 1147.532 3.285 5.962 50.62 6.383 33.682 53.033 4.016 3.6657 3.3801 27.6961 26.6932 0.2956 3.6551 4.1229 1.9946 3.9016 0.2884 1.0966 0.160731716329
2017-08-09 18:23:18.335000 1163.065 3.438 5.962 50.621 6.383 34.326 53.034 4.016 3.6656 3.3792 27.6961 26.6929 0.2956 3.655 4.1229 1.9945 3.9016 0.2884 1.0966 -1.0
2017-08-09 18:23:33.967000 1178.697 3.342 5.962 50.62 6.383 33.558 53.034 4.016 3.6651 3.379 27.6954 26.6925 0.2956 3.6551 4.1229 1.9945 3.9018 0.2884 1.0966 0.160458238749
2017-08-09 18:23:49.627000 1194.357 3.26 5.962 50.62 6.383 34.029 53.034 4.016 3.6652 3.3788 27.6956 26.6938 0.2956 3.6552 4.1229 1.9945 3.9014 0.2884 1.0967 0.160048022377
2017-08-09 18:24:05.461000 1210.191 3.471 5.962 50.62 6.383 33.797 53.034 4.016 3.6653 3.3798 27.6954 26.6929 0.2956 3.6552 4.1229 1.9947 3.9019 0.2884 1.0966 0.162919536976
2017-08-09 18:24:21.260000 1225.99 3.283 5.962 50.621 6.383 33.689 53.033 4.016 3.6662 3.3799 27.6967 26.6929 0.2956 3.655 4.1229 1.9946 3.9019 0.2884 1.0966 -1.0
2017-08-09 18:24:37.071000 1241.801 3.444 5.962 50.619 6.383 34.084 53.032 4.017 3.6655 3.3799 27.6967 26.6934 0.2956 3.6552 4.1229 1.9945 3.9024 0.2884 1.0966 0.159924013181
2017-08-09 18:24:52.953000 1257.683 3.258 5.962 50.62 6.383 34.071 53.032 4.017 3.6654 3.3797 27.6967 26.6929 0.2956 3.6552 4.1231 1.9946 3.9023 0.2884 1.0966 -1.0
2017-08-09 18:25:08.981000 1273.711 3.464 5.962 50.619 6.383 33.771 53.033 4.017 3.6661 3.3793 27.6946 26.6929 0.2956 3.6553 4.1232 1.9944 3.9022 0.2884 1.0966 0.160184761168
2017-08-09 18:25:25.164000 1289.894 3.26 5.962 50.617 6.383 34.232 53.032 4.016 3.6656 3.3798 27.6965 26.6925 0.2956 3.6553 4.1231 1.9944 3.902 0.2884 1.0967 0.160184761168
2017-08-09 18:25:41.278000 1306.008 3.383 5.962 50.617 6.383 33.612 53.032 4.016 3.6651 3.3799 27.6956 26.6934 0.2956 3.6552 4.1231 1.9947 3.9018 0.2884 1.0967 0.164833880041
2017-08-09 18:25:57.360000 1322.09 3.339 5.962 50.619 6.383 34.363 53.033 4.016 3.6656 3.3792 27.6956 26.6929 0.2956 3.6553 4.1231 1.9947 3.902 0.2884 1.0967 0.16086845512
2017-08-09 18:26:13.528000 1338.258 3.257 5.962 50.621 6.383 34.18 53.033 4.016 3.6652 3.3791 27.6965 26.6932 0.2956 3.6553 4.1231 1.9947 3.9018 0.2884 1.0966 0.161278671491
2017-08-09 18:26:29.772000 1354.502 3.474 5.962 50.62 6.383 33.881 53.034 4.016 3.6658 3.3799 27.6967 26.6932 0.2956 3.6554 4.1231 1.9945 3.9016 0.2884 1.0967 0.163056275766
2017-08-09 18:26:45.969000 1370.699 3.268 5.962 50.621 6.383 34.296 53.034 4.016 3.6649 3.3792 27.6965 26.6929 0.2956 3.6552 4.1231 1.9946 3.9018 0.2884 1.0967 -1.0
2017-08-09 18:27:02.303000 1387.033 3.27 5.962 50.621 6.382 33.827 53.032 4.016 3.6651 3.3796 27.6965 26.6924 0.2956 3.6553 4.1231 1.9945 3.9017 0.2884 1.0966 -1.0
2017-08-09 18:27:18.551000 1403.281 3.297 5.962 50.621 6.382 33.926 53.033 4.016 3.6652 3.3794 27.6946 26.6938 0.2956 3.6553 4.123 1.9945 3.9015 0.2884 1.0967 0.160321499958
2017-08-09 18:27:35.091000 1419.821 3.384 5.962 50.62 6.382 33.567 53.033 4.016 3.6649 3.3792 27.6954 26.6924 0.2956 3.6552 4.1229 1.9945 3.9018 0.2884 1.0967 -1.0
2017-08-09 18:27:51.478000 1436.208 3.361 5.962 50.62 6.382 34.364 53.03 4.016 3.6651 3.3792 27.6954 26.694 0.2956 3.6552 4.1229 1.9944 3.9018 0.2884 1.0967 0.158518589497
2017-08-09 18:28:07.895000 1452.625 3.277 5.962 50.618 6.382 34.343 53.032 4.016 3.6651 3.3792 27.6956 26.6956 0.2956 3.6554 4.123 1.9944 3.9015 0.2884 1.0966 0.16100519391
2017-08-09 18:28:24.412000 1469.142 3.256 5.962 50.621 6.382 34.087 53.033 4.016 3.6648 3.3788 27.6961 26.6938 0.2956 3.6552 4.1229 1.9944 3.9014 0.2884 1.0967 0.16100519391
2017-08-09 18:28:41.169000 1485.899 3.306 5.962 50.62 6.382 34.37 53.033 4.016 3.6649 3.3789 27.695 26.6919 0.2956 3.6553 4.1229 1.9947 3.9014 0.2884 1.0967 -1.0
2017-08-09 18:28:58.036000 1502.766 3.42 5.962 50.62 6.382 34.233 53.033 4.016 3.6648 3.379 27.6946 26.6929 0.2956 3.6552 4.123 1.9944 3.9015 0.2884 1.0967 -1.0
2017-08-09 18:29:14.629000 1519.359 3.356 5.962 50.619 6.382 34.345 53.033 4.016 3.6652 3.3795 27.6961 26.6925 0.2956 3.6553 4.1228 1.9945 3.9017 0.2884 1.0967 0.158869945418
2017-08-09 18:29:31.248000 1535.978 3.257 5.962 50.619 6.382 34.149 53.033 4.016 3.6651 3.3794 27.695 26.6929 0.2956 3.655 4.1229 1.9947 3.902 0.2884 1.0966 0.161415410281
2017-08-09 18:29:48.105000 1552.835 3.286 5.962 50.62 6.382 33.67 53.032 4.016 3.6659 3.379 27.695 26.6924 0.2956 3.6552 4.1229 1.9946 3.9018 0.2884 1.0966 0.162782798185
2017-08-09 18:30:05.363000 1570.093 3.338 5.962 50.619 6.382 34.357 53.031 4.017 3.6653 3.3803 27.6965 26.6925 0.2956 3.6552 4.123 1.9947 3.902 0.2884 1.0966 -1.0
2017-08-09 18:30:22.224000 1586.954 3.257 5.962 50.616 6.382 34.113 53.03 4.017 3.6656 3.3795 27.6956 26.6914 0.2956 3.6553 4.1231 1.9946 3.9021 0.2884 1.0967 0.160731716329
2017-08-09 18:30:39.093000 1603.823 3.322 5.962 50.616 6.382 34.356 53.03 4.017 3.6662 3.38 27.6954 26.6932 0.2956 3.6552 4.1232 1.9943 3.9022 0.2884 1.0966 -1.0
2017-08-09 18:30:56.066000 1620.796 3.398 5.962 50.616 6.382 34.296 53.031 4.017 3.6656 3.3797 27.6944 26.694 0.2956 3.6553 4.1232 1.9945 3.9023 0.2884 1.0967 -1.0
2017-08-09 18:31:13.291000 1638.021 3.463 5.962 50.618 6.382 33.931 53.031 4.017 3.6658 3.3803 27.6965 26.6919 0.2956 3.6555 4.1233 1.9944 3.9028 0.2884 1.0967 0.16086845512
2017-08-09 18:31:30.510000 1655.24 3.281 5.962 50.614 6.382 33.779 53.029 4.017 3.6658 3.38 27.6954 26.6925 0.2956 3.6553 4.1233 1.9944 3.9026 0.2884 1.0966 -1.0
2017-08-09 18:31:47.727000 1672.457 3.258 5.962 50.615 6.382 34.179 53.029 4.017 3.6655 3.3802 27.6961 26.6929 0.2956 3.6547 4.1233 1.9944 3.9022 0.2884 1.0966 -1.0
2017-08-09 18:32:05.117000 1689.847 3.475 5.962 50.615 6.382 33.86 53.03 4.017 3.6656 3.3798 27.6954 26.6925 0.2956 3.6556 4.1233 1.9946 3.9022 0.2884 1.0967 0.160731716329
2017-08-09 18:32:22.421000 1707.151 3.259 5.962 50.616 6.382 34.102 53.029 4.017 3.6655 3.3795 27.6965 26.6925 0.2956 3.6555 4.1232 1.9945 3.9022 0.2884 1.0966 -1.0
2017-08-09 18:32:39.832000 1724.562 3.298 5.962 50.616 6.381 34.364 53.029 4.017 3.6654 3.3799 27.6965 26.6924 0.2956 3.6554 4.1232 1.9943 3.9022 0.2884 1.0967 -1.0
2017-08-09 18:32:57.158000 1741.888 3.465 5.962 50.616 6.381 33.772 53.029 4.017 3.6662 3.3795 27.6956 26.6919 0.2956 3.6556 4.1233 1.9946 3.9023 0.2884 1.0967 0.162099104233
2017-08-09 18:33:14.562000 1759.292 3.258 5.962 50.614 6.381 34.194 53.029 4.016 3.6651 3.3799 27.6956 26.691 0.2956 3.6555 4.1233 1.9944 3.9017 0.2884 1.0967 -1.0
2017-08-09 18:33:31.953000 1776.683 3.474 5.962 50.616 6.381 33.827 53.029 4.016 3.6654 3.3798 27.6956 26.6932 0.2956 3.6555 4.1234 1.9946 3.902 0.2884 1.0966 -1.0
2017-08-09 18:33:49.530000 1794.26 3.269 5.962 50.615 6.381 33.906 53.026 4.016 3.665 3.379 27.6956 26.6932 0.2956 3.6556 4.1232 1.9944 3.9018 0.2884 1.0967 0.16100519391
2017-08-09 18:34:06.964000 1811.694 3.436 5.962 50.616 6.381 34.281 53.029 4.016 3.6652 3.3797 27.6954 26.6932 0.2956 3.6556 4.1233 1.9945 3.9019 0.2884 1.0967 -1.0
2017-08-09 18:34:24.456000 1829.186 3.275 5.962 50.616 6.381 33.754 53.029 4.016 3.6654 3.3794 27.6954 26.6924 0.2956 3.6555 4.1232 1.9945 3.9017 0.2884 1.0967 -1.0
2017-08-09 18:34:41.942000 1846.672 3.26 5.962 50.617 6.381 34.222 53.031 4.016 3.6657 3.3788 27.6972 26.6925 0.2956 3.6555 4.1232 1.9944 3.9018 0.2884 1.0967 -1.0
2017-08-09 18:34:59.439000 1864.169 3.471 5.962 50.617 6.381 33.809 53.029 4.016 3.6649 3.3797 27.6944 26.6924 0.2956 3.6555 4.1232 1.9945 3.9015 0.2884 1.0967 0.155005030285
2017-08-09 18:35:16.999000 1881.729 3.403 5.962 50.618 6.381 34.253 53.03 4.016 3.6651 3.3791 27.695 26.6934 0.2956 3.6555 4.1232 1.9945 3.9016 0.2884 1.0967 -1.0
2017-08-09 18:35:34.621000 1899.351 3.296 5.962 50.617 6.381 33.605 53.028 4.016 3.6651 3.3788 27.6954 26.6929 0.2956 3.6554 4.1231 1.9944 3.9017 0.2884 1.0966 0.157464521733
2017-08-09 18:35:52.336000 1917.066 3.386 5.962 50.617 6.381 34.32 53.028 4.016 3.665 3.3795 27.6961 26.6925 0.2956 3.6556 4.123 1.9944 3.9019 0.2884 1.0967 -1.0
2017-08-09 18:36:10.096000 1934.826 3.26 5.962 50.616 6.381 34.212 53.027 4.016 3.6651 3.3794 27.6967 26.6929 0.2956 3.6554 4.123 1.9945 3.9015 0.2884 1.0966 0.15957265726
2017-08-09 18:36:27.969000 1952.699 3.46 5.962 50.614 6.381 34.002 53.028 4.016 3.6649 3.3788 27.6956 26.6924 0.2956 3.6555 4.123 1.9946 3.9016 0.2884 1.0967 0.156293335329
2017-08-09 18:36:45.872000 1970.602 3.282 5.962 50.615 6.381 34.343 53.028 4.016 3.6648 3.3789 27.6965 26.6919 0.2956 3.6554 4.123 1.9947 3.9016 0.2884 1.0967 -1.0
2017-08-09 18:37:03.743000 1988.473 3.265 5.962 50.614 6.381 33.901 53.029 4.016 3.665 3.3794 27.6972 26.6929 0.2956 3.6554 4.1229 1.9944 3.9015 0.2884 1.0966 -1.0
2017-08-09 18:37:21.810000 2006.54 3.329 5.962 50.616 6.381 33.551 53.029 4.016 3.665 3.3792 27.6954 26.6914 0.2956 3.6553 4.1229 1.9945 3.9012 0.2884 1.0966 -1.0
2017-08-09 18:37:40.139000 2024.869 3.296 5.962 50.616 6.381 33.616 53.027 4.016 3.6649 3.3791 27.695 26.6924 0.2956 3.6553 4.123 1.9945 3.9014 0.2884 1.0967 -1.0
2017-08-09 18:37:58.217000 2042.947 3.469 5.962 50.616 6.381 33.936 53.028 4.016 3.6647 3.3786 27.6954 26.6924 0.2956 3.6554 4.1229 1.9944 3.9015 0.2884 1.0966 -1.0
2017-08-09 18:38:16.201000 2060.931 3.298 5.962 50.616 6.381 34.345 53.027 4.016 3.6649 3.3792 27.6954 26.6924 0.2956 3.6553 4.123 1.9944 3.9019 0.2884 1.0966 0.1535996066
2017-08-09 18:38:34.326000 2079.056 3.278 5.962 50.615 6.381 33.733 53.027 4.016 3.6651 3.3798 27.6956 26.6929 0.2956 3.6553 4.123 1.9942 3.9021 0.2884 1.0966 -1.0
2017-08-09 18:38:52.432000 2097.162 3.396 5.962 50.614 6.381 33.602 53.026 4.017 3.6654 3.3799 27.6954 26.6932 0.2956 3.6554 4.123 1.9944 3.9021 0.2884 1.0967 -1.0
2017-08-09 18:39:10.633000 2115.363 3.416 5.962 50.613 6.381 34.231 53.028 4.017 3.6655 3.3794 27.6961 26.6934 0.2956 3.6554 4.1231 1.9946 3.9019 0.2884 1.0966 0.156761809891
2017-08-09 18:39:28.810000 2133.54 3.448 5.962 50.614 6.381 34.054 53.027 4.017 3.6657 3.3798 27.695 26.6932 0.2956 3.6554 4.1231 1.9944 3.9024 0.2884 1.0967 -1.0
2017-08-09 18:39:47.157000 2151.887 3.301 5.962 50.612 6.38 34.362 53.025 4.017 3.6655 3.3797 27.6961 26.6919 0.2956 3.6555 4.1232 1.9946 3.9023 0.2884 1.0967 -1.0
2017-08-09 18:40:05.510000 2170.24 3.309 5.962 50.612 6.38 34.373 53.027 4.017 3.6653 3.3803 27.6956 26.6929 0.2956 3.6556 4.1232 1.9945 3.9022 0.2884 1.0967 -1.0
2017-08-09 18:40:23.940000 2188.67 3.365 5.962 50.612 6.38 34.343 53.025 4.017 3.6661 3.3802 27.6965 26.6925 0.2956 3.6556 4.1234 1.9946 3.9023 0.2884 1.0966 -1.0
2017-08-09 18:40:42.309000 2207.039 3.413 5.962 50.612 6.38 34.202 53.026 4.017 3.6663 3.3804 27.6978 26.6925 0.2956 3.6555 4.1233 1.9944 3.9022 0.2884 1.0966 0.155590623487
2017-08-09 18:41:00.827000 2225.557 3.445 5.962 50.614 6.38 34.302 53.025 4.017 3.6657 3.3801 27.6946 26.6932 0.2956 3.6556 4.1232 1.9943 3.9022 0.2884 1.0967 0.157230284452
2017-08-09 18:41:19.496000 2244.226 3.472 5.962 50.613 6.38 33.907 53.025 4.017 3.6658 3.3802 27.6961 26.6924 0.2956 3.6557 4.1233 1.9944 3.9023 0.2884 1.0967 0.153833843881
2017-08-09 18:41:38.127000 2262.857 3.461 5.962 50.612 6.38 33.736 53.025 4.017 3.6657 3.3801 27.6975 26.6938 0.2956 3.6557 4.1234 1.9945 3.9026 0.2884 1.0967 0.155239267566
2017-08-09 18:41:56.783000 2281.513 3.467 5.963 50.612 6.38 33.764 53.025 4.017 3.6657 3.3805 27.6954 26.6924 0.2956 3.6557 4.1234 1.9943 3.9028 0.2884 1.0967 -1.0
2017-08-09 18:42:15.471000 2300.201 3.263 5.963 50.609 6.38 33.935 53.025 4.017 3.6659 3.38 27.6972 26.6934 0.2956 3.6558 4.1235 1.9945 3.9027 0.2884 1.0967 0.155707742127
2017-08-09 18:42:34.186000 2318.916 3.259 5.962 50.61 6.38 34.129 53.025 4.017 3.6659 3.3804 27.6961 26.6925 0.2957 3.6558 4.1235 1.9946 3.9028 0.2884 1.0967 -1.0
2017-08-09 18:42:52.860000 2337.59 3.258 5.963 50.611 6.38 34.106 53.023 4.017 3.6659 3.3801 27.6956 26.6929 0.2956 3.6559 4.1236 1.9945 3.9026 0.2884 1.0967 0.154419437083
2017-08-09 18:43:11.812000 2356.542 3.438 5.963 50.61 6.38 34.13 53.024 4.017 3.6657 3.3802 27.6954 26.6916 0.2956 3.6559 4.1236 1.9945 3.9028 0.2884 1.0967 0.154302318442
2017-08-09 18:43:30.599000 2375.329 3.353 5.963 50.612 6.38 33.539 53.024 4.017 3.6661 3.3804 27.6954 26.6932 0.2956 3.6559 4.1236 1.9944 3.9029 0.2885 1.0967 0.156293335329
2017-08-09 18:43:49.428000 2394.158 3.368 5.963 50.61 6.38 33.54 53.022 4.018 3.666 3.3803 27.6956 26.6934 0.2956 3.6559 4.1235 1.9946 3.9027 0.2884 1.0967 -1.0
2017-08-09 18:44:08.291000 2413.021 3.26 5.963 50.61 6.38 34.176 53.022 4.018 3.6663 3.3804 27.695 26.6938 0.2956 3.656 4.1239 1.9945 3.9032 0.2884 1.0967 -1.0
2017-08-09 18:44:27.211000 2431.941 3.452 5.963 50.61 6.38 34.049 53.022 4.018 3.667 3.3806 27.6956 26.694 0.2956 3.656 4.1238 1.9948 3.9033 0.2885 1.0967 0.153950962521
2017-08-09 18:44:46.186000 2450.916 3.293 5.963 50.606 6.38 33.641 53.02 4.018 3.6663 3.3807 27.6967 26.6919 0.2956 3.6561 4.1237 1.9945 3.9032 0.2884 1.0967 -1.0
2017-08-09 18:45:05.263000 2469.993 3.31 5.963 50.608 6.38 34.369 53.022 4.018 3.6664 3.3806 27.6946 26.6924 0.2956 3.6562 4.1239 1.9945 3.9034 0.2884 1.0967 0.159338419979
2017-08-09 18:45:24.342000 2489.072 3.465 5.963 50.609 6.38 33.764 53.022 4.017 3.6667 3.3805 27.6961 26.6934 0.2956 3.656 4.1239 1.9946 3.9029 0.2884 1.0967 0.153833843881
2017-08-09 18:45:43.478000 2508.208 3.281 5.963 50.609 6.38 33.728 53.022 4.017 3.6662 3.3807 27.6965 26.6929 0.2957 3.6562 4.1239 1.9942 3.903 0.2884 1.0967 0.158050114935
2017-08-09 18:46:02.624000 2527.354 3.475 5.963 50.611 6.38 33.833 53.022 4.018 3.6661 3.3812 27.6965 26.6929 0.2956 3.6562 4.1238 1.9947 3.9032 0.2884 1.0967 -1.0
2017-08-09 18:46:21.837000 2546.567 3.269 5.963 50.609 6.38 33.868 53.024 4.017 3.6661 3.3808 27.6956 26.6924 0.2956 3.6563 4.1238 1.9946 3.9028 0.2884 1.0967 0.152311301556
2017-08-09 18:46:41.144000 2565.874 3.45 5.963 50.611 6.38 33.721 53.022 4.017 3.666 3.3808 27.6965 26.6929 0.2956 3.6563 4.1239 1.9945 3.9031 0.2884 1.0967 0.15641045397
2017-08-09 18:47:00.619000 2585.349 3.301 5.963 50.611 6.38 33.779 53.023 4.017 3.6659 3.3801 27.695 26.6932 0.2957 3.6562 4.1239 1.9947 3.9028 0.2884 1.0967 -1.0
2017-08-09 18:47:20.039000 2604.769 3.471 5.963 50.611 6.38 33.781 53.022 4.017 3.6659 3.3802 27.6946 26.6932 0.2957 3.6563 4.1239 1.9944 3.9027 0.2884 1.0967 -1.0
2017-08-09 18:47:39.614000 2624.344 3.282 5.963 50.61 6.379 34.345 53.024 4.017 3.6659 3.3803 27.6961 26.6929 0.2957 3.6562 4.1237 1.9944 3.9032 0.2885 1.0967 0.154653674364
2017-08-09 18:47:59.421000 2644.151 3.26 5.963 50.61 6.38 34.173 53.021 4.018 3.6664 3.3817 27.6954 26.6929 0.2956 3.6562 4.124 1.9947 3.9035 0.2885 1.0968 -1.0
2017-08-09 18:48:19.135000 2663.865 3.412 5.963 50.61 6.379 33.638 53.022 4.018 3.666 3.381 27.695 26.6938 0.2957 3.6563 4.1239 1.9944 3.9029 0.2885 1.0967 -1.0
2017-08-09 18:48:38.834000 2683.564 3.434 5.963 50.609 6.379 33.688 53.024 4.017 3.6659 3.3809 27.6965 26.6919 0.2957 3.6564 4.124 1.9949 3.9029 0.2885 1.0968 0.161442758039
2017-08-09 18:48:58.736000 2703.466 3.392 5.963 50.608 6.379 34.326 53.023 4.017 3.6659 3.3799 27.6956 26.6919 0.2956 3.6564 4.1239 1.9944 3.9027 0.2884 1.0968 0.161935017685
2017-08-09 18:49:18.596000 2723.326 3.296 5.963 50.61 6.379 34.365 53.023 4.017 3.6658 3.3804 27.6956 26.6919 0.2957 3.6564 4.1239 1.9944 3.9023 0.2884 1.0968 -1.0
2017-08-09 18:49:38.236000 2742.966 3.282 5.963 50.612 6.379 33.722 53.023 4.017 3.6657 3.3803 27.6956 26.6925 0.2957 3.6563 4.1239 1.9944 3.9024 0.2884 1.0968 0.161059889426
2017-08-09 18:49:58.161000 2762.891 3.288 5.963 50.61 6.379 33.664 53.024 4.017 3.6655 3.3796 27.6956 26.6924 0.2957 3.6563 4.1238 1.9944 3.9027 0.2885 1.0967 0.160567629781
2017-08-09 18:50:17.922000 2782.652 3.332 5.963 50.611 6.379 33.538 53.022 4.017 3.6665 3.3804 27.6965 26.6924 0.2957 3.6564 4.1237 1.9946 3.9028 0.2884 1.0967 0.159830318269
2017-08-09 18:50:38.009000 2802.739 3.332 5.963 50.61 6.379 33.549 53.022 4.017 3.666 3.3806 27.6961 26.6934 0.2957 3.6564 4.1238 1.9944 3.9028 0.2885 1.0967 0.160130065652
2017-08-09 18:50:57.893000 2822.623 3.395 5.963 50.609 6.379 34.314 53.022 4.017 3.6656 3.3803 27.695 26.6924 0.2957 3.6562 4.1237 1.9945 3.9026 0.2885 1.0967 -1.0
2017-08-09 18:51:17.837000 2842.567 3.3 5.963 50.61 6.379 34.364 53.023 4.017 3.6654 3.3801 27.695 26.6925 0.2957 3.6563 4.1237 1.9947 3.9026 0.2885 1.0968 -1.0
2017-08-09 18:51:37.841000 2862.571 3.287 5.962 50.609 6.379 34.355 53.024 4.017 3.6656 3.3801 27.6956 26.6932 0.2956 3.6562 4.1237 1.9943 3.9023 0.2885 1.0967 -1.0
2017-08-09 18:51:57.820000 2882.55 3.276 5.962 50.61 6.379 34.354 53.025 4.016 3.6653 3.3799 27.6965 26.6925 0.2957 3.6562 4.1237 1.9946 3.902 0.2885 1.0967 0.159924013181
2017-08-09 18:52:18.258000 2902.988 3.414 5.962 50.612 6.379 34.26 53.023 4.016 3.6657 3.3791 27.6954 26.6925 0.2957 3.656 4.1236 1.9945 3.9021 0.2885 1.0967 0.16043089099
2017-08-09 18:52:38.333000 2923.063 3.404 5.962 50.612 6.379 34.288 53.024 4.016 3.6653 3.3794 27.6967 26.6934 0.2957 3.656 4.1235 1.9947 3.902 0.2885 1.0967 0.159373555571
2017-08-09 18:52:58.632000 2943.362 3.455 5.962 50.612 6.379 33.722 53.025 4.017 3.6654 3.38 27.6961 26.6925 0.2957 3.6561 4.1234 1.9944 3.9022 0.2885 1.0967 -1.0
2017-08-09 18:53:18.966000 2963.696 3.468 5.962 50.612 6.379 33.777 53.025 4.017 3.6654 3.3794 27.6954 26.6919 0.2956 3.6561 4.1235 1.9944 3.9022 0.2885 1.0967 0.159115894563
2017-08-09 18:53:39.332000 2984.062 3.313 5.962 50.61 6.379 33.565 53.023 4.016 3.6659 3.3798 27.6956 26.6929 0.2957 3.6559 4.1235 1.9945 3.9017 0.2885 1.0967 -1.0
2017-08-09 18:53:59.655000 3004.385 3.258 5.962 50.61 6.379 34.121 53.025 4.016 3.665 3.3798 27.6956 26.6925 0.2957 3.6559 4.1234 1.9943 3.9018 0.2885 1.0967 -1.0
2017-08-09 18:54:20.099000 3024.829 3.27 5.962 50.612 6.379 33.828 53.025 4.017 3.6655 3.3799 27.6967 26.6919 0.2957 3.6558 4.1234 1.9947 3.9022 0.2885 1.0967 0.158682555593
2017-08-09 18:54:40.437000 3045.167 3.268 5.962 50.612 6.379 34.291 53.025 4.016 3.6652 3.3797 27.6946 26.6916 0.2957 3.656 4.1233 1.9946 3.9025 0.2885 1.0967 -1.0
2017-08-09 18:55:01.129000 3065.859 3.432 5.962 50.609 6.379 34.165 53.024 4.017 3.6654 3.3793 27.695 26.6924 0.2957 3.656 4.1234 1.9944 3.902 0.2885 1.0967 0.158858233554
2017-08-09 18:55:21.557000 3086.287 3.383 5.962 50.612 6.379 33.612 53.023 4.017 3.6651 3.3798 27.6956 26.6919 0.2957 3.6558 4.1234 1.9944 3.9019 0.2885 1.0967 -1.0
2017-08-09 18:55:42.078000 3106.808 3.265 5.962 50.611 6.379 33.916 53.024 4.016 3.6658 3.3791 27.6954 26.6925 0.2957 3.6559 4.1234 1.9945 3.902 0.2885 1.0967 0.157979843751
2017-08-09 18:56:02.645000 3127.375 3.27 5.962 50.612 6.379 34.305 53.025 4.016 3.6651 3.3803 27.6961 26.6925 0.2957 3.6558 4.1233 1.9946 3.902 0.2885 1.0967 -1.0
2017-08-09 18:56:23.545000 3148.275 3.45 5.962 50.612 6.379 33.671 53.025 4.017 3.665 3.3797 27.695 26.6925 0.2957 3.6558 4.1234 1.9947 3.9019 0.2885 1.0967 -1.0
2017-08-09 18:56:44.266000 3168.996 3.306 5.962 50.612 6.379 33.801 53.025 4.016 3.665 3.3795 27.6954 26.6925 0.2957 3.6557 4.1233 1.9944 3.9017 0.2885 1.0967 0.157241996316
2017-08-09 18:57:05.047000 3189.777 3.464 5.962 50.614 6.379 33.984 53.025 4.017 3.665 3.3792 27.6965 26.6932 0.2957 3.6557 4.1232 1.9941 3.9017 0.2885 1.0967 -1.0
2017-08-09 18:57:26.030000 3210.76 3.259 5.962 50.613 6.378 34.156 53.023 4.017 3.6654 3.3803 27.695 26.6919 0.2957 3.6558 4.1233 1.9943 3.9024 0.2885 1.0967 0.163863034629
2017-08-09 18:57:46.859000 3231.589 3.436 5.962 50.611 6.379 33.68 53.027 4.017 3.6655 3.3796 27.6954 26.6924 0.2957 3.6556 4.1234 1.9945 3.9022 0.2885 1.0967 -1.0
2017-08-09 18:58:07.925000 3252.655 3.27 5.962 50.612 6.378 34.291 53.022 4.017 3.6652 3.38 27.695 26.6925 0.2957 3.6556 4.1234 1.9946 3.9022 0.2885 1.0967 0.158483453905
2017-08-09 18:58:28.793000 3273.523 3.395 5.962 50.611 6.378 34.316 53.024 4.017 3.6656 3.38 27.6965 26.6934 0.2957 3.6555 4.1234 1.9947 3.9024 0.2885 1.0967 -1.0
2017-08-09 18:58:49.919000 3294.649 3.304 5.962 50.612 6.378 33.58 53.027 4.017 3.6652 3.3795 27.6985 26.6916 0.2957 3.6557 4.1234 1.9944 3.9021 0.2885 1.0967 -1.0
2017-08-09 18:59:10.877000 3315.607 3.383 5.962 50.609 6.378 34.333 53.024 4.017 3.6656 3.3801 27.6946 26.6932 0.2957 3.6558 4.1235 1.9944 3.9025 0.2885 1.0967 -1.0
2017-08-09 18:59:31.982000 3336.712 3.311 5.962 50.609 6.378 33.567 53.023 4.017 3.6654 3.3797 27.6965 26.691 0.2957 3.6557 4.1235 1.9946 3.9023 0.2885 1.0967 0.157979843751
2017-08-09 18:59:53.100000 3357.83 3.42 5.962 50.611 6.378 33.645 53.022 4.017 3.6654 3.3802 27.6956 26.6929 0.2957 3.6558 4.1235 1.9945 3.9026 0.2885 1.0967 -1.0
2017-08-09 19:00:14.712000 3379.442 3.474 5.962 50.61 6.378 33.903 53.021 4.017 3.6658 3.3809 27.695 26.6925 0.2957 3.6558 4.1235 1.9946 3.9029 0.2885 1.0968 -1.0
2017-08-09 19:00:35.925000 3400.655 3.259 5.963 50.61 6.378 34.052 53.023 4.017 3.6664 3.3806 27.6975 26.6914 0.2957 3.6558 4.1236 1.9943 3.9029 0.2885 1.097 -1.0
2017-08-09 19:00:57.201000 3421.931 3.278 5.963 50.61 6.378 33.745 53.023 4.018 3.6665 3.381 27.6956 26.6919 0.2957 3.6558 4.1236 1.9947 3.903 0.2885 1.0972 0.156820369211
2017-08-09 19:01:18.500000 3443.23 3.421 5.963 50.608 6.378 34.171 53.02 4.018 3.6665 3.3806 27.6954 26.6929 0.2957 3.6558 4.1237 1.9948 3.9032 0.2885 1.0978 -1.0
2017-08-09 19:01:40.065000 3464.795 3.287 5.963 50.608 6.378 34.336 53.022 4.018 3.6654 3.3805 27.6965 26.6934 0.2957 3.6561 4.1238 1.9952 3.9033 0.2885 1.0994 -1.0
2017-08-09 19:02:01.451000 3486.181 3.267 5.963 50.608 6.378 33.951 53.02 4.018 3.6649 3.3809 27.6954 26.6929 0.2957 3.6561 4.1239 1.9971 3.9035 0.2885 1.1066 -1.0
2017-08-09 19:02:22.876000 3507.606 3.297 5.963 50.608 6.378 33.647 53.021 4.018 3.6633 3.3812 27.6965 26.6924 0.2958 3.6562 4.1239 2.0034 3.9035 0.2886 1.1244 0.155871708224
2017-08-09 19:02:44.412000 3529.142 3.445 5.963 50.608 6.378 33.688 53.021 4.018 3.6604 3.3812 27.6985 26.6934 0.296 3.6564 4.124 2.0111 3.9036 0.2888 1.1417 0.156703250571
2017-08-09 19:03:05.983000 3550.713 3.433 5.963 50.607 6.378 34.108 53.02 4.018 3.6582 3.3816 27.6956 26.6932 0.2964 3.6567 4.1241 2.0188 3.9033 0.289 1.1591 -1.0
2017-08-09 19:03:27.665000 3572.395 3.303 5.963 50.607 6.378 34.367 53.02 4.017 3.6548 3.3808 27.6967 26.6925 0.2968 3.6568 4.1241 2.0265 3.9029 0.2893 1.1757 -1.0
2017-08-09 19:03:49.641000 3594.371 3.372 5.963 50.606 6.378 34.325 53.019 4.017 3.6523 3.3803 27.6956 26.6932 0.2972 3.6573 4.124 2.0349 3.9027 0.2896 1.1919 -1.0
2017-08-09 19:04:11.379000 3616.109 3.261 5.963 50.608 6.378 34.196 53.021 4.017 3.65 3.3799 27.6946 26.6938 0.2977 3.6574 4.1241 2.0429 3.9026 0.2899 1.2072 0.156023962456
2017-08-09 19:04:33.053000 3637.783 3.345 5.963 50.607 6.378 33.896 53.02 4.017 3.6482 3.3798 27.6946 26.6938 0.2982 3.6577 4.124 2.051 3.9022 0.2903 1.2218 0.156433877698
2017-08-09 19:04:54.975000 3659.705 3.267 5.963 50.607 6.378 34.312 53.02 4.017 3.6455 3.38 27.6954 26.6934 0.2987 3.6578 4.1238 2.0593 3.9021 0.2907 1.2368 0.155157284517
2017-08-09 19:05:16.784000 3681.514 3.394 5.962 50.606 6.378 34.323 53.022 4.016 3.6437 3.3797 27.6946 26.6932 0.2993 3.658 4.1236 2.0672 3.9016 0.2911 1.2522 -1.0
2017-08-09 19:05:38.804000 3703.534 3.463 5.962 50.609 6.378 33.99 53.021 4.016 3.6418 3.3797 27.695 26.6925 0.2998 3.658 4.1235 2.0754 3.9015 0.2915 1.2671 0.15426718285
2017-08-09 19:06:00.815000 3725.545 3.476 5.962 50.608 6.378 33.786 53.021 4.016 3.6399 3.3792 27.6935 26.6919 0.3004 3.6582 4.1233 2.0836 3.9012 0.2919 1.2812 -1.0
2017-08-09 19:06:22.762000 3747.492 3.41 5.962 50.609 6.378 33.625 53.022 4.016 3.6383 3.3796 27.6944 26.6924 0.3009 3.6582 4.1232 2.0914 3.9013 0.2923 1.2949 -1.0
2017-08-09 19:06:44.794000 3769.524 3.294 5.962 50.609 6.378 33.626 53.022 4.016 3.6371 3.3805 27.695 26.6938 0.3015 3.6582 4.1231 2.0995 3.9011 0.2927 1.3082 0.156082521776
2017-08-09 19:07:06.999000 3791.729 3.271 5.962 50.607 6.378 33.824 53.02 4.016 3.6359 3.3808 27.6954 26.6934 0.302 3.6584 4.1231 2.1062 3.9015 0.2931 1.3211 -1.0
2017-08-09 19:07:29.777000 3814.507 3.366 5.962 50.606 6.378 33.585 53.018 4.016 3.6345 3.3814 27.6956 26.6924 0.3025 3.6586 4.1229 2.1131 3.9014 0.2934 1.3343 -1.0
2017-08-09 19:07:51.806000 3836.536 3.314 5.962 50.607 6.378 33.582 53.019 4.016 3.6334 3.3811 27.6946 26.6943 0.303 3.6587 4.1229 2.1197 3.9011 0.2938 1.3479 -1.0
2017-08-09 19:08:14.059000 3858.789 3.282 5.962 50.608 6.378 33.724 53.02 4.015 3.6317 3.3804 27.6944 26.6925 0.3035 3.6589 4.1227 2.1261 3.9003 0.2941 1.3609 -1.0
2017-08-09 19:08:36.260000 3880.99 3.258 5.961 50.607 6.378 34.175 53.022 4.015 3.6311 3.3804 27.695 26.691 0.304 3.6589 4.1226 2.1326 3.9003 0.2945 1.3736 0.15585999636
2017-08-09 19:08:58.607000 3903.337 3.445 5.961 50.608 6.377 34.096 53.021 4.015 3.6293 3.3804 27.6946 26.6924 0.3045 3.6589 4.1223 2.139 3.8999 0.2948 1.3859 0.155438369254
2017-08-09 19:09:20.820000 3925.55 3.457 5.961 50.609 6.378 33.741 53.021 4.015 3.6282 3.3811 27.6939 26.6932 0.3049 3.6588 4.1223 2.1459 3.9001 0.2952 1.3978 0.155778013311
2017-08-09 19:09:43.283000 3948.013 3.259 5.961 50.609 6.378 34.023 53.02 4.015 3.6273 3.3809 27.6946 26.6925 0.3054 3.659 4.1221 2.1522 3.8998 0.2956 1.4094 0.154712233684
2017-08-09 19:10:05.660000 3970.39 3.458 5.961 50.609 6.377 34.014 53.022 4.015 3.6262 3.3816 27.695 26.6925 0.3058 3.659 4.122 2.1585 3.8997 0.296 1.4206 -1.0
2017-08-09 19:10:28.096000 3992.826 3.267 5.961 50.609 6.377 33.927 53.021 4.014 3.6254 3.3817 27.6956 26.6929 0.3062 3.6591 4.1218 2.1649 3.8999 0.2963 1.4317 -1.0
2017-08-09 19:10:50.404000 4015.134 3.442 5.961 50.609 6.377 34.299 53.021 4.014 3.6244 3.382 27.6954 26.6925 0.3066 3.6592 4.122 2.1713 3.8994 0.2967 1.4435 0.155836572632
2017-08-09 19:11:13.100000 4037.83 3.276 5.961 50.61 6.377 33.763 53.022 4.014 3.6238 3.3824 27.6939 26.6924 0.307 3.6593 4.1217 2.1776 3.8997 0.2971 1.4551 0.155087013333
2017-08-09 19:11:35.562000 4060.292 3.364 5.961 50.607 6.377 34.321 53.022 4.014 3.623 3.3832 27.6939 26.6929 0.3074 3.6594 4.1216 2.1842 3.8995 0.2974 1.4663 0.155110437061
2017-08-09 19:11:58.318000 4083.048 3.316 5.961 50.607 6.377 33.537 53.023 4.015 3.6225 3.3832 27.6935 26.6924 0.3078 3.6595 4.1215 2.1904 3.8998 0.2978 1.4774 0.15487619978
2017-08-09 19:12:21.079000 4105.809 3.474 5.961 50.609 6.377 33.892 53.021 4.015 3.6225 3.3837 27.6954 26.6938 0.3082 3.6594 4.1215 2.1969 3.8997 0.2981 1.4882 -1.0
2017-08-09 19:12:43.922000 4128.652 3.27 5.961 50.608 6.377 33.836 53.021 4.014 3.6211 3.3838 27.6946 26.6932 0.3085 3.6596 4.1215 2.203 3.8994 0.2984 1.4985 -1.0
2017-08-09 19:13:06.924000 4151.654 3.367 5.961 50.607 6.377 33.564 53.021 4.014 3.6207 3.3845 27.6946 26.6916 0.3089 3.6597 4.1214 2.2093 3.8997 0.2987 1.5086 0.155895131952
2017-08-09 19:13:29.624000 4174.354 3.455 5.961 50.606 6.377 33.98 53.02 4.015 3.6205 3.3859 27.6946 26.6925 0.3092 3.6598 4.1215 2.2154 3.9001 0.299 1.5184 -1.0
2017-08-09 19:13:52.405000 4197.135 3.287 5.961 50.606 6.377 33.676 53.021 4.015 3.6199 3.3856 27.6939 26.6924 0.3096 3.66 4.1214 2.2216 3.8998 0.2993 1.5278 0.157429386141
2017-08-09 19:14:15.458000 4220.188 3.444 5.961 50.606 6.377 33.653 53.019 4.015 3.6201 3.3862 27.6956 26.6932 0.3099 3.6601 4.1216 2.228 3.9002 0.2996 1.5383 0.162358907935
2017-08-09 19:14:38.299000 4243.029 3.436 5.961 50.607 6.377 34.14 53.018 4.015 3.6191 3.3868 27.6946 26.694 0.3103 3.6604 4.1213 2.234 3.8999 0.2999 1.5484 0.0
2017-08-09 19:15:01.184000 4265.914 3.288 5.961 50.606 6.377 34.343 53.018 4.015 3.6187 3.3874 27.695 26.6929 0.3106 3.6605 4.1215 2.2398 3.9 0.3002 1.5583 -1.0
2017-08-09 19:15:24.075000 4288.805 3.281 5.961 50.606 6.377 33.798 53.019 4.015 3.6187 3.388 27.6946 26.6929 0.3109 3.6605 4.1215 2.2458 3.9 0.3005 1.5681 0.0
2017-08-09 19:15:47.037000 4311.767 3.407 5.961 50.605 6.377 34.28 53.019 4.015 3.6175 3.3883 27.6965 26.6938 0.3112 3.6606 4.1215 2.2518 3.9001 0.3007 1.5774 0.0
2017-08-09 19:16:10.112000 4334.842 3.405 5.961 50.607 6.377 34.108 53.02 4.014 3.6169 3.3885 27.6944 26.6924 0.3115 3.6609 4.1214 2.2576 3.8995 0.301 1.5867 -1.0
2017-08-09 19:16:33.138000 4357.868 3.262 5.961 50.609 6.377 33.591 53.019 4.014 3.6168 3.3887 27.6954 26.6929 0.3118 3.6608 4.1213 2.2636 3.8994 0.3013 1.5956 -1.0
2017-08-09 19:16:56.224000 4380.954 3.303 5.961 50.608 6.377 33.585 53.018 4.014 3.6159 3.3892 27.695 26.6932 0.312 3.6609 4.1214 2.2693 3.8995 0.3015 1.6046 0.0
2017-08-09 19:17:19.643000 4404.373 3.475 5.961 50.609 6.377 33.829 53.019 4.014 3.6153 3.3892 27.6946 26.6934 0.3123 3.6611 4.1213 2.2753 3.8994 0.3017 1.6132 -1.0
2017-08-09 19:17:42.755000 4427.485 3.475 5.961 50.606 6.377 34.358 53.02 4.014 3.6153 3.3899 27.6946 26.694 0.3126 3.6611 4.1212 2.2811 3.8998 0.302 1.6216 0.0
2017-08-09 19:18:05.963000 4450.693 3.324 5.961 50.609 6.377 34.362 53.02 4.014 3.6149 3.391 27.695 26.6938 0.3129 3.6612 4.1212 2.2868 3.8997 0.3022 1.6299 -1.0
2017-08-09 19:18:29.248000 4473.978 3.258 5.961 50.606 6.377 34.084 53.02 4.014 3.6148 3.3914 27.6954 26.6938 0.3132 3.6616 4.1212 2.2926 3.8998 0.3024 1.638 -1.0
2017-08-09 19:18:52.579000 4497.309 3.259 5.961 50.608 6.377 34.042 53.02 4.014 3.6144 3.3918 27.6954 26.6943 0.3134 3.6617 4.1213 2.2981 3.9 0.3027 1.6465 -1.0
2017-08-09 19:19:15.900000 4520.63 3.259 5.961 50.607 6.377 34.196 53.02 4.014 3.6137 3.3917 27.6944 26.6938 0.3137 3.6616 4.1212 2.3039 3.8999 0.3029 1.655 0.0
2017-08-09 19:19:39.306000 4544.036 3.273 5.961 50.607 6.377 33.697 53.02 4.014 3.6143 3.3922 27.6946 26.695 0.3139 3.6619 4.1212 2.3095 3.9 0.3031 1.6634 -1.0
2017-08-09 19:20:02.713000 4567.443 3.27 5.961 50.608 6.377 33.835 53.021 4.015 3.6138 3.394 27.6944 26.6938 0.3142 3.6619 4.1212 2.315 3.9003 0.3033 1.6715 0.0
2017-08-09 19:20:26.147000 4590.877 3.276 5.961 50.608 6.377 33.826 53.02 4.015 3.6135 3.3943 27.6956 26.6932 0.3144 3.6621 4.1213 2.3204 3.9005 0.3035 1.6796 -1.0
2017-08-09 19:20:50.047000 4614.777 3.378 5.961 50.605 6.377 34.338 53.02 4.015 3.6129 3.3943 27.6946 26.6943 0.3147 3.6624 4.1214 2.3261 3.9001 0.3037 1.6876 -1.0
2017-08-09 19:21:13.661000 4638.391 3.412 5.961 50.606 6.377 34.217 53.019 4.015 3.6127 3.3944 27.695 26.695 0.3149 3.6625 4.1215 2.3314 3.9001 0.3039 1.6954 -1.0
2017-08-09 19:21:37.286000 4662.016 3.447 5.961 50.606 6.377 34.073 53.02 4.015 3.6127 3.3956 27.695 26.6947 0.3151 3.6626 4.1214 2.337 3.9001 0.3041 1.7029 0.0
2017-08-09 19:22:00.978000 4685.708 3.302 5.961 50.606 6.377 33.58 53.018 4.015 3.6124 3.3961 27.6946 26.6953 0.3154 3.6627 4.1215 2.3422 3.9003 0.3043 1.71 0.0
2017-08-09 19:22:24.770000 4709.5 3.279 5.961 50.607 6.377 33.743 53.019 4.015 3.612 3.396 27.6956 26.6953 0.3156 3.663 4.1215 2.3476 3.9005 0.3045 1.7175 0.0
2017-08-09 19:22:48.550000 4733.28 3.346 5.961 50.605 6.377 34.354 53.02 4.015 3.6126 3.3967 27.6946 26.6943 0.3158 3.6631 4.1215 2.3527 3.9007 0.3047 1.7246 -1.0
2017-08-09 19:23:12.387000 4757.117 3.477 5.961 50.606 6.377 34.36 53.02 4.016 3.6127 3.398 27.6946 26.694 0.316 3.6633 4.1216 2.3581 3.9004 0.3049 1.7315 0.0
2017-08-09 19:23:36.219000 4780.949 3.455 5.961 50.606 6.376 33.733 53.02 4.015 3.6118 3.3973 27.695 26.6943 0.3162 3.6636 4.1216 2.3631 3.9003 0.3051 1.7384 0.0
2017-08-09 19:24:00.482000 4805.2