#Human readable time. Time (s) since start. Lakeshore temperature sensor 218 T1,3,5,6,8 and 224 C2,C3,C4,C5,D2,D3,D5,A,B
2017-05-11 07:59:51.112000 0.016 3.305 49.531 34.068 51.882 3.999 8.9307 3.6107 3.7543 4.4506 3.5628 4.14 3.8824 10.5168 1.5898 11.464 -1 11.2426
2017-05-11 08:00:52.026000 60.93 3.419 49.528 33.331 51.878 4.014 9.1579 3.6183 3.7541 4.4129 3.5583 4.139 3.8825 10.5246 1.6007 11.463 3.62395757034 11.2514
2017-05-11 08:01:52.397000 121.301 3.347 49.526 33.511 51.877 4.226 18.596 3.6595 4.0522 4.6098 3.6598 4.2609 4.1322 10.5314 2.2001 11.471 3.71333458256 11.259
2017-05-11 08:02:52.818000 181.722 3.495 49.521 33.305 51.874 4.608 23.6187 3.9158 5.2325 5.5935 4.1321 4.8478 4.5588 10.5434 3.2455 11.532 3.59261891743 11.2646
2017-05-11 08:03:53.269000 242.173 3.522 49.523 33.898 51.873 1.472 28.0914 4.4011 6.5936 6.8009 4.7804 5.6225 4.8626 10.5464 4.1268 11.627 3.50197957514 11.2791
2017-05-11 08:04:53.788000 302.692 3.725 49.532 34.197 51.881 4.572 32.2136 5.0323 7.9904 8.1495 5.4619 6.3723 5.1034 10.559 4.7292 11.726 4.09153592031 11.2922
2017-05-11 08:05:54.361000 363.265 3.726 49.545 33.443 51.893 4.607 35.0657 5.7381 9.2974 9.4393 6.1158 7.092 5.3065 10.5721 5.1343 11.821 3.80665262295 11.2987
2017-05-11 08:06:54.943000 423.847 3.717 49.559 34.007 51.906 5.425 37.4969 6.4307 10.4477 10.5865 6.7336 7.7773 5.4719 10.5835 5.4119 11.911 3.97686212335 11.3152
2017-05-11 08:07:55.537000 484.441 3.927 49.576 34.296 51.922 5.556 39.6596 7.1108 11.4262 11.5623 7.3233 8.4064 5.6113 10.5949 5.5981 11.99 3.92598790433 11.3263
2017-05-11 08:08:56.178000 545.082 4.147 49.596 33.967 51.938 4.014 41.5904 7.3927 12.2842 12.2904 7.8575 8.9631 5.7454 10.6136 5.7259 12.062 4.59261453288 11.3425
2017-05-11 08:09:56.879000 605.783 3.862 49.614 34.006 51.954 5.615 43.3327 6.31 13.036 13.0872 8.3298 9.457 5.8802 10.6209 5.832 12.13 4.25887525591 11.3528
2017-05-11 08:10:57.623000 666.527 4.017 49.633 34.385 51.971 5.919 44.9352 6.1057 13.6998 13.8447 8.7468 9.8967 6.0138 10.6345 5.9215 12.195 4.51093968759 11.3724
2017-05-11 08:11:58.365000 727.269 4.073 49.653 33.599 51.991 6.05 46.3872 6.178 14.2774 14.4836 9.1109 10.2753 6.1613 10.6473 6.0053 12.26 4.47463975635 11.3838
2017-05-11 08:12:59.138000 788.042 4.035 49.674 34.045 52.009 6.07 47.7171 6.3328 14.7867 15.0383 9.4323 10.6028 6.333 10.6586 6.0819 12.328 5.2226309704 11.3968
2017-05-11 08:13:59.951000 848.855 4.439 49.696 34.066 52.031 5.557 48.4198 6.3246 15.1552 15.4446 9.5893 10.7743 6.3503 10.6722 6.0793 12.39 4.64072286777 11.4096
2017-05-11 08:15:00.800000 909.704 4.038 49.725 34.193 52.055 6.211 48.5986 6.2671 15.1975 15.5852 9.5566 10.7492 6.3155 10.6853 6.0418 12.43 4.93222991306 11.4298
2017-05-11 08:16:01.693000 970.597 4.091 49.749 34.522 52.078 6.093 48.8767 6.1216 14.9213 15.4794 9.4406 10.6099 6.1913 10.6948 5.985 12.444 4.90081354788 11.4385
2017-05-11 08:17:02.587000 1031.491 4.053 49.771 33.714 52.101 5.958 49.3147 5.9524 14.4539 15.1962 9.2831 10.404 6.0386 10.709 5.8878 12.43 4.97411839997 11.453
2017-05-11 08:18:03.540000 1092.444 4.054 49.79 34.479 52.117 5.814 49.8171 5.7866 13.8946 14.8056 9.1024 10.1647 5.8888 10.7192 5.7488 12.397 5.30748682788 11.4635
2017-05-11 08:19:04.531000 1153.435 3.885 49.803 33.738 52.131 5.703 50.3341 5.6392 13.3249 14.3694 8.9051 9.9082 5.7516 10.7269 5.6112 12.352 4.52908965321 11.4721
2017-05-11 08:20:05.598000 1214.502 4.021 49.814 34.37 52.141 5.595 50.8368 5.5244 12.7998 13.9303 8.6985 9.6533 5.6346 10.7325 5.4775 12.304 5.08525287154 11.485
2017-05-11 08:21:06.641000 1275.545 3.776 49.818 33.76 52.149 5.469 51.0335 5.3874 12.2911 13.4771 8.4452 9.3637 5.4954 10.7446 5.3153 12.253 5.01730897636 11.4995
2017-05-11 08:22:07.754000 1336.658 3.888 49.825 33.704 52.154 4.342 50.8736 5.2807 11.697 12.9558 8.1375 9.0174 5.3663 10.7544 5.1545 12.199 5.02863295889 11.5009
2017-05-11 08:23:08.886000 1397.79 3.694 49.83 34.428 52.16 4.987 50.6433 5.2207 11.0196 12.365 7.8114 8.6462 5.2388 10.7537 5.0304 12.145 4.44741480792 11.5041
2017-05-11 08:24:10.048000 1458.952 3.746 49.832 33.639 52.167 4.421 50.4143 5.2507 10.3201 11.7335 7.4849 8.2638 5.1408 10.7587 4.9202 12.093 5.19849269685 11.5091
2017-05-11 08:25:11.250000 1520.154 3.865 49.831 33.999 52.165 4.628 50.1704 5.342 9.6117 11.0846 7.1708 7.8959 5.0464 10.7657 4.8168 12.046 5.13054880166 11.513
2017-05-11 08:26:12.482000 1581.386 3.551 49.83 34.15 52.165 4.982 49.9341 5.4618 8.9369 10.4373 6.8699 7.5477 4.9588 10.7642 4.7165 12.003 4.33458948543 11.5207
2017-05-11 08:27:13.724000 1642.628 3.557 49.828 33.699 52.163 2.89 49.7012 5.5791 8.3149 9.7961 6.5904 7.223 4.876 10.768 4.6212 11.964 4.67963465563 11.5284
2017-05-11 08:28:15.057000 1703.961 3.731 49.821 34.161 52.158 3.774 49.8118 5.7061 7.8298 9.2346 6.3531 6.954 4.8375 10.7721 4.5751 11.93 4.57446456726 11.5255
2017-05-11 08:29:16.399000 1765.303 3.576 49.816 34.355 52.157 3.456 50.3117 5.8617 7.6693 8.9143 6.1771 6.7673 4.8096 10.7723 4.5487 11.904 4.93222991306 11.5328
2017-05-11 08:30:17.751000 1826.655 3.501 49.812 34.088 52.154 4.803 50.8901 6.0271 7.7567 8.828 6.0474 6.6465 4.7876 10.7767 4.5263 11.884 4.10702900123 11.5371
2017-05-11 08:31:19.173000 1888.077 3.514 49.809 33.697 52.152 4.772 51.1969 6.1545 7.877 8.8249 5.9074 6.527 4.7272 10.7787 4.4714 11.867 4.46556477354 11.5346
2017-05-11 08:32:20.627000 1949.531 3.614 49.807 33.518 52.145 4.478 51.2175 26.0734 7.8029 8.7275 5.7542 6.3865 4.7477 10.3776 4.468 11.851 4.37665294627 11.2357
2017-05-11 08:33:22.089000 2010.993 3.768 49.797 34.308 52.141 4.829 51.3225 35.4489 7.6146 8.555 5.6639 6.2976 4.795 8.7771 4.5119 11.848 4.57446456726 9.6044
2017-05-11 08:34:23.611000 2072.515 3.693 49.792 34.204 52.135 4.855 51.4265 41.1001 7.4148 8.3731 5.6693 6.2938 4.8225 6.7691 4.541 11.852 4.052803218 7.3493
2017-05-11 08:35:25.143000 2134.047 3.553 49.791 34.31 52.134 4.849 51.4505 45.7927 7.2495 8.2188 5.7622 6.3728 4.8177 5.5386 4.532 11.856 4.19224094632 5.8549
2017-05-11 08:36:26.706000 2195.61 3.503 49.79 33.948 52.132 4.816 51.3997 50.2326 7.1346 8.116 5.9206 6.5169 4.7851 5.0498 4.5078 11.855 4.33458948543 5.286
2017-05-11 08:37:28.318000 2257.222 3.537 49.787 33.528 52.131 4.492 51.2975 52.0615 7.0352 8.0302 6.0014 6.6047 4.7182 4.7718 4.4568 11.845 4.29252602458 4.975
2017-05-11 08:38:29.960000 2318.864 3.699 49.784 33.65 52.128 4.5 51.1695 52.2283 6.8735 7.8905 5.9681 6.5759 4.6692 4.6374 4.405 11.831 3.86923553514 4.8278
2017-05-11 08:39:31.632000 2380.536 3.538 49.78 33.474 52.124 4.665 51.048 52.06 6.6617 7.6922 5.8808 6.478 4.6269 4.5653 4.3601 11.814 4.25046256374 4.7458
2017-05-11 08:40:33.335000 2442.239 3.696 49.774 33.69 52.121 1.0 50.9365 51.8476 6.4351 7.4653 5.7687 6.3474 4.5893 4.5078 4.3199 11.799 4.06054975846 4.6819
2017-05-11 08:41:35.077000 2503.981 3.541 49.771 33.476 52.116 4.073 50.8332 51.6278 6.2197 7.2279 5.6421 6.2036 4.5579 4.4652 4.2824 11.783 4.01407051568 4.6356
2017-05-11 08:42:36.849000 2565.753 3.683 49.767 33.799 52.112 3.928 50.7357 51.4086 6.0207 6.9961 5.5123 6.0571 4.5278 4.4242 4.2469 11.769 3.7465568017 4.5933
2017-05-11 08:43:38.662000 2627.566 3.597 49.762 33.549 52.108 3.785 50.6491 51.1901 5.832 6.7788 5.3824 5.9097 4.5008 4.3862 4.2137 11.756 4.12252208216 4.5579
2017-05-11 08:44:40.545000 2689.449 3.486 49.759 33.459 52.104 4.516 50.5677 50.9728 5.6591 6.5804 5.2561 5.7685 4.4762 4.3521 4.1829 11.744 3.78642346467 4.519
2017-05-11 08:45:42.447000 2751.351 3.66 49.75 33.674 52.098 4.5 50.489 50.7541 5.5076 6.4011 5.1372 5.6353 4.4541 4.3202 4.1533 11.733 3.71997902639 4.4849
2017-05-11 08:46:44.370000 2813.274 3.548 49.745 33.478 52.092 3.282 50.4161 50.5407 5.3742 6.2433 5.0256 5.5141 4.4331 4.293 4.1259 11.723 3.94779114105 4.455
2017-05-11 08:47:46.322000 2875.226 3.452 49.739 33.486 52.086 4.468 50.3481 50.3252 5.257 6.1034 4.9224 5.4057 4.414 4.267 4.1026 11.713 3.68736259893 4.4265
2017-05-11 08:48:48.344000 2937.248 3.409 49.73 33.737 52.081 4.471 50.2844 50.1105 5.1541 5.9787 4.8283 5.3082 4.3968 4.2405 4.0806 11.705 3.79971235233 4.3973
2017-05-11 08:49:50.387000 2999.291 3.395 49.725 34.04 52.074 3.37 50.2221 49.8952 5.0647 5.8613 4.7431 5.222 4.3803 4.2153 4.0604 11.696 3.5201074436 4.3721
2017-05-11 08:50:52.439000 3061.343 3.62 49.72 34.214 52.071 4.444 50.1613 49.683 4.9875 5.7582 4.6669 5.1451 4.3659 4.1962 4.0417 11.689 3.88314284896 4.3509
2017-05-11 08:51:54.541000 3123.445 3.581 49.715 33.534 52.063 4.439 50.1141 49.8177 4.9267 5.6727 4.6034 5.0824 4.3601 4.1867 4.0258 11.682 3.7465568017 4.3438
2017-05-11 08:52:56.799000 3185.703 3.957 49.707 33.357 52.057 6.177 49.1216 50.1493 17.6311 6.1186 4.5693 5.2279 6.4044 4.2639 4.1039 11.754 3.42713126151 4.4079
2017-05-11 08:53:58.948000 3247.852 4.955 49.693 34.175 52.042 8.25 44.6068 50.464 21.2534 7.8104 4.68 6.3307 8.5516 4.3242 4.1597 12.327 3.59866154025 4.4807
2017-05-11 08:55:01.179000 3310.083 5.435 49.711 34.774 52.067 8.603 41.5492 50.5392 23.4518 8.6284 4.8436 7.0874 8.9143 4.4108 4.1759 12.884 4.43833982511 4.5661
2017-05-11 08:56:03.412000 3372.316 5.616 49.809 34.969 52.144 8.592 38.8718 50.4023 24.9096 8.9758 5.4154 7.5539 8.8785 4.3779 4.0567 13.251 4.67963465563 4.5501
2017-05-11 08:57:05.663000 3434.567 5.188 49.915 34.383 52.229 8.434 36.4732 50.1775 26.0469 9.0811 5.8273 7.8347 8.6902 4.2706 3.912 13.458 4.79637001922 4.4374
2017-05-11 08:58:07.985000 3496.889 5.023 50.003 35.089 52.305 8.232 34.2136 49.9329 26.8668 9.0458 6.0582 7.9836 8.4504 4.1251 3.7566 13.556 5.74500323941 4.2927
2017-05-11 08:59:10.336000 3559.24 5.197 50.069 35.024 52.369 8.007 31.9669 49.6715 27.4118 8.9281 6.1823 8.0425 8.2095 3.964 3.5891 13.576 5.59675912581 4.1208
2017-05-11 09:00:12.698000 3621.602 4.936 50.126 34.299 52.42 7.701 29.3753 49.7464 27.7738 8.7599 6.2413 8.0363 7.9606 3.7978 3.4132 13.541 5.59675912581 3.9512
2017-05-11 09:01:15.110000 3684.014 4.67 50.168 35.01 52.464 7.539 26.8364 49.9758 28.025 8.5637 6.2519 7.9838 7.7049 3.5939 3.2314 13.474 5.53188935693 3.7424
2017-05-11 09:02:17.540000 3746.444 5.062 50.208 34.584 52.503 7.315 24.6265 50.1736 28.2963 8.3497 6.2261 7.8972 7.4542 3.3497 3.0473 13.389 6.27726755422 3.4934
2017-05-11 09:03:19.997000 3808.901 4.437 50.238 34.611 52.535 7.08 22.7747 50.3371 28.4723 8.1261 6.1722 7.7843 7.2172 3.1277 2.8645 13.292 5.79895692182 3.2551
2017-05-11 09:04:22.542000 3871.446 4.666 50.266 34.881 52.564 6.86 21.289 50.1667 28.5728 7.8902 6.0946 7.65 6.9719 2.9786 2.6772 13.185 5.16452074925 3.1044
2017-05-11 09:05:25.107000 3934.011 4.288 50.293 34.314 52.59 6.658 20.0402 49.767 28.6259 7.6492 5.9959 7.4997 6.7493 2.8075 2.4987 13.074 6.16851506489 2.9323
2017-05-11 09:06:27.694000 3996.598 4.248 50.31 34.965 52.611 6.439 18.905 49.3416 28.6375 7.4157 5.8812 7.3413 6.5414 2.63 2.3263 12.965 5.78546850122 2.752
2017-05-11 09:07:30.338000 4059.242 4.077 50.324 34.273 52.626 6.143 17.8571 49.303 28.6283 7.1958 5.7604 7.1797 6.3529 2.4638 2.1714 12.86 5.50594144938 2.5825
2017-05-11 09:08:32.987000 4121.891 4.286 50.335 34.761 52.638 6.131 17.074 49.5004 28.6066 6.9967 5.6207 7.0218 6.1876 2.3141 2.0762 12.759 5.05128092395 2.4296
2017-05-11 09:09:35.667000 4184.571 4.018 50.338 34.113 52.646 5.9 16.2491 49.7585 28.5703 6.8264 5.4841 6.8733 6.0423 2.1841 1.961 12.669 5.84152706461 2.2982
2017-05-11 09:10:38.395000 4247.299 4.246 50.339 34.405 52.649 5.711 15.3995 50.0332 28.5245 6.6697 5.3591 6.7308 5.8987 2.0568 1.8343 12.586 4.82750869579 2.172
2017-05-11 09:11:41.185000 4310.089 3.833 50.339 34.369 52.649 1.515 14.5131 50.3156 28.4668 6.5243 5.242 6.5942 5.7534 1.9266 1.7011 12.507 5.09657685407 2.0433
2017-05-11 09:12:44.006000 4372.91 4.043 50.336 34.116 52.649 4.118 13.6477 50.2155 28.3985 6.3793 5.1298 6.4585 5.6041 1.7877 1.5645 12.436 5.14187278419 1.9082
2017-05-11 09:13:46.859000 4435.763 3.889 50.333 34.414 52.648 1.752 12.8102 49.9179 28.3284 6.2326 5.0206 6.3221 5.4549 1.6489 1.4736 12.367 5.16452074925 1.7752
2017-05-11 09:14:49.817000 4498.721 3.832 50.322 33.952 52.641 3.961 12.5401 49.6359 28.2807 6.0913 4.7639 6.1791 5.3324 1.5761 1.4606 12.299 4.4292648423 1.6954
2017-05-11 09:15:52.748000 4561.652 3.889 50.31 34.493 52.632 5.045 12.2809 49.7978 28.2397 5.9895 4.4983 6.0566 5.2708 1.5437 1.4407 12.241 4.8693971827 1.6619
2017-05-11 09:16:55.738000 4624.642 3.631 50.296 34.582 52.622 4.724 12.0319 50.1658 28.198 5.9151 4.2885 5.9529 5.2237 1.5197 1.4221 12.197 4.6601787617 1.6369
2017-05-11 09:17:58.778000 4687.682 3.648 50.285 34.007 52.612 5.058 11.8066 50.5464 28.1663 5.8587 4.1164 5.8636 5.1819 1.5005 1.4059 12.161 4.49278972197 1.6173
2017-05-11 09:19:01.807000 4750.711 3.62 50.272 34.058 52.601 1.962 11.592 50.523 28.1357 5.8104 3.9707 5.7855 5.1398 1.48 1.3905 12.132 4.19998748678 1.5968
2017-05-11 09:20:04.878000 4813.782 3.86 50.26 33.992 52.593 5.117 11.3924 50.2949 28.1102 5.7597 3.8474 5.713 5.1009 1.4637 1.3763 12.108 4.77691412528 1.5801
2017-05-11 09:21:08.021000 4876.925 3.735 50.248 34.567 52.58 1.752 11.2051 50.0488 28.0802 5.7105 3.7462 5.6469 5.0648 1.4489 1.3627 12.087 3.94779114105 1.5648
2017-05-11 09:22:11.170000 4940.074 3.561 50.237 34.267 52.57 4.108 11.0215 49.7957 28.0552 5.6647 3.664 5.5865 5.0314 1.435 1.3506 12.068 4.15350824401 1.5506
2017-05-11 09:23:14.376000 5003.28 3.552 50.221 34.306 52.557 4.116 10.8573 49.5449 28.0334 5.622 3.5978 5.5303 5.0003 1.4234 1.3398 12.051 4.18449440586 1.5375
2017-05-11 09:24:17.614000 5066.518 3.624 50.21 33.752 52.548 4.995 10.7037 49.7197 28.013 5.5874 3.5442 5.4809 4.9749 1.417 1.3312 12.035 4.20839910289 1.5294
2017-05-11 09:25:20.853000 5129.757 3.602 50.197 33.737 52.536 4.992 10.3047 50.1099 27.9921 5.5661 3.5421 5.4406 4.9622 1.4231 1.3599 12.022 3.75984568936 1.5326
2017-05-11 09:26:24.139000 5193.043 3.797 50.181 34.068 52.524 2.115 9.4203 50.5104 27.9568 5.5229 3.832 5.4072 4.8731 1.4473 1.4005 12.007 4.27570064025 1.5552
2017-05-11 09:27:27.474000 5256.378 3.752 50.168 34.064 52.508 4.339 8.568 50.5054 27.9175 5.4473 3.9863 5.3457 4.7585 1.4705 1.4245 11.98 3.91145241318 1.5767
2017-05-11 09:28:30.867000 5319.771 3.715 50.151 34.005 52.495 4.154 7.7788 50.2922 27.8801 5.3524 4.0571 5.2646 4.6463 1.4935 1.448 11.946 3.80665262295 1.5981
2017-05-11 09:29:34.260000 5383.164 3.679 50.138 34.427 52.481 4.607 7.0462 50.0557 27.8452 5.2521 4.0857 5.1743 4.5407 1.5108 1.4624 11.907 3.8414209075 1.6145
2017-05-11 09:30:37.695000 5446.599 3.525 50.118 34.396 52.464 1.0 6.4324 49.8132 27.8122 5.1561 4.0878 5.0801 4.4482 1.523 1.4732 11.866 4.12252208216 1.6258
2017-05-11 09:31:41.191000 5510.095 3.516 50.099 34.342 52.448 4.454 5.9801 49.5748 27.785 5.0698 4.0729 4.99 4.3752 1.5322 1.4818 11.827 3.47313280806 1.6338
2017-05-11 09:32:44.725000 5573.629 3.58 50.081 34.311 52.431 4.409 5.6434 49.752 27.7693 5.0046 4.0501 4.9104 4.3268 1.5455 1.4913 11.794 3.80665262295 1.6448
2017-05-11 09:33:49.589000 5638.493 3.409 50.062 34.325 52.411 4.374 5.4056 50.1502 27.7609 4.9634 4.0262 4.8441 4.2947 1.5546 1.4995 11.765 3.73326791404 1.6527
2017-05-11 09:34:53.097000 5702.001 3.439 50.042 34.331 52.394 4.361 5.2439 50.5428 27.7552 4.9401 4.0042 4.7933 4.275 1.5615 1.5059 11.744 3.54427793488 1.659
2017-05-11 09:35:56.663000 5765.567 3.43 50.025 34.309 52.379 3.916 5.1226 50.5275 27.7525 4.9209 3.9822 4.7505 4.2576 1.5628 1.509 11.727 3.37114138318 1.6595
2017-05-11 09:37:00.247000 5829.151 3.584 50.006 33.728 52.362 4.332 5.0295 50.3042 27.7519 4.8975 3.9603 4.712 4.2431 1.5646 1.5108 11.714 3.67468159321 1.6604
2017-05-11 09:38:03.902000 5892.806 3.571 49.987 33.693 52.342 4.322 4.9577 50.061 27.751 4.8751 3.9405 4.6779 4.232 1.5657 1.512 11.703 3.47313280806 1.6607
2017-05-11 09:39:07.553000 5956.457 3.559 49.973 33.635 52.332 4.215 4.9006 49.8154 27.7525 4.8548 3.9229 4.6481 4.2228 1.5661 1.5126 11.693 3.42713126151 1.6601
2017-05-11 09:40:11.294000 6020.198 3.36 49.957 33.733 52.313 4.307 4.855 49.5669 27.7514 4.8375 3.9076 4.6227 4.2156 1.5661 1.5126 11.685 3.43863164815 1.659
2017-05-11 09:41:15.024000 6083.928 3.356 49.943 33.76 52.301 4.306 4.8231 49.7464 27.7525 4.8284 3.8958 4.6024 4.2145 1.5708 1.5149 11.679 3.60493606176 1.6623
2017-05-11 09:42:18.764000 6147.668 3.42 49.929 34.253 52.288 4.082 4.8028 49.7107 27.7532 16.9527 3.8861 4.5856 4.22 1.5678 1.5146 11.673 3.20680504873 1.6588
2017-05-11 09:43:22.594000 6211.498 4.759 49.908 34.163 52.266 7.37 7.5456 29.114 28.3208 19.6024 4.3284 5.8027 7.5158 1.3964 1.4809 12.168 3.40413048824 1.5162
2017-05-11 09:44:26.425000 6275.329 4.516 49.913 34.247 52.277 5.796 6.5453 14.6762 28.1441 21.1953 4.8172 6.1609 6.2618 0.8279 1.3921 12.443 4.18449440586 1.0061
2017-05-11 09:45:30.288000 6339.192 3.682 49.987 34.096 52.331 5.182 5.6275 7.9991 27.9439 22.0736 4.8872 5.987 5.1347 0.4659 1.3138 12.388 3.94052339548 0.6744
2017-05-11 09:46:34.237000 6403.141 3.467 50.011 34.338 52.347 3.819 5.066 5.9873 27.8532 22.7626 4.7639 5.6371 4.5651 0.4358 1.2501 12.209 4.32617679326 0.6446
2017-05-11 09:47:38.174000 6467.078 3.604 49.995 34.293 52.337 4.445 4.7696 5.5448 27.8095 23.3925 4.5954 5.3137 4.3543 0.4291 1.1922 12.035 4.13801516308 0.6366
2017-05-11 09:48:42.174000 6531.078 3.411 49.972 33.916 52.319 4.351 4.5791 5.3658 27.7805 23.8846 4.4411 5.0675 4.2572 0.4257 1.1383 11.902 3.94779114105 0.631
2017-05-11 09:49:46.214000 6595.118 3.339 49.952 34.138 52.304 4.298 4.4398 5.2568 27.7632 24.3379 4.3092 4.8924 4.2022 0.4231 1.0916 11.807 4.19998748678 0.6261
2017-05-11 09:50:50.243000 6659.147 3.517 49.933 34.034 52.287 4.266 4.3361 5.1768 27.7519 24.7071 4.1973 4.7696 4.1644 0.4208 1.048 11.743 3.57449104897 0.6214
2017-05-11 09:51:54.314000 6723.218 3.408 49.919 33.444 52.273 4.244 4.257 5.11 27.7406 24.9644 4.1037 4.683 4.1389 0.4187 1.008 11.699 3.91872015875 0.6166
2017-05-11 09:52:58.425000 6787.329 3.322 49.903 34.046 52.26 4.158 4.1943 5.0539 27.736 25.2665 4.0252 4.6199 4.1216 0.4168 0.9739 11.67 3.6302980732 0.6126
2017-05-11 09:54:02.571000 6851.475 3.492 49.888 34.013 52.246 4.219 4.1446 5.0041 27.7326 25.5133 3.9613 4.572 4.1082 0.4152 0.944 11.649 3.43288145483 0.6088
2017-05-11 09:55:06.804000 6915.708 3.321 49.873 33.903 52.231 4.21 4.1048 4.9582 27.7263 25.705 3.9093 4.5347 4.0978 0.4135 0.9192 11.634 3.64297907892 0.6049
2017-05-11 09:56:11.308000 6980.212 3.525 49.86 33.575 52.217 4.202 4.0715 4.9154 27.7238 25.856 3.8666 4.504 4.0884 0.4119 0.8962 11.624 3.50802219796 0.6011
2017-05-11 09:57:15.581000 7044.485 3.36 49.847 33.615 52.206 4.196 4.0449 4.8756 27.722 25.9766 3.832 4.4779 4.0812 0.4106 0.8726 11.615 3.31650228022 0.5973
2017-05-11 09:58:20.294000 7109.198 3.36 49.836 33.436 52.197 3.961 4.0234 4.8373 27.7216 26.0981 3.8041 4.4556 4.0742 0.4095 0.849 11.608 3.57449104897 0.5935
2017-05-11 09:59:24.767000 7173.671 3.504 49.823 33.944 52.185 4.184 4.0072 4.8018 27.721 26.2037 3.7809 4.4361 4.0686 0.4084 0.8328 11.602 3.36567747288 0.5897
2017-05-11 10:00:29.170000 7238.074 3.314 49.812 33.922 52.172 4.179 3.9941 4.767 27.7195 26.2889 3.7614 4.419 4.063 0.4073 0.8225 11.597 3.32196619051 0.5859
2017-05-11 10:01:33.644000 7302.548 3.502 49.799 33.508 52.161 4.176 3.9839 4.7342 27.7195 26.3578 3.7454 4.404 4.0588 0.4063 0.8165 11.593 3.32196619051 0.582
2017-05-11 10:02:38.096000 7367.0 3.399 49.79 33.695 52.15 4.171 3.9746 4.7025 27.7193 26.4171 11.1116 4.3905 4.0545 0.4053 0.8133 11.588 3.40413048824 0.5782
2017-05-11 10:03:42.549000 7431.453 3.54 49.784 33.598 52.142 4.168 3.9662 4.6712 27.7183 26.4647 12.6729 4.3783 4.0501 0.4042 0.8116 11.585 3.34928574199 0.5742
2017-05-11 10:04:51.533000 7500.437 3.35 49.771 33.443 52.13 4.143 3.9578 4.6387 27.7183 26.5067 13.6955 4.3667 4.0464 0.403 0.8109 11.581 3.54427793488 0.5699
2017-05-11 10:05:56.353000 7565.257 3.373 49.763 33.355 52.123 4.16 3.95 4.6088 27.7172 26.5404 14.3782 4.3569 4.0421 0.4021 0.8107 11.577 3.43288145483 0.5658
2017-05-11 10:07:01.400000 7630.304 3.471 49.753 33.417 52.113 4.117 3.9431 4.5798 27.7183 26.5669 14.9147 4.3476 4.0388 0.401 0.8107 11.574 3.04747887126 0.5618
2017-05-11 10:08:06.033000 7694.937 3.438 49.742 34.118 52.104 4.154 3.9366 4.5511 27.7175 26.5888 15.3533 4.3394 4.0355 0.4001 0.8109 11.57 3.37114138318 0.5577
2017-05-11 10:09:10.924000 7759.828 3.359 49.733 34.153 52.093 4.151 3.9288 4.5215 27.7161 26.6095 15.7061 4.3318 4.0318 0.3994 0.8111 11.567 3.24827163699 0.5539
2017-05-11 10:10:15.705000 7824.609 3.324 49.726 34.114 52.086 4.147 3.9217 4.493 27.7161 26.6232 15.9971 4.3244 4.028 0.3985 0.8114 11.564 3.17208093396 0.5497
2017-05-11 10:11:20.548000 7889.452 3.489 49.717 33.438 52.077 3.958 3.9153 4.4655 27.7167 26.637 16.2543 4.3176 4.0243 0.3974 0.8116 11.561 3.52615006642 0.5453
2017-05-11 10:12:25.528000 7954.432 3.527 49.708 33.744 52.067 4.141 3.9086 4.4377 27.7151 26.6486 16.4703 4.3114 4.0207 0.3963 0.812 11.558 3.22235501933 0.5416
2017-05-11 10:13:30.351000 8019.255 3.481 49.703 33.971 52.061 4.03 3.9035 4.4113 27.7157 26.6576 16.6522 4.3053 4.0177 0.3952 0.8122 11.555 3.22235501933 0.5379
2017-05-11 10:14:35.234000 8084.138 3.439 49.695 34.078 52.054 4.135 3.8969 4.385 27.713 26.6655 16.809 4.2998 4.0146 0.394 0.8126 11.552 3.49613358134 0.534
2017-05-11 10:15:40.107000 8149.011 3.316 49.69 33.647 52.049 4.132 3.8905 4.3588 27.7155 26.6699 16.9433 4.2943 4.0115 0.3928 0.8163 11.549 3.31650228022 0.5301
2017-05-11 10:16:45.049000 8213.953 3.337 49.683 33.439 52.041 4.122 3.8822 4.3318 27.7134 26.6756 17.0609 4.2892 4.0082 0.3917 0.8356 11.546 3.02427450962 0.5263
2017-05-11 10:17:50.022000 8278.926 3.378 49.678 33.326 52.037 4.125 3.8685 4.3047 27.7144 26.6814 17.1643 4.2844 4.0039 0.3905 0.8907 11.543 3.46163242143 0.5222
2017-05-11 10:18:55.015000 8343.919 3.466 49.675 33.409 52.031 4.012 3.8559 4.2765 27.7115 26.6832 17.254 4.2791 3.9994 0.3891 0.9538 11.54 3.22753834286 0.5181
2017-05-11 10:20:00.069000 8408.973 3.527 49.669 33.591 52.024 4.102 3.8469 4.2495 27.7136 26.6872 17.3315 4.2741 3.9959 0.388 1.0182 11.537 2.91780534292 0.514
2017-05-11 10:21:05.190000 8474.094 3.359 49.659 33.352 52.021 4.115 3.8415 4.225 27.7134 26.688 17.3987 4.2694 3.9926 0.3868 1.0849 11.535 3.26382160759 0.51
2017-05-11 10:22:10.336000 8539.24 3.421 49.658 33.356 52.014 4.112 3.8428 4.2031 27.7124 26.6902 17.4568 4.2649 3.9894 0.3859 1.1591 11.532 2.8879014548 0.5061
2017-05-11 10:23:15.468000 8604.372 3.493 49.651 33.469 52.009 3.884 3.8873 4.1881 27.7147 26.6917 17.5074 4.2612 3.9894 0.3845 1.3367 11.53 2.83017336889 0.5021
2017-05-11 10:24:20.651000 8669.555 3.346 49.648 33.701 52.003 4.113 3.9642 4.1552 27.7189 26.6939 17.5528 4.2587 3.991 0.3818 1.402 11.528 2.33742890957 0.4966
2017-05-11 10:25:25.865000 8734.769 3.389 49.641 33.325 51.998 4.014 4.0315 4.1257 27.7206 26.6956 17.5933 4.2575 3.993 0.3798 1.4248 11.527 1.97610282823 0.4916
2017-05-11 10:26:31.128000 8800.032 3.314 49.636 33.438 51.993 4.054 4.0812 4.1036 27.7238 26.6963 17.63 4.2573 3.9959 0.3782 1.4341 11.526 1.74022782637 0.4868
2017-05-11 10:27:36.441000 8865.345 3.344 49.633 33.375 51.987 4.119 4.1174 4.0833 27.7246 26.6978 17.663 4.2575 3.9975 0.3767 1.4395 11.525 1.85432899762 0.4821
2017-05-11 10:28:41.784000 8930.688 3.302 49.627 33.912 51.982 4.118 4.1443 4.0638 27.7252 26.6975 17.6929 4.2577 3.9986 0.3752 1.4431 11.525 1.69889877771 0.4773
2017-05-11 10:29:47.159000 8996.063 3.426 49.621 34.098 51.975 4.02 4.1665 4.0449 27.7242 26.6997 17.7194 4.2576 3.9995 0.3737 1.4462 11.524 1.74713728673 0.4727
2017-05-11 10:30:52.595000 9061.499 3.521 49.617 34.124 51.971 4.121 4.1839 4.0258 27.7242 26.6997 17.7428 4.2573 3.9995 0.3723 1.449 11.523 1.7350457311 0.4689
2017-05-11 10:31:58.009000 9126.913 3.456 49.612 34.033 51.967 4.121 4.1987 4.0067 27.7242 26.6999 17.7633 4.2569 3.9997 0.371 1.4516 11.522 1.72813627074 0.4649
2017-05-11 10:33:03.442000 9192.346 3.529 49.607 33.612 51.961 4.12 4.2117 3.9878 27.7238 26.7008 17.7815 4.2564 3.999 0.3702 1.4541 11.521 1.7177720802 0.4614
2017-05-11 10:34:09.025000 9257.929 3.382 49.603 33.301 51.958 4.12 4.222 3.9673 27.7252 26.7002 17.7971 4.2557 3.9983 0.3733 1.4566 11.52 1.74886465182 0.4604
2017-05-11 10:35:14.722000 9323.626 3.389 49.599 34.129 51.951 4.117 4.2289 3.8871 27.7226 26.6975 17.8111 4.2546 3.9949 0.478 1.4613 11.519 1.68961165493 0.5291
2017-05-11 10:36:21.291000 9390.195 3.299 49.597 33.9 51.951 4.107 4.2365 3.7935 27.7195 26.6929 17.8243 4.2501 3.9853 0.6395 1.4704 11.517 1.74540992164 0.6918
2017-05-11 10:37:27.622000 9456.526 3.329 49.591 33.581 51.946 4.101 4.2465 3.6586 27.7195 26.6866 17.8358 4.2453 3.9776 0.9022 1.4821 11.514 1.71258998493 0.9273
2017-05-11 10:38:33.290000 9522.194 3.301 49.589 33.768 51.942 4.093 4.2613 3.5812 27.7189 26.6848 17.8462 4.2387 3.9696 1.1483 1.4931 11.51 1.72640890565 1.1762
2017-05-11 10:39:39.091000 9587.995 3.346 49.586 34.126 51.94 4.091 4.28 3.5484 27.7199 26.6859 17.8549 4.2337 3.967 1.3258 1.5008 11.507 1.69425521632 1.3571
2017-05-11 10:40:44.845000 9653.749 3.387 49.579 33.283 51.931 4.091 4.2991 3.5334 27.7199 26.6875 17.8627 4.2304 3.9672 1.4717 1.5067 11.505 1.68032453214 1.5041
2017-05-11 10:41:50.605000 9719.509 3.309 49.576 33.594 51.927 3.988 4.3169 3.5246 27.7195 26.6894 17.8689 4.2287 3.9674 1.5935 1.5116 11.503 1.8007593643 1.6281
2017-05-11 10:42:56.376000 9785.28 3.498 49.573 33.802 51.924 4.092 4.3335 3.5205 27.7199 26.6902 17.8741 4.2277 3.9684 1.6965 1.5157 11.503 1.75922884236 1.7329
2017-05-11 10:44:02.851000 9851.755 3.402 49.568 34.101 51.919 4.093 4.3487 3.5168 27.721 26.6924 17.8789 4.2274 3.969 1.7851 1.5191 11.501 1.74713728673 1.8241
2017-05-11 10:45:09.023000 9917.927 3.354 49.567 33.313 51.917 4.093 4.3618 3.5147 27.721 26.6929 17.8825 4.2271 3.9695 1.8602 1.5219 11.501 1.74368255655 1.9012
2017-05-11 10:46:15.615000 9984.519 3.521 49.562 33.591 51.915 4.094 4.375 3.5139 27.7231 26.6911 17.8858 4.2269 3.971 1.9276 1.5242 11.5 1.7350457311 1.9695
2017-05-11 10:47:22.410000 10051.314 3.449 49.56 33.377 51.911 4.095 4.3854 3.5121 27.7195 26.6936 17.8888 4.2271 3.972 1.9845 1.5259 11.499 1.78859404889 2.0279
2017-05-11 10:48:31.313000 10120.217 3.299 49.558 33.731 51.907 4.095 4.3949 3.5116 27.7204 26.6939 17.8917 4.2274 3.9723 2.0367 1.5274 11.499 1.72813627074 2.0811
2017-05-11 10:49:38.807000 10187.711 3.469 49.557 33.933 51.907 4.096 4.403 3.5108 27.721 26.6956 17.8943 4.2275 3.9731 2.0806 1.5284 11.498 1.70395315948 2.1246
2017-05-11 10:50:44.888000 10253.792 3.319 49.55 33.555 51.901 4.098 4.4104 3.5116 27.7214 26.6945 17.8962 4.2281 3.9747 2.117 1.5293 11.498 1.81223857144 2.1638
2017-05-11 10:51:50.998000 10319.902 3.487 49.549 33.865 51.899 4.099 4.4167 3.5112 27.7214 26.6947 17.898 4.2287 3.9754 2.1497 1.5302 11.498 1.67568097074 2.1973
2017-05-11 10:52:57.113000 10386.017 3.32 49.545 33.503 51.894 4.098 4.4216 3.5105 27.7214 26.6939 17.8999 4.2291 3.9753 2.1785 1.5309 11.497 1.79550350925 2.2262
2017-05-11 10:54:03.295000 10452.199 3.488 49.545 33.446 51.893 4.098 4.4259 3.5102 27.7206 26.6954 17.901 4.2291 3.9755 2.2027 1.5314 11.497 1.85432899762 2.25
2017-05-11 10:55:09.446000 10518.35 3.319 49.541 34.059 51.888 3.943 4.4296 3.5099 27.7216 26.6961 17.9024 4.2292 3.9757 2.2231 1.5318 11.496 1.7868666838 2.2713
2017-05-11 10:56:15.667000 10584.571 3.516 49.537 33.71 51.884 4.093 4.4335 3.5096 27.7199 26.6947 17.9032 4.2293 3.9762 2.2404 1.5322 11.495 1.84284979048 2.29
2017-05-11 10:57:21.989000 10650.893 3.402 49.533 34.092 51.884 4.1 4.4365 3.5091 27.7204 26.6951 17.9042 4.2297 3.9771 2.2547 1.5326 11.495 1.70740788966 2.3049
2017-05-11 10:58:28.320000 10717.224 3.301 49.531 33.327 51.878 4.1 4.4385 3.5093 27.7189 26.6932 17.9049 4.23 3.9773 2.2667 1.5329 11.495 1.72986363583 2.3176
2017-05-11 10:59:34.645000 10783.549 3.508 49.531 33.502 51.877 4.1 4.4402 3.5074 27.7199 26.6942 17.9058 4.23 3.9764 2.277 1.5332 11.494 1.77304776308 2.3277
2017-05-11 11:00:41.066000 10849.97 3.448 49.527 33.996 51.876 4.1 4.4419 3.5074 27.7189 26.6954 17.9063 4.2298 3.9769 2.285 1.5334 11.494 1.71949944529 2.3355
2017-05-11 11:01:47.497000 10916.401 3.324 49.527 34.08 51.872 4.1 4.4441 3.5078 27.7195 26.6961 17.9068 4.2301 3.9772 2.291 1.5336 11.493 1.76441093763 2.3417
2017-05-11 11:02:53.940000 10982.844 3.304 49.522 33.691 51.869 4.1 4.445 3.5071 27.7204 26.697 14.456 4.23 3.9774 2.2953 1.5327 11.493 1.79377614416 2.3459
2017-05-11 11:04:00.420000 11049.324 3.356 49.519 33.293 51.866 4.022 4.4424 3.5075 27.7195 26.6966 12.9435 4.23 3.9775 2.2984 1.5276 11.493 1.75059201691 2.3488
2017-05-11 11:05:07.033000 11115.937 3.503 49.516 33.465 51.863 3.971 4.4332 3.5057 27.7193 26.6982 11.9963 4.2299 3.9773 2.3012 1.5176 11.492 1.81415177263 2.3514
2017-05-11 11:06:13.641000 11182.545 3.483 49.514 33.873 51.859 4.035 4.4131 3.5031 27.7175 26.6972 11.2098 4.2293 3.9756 2.3042 1.5023 11.491 1.89833262498 2.354
2017-05-11 11:07:20.260000 11249.164 3.329 49.511 34.083 51.858 4.097 4.3851 3.5007 27.7163 26.6961 10.4703 4.2283 3.9736 2.3073 1.4832 11.491 2.13334598996 2.3573
2017-05-11 11:08:27.081000 11315.985 3.395 49.51 34.118 51.854 4.093 4.3491 3.4943 27.714 26.6954 9.7526 4.2265 3.9694 2.3108 1.4623 11.49 2.19863790545 2.3605
2017-05-11 11:09:33.782000 11382.686 3.296 49.51 33.92 51.852 4.047 4.3107 3.4895 27.714 26.6929 9.0654 4.2241 3.9653 2.3145 1.4406 11.488 2.25842030751 2.3639
2017-05-11 11:10:40.535000 11449.439 3.334 49.507 34.101 51.854 4.042 4.2698 3.4843 27.7113 26.6945 8.4217 4.2212 3.9614 2.3185 1.4201 11.486 2.29925920329 2.3677
2017-05-11 11:11:47.315000 11516.219 3.435 49.505 33.816 51.85 4.082 4.2294 3.4783 27.7087 26.6911 7.8107 4.2182 3.9568 2.3223 1.4013 11.485 2.4687396477 2.3716
2017-05-11 11:12:54.267000 11583.171 3.294 49.504 33.777 51.848 4.079 4.1903 3.4736 27.7062 26.6899 7.2479 4.2149 3.9535 2.3263 1.3831 11.483 2.67504533884 2.3753
2017-05-11 11:14:01.096000 11650.0 3.296 49.499 33.956 51.846 4.075 4.1539 3.4686 27.7053 26.6908 6.7324 4.2118 3.9501 2.33 1.3656 11.482 2.23936215615 2.3792
2017-05-11 11:15:08.020000 11716.924 3.335 49.496 34.108 51.841 4.073 4.1191 3.4645 27.7053 26.6899 6.2803 4.2089 3.9467 2.3334 1.3491 11.48 2.61331300474 2.3825
2017-05-11 11:16:14.949000 11783.853 3.436 49.494 34.037 51.841 4.07 4.0875 3.4599 27.7056 26.6902 5.8839 4.2058 3.9434 2.3368 1.3336 11.479 2.72761649199 2.3857
2017-05-11 11:17:21.872000 11850.776 3.48 49.493 34.024 51.837 4.067 4.0584 3.4551 27.7043 26.6902 5.5158 4.2028 3.9402 2.3396 1.3204 11.477 2.77798380141 2.3886
2017-05-11 11:18:28.864000 11917.768 3.516 49.491 34.092 51.833 4.065 4.0318 3.4526 27.7032 26.6902 5.1921 4.2001 3.9384 2.3423 1.3083 11.476 2.72374208358 2.3909
2017-05-11 11:19:35.889000 11984.793 3.487 49.488 34.014 51.832 4.063 4.0079 3.4495 27.7046 26.6915 4.9118 4.1977 3.9356 2.3445 1.2971 11.474 2.78960702666 2.3936
2017-05-11 11:20:42.962000 12051.866 3.479 49.484 34.031 51.83 4.05 3.9865 3.4467 27.7021 26.6905 4.6723 4.1952 3.9335 2.3464 1.2869 11.473 3.05676061592 2.3956
2017-05-11 11:21:50.020000 12118.924 3.357 49.483 33.264 51.828 3.968 3.966 3.4435 27.7032 26.6894 4.4713 4.193 3.9316 2.3478 1.2774 11.472 2.79348143507 2.3973
2017-05-11 11:22:57.167000 12186.071 3.328 49.481 33.409 51.825 4.059 3.9488 3.4425 27.704 26.6894 4.3051 4.1914 3.9309 2.3492 1.2686 11.471 3.1377167491 2.3985
2017-05-11 11:24:04.321000 12253.225 3.302 49.478 33.6 51.821 3.986 3.9339 3.4413 27.7024 26.6902 4.1692 4.1899 3.9299 2.3499 1.2605 11.47 2.87965458538 2.3997
2017-05-11 11:25:11.503000 12320.407 3.445 49.477 33.997 51.818 4.056 3.9191 3.4395 27.7032 26.6905 4.0593 4.1884 3.9285 2.3503 1.2532 11.47 2.96159716472 2.4003
2017-05-11 11:26:18.725000 12387.629 3.478 49.474 33.795 51.816 4.056 3.9062 3.438 27.704 26.6899 3.9725 4.187 3.9273 2.3506 1.2464 11.469 3.15244425689 2.4005
2017-05-11 11:27:25.962000 12454.866 3.316 49.475 33.443 51.816 4.054 3.8939 3.4351 27.7029 26.6902 3.904 4.1855 3.9257 2.3506 1.2401 11.468 2.82604993418 2.4005
2017-05-11 11:28:33.246000 12522.15 3.294 49.471 33.76 51.814 4.053 3.8828 3.4335 27.705 26.6896 3.8506 4.1841 3.9246 2.3505 1.2343 11.467 3.01035189264 2.4
2017-05-11 11:29:40.605000 12589.509 3.459 49.471 33.93 51.812 4.051 3.8724 3.4315 27.7032 26.688 3.8088 4.1827 3.9231 2.3501 1.229 11.466 3.19662678029 2.3997
2017-05-11 11:30:47.969000 12656.873 3.366 49.47 33.806 51.813 4.051 3.8642 3.4315 27.7046 26.6896 3.7769 4.1814 3.9228 2.3493 1.2246 11.466 2.82192649947 2.3983
2017-05-11 11:31:55.383000 12724.287 3.317 49.467 33.42 51.809 4.051 3.8561 3.4306 27.7035 26.6896 3.7524 4.1806 3.9221 2.3483 1.2206 11.465 3.08924672221 2.3977
2017-05-11 11:33:03.017000 12791.921 3.503 49.465 33.485 51.807 4.05 3.8488 3.4295 27.7032 26.6875 3.7338 4.1797 3.9216 2.3472 1.2167 11.464 3.1377167491 2.3962
2017-05-11 11:34:10.470000 12859.374 3.291 49.465 33.779 51.807 4.05 3.8422 3.4288 27.705 26.6878 3.7196 4.1787 3.9209 2.3459 1.2133 11.464 3.09852846687 2.3947
2017-05-11 11:35:18.004000 12926.908 3.486 49.465 33.803 51.807 3.909 3.8356 3.4272 27.7043 26.6872 3.7089 4.178 3.9199 2.3444 1.2101 11.463 3.05676061592 2.3929
2017-05-11 11:36:25.542000 12994.446 3.344 49.465 33.292 51.809 4.047 3.8293 3.4253 27.7053 26.6872 3.7004 4.1769 3.9186 2.3427 1.207 11.463 2.91342616074 2.3917
2017-05-11 11:37:33.166000 13062.07 3.321 49.466 34.097 51.809 4.046 3.8232 3.4232 27.705 26.6869 3.6938 4.1757 3.9167 2.3409 1.2041 11.462 3.26382160759 2.3896
2017-05-11 11:38:40.793000 13129.697 3.501 49.47 33.509 51.812 4.038 3.8172 3.4212 27.705 26.6878 3.6882 4.1744 3.915 2.3389 1.2014 11.461 2.90466779639 2.3876
2017-05-11 11:39:48.499000 13197.403 3.408 49.468 34.069 51.809 4.044 3.8125 3.421 27.704 26.6866 3.6838 4.1733 3.9146 2.3369 1.1988 11.461 3.15244425689 2.3857
2017-05-11 11:40:57.944000 13266.848 3.303 49.467 33.499 51.808 3.954 3.8089 3.4207 27.7043 26.6878 3.6804 4.1724 3.9143 2.3348 1.1963 11.46 3.09852846687 2.3832
2017-05-11 11:42:05.986000 13334.89 3.469 49.463 33.4 51.807 4.041 3.8049 3.4207 27.7053 26.6875 3.6778 4.1719 3.9147 2.3325 1.1941 11.46 2.97473471126 2.3812
2017-05-11 11:43:13.759000 13402.663 3.286 49.463 33.844 51.804 4.043 3.8013 3.4196 27.705 26.689 3.6759 4.1714 3.9135 2.3303 1.1919 11.459 3.29492154879 2.3791
2017-05-11 11:44:21.539000 13470.443 3.362 49.465 33.269 51.807 4.011 3.7976 3.4194 27.7043 26.689 3.6743 4.1708 3.9134 2.3279 1.1899 11.459 2.944080436 2.3767
2017-05-11 11:45:29.403000 13538.307 3.476 49.465 34.045 51.805 4.042 3.7943 3.4182 27.7046 26.6896 3.6732 4.1703 3.9126 2.3253 1.188 11.459 3.30011054933 2.3742
2017-05-11 11:46:37.308000 13606.212 3.312 49.465 33.432 51.807 4.025 3.7916 3.4173 27.706 26.6878 3.672 4.1696 3.9119 2.3228 1.1862 11.458 3.04283799893 2.3717
2017-05-11 11:47:45.230000 13674.134 3.507 49.468 33.544 51.807 4.041 3.7885 3.4173 27.705 26.6866 3.671 4.1692 3.9123 2.3204 1.1845 11.458 3.00571102031 2.3692
2017-05-11 11:48:53.398000 13742.302 3.499 49.463 33.494 51.804 4.041 3.7861 3.4173 27.705 26.6872 3.6704 4.1689 3.912 2.3178 1.1829 11.458 3.17208093396 2.3665
2017-05-11 11:50:01.373000 13810.277 3.33 49.464 33.36 51.808 4.04 3.7837 3.416 27.7043 26.6866 3.6699 4.1685 3.911 2.3153 1.1814 11.458 3.0196336373 2.364
2017-05-11 11:51:09.450000 13878.354 3.324 49.465 33.619 51.809 4.04 3.7811 3.4166 27.7056 26.6884 3.6692 4.168 3.9114 2.3128 1.18 11.458 3.26382160759 2.3613
2017-05-11 11:52:17.579000 13946.483 3.484 49.467 33.735 51.808 4.04 3.7783 3.4149 27.705 26.6875 3.6688 4.1674 3.9103 2.3099 1.1786 11.457 3.05211974359 2.3587
2017-05-11 11:53:25.679000 14014.583 3.305 49.47 34.068 51.812 4.038 3.7753 3.4133 27.7035 26.6869 3.6681 4.1667 3.9089 2.3073 1.1773 11.457 2.94845961818 2.3561
2017-05-11 11:54:33.843000 14082.747 3.305 49.469 33.47 51.814 4.038 3.7732 3.4137 27.7062 26.6859 3.6674 4.166 3.9086 2.3046 1.176 11.457 3.30557445963 2.3533
2017-05-11 11:55:42.051000 14150.955 3.305 49.47 33.469 51.811 4.038 3.7716 3.4129 27.706 26.6875 3.667 4.1658 3.9089 2.302 1.1748 11.457 2.95283880036 2.3506
2017-05-11 11:56:50.361000 14219.265 3.499 49.471 33.445 51.814 4.038 3.77 3.4126 27.705 26.6875 3.6666 4.1655 3.9089 2.299 1.1737 11.457 3.28973822525 2.348
2017-05-11 11:57:58.691000 14287.595 3.5 49.467 33.455 51.812 4.039 3.7692 3.4132 27.704 26.6857 3.6664 4.1655 3.9099 2.2964 1.1726 11.457 3.05211974359 2.3452
2017-05-11 11:59:07.012000 14355.916 3.485 49.469 33.458 51.814 4.039 3.768 3.4129 27.7056 26.6872 3.6663 4.1654 3.9094 2.2939 1.1716 11.457 3.13280757983 2.3428
2017-05-11 12:00:15.319000 14424.223 3.42 49.47 34.056 51.814 3.876 3.7662 3.4128 27.705 26.6899 3.6663 4.1652 3.9093 2.2911 1.1706 11.457 3.19662678029 2.34
2017-05-11 12:01:23.653000 14492.557 3.419 49.473 34.057 51.815 4.038 3.7645 3.4123 27.7053 26.689 3.6661 4.1651 3.9085 2.2887 1.1696 11.457 3.16717176469 2.3374
2017-05-11 12:02:32.028000 14560.932 3.429 49.473 34.042 51.82 4.037 3.7622 3.4109 27.705 26.6875 3.666 4.1645 3.9072 2.2859 1.1688 11.457 3.17208093396 2.3347
2017-05-11 12:03:40.430000 14629.334 3.282 49.477 33.846 51.819 4.037 3.7615 3.411 27.7053 26.6872 3.6655 4.164 3.9072 2.2832 1.1679 11.457 3.09852846687 2.3319
2017-05-11 12:04:48.868000 14697.772 3.281 49.477 33.847 51.82 4.022 3.7593 3.4109 27.7062 26.6878 3.665 4.1637 3.9068 2.2806 1.167 11.457 3.1229892413 2.3294
2017-05-11 12:05:57.531000 14766.435 3.43 49.479 33.987 51.82 4.036 3.758 3.4101 27.7056 26.6869 3.6648 4.1635 3.9068 2.278 1.1662 11.457 3.22753834286 2.3268
2017-05-11 12:07:06.136000 14835.04 3.439 49.478 33.96 51.82 4.036 3.757 3.4093 27.7053 26.6857 3.6645 4.1633 3.9063 2.2752 1.1654 11.457 3.1082617335 2.324
2017-05-11 12:08:14.773000 14903.677 3.457 49.481 33.911 51.824 4.036 3.7557 3.4092 27.7053 26.688 3.6642 4.1629 3.906 2.2727 1.1646 11.457 3.18189927249 2.3216
2017-05-11 12:09:23.427000 14972.331 3.364 49.48 33.853 51.825 4.036 3.7548 3.4094 27.7067 26.6884 3.664 4.1627 3.906 2.27 1.1638 11.457 3.01035189264 2.3189
2017-05-11 12:10:32.128000 15041.032 3.363 49.48 33.292 51.825 4.036 3.7534 3.409 27.7046 26.6872 3.6638 4.1626 3.906 2.2677 1.1631 11.457 3.14262591836 2.3162
2017-05-11 12:11:40.798000 15109.702 3.352 49.481 33.287 51.826 4.035 3.7527 3.4086 27.7053 26.688 3.6636 4.1623 3.9063 2.2651 1.1624 11.457 3.25863828406 2.314
2017-05-11 12:12:49.479000 15178.383 3.282 49.483 33.78 51.828 3.871 3.7515 3.4073 27.7053 26.6869 3.6635 4.162 3.9048 2.2624 1.1618 11.457 3.01499276497 2.3116
2017-05-11 12:13:58.233000 15247.137 3.286 49.485 33.742 51.83 4.035 3.7511 3.4082 27.7043 26.6872 3.6631 4.1615 3.9053 2.26 1.1611 11.457 3.16226259543 2.3089
2017-05-11 12:15:07.046000 15315.95 3.39 49.486 34.091 51.83 4.034 3.7498 3.4074 27.7035 26.6857 3.6629 4.1614 3.9046 2.2578 1.1605 11.457 3.16226259543 2.3064
2017-05-11 12:16:15.887000 15384.791 3.489 49.49 34.081 51.835 4.033 3.7471 3.406 27.704 26.6872 3.6625 4.1608 3.9033 2.2555 1.1598 11.457 3.13280757983 2.3043
2017-05-11 12:17:24.734000 15453.638 3.49 49.491 33.509 51.832 3.984 3.747 3.4066 27.706 26.6869 3.662 4.1606 3.9039 2.2534 1.1593 11.457 3.26900493112 2.3017
2017-05-11 12:18:33.660000 15522.564 3.308 49.49 33.432 51.834 4.034 3.7469 3.4078 27.7056 26.6863 3.6619 4.1605 3.9045 2.2512 1.1587 11.457 3.90418466761 2.2995
2017-05-11 12:19:42.623000 15591.527 3.317 49.491 34.094 51.833 3.912 3.746 3.4075 27.706 26.6887 3.6616 4.1606 3.9043 2.2491 1.1582 11.457 3.21198837226 2.2969
2017-05-11 12:20:51.624000 15660.528 3.498 49.49 33.684 51.834 3.995 3.7455 3.4073 27.7053 26.6894 3.6617 4.1607 3.9046 2.2466 1.1577 11.457 2.93970125382 2.2945
2017-05-11 12:22:00.835000 15729.739 3.327 49.492 33.332 51.834 4.034 3.7454 3.4079 27.7056 26.6875 3.6618 4.1607 3.9053 2.2448 1.1572 11.458 3.37114138318 2.2922
2017-05-11 12:23:09.828000 15798.732 3.293 49.494 34.021 51.836 4.035 3.7453 3.4088 27.7053 26.688 3.6619 4.1609 3.9058 2.2427 1.1567 11.458 3.02427450962 2.29
2017-05-11 12:24:18.875000 15867.779 3.363 49.492 33.861 51.838 3.98 3.7444 3.4079 27.7053 26.6878 3.6621 4.1611 3.9056 2.2407 1.1562 11.458 3.18680844176 2.2879
2017-05-11 12:25:28.009000 15936.913 3.283 49.494 33.855 51.838 4.035 3.7452 3.4085 27.706 26.6887 3.6623 4.1612 3.9061 2.2387 1.1558 11.459 3.29492154879 2.2857
2017-05-11 12:26:37.199000 16006.103 3.421 49.495 34.034 51.84 4.034 3.7437 3.4073 27.7056 26.6859 3.6625 4.1612 3.9048 2.2366 1.1554 11.459 2.97473471126 2.2832
2017-05-11 12:27:46.453000 16075.357 3.292 49.496 33.612 51.841 4.035 3.7436 3.4073 27.706 26.688 3.6623 4.1611 3.9058 2.2346 1.155 11.459 3.39846093465 2.2812
2017-05-11 12:28:55.710000 16144.614 3.382 49.495 34.112 51.841 4.034 3.7418 3.4068 27.7056 26.6869 3.6624 4.1608 3.9045 2.2327 1.1546 11.459 2.90466779639 2.2794
2017-05-11 12:30:04.973000 16213.877 3.309 49.497 33.433 51.843 4.034 3.7408 3.4062 27.7056 26.6844 3.6621 4.1606 3.9042 2.2308 1.1541 11.459 3.27418825466 2.2769
2017-05-11 12:31:14.252000 16283.156 3.301 49.498 34.071 51.845 4.034 3.7406 3.4057 27.706 26.6863 3.662 4.1603 3.9042 2.2288 1.1538 11.459 3.3438218317 2.275
2017-05-11 12:32:23.581000 16352.485 3.349 49.499 33.271 51.843 4.035 3.7411 3.4073 27.7056 26.6857 3.6618 4.1603 3.9051 2.227 1.1534 11.459 3.23272166639 2.2728
2017-05-11 12:33:33.028000 16421.932 3.436 49.498 33.973 51.842 4.035 3.7403 3.4067 27.706 26.685 3.6621 4.1607 3.905 2.2251 1.153 11.459 3.1082617335 2.2714
2017-05-11 12:34:42.607000 16491.511 3.284 49.5 33.748 51.845 4.035 3.7401 3.4076 27.7043 26.6841 3.6622 4.1607 3.9052 2.2233 1.1527 11.46 3.02427450962 2.269
2017-05-11 12:35:52.311000 16561.215 3.303 49.501 33.514 51.847 4.034 3.7396 3.4062 27.7056 26.6859 3.6621 4.1605 3.9043 2.2215 1.1524 11.46 2.87965458538 2.2671
2017-05-11 12:37:02.087000 16630.991 3.489 49.501 33.749 51.847 4.034 3.7387 3.4059 27.7071 26.6841 3.6619 4.1603 3.9041 2.2198 1.1521 11.46 3.0196336373 2.2654
2017-05-11 12:38:11.760000 16700.664 3.283 49.504 33.931 51.848 4.035 3.7387 3.4069 27.7067 26.6848 3.662 4.1604 3.9052 2.2181 1.1517 11.46 3.37660529347 2.2636
2017-05-11 12:39:21.328000 16770.232 3.287 49.503 33.31 51.851 4.035 3.7385 3.4064 27.7067 26.6853 3.6621 4.1605 3.905 2.2165 1.1514 11.46 3.09388759454 2.2615
2017-05-11 12:40:30.986000 16839.89 3.492 49.505 33.459 51.851 4.034 3.7377 3.4069 27.7071 26.6866 3.6622 4.1605 3.9045 2.2147 1.1511 11.46 3.2171716958 2.2596
2017-05-11 12:41:40.619000 16909.523 3.318 49.505 34.113 51.856 4.035 3.7382 3.4061 27.7053 26.685 3.6619 4.1604 3.9051 2.213 1.1508 11.46 3.24308831346 2.2579
2017-05-11 12:42:50.315000 16979.219 3.292 49.51 33.385 51.857 4.034 3.7369 3.4063 27.7073 26.6872 3.6621 4.1604 3.9046 2.2114 1.1505 11.46 3.07996497755 2.2567
2017-05-11 12:44:00.056000 17048.96 3.348 49.513 33.301 51.861 4.033 3.7354 3.4041 27.705 26.6872 3.6618 4.1599 3.9028 2.2099 1.1501 11.46 3.18189927249 2.255
2017-05-11 12:45:09.842000 17118.746 3.425 49.515 33.359 51.861 3.983 3.7355 3.4059 27.7077 26.6884 3.6613 4.1596 3.9035 2.2082 1.1498 11.461 3.21198837226 2.2533
2017-05-11 12:46:19.615000 17188.519 3.296 49.516 34.096 51.863 4.033 3.7354 3.4042 27.7071 26.689 3.6613 4.1595 3.9035 2.2066 1.1496 11.461 3.13280757983 2.2518
2017-05-11 12:47:29.630000 17258.534 3.282 49.517 33.751 51.868 4.031 3.7341 3.4044 27.7062 26.6887 3.6611 4.1592 3.903 2.2051 1.1492 11.461 3.1082617335 2.2502
2017-05-11 12:48:39.484000 17328.388 3.319 49.523 33.382 51.869 4.03 3.7332 3.4029 27.7062 26.6908 3.6608 4.159 3.9021 2.2037 1.1489 11.461 3.41563087488 2.2485
2017-05-11 12:49:49.413000 17398.317 3.353 49.524 33.855 51.873 4.031 3.7333 3.4033 27.7056 26.6899 3.6604 4.1585 3.9016 2.202 1.1486 11.461 3.05676061592 2.2474
