#Human readable time. Time (s) since start. Lakeshore temperature sensor 218 T1,3,5,6,8 and 224 C2,C3,C4,C5,D2,D3,D5,A,B
292.95 
293.01 
293.25 
293.37 
293.37 
294.906 
294.74 
294.638 
294.771 
294.727 
295.004 
292.321 
0.0 
0.0 
292.82 
-1.0 
0.0 
292.95 
293.01 
293.25 
293.37 
293.37 
294.905 
294.739 
294.637 
294.772 
294.727 
295.004 
292.32 
0.0 
0.0 
292.82 
-1.0 
0.0 
292.95 
293.01 
293.25 
293.37 
293.37 
294.905 
294.739 
294.638 
294.777 
294.725 
295.003 
292.324 
0.0 
0.0 
292.82 
-1.0 
0.0 
292.95 
293.02 
293.25 
293.37 
293.37 
294.899 
294.739 
294.638 
294.776 
294.727 
295.004 
292.324 
0.0 
0.0 
292.82 
-1.0 
0.0 
292.95 
293.02 
293.25 
293.37 
293.37 
294.905 
294.733 
294.636 
294.777 
294.728 
295.005 
292.32 
0.0 
0.0 
292.83 
-1.0 
0.0 
292.95 
293.02 
293.25 
293.38 
293.37 
294.906 
294.74 
294.633 
294.778 
294.726 
295.005 
292.322 
0.0 
0.0 
292.82 
-1.0 
0.0 
