#Human readable time. Time (s) since start. Lakeshore temperature sensor 218 T1,2,3,4,5,6,8 and 224 C2,C3,C4,C5,D1,D2,D3,D4,D5,A,B
2017-05-16 10:15:45.022000 0.0 3.437 11.63 50.249 6.012 34.13 52.672 4.028 13.3921 4.1961 3.7599 4.3241 2.1854 3.6351 4.1467 2.1007 3.8942 2.1404 1.3227 
2017-05-16 10:15:59.562000 14.54 3.274 11.63 50.248 6.012 34.03 52.67 4.028 13.3957 4.1944 3.7598 4.3239 2.1857 3.6351 4.1467 2.1022 3.8941 2.1403 1.3232 
2017-05-16 10:16:13.107000 28.085 3.274 11.63 50.248 6.012 33.976 52.672 4.028 13.3989 4.1928 3.7597 4.3242 2.1857 3.6353 4.1467 2.1022 3.8938 2.1407 1.3236 
2017-05-16 10:16:26.708000 41.686 3.276 11.63 50.249 6.012 33.922 52.671 4.028 13.4024 4.1914 3.7598 4.3238 2.186 3.6351 4.1466 2.1026 3.8941 2.1409 1.3241 
2017-05-16 10:16:40.306000 55.284 3.278 11.63 50.249 6.012 34.091 52.673 4.028 13.4054 4.1898 3.76 4.3242 2.1864 3.6351 4.1466 2.1026 3.8943 2.1411 1.3246 
2017-05-16 10:16:53.955000 68.933 3.288 11.63 50.251 6.012 34.177 52.671 4.028 13.409 4.1883 3.7599 4.3239 2.1864 3.6351 4.1466 2.103 3.8948 2.1414 1.325 
2017-05-16 10:17:07.604000 82.582 3.485 11.63 50.249 6.012 33.818 52.671 4.029 13.4122 4.1868 3.7601 4.324 2.1867 3.6349 4.1467 2.1033 3.8949 2.1415 1.3254 
2017-05-16 10:17:21.362000 96.34 3.497 11.63 50.249 6.012 33.756 52.67 4.029 13.4156 4.1852 3.76 4.3241 2.187 3.635 4.1466 2.1033 3.8948 2.1416 1.3259 
2017-05-16 10:17:35.112000 110.09 3.291 11.63 50.248 6.012 33.701 52.67 4.023 13.4188 4.184 3.7602 4.3242 2.1869 3.635 4.1467 2.1037 3.8947 2.1421 1.3264 
2017-05-16 10:17:48.931000 123.909 3.278 11.63 50.251 6.012 33.895 52.672 4.028 13.4222 4.1822 3.7602 4.3246 2.1873 3.6351 4.1468 2.1039 3.8946 2.1422 1.3268 
2017-05-16 10:18:02.916000 137.894 3.435 11.63 50.249 6.012 34.146 52.674 4.028 13.4258 4.1807 3.7602 4.3241 2.1875 3.635 4.1468 2.1041 3.8945 2.1425 1.3273 
2017-05-16 10:18:16.794000 151.772 3.363 11.63 50.248 6.012 33.457 52.672 4.015 13.429 4.1792 3.7603 4.3242 2.1879 3.6349 4.1468 2.1045 3.8945 2.1426 1.3278 
2017-05-16 10:18:30.733000 165.711 3.275 11.63 50.25 6.012 34.073 52.672 4.028 13.4326 4.1775 3.7601 4.3241 2.1879 3.6349 4.1468 2.1048 3.8945 2.1429 1.3283 
2017-05-16 10:18:44.727000 179.705 3.456 11.63 50.25 6.012 33.974 52.674 4.028 13.4358 4.1761 3.76 4.3242 2.1883 3.635 4.1468 2.105 3.8942 2.1432 1.3287 
2017-05-16 10:18:58.733000 193.711 3.324 11.63 50.25 6.012 33.467 52.673 4.013 13.4391 4.1746 3.7603 4.3241 2.1883 3.6349 4.1468 2.1052 3.8943 2.1432 1.3293 
2017-05-16 10:19:12.784000 207.762 3.282 11.63 50.251 6.012 34.203 52.674 4.028 13.4428 4.173 3.76 4.3244 2.1887 3.6349 4.1468 2.1056 3.8942 2.1436 1.3297 
2017-05-16 10:19:26.942000 221.92 3.483 11.63 50.251 6.012 33.874 52.673 4.027 13.4463 4.1716 3.7599 4.3239 2.1888 3.6349 4.1467 2.1057 3.8934 2.1438 1.3302 
2017-05-16 10:19:41.064000 236.042 3.3 11.63 50.251 6.012 33.601 52.674 4.027 13.4497 4.1702 3.7596 4.3237 2.1889 3.6348 4.1466 2.1061 3.8936 2.1439 1.3308 
2017-05-16 10:19:55.222000 250.2 3.489 11.63 50.25 6.012 33.78 52.676 4.027 13.4533 4.1683 3.7595 4.3239 2.1893 3.6347 4.1466 2.1063 3.8931 2.1443 1.3313 
2017-05-16 10:20:09.443000 264.421 3.3 11.63 50.251 6.012 33.658 52.675 4.027 13.4566 4.1668 3.7593 4.3234 2.1896 3.6345 4.1464 2.1065 3.8934 2.1444 1.3319 
2017-05-16 10:20:23.732000 278.71 3.493 11.63 50.252 6.012 34.264 52.675 4.027 13.4602 4.1653 3.7591 4.3233 2.1897 3.6345 4.1463 2.1066 3.8929 2.1444 1.3324 
2017-05-16 10:20:38.065000 293.043 3.306 11.629 50.252 6.012 33.554 52.675 4.026 13.4637 4.1641 3.7591 4.3234 2.19 3.6345 4.1463 2.1071 3.893 2.1449 1.333 
2017-05-16 10:20:52.391000 307.369 3.489 11.629 50.254 6.012 33.826 52.676 4.026 13.4673 4.1622 3.7591 4.3231 2.1902 3.6342 4.1461 2.1073 3.8924 2.1453 1.3335 
2017-05-16 10:21:06.845000 321.823 3.308 11.629 50.253 6.012 34.254 52.674 4.026 13.471 4.1607 3.7587 4.3233 2.1902 3.6341 4.146 2.1075 3.8922 2.1455 1.3341 
2017-05-16 10:21:21.291000 336.269 3.333 11.629 50.253 6.012 33.919 52.676 4.026 13.4744 4.1591 3.7584 4.323 2.1908 3.634 4.146 2.1078 3.8928 2.1456 1.3347 
2017-05-16 10:21:35.824000 350.802 3.274 11.629 50.253 6.012 34.074 52.676 4.027 13.478 4.1575 3.7584 4.3229 2.1908 3.6338 4.1458 2.1081 3.8928 2.1457 1.3352 
2017-05-16 10:21:50.374000 365.352 3.358 11.629 50.253 6.012 33.44 52.676 4.027 13.4816 4.1563 3.7586 4.323 2.1911 3.6337 4.1458 2.1085 3.893 2.146 1.3358 
2017-05-16 10:22:04.946000 379.924 3.387 11.629 50.254 6.012 34.07 52.675 4.027 13.4851 4.1548 3.7586 4.3232 2.1912 3.6338 4.1458 2.1087 3.8933 2.1463 1.3364 
2017-05-16 10:22:19.551000 394.529 3.423 11.629 50.253 6.012 34.162 52.676 4.027 13.4889 4.1529 3.7588 4.3232 2.1915 3.6336 4.1458 2.109 3.8932 2.1464 1.337 
2017-05-16 10:22:34.214000 409.192 3.276 11.629 50.253 6.012 33.933 52.675 4.027 13.4925 4.1514 3.7588 4.3236 2.1919 3.6336 4.1458 2.1092 3.8936 2.1467 1.3375 
2017-05-16 10:22:48.949000 423.927 3.426 11.629 50.255 6.012 33.511 52.674 4.027 13.496 4.1497 3.759 4.3238 2.1919 3.6335 4.1458 2.1096 3.8935 2.147 1.3381 
2017-05-16 10:23:03.703000 438.681 3.474 11.629 50.253 6.012 33.569 52.673 4.028 13.4997 4.1482 3.7591 4.3235 2.1924 3.6334 4.146 2.1097 3.8936 2.1472 1.3387 
2017-05-16 10:23:18.514000 453.492 3.491 11.63 50.253 6.012 34.228 52.676 4.028 13.5034 4.1467 3.7594 4.3236 2.1924 3.6334 4.1461 2.1101 3.8942 2.1476 1.3393 
2017-05-16 10:23:33.364000 468.342 3.341 11.629 50.251 6.012 34.251 52.675 4.028 13.5073 4.1452 3.7595 4.3238 2.1928 3.6334 4.1461 2.1102 3.8945 2.1477 1.3399 
2017-05-16 10:23:48.295000 483.273 3.304 11.63 50.253 6.012 34.238 52.674 4.028 13.5114 4.1436 3.7596 4.3238 2.1933 3.6335 4.1462 2.1107 3.8944 2.1479 1.3404 
