#Human readable time. Time (s) since start. Lakeshore temperature sensor 218 T1,3,5,6,8 and 224 C2,C3,C4,C5,D2,D3,D5,A,B
292.96 
293.05 
293.29 
293.41 
293.38 
294.909 
294.746 
294.643 
294.786 
294.733 
295.01 
292.33 
0.0 
0.0 
292.83 
-1.0 
0.0 
292.96 
293.05 
293.29 
293.41 
293.38 
294.909 
294.745 
294.645 
294.784 
294.734 
295.011 
292.33 
0.0 
0.0 
292.83 
-1.0 
0.0 
292.96 
293.05 
293.29 
293.41 
293.38 
294.904 
294.745 
294.644 
294.784 
294.733 
295.01 
292.331 
0.0 
0.0 
292.83 
-1.0 
0.0 
292.96 
293.05 
293.29 
293.41 
293.38 
294.908 
294.739 
294.643 
294.785 
294.733 
295.012 
292.33 
0.0 
0.0 
292.83 
-1.0 
0.0 
292.96 
293.05 
293.29 
293.41 
293.38 
294.91 
294.746 
294.639 
294.783 
294.732 
295.012 
292.33 
0.0 
0.0 
292.83 
-1.0 
0.0 
