#Human readable time. Time (s) since start. Lakeshore temperature sensor 218 T1,3,5,6,8 and 224 C2,C3,C4,C5,D2,D3,D5,A,B
245.44 
294.04 
212.81 
296.1 
297.15 
298.781 
298.476 
298.343 
298.536 
298.464 
298.793 
295.858 
0.0 
0.0 
296.6 
-1.0 
0.0 
244.72 
293.9 
211.37 
296.04 
297.13 
298.775 
298.461 
298.33 
298.521 
298.453 
298.781 
295.83 
0.0 
0.0 
296.59 
-1.0 
0.0 
244.04 
293.78 
210.0 
295.98 
297.12 
298.771 
298.445 
298.313 
298.513 
298.443 
298.773 
295.802 
0.0 
0.0 
296.57 
-1.0 
0.0 
243.33 
293.66 
208.66 
295.92 
297.1 
298.759 
298.425 
298.293 
298.499 
298.431 
298.761 
295.774 
0.0 
0.0 
296.55 
-1.0 
0.0 
242.67 
293.52 
207.27 
295.85 
297.08 
298.759 
298.413 
298.27 
298.482 
298.419 
298.752 
295.742 
0.0 
0.0 
296.53 
-1.0 
0.0 
241.98 
293.4 
205.95 
295.79 
297.05 
298.753 
298.399 
298.256 
298.461 
298.406 
298.741 
295.712 
0.0 
0.0 
296.51 
-1.0 
0.0 
241.34 
293.26 
204.57 
295.72 
297.04 
298.746 
298.38 
298.237 
298.45 
298.397 
298.73 
295.681 
0.0 
0.0 
296.49 
-1.0 
0.0 
