#Human readable time. Time (s) since start. Lakeshore temperature sensor 218 T1,2,3,4,5,6,8 and 224 C2,C3,C4,C5,D2,D3,D4,D5,A,B
2017-05-15 13:47:46.528000 0.0 3.362 11.662 50.402 6.018 34.314 52.836 4.032 3.6125 3.394 27.7067 26.7174 3.6041 3.7164 4.1526 3.9896 3.8988 3.5103 3.5001 
2017-05-15 13:48:00.371000 13.843 3.471 11.662 50.402 6.018 33.689 52.838 4.032 3.6132 3.3934 27.7092 26.7164 3.6039 3.7163 4.1526 3.9897 3.8991 3.5107 3.5003 
2017-05-15 13:48:13.324000 26.796 3.273 11.662 50.401 6.018 33.944 52.839 4.032 3.6126 3.3937 27.7087 26.7164 3.604 3.7163 4.1525 3.9896 3.8989 3.5108 3.5 
2017-05-15 13:48:26.307000 39.779 3.328 11.662 50.405 6.018 33.514 52.838 4.032 3.6122 3.3927 27.7067 26.7167 3.6039 3.7163 4.1525 3.9897 3.8986 3.5111 3.5001 
2017-05-15 13:48:39.339000 52.811 3.482 11.662 50.404 6.018 33.858 52.838 4.032 3.6131 3.3937 27.7083 26.7167 3.6036 3.7164 4.1525 3.9896 3.8988 3.5108 3.5 
2017-05-15 13:48:52.422000 65.894 3.486 11.662 50.404 6.018 34.296 52.838 4.032 3.6122 3.393 27.7081 26.7151 3.604 3.7163 4.1525 3.9896 3.8988 3.5109 3.5005 
2017-05-15 13:49:05.525000 78.997 3.368 11.662 50.405 6.018 34.289 52.84 4.032 3.6126 3.3935 27.7087 26.7169 3.6037 3.7162 4.1525 3.9896 3.8989 3.5108 3.5001 
2017-05-15 13:49:18.717000 92.189 3.277 11.662 50.406 6.018 33.88 52.838 4.032 3.613 3.3934 27.7099 26.716 3.6036 3.7162 4.1524 3.9896 3.899 3.5104 3.5004 
2017-05-15 13:49:31.890000 105.362 3.352 11.662 50.405 6.018 33.502 52.84 4.032 3.6124 3.3934 27.7092 26.7179 3.6041 3.7163 4.1525 3.9895 3.8987 3.5104 3.4998 
2017-05-15 13:49:45.054000 118.526 3.316 11.662 50.404 6.018 33.908 52.84 4.032 3.6119 3.3932 27.7094 26.7164 3.6036 3.7162 4.1524 3.9896 3.8982 3.5106 3.5001 
