#Human readable time. Time (s) since start. Lakeshore temperature sensor 218 T1,3,5,6,8 and 224 C2,C3,C4,C5,D2,D3,D5,A,B
2017-02-20 14:37:15.288000 0.0 3.489 50.338 33.718 52.635 3.986 5.8055 3.5076 3.7793 4.4544 1.7772 4.1293 3.8887 1.151 0.8424 8.289 -1 1.3234
2017-02-20 14:38:16.062000 60.774 3.288 50.338 33.611 52.637 3.985 5.9232 3.5106 3.779 4.4215 1.7817 4.1295 3.8883 1.1505 0.8452 8.289 1.23748262178 1.3219
2017-02-20 14:39:16.473000 121.185 3.277 50.341 34.131 52.638 3.985 6.0371 3.5133 3.7786 4.3974 1.7839 4.13 3.888 1.15 0.8479 8.289 1.26691458534 1.3205
2017-02-20 14:40:16.906000 181.618 3.404 50.343 34.328 52.64 4.233 18.5413 3.5555 4.1154 4.6219 2.3306 4.2562 4.1929 1.1615 1.8376 8.332 1.2393221195 1.3264
2017-02-20 14:41:17.346000 242.058 3.657 50.341 34.023 52.64 4.561 24.5187 3.826 5.2731 5.5982 4.2453 4.8482 4.5395 1.231 2.6832 8.487 1.24392086381 1.5336
2017-02-20 14:42:17.828000 302.54 3.664 50.347 33.642 52.645 4.783 30.1182 4.3029 6.5921 6.7836 4.884 5.5576 4.7866 1.3802 3.2715 8.633 1.42412919659 2.7546
2017-02-20 14:43:18.382000 363.094 3.579 50.356 33.894 52.653 4.953 34.147 4.9193 7.9776 8.1236 5.5266 6.2628 4.9755 1.6231 3.7034 8.756 2.36683587148 3.439
2017-02-20 14:44:18.952000 423.664 3.616 50.368 34.424 52.664 5.089 37.0148 5.5459 9.2836 9.4129 6.1137 6.9286 5.1255 1.9032 4.0385 8.857 3.00107014799 3.7783
2017-02-20 14:45:19.554000 484.266 3.892 50.385 33.761 52.679 5.194 39.5549 5.6715 10.4373 10.5605 6.6334 7.5642 5.2394 2.2042 4.3059 8.938 3.22753834286 4.0455
2017-02-20 14:46:20.177000 544.889 3.714 50.401 33.788 52.692 5.274 41.8604 5.7156 11.4183 11.5403 7.1234 8.1443 5.3285 2.5014 4.5241 9.003 3.28455490172 4.2633
2017-02-20 14:47:20.878000 605.59 3.701 50.419 34.337 52.713 5.367 43.9671 6.2786 12.2801 12.2837 7.5615 8.667 5.4321 2.7849 4.7025 9.063 3.49038338802 4.4435
2017-02-20 14:48:21.609000 666.321 4.078 50.434 33.977 52.724 5.499 45.881 6.6716 13.0468 13.0582 7.9574 9.1298 5.5762 3.0547 4.8541 9.137 3.89705016278 4.6003
2017-02-20 14:49:22.355000 727.067 3.872 50.452 33.835 52.74 5.662 47.6084 6.4809 13.7217 13.8389 8.3115 9.5478 5.7534 3.2997 4.9859 9.23 3.77977902084 4.7388
2017-02-20 14:50:23.114000 787.826 4.083 50.471 34.524 52.76 5.694 48.6698 6.1432 14.2297 14.4162 8.4981 9.7862 5.7778 3.5111 5.0473 9.295 4.09153592031 4.8469
2017-02-20 14:51:23.923000 848.635 4.192 50.494 34.039 52.778 5.683 49.1398 5.9487 14.3852 14.6973 8.4917 9.809 5.7598 3.6828 5.0769 9.319 4.00632397522 4.922
2017-02-20 14:52:24.770000 909.482 3.807 50.512 34.513 52.801 5.606 49.625 5.7737 14.222 14.7093 8.4014 9.7089 5.6711 3.8264 5.0911 9.306 4.18449440586 4.9788
2017-02-20 14:53:25.639000 970.351 4.074 50.528 33.98 52.814 5.482 50.1987 5.5852 13.8617 14.5302 8.2629 9.5373 5.5346 3.9465 5.0904 9.254 4.00632397522 5.02
2017-02-20 14:54:26.541000 1031.253 3.717 50.546 34.567 52.828 5.359 50.8086 5.4165 13.4056 14.2411 8.0968 9.3222 5.4002 4.0511 5.0775 9.185 4.26728794808 5.0496
2017-02-20 14:55:27.482000 1092.194 3.917 50.558 33.93 52.842 5.237 51.1423 5.2588 12.9007 13.8676 7.8615 9.0363 5.2651 4.1363 5.0207 9.109 4.10702900123 5.0686
2017-02-20 14:56:28.437000 1153.149 3.648 50.569 33.943 52.849 5.145 51.1224 5.1641 12.2691 13.3749 7.5629 8.6736 5.1652 4.2054 4.9352 9.042 4.25887525591 5.0779
2017-02-20 14:57:29.485000 1214.197 3.757 50.575 33.843 52.861 5.057 50.9963 5.1274 11.5335 12.7887 7.2516 8.2775 5.0674 4.2616 4.8386 8.983 4.32617679326 5.0794
2017-02-20 14:58:30.533000 1275.245 3.622 50.582 34.588 52.868 4.975 50.8245 5.1765 10.7802 12.1388 6.9447 7.8799 4.9777 4.3044 4.7413 8.929 4.02956359661 5.0761
2017-02-20 14:59:31.649000 1336.361 3.629 50.588 33.779 52.873 4.9 50.6332 5.3015 10.0229 11.4657 6.6502 7.5004 4.8945 4.3403 4.6459 8.88 4.50186470478 5.0715
2017-02-20 15:00:32.794000 1397.506 3.63 50.591 34.573 52.876 4.83 50.4388 5.4617 9.2879 10.7966 6.3799 7.1481 4.8172 4.3702 4.5611 8.834 4.08378937985 5.0651
2017-02-20 15:01:33.941000 1458.653 3.498 50.593 33.77 52.882 4.764 50.2448 5.6081 8.6116 10.1327 6.1341 6.8346 4.7457 4.3959 4.4791 8.792 4.41111487668 5.0575
2017-02-20 15:02:35.146000 1519.858 3.734 50.594 34.079 52.883 4.704 50.0603 5.721 7.9978 9.4794 5.9035 6.5588 4.6794 4.4181 4.4006 8.753 4.09153592031 5.0487
2017-02-20 15:03:36.395000 1581.107 3.459 50.598 34.346 52.884 4.648 49.8798 5.8108 7.4574 8.8755 5.6855 6.3175 4.6193 4.4376 4.329 8.716 4.33458948543 5.0405
2017-02-20 15:04:37.646000 1642.358 3.471 50.595 33.89 52.885 4.598 49.7219 5.8921 6.9891 8.326 5.4862 6.1105 4.5634 4.4525 4.2656 8.683 4.09928246077 5.0324
2017-02-20 15:05:39.001000 1703.713 3.598 50.596 33.768 52.885 4.583 49.9041 5.9952 6.6808 7.9025 5.3253 5.9507 4.5495 4.4653 4.2452 8.661 4.15350824401 5.0252
2017-02-20 15:06:40.320000 1765.032 3.495 50.597 34.523 52.887 4.58 50.4858 6.1199 6.7062 7.758 5.2244 5.8645 4.5492 4.4792 4.2419 8.652 4.25887525591 5.0172
2017-02-20 15:07:41.667000 1826.379 3.437 50.595 34.238 52.888 4.58 51.1403 6.2779 6.9448 7.8456 5.1703 5.8415 4.5508 4.4928 4.2416 8.648 4.19998748678 5.0124
2017-02-20 15:08:43.083000 1887.795 3.472 50.595 33.778 52.889 4.553 51.5176 6.47 7.1735 7.9763 5.1024 5.8045 4.5189 4.5054 4.2068 8.639 4.3682402541 5.0061
2017-02-20 15:09:44.529000 1949.241 3.664 50.596 33.867 52.889 4.626 51.6057 28.0455 7.1782 7.9758 5.0218 5.7336 4.607 5.1997 4.2178 8.65 3.9332556499 5.002
2017-02-20 15:10:46.004000 2010.716 3.691 50.598 34.279 52.887 4.719 51.7047 36.1097 7.0822 7.9011 5.007 5.7289 4.7048 5.0223 4.2474 8.699 4.06829629892 5.0037
2017-02-20 15:11:47.521000 2072.233 3.542 50.594 34.515 52.891 4.712 51.7755 41.4646 6.9513 7.792 5.0683 5.7942 4.697 4.7746 4.2687 8.72 4.20839910289 5.0033
2017-02-20 15:12:49.054000 2133.766 3.462 50.596 34.301 52.892 4.66 51.8094 46.2372 6.8346 7.6972 5.1971 5.9129 4.6439 4.6113 4.2821 8.71 4.31776410109 5.0054
2017-02-20 15:13:50.609000 2195.321 3.491 50.599 33.82 52.894 4.643 51.798 50.7513 6.7715 7.6589 5.3755 6.0769 4.6281 4.5005 4.2756 8.696 3.9913976145 5.0101
2017-02-20 15:14:52.205000 2256.917 3.603 50.6 33.786 52.894 4.602 51.7242 52.6396 6.7276 7.6412 5.463 6.174 4.5803 4.3578 4.2408 8.677 4.25046256374 5.013
2017-02-20 15:15:53.860000 2318.572 3.665 50.6 34.165 52.893 4.571 51.6251 52.8023 6.608 7.5524 5.4368 6.152 4.545 4.2905 4.2041 8.658 4.18449440586 5.0143
2017-02-20 15:16:55.536000 2380.248 3.664 50.598 33.924 52.895 4.546 51.5313 52.6455 6.4319 7.3948 5.3628 6.0645 4.5152 4.2456 4.1718 8.64 3.98412986892 5.0129
2017-02-20 15:17:57.255000 2441.967 3.622 50.6 34.291 52.896 4.522 51.4439 52.4323 6.2374 7.2025 5.2682 5.9442 4.4889 4.2089 4.1405 8.625 4.18449440586 5.009
2017-02-20 15:18:59.024000 2503.736 3.654 50.601 34.076 52.9 4.501 51.3749 52.2139 6.047 6.9983 5.1665 5.8083 4.4644 4.1767 4.1135 8.611 4.16900132493 5.0031
2017-02-20 15:20:00.836000 2565.548 3.57 50.601 34.372 52.897 4.482 51.3043 51.9951 5.8627 6.7972 5.0625 5.6707 4.4427 4.147 4.0895 8.598 4.28411333242 4.9978
2017-02-20 15:21:02.665000 2627.377 3.621 50.599 34.185 52.892 4.465 51.238 51.7661 5.6917 6.6084 4.9628 5.542 4.423 4.1208 4.068 8.586 3.89705016278 4.9916
2017-02-20 15:22:04.492000 2689.204 3.632 50.599 33.909 52.901 4.449 51.1787 51.5543 5.539 6.4358 4.8674 5.4241 4.4055 4.098 4.0477 8.576 4.1147755417 4.9822
2017-02-20 15:23:06.379000 2751.091 3.475 50.599 34.244 52.896 4.435 51.1144 51.3352 5.405 6.281 4.7794 5.3184 4.389 4.0773 4.0295 8.566 4.13026862262 4.9721
2017-02-20 15:24:08.290000 2813.002 3.63 50.598 33.973 52.895 4.422 51.0681 51.1189 5.2861 6.1423 4.6995 5.2262 4.3739 4.0575 4.0118 8.557 4.33458948543 4.9635
2017-02-20 15:25:10.267000 2874.979 3.557 50.599 33.733 52.902 4.409 51.0178 50.8998 5.1828 6.0189 4.6275 5.1447 4.3603 4.0398 3.9958 8.55 3.88314284896 4.954
2017-02-20 15:26:12.265000 2936.977 3.452 50.598 33.688 52.896 4.398 50.96 50.6861 5.0915 5.9024 4.5637 5.0739 4.3479 4.024 3.9808 8.542 4.20839910289 4.9438
2017-02-20 15:27:14.283000 2998.995 3.407 50.596 33.835 52.888 4.388 50.9218 50.4718 5.0131 5.7997 4.5075 5.0127 4.3363 4.0082 3.9672 8.535 4.3430021776 4.9327
2017-02-20 15:28:16.332000 3061.044 3.508 50.593 34.125 52.896 4.378 50.8778 50.2586 4.9451 5.7071 4.458 4.9585 4.3258 3.9932 3.9536 8.529 3.98412986892 4.9226
2017-02-20 15:29:18.431000 3123.143 3.567 50.592 34.192 52.894 4.37 50.8264 50.0425 4.8856 5.6255 4.415 4.9114 4.3161 3.9802 3.9418 8.523 4.24204987157 4.9116
2017-02-20 15:30:20.529000 3185.241 4.285 50.591 33.93 52.888 6.318 49.7552 49.8376 17.6138 6.1346 4.4105 5.1111 6.545 4.0678 3.9874 8.933 3.95505888663 4.9006
2017-02-20 15:31:22.647000 3247.359 5.444 50.576 33.768 52.879 8.399 44.9373 49.5907 21.2927 7.8741 4.5488 6.3185 8.717 4.0463 3.9149 10.306 4.13801516308 4.891
2017-02-20 15:32:24.844000 3309.556 5.163 50.597 34.331 52.907 8.723 41.547 49.7216 23.5032 8.6892 4.6226 7.1053 9.027 3.9737 3.8115 11.038 4.2336371794 4.8825
2017-02-20 15:33:27.031000 3371.743 5.212 50.702 35.314 52.99 8.644 38.8846 50.0106 24.9467 9.0152 4.6353 7.5669 8.9291 3.8603 3.6919 11.324 4.01407051568 4.871
2017-02-20 15:34:29.260000 3433.972 5.349 50.815 35.386 53.085 8.455 36.5061 50.3044 26.1223 9.1047 4.6084 7.8301 8.7164 3.7188 3.5578 11.381 4.09928246077 4.8596
2017-02-20 15:35:31.568000 3496.28 5.377 50.907 34.722 53.164 8.233 34.1571 50.2302 26.9344 9.0585 4.5484 7.9648 8.4533 3.5529 3.4064 11.319 4.25046256374 4.8459
2017-02-20 15:36:33.905000 3558.617 4.851 50.978 35.243 53.233 7.987 31.7264 49.9587 27.4821 8.928 4.4605 8.0058 8.1925 3.383 3.2394 11.194 4.01407051568 4.8306
2017-02-20 15:37:36.254000 3620.966 4.818 51.038 35.357 53.295 7.732 29.0129 49.6366 27.8381 8.7437 4.3507 7.9805 7.9177 3.1893 3.062 11.033 4.09928246077 4.8136
2017-02-20 15:38:38.629000 3683.341 5.14 51.088 34.772 53.346 7.478 26.3318 49.6134 28.1251 8.5273 4.2254 7.9083 7.6459 3.0025 2.8897 10.858 4.17674786539 4.7964
2017-02-20 15:39:41.039000 3745.751 4.518 51.131 35.042 53.393 7.24 24.013 49.7772 28.3822 8.2933 4.092 7.8012 7.3837 2.8537 2.7184 10.675 3.9332556499 4.7766
2017-02-20 15:40:43.495000 3808.207 4.785 51.171 35.111 53.424 7.002 22.2576 49.9275 28.56 8.049 3.9486 7.6707 7.1304 2.678 2.5445 10.491 4.15350824401 4.7552
2017-02-20 15:41:46.007000 3870.719 4.344 51.205 34.682 53.458 6.764 20.7535 50.1256 28.6553 7.8013 3.8154 7.5209 6.8762 2.5339 2.3592 10.323 4.17674786539 4.7324
2017-02-20 15:42:48.551000 3933.263 4.379 51.234 35.284 53.491 6.544 19.4071 50.3393 28.702 7.5575 3.743 7.3594 6.6403 2.3799 2.1834 10.159 3.84837456441 4.7082
2017-02-20 15:43:51.082000 3995.794 4.399 51.259 34.605 53.512 6.351 18.4617 50.1765 28.7184 7.3249 3.6279 7.1911 6.4345 2.2188 2.0757 10.005 3.80665262295 4.6839
2017-02-20 15:44:53.826000 4058.538 4.327 51.279 35.103 53.538 6.185 17.4966 49.8467 28.7141 7.1106 3.4747 7.0263 6.256 2.0799 1.9528 9.871 3.87618919205 4.6574
2017-02-20 15:45:56.477000 4121.189 4.054 51.295 34.478 53.558 6.022 16.4533 49.5064 28.6797 6.9093 3.3092 6.8642 6.081 1.9369 1.8113 9.746 3.94052339548 4.6313
2017-02-20 15:46:59.159000 4183.871 3.961 51.306 35.185 53.574 5.859 15.3574 49.5656 28.6275 6.716 3.155 6.7073 5.9053 1.7863 1.6552 9.626 3.89705016278 4.6055
2017-02-20 15:48:01.862000 4246.574 3.844 51.312 34.677 53.577 5.688 14.2053 49.8381 28.5749 6.5343 3.0033 6.5525 5.7235 1.6134 1.4924 9.505 3.85532822132 4.5794
2017-02-20 15:49:04.632000 4309.344 3.984 51.321 35.033 53.593 5.513 13.0655 50.1499 28.4964 6.3569 2.8522 6.396 5.5353 1.4312 1.3288 9.393 3.88314284896 4.5521
2017-02-20 15:50:07.456000 4372.168 3.683 51.323 34.938 53.596 5.336 11.9042 50.4972 28.4077 6.1858 2.7117 6.2392 5.3467 1.2913 1.1766 9.278 3.86228187823 4.5252
2017-02-20 15:51:10.308000 4435.02 3.673 51.319 34.327 53.595 5.157 10.7685 50.4538 28.3132 6.0138 2.5806 6.0809 5.1554 1.1617 1.048 9.164 3.8414209075 4.4964
2017-02-20 15:52:13.260000 4497.972 3.828 51.313 35.003 53.587 4.975 9.6057 50.2113 28.2105 5.8288 2.4529 5.9137 4.9605 1.0522 0.9543 9.05 3.89705016278 4.4668
2017-02-20 15:53:16.183000 4560.895 3.506 51.304 34.522 53.592 4.798 8.3364 49.9557 28.1036 5.6407 2.3394 5.7397 4.7707 0.982 0.928 8.94 3.88314284896 4.4377
2017-02-20 15:54:19.135000 4623.847 3.623 51.294 34.257 53.575 4.633 7.1605 49.7056 27.9958 5.4546 2.2685 5.5637 4.5936 0.9437 0.903 8.833 3.73991235787 4.4073
2017-02-20 15:55:22.157000 4686.869 3.592 51.282 34.707 53.564 4.506 6.3388 49.8714 27.9433 5.2931 2.2129 5.3967 4.4598 0.9185 0.8858 8.74 3.7000456949 4.3771
2017-02-20 15:56:25.210000 4749.922 3.565 51.264 34.775 53.552 4.422 5.8023 50.2531 27.9074 5.1741 2.1608 5.2487 4.3702 0.9005 0.8729 8.669 3.77313457701 4.3497
2017-02-20 15:57:28.271000 4812.983 3.368 51.249 34.773 53.545 4.367 5.4152 50.6447 27.8842 5.0908 2.1094 5.1254 4.3124 0.8871 0.8632 8.62 3.58657629461 4.3224
2017-02-20 15:58:31.373000 4876.085 3.383 51.23 34.131 53.52 4.329 5.1404 50.6387 27.8683 5.0294 2.0531 5.0234 4.2717 0.8766 0.8555 8.585 3.7930679085 4.2942
2017-02-20 15:59:34.534000 4939.246 3.563 51.212 34.292 53.508 4.301 4.9359 50.4171 27.8571 4.9741 2.0073 4.9365 4.2404 0.869 0.8498 8.56 3.5201074436 4.2657
2017-02-20 16:00:37.698000 5002.41 3.558 51.195 34.773 53.496 4.279 4.7803 50.169 27.8493 4.926 1.9712 4.8638 4.2167 0.8632 0.846 8.541 3.59261891743 4.2367
2017-02-20 16:01:40.921000 5065.633 3.424 51.182 34.725 53.485 4.263 4.6588 49.9195 27.8461 4.8869 1.9415 4.8025 4.1993 0.8588 0.843 8.526 3.82751359368 4.2079
2017-02-20 16:02:44.142000 5128.854 3.329 51.164 34.335 53.474 4.251 4.565 49.6636 27.8378 4.8548 1.9162 4.7501 4.185 0.8552 0.8407 8.516 3.66200058749 4.1794
2017-02-20 16:03:47.404000 5192.116 3.328 51.149 34.376 53.453 4.243 4.4934 49.8346 27.8358 4.8333 1.9005 4.7069 4.1765 0.8531 0.8391 8.508 3.65566008463 4.1495
2017-02-20 16:04:50.717000 5255.429 3.325 51.135 33.918 53.442 4.241 4.439 50.2143 27.8413 4.8279 1.8931 4.6726 4.1744 0.8512 0.8378 8.503 3.43863164815 4.1207
2017-02-20 16:05:54.059000 5318.771 3.405 51.12 33.875 53.434 4.241 4.3977 50.6067 27.8423 4.8307 1.891 4.6455 4.174 0.8496 0.8367 8.501 3.75984568936 4.0936
2017-02-20 16:06:57.462000 5382.174 3.409 51.104 33.868 53.408 4.239 4.3607 50.6113 27.843 4.8311 1.8854 4.6215 4.1711 0.8479 0.8354 8.499 3.42138106819 4.0667
2017-02-20 16:08:00.873000 5445.585 3.399 51.09 33.857 53.397 4.234 4.3277 50.3862 27.8426 4.8215 1.8778 4.5975 4.1649 0.8465 0.8343 8.496 3.5503205577 4.0394
2017-02-20 16:09:04.334000 5509.046 3.402 51.075 33.852 53.387 4.23 4.3001 50.1406 27.8438 4.8088 1.8713 4.5743 4.1594 0.8453 0.8333 8.493 3.49038338802 4.012
2017-02-20 16:10:07.812000 5572.524 3.392 51.065 33.85 53.384 4.226 4.2759 49.8866 27.843 4.7957 1.8649 4.5526 4.1544 0.8442 0.8326 8.49 3.27937157819 3.9837
2017-02-20 16:11:11.347000 5636.059 3.373 51.055 33.863 53.36 4.222 4.2546 49.634 27.8385 4.7836 1.8594 4.5329 4.1498 0.8432 0.8318 8.487 3.44438184147 3.956
2017-02-20 16:12:14.901000 5699.613 3.367 51.043 33.87 53.36 4.221 4.2401 49.7948 27.8426 4.7779 1.8585 4.5164 4.1497 0.843 0.8316 8.484 3.50197957514 3.9283
2017-02-20 16:13:18.504000 5763.216 3.363 51.031 33.878 53.353 4.225 4.2311 50.1915 27.8448 4.7837 1.8604 4.5047 4.1533 0.8425 0.8312 8.484 3.54427793488 3.9013
2017-02-20 16:14:22.138000 5826.85 3.384 51.02 33.827 53.332 4.228 4.2243 50.5908 27.8469 4.795 1.8647 4.4966 4.1571 0.8421 0.8309 8.484 3.28973822525 3.8755
2017-02-20 16:15:25.806000 5890.518 3.327 51.009 34.399 53.326 4.228 4.2161 50.5835 27.8466 4.802 1.8641 4.4886 4.1572 0.8412 0.8302 8.484 3.34928574199 3.8489
2017-02-20 16:16:29.499000 5954.211 3.333 51.0 34.475 53.315 4.226 4.2048 50.3597 27.8416 4.7979 1.8614 4.4784 4.1541 0.8404 0.8296 8.483 3.30011054933 3.822
2017-02-20 16:17:33.223000 6017.935 3.503 50.987 34.388 53.305 4.223 4.1939 50.1048 27.8455 4.7895 1.8577 4.4673 4.1497 0.8397 0.829 8.481 3.18189927249 3.7951
2017-02-20 16:18:37.020000 6081.732 3.501 50.979 34.391 53.287 4.22 4.1846 49.8567 27.8455 4.7799 1.8539 4.4564 4.1468 0.839 0.8286 8.479 3.25863828406 3.7681
2017-02-20 16:19:40.765000 6145.477 3.406 50.967 33.764 53.288 4.219 4.1802 49.5999 27.8461 17.0259 1.8502 4.4465 4.149 0.8384 0.8281 8.477 3.30011054933 3.7418
2017-02-20 16:20:44.590000 6209.302 4.676 50.954 33.663 53.263 7.283 7.338 25.9923 28.5 19.6186 2.229 5.7275 7.4157 0.7745 0.829 9.854 3.14753508763 3.7162
2017-02-20 16:21:48.445000 6273.157 3.945 50.956 34.937 53.277 5.785 5.8246 11.0276 28.2226 21.138 2.2059 5.9924 5.7886 0.4978 0.8108 9.768 3.34928574199 3.6902
2017-02-20 16:22:52.359000 6337.071 3.7 51.033 34.761 53.333 4.715 4.7951 5.763 27.9661 21.963 2.0856 5.6873 4.6684 0.3905 0.8074 9.212 3.23272166639 3.6638
2017-02-20 16:23:56.302000 6401.014 3.544 51.051 33.917 53.349 4.342 4.4099 4.4935 27.8882 22.7019 1.9944 5.2975 4.2723 0.3541 0.8061 8.822 3.25863828406 3.6378
2017-02-20 16:25:00.255000 6464.967 3.327 51.031 34.169 53.337 4.202 4.2281 4.0806 27.8571 23.3226 1.9268 4.978 4.1155 0.3396 0.8054 8.608 3.3328940111 3.6104
2017-02-20 16:26:04.281000 6528.993 3.414 51.011 34.544 53.321 4.127 4.1232 3.8997 27.8385 23.8487 1.8772 4.7486 4.038 0.3315 0.805 8.497 3.15735342616 3.5844
2017-02-20 16:27:08.326000 6593.038 3.496 50.993 33.964 53.303 4.087 4.0541 3.8036 27.8237 24.3114 1.8443 4.5944 3.9963 0.3267 0.8045 8.445 3.23272166639 3.5585
2017-02-20 16:28:12.388000 6657.1 3.296 50.979 34.045 53.3 4.065 4.008 3.749 27.8203 24.6977 1.8207 4.4932 3.9739 0.3237 0.804 8.417 2.98787225779 3.5329
2017-02-20 16:29:16.503000 6721.215 3.365 50.967 34.555 53.286 4.053 3.977 3.7153 27.8157 24.9689 1.8042 4.4258 3.9613 0.3216 0.8037 8.402 3.19662678029 3.5076
2017-02-20 16:30:20.627000 6785.339 3.308 50.957 33.998 53.27 4.045 3.9539 3.6927 27.8066 25.2894 1.7926 4.3795 3.9532 0.3202 0.8034 8.394 3.06604236057 3.4819
2017-02-20 16:31:24.792000 6849.504 3.309 50.945 34.512 53.265 4.041 3.9377 3.6768 27.8104 25.5492 1.7848 4.3467 3.949 0.3191 0.8031 8.388 3.05211974359 3.4564
2017-02-20 16:32:29.027000 6913.739 3.488 50.932 34.134 53.251 4.039 3.926 3.6656 27.8092 25.7455 1.779 4.3221 3.9463 0.3182 0.8029 8.385 3.02891538195 3.4304
2017-02-20 16:33:33.271000 6977.983 3.291 50.923 34.451 53.245 4.037 3.916 3.6559 27.8056 25.9069 1.7751 4.3026 3.9438 0.3174 0.7989 8.383 2.99225143997 3.4057
2017-02-20 16:34:37.537000 7042.249 3.471 50.915 34.218 53.233 4.036 3.9098 3.6494 27.8072 26.042 1.7728 4.2865 3.9428 0.3168 0.7989 8.381 3.03819712661 3.3807
2017-02-20 16:35:41.861000 7106.573 3.284 50.904 34.358 53.219 4.034 3.9031 3.6429 27.806 26.1756 1.7707 4.2728 3.9415 0.3162 0.7987 8.379 2.90904697856 3.3569
2017-02-20 16:36:46.234000 7170.946 3.468 50.893 33.829 53.211 4.035 3.8989 3.6393 27.807 26.2856 1.7696 4.2613 3.9414 0.3157 0.7987 8.378 3.01035189264 3.3319
2017-02-20 16:37:50.707000 7235.419 3.357 50.884 34.493 53.205 4.034 3.895 3.6343 27.8011 26.3733 1.7685 4.2516 3.9411 0.3152 0.7985 8.377 2.9221845251 3.307
2017-02-20 16:38:55.161000 7299.873 3.314 50.874 33.852 53.192 4.034 3.8917 3.6315 27.8066 26.449 1.7678 4.2431 3.9408 0.3147 0.7985 8.376 2.93094288946 3.2826
2017-02-20 16:39:59.605000 7364.317 3.491 50.868 34.107 53.185 4.034 3.889 3.6274 27.8011 26.5086 10.8549 4.2356 3.9403 0.3143 0.8 8.376 2.92656370728 3.2577
2017-02-20 16:41:04.130000 7428.842 3.285 50.857 34.368 53.178 4.033 3.887 3.624 27.8066 26.5613 12.455 4.2291 3.9395 0.3138 0.8013 8.374 2.80955619535 3.2348
2017-02-20 16:42:08.723000 7493.435 3.396 50.851 33.668 53.179 4.033 3.8862 3.6207 27.8011 26.6031 13.4278 4.2235 3.94 0.3134 0.8021 8.374 2.97473471126 3.211
2017-02-20 16:43:13.326000 7558.038 3.415 50.842 34.427 53.165 4.033 3.885 3.6188 27.8063 26.6387 14.1195 4.2186 3.9399 0.313 0.8029 8.373 2.73149090041 3.1877
2017-02-20 16:44:18 7622.712 3.294 50.835 33.997 53.157 4.033 3.8841 3.6159 27.8045 26.6664 14.6472 4.2143 3.9392 0.3126 0.8034 8.372 2.80130932593 3.1635
2017-02-20 16:45:22.675000 7687.387 3.308 50.827 33.831 53.149 4.033 3.8838 3.6142 27.807 26.6924 15.0702 4.2107 3.9395 0.3122 0.8038 8.371 2.75086294249 3.1403
2017-02-20 16:46:27.379000 7752.091 3.494 50.821 34.07 53.145 4.034 3.8826 3.6127 27.8049 26.7127 15.4198 4.208 3.9403 0.3118 0.8043 8.371 2.74698853408 3.1164
2017-02-20 16:47:32.112000 7816.824 3.468 50.813 34.219 53.138 4.033 3.8814 3.6097 27.8052 26.7269 15.7054 4.2054 3.939 0.3114 0.8046 8.37 2.77023498458 3.0937
2017-02-20 16:48:36.876000 7881.588 3.285 50.808 34.257 53.129 4.032 3.8807 3.6073 27.807 26.7459 15.9396 4.203 3.9388 0.311 0.8049 8.369 2.71211885833 3.0712
2017-02-20 16:49:41.673000 7946.385 3.29 50.801 34.054 53.121 4.033 3.8803 3.6053 27.8018 26.7566 16.1448 4.2009 3.9391 0.3106 0.8053 8.368 2.70437004149 3.0489
2017-02-20 16:50:46.557000 8011.269 3.325 50.794 33.719 53.124 4.032 3.8799 3.6033 27.8052 26.7677 16.3191 4.1989 3.9386 0.3102 0.8055 8.367 2.75086294249 3.0265
2017-02-20 16:51:51.476000 8076.188 3.46 50.791 34.197 53.114 4.031 3.8778 3.6008 27.807 26.7769 16.4681 4.197 3.9378 0.3098 0.8058 8.366 2.6314695736 3.0035
2017-02-20 16:52:56.411000 8141.123 3.435 50.786 34.361 53.105 4.031 3.8771 3.5986 27.8014 26.783 16.5949 4.1951 3.9375 0.3095 0.8061 8.365 2.70437004149 2.9812
2017-02-20 16:54:01.345000 8206.057 3.379 50.78 34.436 53.103 4.031 3.8766 3.597 27.8072 26.7897 16.7034 4.1935 3.9372 0.3091 0.8064 8.365 2.57170682657 2.9585
2017-02-20 16:55:06.348000 8271.06 3.309 50.776 34.437 53.105 4.03 3.8753 3.5935 27.8066 26.795 16.7964 4.1921 3.9363 0.3088 0.8074 8.364 2.72374208358 2.9352
2017-02-20 16:56:11.355000 8336.067 3.285 50.771 34.24 53.094 4.03 3.8769 3.593 27.8003 26.7933 16.8763 4.1907 3.9368 0.3084 0.8123 8.363 2.51738718693 2.9006
2017-02-20 16:57:16.408000 8401.12 3.288 50.765 34.078 53.083 4.03 3.8815 3.5917 27.8066 26.8034 16.9455 4.1896 3.9367 0.308 0.8224 8.363 2.62420694606 2.8382
2017-02-20 16:58:21.523000 8466.235 3.347 50.76 34.429 53.083 4.031 3.8912 3.5892 27.8081 26.8067 17.0062 4.1887 3.9369 0.3075 0.8343 8.362 2.50380727702 2.7388
2017-02-20 16:59:26.669000 8531.381 3.299 50.755 34.375 53.076 4.032 3.9031 3.5884 27.8039 26.8082 17.0611 4.1887 3.9388 0.3067 0.8389 8.362 2.51059723197 2.6229
2017-02-20 17:00:31.832000 8596.544 3.286 50.749 34.278 53.073 4.032 3.9112 3.5864 27.8072 26.8067 17.1088 4.1887 3.9388 0.3059 0.8407 8.362 2.33448821338 2.4978
2017-02-20 17:01:37.037000 8661.749 3.382 50.746 34.445 53.064 4.032 3.9159 3.5837 27.8076 26.814 17.1511 4.1889 3.9388 0.3049 0.8415 8.362 2.2257491909 2.3647
2017-02-20 17:02:42.291000 8727.003 3.313 50.744 34.414 53.072 4.033 3.9196 3.5795 27.8063 26.8153 17.1878 4.1888 3.9391 0.3038 0.8415 8.361 2.14590212756 2.228
2017-02-20 17:03:47.615000 8792.327 3.45 50.739 34.283 53.059 4.032 3.9216 3.5767 27.8024 26.8168 17.2198 4.1884 3.9386 0.3027 0.8409 8.361 2.06145090286 2.0857
2017-02-20 17:04:52.967000 8857.679 3.502 50.738 34.435 53.054 4.032 3.9226 3.5735 27.8081 26.8135 17.2474 4.1883 3.9388 0.3014 0.8396 8.36 1.88111381427 1.943
2017-02-20 17:05:58.300000 8923.012 3.463 50.731 34.217 53.052 4.033 3.9213 3.5701 27.8092 26.8184 17.2716 4.188 3.9388 0.3001 0.8379 8.36 1.7695930329 1.7987
2017-02-20 17:07:03.684000 8988.396 3.474 50.727 33.747 53.049 4.032 3.9213 3.566 27.8072 26.8189 17.2926 4.1877 3.9385 0.2989 0.8428 8.359 1.68187238594 1.6174
2017-02-20 17:08:09.108000 9053.82 3.321 50.726 33.731 53.046 4.032 3.9345 3.5629 27.8076 26.8195 17.3108 4.187 3.9383 0.2978 0.857 8.359 1.57093793445 1.3156
2017-02-20 17:09:14.523000 9119.235 3.29 50.727 33.695 53.048 4.031 3.9354 3.5595 27.8021 26.8186 17.3273 4.1866 3.9382 0.2962 0.8434 8.358 1.25219860356 1.103
2017-02-20 17:10:20.016000 9184.728 3.313 50.722 33.755 53.045 4.031 3.9264 3.5556 27.8063 26.8156 17.3417 4.1865 3.9372 0.2944 0.8317 8.358 1.08493322671 0.9636
2017-02-20 17:11:25.528000 9250.24 3.444 50.716 34.239 53.034 4.029 3.9139 3.5508 27.807 26.8198 17.3547 4.1861 3.9357 0.2929 0.8223 8.357 0.935393943252 0.8859
2017-02-20 17:12:31.059000 9315.771 3.504 50.71 34.405 53.034 4.029 3.9029 3.5458 27.8066 26.8195 17.3658 4.1853 3.9349 0.2917 0.8154 8.356 0.867025412662 0.8496
2017-02-20 17:13:36.651000 9381.363 3.345 50.706 33.617 53.026 4.028 3.8932 3.542 27.8045 26.8205 17.3756 4.1843 3.9344 0.2906 0.8113 8.355 0.832554065315 0.8369
2017-02-20 17:14:42.294000 9447.006 3.289 50.701 34.016 53.022 4.026 3.8846 3.5367 27.8029 26.8195 17.3844 4.1831 3.9312 0.2896 0.8092 8.354 0.797767940874 0.8321
2017-02-20 17:15:47.947000 9512.659 3.317 50.698 34.411 53.013 4.026 3.8786 3.5336 27.7996 26.8184 17.392 4.1816 3.9311 0.2888 0.8081 8.353 0.797767940874 0.8301
2017-02-20 17:16:53.682000 9578.394 3.396 50.695 33.624 53.012 4.025 3.874 3.5319 27.8021 26.8198 17.399 4.1804 3.9311 0.2882 0.8076 8.352 0.79368195785 0.8293
2017-02-20 17:17:59.425000 9644.137 3.298 50.688 33.891 53.011 4.025 3.8707 3.5296 27.7996 26.8162 17.4051 4.1796 3.931 0.2876 0.8074 8.352 0.799625205886 0.8289
2017-02-20 17:19:05.179000 9709.891 3.471 50.685 34.14 53.01 4.024 3.8674 3.528 27.8045 26.8165 17.4103 4.1787 3.9299 0.2871 0.8072 8.351 0.786624350807 0.8287
2017-02-20 17:20:11.013000 9775.725 3.293 50.683 33.72 53.005 4.024 3.8651 3.5252 27.8052 26.8153 17.4147 4.1779 3.9293 0.2866 0.8072 8.35 0.797767940874 0.8286
2017-02-20 17:21:16.835000 9841.547 3.304 50.681 34.362 53.002 4.023 3.8637 3.525 27.8029 26.8214 17.4186 4.1773 3.9292 0.2863 0.8073 8.35 0.79368195785 0.8285
2017-02-20 17:22:22.718000 9907.43 3.405 50.675 33.635 52.989 4.023 3.8619 3.523 27.806 26.8223 17.4223 4.1768 3.929 0.2859 0.8072 8.349 0.7855099918 0.8285
2017-02-20 17:23:28.760000 9973.472 3.339 50.674 34.418 52.99 4.023 3.8609 3.5227 27.8052 26.822 17.4256 4.1764 3.9287 0.2857 0.8072 8.349 0.803801661926 0.8285
2017-02-20 17:24:49.772000 10054.484 3.391 50.669 33.638 52.989 4.023 3.8596 3.521 27.8042 26.8211 17.4291 4.176 3.9289 0.2853 0.8071 8.348 0.789595974825 0.8286
2017-02-20 17:25:55.749000 10120.461 3.349 50.666 34.415 52.986 4.023 3.8585 3.5207 27.8049 26.8223 17.4313 4.1757 3.9283 0.2851 0.8073 8.348 0.787367256811 0.8285
2017-02-20 17:27:01.756000 10186.468 3.357 50.663 33.604 52.984 4.022 3.8573 3.519 27.8049 26.8207 17.4333 4.1754 3.9279 0.2849 0.8072 8.347 0.797767940874 0.8285
2017-02-20 17:28:07.793000 10252.505 3.366 50.663 34.409 52.981 4.022 3.8568 3.5192 27.8056 26.8225 17.435 4.175 3.9279 0.2847 0.8072 8.347 0.790710333832 0.8286
2017-02-20 17:29:13.928000 10318.64 3.349 50.659 33.601 52.97 4.021 3.8557 3.5176 27.8039 26.8186 17.4369 4.1747 3.9276 0.2845 0.8073 8.347 0.789224521823 0.8286
2017-02-20 17:30:20.064000 10384.776 3.503 50.655 33.868 52.969 4.023 3.8562 3.5186 27.8052 26.8184 17.4382 4.1745 3.9281 0.2843 0.8072 8.346 0.788110162816 0.8286
2017-02-20 17:31:26.231000 10450.943 3.285 50.653 34.227 52.975 4.021 3.8545 3.5168 27.8045 26.818 17.4395 4.1745 3.9276 0.2842 0.8072 8.346 0.805915809234 0.8286
2017-02-20 17:32:32.456000 10517.168 3.309 50.651 33.839 52.969 4.022 3.8537 3.5167 27.7996 26.8189 17.4409 4.1742 3.927 0.284 0.8072 8.345 0.79368195785 0.8286
2017-02-20 17:33:38.693000 10583.405 3.42 50.649 34.352 52.964 4.022 3.8534 3.5159 27.8011 26.8214 17.4418 4.174 3.9272 0.2839 0.8073 8.345 0.803801661926 0.8286
2017-02-20 17:34:44.998000 10649.71 3.294 50.643 33.662 52.96 4.022 3.853 3.5159 27.8011 26.822 17.4424 4.1739 3.9277 0.2838 0.8072 8.345 0.800419026233 0.8286
2017-02-20 17:35:51.305000 10716.017 3.443 50.641 33.688 52.963 4.021 3.8523 3.5149 27.8049 26.8223 17.4435 4.1736 3.9268 0.2836 0.8073 8.344 0.784767085795 0.8286
2017-02-20 17:36:57.662000 10782.374 3.479 50.64 34.087 52.959 4.021 3.8512 3.5143 27.806 26.8238 17.4439 4.1734 3.9264 0.2835 0.8073 8.344 0.803378832464 0.8286
2017-02-20 17:38:04.099000 10848.811 3.404 50.638 34.379 52.959 4.021 3.8513 3.5146 27.8035 26.8214 17.4443 4.1732 3.9266 0.2834 0.8073 8.344 0.795910675863 0.8286
2017-02-20 17:39:10.544000 10915.256 3.285 50.635 34.281 52.952 4.02 3.8508 3.5142 27.8042 26.8223 17.4448 4.1731 3.9264 0.2833 0.8073 8.343 0.786995803809 0.8286
2017-02-20 17:40:17.030000 10981.742 3.307 50.635 33.803 52.952 4.021 3.8508 3.5135 27.8052 26.8184 13.8246 4.1728 3.9258 0.2832 0.8072 8.343 0.800419026233 0.8286
2017-02-20 17:41:23.550000 11048.262 3.405 50.63 33.594 52.955 4.021 3.8503 3.5137 27.8 26.8174 12.2104 4.1725 3.9263 0.283 0.8069 8.343 0.791453239836 0.8281
2017-02-20 17:42:30.178000 11114.89 3.499 50.627 33.957 52.947 4.021 3.8493 3.5125 27.8042 26.8216 11.1789 4.1716 3.926 0.2828 0.8061 8.342 0.795167769859 0.8271
2017-02-20 17:43:36.807000 11181.519 3.423 50.623 34.334 52.939 4.021 3.848 3.5131 27.8052 26.823 10.2886 4.1706 3.9262 0.2826 0.8049 8.342 0.789967427827 0.8258
2017-02-20 17:44:43.439000 11248.151 3.458 50.623 34.319 52.938 4.02 3.8468 3.5132 27.807 26.8225 9.432 4.1691 3.926 0.2823 0.803 8.342 0.795910675863 0.8241
2017-02-20 17:45:50.115000 11314.827 3.335 50.621 34.398 52.94 4.02 3.8453 3.5118 27.8039 26.8186 8.6118 4.1664 3.9258 0.2819 0.8014 8.341 0.796282128865 0.8221
2017-02-20 17:46:56.976000 11381.688 3.431 50.62 34.309 52.94 4.02 3.8423 3.511 27.8003 26.8225 7.82 4.1642 3.9249 0.2817 0.8006 8.341 0.78216691478 0.8205
2017-02-20 17:48:03.761000 11448.473 3.309 50.621 34.378 52.936 4.019 3.8407 3.5105 27.8045 26.823 7.0769 4.1627 3.9245 0.2814 0.8 8.34 0.787738709814 0.8189
2017-02-20 17:49:10.601000 11515.313 3.392 50.617 34.395 52.935 4.019 3.8395 3.5096 27.8049 26.8225 6.3925 4.1615 3.9242 0.2811 0.7995 8.34 0.80211034408 0.8175
2017-02-20 17:50:17.445000 11582.157 3.455 50.617 34.211 52.932 4.019 3.838 3.5083 27.8039 26.8193 5.7798 4.1607 3.9241 0.2808 0.7991 8.339 0.773252042726 0.8161
2017-02-20 17:51:24.317000 11649.029 3.351 50.617 34.402 52.932 4.018 3.8364 3.5075 27.8039 26.823 5.1895 4.1598 3.9231 0.2806 0.7988 8.339 0.78216691478 0.8148
2017-02-20 17:52:31.242000 11715.954 3.429 50.614 34.269 52.935 4.018 3.8354 3.508 27.8045 26.8223 4.6506 4.1592 3.922 0.2804 0.7984 8.338 0.792196145841 0.8135
2017-02-20 17:53:38.189000 11782.901 3.482 50.611 34.0 52.929 4.018 3.8357 3.507 27.8045 26.8195 4.1564 4.1588 3.9236 0.2802 0.7981 8.338 0.775109307737 0.8122
2017-02-20 17:54:45.133000 11849.845 3.491 50.609 33.738 52.927 4.018 3.8346 3.5068 27.8045 26.823 3.7136 4.1587 3.9239 0.2799 0.7979 8.338 0.779195290762 0.811
2017-02-20 17:55:52.186000 11916.898 3.39 50.607 33.598 52.924 4.019 3.8342 3.5078 27.8056 26.823 3.3256 4.1586 3.9241 0.2797 0.7977 8.338 0.785138538798 0.8098
2017-02-20 17:56:59.219000 11983.931 3.328 50.607 33.651 52.924 4.018 3.8338 3.5064 27.8049 26.8186 2.9928 4.1584 3.9231 0.2796 0.7976 8.338 0.77065187171 0.8087
2017-02-20 17:58:06.356000 12051.068 3.331 50.607 34.389 52.922 4.018 3.8326 3.5054 27.8039 26.8235 2.7137 4.1579 3.9231 0.2794 0.7975 8.338 0.790338880829 0.8075
2017-02-20 17:59:13.440000 12118.152 3.43 50.606 34.315 52.922 4.018 3.8321 3.5061 27.8042 26.8241 2.4868 4.1578 3.9234 0.2792 0.7973 8.338 0.766565888685 0.8064
2017-02-20 18:00:20.593000 12185.305 3.482 50.602 34.068 52.921 4.018 3.8317 3.5057 27.8003 26.8189 2.3053 4.1577 3.9236 0.2791 0.7973 8.337 0.776595119746 0.8054
2017-02-20 18:01:27.757000 12252.469 3.311 50.603 33.85 52.918 4.018 3.8312 3.5059 27.8039 26.823 2.1623 4.1577 3.9237 0.2789 0.7973 8.337 0.784395632793 0.8043
2017-02-20 18:02:34.976000 12319.688 3.289 50.605 33.975 52.921 4.018 3.8313 3.5051 27.8045 26.823 2.0518 4.1574 3.923 0.2788 0.7972 8.337 0.765080076676 0.8034
2017-02-20 18:03:42.229000 12386.941 3.284 50.602 34.182 52.92 4.018 3.8303 3.5045 27.7989 26.8201 1.9703 4.1569 3.923 0.2786 0.7972 8.337 0.775852213741 0.7983
2017-02-20 18:04:49.604000 12454.316 3.45 50.602 34.183 52.917 4.018 3.8297 3.5039 27.8056 26.8244 1.9053 4.1569 3.9228 0.2785 0.7973 8.336 0.772880589723 0.7974
2017-02-20 18:05:56.916000 12521.628 3.326 50.603 33.634 52.921 4.018 3.8303 3.5041 27.8042 26.8195 1.8612 4.157 3.9234 0.2784 0.7972 8.337 0.779195290762 0.7965
2017-02-20 18:07:04.257000 12588.969 3.299 50.598 33.853 52.917 4.018 3.829 3.5038 27.8042 26.8241 1.8309 4.1569 3.9229 0.2783 0.7971 8.336 0.763594264667 0.7956
2017-02-20 18:08:11.726000 12656.438 3.423 50.6 34.337 52.917 4.018 3.8298 3.504 27.8052 26.8201 1.8101 4.1568 3.923 0.2782 0.7972 8.336 0.772880589723 0.7947
2017-02-20 18:09:19.142000 12723.854 3.365 50.598 33.589 52.915 4.018 3.8287 3.5034 27.8052 26.8241 1.7963 4.1566 3.9228 0.2781 0.7971 8.336 0.765451529678 0.7938
2017-02-20 18:10:26.587000 12791.299 3.302 50.598 34.343 52.921 4.018 3.8291 3.5037 27.8056 26.823 1.7863 4.1565 3.9228 0.278 0.7972 8.336 0.772880589723 0.7929
2017-02-20 18:11:34.265000 12858.977 3.502 50.598 33.876 52.911 4.017 3.828 3.5028 27.8042 26.8249 1.7799 4.1564 3.9226 0.2779 0.7972 8.336 0.773623495728 0.7921
2017-02-20 18:12:41.813000 12926.525 3.376 50.597 33.994 52.913 4.017 3.8288 3.503 27.8056 26.8205 1.7755 4.1563 3.9224 0.2778 0.7972 8.336 0.765451529678 0.7913
2017-02-20 18:13:49.419000 12994.131 3.436 50.597 33.634 52.91 4.017 3.8273 3.5022 27.806 26.8223 1.7724 4.1562 3.922 0.2777 0.7971 8.335 0.772137683719 0.7906
2017-02-20 18:14:57.036000 13061.748 3.283 50.597 34.244 52.913 4.016 3.8268 3.5011 27.806 26.8184 1.7703 4.1557 3.9215 0.2776 0.7971 8.335 0.763222811665 0.7897
2017-02-20 18:16:04.672000 13129.384 3.488 50.595 33.967 52.913 4.016 3.8259 3.5005 27.8049 26.8225 1.7689 4.1555 3.9209 0.2775 0.7971 8.335 0.769166059701 0.789
2017-02-20 18:17:12.381000 13197.093 3.32 50.596 34.377 52.908 4.017 3.8265 3.5012 27.8008 26.8223 1.7679 4.1554 3.9219 0.2775 0.7973 8.335 0.763222811665 0.7883
2017-02-20 18:18:20.095000 13264.807 3.475 50.593 33.748 52.909 4.016 3.8259 3.5012 27.8066 26.8232 1.7675 4.1554 3.9214 0.2774 0.7972 8.335 0.770280418708 0.7876
2017-02-20 18:19:27.913000 13332.625 3.42 50.59 34.331 52.897 4.016 3.826 3.5007 27.8045 26.8253 1.7669 4.1555 3.9216 0.2773 0.7971 8.335 0.763594264667 0.7869
2017-02-20 18:20:35.770000 13400.482 3.285 50.59 33.576 52.905 4.017 3.8268 3.5013 27.8056 26.8201 1.7665 4.1555 3.9222 0.2773 0.7972 8.334 0.763594264667 0.7862
2017-02-20 18:21:43.578000 13468.29 3.474 50.588 34.054 52.901 4.016 3.8256 3.5011 27.806 26.823 1.7661 4.1556 3.9218 0.2772 0.7972 8.335 0.756908110626 0.7855
2017-02-20 18:22:51.474000 13536.186 3.3 50.587 34.337 52.901 4.016 3.8255 3.5007 27.8011 26.8238 1.7659 4.1553 3.9221 0.2771 0.7972 8.334 0.758393922635 0.7849
2017-02-20 18:23:59.391000 13604.103 3.315 50.587 33.746 52.901 4.016 3.8253 3.5012 27.8045 26.8225 1.766 4.1555 3.9218 0.2771 0.7971 8.334 0.760251187647 0.7841
2017-02-20 18:25:07.317000 13672.029 3.498 50.586 33.787 52.901 4.016 3.8249 3.5003 27.8052 26.8235 1.7659 4.1553 3.9217 0.277 0.7972 8.334 0.758022469633 0.7836
2017-02-20 18:26:15.286000 13739.998 3.423 50.586 34.323 52.9 4.017 3.8251 3.5004 27.8014 26.8198 1.7655 4.1552 3.922 0.277 0.7971 8.334 0.75913682864 0.7829
2017-02-20 18:27:23.462000 13808.174 3.286 50.582 34.101 52.897 4.017 3.8259 3.5012 27.8056 26.8238 1.7656 4.1554 3.9222 0.277 0.7972 8.334 0.762851358662 0.7824
2017-02-20 18:28:31.548000 13876.26 3.365 50.582 33.572 52.897 4.016 3.8245 3.5001 27.8066 26.8238 1.7654 4.1554 3.9213 0.2769 0.7972 8.334 0.75096486259 0.7817
2017-02-20 18:29:39.666000 13944.378 3.365 50.582 34.09 52.896 4.016 3.8251 3.5001 27.8008 26.8235 1.7656 4.1551 3.9217 0.2769 0.7972 8.333 0.758393922635 0.7812
2017-02-20 18:30:47.804000 14012.516 3.465 50.579 34.095 52.894 4.016 3.8253 3.5003 27.8052 26.8205 1.7655 4.1553 3.9218 0.2769 0.7972 8.333 0.757651016631 0.7806
2017-02-20 18:31:55.978000 14080.69 3.302 50.579 34.335 52.894 4.017 3.8251 3.5015 27.8056 26.8259 1.7654 4.1553 3.9223 0.2768 0.7972 8.333 0.75579375162 0.78
2017-02-20 18:33:04.227000 14148.939 3.301 50.579 34.342 52.893 4.016 3.8244 3.5002 27.8063 26.8247 1.7655 4.1553 3.9216 0.2768 0.7971 8.333 0.752822127602 0.7795
2017-02-20 18:34:12.455000 14217.167 3.314 50.578 33.701 52.893 4.016 3.8242 3.5003 27.8011 26.8232 1.7652 4.1551 3.9212 0.2767 0.7971 8.333 0.747921470358 0.7789
2017-02-20 18:35:23.750000 14288.462 3.455 50.579 33.648 52.893 4.017 3.825 3.5007 27.806 26.8249 1.7655 4.1551 3.922 0.2767 0.7972 8.333 0.758022469633 0.7784
2017-02-20 18:36:32.122000 14356.834 3.441 50.578 34.275 52.893 4.016 3.8237 3.5006 27.8049 26.8253 1.7653 4.1552 3.9214 0.2767 0.7971 8.333 0.753193580604 0.7779
2017-02-20 18:37:40.527000 14425.239 3.441 50.575 34.264 52.89 4.016 3.8234 3.5004 27.8066 26.8241 1.7653 4.1551 3.9217 0.2767 0.7972 8.333 0.758765375638 0.7773
2017-02-20 18:38:48.958000 14493.67 3.441 50.577 34.264 52.891 4.017 3.8237 3.4999 27.8056 26.8247 1.7653 4.155 3.922 0.2766 0.7971 8.333 0.747921470358 0.7769
2017-02-20 18:39:57.410000 14562.122 3.451 50.576 34.231 52.89 4.016 3.8232 3.4997 27.8011 26.8244 1.7653 4.1551 3.9217 0.2766 0.7972 8.333 0.756536657624 0.7764
2017-02-20 18:41:05.903000 14630.615 3.451 50.576 34.165 52.891 4.017 3.8243 3.5001 27.806 26.8216 1.7653 4.1553 3.9223 0.2766 0.7972 8.333 0.743051791246 0.7759
2017-02-20 18:42:14.455000 14699.167 3.46 50.576 34.167 52.89 4.017 3.8239 3.5007 27.8052 26.8257 1.7652 4.1554 3.9224 0.2766 0.7972 8.333 0.753565033606 0.7754
2017-02-20 18:43:23.186000 14767.898 3.379 50.576 33.569 52.89 4.016 3.8231 3.5006 27.8045 26.8259 1.7655 4.1553 3.9215 0.2765 0.7972 8.332 0.751336315592 0.775
2017-02-20 18:44:31.818000 14836.53 3.379 50.574 33.575 52.889 4.016 3.8224 3.4998 27.8052 26.8244 1.7655 4.1551 3.9215 0.2765 0.7972 8.332 0.747921470358 0.7745
2017-02-20 18:45:40.481000 14905.193 3.361 50.576 33.569 52.888 4.016 3.8221 3.4992 27.8045 26.8241 1.7651 4.1549 3.9214 0.2765 0.7972 8.332 0.756165204622 0.7741
2017-02-20 18:46:49.145000 14973.857 3.291 50.574 33.629 52.889 4.016 3.8224 3.4989 27.8063 26.8247 1.7654 4.155 3.9212 0.2765 0.7972 8.332 0.748895406181 0.7736
2017-02-20 18:47:57.893000 15042.605 3.291 50.575 33.927 52.889 4.016 3.8228 3.4997 27.8024 26.8247 1.7653 4.1551 3.9217 0.2765 0.7972 8.332 0.745324308165 0.7731
2017-02-20 18:49:06.619000 15111.331 3.398 50.575 33.99 52.889 4.017 3.8229 3.5005 27.8014 26.8253 1.7654 4.1553 3.9218 0.2764 0.7972 8.332 0.750593409588 0.7727
2017-02-20 18:50:15.434000 15180.146 3.375 50.575 34.407 52.889 4.016 3.8217 3.4991 27.8018 26.8241 1.7648 4.1551 3.921 0.2764 0.7972 8.332 0.742402500698 0.7723
2017-02-20 18:51:24.272000 15248.984 3.498 50.574 33.768 52.889 4.017 3.8221 3.4992 27.8049 26.8214 1.765 4.1548 3.9218 0.2764 0.7971 8.332 0.753565033606 0.7719
2017-02-20 18:52:33.127000 15317.839 3.299 50.575 33.707 52.888 4.017 3.8226 3.4998 27.807 26.823 1.7651 4.1551 3.922 0.2764 0.7973 8.332 0.745973598713 0.7716
2017-02-20 18:53:42.032000 15386.744 3.3 50.57 33.888 52.887 4.018 3.8241 3.5013 27.806 26.8225 1.7651 4.1555 3.9228 0.2764 0.7973 8.332 0.741103919601 0.7711
2017-02-20 18:54:51.001000 15455.713 3.364 50.568 34.382 52.884 4.018 3.8236 3.5011 27.8072 26.823 1.7653 4.1557 3.9232 0.2764 0.7973 8.333 0.746622889262 0.7706
2017-02-20 18:55:59.968000 15524.68 3.503 50.569 33.9 52.884 4.018 3.8233 3.5003 27.8066 26.8207 1.7653 4.1559 3.923 0.2764 0.7973 8.332 0.756536657624 0.7703
2017-02-20 18:57:08.970000 15593.682 3.32 50.57 33.706 52.885 4.017 3.823 3.5004 27.8052 26.8216 1.7628 4.1557 3.9222 0.2763 0.7972 8.332 0.734935659392 0.7699
2017-02-20 18:58:18.023000 15662.735 3.298 50.57 34.306 52.885 4.017 3.8229 3.5007 27.806 26.8214 1.7655 4.1557 3.9225 0.2763 0.7972 8.332 0.750221956586 0.7695
2017-02-20 18:59:27.099000 15731.811 3.35 50.567 34.064 52.883 4.017 3.8228 3.5 27.8056 26.8207 1.7651 4.1556 3.9226 0.2763 0.7972 8.332 0.741103919601 0.7692
2017-02-20 19:00:36.412000 15801.124 3.287 50.567 34.221 52.881 4.017 3.8222 3.5004 27.8011 26.8205 1.7655 4.1557 3.9223 0.2763 0.7972 8.332 0.757279563629 0.7687
2017-02-20 19:01:45.540000 15870.252 3.447 50.567 34.238 52.88 4.017 3.8217 3.5002 27.8014 26.8259 1.7653 4.1556 3.9225 0.2763 0.7972 8.332 0.744675017617 0.7684
2017-02-20 19:02:54.713000 15939.425 3.291 50.567 33.95 52.881 4.017 3.8215 3.4995 27.8008 26.8262 1.7652 4.1554 3.9222 0.2763 0.7972 8.332 0.748895406181 0.768
2017-02-20 19:04:03.920000 16008.632 3.389 50.564 34.353 52.879 4.017 3.8216 3.4998 27.8014 26.8259 1.7653 4.1553 3.9218 0.2763 0.7972 8.332 0.748895406181 0.7676
2017-02-20 19:05:13.159000 16077.871 3.305 50.565 33.829 52.878 4.016 3.8209 3.4991 27.8056 26.8259 1.7655 4.1553 3.9217 0.2763 0.7972 8.331 0.735909595214 0.7674
2017-02-20 19:06:22.459000 16147.171 3.332 50.564 34.377 52.879 4.016 3.8205 3.4982 27.806 26.8262 1.7653 4.1551 3.9213 0.2763 0.7972 8.331 0.747596825084 0.767
2017-02-20 19:07:31.762000 16216.474 3.32 50.562 33.654 52.878 4.016 3.8203 3.4991 27.806 26.8244 1.7653 4.155 3.9214 0.2763 0.7972 8.331 0.738182112134 0.7667
2017-02-20 19:08:45.324000 16290.036 3.321 50.56 33.656 52.877 4.016 3.8207 3.499 27.806 26.8214 1.7648 4.155 3.9221 0.2762 0.7973 8.331 0.737857466859 0.7663
2017-02-20 19:09:54.718000 16359.43 3.469 50.563 34.119 52.876 4.016 3.8205 3.4991 27.7992 26.8244 1.7647 4.155 3.9214 0.2762 0.7972 8.331 0.749220051455 0.766
2017-02-20 19:11:04.199000 16428.911 3.284 50.559 34.153 52.875 4.016 3.8203 3.4989 27.806 26.8247 1.7653 4.1551 3.9217 0.2762 0.7973 8.331 0.73948069323 0.7656
2017-02-20 19:12:13.893000 16498.605 3.424 50.557 33.599 52.872 4.016 3.8197 3.4983 27.8056 26.8244 1.765 4.1548 3.9208 0.2762 0.7972 8.33 0.739805338504 0.7653
2017-02-20 19:13:23.425000 16568.137 3.386 50.559 34.37 52.874 4.016 3.8196 3.4991 27.8049 26.8253 1.7648 4.1546 3.9208 0.2762 0.7972 8.33 0.737532821585 0.765
2017-02-20 19:14:32.999000 16637.711 3.306 50.557 33.698 52.873 4.016 3.8206 3.4985 27.8056 26.8223 1.7649 4.1546 3.9217 0.2762 0.7972 8.33 0.738182112134 0.7647
2017-02-20 19:15:42.570000 16707.282 3.348 50.556 33.565 52.87 4.016 3.82 3.4994 27.8018 26.8247 1.7648 4.1546 3.9214 0.2762 0.7973 8.33 0.744675017617 0.7644
2017-02-20 19:16:52.212000 16776.924 3.447 50.553 34.221 52.869 4.016 3.82 3.4985 27.806 26.8253 1.7648 4.1547 3.9213 0.2762 0.7973 8.33 0.734286368844 0.7642
2017-02-20 19:18:01.925000 16846.637 3.291 50.553 33.999 52.867 4.017 3.82 3.4999 27.8066 26.8249 1.7651 4.1549 3.9222 0.2762 0.7973 8.33 0.735260304666 0.764
2017-02-20 19:19:11.647000 16916.359 3.302 50.55 33.801 52.865 4.017 3.8209 3.4999 27.8063 26.8249 1.7649 4.1551 3.9223 0.2762 0.7973 8.33 0.748246115633 0.7636
2017-02-20 19:20:21.430000 16986.142 3.323 50.545 33.901 52.862 4.018 3.8207 3.5005 27.8066 26.8214 1.7652 4.1553 3.9224 0.2762 0.7973 8.331 0.743701081794 0.7634
2017-02-20 19:21:31.272000 17055.984 3.468 50.547 34.132 52.863 4.017 3.8202 3.4989 27.8045 26.8257 1.7651 4.1555 3.9222 0.2762 0.7973 8.33 0.732013851925 0.7631
2017-02-20 19:22:41.086000 17125.798 3.424 50.547 34.317 52.864 4.017 3.8205 3.5003 27.8066 26.8257 1.765 4.1557 3.9225 0.2762 0.7973 8.33 0.744675017617 0.7629
2017-02-20 19:23:50.927000 17195.639 3.34 50.546 33.879 52.861 4.018 3.8211 3.4997 27.8081 26.8249 1.7649 4.1557 3.9229 0.2761 0.7973 8.33 0.730715270828 0.7627
2017-02-20 19:25:01 17265.712 3.299 50.543 34.294 52.858 4.018 3.8209 3.5006 27.8021 26.8244 1.7653 4.1553 3.9233 0.2761 0.7973 8.33 0.74337643652 0.7624
2017-02-20 19:26:10.942000 17335.654 3.287 50.542 34.151 52.857 4.018 3.8208 3.5006 27.8056 26.8253 1.7652 4.1561 3.9233 0.2761 0.7973 8.33 0.73396172357 0.7622
2017-02-20 19:27:20.917000 17405.629 3.296 50.542 33.662 52.857 4.018 3.8214 3.5009 27.8063 26.8247 1.7654 4.1562 3.9233 0.2761 0.7973 8.33 0.736234240489 0.7619
2017-02-20 19:28:31.748000 17476.46 3.309 50.542 34.325 52.857 4.017 3.8199 3.5003 27.806 26.8262 1.7653 4.1559 3.9227 0.2761 0.7973 8.33 0.74337643652 0.7616
2017-02-20 19:29:42.224000 17546.936 3.449 50.539 34.224 52.855 4.017 3.8206 3.4995 27.806 26.8223 1.765 4.1558 3.9225 0.2761 0.7973 8.33 0.745648953439 0.7614
2017-02-20 19:30:52.368000 17617.08 3.503 50.538 34.344 52.852 4.018 3.8205 3.5003 27.8056 26.8249 1.7651 4.1558 3.9234 0.2761 0.7973 8.329 0.731364561376 0.7611
2017-02-20 19:32:02.502000 17687.214 3.494 50.531 33.975 52.849 4.019 3.8211 3.5017 27.8056 26.8268 1.7653 4.1561 3.924 0.2761 0.7974 8.33 0.748246115633 0.761
2017-02-20 19:33:12.704000 17757.416 3.462 50.53 34.109 52.846 4.019 3.8211 3.5012 27.8018 26.8247 1.7651 4.1565 3.9244 0.2761 0.7973 8.33 0.741103919601 0.7608
2017-02-20 19:34:22.941000 17827.653 3.506 50.531 33.856 52.846 4.019 3.8206 3.5014 27.8063 26.8257 1.7653 4.1566 3.9241 0.2761 0.7973 8.33 0.735909595214 0.7605
2017-02-20 19:35:33.200000 17897.912 3.486 50.53 34.015 52.845 4.018 3.8211 3.5005 27.8063 26.8205 1.765 4.1564 3.9235 0.2761 0.7973 8.329 0.734935659392 0.7603
2017-02-20 19:36:43.562000 17968.274 3.408 50.53 33.564 52.845 4.018 3.8194 3.4999 27.807 26.8257 1.7651 4.1563 3.923 0.2761 0.7973 8.329 0.742077855424 0.76
2017-02-20 19:37:54.083000 18038.795 3.3 50.527 33.84 52.843 4.018 3.821 3.501 27.807 26.8223 1.7653 4.1563 3.9233 0.2761 0.7974 8.329 0.744350372343 0.7599
2017-02-20 19:39:04.446000 18109.158 3.295 50.528 34.31 52.841 4.019 3.8205 3.5005 27.8056 26.8257 1.7649 4.1564 3.9235 0.2761 0.7973 8.329 0.741103919601 0.7596
2017-02-20 19:40:14.807000 18179.519 3.432 50.527 34.096 52.841 4.019 3.8211 3.5018 27.8063 26.8259 1.7653 4.1566 3.924 0.2761 0.7974 8.329 0.728442753909 0.7594
2017-02-20 19:41:25.252000 18249.964 3.375 50.524 34.355 52.841 4.019 3.8207 3.5012 27.8066 26.8262 1.7651 4.1567 3.9243 0.2761 0.7974 8.329 0.736558885763 0.7593
2017-02-20 19:42:35.702000 18320.414 3.494 50.523 33.981 52.839 4.018 3.8199 3.5008 27.806 26.8266 1.7653 4.1567 3.9219 0.2761 0.7973 8.329 0.746622889262 0.759
2017-02-20 19:43:46.233000 18390.945 3.411 50.526 33.598 52.84 4.018 3.8194 3.4996 27.8063 26.8259 1.7652 4.1564 3.9228 0.2761 0.7973 8.328 0.738506757408 0.7588
2017-02-20 19:44:56.779000 18461.491 3.313 50.527 33.73 52.84 4.017 3.8194 3.5001 27.8056 26.8262 1.765 4.156 3.9219 0.2761 0.7974 8.328 0.735909595214 0.7586
2017-02-20 19:46:07.339000 18532.051 3.453 50.527 34.198 52.839 4.017 3.8187 3.4988 27.8063 26.8253 1.7653 4.1557 3.9217 0.2761 0.7973 8.327 0.742077855424 0.7584
2017-02-20 19:47:17.981000 18602.693 3.498 50.529 33.789 52.842 4.017 3.8187 3.4983 27.8063 26.8262 1.7648 4.1553 3.9216 0.2761 0.7973 8.327 0.72617023699 0.7582
2017-02-20 19:48:28.614000 18673.326 3.332 50.528 33.586 52.841 4.017 3.8177 3.4989 27.8066 26.8268 1.7651 4.1553 3.9218 0.2761 0.7973 8.327 0.745324308165 0.7579
2017-02-20 19:49:39.297000 18744.009 3.406 50.528 33.999 52.84 4.017 3.8191 3.4995 27.8072 26.8214 1.7649 4.1553 3.9218 0.276 0.7974 8.327 0.739156047956 0.7578
2017-02-20 19:50:50.206000 18814.918 3.498 50.527 33.942 52.841 4.017 3.8185 3.4991 27.8063 26.8262 1.7648 4.1553 3.9224 0.276 0.7973 8.327 0.73558494994 0.7575
2017-02-20 19:52:00.989000 18885.701 3.286 50.526 34.071 52.84 4.017 3.8181 3.4986 27.8024 26.8268 1.7651 4.1553 3.922 0.276 0.7974 8.327 0.733312433021 0.7574
2017-02-20 19:53:11.801000 18956.513 3.503 50.527 33.883 52.841 4.017 3.8185 3.4996 27.8092 26.8271 1.7649 4.1553 3.9219 0.276 0.7973 8.327 0.737857466859 0.7572
2017-02-20 19:54:22.635000 19027.347 3.351 50.525 33.561 52.84 4.016 3.8173 3.4987 27.807 26.8253 1.765 4.1553 3.9217 0.276 0.7973 8.327 0.726819527538 0.7571
2017-02-20 19:55:33.497000 19098.209 3.386 50.524 34.362 52.841 4.017 3.818 3.4995 27.807 26.8216 1.765 4.1553 3.922 0.276 0.7973 8.327 0.731364561376 0.7568
2017-02-20 19:56:59.657000 19184.369 3.416 50.526 33.599 52.84 4.017 3.8184 3.5 27.8063 26.8257 1.7651 4.1554 3.9227 0.276 0.7973 8.327 0.740129983779 0.7566
2017-02-20 19:58:10.579000 19255.291 3.341 50.525 34.356 52.838 4.018 3.8183 3.4991 27.8063 26.8271 1.765 4.1555 3.9227 0.276 0.7974 8.327 0.735260304666 0.7564
2017-02-20 19:59:21.584000 19326.296 3.366 50.524 33.548 52.837 4.018 3.8183 3.4997 27.8056 26.8235 1.7653 4.1558 3.9232 0.276 0.7974 8.327 0.733312433021 0.7563
2017-02-20 20:00:32.622000 19397.334 3.369 50.521 34.352 52.835 4.019 3.8191 3.5015 27.8076 26.8271 1.7651 4.1561 3.9236 0.276 0.7974 8.328 0.742402500698 0.7561
2017-02-20 20:01:43.884000 19468.596 3.288 50.523 34.2 52.835 4.019 3.8188 3.5012 27.806 26.8277 1.7653 4.1563 3.9239 0.276 0.7974 8.328 0.737208176311 0.7559
2017-02-20 20:02:54.948000 19539.66 3.502 50.524 33.82 52.836 4.018 3.8187 3.5001 27.8018 26.8257 1.7652 4.1563 3.9226 0.276 0.7975 8.327 0.734286368844 0.7556
2017-02-20 20:04:06.067000 19610.779 3.286 50.525 34.164 52.837 4.017 3.8186 3.4996 27.8081 26.8268 1.765 4.1559 3.9226 0.276 0.7975 8.327 0.733312433021 0.7555
2017-02-20 20:05:17.203000 19681.915 3.311 50.524 33.77 52.838 4.017 3.8177 3.4992 27.807 26.8268 1.765 4.1558 3.9222 0.276 0.7973 8.327 0.738506757408 0.7554
2017-02-20 20:06:28.371000 19753.083 3.462 50.523 34.162 52.836 4.017 3.8174 3.4983 27.8066 26.8259 1.7651 4.1557 3.9219 0.276 0.7973 8.327 0.729416689731 0.7551
2017-02-20 20:07:39.601000 19824.313 3.348 50.524 33.824 52.836 4.017 3.8173 3.4988 27.806 26.8225 1.7653 4.1554 3.9223 0.276 0.7973 8.327 0.730715270828 0.755
2017-02-20 20:08:50.880000 19895.592 3.372 50.522 33.575 52.835 4.017 3.8176 3.4993 27.8066 26.8257 1.7648 4.1554 3.9217 0.276 0.7974 8.327 0.735260304666 0.7549
2017-02-20 20:10:02.206000 19966.918 3.497 50.523 33.951 52.835 4.017 3.8167 3.4989 27.807 26.8257 1.7649 4.1553 3.9218 0.276 0.7973 8.327 0.728442753909 0.7546
2017-02-20 20:11:13.517000 20038.229 3.286 50.522 34.064 52.835 4.016 3.8169 3.4986 27.807 26.8271 1.7648 4.1552 3.9219 0.276 0.7974 8.326 0.733312433021 0.7544
2017-02-20 20:12:25.178000 20109.89 3.297 50.521 34.293 52.835 4.017 3.8166 3.4986 27.8021 26.8266 1.7651 4.1552 3.9216 0.276 0.7973 8.326 0.736234240489 0.7544
2017-02-20 20:13:36.610000 20181.322 3.292 50.522 33.626 52.835 4.017 3.8169 3.499 27.806 26.822 1.7649 4.1551 3.9215 0.276 0.7974 8.326 0.732338497199 0.7542
2017-02-20 20:14:48.052000 20252.764 3.351 50.52 33.998 52.835 4.017 3.8176 3.4995 27.806 26.8253 1.7647 4.1552 3.9221 0.276 0.7974 8.326 0.725196301167 0.754
2017-02-20 20:15:59.566000 20324.278 3.494 50.52 34.335 52.835 4.017 3.8167 3.4995 27.806 26.8247 1.765 4.1552 3.9219 0.276 0.7973 8.326 0.736234240489 0.7538
2017-02-20 20:17:11.128000 20395.84 3.459 50.521 34.17 52.832 4.017 3.8165 3.499 27.8066 26.8271 1.7646 4.1552 3.922 0.276 0.7973 8.326 0.734611014118 0.7536
2017-02-20 20:18:22.732000 20467.444 3.341 50.52 34.368 52.832 4.017 3.817 3.4992 27.806 26.8259 1.7651 4.1553 3.9225 0.276 0.7973 8.326 0.740779274327 0.7535
2017-02-20 20:19:34.333000 20539.045 3.298 50.518 33.847 52.831 4.018 3.8177 3.5 27.8063 26.8249 1.7653 4.1556 3.9231 0.276 0.7974 8.327 0.719352686232 0.7534
2017-02-20 20:20:45.982000 20610.694 3.356 50.515 33.551 52.829 4.018 3.818 3.5005 27.8032 26.8262 1.7653 4.1559 3.9234 0.276 0.7974 8.327 0.731039916102 0.7532
2017-02-20 20:21:57.699000 20682.411 3.309 50.515 33.735 52.831 4.017 3.8173 3.4997 27.8021 26.8223 1.7648 4.1558 3.9226 0.276 0.7975 8.327 0.731364561376 0.7531
2017-02-20 20:23:09.656000 20754.368 3.306 50.516 33.763 52.829 4.018 3.8172 3.4999 27.8063 26.8216 1.765 4.1557 3.9227 0.276 0.7974 8.326 0.733637078295 0.7529
2017-02-20 20:24:21.357000 20826.069 3.379 50.514 33.564 52.827 4.018 3.8185 3.5005 27.807 26.8232 1.7649 4.156 3.9231 0.276 0.7974 8.327 0.728767399183 0.7528
2017-02-20 20:25:33.142000 20897.854 3.326 50.513 33.61 52.829 4.018 3.8178 3.5001 27.8066 26.8262 1.7653 4.156 3.9229 0.276 0.7974 8.326 0.724222365345 0.7527
2017-02-20 20:26:44.961000 20969.673 3.504 50.513 33.827 52.827 4.018 3.8177 3.5006 27.807 26.8262 1.7651 4.1561 3.923 0.276 0.7974 8.326 0.728118108635 0.7525
2017-02-20 20:27:56.808000 21041.52 3.447 50.514 33.655 52.829 4.018 3.8169 3.5003 27.806 26.8262 1.7649 4.156 3.9225 0.2759 0.7975 8.326 0.734935659392 0.7523
2017-02-20 20:29:08.698000 21113.41 3.362 50.515 33.536 52.828 4.018 3.8173 3.501 27.8072 26.8268 1.7651 4.1559 3.9234 0.2759 0.7975 8.326 0.723573074796 0.7522
2017-02-20 20:30:20.613000 21185.325 3.319 50.514 33.817 52.827 4.019 3.8174 3.5011 27.8066 26.8257 1.765 4.1563 3.9236 0.276 0.7974 8.327 0.740779274327 0.7521
2017-02-20 20:31:32.597000 21257.309 3.496 50.518 33.762 52.83 4.018 3.817 3.5002 27.8066 26.8259 1.7651 4.1563 3.923 0.276 0.7975 8.326 0.73396172357 0.7519
2017-02-20 20:32:44.627000 21329.339 3.467 50.516 33.681 52.826 4.018 3.817 3.5005 27.8066 26.8257 1.7654 4.1562 3.9232 0.2759 0.7974 8.326 0.734286368844 0.7518
2017-02-20 20:33:56.941000 21401.653 3.288 50.516 34.069 52.827 4.018 3.8175 3.4999 27.8063 26.8266 1.7652 4.1563 3.9234 0.2759 0.7975 8.326 0.726494882264 0.7517
2017-02-20 20:35:09.031000 21473.743 3.297 50.513 34.293 52.827 4.017 3.8171 3.4994 27.8063 26.8249 1.765 4.1559 3.9229 0.2759 0.7974 8.326 0.734611014118 0.7515
2017-02-20 20:36:21.145000 21545.857 3.341 50.514 34.367 52.827 4.018 3.8171 3.4996 27.807 26.8249 1.765 4.1559 3.9229 0.2759 0.7974 8.326 0.730390625554 0.7513
2017-02-20 20:37:33.320000 21618.032 3.47 50.513 33.699 52.827 4.017 3.8167 3.4991 27.8049 26.8216 1.7651 4.1557 3.9221 0.2759 0.7975 8.326 0.728118108635 0.7512
2017-02-20 20:38:45.520000 21690.232 3.36 50.514 33.549 52.827 4.017 3.8166 3.4993 27.8063 26.8223 1.7649 4.1555 3.9221 0.2759 0.7974 8.325 0.732987787747 0.751
2017-02-20 20:39:57.723000 21762.435 3.295 50.512 34.272 52.827 4.017 3.8158 3.4991 27.807 26.8205 1.7629 4.1554 3.9222 0.2759 0.7974 8.326 0.733312433021 0.7509
2017-02-20 20:41:09.993000 21834.705 3.355 50.513 34.383 52.826 4.017 3.8158 3.499 27.8018 26.8253 1.7651 4.1556 3.9227 0.2759 0.7975 8.326 0.721625203151 0.7508
2017-02-20 20:42:22.268000 21906.98 3.458 50.516 33.669 52.828 4.018 3.816 3.4991 27.8014 26.8257 1.765 4.1555 3.9229 0.2759 0.7974 8.326 0.72617023699 0.7508
2017-02-20 20:43:34.833000 21979.545 3.287 50.514 34.139 52.825 4.017 3.816 3.4988 27.8072 26.8257 1.7647 4.1556 3.9225 0.2759 0.7974 8.326 0.736234240489 0.7506
2017-02-20 20:44:47.213000 22051.925 3.492 50.515 33.998 52.824 4.018 3.8163 3.4998 27.806 26.8257 1.7648 4.1558 3.9231 0.2759 0.7974 8.326 0.732013851925 0.7505
2017-02-20 20:45:59.619000 22124.331 3.307 50.514 33.814 52.826 4.018 3.8161 3.5004 27.806 26.8266 1.765 4.1559 3.9229 0.2759 0.7975 8.326 0.722599138974 0.7502
2017-02-20 20:47:12.098000 22196.81 3.416 50.514 34.015 52.825 4.018 3.817 3.4998 27.806 26.8249 1.7652 4.1559 3.9234 0.2759 0.7974 8.326 0.725196301167 0.7501
2017-02-20 20:48:24.582000 22269.294 3.409 50.511 34.148 52.824 4.019 3.8172 3.4999 27.8072 26.823 1.7649 4.1561 3.9239 0.2759 0.7975 8.326 0.73396172357 0.75
2017-02-20 20:49:37.140000 22341.852 3.295 50.511 34.289 52.825 4.018 3.8162 3.4995 27.8011 26.8262 1.7651 4.1561 3.9228 0.2759 0.7975 8.326 0.725196301167 0.7499
2017-02-20 20:50:49.666000 22414.378 3.499 50.514 33.957 52.825 4.018 3.8163 3.4999 27.806 26.8262 1.7648 4.1561 3.9233 0.2759 0.7975 8.326 0.717729459862 0.7497
2017-02-20 20:52:02.551000 22487.263 3.323 50.512 33.817 52.825 4.018 3.816 3.4996 27.8076 26.8247 1.7651 4.1561 3.9226 0.2759 0.7975 8.326 0.733637078295 0.7497
2017-02-20 20:53:15.140000 22559.852 3.503 50.514 33.764 52.824 4.018 3.8166 3.4992 27.8066 26.8249 1.7649 4.1559 3.9231 0.2759 0.7975 8.326 0.724222365345 0.7496
2017-02-20 20:54:27.855000 22632.567 3.291 50.512 33.986 52.827 4.018 3.8162 3.4996 27.8024 26.8214 1.7649 4.1559 3.9228 0.2759 0.7975 8.325 0.728118108635 0.7494
2017-02-20 20:55:40.555000 22705.267 3.432 50.515 34.193 52.824 4.018 3.8158 3.4995 27.8045 26.8262 1.7648 4.1559 3.9231 0.2759 0.7975 8.326 0.732338497199 0.7492
2017-02-20 20:56:53.288000 22778.0 3.292 50.513 34.226 52.823 4.018 3.8158 3.4998 27.8066 26.8249 1.765 4.1562 3.9234 0.2759 0.7974 8.326 0.723248429522 0.7492
2017-02-20 20:58:06.041000 22850.753 3.341 50.512 33.989 52.822 4.018 3.8169 3.5 27.8056 26.8259 1.7652 4.1562 3.9234 0.2759 0.7974 8.326 0.725520946441 0.749
2017-02-20 20:59:18.873000 22923.585 3.313 50.51 34.369 52.822 4.018 3.8159 3.4998 27.8011 26.8201 1.7649 4.1561 3.9229 0.2759 0.7975 8.326 0.725845591716 0.749
2017-02-20 21:00:31.744000 22996.456 3.313 50.51 33.709 52.822 4.019 3.8166 3.5001 27.806 26.8259 1.7652 4.1563 3.924 0.2759 0.7976 8.326 0.723248429522 0.7488
2017-02-20 21:01:44.926000 23069.638 3.499 50.509 33.803 52.82 4.018 3.8161 3.5 27.8056 26.8253 1.7653 4.1564 3.9233 0.2759 0.7975 8.326 0.729092044457 0.7487
2017-02-20 21:02:57.892000 23142.604 3.391 50.512 34.363 52.822 4.018 3.816 3.5 27.8011 26.8232 1.765 4.1562 3.923 0.2759 0.7976 8.326 0.721625203151 0.7487
2017-02-20 21:04:10.845000 23215.557 3.292 50.511 33.963 52.821 4.018 3.8156 3.4993 27.807 26.8253 1.7652 4.1562 3.9233 0.2759 0.7975 8.326 0.729416689731 0.7485
2017-02-20 21:05:23.868000 23288.58 3.441 50.511 33.647 52.822 4.018 3.8155 3.4996 27.806 26.8247 1.7649 4.156 3.9228 0.2759 0.7975 8.325 0.729741335005 0.7483
2017-02-20 21:06:36.910000 23361.622 3.435 50.511 34.287 52.821 4.017 3.8151 3.4991 27.8008 26.8216 1.7649 4.1557 3.9221 0.2759 0.7976 8.325 0.727144172812 0.7483
2017-02-20 21:07:50.002000 23434.714 3.287 50.511 34.134 52.821 4.018 3.815 3.4989 27.8056 26.8259 1.765 4.1558 3.9223 0.2759 0.7975 8.325 0.732663142473 0.7482
2017-02-20 21:09:03.114000 23507.826 3.288 50.508 34.138 52.819 4.019 3.8167 3.5008 27.807 26.8262 1.7649 4.1559 3.9236 0.2759 0.7975 8.325 0.723248429522 0.7481
2017-02-20 21:10:16.518000 23581.23 3.29 50.506 33.582 52.819 4.018 3.8156 3.4994 27.8052 26.8259 1.7647 4.1562 3.9235 0.2759 0.7975 8.326 0.7222744937 0.7479
2017-02-20 21:11:29.691000 23654.403 3.348 50.508 33.561 52.817 4.019 3.8161 3.5006 27.8066 26.8268 1.7649 4.1562 3.9237 0.2759 0.7975 8.326 0.726819527538 0.7478
2017-02-20 21:12:42.923000 23727.635 3.491 50.505 33.968 52.816 4.019 3.8164 3.5009 27.8008 26.822 1.7653 4.1566 3.9239 0.2759 0.7975 8.326 0.725196301167 0.7477
2017-02-20 21:13:56.194000 23800.906 3.464 50.506 34.164 52.816 4.018 3.8153 3.4993 27.8072 26.8249 1.7651 4.1567 3.9231 0.2759 0.7975 8.325 0.724547010619 0.7477
2017-02-20 21:15:09.488000 23874.2 3.296 50.508 34.304 52.818 4.018 3.8161 3.5001 27.8052 26.8214 1.7651 4.1562 3.9232 0.2759 0.7975 8.325 0.716106233491 0.7475
2017-02-20 21:16:22.840000 23947.552 3.303 50.506 34.314 52.818 4.018 3.8148 3.4985 27.8049 26.8253 1.7651 4.1562 3.9227 0.2759 0.7976 8.325 0.721949848426 0.7474
2017-02-20 21:17:36.203000 24020.915 3.297 50.506 34.324 52.817 4.018 3.8158 3.4996 27.8049 26.8249 1.7651 4.156 3.9228 0.2759 0.7976 8.325 0.71837875041 0.7473
2017-02-20 21:18:49.650000 24094.362 3.299 50.506 34.294 52.818 4.018 3.8148 3.4986 27.8063 26.8249 1.7651 4.156 3.9228 0.2759 0.7975 8.325 0.730390625554 0.7472
2017-02-20 21:20:03.342000 24168.054 3.295 50.504 34.264 52.815 4.018 3.816 3.4999 27.806 26.8253 1.7651 4.1559 3.9233 0.2759 0.7975 8.325 0.721949848426 0.7471
2017-02-20 21:21:16.847000 24241.559 3.296 50.505 34.282 52.814 4.018 3.8149 3.4988 27.8052 26.8249 1.7609 4.156 3.9231 0.2759 0.7975 8.325 0.733312433021 0.7469
2017-02-20 21:22:30.348000 24315.06 3.298 50.501 34.279 52.813 4.018 3.8161 3.5 27.8066 26.8244 1.7648 4.1559 3.9236 0.2759 0.7976 8.325 0.71837875041 0.7468
2017-02-20 21:23:43.933000 24388.645 3.294 50.502 34.293 52.813 4.019 3.8155 3.4997 27.806 26.8253 1.7651 4.1563 3.9238 0.2759 0.7976 8.325 0.724871655893 0.7468
2017-02-20 21:24:57.545000 24462.257 3.475 50.502 34.099 52.81 4.019 3.8164 3.5005 27.8052 26.8211 1.765 4.1564 3.9236 0.2759 0.7975 8.325 0.725845591716 0.7467
2017-02-20 21:26:11.220000 24535.932 3.476 50.502 34.095 52.809 4.018 3.8151 3.4993 27.807 26.8249 1.7651 4.1563 3.9231 0.2759 0.7975 8.325 0.733637078295 0.7466
2017-02-20 21:27:24.880000 24609.592 3.478 50.501 34.088 52.811 4.018 3.8149 3.4995 27.8052 26.8207 1.7648 4.156 3.9225 0.2759 0.7975 8.324 0.719352686232 0.7464
2017-02-20 21:28:38.885000 24683.597 3.344 50.503 33.559 52.811 4.018 3.8146 3.4991 27.8063 26.8249 1.7648 4.1558 3.9227 0.2759 0.7975 8.324 0.714158361846 0.7464
2017-02-20 21:29:52.640000 24757.352 3.287 50.5 34.2 52.81 4.018 3.8147 3.4989 27.806 26.8249 1.7649 4.1558 3.9228 0.2759 0.7975 8.324 0.721300557877 0.7463
2017-02-20 21:31:06.489000 24831.201 3.452 50.5 34.215 52.809 4.018 3.8157 3.4993 27.8063 26.8211 1.7648 4.156 3.9232 0.2759 0.7976 8.324 0.72779346336 0.7462
2017-02-20 21:32:20.339000 24905.051 3.455 50.496 34.198 52.807 4.019 3.8151 3.5001 27.8052 26.8238 1.7653 4.1561 3.9236 0.2759 0.7975 8.324 0.72779346336 0.746
2017-02-20 21:33:34.190000 24978.902 3.38 50.497 33.567 52.806 4.019 3.8157 3.5003 27.8014 26.8253 1.7652 4.1563 3.9235 0.2759 0.7976 8.324 0.721949848426 0.746
2017-02-20 21:34:48.068000 25052.78 3.29 50.496 34.049 52.805 4.019 3.8157 3.5007 27.8052 26.8253 1.7653 4.1564 3.9243 0.2759 0.7977 8.324 0.717080169313 0.7459
2017-02-20 21:36:02.054000 25126.766 3.427 50.493 34.31 52.806 4.019 3.8152 3.5002 27.8072 26.8253 1.765 4.1566 3.9239 0.2759 0.7977 8.324 0.718703395684 0.7458
2017-02-20 21:37:16.332000 25201.044 3.474 50.495 33.715 52.806 4.018 3.815 3.4991 27.8011 26.8244 1.7653 4.1564 3.9229 0.2759 0.7975 8.324 0.72617023699 0.7458
2017-02-20 21:38:30.318000 25275.03 3.3 50.495 33.847 52.804 4.018 3.815 3.4988 27.8063 26.8238 1.7653 4.1562 3.9226 0.2759 0.7976 8.324 0.724871655893 0.7457
2017-02-20 21:39:44.386000 25349.098 3.507 50.495 33.877 52.805 4.019 3.815 3.5003 27.8056 26.8249 1.7651 4.1561 3.9237 0.2759 0.7975 8.324 0.725196301167 0.7455
2017-02-20 21:40:58.481000 25423.193 3.33 50.493 33.62 52.802 4.018 3.8149 3.4989 27.8021 26.8241 1.7652 4.1562 3.9231 0.2759 0.7976 8.324 0.71837875041 0.7454
2017-02-20 21:42:12.572000 25497.284 3.294 50.492 34.267 52.804 4.017 3.8147 3.4987 27.8063 26.8205 1.7651 4.156 3.9222 0.2759 0.7976 8.323 0.733637078295 0.7454
2017-02-20 21:43:26.727000 25571.439 3.456 50.495 34.15 52.802 4.017 3.8137 3.4988 27.807 26.8247 1.7649 4.1556 3.9219 0.2759 0.7977 8.323 0.71448300712 0.7453
2017-02-20 21:44:41.227000 25645.939 3.289 50.495 34.006 52.803 4.017 3.8135 3.498 27.8056 26.8235 1.7647 4.1553 3.9217 0.2759 0.7975 8.323 0.729092044457 0.7451
2017-02-20 21:45:55.472000 25720.184 3.492 50.493 33.762 52.804 4.016 3.813 3.4975 27.8 26.8244 1.7651 4.155 3.9215 0.2759 0.7976 8.323 0.721625203151 0.7451
2017-02-20 21:47:09.732000 25794.444 3.311 50.492 33.763 52.8 4.017 3.8143 3.4987 27.8066 26.8195 1.7646 4.1551 3.9218 0.2759 0.7976 8.323 0.724222365345 0.745
2017-02-20 21:48:24.097000 25868.809 3.491 50.491 33.994 52.799 4.017 3.8136 3.4985 27.8049 26.8241 1.7647 4.1551 3.9219 0.2759 0.7976 8.323 0.723897720071 0.745
2017-02-20 21:49:38.407000 25943.119 3.288 50.49 34.215 52.8 4.017 3.813 3.4977 27.807 26.8238 1.7646 4.1551 3.9215 0.2759 0.7976 8.323 0.71837875041 0.7448
2017-02-20 21:50:52.812000 26017.524 3.408 50.489 34.155 52.8 4.017 3.8132 3.4977 27.8045 26.8247 1.7648 4.1549 3.9216 0.2759 0.7976 8.323 0.715781588217 0.7447
2017-02-20 21:52:07.189000 26091.901 3.287 50.488 34.046 52.799 4.016 3.8132 3.4978 27.8003 26.8238 1.7647 4.1549 3.9211 0.2759 0.7976 8.322 0.723248429522 0.7446
2017-02-20 21:53:21.937000 26166.649 3.298 50.489 33.861 52.798 4.016 3.8129 3.4974 27.8049 26.8198 1.7643 4.1548 3.9212 0.2759 0.7976 8.322 0.726819527538 0.7445
2017-02-20 21:54:36.475000 26241.187 3.501 50.486 33.921 52.797 4.017 3.8136 3.4975 27.8052 26.8235 1.7648 4.1548 3.9219 0.2759 0.7975 8.322 0.727144172812 0.7444
2017-02-20 21:55:50.992000 26315.704 3.29 50.487 34.264 52.797 4.017 3.813 3.4984 27.8045 26.8244 1.7649 4.1551 3.9215 0.2759 0.7976 8.322 0.722923784248 0.7444
2017-02-20 21:57:05.584000 26390.296 3.372 50.486 33.58 52.795 4.017 3.8127 3.498 27.8056 26.8238 1.7646 4.155 3.9216 0.2759 0.7977 8.322 0.720651267329 0.7443
2017-02-20 21:58:20.232000 26464.944 3.424 50.486 34.298 52.794 4.017 3.8128 3.498 27.8052 26.823 1.7648 4.1548 3.9215 0.2759 0.7976 8.322 0.730715270828 0.7442
2017-02-20 21:59:34.896000 26539.608 3.344 50.483 34.367 52.791 4.017 3.8132 3.4974 27.8032 26.823 1.7648 4.1549 3.9217 0.2759 0.7976 8.322 0.723897720071 0.7441
2017-02-20 22:00:49.856000 26614.568 3.303 50.482 34.302 52.791 4.017 3.8131 3.4976 27.8042 26.8238 1.7653 4.1549 3.9221 0.2759 0.7976 8.322 0.7222744937 0.7441
2017-02-20 22:02:04.590000 26689.302 3.358 50.48 33.542 52.787 4.018 3.8137 3.4985 27.8008 26.8232 1.7651 4.1552 3.9229 0.2759 0.7977 8.322 0.718703395684 0.7439
2017-02-20 22:03:19.339000 26764.051 3.431 50.478 33.611 52.787 4.018 3.8144 3.5 27.8003 26.8244 1.7649 4.1558 3.9234 0.2759 0.7977 8.322 0.717404814587 0.7439
2017-02-20 22:04:34.144000 26838.856 3.373 50.474 34.359 52.785 4.019 3.8147 3.5002 27.8021 26.8201 1.7652 4.1561 3.9237 0.2759 0.7977 8.322 0.723248429522 0.7438
2017-02-20 22:05:48.923000 26913.635 3.306 50.471 34.298 52.783 4.019 3.8154 3.5002 27.8056 26.8207 1.7651 4.1563 3.9242 0.2759 0.7977 8.323 0.725520946441 0.7437
2017-02-20 22:07:03.801000 26988.513 3.288 50.474 34.137 52.782 4.018 3.8146 3.4986 27.8063 26.8195 1.7652 4.1563 3.9231 0.2759 0.7976 8.322 0.715132297668 0.7437
2017-02-20 22:08:19.020000 27063.732 3.302 50.472 33.817 52.781 4.018 3.8146 3.4991 27.8045 26.8205 1.765 4.1561 3.9236 0.2759 0.7977 8.322 0.72779346336 0.7435
2017-02-20 22:09:33.965000 27138.677 3.327 50.47 33.616 52.78 4.019 3.8144 3.4996 27.8052 26.8207 1.7654 4.1562 3.9235 0.2759 0.7976 8.322 0.716755524039 0.7435
2017-02-20 22:10:48.964000 27213.676 3.357 50.47 33.543 52.78 4.019 3.8146 3.5 27.8035 26.8211 1.765 4.1563 3.9238 0.2759 0.7976 8.322 0.711236554378 0.7434
2017-02-20 22:12:03.959000 27288.671 3.455 50.468 33.631 52.777 4.019 3.815 3.5009 27.8052 26.8198 1.7652 4.1564 3.9243 0.2759 0.7977 8.322 0.717404814587 0.7433
2017-02-20 22:13:18.988000 27363.7 3.508 50.467 33.838 52.777 4.02 3.8153 3.501 27.807 26.8207 1.7651 4.1567 3.9243 0.2759 0.7977 8.322 0.722599138974 0.7432
2017-02-20 22:14:34.042000 27438.754 3.473 50.466 34.101 52.776 4.02 3.8156 3.5013 27.8049 26.8205 1.7651 4.1567 3.9247 0.2759 0.7976 8.322 0.727468818086 0.7432
2017-02-20 22:15:49.162000 27513.874 3.477 50.466 34.291 52.773 4.02 3.8155 3.5009 27.8014 26.8205 1.7653 4.1569 3.9245 0.2759 0.7978 8.322 0.717404814587 0.7431
2017-02-20 22:17:04.619000 27589.331 3.506 50.466 33.891 52.775 4.019 3.8153 3.5003 27.8011 26.8253 1.7656 4.157 3.924 0.2759 0.7976 8.322 0.719677331506 0.7431
2017-02-20 22:18:19.827000 27664.539 3.374 50.466 33.548 52.775 4.02 3.8153 3.5005 27.8066 26.8238 1.7656 4.1571 3.9245 0.2759 0.7977 8.322 0.720975912603 0.743
2017-02-20 22:19:35.003000 27739.715 3.456 50.467 33.659 52.775 4.019 3.8146 3.4994 27.8066 26.8253 1.7652 4.1569 3.9237 0.2759 0.7978 8.321 0.726494882264 0.743
2017-02-20 22:20:50.271000 27814.983 3.321 50.47 33.655 52.777 4.019 3.8144 3.4995 27.806 26.8249 1.7656 4.1566 3.9234 0.2759 0.7977 8.321 0.719677331506 0.7428
2017-02-20 22:22:05.563000 27890.275 3.359 50.468 33.546 52.777 4.019 3.8141 3.4994 27.807 26.8259 1.7653 4.1565 3.9234 0.2759 0.7977 8.321 0.717729459862 0.7427
2017-02-20 22:23:20.927000 27965.639 3.294 50.468 33.935 52.777 4.018 3.814 3.4997 27.807 26.8253 1.7649 4.1565 3.9235 0.2759 0.7976 8.321 0.723897720071 0.7427
2017-02-20 22:24:36.581000 28041.293 3.486 50.472 34.329 52.78 4.018 3.8144 3.4989 27.806 26.8238 1.7651 4.1561 3.9233 0.2759 0.7976 8.321 0.720975912603 0.7426
2017-02-20 22:25:52.021000 28116.733 3.456 50.472 34.187 52.78 4.018 3.8141 3.4988 27.8056 26.822 1.765 4.1561 3.9233 0.2759 0.7977 8.321 0.728442753909 0.7426
2017-02-20 22:27:07.500000 28192.212 3.501 50.471 33.729 52.779 4.018 3.8139 3.4989 27.8024 26.8247 1.765 4.156 3.9231 0.2759 0.7977 8.321 0.721300557877 0.7425
2017-02-20 22:28:23.015000 28267.727 3.341 50.472 33.594 52.782 4.018 3.8138 3.4986 27.8063 26.8259 1.765 4.1561 3.9227 0.2759 0.7977 8.321 0.72617023699 0.7424
2017-02-20 22:29:38.526000 28343.238 3.418 50.474 34.03 52.781 4.019 3.814 3.4995 27.8056 26.8262 1.7649 4.1562 3.9234 0.2759 0.7977 8.321 0.714807652394 0.7424
2017-02-20 22:30:54.030000 28418.742 3.5 50.475 34.36 52.784 4.018 3.8139 3.4999 27.8056 26.8253 1.7625 4.1562 3.9232 0.2759 0.7977 8.321 0.721300557877 0.7423
2017-02-20 22:32:09.961000 28494.673 3.37 50.475 33.561 52.782 4.018 3.8142 3.4989 27.8042 26.8216 1.7652 4.156 3.9226 0.2759 0.7977 8.321 0.720001976781 0.7421
2017-02-20 22:33:25.557000 28570.269 3.346 50.474 34.357 52.787 4.018 3.8136 3.4989 27.8018 26.8262 1.7651 4.1559 3.9225 0.2759 0.7977 8.321 0.717729459862 0.7421
2017-02-20 22:34:33.719000 28638.431 3.302 50.475 33.826 52.787 4.018 3.8142 3.4994 27.806 26.8216 1.765 4.1559 3.923 0.2759 0.7978 8.321 0.728767399183 0.7421
2017-02-20 22:35:41.397000 28706.109 3.429 50.477 34.291 52.787 4.018 3.8137 3.4999 27.8052 26.8257 1.7651 4.1561 3.9236 0.2759 0.7978 8.321 0.717404814587 0.742
2017-02-20 22:36:49.090000 28773.802 3.287 50.477 34.098 52.786 4.017 3.8131 3.4985 27.806 26.8216 1.7649 4.1561 3.9223 0.2759 0.7977 8.321 0.724871655893 0.7419
2017-02-20 22:37:56.703000 28841.415 3.471 50.481 34.113 52.789 4.017 3.8123 3.4979 27.8056 26.8262 1.7649 4.1556 3.9216 0.2759 0.7978 8.321 0.712210490201 0.7419
2017-02-20 22:39:04.677000 28909.389 3.298 50.483 34.317 52.789 4.017 3.8128 3.4978 27.8018 26.8259 1.765 4.1553 3.9217 0.2759 0.7978 8.321 0.722923784248 0.7418
2017-02-20 22:40:12.305000 28977.017 3.506 50.481 33.876 52.789 4.018 3.8134 3.4993 27.8056 26.8259 1.7652 4.1555 3.9231 0.2759 0.7978 8.321 0.721949848426 0.7418
2017-02-20 22:41:19.929000 29044.641 3.315 50.479 33.756 52.786 4.018 3.8133 3.4983 27.8056 26.8268 1.7653 4.1558 3.9228 0.2759 0.7978 8.321 0.724871655893 0.7417
2017-02-20 22:42:27.562000 29112.274 3.497 50.478 33.724 52.789 4.018 3.8142 3.4988 27.806 26.8262 1.7653 4.156 3.9234 0.2759 0.7978 8.322 0.716430878765 0.7416
2017-02-20 22:43:35.166000 29179.878 3.289 50.481 34.061 52.79 4.018 3.8133 3.4985 27.8056 26.8266 1.7653 4.1561 3.9231 0.2759 0.7977 8.321 0.718703395684 0.7415
2017-02-20 22:44:43.114000 29247.826 3.374 50.479 33.543 52.788 4.019 3.8139 3.4992 27.8056 26.822 1.7652 4.1562 3.9238 0.2759 0.7978 8.322 0.723897720071 0.7416
2017-02-20 22:45:50.718000 29315.43 3.306 50.477 34.307 52.788 4.019 3.8137 3.4997 27.8066 26.8259 1.7653 4.1565 3.924 0.2759 0.7978 8.322 0.713184426023 0.7414
2017-02-20 22:46:58.360000 29383.072 3.506 50.477 33.8 52.787 4.019 3.814 3.4997 27.8011 26.8244 1.7656 4.1565 3.9241 0.2759 0.7979 8.322 0.719352686232 0.7414
2017-02-20 22:48:06.024000 29450.736 3.379 50.479 34.344 52.787 4.019 3.8142 3.5005 27.8066 26.8257 1.7651 4.1567 3.9241 0.2759 0.7978 8.322 0.726494882264 0.7413
2017-02-20 22:49:13.661000 29518.373 3.422 50.476 33.59 52.784 4.02 3.8146 3.501 27.8018 26.8235 1.7655 4.1569 3.9249 0.2759 0.7978 8.322 0.720326622055 0.7413
2017-02-20 22:50:21.335000 29586.047 3.292 50.475 34.184 52.784 4.02 3.8148 3.5016 27.8052 26.8253 1.7655 4.1571 3.925 0.2759 0.7978 8.322 0.721949848426 0.7412
2017-02-20 22:51:29.299000 29654.011 3.343 50.473 33.586 52.784 4.02 3.8139 3.5003 27.8045 26.8249 1.7655 4.1571 3.9246 0.2759 0.7978 8.322 0.715456942942 0.7412
2017-02-20 22:52:36.953000 29721.665 3.495 50.473 34.349 52.782 4.019 3.8147 3.5005 27.8076 26.8205 1.7653 4.157 3.9241 0.2759 0.7978 8.322 0.725845591716 0.7411
2017-02-20 22:53:44.580000 29789.292 3.312 50.471 33.783 52.782 4.019 3.8138 3.5003 27.8052 26.8247 1.7653 4.1569 3.9242 0.2759 0.7978 8.322 0.712210490201 0.741
2017-02-20 22:54:52.254000 29856.966 3.411 50.469 34.303 52.781 4.019 3.8144 3.5006 27.8052 26.8205 1.7653 4.1569 3.9242 0.2759 0.7978 8.322 0.73168920665 0.741
2017-02-20 22:55:59.907000 29924.619 3.377 50.467 33.55 52.779 4.019 3.8144 3.5006 27.806 26.8259 1.7655 4.157 3.9245 0.2759 0.7979 8.322 0.711885844927 0.741
2017-02-20 22:57:07.905000 29992.617 3.47 50.468 34.056 52.777 4.02 3.8147 3.501 27.8045 26.8238 1.7655 4.157 3.925 0.2759 0.7978 8.322 0.727468818086 0.741
2017-02-20 22:58:15.629000 30060.341 3.306 50.463 34.292 52.773 4.02 3.8155 3.5015 27.8052 26.8238 1.7653 4.1574 3.9253 0.2759 0.7979 8.322 0.716755524039 0.7408
2017-02-20 22:59:23.311000 30128.023 3.507 50.463 33.795 52.769 4.02 3.8144 3.5006 27.8056 26.8241 1.7656 4.1575 3.9247 0.2759 0.7978 8.322 0.721300557877 0.7409
2017-02-20 23:00:31.064000 30195.776 3.397 50.462 34.338 52.77 4.02 3.8151 3.5005 27.8042 26.8211 1.7655 4.1575 3.9245 0.2759 0.7979 8.322 0.725196301167 0.7407
2017-02-20 23:01:38.784000 30263.496 3.398 50.459 33.549 52.768 4.02 3.8144 3.5005 27.806 26.8247 1.7655 4.1574 3.9246 0.2759 0.7978 8.321 0.712535135475 0.7407
2017-02-20 23:02:46.516000 30331.228 3.461 50.456 34.1 52.766 4.019 3.8142 3.4999 27.8003 26.8225 1.7656 4.1572 3.924 0.2759 0.7979 8.321 0.718054105136 0.7406
2017-02-20 23:03:54.631000 30399.343 3.301 50.453 34.269 52.76 4.02 3.8154 3.5011 27.8056 26.823 1.7654 4.1571 3.9251 0.2759 0.7978 8.321 0.724222365345 0.7406
2017-02-20 23:05:02.404000 30467.116 3.346 50.45 33.975 52.758 4.019 3.8141 3.4996 27.8039 26.8232 1.7656 4.1572 3.924 0.2759 0.7978 8.321 0.71448300712 0.7406
2017-02-20 23:06:10.132000 30534.844 3.322 50.449 34.316 52.755 4.019 3.8142 3.5 27.8049 26.8189 1.7653 4.1572 3.9244 0.2759 0.7979 8.321 0.717729459862 0.7406
2017-02-20 23:07:17.905000 30602.617 3.506 50.444 33.888 52.751 4.02 3.814 3.5002 27.8039 26.8238 1.7656 4.1572 3.9244 0.2759 0.7979 8.32 0.726494882264 0.7404
2017-02-20 23:08:25.690000 30670.402 3.366 50.441 34.343 52.751 4.019 3.8138 3.4997 27.7976 26.822 1.7653 4.1571 3.924 0.2759 0.7978 8.32 0.720326622055 0.7404
2017-02-20 23:09:33.782000 30738.494 3.301 50.439 33.835 52.749 4.019 3.8148 3.5002 27.8049 26.8232 1.7654 4.1571 3.9246 0.2759 0.7979 8.32 0.719028040958 0.7404
2017-02-20 23:10:41.565000 30806.277 3.462 50.437 33.626 52.747 4.02 3.8141 3.5003 27.8066 26.8232 1.7653 4.1572 3.9244 0.2759 0.7979 8.32 0.718054105136 0.7403
2017-02-20 23:11:49.363000 30874.075 3.29 50.433 34.096 52.746 4.02 3.8143 3.5001 27.8008 26.8186 1.7651 4.1572 3.9246 0.2759 0.7979 8.32 0.714807652394 0.7403
2017-02-20 23:12:57.156000 30941.868 3.349 50.431 33.517 52.737 4.019 3.8141 3.5006 27.8042 26.8225 1.7653 4.1572 3.9245 0.2759 0.798 8.319 0.722599138974 0.7401
2017-02-20 23:14:04.980000 31009.692 3.501 50.43 33.919 52.74 4.019 3.8144 3.5002 27.8049 26.8225 1.7653 4.1572 3.9246 0.2759 0.7979 8.319 0.712859780749 0.7401
2017-02-20 23:15:12.798000 31077.51 3.305 50.425 33.776 52.729 4.02 3.815 3.5005 27.8045 26.8214 1.7654 4.1574 3.9249 0.2759 0.7979 8.319 0.71448300712 0.7401
2017-02-20 23:16:20.912000 31145.624 3.3 50.425 33.843 52.731 4.02 3.8138 3.5001 27.8035 26.8235 1.7656 4.1574 3.9243 0.2759 0.7978 8.319 0.719352686232 0.7401
2017-02-20 23:17:28.675000 31213.387 3.452 50.421 34.168 52.724 4.02 3.8145 3.5008 27.7996 26.823 1.7653 4.1573 3.9251 0.2759 0.798 8.318 0.723248429522 0.74
2017-02-20 23:18:36.519000 31281.231 3.295 50.419 34.18 52.727 4.02 3.8145 3.5011 27.8049 26.822 1.7656 4.1575 3.9253 0.2759 0.7979 8.318 0.707990101637 0.7399
2017-02-20 23:19:44.386000 31349.098 3.394 50.414 34.07 52.726 4.021 3.8144 3.5007 27.8056 26.8235 1.7657 4.1577 3.9253 0.2759 0.798 8.318 0.716430878765 0.74
2017-02-20 23:20:52.281000 31416.993 3.298 50.413 34.204 52.723 4.021 3.8151 3.5014 27.8049 26.8184 1.7656 4.1578 3.926 0.2759 0.7979 8.318 0.720975912603 0.7399
2017-02-20 23:22:00.525000 31485.237 3.303 50.412 34.239 52.719 4.021 3.8152 3.5021 27.8039 26.8225 1.7656 4.158 3.9262 0.2759 0.798 8.318 0.718054105136 0.7398
2017-02-20 23:23:08.392000 31553.104 3.323 50.411 33.618 52.714 4.021 3.8151 3.5013 27.8039 26.8232 1.7659 4.1582 3.9258 0.2759 0.7979 8.318 0.724871655893 0.7397
2017-02-20 23:24:16.345000 31621.057 3.512 50.408 34.329 52.714 4.02 3.8151 3.5013 27.8039 26.8198 1.7655 4.158 3.9257 0.2759 0.7979 8.318 0.712210490201 0.7396
2017-02-20 23:25:24.209000 31688.921 3.295 50.409 33.916 52.719 4.02 3.8149 3.5014 27.8066 26.8247 1.7657 4.158 3.9253 0.2759 0.7979 8.317 0.7222744937 0.7396
2017-02-20 23:26:32.133000 31756.845 3.416 50.406 33.529 52.722 4.02 3.8147 3.5006 27.8066 26.8235 1.7655 4.1578 3.925 0.2759 0.798 8.317 0.723897720071 0.7395
2017-02-20 23:27:40.383000 31825.095 3.39 50.404 33.499 52.714 4.021 3.8149 3.5014 27.8049 26.8189 1.7654 4.1577 3.9255 0.2759 0.7979 8.317 0.713833716572 0.7395
2017-02-20 23:28:48.295000 31893.007 3.466 50.404 34.211 52.707 4.021 3.8147 3.5016 27.8049 26.8235 1.7657 4.158 3.9254 0.2759 0.798 8.317 0.713184426023 0.7395
2017-02-20 23:29:56.208000 31960.92 3.328 50.404 33.642 52.711 4.02 3.8145 3.5006 27.8039 26.8232 1.7656 4.1578 3.9249 0.2759 0.7979 8.316 0.716106233491 0.7394
2017-02-20 23:31:04.201000 32028.913 3.512 50.402 33.837 52.708 4.021 3.8154 3.5013 27.8049 26.8184 1.7657 4.1579 3.9254 0.2759 0.798 8.316 0.713833716572 0.7394
2017-02-20 23:32:12.109000 32096.821 3.39 50.399 34.306 52.712 4.02 3.8144 3.501 27.8052 26.8223 1.7653 4.158 3.9251 0.2759 0.798 8.316 0.723248429522 0.7394
2017-02-20 23:33:20.352000 32165.064 3.366 50.4 34.298 52.71 4.021 3.8149 3.5017 27.8052 26.8225 1.7659 4.158 3.9256 0.2759 0.798 8.316 0.716106233491 0.7393
2017-02-20 23:34:28.285000 32232.997 3.303 50.397 33.584 52.706 4.021 3.8149 3.5019 27.8039 26.818 1.7655 4.1582 3.9259 0.2759 0.798 8.316 0.721300557877 0.7392
2017-02-20 23:35:36.188000 32300.9 3.45 50.398 34.201 52.703 4.02 3.8143 3.5017 27.8042 26.8232 1.7653 4.158 3.9251 0.2759 0.798 8.316 0.706042229992 0.7392
2017-02-20 23:36:44.107000 32368.819 3.295 50.396 34.179 52.703 4.021 3.8145 3.5011 27.8032 26.8223 1.7656 4.1578 3.9252 0.2759 0.7981 8.315 0.727468818086 0.7392
2017-02-20 23:37:52.039000 32436.751 3.334 50.396 33.563 52.707 4.02 3.8144 3.5007 27.8049 26.8184 1.7653 4.1578 3.9244 0.2759 0.798 8.315 0.721300557877 0.7392
2017-02-20 23:39:00.370000 32505.082 3.342 50.397 33.553 52.706 4.02 3.8141 3.5016 27.8045 26.8232 1.7653 4.1576 3.9249 0.2759 0.7979 8.315 0.710262618556 0.7391
2017-02-20 23:40:08.314000 32573.026 3.482 50.391 34.271 52.702 4.02 3.814 3.5006 27.8035 26.8207 1.7656 4.1576 3.9247 0.2759 0.7979 8.315 0.720975912603 0.739
2017-02-20 23:41:16.222000 32640.934 3.33 50.393 33.605 52.7 4.019 3.8144 3.5005 27.8042 26.8198 1.7626 4.1574 3.924 0.2759 0.7979 8.314 0.720651267329 0.7389
2017-02-20 23:42:24.160000 32708.872 3.51 50.393 33.855 52.699 4.021 3.8144 3.5016 27.8042 26.8238 1.7655 4.1576 3.9252 0.2759 0.7979 8.315 0.720975912603 0.739
2017-02-20 23:43:32.155000 32776.867 3.355 50.391 34.325 52.697 4.019 3.8141 3.5005 27.8032 26.8225 1.7651 4.1576 3.9246 0.2759 0.798 8.314 0.708964037459 0.7389
2017-02-20 23:44:40.501000 32845.213 3.379 50.39 34.324 52.698 4.02 3.8143 3.5008 27.7989 26.8186 1.7654 4.1576 3.9248 0.2759 0.7979 8.314 0.715781588217 0.7389
2017-02-20 23:45:48.479000 32913.191 3.296 50.388 33.905 52.7 4.02 3.8141 3.5013 27.8035 26.8232 1.7656 4.1575 3.9244 0.2759 0.798 8.314 0.7222744937 0.7389
2017-02-20 23:46:56.488000 32981.2 3.396 50.389 33.525 52.694 4.02 3.8136 3.5006 27.8039 26.8235 1.7654 4.1575 3.925 0.2759 0.798 8.314 0.712210490201 0.7388
2017-02-20 23:48:04.550000 33049.262 3.475 50.388 34.017 52.7 4.021 3.8142 3.5009 27.8 26.818 1.7653 4.1576 3.925 0.2759 0.798 8.314 0.711561199653 0.7387
2017-02-20 23:49:12.519000 33117.231 3.302 50.388 34.261 52.69 4.02 3.8142 3.5015 27.8029 26.822 1.7655 4.1576 3.9249 0.2759 0.7981 8.314 0.720326622055 0.7387
2017-02-20 23:50:20.864000 33185.576 3.308 50.386 34.273 52.697 4.02 3.8135 3.5001 27.8049 26.8232 1.7655 4.1578 3.9244 0.2759 0.798 8.314 0.717729459862 0.7387
2017-02-20 23:51:28.872000 33253.584 3.322 50.388 33.624 52.7 4.019 3.8138 3.5002 27.7989 26.8216 1.7656 4.1575 3.9247 0.2759 0.798 8.314 0.716755524039 0.7386
2017-02-20 23:52:36.870000 33321.582 3.509 50.386 33.809 52.691 4.02 3.8142 3.4999 27.8042 26.8225 1.7654 4.1574 3.9244 0.2759 0.798 8.313 0.709613328008 0.7386
2017-02-20 23:53:44.879000 33389.591 3.359 50.385 34.305 52.695 4.02 3.8136 3.5003 27.8045 26.823 1.7657 4.1574 3.9245 0.2759 0.7981 8.313 0.727144172812 0.7385
2017-02-20 23:54:52.901000 33457.613 3.3 50.384 33.928 52.694 4.02 3.8138 3.5006 27.7989 26.8225 1.7657 4.1576 3.9251 0.2759 0.7981 8.314 0.707016165814 0.7385
2017-02-20 23:56:01.235000 33525.947 3.295 50.385 33.526 52.693 4.02 3.8141 3.5 27.8049 26.8193 1.7656 4.1576 3.9246 0.2759 0.7981 8.313 0.720975912603 0.7384
2017-02-20 23:57:09.314000 33594.026 3.392 50.384 33.524 52.698 4.019 3.8133 3.5005 27.8049 26.8214 1.7653 4.1574 3.9242 0.2759 0.7981 8.313 0.721625203151 0.7384
2017-02-20 23:58:17.370000 33662.082 3.475 50.384 34.065 52.68 4.02 3.8137 3.4999 27.8039 26.8225 1.7653 4.1573 3.9241 0.2759 0.7981 8.313 0.707665456363 0.7383
2017-02-20 23:59:25.360000 33730.072 3.302 50.383 34.247 52.688 4.019 3.8133 3.5 27.8045 26.8189 1.7654 4.1573 3.9242 0.2759 0.798 8.313 0.714158361846 0.7383
