#Human readable time. Time (s) since start. Lakeshore temperature sensor 218 T1,3,5,6,8 and 224 C2,C3,C4,C5,D2,D3,D5,A,B
293.93 
293.74 
293.93 
294.09 
294.36 
295.908 
295.713 
295.611 
295.752 
295.711 
295.979 
293.301 
0.0 
0.0 
293.81 
-1.0 
0.0 
293.93 
293.74 
293.93 
294.09 
294.36 
295.908 
295.719 
295.607 
295.745 
295.713 
295.981 
293.302 
0.0 
0.0 
293.8 
-1.0 
0.0 
293.93 
293.74 
293.93 
294.09 
294.36 
295.903 
295.719 
295.612 
295.751 
295.713 
295.978 
293.303 
0.0 
0.0 
293.81 
-1.0 
0.0 
293.93 
293.74 
293.93 
294.09 
294.36 
295.909 
295.719 
295.607 
295.745 
295.711 
295.98 
293.301 
0.0 
0.0 
293.81 
-1.0 
0.0 
293.93 
293.74 
293.93 
294.09 
294.36 
295.902 
295.719 
295.611 
295.75 
295.711 
295.98 
293.3 
0.0 
0.0 
293.81 
-1.0 
0.0 
293.93 
293.74 
293.93 
294.09 
294.36 
295.908 
295.72 
295.607 
295.752 
295.711 
295.979 
293.302 
0.0 
0.0 
293.81 
-1.0 
0.0 
293.93 
293.74 
293.93 
294.09 
294.36 
295.908 
295.719 
295.612 
295.75 
295.712 
295.98 
293.3 
0.0 
0.0 
293.81 
-1.0 
0.0 
293.93 
293.74 
293.93 
294.09 
294.36 
295.908 
295.713 
295.604 
295.75 
295.711 
295.979 
293.301 
0.0 
0.0 
293.81 
-1.0 
0.0 
293.93 
293.74 
293.93 
294.09 
294.36 
295.907 
295.719 
295.612 
295.751 
295.712 
295.979 
293.303 
0.0 
0.0 
293.81 
-1.0 
0.0 
293.93 
293.74 
293.93 
294.09 
294.36 
295.908 
295.713 
295.611 
295.75 
295.713 
295.98 
293.302 
0.0 
0.0 
293.81 
-1.0 
0.0 
293.93 
293.74 
293.93 
294.09 
294.36 
295.907 
295.718 
295.61 
295.745 
295.711 
295.977 
293.301 
0.0 
0.0 
293.81 
-1.0 
0.0 
293.93 
293.74 
293.93 
294.09 
294.36 
295.903 
295.717 
295.612 
295.75 
295.711 
295.979 
293.302 
0.0 
0.0 
293.81 
-1.0 
0.0 
293.93 
293.74 
293.93 
294.09 
294.36 
295.906 
295.719 
295.607 
295.75 
295.711 
295.978 
293.302 
0.0 
0.0 
293.81 
-1.0 
0.0 
