#Human readable time. Time (s) since start. Lakeshore temperature sensor 218 T1,2,3,4,5,6,7,8 and 224 C2,C3,C4,C5,D1,D2,D3,D4,D5,A,B
2017-06-26 20:41:01.215000 0.0 4.101 8.193 59.295 9.175 36.256 62.187 6.086 44.4309 6.6103 6.0967 6.3658 0.0 11.7577 18.8235 12.2318 6.1678 0.0 7.6169 
2017-06-26 20:41:17.179000 15.964 4.324 8.192 59.284 9.173 36.375 62.175 6.086 44.427 6.6088 6.0967 6.3656 0.0 11.578 18.8232 12.2301 6.1673 0.0 7.6166 
2017-06-26 20:41:28.742000 27.527 4.029 8.192 59.273 9.172 36.553 62.165 6.091 44.4498 6.6077 6.0976 6.3664 0.0 11.4985 18.823 12.2305 6.1758 0.0 7.6341 
2017-06-26 20:41:40.366000 39.151 4.234 8.193 59.264 9.171 36.283 62.155 6.114 44.5801 6.6074 6.1048 6.3741 0.0 11.4512 18.3128 12.2372 6.2051 0.0 7.6754 
2017-06-26 20:41:51.839000 50.624 4.256 8.198 59.254 9.17 36.767 62.144 6.146 44.8005 6.6091 6.1239 6.3934 0.0 11.4182 18.0885 12.2505 6.2391 0.0 7.7157 
2017-06-26 20:42:03.302000 62.087 4.004 8.205 59.246 9.169 36.472 62.132 6.18 45.0791 6.6129 6.1599 6.428 0.0 11.3962 17.9674 12.268 6.2775 0.0 7.7675 
2017-06-26 20:42:14.788000 73.573 4.123 8.215 59.235 9.168 36.244 62.123 6.207 45.3804 6.6181 6.21 6.4801 0.0 11.3811 17.8756 12.2883 6.304 0.0 7.7979 
2017-06-26 20:42:26.311000 85.096 4.405 8.225 59.225 9.167 36.365 62.112 6.227 45.6389 6.6244 6.27 6.5386 0.0 11.3716 17.7945 12.3053 6.3238 0.0 7.8194 
2017-06-26 20:42:37.864000 96.649 4.356 8.235 59.217 9.166 36.62 62.101 6.242 45.8567 6.6309 6.3352 6.6016 0.0 11.3653 17.7188 12.3198 6.3391 0.0 7.8315 
2017-06-26 20:42:49.466000 108.251 4.424 8.245 59.204 9.165 36.832 62.09 6.201 46.0502 6.6388 6.4062 6.6679 0.0 11.3621 17.6452 12.3319 6.3513 0.0 7.8368 
2017-06-26 20:43:01.124000 119.909 4.314 8.254 59.196 9.164 36.739 62.08 6.265 46.216 6.6469 6.4758 6.7386 0.0 11.3609 17.5726 12.3413 6.3627 0.0 7.8439 
2017-06-26 20:43:12.758000 131.543 4.035 8.263 59.186 9.163 36.826 62.069 6.275 46.3739 6.6557 6.5462 6.8064 0.0 11.3614 17.498 12.349 6.3716 0.0 7.846 
2017-06-26 20:43:24.441000 143.226 4.032 8.272 59.175 9.162 36.61 62.058 6.282 46.5191 6.6656 6.6202 6.8787 0.0 11.3632 17.4267 12.3557 6.381 0.0 7.8494 
2017-06-26 20:43:36.118000 154.903 4.097 8.279 59.168 9.161 36.305 62.047 6.29 46.6618 6.6756 6.6915 6.9474 0.0 11.3659 17.3558 12.3608 6.3887 0.0 7.8491 
2017-06-26 20:43:47.832000 166.617 4.062 8.287 59.154 9.16 36.466 62.037 6.297 46.7948 6.6868 6.7663 7.0204 0.0 11.3694 17.2819 12.3644 6.3953 0.0 7.8557 
2017-06-26 20:43:59.564000 178.349 4.145 8.294 59.146 9.159 36.239 62.027 6.304 46.9327 6.6982 6.8378 7.0903 0.0 11.3737 17.2115 12.3669 6.4045 0.0 7.853 
2017-06-26 20:44:11.387000 190.172 4.062 8.3 59.136 9.159 36.541 62.016 6.309 47.0608 6.7106 6.9134 7.164 0.0 11.3781 17.138 12.369 6.4085 0.0 7.8523 
2017-06-26 20:44:23.199000 201.984 4.156 8.307 59.127 9.158 36.258 62.003 6.315 47.1945 6.7238 6.9885 7.2383 0.0 11.3832 17.0648 12.37 6.4154 0.0 7.8505 
2017-06-26 20:44:35.042000 213.827 4.11 8.313 59.117 9.157 36.323 61.994 6.321 47.3276 6.7375 7.0608 7.3095 0.0 11.3885 16.9949 12.3703 6.4222 0.0 7.8477 
2017-06-26 20:44:46.894000 225.679 4.354 8.318 59.107 9.156 36.283 61.985 6.325 47.4601 6.751 7.1363 7.3844 0.0 11.3941 16.9241 12.37 6.427 0.0 7.8504 
2017-06-26 20:44:58.886000 237.671 4.153 8.323 59.096 9.155 36.251 61.973 6.33 47.5868 6.766 7.2116 7.4602 0.0 11.4001 16.8535 12.3694 6.4306 0.0 7.8407 
2017-06-26 20:45:10.829000 249.614 4.072 8.328 59.087 9.154 36.514 61.962 6.335 47.7145 6.7814 7.2876 7.5362 0.0 11.4062 16.783 12.3679 6.4364 0.0 7.8437 
2017-06-26 20:45:22.761000 261.546 4.053 8.333 59.079 9.153 36.68 61.951 6.314 47.845 6.7974 7.3627 7.6122 0.0 11.4125 16.7128 12.3661 6.441 0.0 7.8379 
2017-06-26 20:45:34.793000 273.578 4.057 8.337 59.068 9.152 36.781 61.942 6.322 47.9746 6.8142 7.438 7.6889 0.0 11.4187 16.6429 12.3636 6.4456 0.0 7.8386 
2017-06-26 20:45:46.826000 285.611 4.185 8.341 59.06 9.151 36.85 61.932 6.348 48.1023 6.8315 7.5132 7.7652 0.0 11.4252 16.5729 12.3613 6.4499 0.0 7.8274 
2017-06-26 20:45:58.848000 297.633 4.372 8.345 59.052 9.15 36.734 61.921 6.351 48.2305 6.8492 7.5874 7.8415 0.0 11.4316 16.5029 12.3588 6.4527 0.0 7.8293 
2017-06-26 20:46:10.901000 309.686 4.475 8.349 59.041 9.149 36.467 61.912 6.354 48.3604 6.8674 7.6618 7.9179 0.0 11.4382 16.4336 12.356 6.4553 0.0 7.8226 
2017-06-26 20:46:23.043000 321.828 4.442 8.352 59.032 9.148 36.33 61.9 6.356 48.4918 6.887 7.7352 7.9933 0.0 11.4447 16.364 12.3533 6.4565 0.0 7.8176 
2017-06-26 20:46:35.165000 333.95 4.185 8.355 59.021 9.148 36.234 61.889 6.359 48.6191 6.9059 7.8113 8.0694 0.0 11.4516 16.2949 12.3501 6.4618 0.0 7.8087 
2017-06-26 20:46:47.378000 346.163 4.148 8.358 59.013 9.147 36.478 61.878 6.363 48.7453 6.9251 7.8843 8.1484 0.0 11.4584 16.2233 12.3461 6.466 0.0 7.8107 
2017-06-26 20:46:59.590000 358.375 4.354 8.36 59.003 9.146 36.737 61.87 6.366 48.88 6.9447 7.9558 8.2226 0.0 11.465 16.1546 12.3422 6.4687 0.0 7.8028 
2017-06-26 20:47:11.833000 370.618 4.456 8.363 58.994 9.145 36.551 61.859 6.367 49.0053 6.9653 8.0303 8.3009 0.0 11.4718 16.0832 12.3386 6.4699 0.0 7.7911 
2017-06-26 20:47:24.105000 382.89 4.095 8.365 58.984 9.144 36.471 61.847 6.369 49.1305 6.9853 8.1009 8.3748 0.0 11.4787 16.0152 12.3345 6.4723 0.0 7.7913 
2017-06-26 20:47:36.408000 395.193 4.066 8.367 58.976 9.144 36.722 61.837 6.298 49.2638 7.0066 8.1736 8.4511 0.0 11.4852 15.9477 12.3304 6.4741 0.0 7.7842 
2017-06-26 20:47:48.730000 407.515 4.473 8.369 58.967 9.143 36.512 61.827 6.374 49.3957 7.0272 8.2415 8.5231 0.0 11.4918 15.8815 12.3263 6.4769 0.0 7.7788 
2017-06-26 20:48:01.093000 419.878 4.089 8.371 58.957 9.142 36.562 61.817 6.375 49.5214 7.049 8.3132 8.5992 0.0 11.4984 15.818 12.3224 6.4785 0.0 7.7729 
2017-06-26 20:48:13.495000 432.28 4.074 8.372 58.948 9.142 36.804 61.807 6.377 49.6511 7.0708 8.3804 8.67 0.0 11.5054 15.7527 12.3178 6.4798 0.0 7.7679 
2017-06-26 20:48:25.927000 444.712 4.491 8.374 58.94 9.141 36.395 61.796 6.378 49.7829 7.0917 8.4492 8.7428 0.0 11.5124 15.6873 12.3133 6.4818 0.0 7.7621 
2017-06-26 20:48:38.370000 457.155 4.073 8.375 58.928 9.14 36.653 61.786 6.378 49.906 7.1136 8.5169 8.8159 0.0 11.5192 15.6221 12.3093 6.4807 0.0 7.758 
2017-06-26 20:48:50.812000 469.597 4.451 8.376 58.919 9.14 36.585 61.778 6.381 50.0395 7.1351 8.5848 8.888 0.0 11.5263 15.5578 12.3044 6.4853 0.0 7.7515 
2017-06-26 20:49:03.175000 481.96 4.139 8.377 58.909 9.139 36.477 61.765 6.378 50.1611 7.1539 8.6466 8.9534 0.0 11.5328 15.4954 12.2994 6.4801 0.0 7.7349 
2017-06-26 20:49:15.637000 494.422 4.088 8.377 58.899 9.139 36.527 61.757 6.371 50.2497 7.1701 8.7054 9.0162 0.0 11.5375 15.4301 12.2916 6.4705 0.0 7.7152 
2017-06-26 20:49:28.020000 506.805 4.393 8.375 58.89 9.138 36.702 61.746 6.347 50.3154 7.1835 8.7555 9.0723 0.0 11.5408 15.3641 12.282 6.4605 0.0 7.6946 
2017-06-26 20:49:40.462000 519.247 4.129 8.373 58.884 9.137 36.352 61.736 6.353 50.3528 7.1943 8.7946 9.1165 0.0 11.5428 15.2976 12.2708 6.4512 0.0 7.6709 
2017-06-26 20:49:52.965000 531.75 4.3 8.37 58.874 9.137 36.817 61.726 6.343 50.3783 7.2025 8.8247 9.1538 0.0 11.5436 15.2308 12.2582 6.4402 0.0 7.6469 
2017-06-26 20:50:05.427000 544.212 4.297 8.366 58.866 9.136 36.234 61.716 6.332 50.3916 7.2095 8.8435 9.1815 0.0 11.5435 15.1638 12.2449 6.4277 0.0 7.6291 
2017-06-26 20:50:18.020000 556.805 4.073 8.362 58.856 9.136 36.83 61.705 6.322 50.3967 7.2144 8.8516 9.2001 0.0 11.5423 15.0964 12.2315 6.4176 0.0 7.6057 
2017-06-26 20:50:30.592000 569.377 4.462 8.356 58.846 9.135 36.421 61.696 6.156 50.4 7.218 8.8501 9.2104 0.0 11.5403 15.0293 12.218 6.4061 0.0 7.5891 
2017-06-26 20:50:43.185000 581.97 4.039 8.351 58.837 9.135 36.687 61.685 6.303 50.4 7.2202 8.8402 9.2135 0.0 11.5376 14.962 12.2041 6.3975 0.0 7.563 
2017-06-26 20:50:55.817000 594.602 4.397 8.345 58.828 9.134 36.555 61.675 6.294 50.3957 7.2215 8.8221 9.2096 0.0 11.5341 14.8988 12.1902 6.3864 0.0 7.5471 
2017-06-26 20:51:08.460000 607.245 4.055 8.34 58.818 9.134 36.469 61.664 6.135 50.3901 7.2219 8.7971 9.1997 0.0 11.5303 14.8353 12.1766 6.3766 0.0 7.5311 
2017-06-26 20:51:21.102000 619.887 4.299 8.333 58.809 9.133 36.227 61.655 6.276 50.3832 7.2215 8.766 9.1841 0.0 11.5262 14.772 12.1635 6.3684 0.0 7.5097 
2017-06-26 20:51:33.795000 632.58 4.022 8.327 58.8 9.133 36.682 61.641 6.198 50.3772 7.2205 8.7303 9.1639 0.0 11.5211 14.7064 12.1501 6.3582 0.0 7.4941 
2017-06-26 20:51:46.547000 645.332 4.35 8.32 58.787 9.132 36.656 61.633 6.259 50.3712 7.2193 8.6883 9.1393 0.0 11.516 14.6431 12.1382 6.3492 0.0 7.4796 
2017-06-26 20:51:59.300000 658.085 4.048 8.314 58.779 9.132 36.81 61.622 6.251 50.3617 7.2178 8.6445 9.1094 0.0 11.5104 14.5775 12.1259 6.3405 0.0 7.4618 
2017-06-26 20:52:12.103000 670.888 4.396 8.307 58.769 9.131 36.301 61.612 6.244 50.3552 7.2159 8.5973 9.0775 0.0 11.5047 14.5149 12.114 6.3331 0.0 7.451 
2017-06-26 20:52:24.935000 683.72 4.313 8.301 58.759 9.131 36.703 61.601 6.193 50.3482 7.214 8.5448 9.0426 0.0 11.4987 14.4521 12.1027 6.3266 0.0 7.4299 
2017-06-26 20:52:37.778000 696.563 4.011 8.295 58.75 9.131 36.235 61.591 6.229 50.3407 7.2119 8.4926 9.0034 0.0 11.4927 14.3901 12.0921 6.318 0.0 7.4166 
2017-06-26 20:52:50.690000 709.475 4.415 8.288 58.741 9.13 36.351 61.579 6.223 50.3334 7.2099 8.4396 8.9646 0.0 11.4867 14.3307 12.0813 6.3107 0.0 7.4068 
2017-06-26 20:53:03.633000 722.418 4.245 8.282 58.73 9.13 36.775 61.573 6.216 50.3274 7.2079 8.3826 8.9221 0.0 11.4805 14.2693 12.0711 6.3038 0.0 7.3945 
2017-06-26 20:53:16.555000 735.34 3.999 8.275 58.719 9.129 36.739 61.561 6.21 50.3174 7.206 8.3241 8.8798 0.0 11.4743 14.208 12.0616 6.2975 0.0 7.3887 
2017-06-26 20:53:29.488000 748.273 4.05 8.269 58.712 9.129 36.298 61.549 6.203 50.31 7.2043 8.2671 8.8337 0.0 11.4677 14.1469 12.0528 6.2903 0.0 7.3719 
2017-06-26 20:53:42.441000 761.226 4.384 8.263 58.702 9.129 36.817 61.538 6.196 50.3064 7.2025 8.2077 8.7857 0.0 11.4614 14.0862 12.0444 6.2834 0.0 7.3629 
2017-06-26 20:53:55.443000 774.228 4.024 8.257 58.691 9.128 36.372 61.526 6.191 50.2974 7.2006 8.1513 8.7396 0.0 11.4548 14.0259 12.0368 6.2774 0.0 7.353 
2017-06-26 20:54:08.466000 787.251 4.36 8.251 58.685 9.128 36.276 61.517 6.186 50.2926 7.1992 8.0918 8.6912 0.0 11.4483 13.9676 12.0287 6.2724 0.0 7.3407 
2017-06-26 20:54:21.508000 800.293 4.271 8.246 58.672 9.127 36.703 61.508 6.182 50.2841 7.1977 8.0323 8.642 0.0 11.4417 13.9111 12.0212 6.2678 0.0 7.3321 
2017-06-26 20:54:34.631000 813.416 4.292 8.24 58.663 9.127 36.703 61.497 6.176 50.2791 7.1962 7.9735 8.5944 0.0 11.4347 13.8546 12.0137 6.2618 0.0 7.3268 
2017-06-26 20:54:47.764000 826.549 3.979 8.235 58.652 9.126 36.713 61.485 6.173 50.2721 7.195 7.9156 8.5437 0.0 11.428 13.7962 12.0063 6.2587 0.0 7.3103 
2017-06-26 20:55:00.896000 839.681 4.036 8.23 58.643 9.126 36.266 61.474 6.17 50.267 7.1938 7.8611 8.4934 0.0 11.4214 13.7409 11.9989 6.255 0.0 7.2998 
2017-06-26 20:55:14.089000 852.874 4.384 8.225 58.632 9.125 36.36 61.462 6.165 50.2591 7.1928 7.8045 8.4436 0.0 11.4147 13.6858 11.9921 6.2499 0.0 7.2907 
2017-06-26 20:55:27.272000 866.057 4.382 8.22 58.622 9.125 36.753 61.456 6.161 50.2537 7.1917 7.7495 8.3937 0.0 11.408 13.6289 11.9854 6.2457 0.0 7.292 
2017-06-26 20:55:40.485000 879.27 4.184 8.215 58.612 9.125 36.723 61.444 6.157 50.2456 7.1908 7.6956 8.344 0.0 11.4013 13.5746 11.9789 6.2422 0.0 7.2781 
2017-06-26 20:55:53.708000 892.493 3.971 8.211 58.602 9.124 36.645 61.431 6.153 50.2408 7.1898 7.6427 8.2941 0.0 11.3944 13.5184 11.9732 6.2378 0.0 7.2719 
2017-06-26 20:56:07.030000 905.815 3.974 8.206 58.592 9.123 36.676 61.421 5.993 50.2348 7.1889 7.5885 8.2445 0.0 11.3879 13.4666 11.967 6.2343 0.0 7.2605 
2017-06-26 20:56:20.353000 919.138 4.119 8.202 58.581 9.123 36.118 61.41 6.147 50.2288 7.1881 7.5387 8.1946 0.0 11.3814 13.4146 11.9611 6.2305 0.0 7.2623 
2017-06-26 20:56:33.696000 932.481 4.06 8.198 58.571 9.122 36.144 61.398 6.14 50.2242 7.1872 7.49 8.1469 0.0 11.3746 13.3648 11.9559 6.2267 0.0 7.2536 
2017-06-26 20:56:47.058000 945.843 4.317 8.194 58.56 9.122 36.503 61.388 6.14 50.2178 7.1864 7.4424 8.0998 0.0 11.3683 13.3133 11.9506 6.2243 0.0 7.2425 
2017-06-26 20:57:00.451000 959.236 4.32 8.19 58.549 9.121 36.458 61.375 6.137 50.2123 7.1854 7.3939 8.0509 0.0 11.3618 13.2626 11.9457 6.2206 0.0 7.2377 
2017-06-26 20:57:13.894000 972.679 4.363 8.186 58.538 9.121 36.365 61.363 6.134 50.2069 7.1845 7.3498 8.0048 0.0 11.3552 13.2123 11.9408 6.2178 0.0 7.2358 
2017-06-26 20:57:27.326000 986.111 4.365 8.182 58.528 9.12 36.278 61.353 6.13 50.2034 7.1837 7.3066 7.96 0.0 11.349 13.1624 11.9362 6.2136 0.0 7.2271 
2017-06-26 20:57:40.819000 999.604 4.366 8.178 58.518 9.12 36.296 61.342 6.128 50.1974 7.1828 7.2628 7.9141 0.0 11.3425 13.1129 11.932 6.2114 0.0 7.2196 
2017-06-26 20:57:54.362000 1013.147 4.363 8.175 58.507 9.119 36.287 61.332 6.124 50.1923 7.1818 7.22 7.8707 0.0 11.3363 13.0643 11.9281 6.2074 0.0 7.2196 
2017-06-26 20:58:07.904000 1026.689 4.362 8.172 58.497 9.119 36.277 61.32 6.089 50.186 7.1808 7.181 7.8261 0.0 11.3299 13.0158 11.9238 6.2062 0.0 7.2152 
2017-06-26 20:58:21.467000 1040.252 4.347 8.168 58.486 9.118 36.188 61.309 6.121 50.1809 7.1798 7.1417 7.7828 0.0 11.3239 12.9698 11.9198 6.2033 0.0 7.209 
2017-06-26 20:58:35.060000 1053.845 4.312 8.165 58.476 9.117 36.176 61.297 6.118 50.1749 7.1787 7.1054 7.7425 0.0 11.3178 12.9251 11.9155 6.2005 0.0 7.2077 
2017-06-26 20:58:48.693000 1067.478 4.214 8.162 58.466 9.117 36.09 61.285 6.116 50.1686 7.1775 7.0685 7.7012 0.0 11.3115 12.8811 11.9118 6.1987 0.0 7.2001 
2017-06-26 20:59:02.325000 1081.11 4.067 8.159 58.454 9.116 36.083 61.272 6.114 50.1656 7.1765 7.0326 7.6605 0.0 11.3057 12.8362 11.9076 6.1964 0.0 7.1985 
2017-06-26 20:59:16.028000 1094.813 3.954 8.156 58.445 9.115 36.597 61.261 6.112 50.1596 7.1752 6.9979 7.6223 0.0 11.2999 12.793 11.904 6.194 0.0 7.1948 
2017-06-26 20:59:29.761000 1108.546 3.963 8.153 58.433 9.115 36.664 61.248 6.053 50.1545 7.174 6.9651 7.5836 0.0 11.2938 12.7489 11.9002 6.1931 0.0 7.1922 
2017-06-26 20:59:43.503000 1122.288 3.964 8.15 58.422 9.114 36.669 61.237 6.108 50.1491 7.1726 6.9345 7.5461 0.0 11.2882 12.707 11.8962 6.1898 0.0 7.1832 
2017-06-26 20:59:57.236000 1136.021 4.32 8.147 58.409 9.113 36.415 61.227 6.107 50.1455 7.1713 6.9038 7.5094 0.0 11.2826 12.6654 11.8919 6.1889 0.0 7.1834 
2017-06-26 21:00:11.049000 1149.834 4.337 8.145 58.402 9.113 36.365 61.217 6.105 50.1396 7.1699 6.8742 7.4737 0.0 11.2771 12.6229 11.8885 6.1867 0.0 7.1815 
2017-06-26 21:00:24.882000 1163.667 4.042 8.142 58.39 9.112 36.094 61.206 6.102 50.1356 7.1684 6.8455 7.4388 0.0 11.2713 12.5813 11.8852 6.1835 0.0 7.1816 
2017-06-26 21:00:38.714000 1177.499 3.957 8.139 58.379 9.111 36.121 61.193 6.087 50.1311 7.1669 6.8177 7.4045 0.0 11.2658 12.5411 11.8823 6.182 0.0 7.174 
2017-06-26 21:00:52.567000 1191.352 3.968 8.137 58.369 9.11 36.666 61.18 6.094 50.124 7.1653 6.7904 7.3722 0.0 11.2606 12.5006 11.8791 6.1804 0.0 7.1695 
2017-06-26 21:01:06.480000 1205.265 4.313 8.134 58.36 9.11 36.411 61.17 6.03 50.121 7.1638 6.7654 7.339 0.0 11.2553 12.4626 11.8761 6.1789 0.0 7.1635 
2017-06-26 21:01:20.433000 1219.218 4.015 8.132 58.348 9.109 36.122 61.158 6.096 50.1171 7.1622 6.7411 7.3083 0.0 11.2501 12.4252 11.8735 6.1772 0.0 7.1608 
2017-06-26 21:01:34.446000 1233.231 3.947 8.13 58.339 9.108 36.595 61.148 6.094 50.1111 7.1605 6.718 7.2786 0.0 11.2449 12.3884 11.8704 6.1752 0.0 7.1611 
2017-06-26 21:01:48.448000 1247.233 4.299 8.127 58.327 9.107 36.446 61.135 6.092 50.1066 7.1587 6.6948 7.2482 0.0 11.2397 12.352 11.868 6.1738 0.0 7.1578 
2017-06-26 21:02:02.501000 1261.286 4.064 8.125 58.316 9.107 36.063 61.123 6.092 50.0977 7.157 6.6734 7.2202 0.0 11.2345 12.3164 11.8652 6.1726 0.0 7.1523 
2017-06-26 21:02:16.524000 1275.309 3.959 8.123 58.305 9.106 36.642 61.113 6.049 50.0958 7.155 6.6527 7.1928 0.0 11.2296 12.2812 11.8629 6.171 0.0 7.1501 
2017-06-26 21:02:30.587000 1289.372 4.3 8.121 58.295 9.105 36.416 61.1 5.631 50.0913 7.1532 6.6321 7.1656 0.0 11.2248 12.2464 11.8604 6.1684 0.0 7.149 
2017-06-26 21:02:44.690000 1303.475 4.019 8.118 58.285 9.104 36.079 61.087 6.087 50.0857 7.1512 6.613 7.1403 0.0 11.2198 12.2122 11.8574 6.1684 0.0 7.1462 
2017-06-26 21:02:58.892000 1317.677 3.972 8.116 58.271 9.103 36.647 61.077 6.086 50.0813 7.1492 6.5943 7.1147 0.0 11.215 12.1775 11.8546 6.1675 0.0 7.1437 
2017-06-26 21:03:13.055000 1331.84 4.035 8.114 58.261 9.102 36.348 61.066 5.933 50.0763 7.1473 6.5762 7.0908 0.0 11.2104 12.1442 11.8521 6.1657 0.0 7.1376 
2017-06-26 21:03:27.268000 1346.053 3.942 8.112 58.251 9.101 36.534 61.053 6.083 50.0729 7.1453 6.5596 7.067 0.0 11.2057 12.1105 11.8497 6.1642 0.0 7.1381 
2017-06-26 21:03:41.561000 1360.346 4.218 8.11 58.239 9.101 36.573 61.041 6.071 50.0675 7.1432 6.5429 7.0438 0.0 11.2011 12.0787 11.8474 6.1632 0.0 7.1381 
2017-06-26 21:03:55.804000 1374.589 3.946 8.108 58.228 9.1 36.459 61.028 6.081 50.0629 7.1411 6.5272 7.0213 0.0 11.1967 12.046 11.8453 6.1615 0.0 7.1294 
2017-06-26 21:04:10.037000 1388.822 4.217 8.107 58.214 9.099 36.568 61.018 6.08 50.0584 7.1388 6.5119 7.0005 0.0 11.1923 12.015 11.8429 6.1607 0.0 7.1349 
2017-06-26 21:04:24.369000 1403.154 3.964 8.105 58.206 9.098 36.103 61.006 6.027 50.053 7.1366 6.4978 6.9798 0.0 11.188 11.9843 11.8405 6.1584 0.0 7.1306 
2017-06-26 21:04:38.702000 1417.487 4.033 8.103 58.193 9.097 36.645 60.995 6.077 50.047 7.1343 6.4836 6.9597 0.0 11.1834 11.956 11.8382 6.1576 0.0 7.132 
2017-06-26 21:04:53.055000 1431.84 3.99 8.101 58.185 9.096 36.175 60.982 6.076 50.0413 7.1322 6.4701 6.9404 0.0 11.1794 11.9274 11.8363 6.1568 0.0 7.1267 
2017-06-26 21:05:07.438000 1446.223 4.279 8.099 58.171 9.095 36.632 60.971 6.075 50.0385 7.1299 6.4569 6.9219 0.0 11.1753 11.8993 11.8346 6.1552 0.0 7.123 
2017-06-26 21:05:21.921000 1460.706 4.079 8.097 58.162 9.094 35.993 60.959 6.074 50.0325 7.1274 6.4443 6.9036 0.0 11.171 11.8717 11.8325 6.1547 0.0 7.1209 
2017-06-26 21:05:36.334000 1475.119 4.246 8.095 58.152 9.093 36.48 60.948 5.867 50.029 7.125 6.4322 6.8861 0.0 11.1669 11.8445 11.8307 6.1534 0.0 7.1191 
2017-06-26 21:05:50.817000 1489.602 3.94 8.093 58.139 9.092 36.397 60.933 5.928 50.0235 7.1227 6.4202 6.8693 0.0 11.1627 11.8177 11.8287 6.1516 0.0 7.117 
2017-06-26 21:06:05.289000 1504.074 4.245 8.092 58.128 9.091 35.987 60.924 6.072 50.0186 7.1202 6.4091 6.8522 0.0 11.159 11.7915 11.8264 6.1522 0.0 7.1145 
2017-06-26 21:06:19.822000 1518.607 4.174 8.09 58.118 9.091 36.562 60.91 6.07 50.013 7.1177 6.3985 6.8365 0.0 11.1549 11.7657 11.8248 6.1498 0.0 7.1134 
2017-06-26 21:06:34.405000 1533.19 3.983 8.088 58.107 9.09 36.099 60.898 6.07 50.0091 7.1153 6.3882 6.8214 0.0 11.1512 11.7406 11.8228 6.15 0.0 7.112 
2017-06-26 21:06:48.978000 1547.763 4.313 8.087 58.094 9.089 36.277 60.884 6.067 50.0061 7.1126 6.3786 6.8067 0.0 11.1475 11.7158 11.8208 6.1486 0.0 7.1116 
2017-06-26 21:07:03.591000 1562.376 3.935 8.085 58.082 9.088 36.512 60.873 6.068 50.0006 7.1101 6.3688 6.7919 0.0 11.1437 11.6915 11.819 6.1477 0.0 7.1086 
2017-06-26 21:07:18.215000 1577.0 4.168 8.083 58.071 9.087 35.951 60.862 6.067 49.9949 7.1075 6.3599 6.7787 0.0 11.14 11.6675 11.8169 6.147 0.0 7.108 
2017-06-26 21:07:33.018000 1591.803 4.327 8.082 58.06 9.086 36.095 60.85 5.548 50.001 7.1055 6.352 6.7666 0.0 11.1363 11.6434 11.8157 6.1491 0.0 7.1099 
2017-06-26 21:07:47.731000 1606.516 3.998 8.081 58.049 9.085 36.596 60.836 6.072 50.0405 7.1037 6.3493 6.7595 0.0 11.1329 11.6208 11.8171 6.1522 0.0 7.122 
2017-06-26 21:08:02.444000 1621.229 3.981 8.08 58.036 9.084 36.089 60.823 6.072 50.0738 7.102 6.3492 6.755 0.0 11.1297 11.5981 11.8179 6.1528 0.0 7.1216 
2017-06-26 21:08:17.347000 1636.132 4.1 8.08 58.025 9.083 35.928 60.812 6.072 50.0958 7.0998 6.3495 6.7512 0.0 11.1265 11.5755 11.8181 6.1527 0.0 7.122 
2017-06-26 21:08:32.110000 1650.895 4.224 8.079 58.011 9.082 36.445 60.8 6.072 50.1079 7.0976 6.3495 6.7475 0.0 11.1236 11.5546 11.8176 6.1519 0.0 7.121 
2017-06-26 21:08:46.933000 1665.718 4.157 8.078 58.0 9.081 36.539 60.788 6.071 50.1157 7.0954 6.3484 6.7431 0.0 11.1205 11.533 11.817 6.1511 0.0 7.1158 
2017-06-26 21:09:01.756000 1680.541 4.055 8.077 57.988 9.08 36.569 60.775 6.059 50.1147 7.093 6.3463 6.7377 0.0 11.1174 11.512 11.8158 6.1498 0.0 7.1157 
2017-06-26 21:09:16.679000 1695.464 4.002 8.075 57.977 9.079 36.024 60.763 6.068 50.1139 7.0905 6.3432 6.732 0.0 11.1144 11.4923 11.8145 6.1479 0.0 7.1172 
2017-06-26 21:09:31.602000 1710.387 4.099 8.074 57.965 9.078 35.922 60.749 6.068 50.1132 7.0882 6.3396 6.7256 0.0 11.1117 11.4732 11.8128 6.1481 0.0 7.1111 
2017-06-26 21:09:46.545000 1725.33 4.223 8.073 57.954 9.077 35.97 60.738 6.067 50.1111 7.0856 6.3355 6.7186 0.0 11.1088 11.4546 11.8108 6.1475 0.0 7.1098 
2017-06-26 21:10:01.478000 1740.263 4.326 8.071 57.942 9.076 36.04 60.724 6.065 50.1081 7.0831 6.3307 6.7111 0.0 11.1058 11.4363 11.809 6.1439 0.0 7.1104 
2017-06-26 21:10:16.491000 1755.276 4.299 8.07 57.931 9.075 36.283 60.713 6.066 50.1042 7.0806 6.3257 6.7034 0.0 11.103 11.4184 11.8062 6.1459 0.0 7.1068 
2017-06-26 21:10:31.514000 1770.299 4.214 8.069 57.92 9.074 36.433 60.7 5.924 50.0997 7.0779 6.3206 6.6959 0.0 11.1001 11.4009 11.8036 6.1447 0.0 7.0971 
2017-06-26 21:10:46.567000 1785.352 4.0 8.067 57.907 9.073 36.136 60.689 6.033 50.0933 7.0752 6.3153 6.6882 0.0 11.0974 11.3837 11.8012 6.144 0.0 7.1018 
2017-06-26 21:11:01.660000 1800.445 3.939 8.066 57.896 9.072 36.512 60.676 6.063 50.0888 7.0726 6.3095 6.6803 0.0 11.0946 11.367 11.7988 6.143 0.0 7.0971 
2017-06-26 21:11:17.033000 1815.818 3.938 8.065 57.885 9.071 36.326 60.664 6.006 50.0847 15.6843 6.3041 6.6721 0.0 11.0919 11.3501 11.8005 6.1439 0.0 7.1317 
2017-06-26 21:11:32.336000 1831.121 3.984 8.065 57.872 9.07 36.561 60.653 6.083 50.0862 20.7686 6.302 6.6681 0.0 11.0902 11.3341 11.8106 6.1696 0.0 7.1766 
2017-06-26 21:11:47.709000 1846.494 3.959 8.071 57.86 9.069 36.477 60.639 6.126 50.0988 24.3666 6.3092 6.6742 0.0 11.0879 11.3197 11.8368 6.223 0.0 7.2779 
2017-06-26 21:12:03.102000 1861.887 4.169 8.085 57.85 9.068 36.521 60.628 6.19 50.1292 27.6513 6.3287 6.6932 0.0 11.086 11.3065 11.8912 6.296 0.0 7.5115 
2017-06-26 21:12:18.656000 1877.441 4.364 8.11 57.838 9.067 36.272 60.611 6.298 50.1994 30.8793 6.3672 6.7308 0.0 11.0852 11.2962 12.0025 6.4226 0.0 7.8882 
2017-06-26 21:12:34.090000 1892.875 4.361 8.15 57.826 9.066 35.91 60.602 6.452 50.3224 33.4017 6.4344 6.7935 0.0 11.0875 11.2911 12.1767 6.5897 0.0 8.305 
2017-06-26 21:12:49.605000 1908.39 4.174 8.205 57.813 9.065 36.105 60.589 6.602 50.4421 35.384 6.5196 6.8794 0.0 11.0961 11.2929 12.385 6.7513 0.0 8.6688 
2017-06-26 21:13:05.130000 1923.915 4.273 8.273 57.802 9.063 36.495 60.577 6.763 50.5396 37.1821 6.6258 6.9802 0.0 11.1113 11.3016 12.6202 6.9278 0.0 9.093 
2017-06-26 21:13:20.735000 1939.52 4.652 8.348 57.788 9.062 36.262 60.562 6.92 50.6128 38.8344 6.7484 7.096 0.0 11.1346 11.3178 12.8765 7.0944 0.0 9.5154 
2017-06-26 21:13:36.339000 1955.124 4.819 8.43 57.775 9.061 35.968 60.549 7.066 50.6681 40.371 6.882 7.2206 0.0 11.1656 11.341 13.1413 7.2485 0.0 9.939 
2017-06-26 21:13:52.094000 1970.879 4.548 8.52 57.762 9.06 35.866 60.535 7.235 50.7114 41.8301 7.0343 7.3579 0.0 11.2035 11.3698 13.4262 7.4309 0.0 10.3443 
2017-06-26 21:14:07.730000 1986.515 4.508 8.619 57.75 9.059 36.216 60.524 7.359 50.7394 43.1984 7.1827 7.5022 0.0 11.2515 11.4034 13.7139 7.5808 0.0 10.7532 
2017-06-26 21:14:23.395000 2002.18 5.098 8.724 57.738 9.059 36.203 60.512 7.516 50.7629 44.5018 7.337 7.6466 0.0 11.3058 11.442 14.0119 7.7355 0.0 11.0941 
2017-06-26 21:14:39.090000 2017.875 4.837 8.826 57.727 9.058 35.929 60.499 7.666 50.7833 45.7741 7.493 7.7934 0.0 11.3681 11.4821 14.3037 7.8972 0.0 11.438 
2017-06-26 21:14:54.865000 2033.65 4.948 8.927 57.715 9.057 36.306 60.487 7.785 50.7977 46.7294 7.6455 7.9384 0.0 11.4372 11.527 14.5744 8.0118 0.0 11.7715 
2017-06-26 21:15:10.600000 2049.385 5.309 9.028 57.705 9.056 36.29 60.477 7.895 50.8057 47.2186 7.792 8.0782 0.0 11.5054 11.5688 14.8393 8.1172 0.0 12.0537 
2017-06-26 21:15:26.454000 2065.239 4.777 9.115 57.696 9.055 36.014 60.467 7.948 50.8021 47.4924 7.924 8.2015 0.0 11.582 11.6079 15.0589 8.1711 0.0 12.1744 
2017-06-26 21:15:42.258000 2081.043 5.107 9.196 57.688 9.055 36.67 60.457 8.001 50.7911 47.684 8.0371 8.3073 0.0 11.657 11.6414 15.2387 8.2198 0.0 12.2275 
2017-06-26 21:15:58.115000 2096.9 4.92 9.266 57.68 9.054 36.178 60.448 8.026 50.7752 47.8302 8.1351 8.3953 0.0 11.7281 11.6708 15.3754 8.2385 0.0 12.276 
2017-06-26 21:16:13.980000 2112.765 4.837 9.325 57.674 9.054 36.554 60.439 8.05 50.7593 47.9569 8.2137 8.4719 0.0 11.7996 11.6967 15.4886 8.2642 0.0 12.4089 
2017-06-26 21:16:29.855000 2128.64 5.451 9.38 57.67 9.054 36.442 60.431 8.085 50.7438 48.0813 8.2886 8.541 0.0 11.8686 11.7196 15.6061 8.2974 0.0 12.4897 
2017-06-26 21:16:45.820000 2144.605 4.859 9.43 57.664 9.054 36.63 60.425 8.109 50.7333 48.1839 8.35 8.603 0.0 11.9349 11.7401 15.6966 8.3186 0.0 12.5568 
2017-06-26 21:17:01.765000 2160.55 5.475 9.474 57.664 9.054 36.518 60.42 8.133 50.721 48.2894 8.4079 8.6602 0.0 11.9986 11.7583 15.7876 8.3337 0.0 12.6108 
2017-06-26 21:17:17.729000 2176.514 4.873 9.515 57.661 9.054 36.285 60.414 8.149 50.7114 48.3874 8.4537 8.7062 0.0 12.0636 11.7751 15.8662 8.3569 0.0 12.6917 
2017-06-26 21:17:33.746000 2192.531 5.506 9.556 57.659 9.055 36.914 60.41 8.176 50.7024 48.4873 8.4975 8.7511 0.0 12.1261 11.7905 15.942 8.3815 0.0 12.7752 
2017-06-26 21:17:49.790000 2208.575 4.889 9.593 57.658 9.056 36.359 60.404 8.187 50.6931 48.5769 8.5349 8.7905 0.0 12.1861 11.8043 15.9994 8.3946 0.0 12.7654 
2017-06-26 21:18:05.964000 2224.749 5.504 9.625 57.658 9.057 36.656 60.403 8.204 50.6811 48.6809 8.567 8.8248 0.0 12.2436 11.817 16.0603 8.4164 0.0 12.8484 
2017-06-26 21:18:22.068000 2240.853 4.9 9.654 57.658 9.059 36.819 60.401 8.202 50.6746 48.7664 8.5947 8.8543 0.0 12.2989 11.8283 16.1032 8.4047 0.0 12.8638 
2017-06-26 21:18:38.182000 2256.967 5.525 9.679 57.659 9.06 36.676 60.397 8.215 50.665 48.8565 8.6175 8.8808 0.0 12.3515 11.8382 16.1549 8.417 0.0 12.9015 
2017-06-26 21:18:54.518000 2273.303 4.909 9.703 57.659 9.063 36.924 60.396 8.237 50.659 48.9541 8.6408 8.9068 0.0 12.4034 11.8474 16.1924 8.4426 0.0 12.9317 
2017-06-26 21:19:10.714000 2289.499 4.966 9.726 57.659 9.065 36.659 60.391 8.255 50.653 49.0468 8.6622 8.9321 0.0 12.4516 11.8559 16.2303 8.455 0.0 12.954 
2017-06-26 21:19:26.938000 2305.723 5.487 9.747 57.662 9.068 36.845 60.392 8.264 50.6431 49.1435 8.6807 8.9553 0.0 12.4993 11.8638 16.2624 8.4629 0.0 12.9778 
2017-06-26 21:19:43.222000 2322.007 5.284 9.768 57.663 9.071 37.086 60.39 8.287 50.6369 49.2384 8.6994 8.9777 0.0 12.5476 11.8712 16.2976 8.4956 0.0 13.0444 
2017-06-26 21:19:59.488000 2338.273 4.999 9.787 57.664 9.074 36.678 60.388 8.295 50.6309 49.3354 8.7155 8.997 0.0 12.5926 11.8781 16.3302 8.4994 0.0 13.0801 
2017-06-26 21:20:15.783000 2354.568 5.494 9.804 57.664 9.078 36.635 60.385 8.304 50.6268 49.4245 8.7302 9.0156 0.0 12.6376 11.8844 16.3681 8.5008 0.0 13.1332 
2017-06-26 21:20:32.138000 2370.923 4.989 9.818 57.665 9.082 37.182 60.385 8.303 50.6199 49.5031 8.7394 9.0281 0.0 12.6794 11.8896 16.3911 8.5116 0.0 13.0848 
2017-06-26 21:20:48.482000 2387.267 4.959 9.833 57.663 9.086 37.016 60.384 8.322 50.6143 49.6019 8.7529 9.045 0.0 12.7208 11.8946 16.4225 8.5244 0.0 13.1689 
2017-06-26 21:21:04.809000 2403.594 5.031 9.846 57.67 9.091 36.759 60.385 8.331 50.6098 49.6942 8.7639 9.0595 0.0 12.7604 11.8989 16.4504 8.5415 0.0 13.1922 
2017-06-26 21:21:21.294000 2420.079 5.148 9.86 57.671 9.096 37.26 60.385 8.339 50.6034 49.7798 8.7745 9.073 0.0 12.7988 11.9032 16.4705 8.5423 0.0 13.1934 
2017-06-26 21:21:37.669000 2436.454 4.957 9.87 57.674 9.101 37.195 60.386 8.346 50.5983 49.8759 8.7825 9.0832 0.0 12.8344 11.9065 16.5005 8.5576 0.0 13.2435 
2017-06-26 21:21:54.103000 2452.888 5.015 9.882 57.677 9.106 36.877 60.386 8.357 50.5949 49.9624 8.7919 9.096 0.0 12.8697 11.91 16.5272 8.5628 0.0 13.2537 
2017-06-26 21:22:10.649000 2469.434 5.478 9.894 57.681 9.111 36.747 60.387 8.363 50.5884 50.0545 8.801 9.1074 0.0 12.9038 11.9128 16.5566 8.5681 0.0 13.314 
2017-06-26 21:22:27.014000 2485.799 4.979 9.903 57.685 9.117 37.273 60.387 8.369 50.5835 50.1123 8.8073 9.116 0.0 12.9366 11.9151 16.5813 8.5806 0.0 13.2994 
2017-06-26 21:22:43.449000 2502.234 4.99 9.911 57.689 9.123 37.057 60.389 8.368 50.5806 50.1111 8.811 9.1218 0.0 12.9681 11.9165 16.6094 8.582 0.0 13.3933 
2017-06-26 21:22:59.935000 2518.72 5.132 9.917 57.69 9.129 36.822 60.389 8.365 50.575 50.0818 8.8142 9.1269 0.0 12.9982 11.9172 16.636 8.5687 0.0 13.3498 
2017-06-26 21:23:16.410000 2535.195 5.543 9.923 57.693 9.135 36.89 60.39 8.364 50.5675 50.0473 8.8148 9.1292 0.0 13.0289 11.9174 16.6461 8.5759 0.0 13.363 
2017-06-26 21:23:33.125000 2551.91 5.568 9.929 57.697 9.141 37.133 60.392 8.384 50.5645 50.0166 8.8186 9.1347 0.0 13.059 11.918 16.6716 8.6001 0.0 13.4595 
2017-06-26 21:23:49.679000 2568.464 5.411 9.937 57.703 9.148 37.349 60.395 8.393 50.563 49.9704 8.8229 9.1406 0.0 13.0884 11.9189 16.709 8.6053 0.0 13.4847 
2017-06-26 21:24:06.445000 2585.23 5.508 9.945 57.707 9.154 37.23 60.396 8.401 50.5615 49.9563 8.8264 9.1454 0.0 13.1178 11.9194 16.7448 8.612 0.0 13.5089 
2017-06-26 21:24:23.180000 2601.965 5.2 9.952 57.71 9.161 37.443 60.397 8.415 50.5606 50.0045 8.8296 9.1492 0.0 13.1449 11.9197 16.7724 8.6378 0.0 13.5451 
2017-06-26 21:24:39.774000 2618.559 5.006 9.96 57.718 9.168 37.463 60.398 8.418 50.5576 50.0275 8.8342 9.1545 0.0 13.1727 11.9201 16.8071 8.6287 0.0 13.5808 
2017-06-26 21:24:56.411000 2635.196 5.222 9.967 57.72 9.175 37.242 60.403 8.428 50.552 50.0091 8.8385 9.1591 0.0 13.1978 11.9196 16.8226 8.6429 0.0 13.5332 
2017-06-26 21:25:13.136000 2651.921 5.017 9.975 57.723 9.182 37.488 60.404 8.435 50.545 49.9749 8.8422 9.1631 0.0 13.2215 11.9187 16.8238 8.6471 0.0 13.5187 
2017-06-26 21:25:30.020000 2668.805 5.177 9.98 57.727 9.189 37.536 60.406 8.435 50.539 49.9704 8.8436 9.1641 0.0 13.2452 11.9173 16.8234 8.6565 0.0 13.5174 
2017-06-26 21:25:46.936000 2685.721 5.496 9.986 57.734 9.196 37.486 60.411 8.445 50.5306 50.0211 8.8464 9.1667 0.0 13.2676 11.916 16.8287 8.6674 0.0 13.5496 
2017-06-26 21:26:03.691000 2702.476 5.069 9.991 57.739 9.203 37.577 60.415 8.434 50.5258 50.0485 8.8467 9.1667 0.0 13.2888 11.9145 16.8371 8.6425 0.0 13.5506 
2017-06-26 21:26:20.445000 2719.23 5.021 9.995 57.744 9.21 37.32 60.416 8.437 50.5168 50.0285 8.8473 9.1668 0.0 13.3093 11.9126 16.8467 8.6481 0.0 13.5841 
2017-06-26 21:26:37.289000 2736.074 5.007 10.0 57.75 9.217 37.548 60.42 8.451 50.5142 50.0055 8.8496 9.1686 0.0 13.3304 11.9114 16.8656 8.6665 0.0 13.6427 
2017-06-26 21:26:54.112000 2752.897 5.045 10.005 57.754 9.225 37.283 60.423 8.454 50.5112 49.9695 8.8507 9.1693 0.0 13.3498 11.9099 16.8863 8.6751 0.0 13.6444 
2017-06-26 21:27:11.066000 2769.851 5.009 10.009 57.76 9.232 37.59 60.426 8.453 50.5093 49.9456 8.8509 9.169 0.0 13.369 11.908 16.9113 8.6738 0.0 13.6592 
2017-06-26 21:27:28.119000 2786.904 5.128 10.013 57.768 9.24 37.657 60.431 8.459 50.5037 49.9921 8.8516 9.1689 0.0 13.3877 11.9062 16.9275 8.6786 0.0 13.6908 
2017-06-26 21:27:45.402000 2804.187 5.669 10.017 57.773 9.247 37.216 60.433 8.466 50.5017 50.0707 8.8534 9.1702 0.0 13.4063 11.9044 16.9473 8.6865 0.0 13.7453 
2017-06-26 21:28:02.376000 2821.161 5.481 10.021 57.779 9.254 37.155 60.438 8.468 50.4984 50.1042 8.8554 9.1716 0.0 13.4234 11.9026 16.9651 8.6838 0.0 13.7481 
2017-06-26 21:28:19.359000 2838.144 5.102 10.026 57.785 9.262 37.336 60.443 8.479 50.4947 50.0997 8.8576 9.1729 0.0 13.4397 11.9007 16.9872 8.7046 0.0 13.7663 
2017-06-26 21:28:36.363000 2855.148 5.025 10.029 57.791 9.27 37.171 60.446 8.471 50.4882 50.0618 8.858 9.1726 0.0 13.4557 11.898 16.9945 8.6911 0.0 13.7362 
2017-06-26 21:28:53.396000 2872.181 5.015 10.031 57.795 9.277 37.253 60.45 8.461 50.4824 50.0181 8.8559 9.1693 0.0 13.471 11.8954 17.0011 8.6771 0.0 13.7267 
2017-06-26 21:29:10.449000 2889.234 5.068 10.032 57.8 9.284 37.347 60.455 8.465 50.4752 49.978 8.8542 9.1668 0.0 13.4855 11.8923 17.0076 8.6859 0.0 13.7574 
2017-06-26 21:29:27.703000 2906.488 5.385 10.035 57.809 9.292 37.741 60.459 8.477 50.4719 49.9659 8.8551 9.167 0.0 13.4996 11.8892 17.0266 8.6993 0.0 13.7766 
2017-06-26 21:29:44.946000 2923.731 5.472 10.037 57.815 9.3 37.684 60.462 8.476 50.4668 50.0052 8.8541 9.1649 0.0 13.5139 11.886 17.0305 8.7014 0.0 13.7683 
2017-06-26 21:30:02.140000 2940.925 5.152 10.04 57.821 9.307 37.309 60.469 8.483 50.4608 50.0381 8.8557 9.1661 0.0 13.5278 11.8832 17.0468 8.7029 0.0 13.8225 
2017-06-26 21:30:19.343000 2958.128 5.052 10.044 57.828 9.314 37.586 60.474 8.493 50.4575 50.0285 8.8574 9.1668 0.0 13.541 11.8803 17.0623 8.7239 0.0 13.8289 
2017-06-26 21:30:36.647000 2975.432 5.506 10.048 57.835 9.322 37.768 60.477 8.489 50.453 49.9864 8.8592 9.1676 0.0 13.5527 11.8768 17.0648 8.7071 0.0 13.7782 
2017-06-26 21:30:54.051000 2992.836 5.581 10.048 57.842 9.329 37.652 60.485 8.474 50.4429 49.9673 8.8564 9.1633 0.0 13.5637 11.8725 17.0621 8.687 0.0 13.7598 
2017-06-26 21:31:11.534000 3010.319 5.244 10.049 57.851 9.337 37.341 60.488 8.472 50.4365 50.0121 8.8536 9.1593 0.0 13.5745 11.8681 17.0539 8.6903 0.0 13.7532 
2017-06-26 21:31:29.168000 3027.953 5.059 10.049 57.856 9.344 37.888 60.493 8.479 50.4279 50.0569 13.7111 9.1561 0.0 13.5857 11.8641 17.0589 8.6975 0.0 13.8075 
2017-06-26 21:31:46.651000 3045.436 5.718 10.054 57.863 9.352 37.498 60.5 8.576 50.3656 50.0329 15.9094 9.1641 0.0 13.5961 11.8608 17.0727 8.8631 0.0 13.8459 
2017-06-26 21:32:04.165000 3062.95 5.202 10.106 57.87 9.359 37.722 60.504 8.989 49.7001 50.0136 17.6894 9.2545 0.0 13.6068 11.8672 17.1361 9.3547 0.0 14.1285 
2017-06-26 21:32:21.688000 3080.473 5.989 10.221 57.876 9.367 37.624 60.507 9.465 48.4658 49.9729 19.0327 9.4483 0.0 13.6198 11.8937 17.2729 9.8871 0.0 14.4785 
2017-06-26 21:32:39.372000 3098.157 5.594 10.374 57.883 9.374 37.421 60.512 9.867 47.0789 49.9644 20.1276 9.6743 0.0 13.638 11.9385 17.464 10.285 0.0 14.821 
2017-06-26 21:32:57.145000 3115.93 6.749 10.546 57.889 9.382 37.317 60.515 10.194 45.9101 50.0269 21.1031 9.9086 0.0 13.6626 11.9907 17.6885 10.6171 0.0 15.2212 
2017-06-26 21:33:14.699000 3133.484 6.124 10.733 57.889 9.389 37.57 60.517 10.422 44.9005 50.0623 21.8792 10.1191 0.0 13.6949 12.0489 17.9274 10.837 0.0 15.5089 
2017-06-26 21:33:32.322000 3151.107 7.32 10.914 57.89 9.397 37.374 60.516 10.597 44.0675 50.0449 22.6268 10.3011 0.0 13.7359 12.1062 18.1655 11.005 0.0 15.7783 
2017-06-26 21:33:49.946000 3168.731 6.506 11.078 57.887 9.405 37.17 60.515 10.75 43.3382 50.0241 23.2247 10.4637 0.0 13.7829 12.1634 18.4113 11.1491 0.0 16.0911 
2017-06-26 21:34:07.670000 3186.455 7.606 11.229 57.882 9.413 37.367 60.512 10.874 42.6517 49.9803 23.8077 10.607 0.0 13.8351 12.2175 18.6596 11.2555 0.0 16.3334 
2017-06-26 21:34:25.573000 3204.358 6.721 11.37 57.874 9.421 37.172 60.504 10.957 42.0073 49.9634 24.3456 10.7349 0.0 13.8931 12.2711 18.8885 11.3203 0.0 16.5281 
2017-06-26 21:34:43.507000 3222.292 7.283 11.494 57.863 9.429 36.786 60.496 11.022 41.395 50.0097 24.8184 10.8419 0.0 13.9543 12.3224 19.1046 11.3737 0.0 16.7135 
2017-06-26 21:35:01.250000 3240.035 6.935 11.613 57.85 9.437 37.341 60.488 11.081 40.8371 50.0464 25.2767 10.9355 0.0 14.0171 12.3708 19.3156 11.4226 0.0 16.9636 
2017-06-26 21:35:19.215000 3258.0 7.286 11.72 57.838 9.445 36.862 60.479 11.105 40.2725 50.0151 25.723 11.0137 0.0 14.0862 12.4185 19.5299 11.4372 0.0 17.1832 
2017-06-26 21:35:37.259000 3276.044 8.078 11.812 57.826 9.454 37.274 60.473 11.125 39.7234 49.971 26.1013 11.0834 0.0 14.1568 12.4636 19.7352 11.4542 0.0 17.3911 
2017-06-26 21:35:55.274000 3294.059 6.998 11.892 57.819 9.463 37.573 60.466 11.131 39.1846 49.9487 26.4767 11.1441 0.0 14.2299 12.5074 19.9331 11.4515 0.0 17.5775 
2017-06-26 21:36:13.360000 3312.145 7.037 11.96 57.814 9.473 37.171 60.463 11.14 38.656 49.9819 26.7894 11.1998 0.0 14.3016 12.5525 20.1276 11.4565 0.0 17.7725 
2017-06-26 21:36:31.475000 3330.26 8.091 12.018 57.815 9.483 37.546 60.46 11.136 38.1358 50.0355 27.0627 11.249 0.0 14.3731 12.5941 20.3251 11.4505 0.0 17.985 
2017-06-26 21:36:49.441000 3348.226 6.951 12.066 57.817 9.494 37.858 60.462 11.112 37.6178 50.0464 27.3208 11.2907 0.0 14.4434 12.633 20.5116 11.418 0.0 18.1827 
2017-06-26 21:37:07.395000 3366.18 6.954 12.102 57.824 9.505 37.648 60.464 11.085 37.1046 50.0016 27.5453 11.3256 0.0 14.5134 12.6683 20.7063 11.3862 0.0 18.3864 
2017-06-26 21:37:25.412000 3384.197 6.995 12.131 57.833 9.518 38.066 60.469 11.058 36.597 49.9332 27.7412 11.3546 0.0 14.5855 12.7034 20.9014 11.3522 0.0 18.5713 
2017-06-26 21:37:43.618000 3402.403 6.997 12.153 57.844 9.532 38.158 60.477 11.035 36.0782 49.8965 27.9168 11.377 0.0 14.656 12.7345 21.0941 11.3329 0.0 18.7743 
2017-06-26 21:38:01.863000 3420.648 6.829 12.169 57.86 9.546 37.899 60.488 11.007 35.5701 49.9016 28.1251 11.3948 0.0 14.7272 12.7637 21.2751 11.3016 0.0 18.9501 
2017-06-26 21:38:20.138000 3438.923 6.791 12.178 57.874 9.561 38.046 60.497 10.965 35.0478 49.9312 28.3585 11.4049 0.0 14.7952 12.7916 21.4571 11.2534 0.0 19.1191 
2017-06-26 21:38:38.392000 3457.177 7.898 12.181 57.893 9.576 37.993 60.512 10.92 34.5438 49.971 28.5738 11.4089 0.0 14.8629 12.8165 21.6397 11.2024 0.0 19.2798 
2017-06-26 21:38:56.998000 3475.783 7.628 12.177 57.912 9.592 38.012 60.526 10.869 34.0165 50.02 28.763 11.4052 0.0 14.9279 12.8384 21.8228 11.1522 0.0 19.4332 
2017-06-26 21:39:15.204000 3493.989 7.359 12.167 57.932 9.609 38.425 60.541 10.817 33.5048 50.0345 28.9302 11.3961 0.0 14.9892 12.8573 22.0034 11.0993 0.0 19.6346 
2017-06-26 21:39:33.448000 3512.233 7.617 12.153 57.956 9.626 38.49 60.555 10.76 32.9711 49.9825 29.0588 11.3827 0.0 15.0527 12.8748 22.1767 11.0351 0.0 19.837 
2017-06-26 21:39:51.845000 3530.63 7.598 12.134 57.98 9.644 38.487 60.572 10.698 32.4521 49.9523 29.1586 11.3624 0.0 15.1152 12.8893 22.362 10.967 0.0 20.0344 
2017-06-26 21:40:10.251000 3549.036 6.64 12.11 58.002 9.662 38.783 60.592 10.645 31.8968 49.9834 29.2479 11.3383 0.0 15.1744 12.9027 22.5626 10.9183 0.0 20.2807 
2017-06-26 21:40:28.665000 3567.45 6.678 12.083 58.029 9.68 38.857 60.612 10.59 31.259 50.026 29.3273 11.3116 0.0 15.2339 12.9139 22.7738 10.8566 0.0 20.5092 
2017-06-26 21:40:46.962000 3585.747 6.739 12.052 58.053 9.699 38.917 60.632 10.531 30.6294 50.0413 29.3997 11.2803 0.0 15.291 12.9234 22.989 10.7948 0.0 20.7178 
2017-06-26 21:41:05.298000 3604.083 6.371 12.019 58.081 9.718 38.856 60.653 10.466 29.9628 49.9921 29.46 11.2449 0.0 15.3454 12.9302 23.2268 10.7268 0.0 20.9496 
2017-06-26 21:41:23.862000 3622.647 6.328 11.983 58.107 9.737 38.928 60.676 10.419 29.4448 49.9764 29.5178 11.2073 0.0 15.4011 12.9355 23.4537 10.6755 0.0 21.1969 
2017-06-26 21:41:42.409000 3641.194 7.056 11.945 58.136 9.756 39.033 60.7 10.359 28.8596 50.0061 29.5676 11.1656 0.0 15.4536 12.9392 23.6575 10.6086 0.0 21.4184 
2017-06-26 21:42:00.865000 3659.65 6.214 11.902 58.163 9.775 39.061 60.723 10.289 28.0854 49.9985 29.6119 11.1186 0.0 15.5039 12.9397 23.8315 10.5238 0.0 21.5837 
2017-06-26 21:42:19.770000 3678.555 6.466 11.854 58.192 9.794 39.241 60.747 10.201 27.5292 49.987 29.6493 11.066 0.0 15.5524 12.9377 23.9851 10.4259 0.0 21.7519 
2017-06-26 21:42:38.425000 3697.21 6.683 11.802 58.221 9.813 39.246 60.774 10.125 26.9808 50.0366 29.6828 11.0066 0.0 15.6003 12.933 24.2033 10.3551 0.0 21.9548 
2017-06-26 21:42:56.941000 3715.726 6.712 11.749 58.252 9.832 39.298 60.798 10.053 26.4405 50.054 29.7093 10.9531 0.0 15.6442 12.9275 24.4128 10.2759 0.0 22.1587 
2017-06-26 21:43:15.565000 3734.35 6.752 11.693 58.283 9.852 39.298 60.824 9.971 25.865 50.0196 29.7319 10.8937 0.0 15.6866 12.9193 24.5961 10.1972 0.0 22.3734 
2017-06-26 21:43:34.098000 3752.883 6.649 11.635 58.312 9.871 39.391 60.851 9.908 25.3156 49.963 29.7521 10.8342 0.0 15.7266 12.9097 24.7536 10.128 0.0 22.5924 
2017-06-26 21:43:52.932000 3771.717 6.354 11.574 58.346 9.889 39.148 60.88 9.827 24.7985 49.9382 29.7673 10.7689 0.0 15.7658 12.8986 24.8911 10.0508 0.0 22.7949 
2017-06-26 21:44:11.806000 3790.591 5.8 11.513 58.379 9.908 39.612 60.906 9.75 24.309 49.9892 29.7816 10.7035 0.0 15.8038 12.8861 25.0337 9.9701 0.0 23.0293 
2017-06-26 21:44:30.710000 3809.495 5.759 11.454 58.412 9.927 39.685 60.936 9.682 23.8413 50.0545 29.7878 10.6348 0.0 15.8383 12.8708 25.258 9.9026 0.0 23.217 
2017-06-26 21:44:49.413000 3828.198 6.358 11.395 58.447 9.944 39.615 60.966 9.59 23.4118 50.0763 29.795 10.5643 0.0 15.8716 12.8547 25.449 9.8073 0.0 23.4241 
2017-06-26 21:45:08.157000 3846.942 6.33 11.332 58.481 9.962 39.638 60.996 9.499 22.9135 50.0495 29.7972 10.4903 0.0 15.902 12.8357 25.6261 9.7139 0.0 23.6398 
2017-06-26 21:45:26.871000 3865.656 5.694 11.27 58.514 9.98 39.654 61.027 9.425 22.5542 49.9994 29.798 10.4189 0.0 15.9318 12.8155 25.7831 9.632 0.0 23.8139 
2017-06-26 21:45:45.855000 3884.64 5.612 11.206 58.55 9.997 39.676 61.056 9.366 22.1504 49.9961 29.795 10.3465 0.0 15.9594 12.7936 25.9332 9.5617 0.0 24.0245 
2017-06-26 21:46:05.128000 3903.913 6.214 11.139 58.585 10.014 39.769 61.091 9.284 21.75 50.036 29.7902 10.2697 0.0 15.9851 12.7694 26.1163 9.4682 0.0 24.2393 
2017-06-26 21:46:23.982000 3922.767 5.604 11.075 58.622 10.031 39.87 61.121 9.223 21.3989 50.0722 29.7838 10.1961 0.0 16.01 12.7445 26.3119 9.4082 0.0 24.4344 
2017-06-26 21:46:42.796000 3941.581 5.544 11.01 58.657 10.046 39.815 61.154 9.156 21.0883 50.0456 29.7762 10.1188 0.0 16.0334 12.7189 26.502 9.3362 0.0 24.6223 
2017-06-26 21:47:01.680000 3960.465 5.37 10.944 58.695 10.062 40.22 61.187 9.071 20.7424 49.9907 29.7655 10.0409 0.0 16.055 12.6912 26.6809 9.2466 0.0 24.8058 
2017-06-26 21:47:20.813000 3979.598 5.937 10.878 58.732 10.077 40.115 61.22 9.012 20.4037 49.9901 29.7552 9.9623 0.0 16.0747 12.662 26.8524 9.1865 0.0 25.0187 
2017-06-26 21:47:39.977000 3998.762 5.473 10.811 58.769 10.092 39.95 61.252 8.938 20.078 50.037 29.7419 9.8821 0.0 16.0924 12.6313 27.0217 9.1242 0.0 25.2387 
2017-06-26 21:47:58.911000 4017.696 5.255 10.747 58.806 10.106 40.341 61.288 8.88 19.7685 50.0808 29.7252 9.8066 0.0 16.1076 12.601 27.2262 9.0478 0.0 25.4668 
2017-06-26 21:48:17.955000 4036.74 5.793 10.683 58.844 10.12 40.279 61.321 8.811 19.4541 50.0587 29.7124 9.7312 0.0 16.1205 12.5695 27.4275 8.9773 0.0 25.6932 
2017-06-26 21:48:37.009000 4055.794 5.652 10.62 58.881 10.133 40.105 61.356 8.754 19.1495 50.0155 29.6958 9.6567 0.0 16.131 12.5366 27.6233 8.9245 0.0 25.8972 
2017-06-26 21:48:56.152000 4074.937 5.181 10.555 58.918 10.146 40.405 61.389 8.666 18.8493 49.9539 29.6761 9.5786 0.0 16.1388 12.5023 27.817 8.8203 0.0 26.0878 
2017-06-26 21:49:15.826000 4094.611 5.183 10.489 58.956 10.159 40.289 61.426 8.589 18.5326 49.9411 29.6564 9.4954 0.0 16.1441 12.4671 28.0031 8.7515 0.0 26.3139 
2017-06-26 21:49:35.210000 4113.995 5.181 10.428 58.996 10.171 40.651 61.46 8.515 18.2181 49.9907 29.6377 9.418 0.0 16.1462 12.4311 28.2121 8.677 0.0 26.488 
2017-06-26 21:49:54.554000 4133.339 5.172 10.366 59.032 10.183 40.389 61.494 8.442 17.9125 50.0603 29.6162 9.3394 0.0 16.1447 12.3929 28.4116 8.5873 0.0 26.6556 
2017-06-26 21:50:13.738000 4152.523 5.065 10.305 59.071 10.193 40.745 61.531 8.37 17.6074 50.1042 29.593 9.258 0.0 16.14 12.3548 28.5984 8.5106 0.0 26.8373 
2017-06-26 21:50:32.952000 4171.737 5.616 10.243 59.108 10.204 40.519 61.566 8.293 17.2983 50.0782 29.5704 9.179 0.0 16.1323 12.3142 28.7809 8.4244 0.0 26.9904 
2017-06-26 21:50:52.186000 4190.971 4.979 10.18 59.146 10.214 40.819 61.6 8.248 16.9954 50.0603 29.5494 9.102 0.0 16.1221 12.2745 28.9637 8.3882 0.0 27.2455 
2017-06-26 21:51:11.429000 4210.214 5.558 10.125 59.183 10.224 40.618 61.634 8.217 16.7006 50.0166 29.5268 9.0332 0.0 16.1081 12.2347 29.1569 8.3505 0.0 27.4219 
2017-06-26 21:51:30.763000 4229.548 4.916 10.068 59.22 10.233 40.841 61.669 8.147 16.394 49.9544 29.5023 8.9604 0.0 16.0916 12.1935 29.3534 8.2729 0.0 27.5995 
2017-06-26 21:51:50.317000 4249.102 5.202 10.011 59.258 10.242 40.526 61.705 8.076 16.0742 49.9396 29.4791 8.8893 0.0 16.0713 12.1508 29.5462 8.1995 0.0 27.7874 
2017-06-26 21:52:09.871000 4268.656 5.267 9.954 59.294 10.25 40.832 61.737 8.019 15.7767 49.991 29.4546 8.8162 0.0 16.0477 12.1072 29.7343 8.1392 0.0 27.9646 
2017-06-26 21:52:29.795000 4288.58 4.938 9.897 59.33 10.259 40.939 61.772 7.957 15.4574 50.0639 29.4273 8.7435 0.0 16.0216 12.0614 29.9203 8.0702 0.0 28.1613 
2017-06-26 21:52:49.189000 4307.974 5.423 9.84 59.365 10.266 40.657 61.805 7.885 15.1503 50.1021 29.4015 8.6745 0.0 15.993 12.016 30.1022 7.9959 0.0 28.2953 
2017-06-26 21:53:08.613000 4327.398 4.859 9.783 59.398 10.273 40.948 61.834 7.83 14.8511 50.0857 29.3751 8.6024 0.0 15.9624 11.9713 30.2869 7.9416 0.0 28.471 
2017-06-26 21:53:28.057000 4346.842 4.816 9.724 59.432 10.279 40.66 61.868 7.752 14.5414 50.0366 29.3502 8.5288 0.0 15.9288 11.9264 30.4603 7.865 0.0 28.6364 
2017-06-26 21:53:47.581000 4366.366 5.264 9.669 59.466 10.285 40.738 61.901 7.724 14.2599 49.9964 29.3269 8.4617 0.0 15.8926 11.8817 30.6368 7.8447 0.0 28.7296 
2017-06-26 21:54:07.334000 4386.119 5.175 9.618 59.495 10.291 40.922 61.931 7.693 13.9676 49.9862 29.3011 8.4 0.0 15.8538 11.8371 30.8025 7.8163 0.0 28.881 
2017-06-26 21:54:27.169000 4405.954 4.676 9.568 59.528 10.296 40.871 61.962 7.646 13.679 50.0434 29.2755 8.3405 0.0 15.8142 11.792 30.9633 7.7639 0.0 29.0131 
2017-06-26 21:54:46.783000 4425.568 5.162 9.525 59.554 10.301 40.511 61.989 7.62 13.3981 50.0782 29.2522 8.2888 0.0 15.7753 11.7493 31.1223 7.7259 0.0 29.11 
2017-06-26 21:55:06.407000 4445.192 4.72 9.483 59.581 10.305 40.776 62.015 7.56 13.1176 50.0473 29.2268 8.2313 0.0 15.736 11.7063 31.2778 7.6634 0.0 29.2277 
2017-06-26 21:55:26.371000 4465.156 4.634 9.444 59.608 10.309 40.579 62.043 7.535 12.8545 50.0076 29.2037 8.1776 0.0 15.698 11.6628 31.4334 7.6481 0.0 29.3602 
2017-06-26 21:55:46.065000 4484.85 4.575 9.41 59.628 10.313 40.216 62.066 7.511 12.5949 49.9649 29.1794 8.13 0.0 15.6622 11.6195 31.5815 7.6228 0.0 29.458 
2017-06-26 21:56:06.079000 4504.864 4.559 9.377 59.642 10.316 39.862 62.079 7.477 12.3417 49.9472 29.1572 8.0818 0.0 15.6272 11.5767 31.7252 7.5849 0.0 29.5833 
2017-06-26 21:56:26.043000 4524.828 5.091 9.343 59.645 10.319 39.288 62.087 7.443 12.0957 50.007 29.1338 8.0339 0.0 15.594 11.5338 31.8657 7.554 0.0 29.6677 
2017-06-26 21:56:45.817000 4544.602 5.072 9.311 59.639 10.321 39.194 62.089 7.398 11.8495 50.034 29.1093 7.988 0.0 15.5632 11.4926 31.9989 7.4904 0.0 29.786 
2017-06-26 21:57:05.581000 4564.366 4.557 9.282 59.625 10.323 39.426 62.085 7.381 11.6217 50.011 29.0893 7.9461 0.0 15.5327 11.4524 32.137 7.4763 0.0 29.8629 
2017-06-26 21:57:25.415000 4584.2 4.519 9.255 59.606 10.324 39.32 62.078 7.363 11.3977 49.9695 29.0678 7.9089 0.0 15.5035 11.4137 32.2665 7.4499 0.0 29.996 
2017-06-26 21:57:45.429000 4604.214 4.501 9.229 59.585 10.325 39.234 62.07 7.359 11.1913 49.9749 29.0512 7.8722 0.0 15.4759 11.3749 32.3976 7.4723 0.0 30.0901 
2017-06-26 21:58:05.523000 4624.308 4.501 9.208 59.568 10.326 39.141 62.061 7.35 10.9818 50.0329 29.0326 7.8418 0.0 15.4492 11.3366 32.5243 7.4536 0.0 30.1358 
2017-06-26 21:58:25.817000 4644.602 4.567 9.185 59.55 10.327 39.194 62.05 7.305 10.7715 50.0647 29.0097 7.8069 0.0 15.4241 11.2989 32.6507 7.403 0.0 30.2563 
2017-06-26 21:58:45.741000 4664.526 4.544 9.162 59.529 10.327 38.782 62.041 7.282 10.5702 50.031 28.9883 7.7732 0.0 15.3999 11.2614 32.771 7.3646 0.0 30.3111 
2017-06-26 21:59:05.715000 4684.5 4.844 9.139 59.514 10.327 38.655 62.03 7.251 10.3784 49.9879 28.9606 7.7408 0.0 15.3761 11.2243 32.887 7.3323 0.0 30.4221 
2017-06-26 21:59:25.949000 4704.734 4.487 9.119 59.497 10.327 38.875 62.018 7.264 10.2112 49.9931 28.943 7.7132 0.0 15.3524 11.1881 33.0005 7.3601 0.0 30.474 
2017-06-26 21:59:46.193000 4724.978 4.503 9.098 59.482 10.327 38.714 62.009 7.224 10.0232 50.0399 28.9162 7.6826 0.0 15.3297 11.1502 33.117 7.3207 0.0 30.5999 
2017-06-26 22:00:06.277000 4745.062 4.539 9.076 59.466 10.326 38.575 61.997 7.186 9.8394 50.0644 28.8904 7.65 0.0 15.3066 11.1134 33.2247 7.2641 0.0 30.6384 
2017-06-26 22:00:26.381000 4765.166 4.597 9.054 59.449 10.325 38.508 61.986 7.174 9.6768 50.0495 28.8734 7.62 0.0 15.2835 11.0778 33.3283 7.2708 0.0 30.697 
2017-06-26 22:00:46.515000 4785.3 4.413 9.036 59.436 10.324 38.792 61.973 7.149 9.5028 50.0045 28.8477 7.5953 0.0 15.2612 11.0425 33.4336 7.221 0.0 30.8134 
2017-06-26 22:01:06.739000 4805.524 4.45 9.016 59.419 10.322 38.577 61.963 7.143 9.3557 49.9608 28.8324 7.567 0.0 15.2388 11.0081 33.54 7.229 0.0 30.8716 
2017-06-26 22:01:27.563000 4826.348 4.765 9.0 59.404 10.321 38.807 61.951 7.13 9.1988 49.9424 28.8112 7.5449 0.0 15.216 10.9748 33.6449 7.209 0.0 30.9687 
2017-06-26 22:01:48.027000 4846.812 4.7 8.984 59.389 10.319 38.744 61.939 7.117 9.0586 50.0097 28.7924 7.5217 0.0 15.1952 10.9433 33.7429 7.2001 0.0 31.0634 
2017-06-26 22:02:08.351000 4867.136 4.882 8.972 59.371 10.317 38.44 61.925 7.131 8.9361 50.0524 28.7793 7.5071 0.0 15.1764 10.914 33.8449 7.221 0.0 31.1146 
2017-06-26 22:02:28.655000 4887.44 4.757 8.963 59.354 10.315 38.589 61.91 7.128 8.8122 50.0314 28.764 7.4938 0.0 15.1583 10.8848 33.9438 7.2173 0.0 31.2072 
2017-06-26 22:02:48.939000 4907.724 4.866 8.952 59.337 10.313 38.272 61.898 7.11 8.6838 49.98 28.7491 7.4767 0.0 15.1412 10.8566 34.0394 7.1937 0.0 31.264 
2017-06-26 22:03:09.463000 4928.248 4.444 8.942 59.321 10.31 38.329 61.882 7.1 8.5628 49.9704 28.7339 7.4615 0.0 15.126 10.8287 34.1363 7.1761 0.0 31.36 
2017-06-26 22:03:30.038000 4948.823 4.379 8.931 59.302 10.308 38.631 61.868 7.094 8.4596 50.0335 28.7181 7.4453 0.0 15.112 10.8006 34.2361 7.1792 0.0 31.4081 
2017-06-26 22:03:50.422000 4969.207 4.708 8.922 59.285 10.305 38.523 61.855 7.078 8.3462 50.069 28.7041 7.4338 0.0 15.0982 10.7744 34.33 7.1517 0.0 31.5097 
2017-06-26 22:04:10.866000 4989.651 4.881 8.915 59.267 10.303 38.572 61.84 7.077 8.2537 50.0495 28.6932 7.4246 0.0 15.0847 10.7483 34.4221 7.1616 0.0 31.5563 
2017-06-26 22:04:31.750000 5010.535 4.479 8.907 59.251 10.3 38.102 61.825 7.07 8.1587 49.998 28.6808 7.4099 0.0 15.0711 10.7223 34.5176 7.1515 0.0 31.6223 
2017-06-26 22:04:52.464000 5031.249 4.704 8.898 59.233 10.297 38.413 61.808 7.062 8.0765 49.9964 28.6687 7.3957 0.0 15.0583 10.6972 34.6087 7.1505 0.0 31.6902 
2017-06-26 22:05:13.168000 5051.953 4.855 8.888 59.214 10.294 38.103 61.792 7.039 7.9796 50.0584 28.6546 7.3812 0.0 15.0463 10.6719 34.6989 7.1195 0.0 31.7511 
2017-06-26 22:05:33.722000 5072.507 4.481 8.878 59.195 10.291 37.949 61.775 7.034 7.8982 50.0913 28.6445 7.3679 0.0 15.035 10.6476 34.7849 7.1097 0.0 31.8252 
2017-06-26 22:05:54.286000 5093.071 4.359 8.872 59.177 10.287 38.293 61.758 7.05 7.843 50.0722 28.6403 7.3599 0.0 15.0244 10.6242 34.8711 7.1329 0.0 31.9187 
2017-06-26 22:06:14.951000 5113.736 4.483 8.868 59.157 10.284 38.392 61.742 7.046 7.7719 50.0325 28.6275 7.3557 0.0 15.0142 10.6024 34.9571 7.1275 0.0 31.929 
2017-06-26 22:06:35.565000 5134.35 4.562 8.864 59.136 10.281 38.182 61.725 7.03 7.6958 49.9619 28.6183 7.3479 0.0 15.0052 10.5802 35.0386 7.1017 0.0 32.0045 
2017-06-26 22:06:56.420000 5155.205 4.358 8.855 59.118 10.278 38.117 61.708 7.01 7.6285 49.9478 28.6064 7.3346 0.0 14.9969 10.5584 35.1223 7.0838 0.0 32.0522 
2017-06-26 22:07:17.684000 5176.469 4.531 8.846 59.1 10.274 38.124 61.692 7.004 7.5732 50.013 28.5985 7.3216 0.0 14.9888 10.5356 35.209 7.0784 0.0 32.13 
2017-06-26 22:07:38.508000 5197.293 4.353 8.84 59.081 10.27 38.075 61.674 7.007 7.5294 50.0579 28.5936 7.3152 0.0 14.9806 10.5145 35.2849 7.0872 0.0 32.2122 
2017-06-26 22:07:59.302000 5218.087 4.751 8.835 59.061 10.267 38.071 61.658 7.004 7.4769 50.0306 28.5845 7.3073 0.0 14.9727 10.4948 35.3683 7.0773 0.0 32.2481 
2017-06-26 22:08:20.136000 5238.921 4.774 8.833 59.044 10.263 37.785 61.64 7.019 7.444 49.9885 28.5792 7.306 0.0 14.965 10.4766 35.4445 7.091 0.0 32.3017 
2017-06-26 22:08:41.220000 5260.005 4.402 8.829 59.024 10.26 38.237 61.623 6.983 7.4138 49.9885 28.5756 7.3012 0.0 14.9587 10.4589 35.5238 7.1037 0.0 32.3655 
2017-06-26 22:09:02.285000 5281.07 4.572 8.828 59.005 10.256 37.675 61.605 7.021 7.3819 50.0459 28.5712 7.2987 0.0 14.953 10.4422 35.5996 7.1036 0.0 32.4012 
2017-06-26 22:09:23.149000 5301.934 4.513 8.824 58.985 10.252 38.159 61.587 7.004 7.3438 50.0782 28.5636 7.2913 0.0 14.9481 10.4254 35.6745 7.0901 0.0 32.4711 
2017-06-26 22:09:44.063000 5322.848 4.457 8.818 58.966 10.248 37.633 61.571 6.993 7.2975 50.0524 28.5556 7.2839 0.0 14.9434 10.4087 35.7456 7.0693 0.0 32.5379 
2017-06-26 22:10:05.427000 5344.212 4.52 8.814 58.947 10.245 38.099 61.552 6.989 7.2654 50.0066 28.5508 7.2786 0.0 14.9387 10.3927 35.8197 7.0642 0.0 32.6169 
2017-06-26 22:10:26.401000 5365.186 4.42 8.807 58.927 10.241 37.605 61.533 6.97 7.2186 49.9439 28.5407 7.2695 0.0 14.9334 10.3765 35.8914 7.0369 0.0 32.6395 
2017-06-26 22:10:47.636000 5386.421 4.796 8.802 58.905 10.237 38.075 61.515 6.994 7.2241 49.9478 28.5428 7.2629 0.0 14.9281 10.3602 35.9659 7.0737 0.0 32.6806 
2017-06-26 22:11:08.930000 5407.715 4.32 8.795 58.885 10.233 37.935 61.495 6.953 7.1669 49.9964 28.5326 7.2529 0.0 14.9224 10.345 36.037 7.0265 0.0 32.7724 
2017-06-26 22:11:30.224000 5429.009 4.378 8.791 58.865 10.229 37.652 61.475 6.968 7.1555 50.0952 28.5282 7.2497 0.0 14.9171 10.3297 36.1138 7.0432 0.0 32.8404 
2017-06-26 22:11:51.318000 5450.103 4.671 8.792 58.846 10.226 37.884 61.458 7.002 7.1685 50.1485 28.5337 7.2541 0.0 14.9116 10.3158 36.1846 7.0812 0.0 32.8463 
2017-06-26 22:12:12.473000 5471.258 4.368 8.792 58.826 10.222 37.664 61.438 6.971 7.1096 50.118 28.5242 7.2545 0.0 14.907 10.3034 36.2569 7.0314 0.0 32.9352 
2017-06-26 22:12:33.597000 5492.382 4.56 8.786 58.806 10.218 37.944 61.421 6.956 7.0993 50.0668 28.517 7.245 0.0 14.9027 10.2893 36.3264 7.0313 0.0 32.9867 
2017-06-26 22:12:54.801000 5513.586 4.421 8.784 58.786 10.214 37.491 61.402 6.977 7.1018 50.017 28.5217 7.2429 0.0 14.8978 10.2761 36.4 7.0518 0.0 33.0234 
2017-06-26 22:13:16.335000 5535.12 4.744 8.783 58.766 10.21 37.458 61.385 6.982 7.1006 49.9603 28.5198 7.2417 0.0 14.8937 10.2634 36.4695 7.0698 0.0 33.0969 
2017-06-26 22:13:37.810000 5556.595 4.772 8.786 58.747 10.206 37.66 61.365 6.987 7.0732 49.9513 28.5151 7.2474 0.0 14.8906 10.2527 36.5397 7.0575 0.0 33.1406 
2017-06-26 22:13:59.364000 5578.149 4.611 8.783 58.726 10.203 37.857 61.347 6.978 7.0732 50.0151 28.5151 7.2402 0.0 14.8885 10.2409 36.6061 7.0676 0.0 33.2031 
2017-06-26 22:14:20.678000 5599.463 4.334 8.784 58.709 10.199 37.841 61.329 6.993 7.0659 50.0473 28.5156 7.2434 0.0 14.8877 10.2303 36.6763 7.072 0.0 33.2508 
2017-06-26 22:14:42.032000 5620.817 4.749 8.784 58.688 10.195 37.374 61.309 6.984 7.0421 50.0254 28.5107 7.2428 0.0 14.8875 10.2203 36.7435 7.0579 0.0 33.2977 
2017-06-26 22:15:03.447000 5642.232 4.789 8.783 58.669 10.191 37.563 61.292 6.991 7.0478 49.978 28.5096 7.2412 0.0 14.8875 10.2099 36.8069 7.0726 0.0 33.3641 
2017-06-26 22:15:25.131000 5663.916 4.819 8.781 58.65 10.187 37.812 61.274 6.972 7.0066 49.9644 28.5025 7.2379 0.0 14.8878 10.1997 36.8775 7.0397 0.0 33.4247 
2017-06-26 22:15:47.215000 5686.0 4.623 8.776 58.631 10.183 37.675 61.256 6.962 6.9974 50.025 28.5011 7.2313 0.0 14.8878 10.1886 36.9435 7.0331 0.0 33.4094 
2017-06-26 22:16:08.720000 5707.505 4.798 8.773 58.61 10.179 37.801 61.236 6.982 7.0242 50.0707 28.5054 7.2286 0.0 14.8875 10.178 37.0071 7.071 0.0 33.4892 
2017-06-26 22:16:30.274000 5729.059 4.637 8.773 58.59 10.175 37.661 61.219 6.967 6.9908 50.0426 28.5005 7.2286 0.0 14.885 10.1688 37.0707 7.0431 0.0 33.5681 
2017-06-26 22:16:51.898000 5750.683 4.321 8.769 58.572 10.171 37.716 61.2 6.952 6.9657 49.9892 28.4951 7.2244 0.0 14.8855 10.1591 37.1332 7.0214 0.0 33.5874 
2017-06-26 22:17:13.653000 5772.438 4.391 8.764 58.55 10.168 37.318 61.18 6.949 6.9522 49.9864 28.4928 7.2193 0.0 14.8841 10.149 37.1962 7.0159 0.0 33.6137 
2017-06-26 22:17:35.547000 5794.332 4.345 8.762 58.534 10.164 37.432 61.163 6.961 6.9645 50.0615 28.4964 7.2174 0.0 14.8824 10.1389 37.2607 7.0365 0.0 33.6963 
2017-06-26 22:17:57.302000 5816.087 4.436 8.759 58.516 10.16 37.204 61.144 6.946 6.9506 50.0923 28.4909 7.2143 0.0 14.8804 10.1301 37.3217 7.0342 0.0 33.7337 
2017-06-26 22:18:19.378000 5838.163 4.356 8.759 58.495 10.156 37.397 61.126 6.951 6.9391 50.0662 28.4884 7.2169 0.0 14.8784 10.1217 37.3842 7.0235 0.0 33.7605 
2017-06-26 22:18:41.073000 5859.858 4.313 8.756 58.478 10.152 37.621 61.108 6.944 6.9316 50.0126 28.4872 7.2127 0.0 14.8765 10.1129 37.4422 7.0194 0.0 33.7946 
2017-06-26 22:19:02.928000 5881.713 4.416 8.755 58.459 10.148 37.175 61.088 6.956 6.9339 49.9614 28.4891 7.213 0.0 14.8753 10.1046 37.503 7.0288 0.0 33.8973 
2017-06-26 22:19:24.957000 5903.742 4.333 8.751 58.44 10.145 37.394 61.071 6.939 6.9147 49.9433 28.4836 7.2062 0.0 14.8742 10.096 37.5621 7.013 0.0 33.9218 
2017-06-26 22:19:47.224000 5926.009 4.657 8.749 58.424 10.141 37.562 61.055 6.959 6.9384 50.019 28.488 7.2063 0.0 14.8738 10.0876 37.6211 7.0407 0.0 33.9596 
2017-06-26 22:20:09.418000 5948.203 4.794 8.751 58.404 10.137 37.317 61.038 6.985 6.959 50.066 28.4901 7.2112 0.0 14.873 10.4546 37.6813 7.0704 0.0 33.9793 
2017-06-26 22:20:31.832000 5970.617 4.367 8.755 58.385 10.133 37.232 61.017 6.961 6.9133 50.017 28.4829 7.2174 0.0 14.8718 10.6368 37.7401 7.0276 0.0 34.036 
2017-06-26 22:20:54.241000 5993.026 4.35 8.755 58.366 10.13 37.322 61.0 6.98 6.944 49.98 28.4884 7.2181 0.0 14.8716 10.7883 37.7974 7.0618 0.0 34.0836 
2017-06-26 22:21:17.377000 6016.162 4.339 8.758 58.347 10.126 37.069 60.981 6.972 6.9306 49.9688 28.4872 7.2216 0.0 14.8721 10.9197 37.8565 7.0528 0.0 34.1256 
2017-06-26 22:21:40.069000 6038.854 4.743 8.757 58.327 10.122 37.369 60.962 6.975 6.9292 49.9895 28.4865 13.8184 0.0 14.8725 11.031 37.914 7.0518 0.0 34.1395 
2017-06-26 22:22:02.843000 6061.628 4.413 8.76 58.309 10.118 37.074 60.944 6.992 6.9405 49.9554 28.4898 16.2072 0.0 14.8729 11.1334 37.9715 7.0685 0.0 34.2266 
2017-06-26 22:22:25.627000 6084.412 5.242 8.87 58.289 10.114 37.136 60.924 7.985 8.2482 47.6544 28.6932 17.0911 0.0 14.8747 11.2372 38.0268 8.3572 0.0 34.2496 
2017-06-26 22:22:48.454000 6107.239 5.081 9.186 58.27 10.11 37.068 60.906 8.776 8.9124 40.9332 28.8149 18.5257 0.0 14.8821 11.3809 38.0835 9.0822 0.0 34.3055 
2017-06-26 22:23:11.280000 6130.065 5.692 9.457 58.249 10.107 36.775 60.886 8.88 8.9072 34.6143 28.8513 19.5706 0.0 14.8943 11.5258 38.1373 9.1068 0.0 34.3556 
2017-06-26 22:23:34.177000 6152.962 5.62 9.629 58.222 10.104 37.284 60.86 8.632 8.5877 28.4708 28.8461 20.3651 0.0 14.9085 11.6501 38.1971 8.8074 0.0 34.3836 
2017-06-26 22:23:57.542000 6176.327 4.957 9.692 58.195 10.1 37.665 60.837 8.242 8.1776 23.1101 28.8166 21.0213 0.0 14.9197 11.7444 38.251 8.3601 0.0 34.4138 
2017-06-26 22:24:20.484000 6199.269 4.829 9.657 58.181 10.097 37.431 60.827 7.795 7.7463 19.6171 28.763 21.4766 0.0 14.9216 11.8129 38.307 7.8682 0.0 34.4262 
2017-06-26 22:24:43.225000 6222.01 5.098 9.544 58.174 10.094 37.552 60.817 7.332 7.3373 16.8657 28.7002 21.8817 0.0 14.9097 11.8624 38.3599 7.3811 0.0 34.4431 
2017-06-26 22:25:05.882000 6244.667 4.375 9.389 58.176 10.091 37.747 60.813 6.913 6.9758 14.5539 28.6282 22.2466 0.0 14.8805 11.898 38.4054 6.9312 0.0 34.4604 
2017-06-26 22:25:28.487000 6267.272 4.359 9.199 58.182 10.089 37.879 60.813 6.512 6.6288 12.4867 28.5458 22.5462 0.0 14.8331 11.9863 38.4499 6.511 0.0 34.4991 
2017-06-26 22:25:51.235000 6290.02 4.253 8.98 58.185 10.086 37.268 60.809 6.034 6.3148 10.6025 28.4661 22.7733 0.0 14.7666 12.3839 38.4974 6.1324 0.0 34.5209 
2017-06-26 22:26:13.870000 6312.655 4.182 8.745 58.18 10.084 37.712 60.8 5.836 6.0418 8.7938 28.3858 22.9407 0.0 14.685 12.5397 38.5351 5.8062 0.0 34.58 
2017-06-26 22:26:37.138000 6335.923 3.772 8.494 58.171 10.082 37.615 60.791 5.578 5.7886 7.2977 28.303 23.1568 0.0 14.5865 12.6753 38.5866 5.5402 0.0 34.6062 
2017-06-26 22:26:59.853000 6358.638 3.993 8.283 58.16 10.08 37.058 60.778 4.642 5.5803 6.197 28.237 23.3762 0.0 14.484 12.7872 38.6357 5.3313 0.0 34.6302 
2017-06-26 22:27:22.670000 6381.455 3.759 8.08 58.142 10.078 37.399 60.76 5.013 5.4025 5.4369 28.1718 23.5621 0.0 14.3779 12.8902 38.6763 5.1717 0.0 34.6369 
2017-06-26 22:27:45.485000 6404.27 3.545 7.9 58.121 10.076 36.772 60.744 5.096 5.2605 5.0001 28.1229 23.7276 0.0 14.2703 12.9818 38.7214 5.046 0.0 34.636 
2017-06-26 22:28:08.371000 6427.156 3.779 7.739 58.096 10.074 36.991 60.721 5.005 5.1433 4.743 28.0773 23.8718 0.0 14.1586 13.0719 38.761 4.9555 0.0 34.6742 
2017-06-26 22:28:31.407000 6450.192 3.517 7.6 58.07 10.071 37.23 60.699 4.938 5.049 4.5718 28.0411 23.9979 0.0 14.0462 13.1556 38.8013 4.8883 0.0 34.6969 
2017-06-26 22:28:54.492000 6473.277 3.486 7.485 58.041 10.069 36.818 60.675 4.884 4.9693 4.4555 28.008 24.1934 0.0 13.9373 13.3196 38.8419 4.8365 0.0 34.7502 
2017-06-26 22:29:17.999000 6496.784 3.477 7.391 58.012 10.065 36.702 60.65 4.691 4.8959 4.3681 27.9888 24.3673 0.0 13.8296 13.4274 38.88 4.795 0.0 34.7764 
2017-06-26 22:29:41.055000 6519.84 3.695 7.315 57.982 10.061 36.521 60.624 4.808 4.8345 4.3016 27.9731 24.5184 0.0 13.7234 13.5202 38.9174 4.7618 0.0 34.7582 
2017-06-26 22:30:04.070000 6542.855 3.596 7.251 57.95 10.056 36.952 60.596 4.779 4.7802 4.2509 27.9594 24.6459 0.0 13.6212 13.6077 38.9509 4.7349 0.0 34.7902 
2017-06-26 22:30:27.187000 6565.972 3.598 7.198 57.919 10.051 36.834 60.569 4.723 4.7308 4.2099 27.9472 24.7586 0.0 13.521 13.6897 38.9881 4.7122 0.0 34.8044 
2017-06-26 22:30:50.282000 6589.067 3.42 7.153 57.887 10.045 36.85 60.541 4.43 4.6872 4.177 27.9347 24.8603 0.0 13.4274 13.7633 39.0241 4.6925 0.0 34.844 
2017-06-26 22:31:13.440000 6612.225 3.46 7.115 57.856 10.038 36.321 60.51 4.041 4.6471 4.1496 27.9238 24.9515 0.0 13.3373 13.8308 39.0579 4.6762 0.0 34.8409 
2017-06-26 22:31:36.596000 6635.381 3.653 7.084 57.825 10.031 36.515 60.481 4.586 4.6111 4.1274 27.9168 25.0511 0.0 13.2475 13.894 39.0924 4.6626 0.0 34.8555 
2017-06-26 22:32:00.280000 6659.065 3.655 7.057 57.79 10.022 36.462 60.451 4.661 4.5793 4.1077 27.9074 25.1806 0.0 13.1606 13.9522 39.1267 4.651 0.0 34.8689 
