#Human readable time. Time (s) since start. Lakeshore temperature sensor 218 T1,3,5,6,8 and 224 C2,C3,C4,C5,D2,D3,D5,A,B
2017-05-11 15:27:20.464000 0.0 3.293 49.974 33.627 52.366 4.034 3.7214 3.403 27.6987 26.703 3.659 4.1589 3.9042 2.1364 1.1356 11.579 -1 2.1815
2017-05-11 15:28:21.238000 60.774 3.288 49.976 33.686 52.369 4.034 3.7212 3.4027 27.7011 26.703 3.6591 4.1588 3.9033 2.136 1.1355 11.58 3.14262591836 2.1809
2017-05-11 15:29:21.653000 121.189 3.281 49.977 33.82 52.368 4.033 3.7191 3.4002 24.3574 23.802 3.6589 4.1584 3.9026 2.1354 1.1355 11.58 3.0706832329 2.1808
2017-05-11 15:30:22.090000 181.626 3.563 49.978 33.446 52.371 5.072 14.5997 5.0155 22.0374 21.9479 3.8009 4.5222 5.1562 2.1368 1.819 11.662 3.18189927249 2.1817
2017-05-11 15:31:22.562000 242.098 4.071 49.977 33.512 52.371 5.941 18.8453 5.9361 19.4611 20.2016 4.4775 5.4323 6.0161 2.1568 2.6963 11.901 3.42713126151 2.1995
2017-05-11 15:32:23.075000 302.611 4.153 49.994 33.667 52.39 6.177 22.4613 6.1412 17.0583 18.4898 5.26 6.2708 6.2574 2.2031 3.2833 12.14 3.4846331947 2.2447
2017-05-11 15:33:23.592000 363.128 3.962 50.036 33.932 52.424 5.863 27.4585 5.7658 15.0339 16.9022 5.9602 6.9432 5.9372 2.2682 3.7854 12.274 3.7930679085 2.3117
2017-05-11 15:34:24.141000 423.677 3.807 50.079 34.126 52.456 5.601 32.3148 5.4546 13.6775 15.6037 6.517 7.5181 5.6376 2.3513 4.2027 12.298 3.9913976145 2.3944
2017-05-11 15:35:24.723000 484.259 3.765 50.107 34.053 52.481 5.534 35.4228 5.4203 13.0334 14.7624 7.0264 8.0661 5.5738 2.4468 4.5905 12.283 3.99866536007 2.4927
2017-05-11 15:36:25.367000 544.903 3.771 50.126 34.069 52.501 5.564 37.9457 5.5182 12.9495 14.3865 7.5093 8.5947 5.6265 2.5537 5.0219 12.271 4.31776410109 2.6036
2017-05-11 15:37:26.280000 605.816 3.799 50.137 34.19 52.514 5.662 40.1174 5.6526 13.1968 14.3587 7.9537 9.0946 5.7285 2.671 5.3505 12.277 4.06054975846 2.7257
2017-05-11 15:38:27.007000 666.543 4.199 50.151 34.14 52.529 5.775 42.0463 5.7971 13.592 14.5423 8.3655 9.5504 5.8545 2.7952 5.5826 12.3 4.39347833061 2.8526
2017-05-11 15:39:32.078000 731.614 4.136 50.173 34.494 52.548 5.926 43.8716 10.2543 14.0723 14.8758 8.7654 9.987 6.0353 2.9739 5.7616 12.341 4.73800233742 3.0038
2017-05-11 15:40:32.880000 792.416 4.423 50.192 34.153 52.566 6.211 45.4504 9.0794 14.5361 15.2699 9.1093 10.3601 6.3293 3.1127 5.927 12.419 4.51093968759 3.185
2017-05-11 15:41:33.702000 853.238 4.06 50.213 34.404 52.589 6.279 46.877 7.0888 14.9517 15.6032 9.4139 10.6808 6.4061 3.2315 6.0395 12.49 4.6018110799 3.3043
2017-05-11 15:42:34.534000 914.07 4.456 50.244 34.681 52.617 6.232 47.6121 6.5589 15.2583 15.8448 9.5591 10.8386 6.3616 3.3495 6.0445 12.542 4.58353955007 3.4266
2017-05-11 15:43:35.396000 974.932 4.125 50.273 33.914 52.644 6.183 47.8195 6.3563 15.2481 15.8775 9.517 10.8021 6.2902 3.4498 6.0063 12.568 4.81703657406 3.534
2017-05-11 15:44:36.308000 1035.844 4.21 50.298 34.669 52.668 6.066 48.1228 6.1586 14.9346 15.6999 9.3963 10.6529 6.1494 3.5371 5.9465 12.568 5.28324229717 3.6261
2017-05-11 15:45:37.260000 1096.796 3.987 50.324 33.955 52.691 5.923 48.5726 5.9724 14.4452 15.3665 9.2327 10.4372 5.9913 3.6129 5.8461 12.543 4.51093968759 3.7065
2017-05-11 15:46:38.213000 1157.749 4.101 50.344 34.628 52.714 5.789 49.0847 5.8006 13.8733 14.9296 9.0472 10.1942 5.8451 3.6806 5.7087 12.502 4.76718617832 3.7764
2017-05-11 15:47:39.265000 1218.801 3.84 50.361 34.047 52.729 5.668 49.6016 5.6545 13.2987 14.4645 8.8461 9.9368 5.7129 3.7375 5.5711 12.456 4.95317415651 3.8392
2017-05-11 15:48:40.307000 1279.843 4.027 50.373 34.456 52.741 5.565 50.106 5.5457 12.7736 13.9952 8.6366 9.6834 5.6022 3.7882 5.4421 12.408 5.14187278419 3.8917
2017-05-11 15:49:41.430000 1340.966 3.819 50.381 34.132 52.754 5.469 50.5931 5.4726 12.3084 13.5551 8.4231 9.4406 5.509 3.8322 5.3315 12.362 4.39347833061 3.9369
2017-05-11 15:50:42.562000 1402.098 3.779 50.39 33.831 52.762 5.376 50.7745 5.3849 11.8715 13.1254 8.1696 9.163 5.3942 3.869 5.1865 12.317 4.9112856696 3.9769
2017-05-11 15:51:43.714000 1463.25 3.739 50.396 34.621 52.772 5.269 50.6036 5.3278 11.3435 12.6348 7.8665 8.8307 5.2741 3.8994 5.0559 12.271 4.67963465563 4.0095
2017-05-11 15:52:44.937000 1524.473 3.61 50.404 33.812 52.779 5.173 50.3873 5.3498 10.7255 12.0751 7.5478 8.4696 5.1706 3.9244 4.9484 12.225 4.43833982511 4.0359
2017-05-11 15:53:46.182000 1585.718 3.879 50.406 34.065 52.782 5.088 50.1523 5.4569 10.0669 11.4742 7.2357 8.1019 5.0761 3.9463 4.8439 12.181 4.57446456726 4.0585
2017-05-11 15:54:47.444000 1646.98 3.772 50.408 34.43 52.784 4.891 49.9129 5.6155 9.3946 10.8563 6.9331 7.7462 4.9858 3.9639 4.7431 12.141 4.48371473916 4.0767
2017-05-11 15:55:48.806000 1708.342 3.547 50.409 33.997 52.787 4.929 49.6796 5.785 8.751 10.2311 6.6501 7.4081 4.9005 3.9793 4.6449 12.103 4.43833982511 4.0918
2017-05-11 15:56:50.129000 1769.665 3.588 50.407 33.754 52.789 4.892 49.7902 5.9559 8.2192 9.6527 6.4091 7.1238 4.8612 3.9928 4.5968 12.071 4.21681179506 4.1062
2017-05-11 15:57:51.531000 1831.067 3.774 50.406 33.966 52.787 4.866 50.2784 6.1314 7.9994 9.2842 6.2301 6.9222 4.8331 4.0043 4.5682 12.046 4.16900132493 4.1181
2017-05-11 15:58:52.983000 1892.519 3.661 50.402 34.485 52.785 4.844 50.8562 6.3061 8.0295 9.1465 6.0985 6.7863 4.8084 4.0158 4.5451 12.027 4.052803218 4.1295
2017-05-11 15:59:54.415000 1953.951 3.52 50.402 33.85 52.784 4.874 51.2114 26.2597 8.1258 9.1247 5.9712 6.668 4.8433 4.6829 4.5327 12.015 4.45648979073 4.7813
2017-05-11 16:00:55.893000 2015.429 3.519 50.4 33.796 52.782 4.888 51.3218 35.2549 8.0629 9.0264 5.871 6.5714 4.8583 5.0482 4.5376 12.013 3.80665262295 5.2064
2017-05-11 16:01:57.417000 2076.953 3.58 50.397 34.199 52.782 4.855 51.3549 40.9442 7.8886 8.8606 5.847 6.5369 4.8494 5.0366 4.5316 12.012 4.09928246077 5.2168
2017-05-11 16:02:58.959000 2138.495 3.77 50.396 33.926 52.781 4.823 51.3368 45.8079 7.6975 8.6897 5.9028 6.5757 4.8265 4.906 4.5119 12.009 4.3682402541 5.0876
2017-05-11 16:04:00.561000 2200.097 3.712 50.393 34.246 52.78 4.825 51.279 50.3484 7.5369 8.551 6.0245 6.684 4.7966 4.7787 4.4834 12.003 3.91872015875 4.9476
2017-05-11 16:05:02.574000 2262.11 3.735 50.393 34.032 52.78 4.764 51.1799 52.2403 7.3889 8.4272 6.0739 6.7451 4.7283 4.6094 4.4323 11.991 3.89705016278 4.7705
2017-05-11 16:06:04.278000 2323.814 3.642 50.39 34.376 52.779 4.71 51.064 52.4026 7.1824 8.2492 6.0222 6.6952 4.6684 4.5137 4.3822 11.974 3.7930679085 4.6611
2017-05-11 16:07:05.990000 2385.526 3.689 50.387 34.124 52.775 4.674 50.9508 52.2369 6.9317 8.0196 5.9206 6.5814 4.6274 4.4467 4.3393 11.957 4.30093871675 4.5897
2017-05-11 16:08:07.732000 2447.268 3.491 50.382 34.462 52.774 4.64 50.8446 52.0208 6.6695 7.7608 5.7976 6.4367 4.5893 4.3912 4.3004 11.94 3.75320124553 4.5321
2017-05-11 16:09:09.792000 2509.328 3.591 50.38 34.399 52.771 4.602 50.7505 51.7982 6.4174 7.4931 5.661 6.2805 4.5535 4.3418 4.264 11.924 3.57449104897 4.4795
2017-05-11 16:10:11.605000 2571.141 3.505 50.376 34.464 52.767 4.581 50.6592 51.5769 6.188 7.2307 5.5216 6.1242 4.5228 4.2996 4.229 11.91 3.69370310179 4.4341
2017-05-11 16:11:13.444000 2632.98 3.415 50.373 34.311 52.769 4.559 50.5737 51.3563 5.9836 6.9836 5.3859 5.974 4.4965 4.2626 4.1961 11.897 3.90418466761 4.3928
2017-05-11 16:12:15.299000 2694.835 3.446 50.369 34.44 52.764 4.537 50.495 51.1394 5.7909 6.7578 5.2543 5.825 4.4723 4.2278 4.1648 11.885 3.67468159321 4.3555
2017-05-11 16:13:17.212000 2756.748 3.56 50.368 34.373 52.762 4.518 50.4182 50.9195 5.6209 6.5534 5.1304 5.6861 4.4498 4.1953 4.1363 11.874 3.60493606176 4.3234
2017-05-11 16:14:19.164000 2818.7 3.602 50.363 34.165 52.759 4.5 50.3445 50.7038 5.4719 6.3741 5.0158 5.56 4.4296 4.1651 4.1104 11.864 3.9913976145 4.2927
2017-05-11 16:15:21.127000 2880.663 3.633 50.36 33.848 52.754 4.483 50.2799 50.4874 5.3412 6.2162 4.9108 5.4468 4.4104 4.1374 4.0867 11.855 3.63663857606 4.2648
2017-05-11 16:16:23.149000 2942.685 3.525 50.352 33.658 52.749 4.468 50.2146 50.2688 5.2261 6.0773 4.815 5.3456 4.3936 4.1123 4.0649 11.847 3.64931958178 4.2378
2017-05-11 16:17:25.221000 3004.757 3.432 50.349 33.643 52.746 4.455 50.1528 50.0571 5.1268 5.951 4.7287 5.2556 4.3778 4.089 4.0449 11.84 3.61761706748 4.2136
2017-05-11 16:18:27.284000 3066.82 3.391 50.343 33.929 52.74 4.442 50.0931 49.8405 5.0401 5.8365 4.6517 5.1759 4.3629 4.0679 4.0257 11.833 3.9913976145 4.1897
2017-05-11 16:19:29.356000 3128.892 3.815 50.339 34.127 52.736 6.104 49.1672 49.6393 17.6091 6.2009 4.6044 5.279 6.3507 4.1231 4.0965 11.894 3.53219268924 4.2397
2017-05-11 16:20:31.459000 3190.995 5.411 50.325 34.335 52.722 8.232 44.6068 49.7579 21.2394 7.833 4.7194 6.341 8.5307 4.1815 4.1468 12.44 3.68102209607 4.3045
2017-05-11 16:21:33.601000 3253.137 5.74 50.339 34.481 52.741 8.608 41.5694 50.1568 23.4399 8.6531 4.8868 7.0943 8.9184 4.2681 4.1628 12.994 4.2336371794 4.3851
2017-05-11 16:22:35.793000 3315.329 5.501 50.433 34.503 52.817 8.605 38.8756 50.5398 24.9065 9.0069 5.4722 7.5734 8.8901 4.2546 4.0377 13.357 4.53816463602 4.3866
2017-05-11 16:23:38.066000 3377.602 5.04 50.537 35.173 52.903 8.441 36.4649 50.5125 26.0472 9.117 5.8826 7.8564 8.697 4.1386 3.8911 13.569 5.07392888901 4.2748
2017-05-11 16:24:40.358000 3439.894 5.015 50.625 35.259 52.977 8.238 34.1879 50.2877 26.8696 9.0826 6.1067 8.0073 8.4548 4.0018 3.7328 13.673 5.08525287154 4.127
2017-05-11 16:25:42.882000 3502.418 5.213 50.694 35.217 53.042 8.011 31.8918 50.0243 27.4168 8.9628 6.2276 8.0657 8.2103 3.8372 3.5596 13.695 5.94098734906 3.961
2017-05-11 16:26:47.635000 3567.171 5.185 50.749 34.57 53.095 7.763 29.1947 49.7294 27.7916 8.7819 6.2824 8.0553 7.9443 3.6508 3.3717 13.661 5.61011903337 3.7648
2017-05-11 16:27:49.977000 3629.513 4.65 50.796 34.605 53.143 7.517 26.6214 49.4135 28.0425 8.5722 6.2839 7.9947 7.6802 3.4452 3.183 13.592 6.12190685517 3.5544
2017-05-11 16:28:52.389000 3691.925 4.547 50.838 34.775 53.181 7.297 24.4014 49.403 28.308 8.3446 6.2491 7.9012 7.4323 3.2179 2.995 13.501 6.02869043575 3.3204
2017-05-11 16:29:54.902000 3754.438 4.426 50.87 35.13 53.216 7.071 22.5952 49.5593 28.4772 8.1096 6.1878 7.7826 7.1906 3.0595 2.8082 13.405 5.96940457319 3.1465
2017-05-11 16:30:57.354000 3816.89 4.627 50.899 35.074 53.247 6.849 21.131 49.7228 28.577 7.8705 6.1053 7.6456 6.9559 2.9052 2.6238 13.302 5.7045379776 2.9887
2017-05-11 16:31:59.937000 3879.473 4.312 50.928 35.199 53.276 6.644 19.8693 49.8712 28.6241 7.635 6.0076 7.4966 6.7345 2.7308 2.4441 13.196 5.81310984049 2.8083
2017-05-11 16:33:02.439000 3941.975 4.558 50.951 34.678 53.298 6.453 18.7331 50.0277 28.6375 7.4118 5.895 7.3412 6.5278 2.5476 2.2717 13.09 5.19849269685 2.6213
2017-05-11 16:34:05.262000 4004.798 4.051 50.966 34.947 53.318 6.269 17.7504 50.2095 28.6264 7.2005 5.7723 7.1814 6.3329 2.3678 2.1371 12.988 5.30748682788 2.4337
2017-05-11 16:35:07.875000 4067.411 4.108 50.98 34.668 53.332 6.011 16.9357 50.0605 28.6015 7.0057 5.6236 7.0232 6.1697 2.2133 2.0321 12.891 5.62360745397 2.2717
2017-05-11 16:36:10.517000 4130.053 4.31 50.985 34.577 53.34 5.63 16.0517 49.7304 28.5619 6.8251 5.4847 6.8701 6.0137 2.0758 1.9062 12.802 4.94270203479 2.1285
2017-05-11 16:37:13.180000 4192.716 3.9 50.99 34.464 53.348 5.829 15.1405 49.3899 28.51 6.6497 5.3541 6.7207 5.8594 1.9397 1.7684 12.718 4.71854644349 1.9898
2017-05-11 16:38:15.973000 4255.509 3.801 50.995 34.839 53.355 5.689 14.2051 49.4625 28.4471 6.4852 5.2343 6.5746 5.7071 1.8055 1.6253 12.639 4.67963465563 1.8535
2017-05-11 16:39:18.747000 4318.283 3.821 50.994 35.006 53.357 5.15 13.2892 49.7495 28.3737 6.3313 5.1218 6.4329 5.5554 1.662 1.4834 12.562 5.75849166001 1.7079
2017-05-11 16:40:21.590000 4381.126 3.797 50.991 34.199 53.355 5.399 12.7604 50.0855 28.3164 6.1843 4.9469 6.2901 5.4008 1.542 1.4607 12.487 5.23475323575 1.5804
2017-05-11 16:41:24.472000 4444.008 3.65 50.985 34.675 53.353 5.288 12.4471 50.4567 28.2687 6.0752 4.655 6.1559 5.32 1.4886 1.4339 12.424 4.54723961883 1.5216
2017-05-11 16:42:27.335000 4506.871 3.937 50.976 34.499 53.348 5.085 12.1424 50.4312 28.2263 5.99 4.4242 6.0418 5.2575 1.4486 1.4077 12.372 4.68936260259 1.4813
2017-05-11 16:43:30.362000 4569.898 3.625 50.967 34.838 53.34 5.211 11.8509 50.197 28.1876 5.9084 4.2333 5.9376 5.2013 1.4184 1.3832 12.33 4.70881849653 1.4497
2017-05-11 16:44:33.424000 4632.96 3.819 50.957 34.768 53.333 5.161 11.5747 49.9471 28.1521 5.8343 4.0731 5.8428 5.1467 1.3933 1.3596 12.296 4.00632397522 1.4225
2017-05-11 16:45:36.476000 4696.012 3.683 50.947 34.406 53.328 4.756 11.3137 49.6903 28.1157 5.7665 3.9413 5.7571 5.0965 1.3701 1.338 12.266 4.61153902687 1.3991
2017-05-11 16:46:39.499000 4759.035 3.838 50.937 34.224 53.318 5.075 11.0652 49.86 28.0838 5.7083 3.835 5.6804 5.0539 1.3519 1.3205 12.24 3.9913976145 1.3809
2017-05-11 16:47:42.542000 4822.078 3.573 50.928 34.754 53.309 4.974 10.8319 50.235 28.0529 5.6649 3.7522 5.6138 5.0161 1.3331 1.3044 12.218 3.94052339548 1.362
2017-05-11 16:48:45.655000 4885.191 3.656 50.912 34.011 53.298 4.906 10.5995 50.6201 28.0261 5.6308 3.6938 5.5548 4.9801 1.3167 1.289 12.198 3.82751359368 1.3439
2017-05-11 16:49:48.818000 4948.354 3.621 50.904 34.76 53.289 4.973 10.366 50.6015 28.0003 5.5968 3.6501 5.4988 4.9432 1.2991 1.2732 12.18 4.72827439046 1.3246
2017-05-11 16:50:51.970000 5011.506 3.584 50.889 33.982 53.277 4.938 10.121 50.3689 27.9855 5.5554 3.6206 5.4444 4.905 1.2833 1.258 12.163 4.06829629892 1.309
2017-05-11 16:51:55.163000 5074.699 3.742 50.876 34.067 53.264 4.711 9.8679 50.1212 27.9714 5.5105 3.6027 5.3913 4.8663 1.2693 1.2464 12.146 3.8414209075 1.2947
2017-05-11 16:52:58.405000 5137.941 3.502 50.864 34.312 53.254 4.394 9.6076 49.8712 27.9564 5.4661 3.593 5.3387 4.828 1.2564 1.2305 12.13 4.2336371794 1.2821
2017-05-11 16:54:01.675000 5201.211 3.755 50.851 34.197 53.244 4.829 8.9196 49.6199 27.9295 5.4197 3.7042 5.2933 4.7813 1.2523 1.2375 12.113 4.01407051568 1.2771
2017-05-11 16:55:04.968000 5264.504 3.465 50.839 34.574 53.232 4.739 8.0613 49.7972 27.8924 5.3474 3.8973 5.2405 4.6824 1.2547 1.243 12.091 3.75320124553 1.2789
2017-05-11 16:56:08.340000 5327.876 3.43 50.826 34.446 53.222 4.334 7.2227 50.1886 27.8539 5.2672 3.9942 5.1707 4.5761 1.2569 1.2448 12.062 3.84837456441 1.2811
2017-05-11 16:57:11.673000 5391.209 3.627 50.814 34.006 53.211 4.547 6.4779 50.5797 27.8169 5.1858 4.0395 5.0899 4.4744 1.2579 1.2452 12.027 4.30935140892 1.2821
2017-05-11 16:58:15.125000 5454.661 3.591 50.797 34.298 53.196 4.467 5.9114 50.5642 27.7857 5.1065 4.0521 5.0045 4.3877 1.2555 1.2429 11.99 3.91872015875 1.2798
2017-05-11 16:59:18.519000 5518.055 3.556 50.782 34.328 53.179 4.406 5.4742 50.3356 27.7641 5.0317 4.045 4.9203 4.3217 1.2531 1.2403 11.956 3.40413048824 1.2776
2017-05-11 17:00:21.992000 5581.528 3.482 50.763 34.488 53.165 4.363 5.1625 50.0886 27.7499 4.9677 4.028 4.8444 4.2749 1.2506 1.2377 11.926 3.58053367179 1.275
2017-05-11 17:01:25.494000 5645.03 3.38 50.747 33.789 53.149 4.332 4.9368 49.8399 27.7403 4.9156 4.0068 4.7794 4.2414 1.2479 1.2349 11.901 3.56844842616 1.2723
2017-05-11 17:02:29.037000 5708.573 3.507 50.726 33.829 53.132 4.31 4.77 49.5882 27.7371 4.8739 3.9849 4.7246 4.2171 1.245 1.2321 11.88 3.50802219796 1.2694
2017-05-11 17:03:32.640000 5772.176 3.5 50.709 34.3 53.114 4.296 4.6451 49.767 27.7357 4.8456 3.9654 4.6806 4.2028 1.2453 1.2318 11.864 3.82751359368 1.2695
2017-05-11 17:04:36.242000 5835.778 3.46 50.688 34.45 53.099 4.289 4.5505 50.1553 27.7357 4.8347 3.9495 4.6471 4.1943 1.2447 1.2312 11.851 3.27418825466 1.2689
2017-05-11 17:05:39.870000 5899.406 3.372 50.676 34.481 53.083 4.284 4.4775 50.5489 27.735 4.8329 3.9375 4.6217 4.1884 1.2438 1.2304 11.842 3.26900493112 1.2681
2017-05-11 17:06:43.565000 5963.101 3.328 50.658 34.354 53.069 4.278 4.4154 50.5344 27.7371 4.8292 3.9259 4.5995 4.1805 1.2404 1.2278 11.834 3.67468159321 1.2647
2017-05-11 17:07:47.273000 6026.809 3.44 50.645 34.441 53.053 4.271 4.3638 50.3063 27.7385 4.817 3.9144 4.577 4.1724 1.2375 1.2253 11.828 3.43288145483 1.2617
2017-05-11 17:08:51.042000 6090.578 3.369 50.626 34.427 53.04 4.265 4.3204 50.0557 27.7396 4.8023 3.9035 4.5558 4.1656 1.2346 1.2229 11.822 3.32743010081 1.259
2017-05-11 17:09:54.835000 6154.371 3.513 50.613 34.344 53.025 4.264 4.2918 49.8026 27.7406 16.9564 3.8935 4.5367 4.1677 1.2321 1.2206 11.816 3.7465568017 1.2561
2017-05-11 17:10:58.668000 6218.204 4.835 50.591 34.283 53.002 7.336 7.4112 27.6394 28.3411 19.5947 4.3739 5.7799 7.4682 1.0937 1.2065 12.296 3.99866536007 1.1363
2017-05-11 17:12:02.522000 6282.058 4.425 50.593 34.449 53.011 6.031 6.0816 12.9151 28.1049 21.1619 4.8764 6.1073 6.0477 0.5982 1.1586 12.549 3.9623266322 0.6529
2017-05-11 17:13:06.425000 6345.961 3.778 50.668 34.669 53.065 4.905 4.9737 6.1494 27.8949 21.9725 4.9011 5.8603 4.8382 0.3981 1.1274 12.462 3.9913976145 0.4155
