#Human readable time. Time (s) since start. Lakeshore temperature sensor 218 T1,2,3,4,5,6,8 and 224 C2,C3,C4,C5,D2,D3,D4,D5,A,B
2017-05-11 14:38:38.554000 0.0 3.28 11.554 49.862 6.051 34.12 52.244 4.034 3.7297 3.4038 27.6944 26.7008 2.2154 3.6798 4.1673 2.007 3.9041 2.1702 1.1423 
2017-05-11 14:38:51.487000 12.933 3.487 11.554 49.863 6.051 33.83 52.244 4.034 3.7292 3.4032 27.6955 26.7024 2.2152 3.6787 4.1669 2.0069 3.9036 2.17 1.1421 
2017-05-11 14:39:03.483000 24.929 3.433 11.554 49.864 6.051 33.497 52.245 4.034 3.7293 3.4033 27.6955 26.7024 2.2152 3.6777 4.1665 2.0068 3.9038 2.17 1.142 
2017-05-11 14:39:15.506000 36.952 3.325 11.554 49.864 6.051 33.429 52.246 4.034 3.7292 3.4037 27.6955 26.7017 2.215 3.6768 4.1661 2.007 3.904 2.1697 1.1418 
2017-05-11 14:39:27.588000 49.034 3.28 11.554 49.867 6.051 33.803 52.246 4.034 3.729 3.404 27.6955 26.7012 2.2145 3.6759 4.1658 2.0067 3.9041 2.1698 1.1417 
2017-05-11 14:39:39.706000 61.152 3.432 11.554 49.867 6.051 34.01 52.247 4.034 3.7287 3.4036 27.6947 26.7026 2.2146 3.675 4.1655 2.0066 3.9037 2.1695 1.1415 
2017-05-11 14:39:53.579000 75.025 3.453 11.554 49.866 6.051 33.952 52.247 4.034 3.7289 3.4042 27.6962 26.7017 2.2142 3.674 4.1652 2.0065 3.9039 2.1694 1.1414 
2017-05-11 14:40:05.774000 87.22 3.296 11.554 49.867 6.051 33.576 52.249 4.034 3.7286 3.4038 27.6955 26.7017 2.2144 3.6733 4.165 2.0064 3.9041 2.169 1.1412 
2017-05-11 14:40:18.008000 99.454 3.274 11.554 49.868 6.05 34.044 52.247 4.034 3.7282 3.4032 27.6959 26.7021 2.2138 3.6726 4.1648 2.0065 3.9038 2.1687 1.1412 
2017-05-11 14:40:30.301000 111.747 3.494 11.554 49.867 6.05 33.766 52.248 4.034 3.7283 3.4034 27.6962 26.7008 2.2137 3.6719 4.1645 2.0063 3.9036 2.1686 1.141 
2017-05-11 14:40:42.684000 124.13 3.369 11.554 49.869 6.05 33.42 52.249 4.034 3.728 3.4037 27.6947 26.7024 2.2135 3.6712 4.1644 2.0065 3.9037 2.1685 1.1409 
2017-05-11 14:40:55.056000 136.502 3.297 11.555 49.869 6.05 34.192 52.25 4.033 3.7276 3.4037 27.695 26.7012 2.2135 3.6706 4.1642 2.0061 3.9036 2.1686 1.1408 
2017-05-11 14:41:07.534000 148.98 3.467 11.555 49.869 6.05 33.557 52.252 4.034 3.7284 3.4032 27.6987 26.7021 2.213 3.67 4.1639 2.0062 3.9041 2.1681 1.1406 
2017-05-11 14:41:20.226000 161.672 3.275 11.555 49.871 6.05 33.941 52.254 4.034 3.728 3.4039 27.6959 26.7017 2.2133 3.6694 4.1638 2.0061 3.9039 2.168 1.1406 
2017-05-11 14:41:32.949000 174.395 3.327 11.555 49.87 6.05 33.421 52.251 4.034 3.7276 3.4036 27.6947 26.7024 2.2129 3.6689 4.1636 2.0061 3.904 2.1678 1.1404 
2017-05-11 14:41:45.778000 187.224 3.352 11.555 49.871 6.05 34.22 52.251 4.034 3.7276 3.4042 27.6962 26.7024 2.2127 3.6683 4.1636 2.0061 3.904 2.1677 1.1403 
2017-05-11 14:41:58.560000 200.006 3.277 11.555 49.869 6.05 33.855 52.254 4.034 3.7281 3.404 27.6959 26.7026 2.2125 3.6678 4.1634 2.006 3.904 2.1673 1.1401 
2017-05-11 14:42:11.415000 212.861 3.344 11.555 49.871 6.049 33.918 52.255 4.034 3.7273 3.4034 27.695 26.7024 2.2122 3.6674 4.1633 2.006 3.904 2.1673 1.14 
2017-05-11 14:42:24.269000 225.715 3.321 11.556 49.873 6.049 34.224 52.254 4.034 3.7274 3.4041 27.6966 26.7021 2.2117 3.667 4.1632 2.0057 3.9044 2.167 1.14 
2017-05-11 14:42:37.034000 238.48 3.28 11.556 49.872 6.049 33.832 52.256 4.034 3.7273 3.4044 27.695 26.7024 2.2119 3.6666 4.163 2.0061 3.9041 2.167 1.1399 
2017-05-11 14:42:49.876000 251.322 3.465 11.556 49.873 6.049 33.892 52.255 4.034 3.7273 3.4037 27.6959 26.703 2.2117 3.6659 4.1629 2.0058 3.9044 2.1667 1.1398 
2017-05-11 14:43:02.711000 264.157 3.329 11.556 49.875 6.049 34.224 52.256 4.034 3.7269 3.404 27.6969 26.7017 2.2114 3.6658 4.163 2.0057 3.9043 2.1663 1.1397 
