2017-02-18 00:00:29.430000 23494.406 91.847 164.25 60.858 171.74 198.24 213.355 200.189 200.749 200.953 213.702 211.472 196.145 0.0 0.0 197.29 0.0 0.0
2017-02-18 00:01:41.362000 23566.328 91.709 164.03 60.835 171.51 197.97 213.073 199.92 200.481 200.693 213.447 211.211 195.875 0.0 0.0 197.03 0.0 0.0
2017-02-18 00:02:53.080000 23638.046 91.567 163.82 60.769 171.3 197.69 212.794 199.649 200.216 200.424 213.194 210.95 195.604 0.0 0.0 196.76 0.0 0.0
2017-02-18 00:04:04.804000 23709.77 91.423 163.61 60.759 171.08 197.43 212.512 199.379 199.948 200.159 212.938 210.691 195.337 0.0 0.0 196.5 0.0 0.0
2017-02-18 00:05:16.562000 23781.528 91.285 163.4 60.696 170.85 197.15 212.231 199.108 199.679 199.892 212.681 210.428 195.067 0.0 0.0 196.24 14.1073826795 0.0
2017-02-18 00:06:28.344000 23853.31 91.145 163.19 60.673 170.64 196.88 211.948 198.836 199.411 199.622 212.427 210.17 194.799 0.0 0.0 195.97 0.0 0.0
2017-02-18 00:07:40.203000 23925.169 91.015 162.98 60.664 170.42 196.61 211.667 198.565 199.142 199.354 212.175 209.907 194.529 0.0 0.0 195.71 0.0 0.0
2017-02-18 00:08:52.066000 23997.032 90.872 162.76 60.603 170.2 196.34 211.388 198.293 198.876 199.087 211.918 209.644 194.261 0.0 0.0 195.45 0.0 0.0
2017-02-18 00:10:04.246000 24069.212 90.735 162.55 60.618 169.98 196.07 211.107 198.023 198.605 198.816 211.663 209.38 193.992 0.0 0.0 195.19 29.8565066546 0.0
2017-02-18 00:11:16.189000 24141.155 90.593 162.34 60.589 169.76 195.8 210.826 197.751 198.336 198.547 211.408 209.114 193.724 0.0 0.0 194.92 0.0 0.0
2017-02-18 00:12:28.198000 24213.164 90.454 162.13 60.543 169.54 195.53 210.547 197.483 198.067 198.279 211.153 208.854 193.455 0.0 0.0 194.66 0.0 0.0
2017-02-18 00:13:40.220000 24285.186 90.316 161.92 60.493 169.32 195.26 210.268 197.212 197.799 198.01 210.899 208.59 193.187 0.0 0.0 194.4 0.0 0.0
2017-02-18 00:14:52.236000 24357.202 90.177 161.71 60.444 169.1 194.99 209.989 196.942 197.531 197.743 210.645 208.328 192.919 0.0 0.0 194.14 0.0 0.0
2017-02-18 00:16:04.312000 24429.278 90.044 161.5 60.411 168.88 194.71 209.706 196.671 197.264 197.471 210.387 208.064 192.651 0.0 0.0 193.87 32.9687191038 0.0
2017-02-18 00:17:16.428000 24501.394 89.909 161.29 60.384 168.66 194.45 209.425 196.403 196.996 197.204 210.134 207.8 192.384 0.0 0.0 193.61 0.0 0.0
2017-02-18 00:18:28.842000 24573.808 89.772 161.09 60.407 168.45 194.17 209.147 196.132 196.728 196.936 209.878 207.539 192.116 0.0 0.0 193.35 0.0 0.0
2017-02-18 00:19:40.975000 24645.941 89.63 160.88 60.373 168.23 193.9 208.865 195.861 196.46 196.668 209.622 207.275 191.848 0.0 0.0 193.09 25.9093071593 0.0
2017-02-18 00:20:53.175000 24718.141 89.491 160.67 60.294 168.01 193.63 208.582 195.593 196.195 196.399 209.366 207.011 191.579 0.0 0.0 192.83 0.0 0.0
2017-02-18 00:22:05.404000 24790.37 89.358 160.46 60.262 167.79 193.36 208.3 195.321 195.926 196.133 209.107 206.752 191.313 0.0 0.0 192.56 0.0 0.0
2017-02-18 00:23:17.616000 24862.582 89.223 160.26 60.284 167.58 193.09 208.02 195.05 195.657 195.857 208.854 206.486 191.044 0.0 0.0 192.3 0.0 0.0
2017-02-18 00:24:29.925000 24934.891 89.088 160.05 60.248 167.36 192.82 207.737 194.784 195.391 195.592 208.597 206.224 190.78 0.0 0.0 192.04 0.0 0.0
2017-02-18 00:25:42.300000 25007.266 88.949 159.84 60.166 167.15 192.55 207.458 194.513 195.12 195.329 208.342 205.964 190.511 0.0 0.0 191.78 36.5571035979 0.0
2017-02-18 00:26:54.629000 25079.595 88.817 159.64 60.183 166.93 192.28 207.175 194.234 194.853 195.063 208.084 205.703 190.236 0.0 0.0 191.52 27.1392676321 0.0
2017-02-18 00:28:07.266000 25152.232 88.672 159.42 60.125 166.72 192.01 206.888 193.972 194.587 194.793 207.831 205.44 189.976 0.0 0.0 191.26 0.0 0.0
2017-02-18 00:29:19.729000 25224.695 88.539 159.22 60.095 166.51 191.75 206.611 193.702 194.319 194.525 207.572 205.177 189.707 0.0 0.0 191.0 0.0 0.0
2017-02-18 00:30:32.183000 25297.149 88.4 159.01 60.094 166.29 191.48 206.332 193.431 194.051 194.257 207.316 204.915 189.437 0.0 0.0 190.74 0.0 0.0
2017-02-18 00:31:44.653000 25369.619 88.266 158.81 60.021 166.08 191.2 206.05 193.162 193.782 193.982 207.06 204.653 189.165 0.0 0.0 190.48 31.3619320055 0.0
2017-02-18 00:32:57.173000 25442.139 88.131 158.61 60.044 165.86 190.94 205.77 192.892 193.509 193.719 206.805 204.391 188.894 0.0 0.0 190.23 0.0 0.0
2017-02-18 00:34:09.757000 25514.723 87.992 158.41 59.975 165.65 190.67 205.488 192.617 193.246 193.451 206.552 204.13 188.625 0.0 0.0 189.96 0.0 0.0
2017-02-18 00:35:22.416000 25587.382 87.858 158.21 59.969 165.44 190.39 205.202 192.35 192.977 193.181 206.295 203.869 188.357 0.0 0.0 189.7 28.455440968 0.0
2017-02-18 00:36:35.286000 25660.252 87.717 158.01 59.908 165.22 190.12 204.925 192.081 192.711 192.913 206.04 203.605 188.084 0.0 0.0 189.44 13.609894071 0.0
2017-02-18 00:37:47.906000 25732.872 87.582 157.8 59.922 165.01 189.85 204.643 191.811 192.444 192.639 205.784 203.344 187.805 0.0 0.0 189.18 0.0 0.0
2017-02-18 00:39:00.566000 25805.532 87.449 157.6 59.852 164.8 189.58 204.364 191.54 192.171 192.376 205.529 203.082 187.547 0.0 0.0 188.91 0.0 0.0
2017-02-18 00:40:13.301000 25878.267 87.32 157.4 59.874 164.59 189.31 204.077 191.269 191.904 192.109 205.276 202.823 187.276 0.0 0.0 188.65 22.6654266552 0.0
2017-02-18 00:41:26.052000 25951.018 87.184 157.2 59.813 164.38 189.04 203.802 191.0 191.638 191.839 205.018 202.559 187.007 0.0 0.0 188.39 0.0 0.0
2017-02-18 00:42:38.785000 26023.751 87.046 156.99 59.815 164.17 188.76 203.524 190.73 191.37 191.567 204.765 202.298 186.738 0.0 0.0 188.13 0.0 0.0
2017-02-18 00:43:51.899000 26096.865 86.912 156.79 59.773 163.96 188.49 203.242 190.453 191.101 191.303 204.51 202.037 186.468 0.0 0.0 187.86 0.0 0.0
2017-02-18 00:45:04.759000 26169.725 86.772 156.59 59.713 163.75 188.22 202.96 190.19 190.833 191.035 204.253 201.777 186.199 0.0 0.0 187.6 0.0 0.0
2017-02-18 00:46:17.613000 26242.579 86.641 156.39 59.733 163.54 187.95 202.68 189.921 190.566 190.759 204.0 201.516 185.931 0.0 0.0 187.34 0.0 0.0
2017-02-18 00:47:30.573000 26315.539 86.511 156.19 59.697 163.33 187.67 202.399 189.651 190.296 190.5 203.746 201.253 185.662 0.0 0.0 187.07 0.0 0.0
2017-02-18 00:48:43.466000 26388.432 86.374 155.99 59.628 163.13 187.4 202.116 189.378 190.031 190.232 203.492 200.997 185.395 0.0 0.0 186.81 27.1392676321 0.0
2017-02-18 00:49:56.478000 26461.444 86.241 155.79 59.629 162.92 187.13 201.841 189.108 189.766 189.965 203.238 200.734 185.125 0.0 0.0 186.55 0.0 0.0
2017-02-18 00:51:09.709000 26534.675 86.113 155.59 59.619 162.71 186.86 201.561 188.831 189.489 189.696 202.984 200.472 184.857 0.0 0.0 186.28 0.0 0.0
2017-02-18 00:52:22.729000 26607.695 85.983 155.39 59.549 162.5 186.59 201.278 188.565 189.226 189.426 202.731 200.213 184.588 0.0 0.0 186.02 0.0 0.0
2017-02-18 00:53:35.795000 26680.761 85.844 155.19 59.517 162.3 186.32 201.0 188.293 188.957 189.15 202.479 199.952 184.319 0.0 0.0 185.76 19.1577316199 0.0
2017-02-18 00:54:48.885000 26753.851 85.71 154.99 59.536 162.09 186.04 200.723 188.019 188.688 188.888 202.224 199.689 184.051 0.0 0.0 185.49 0.0 0.0
2017-02-18 00:56:02.008000 26826.974 85.583 154.79 59.512 161.89 185.77 200.443 187.753 188.42 188.621 201.971 199.426 183.78 0.0 0.0 185.23 0.0 0.0
2017-02-18 00:57:15.127000 26900.093 85.453 154.59 59.451 161.68 185.5 200.164 187.482 188.154 188.347 201.718 199.163 183.514 0.0 0.0 184.97 0.0 0.0
2017-02-18 00:58:28.353000 26973.319 85.317 154.4 59.411 161.47 185.23 199.876 187.213 187.884 188.083 201.468 198.902 183.246 0.0 0.0 184.71 17.007260696 0.0
2017-02-18 00:59:41.795000 27046.761 85.187 154.2 59.38 161.27 184.96 199.601 186.943 187.615 187.807 201.211 198.638 182.978 0.0 0.0 184.45 0.0 0.0
2017-02-18 01:00:55.079000 27120.045 85.056 154.0 59.353 161.06 184.69 199.32 186.667 187.348 187.545 200.956 198.376 182.71 0.0 0.0 184.18 0.0 0.0
2017-02-18 01:02:08.368000 27193.334 84.925 153.81 59.369 160.86 184.42 199.038 186.403 187.082 187.276 200.705 198.115 182.443 0.0 0.0 183.92 21.7100711227 0.0
2017-02-18 01:03:21.683000 27266.649 84.801 153.61 59.339 160.66 184.15 198.757 186.134 186.809 187.01 200.45 197.852 182.178 0.0 0.0 183.66 21.7100711227 0.0
2017-02-18 01:04:35.065000 27340.031 84.668 153.41 59.323 160.45 183.88 198.475 185.863 186.545 186.742 200.195 197.591 181.91 0.0 0.0 183.4 0.0 0.0
2017-02-18 01:05:48.436000 27413.412 84.535 153.22 59.29 160.25 183.61 198.195 185.595 186.275 186.475 199.948 197.331 181.639 0.0 0.0 183.14 0.0 0.0
2017-02-18 01:07:02.122000 27487.088 84.403 153.02 59.267 160.05 183.34 197.912 185.323 186.01 186.203 199.689 197.065 181.373 0.0 0.0 182.88 0.0 0.0
2017-02-18 01:08:15.601000 27560.567 84.275 152.83 59.239 159.84 183.07 197.632 185.054 185.738 185.937 199.435 196.805 181.106 0.0 0.0 182.61 17.007260696 0.0
2017-02-18 01:09:29.119000 27634.085 84.139 152.63 59.211 159.64 182.8 197.35 184.785 185.476 185.671 199.18 196.543 180.84 0.0 0.0 182.35 0.0 0.0
2017-02-18 01:10:42.627000 27707.593 84.008 152.44 59.183 159.44 182.53 197.068 184.514 185.204 185.402 198.925 196.281 180.572 0.0 0.0 182.09 18.4011436723 0.0
2017-02-18 01:11:56.190000 27781.166 83.874 152.24 59.163 159.24 182.26 196.788 184.243 184.941 185.135 198.672 196.021 180.305 0.0 0.0 181.83 0.0 0.0
2017-02-18 01:13:09.745000 27854.711 83.743 152.05 59.132 159.03 181.99 196.508 183.964 184.669 184.868 198.416 195.759 180.038 0.0 0.0 181.57 0.0 0.0
2017-02-18 01:14:23.672000 27928.638 83.608 151.86 59.061 158.83 181.72 196.226 183.7 184.404 184.598 198.161 195.495 179.769 0.0 0.0 181.31 0.0 0.0
2017-02-18 01:15:37.295000 28002.261 83.484 151.67 59.037 158.63 181.45 195.941 183.425 184.135 184.329 197.907 195.237 179.501 0.0 0.0 181.05 0.0 0.0
2017-02-18 01:16:50.931000 28075.897 83.351 151.48 59.037 158.43 181.18 195.666 183.16 183.867 184.055 197.652 194.975 179.231 0.0 0.0 180.79 38.551620468 0.0
2017-02-18 01:18:04.651000 28149.617 83.223 151.28 59.013 158.23 180.91 195.381 182.891 183.598 183.791 197.395 194.712 178.963 0.0 0.0 180.53 0.0 0.0
2017-02-18 01:19:18.400000 28223.366 83.088 151.09 59.009 158.03 180.64 195.106 182.619 183.325 183.522 197.144 194.448 178.693 0.0 0.0 180.28 0.0 0.0
2017-02-18 01:20:32.144000 28297.11 82.96 150.9 58.984 157.82 180.37 194.822 182.349 183.065 183.253 196.888 194.185 178.426 0.0 0.0 180.02 0.0 0.0
2017-02-18 01:21:45.942000 28370.908 82.828 150.71 58.923 157.62 180.11 194.543 182.074 182.794 182.985 196.635 193.924 178.157 0.0 0.0 179.76 18.4011436723 0.0
2017-02-18 01:23:00.120000 28445.086 82.7 150.52 58.885 157.42 179.83 194.259 181.809 182.526 182.712 196.379 193.662 177.888 0.0 0.0 179.49 0.0 0.0
2017-02-18 01:24:13.966000 28518.932 82.568 150.33 58.905 157.22 179.56 193.979 181.537 182.257 182.45 196.124 193.4 177.619 0.0 0.0 179.23 0.0 0.0
2017-02-18 01:25:27.867000 28592.833 82.432 150.14 58.873 157.02 179.29 193.697 181.261 181.989 182.183 195.87 193.136 177.348 0.0 0.0 178.97 0.0 0.0
2017-02-18 01:26:41.800000 28666.766 82.3 149.95 58.849 156.83 179.02 193.416 180.997 181.721 181.906 195.616 192.873 177.084 0.0 0.0 178.71 16.3672479394 0.0
2017-02-18 01:27:55.770000 28740.736 82.179 149.76 58.776 156.63 178.74 193.13 180.728 181.453 181.645 195.361 192.611 176.815 0.0 0.0 178.45 0.0 0.0
2017-02-18 01:29:09.775000 28814.741 82.047 149.57 58.782 156.43 178.47 192.85 180.457 181.18 181.376 195.108 192.348 176.546 0.0 0.0 178.19 0.0 0.0
2017-02-18 01:30:24.093000 28889.059 81.915 149.38 58.727 156.23 178.2 192.571 180.185 180.918 181.102 194.852 192.088 176.278 0.0 0.0 177.93 0.0 0.0
2017-02-18 01:31:38.140000 28963.106 81.791 149.19 58.708 156.03 177.93 192.288 179.915 180.65 180.839 194.596 191.825 176.009 0.0 0.0 177.67 34.7006893192 0.0
2017-02-18 01:32:52.247000 29037.213 81.659 149.0 58.724 155.84 177.66 192.01 179.639 180.384 180.571 194.341 191.563 175.739 0.0 0.0 177.41 0.0 0.0
2017-02-18 01:34:00.463000 29105.429 81.547 148.82 58.7 155.66 177.41 191.751 179.395 180.13 180.325 194.106 191.323 175.493 0.0 0.0 177.17 0.0 0.0
2017-02-18 01:35:08.717000 29173.683 81.431 148.65 58.628 155.47 177.16 191.49 179.143 179.889 180.08 193.868 191.079 175.25 0.0 0.0 176.93 25.9093071593 0.0
2017-02-18 01:36:17.028000 29241.994 81.314 148.47 58.605 155.29 176.91 191.233 178.894 179.642 179.832 193.633 190.839 175.002 0.0 0.0 176.68 0.0 0.0
2017-02-18 01:37:25.641000 29310.607 81.193 148.3 58.577 155.11 176.66 190.967 178.643 179.392 179.583 193.396 190.599 174.752 0.0 0.0 176.45 38.551620468 0.0
2017-02-18 01:38:33.924000 29378.89 81.074 148.13 58.559 154.93 176.41 190.716 178.388 179.145 179.336 193.163 190.356 174.507 0.0 0.0 176.2 0.0 0.0
2017-02-18 01:39:42.263000 29447.229 80.958 147.96 58.542 154.75 176.16 190.457 178.146 178.898 179.083 192.926 190.115 174.261 0.0 0.0 175.97 0.0 0.0
2017-02-18 01:40:50.602000 29515.568 80.831 147.78 58.496 154.58 175.91 190.198 177.898 178.65 178.839 192.693 189.874 174.016 0.0 0.0 175.73 36.5571035979 0.0
2017-02-18 01:41:58.943000 29583.909 80.713 147.61 58.469 154.4 175.66 189.939 177.646 178.403 178.594 192.457 189.632 173.767 0.0 0.0 175.49 0.0 0.0
2017-02-18 01:43:07.633000 29652.599 80.597 147.44 58.443 154.22 175.42 189.677 177.395 178.152 178.345 192.218 189.39 173.521 0.0 0.0 175.24 0.0 0.0
2017-02-18 01:44:16.055000 29721.021 80.484 147.27 58.416 154.04 175.17 189.423 177.14 177.906 178.096 191.987 189.148 173.274 0.0 0.0 175.0 20.8092119952 0.0
2017-02-18 01:45:24.493000 29789.459 80.367 147.1 58.39 153.86 174.92 189.162 176.898 177.654 177.848 191.752 188.908 173.027 0.0 0.0 174.76 0.0 0.0
2017-02-18 01:46:32.902000 29857.868 80.251 146.93 58.368 153.68 174.67 188.904 176.649 177.411 177.597 191.515 188.665 172.785 0.0 0.0 174.52 34.7006893192 0.0
2017-02-18 01:47:41.385000 29926.351 80.132 146.76 58.348 153.51 174.42 188.645 176.402 177.164 177.353 191.282 188.424 172.539 0.0 0.0 174.29 0.0 0.0
2017-02-18 01:48:49.836000 29994.802 80.015 146.59 58.327 153.33 174.17 188.381 176.156 176.916 177.108 191.045 188.182 172.293 0.0 0.0 174.05 0.0 0.0
2017-02-18 01:49:58.691000 30063.657 79.906 146.41 58.35 153.15 173.93 188.121 175.903 176.669 176.858 190.809 187.943 172.045 0.0 0.0 173.81 0.0 0.0
2017-02-18 01:51:07.199000 30132.165 79.789 146.25 58.329 152.98 173.68 187.867 175.649 176.42 176.615 190.576 187.699 171.798 0.0 0.0 173.57 0.0 0.0
2017-02-18 01:52:15.698000 30200.664 79.675 146.08 58.317 152.8 173.43 187.608 175.408 176.17 176.366 190.339 187.458 171.554 0.0 0.0 173.33 0.0 0.0
2017-02-18 01:53:24.232000 30269.198 79.562 145.91 58.3 152.63 173.18 187.349 175.159 175.931 176.114 190.107 187.217 171.31 0.0 0.0 173.09 0.0 0.0
2017-02-18 01:54:32.761000 30337.727 79.447 145.74 58.276 152.45 172.93 187.093 174.908 175.683 175.876 189.872 186.977 171.063 0.0 0.0 172.85 0.0 0.0
2017-02-18 01:55:41.593000 30406.559 79.324 145.57 58.254 152.28 172.69 186.83 174.66 175.437 175.628 189.638 186.736 170.816 0.0 0.0 172.61 17.6866609156 0.0
2017-02-18 01:56:50.144000 30475.11 79.209 145.4 58.227 152.1 172.44 186.574 174.409 175.189 175.383 189.404 186.495 170.572 0.0 0.0 172.37 0.0 0.0
2017-02-18 01:57:58.727000 30543.693 79.095 145.24 58.201 151.93 172.19 186.312 174.159 174.942 175.134 189.167 186.254 170.327 0.0 0.0 172.13 0.0 0.0
2017-02-18 01:59:07.301000 30612.267 78.977 145.07 58.172 151.75 171.95 186.061 173.905 174.696 174.889 188.934 186.013 170.084 0.0 0.0 171.89 28.455440968 0.0
2017-02-18 02:00:15.909000 30680.875 78.86 144.9 58.147 151.58 171.7 185.8 173.655 174.445 174.642 188.7 185.771 169.838 0.0 0.0 171.66 0.0 0.0
2017-02-18 02:01:24.549000 30749.515 78.741 144.73 58.12 151.41 171.45 185.545 173.412 174.196 174.393 188.466 185.533 169.591 0.0 0.0 171.42 0.0 0.0
2017-02-18 02:02:33.560000 30818.526 78.632 144.57 58.128 151.23 171.2 185.286 173.164 173.946 174.144 188.229 185.292 169.342 0.0 0.0 171.18 31.3619320055 0.0
2017-02-18 02:03:42.221000 30887.187 78.524 144.4 58.101 151.06 170.96 185.027 172.916 173.707 173.892 187.994 185.05 169.096 0.0 0.0 170.94 0.0 0.0
2017-02-18 02:04:50.924000 30955.89 78.407 144.23 58.083 150.89 170.71 184.768 172.666 173.46 173.646 187.76 184.807 168.851 0.0 0.0 170.7 0.0 0.0
2017-02-18 02:05:59.644000 31024.61 78.286 144.07 58.047 150.72 170.47 184.508 172.419 173.214 173.406 187.527 184.568 168.606 0.0 0.0 170.47 0.0 0.0
2017-02-18 02:07:08.366000 31093.332 78.167 143.9 58.026 150.55 170.22 184.248 172.169 172.965 173.159 187.293 184.326 168.359 0.0 0.0 170.23 0.0 0.0
2017-02-18 02:08:17.427000 31162.393 78.051 143.74 57.962 150.37 169.97 183.991 171.92 172.719 172.911 187.058 184.084 168.114 0.0 0.0 169.99 0.0 0.0
2017-02-18 02:09:26.216000 31231.182 77.945 143.57 57.988 150.2 169.73 183.732 171.672 172.472 172.665 186.827 183.844 167.868 0.0 0.0 169.74 29.8565066546 0.0
2017-02-18 02:10:34.979000 31299.945 77.825 143.41 57.964 150.03 169.47 183.469 171.424 172.225 172.419 186.59 183.602 167.623 0.0 0.0 169.51 0.0 0.0
2017-02-18 02:11:43.751000 31368.717 77.707 143.24 57.948 149.86 169.23 183.212 171.176 171.98 172.173 186.361 183.361 167.376 0.0 0.0 169.27 29.8565066546 0.0
2017-02-18 02:12:52.599000 31437.565 77.586 143.08 57.887 149.69 168.98 182.951 170.927 171.734 171.927 186.127 183.122 167.13 0.0 0.0 169.02 0.0 0.0
2017-02-18 02:14:01.373000 31506.339 77.47 142.92 57.867 149.52 168.73 182.7 170.676 171.487 171.681 185.893 182.878 166.876 0.0 0.0 168.78 0.0 0.0
2017-02-18 02:15:10.543000 31575.509 77.365 142.75 57.852 149.35 168.49 182.433 170.43 171.24 171.434 185.661 182.638 166.64 0.0 0.0 168.54 32.9687191038 0.0
2017-02-18 02:16:19.450000 31644.416 77.252 142.59 57.883 149.17 168.24 182.182 170.181 170.994 171.188 185.427 182.398 166.393 0.0 0.0 168.3 29.8565066546 0.0
2017-02-18 02:17:28.366000 31713.332 77.13 142.43 57.824 149.0 168.02 181.922 169.931 170.749 170.942 185.192 182.156 166.145 0.0 0.0 168.06 0.0 0.0
2017-02-18 02:18:37.253000 31782.219 77.016 142.26 57.772 148.84 167.82 181.663 169.677 170.501 170.692 184.961 181.915 165.894 0.0 0.0 167.82 0.0 0.0
2017-02-18 02:19:46.189000 31851.155 76.905 142.1 57.786 148.67 167.62 181.405 169.423 170.252 170.445 184.725 181.676 165.642 0.0 0.0 167.58 0.0 0.0
2017-02-18 02:20:55.459000 31920.425 76.785 141.94 57.778 148.49 167.41 181.144 169.168 170.003 170.197 184.489 181.432 165.392 0.0 0.0 167.34 0.0 0.0
2017-02-18 02:22:04.360000 31989.326 76.664 141.78 57.7 148.33 167.19 180.886 168.914 169.752 169.949 184.254 181.192 165.145 0.0 0.0 167.11 36.5571035979 0.0
2017-02-18 02:23:13.304000 32058.27 76.552 141.62 57.696 148.16 166.97 180.627 168.661 169.504 169.698 184.022 180.953 164.897 0.0 0.0 166.87 0.0 0.0
2017-02-18 02:24:22.308000 32127.274 76.441 141.45 57.711 147.99 166.74 180.368 168.409 169.253 169.449 183.785 180.71 164.652 0.0 0.0 166.63 0.0 0.0
2017-02-18 02:25:31.286000 32196.252 76.314 141.29 57.645 147.82 166.5 180.112 168.157 169.003 169.196 183.552 180.47 164.406 0.0 0.0 166.4 0.0 0.0
2017-02-18 02:26:40.589000 32265.555 76.213 141.13 57.601 147.65 166.27 179.843 167.906 168.752 168.948 183.318 180.228 164.162 0.0 0.0 166.16 0.0 0.0
2017-02-18 02:27:49.595000 32334.561 76.09 140.97 57.64 147.48 166.03 179.584 167.657 168.503 168.699 183.085 179.988 163.919 0.0 0.0 165.93 0.0 0.0
2017-02-18 02:28:58.652000 32403.618 75.977 140.81 57.553 147.32 165.79 179.325 167.407 168.254 168.451 182.851 179.746 163.672 0.0 0.0 165.69 0.0 0.0
2017-02-18 02:30:07.642000 32472.608 75.878 140.65 57.579 147.15 165.55 179.066 167.159 168.006 168.202 182.617 179.505 163.429 0.0 0.0 165.46 0.0 0.0
2017-02-18 02:31:16.665000 32541.631 75.76 140.49 57.568 146.98 165.31 178.812 166.908 167.759 167.955 182.388 179.263 163.185 0.0 0.0 165.22 0.0 0.0
2017-02-18 02:32:26.088000 32611.064 75.651 140.33 57.518 146.81 165.06 178.555 166.661 167.508 167.705 182.162 179.021 162.941 0.0 0.0 164.98 0.0 0.0
2017-02-18 02:33:35.139000 32680.105 75.536 140.17 57.542 146.65 164.82 178.3 166.412 167.261 167.458 181.936 178.78 162.697 0.0 0.0 164.75 0.0 0.0
2017-02-18 02:34:44.269000 32749.235 75.415 140.01 57.464 146.48 164.58 178.043 166.161 167.013 167.21 181.709 178.538 162.454 0.0 0.0 164.51 27.1392676321 0.0
2017-02-18 02:35:53.359000 32818.325 75.312 139.85 57.446 146.32 164.34 177.786 165.912 166.765 166.965 181.479 178.297 162.211 0.0 0.0 164.28 0.0 0.0
2017-02-18 02:37:02.501000 32887.467 75.197 139.7 57.474 146.15 164.1 177.53 165.665 166.519 166.714 181.247 178.056 161.968 0.0 0.0 164.04 0.0 0.0
2017-02-18 02:38:11.964000 32956.93 75.091 139.54 57.386 145.99 163.85 177.271 165.416 166.271 166.469 181.012 177.813 161.725 0.0 0.0 163.81 0.0 0.0
2017-02-18 02:39:21.167000 33026.133 74.981 139.38 57.417 145.82 163.6 177.014 165.169 166.024 166.215 180.782 177.575 161.48 0.0 0.0 163.57 0.0 0.0
2017-02-18 02:40:30.367000 33095.333 74.865 139.22 57.35 145.66 163.36 176.755 164.921 165.779 165.97 180.55 177.333 161.239 0.0 0.0 163.34 0.0 0.0
2017-02-18 02:41:39.577000 33164.543 74.764 139.06 57.337 145.49 163.11 176.498 164.671 165.524 165.725 180.317 177.093 160.995 0.0 0.0 163.1 0.0 0.0
2017-02-18 02:42:48.819000 33233.785 74.648 138.9 57.323 145.33 162.87 176.243 164.424 165.281 165.484 180.087 176.853 160.753 0.0 0.0 162.86 31.3619320055 0.0
2017-02-18 02:43:58.407000 33303.373 74.549 138.75 57.336 145.17 162.63 175.984 164.167 165.039 165.238 179.85 176.611 160.509 0.0 0.0 162.63 0.0 0.0
2017-02-18 02:45:07.615000 33372.581 74.428 138.59 57.247 145.0 162.38 175.722 163.921 164.794 164.992 179.617 176.371 160.266 0.0 0.0 162.39 0.0 0.0
2017-02-18 02:46:16.816000 33441.782 74.325 138.43 57.272 144.84 162.14 175.466 163.676 164.546 164.748 179.384 176.131 160.026 0.0 0.0 162.15 31.3619320055 0.0
2017-02-18 02:47:26.080000 33511.046 74.206 138.28 57.274 144.68 161.89 175.209 163.43 164.3 164.499 179.151 175.889 159.781 0.0 0.0 161.9 32.9687191038 0.0
2017-02-18 02:48:35.366000 33580.332 74.101 138.12 57.201 144.51 161.65 174.955 163.181 164.054 164.256 178.917 175.648 159.538 0.0 0.0 161.66 0.0 0.0
2017-02-18 02:49:45.038000 33650.004 73.987 137.97 57.195 144.35 161.4 174.695 162.934 163.807 164.007 178.682 175.408 159.291 0.0 0.0 161.41 24.760211704 0.0
2017-02-18 02:50:54.353000 33719.319 73.882 137.81 57.218 144.19 161.16 174.439 162.687 163.561 163.754 178.451 175.17 159.045 0.0 0.0 161.17 0.0 0.0
2017-02-18 02:52:03.673000 33788.639 73.76 137.66 57.134 144.03 160.92 174.181 162.438 163.308 163.51 178.217 174.928 158.802 0.0 0.0 160.93 0.0 0.0
2017-02-18 02:53:13.070000 33858.036 73.654 137.5 57.172 143.86 160.67 173.92 162.192 163.066 163.267 177.983 174.687 158.558 0.0 0.0 160.69 15.7588593431 0.0
2017-02-18 02:54:22.444000 33927.41 73.542 137.35 57.105 143.7 160.43 173.665 161.939 162.824 163.022 177.751 174.447 158.312 0.0 0.0 160.45 0.0 0.0
2017-02-18 02:55:32.245000 33997.211 73.433 137.19 57.099 143.54 160.18 173.403 161.699 162.578 162.778 177.516 174.203 158.058 0.0 0.0 160.21 0.0 0.0
2017-02-18 02:56:41.642000 34066.608 73.337 137.04 57.108 143.38 159.94 173.148 161.451 162.333 162.531 177.283 173.963 157.825 0.0 0.0 159.97 0.0 0.0
2017-02-18 02:57:51.045000 34136.011 73.214 136.88 57.074 143.22 159.69 172.891 161.204 162.086 162.287 177.049 173.72 157.581 0.0 0.0 159.74 0.0 0.0
2017-02-18 02:59:00.488000 34205.454 73.115 136.73 57.049 143.06 159.45 172.631 160.958 161.842 162.036 176.818 173.481 157.336 0.0 0.0 159.5 0.0 0.0
2017-02-18 03:00:09.966000 34274.932 72.997 136.58 57.002 142.9 159.2 172.377 160.713 161.592 161.797 176.584 173.241 157.091 0.0 0.0 159.26 27.1392676321 0.0
2017-02-18 03:01:19.782000 34344.748 72.893 136.42 57.015 142.74 158.95 172.111 160.463 161.352 161.552 176.351 172.999 156.847 0.0 0.0 159.02 0.0 0.0
2017-02-18 03:02:29.270000 34414.236 72.793 136.27 56.981 142.58 158.71 171.86 160.217 161.106 161.305 176.116 172.76 156.601 0.0 0.0 158.78 0.0 0.0
2017-02-18 03:03:38.794000 34483.76 72.669 136.12 56.925 142.42 158.46 171.603 159.972 160.861 161.061 175.885 172.517 156.357 0.0 0.0 158.54 25.9093071593 0.0
2017-02-18 03:04:48.349000 34553.315 72.574 135.97 56.974 142.26 158.21 171.347 159.723 160.616 160.81 175.653 172.277 156.115 0.0 0.0 158.3 24.760211704 0.0
2017-02-18 03:05:57.872000 34622.838 72.462 135.81 56.895 142.1 157.97 171.089 159.476 160.367 160.572 175.423 172.038 155.871 0.0 0.0 158.06 0.0 0.0
2017-02-18 03:07:07.774000 34692.74 72.354 135.66 56.868 141.94 157.72 170.824 159.225 160.127 160.329 175.19 171.799 155.626 0.0 0.0 157.82 0.0 0.0
2017-02-18 03:08:17.401000 34762.367 72.254 135.51 56.906 141.78 157.48 170.572 158.979 159.883 160.085 174.957 171.557 155.384 0.0 0.0 157.58 21.7100711227 0.0
2017-02-18 03:09:27.008000 34831.974 72.151 135.36 56.852 141.63 157.23 170.317 158.73 159.638 159.841 174.718 171.32 155.142 0.0 0.0 157.34 0.0 0.0
2017-02-18 03:10:36.632000 34901.598 72.039 135.21 56.813 141.47 156.99 170.06 158.483 159.389 159.587 174.481 171.078 154.899 0.0 0.0 157.1 20.8092119952 0.0
2017-02-18 03:11:46.670000 34971.636 71.933 135.06 56.796 141.31 156.74 169.803 158.228 159.144 159.346 174.245 170.837 154.654 0.0 0.0 156.85 0.0 0.0
2017-02-18 03:12:56.342000 35041.308 71.832 134.91 56.83 141.15 156.49 169.541 157.985 158.897 159.101 174.01 170.599 154.41 0.0 0.0 156.61 36.5571035979 0.0
2017-02-18 03:14:05.992000 35110.958 71.731 134.76 56.784 141.0 156.25 169.283 157.74 158.652 158.854 173.773 170.359 154.168 0.0 0.0 156.37 0.0 0.0
2017-02-18 03:15:15.657000 35180.623 71.623 134.61 56.748 140.84 156.0 169.026 157.491 158.406 158.603 173.541 170.12 153.924 0.0 0.0 156.13 0.0 0.0
2017-02-18 03:16:25.339000 35250.305 71.513 134.46 56.751 140.69 155.76 168.768 157.239 158.157 158.364 173.31 169.88 153.682 0.0 0.0 155.88 23.6804994585 0.0
2017-02-18 03:17:35.407000 35320.373 71.413 134.31 56.757 140.53 155.51 168.507 156.998 157.912 158.118 173.074 169.639 153.438 0.0 0.0 155.64 0.0 0.0
2017-02-18 03:18:45.163000 35390.129 71.312 134.16 56.753 140.37 155.26 168.249 156.749 157.665 157.872 172.842 169.399 153.196 0.0 0.0 155.4 34.7006893192 0.0
2017-02-18 03:19:54.931000 35459.897 71.204 134.01 56.677 140.22 155.02 167.992 156.503 157.415 157.625 172.611 169.157 152.952 0.0 0.0 155.16 0.0 0.0
2017-02-18 03:21:04.696000 35529.662 71.094 133.87 56.644 140.07 154.78 167.736 156.25 157.174 157.381 172.377 168.916 152.71 0.0 0.0 154.92 0.0 0.0
2017-02-18 03:22:14.859000 35599.825 70.985 133.72 56.619 139.91 154.53 167.476 156.008 156.928 157.133 172.144 168.676 152.466 0.0 0.0 154.68 29.8565066546 0.0
2017-02-18 03:23:24.705000 35669.671 70.882 133.57 56.62 139.76 154.29 167.216 155.76 156.684 156.884 171.913 168.436 152.223 0.0 0.0 154.44 0.0 0.0
2017-02-18 03:24:34.493000 35739.459 70.791 133.42 56.654 139.6 154.05 166.958 155.507 156.436 156.643 171.679 168.194 151.979 0.0 0.0 154.2 0.0 0.0
2017-02-18 03:25:44.327000 35809.293 70.687 133.27 56.621 139.45 153.8 166.695 155.268 156.192 156.4 171.448 167.953 151.737 0.0 0.0 153.97 0.0 0.0
2017-02-18 03:26:54.243000 35879.209 70.583 133.13 56.583 139.29 153.56 166.443 155.019 155.943 156.148 171.215 167.712 151.496 0.0 0.0 153.73 0.0 0.0
2017-02-18 03:28:04.500000 35949.466 70.478 132.98 56.543 139.13 153.31 166.185 154.766 155.701 155.908 170.982 167.473 151.252 0.0 0.0 153.49 0.0 0.0
2017-02-18 03:29:14.391000 36019.357 70.361 132.83 56.516 138.98 153.07 165.926 154.524 155.456 155.665 170.749 167.232 151.01 0.0 0.0 153.25 23.6804994585 0.0
2017-02-18 03:30:24.279000 36089.245 70.253 132.68 56.493 138.83 152.83 165.67 154.274 155.21 155.412 170.517 166.994 150.768 0.0 0.0 153.01 31.3619320055 0.0
2017-02-18 03:31:34.211000 36159.177 70.149 132.54 56.477 138.68 152.58 165.412 154.026 154.961 155.175 170.283 166.753 150.525 0.0 0.0 152.77 0.0 0.0
2017-02-18 03:32:44.505000 36229.471 70.055 132.39 56.47 138.52 152.33 165.154 153.774 154.72 154.93 170.052 166.513 150.286 0.0 0.0 152.53 0.0 0.0
2017-02-18 03:33:54.454000 36299.42 69.949 132.25 56.48 138.37 152.09 164.897 153.531 154.472 154.677 169.816 166.271 150.043 0.0 0.0 152.29 0.0 0.0
2017-02-18 03:35:04.398000 36369.364 69.851 132.1 56.492 138.22 151.85 164.64 153.275 154.224 154.438 169.584 166.034 149.8 0.0 0.0 152.06 0.0 0.0
2017-02-18 03:36:14.407000 36439.373 69.751 131.96 56.475 138.07 151.6 164.38 153.035 153.982 154.192 169.348 165.792 149.555 0.0 0.0 151.82 0.0 0.0
2017-02-18 03:37:24.359000 36509.325 69.649 131.81 56.458 137.92 151.36 164.123 152.788 153.734 153.938 169.115 165.553 149.313 0.0 0.0 151.58 0.0 0.0
2017-02-18 03:38:34.796000 36579.762 69.535 131.67 56.42 137.76 151.11 163.855 152.533 153.488 153.699 168.88 165.312 149.067 0.0 0.0 151.34 0.0 0.0
2017-02-18 03:39:44.831000 36649.797 69.439 131.52 56.417 137.62 150.87 163.606 152.29 153.242 153.453 168.646 165.072 148.822 0.0 0.0 151.11 36.5571035979 0.0
2017-02-18 03:40:54.929000 36719.895 69.321 131.38 56.402 137.46 150.62 163.346 152.044 152.989 153.207 168.412 164.833 148.576 0.0 0.0 150.87 0.0 0.0
2017-02-18 03:42:04.928000 36789.894 69.229 131.24 56.376 137.31 150.38 163.082 151.795 152.751 152.963 168.18 164.59 148.33 0.0 0.0 150.63 0.0 0.0
2017-02-18 03:43:15.455000 36860.421 69.114 131.09 56.297 137.16 150.14 162.829 151.549 152.503 152.709 167.944 164.348 148.084 0.0 0.0 150.4 38.551620468 0.0
2017-02-18 03:44:25.524000 36930.49 69.017 130.95 56.291 137.01 149.89 162.573 151.294 152.258 152.469 167.712 164.108 147.841 0.0 0.0 150.16 0.0 0.0
2017-02-18 03:45:35.648000 37000.614 68.915 130.81 56.298 136.86 149.65 162.314 151.053 152.011 152.226 167.478 163.869 147.6 0.0 0.0 149.92 0.0 0.0
2017-02-18 03:46:45.737000 37070.703 68.822 130.67 56.31 136.72 149.4 162.056 150.808 151.768 151.975 167.244 163.626 147.357 0.0 0.0 149.68 15.1803836566 0.0
2017-02-18 03:47:55.904000 37140.87 68.712 130.53 56.287 136.56 149.15 161.792 150.555 151.522 151.737 167.011 163.385 147.111 0.0 0.0 149.44 0.0 0.0
2017-02-18 03:49:06.393000 37211.359 68.602 130.39 56.245 136.42 148.91 161.539 150.314 151.275 151.484 166.776 163.142 146.867 0.0 0.0 149.21 0.0 0.0
2017-02-18 03:50:16.573000 37281.539 68.499 130.25 56.182 136.27 148.66 161.285 150.061 151.031 151.242 166.544 162.904 146.623 0.0 0.0 148.97 0.0 0.0
2017-02-18 03:51:26.708000 37351.674 68.396 130.11 56.183 136.12 148.42 161.025 149.819 150.784 151.002 166.312 162.664 146.379 0.0 0.0 148.73 34.7006893192 0.0
2017-02-18 03:52:36.908000 37421.874 68.296 129.96 56.132 135.97 148.17 160.769 149.569 150.533 150.75 166.078 162.424 146.137 0.0 0.0 148.49 0.0 0.0
2017-02-18 03:53:47.501000 37492.467 68.205 129.82 56.145 135.83 147.92 160.509 149.321 150.295 150.509 165.843 162.182 145.891 0.0 0.0 148.25 0.0 0.0
2017-02-18 03:54:57.751000 37562.717 68.095 129.68 56.107 135.68 147.68 160.253 149.069 150.052 150.26 165.609 161.94 145.647 0.0 0.0 148.02 15.7588593431 0.0
2017-02-18 03:56:08.019000 37632.985 68.003 129.54 56.143 135.53 147.43 159.989 148.821 149.804 150.022 165.377 161.7 145.403 0.0 0.0 147.78 0.0 0.0
2017-02-18 03:57:18.313000 37703.279 67.903 129.4 56.096 135.38 147.19 159.735 148.574 149.554 149.774 165.141 161.458 145.161 0.0 0.0 147.54 32.9687191038 0.0
2017-02-18 03:58:29.064000 37774.03 67.792 129.26 56.09 135.24 146.94 159.468 148.322 149.308 149.528 164.91 161.217 144.915 0.0 0.0 147.3 0.0 0.0
2017-02-18 03:59:39.353000 37844.319 67.683 129.12 56.088 135.09 146.69 159.216 148.075 149.06 149.281 164.675 160.979 144.671 0.0 0.0 147.06 24.760211704 0.0
2017-02-18 04:00:49.661000 37914.627 67.585 128.98 56.024 134.94 146.45 158.958 147.82 148.814 149.033 164.442 160.74 144.426 0.0 0.0 146.83 0.0 0.0
2017-02-18 04:02:00.118000 37985.084 67.491 128.84 55.991 134.8 146.2 158.696 147.58 148.567 148.787 164.208 160.498 144.181 0.0 0.0 146.59 0.0 0.0
2017-02-18 04:03:10.431000 38055.397 67.405 128.7 56.023 134.65 145.96 158.438 147.325 148.316 148.541 163.975 160.259 143.936 0.0 0.0 146.35 0.0 0.0
2017-02-18 04:04:21.198000 38126.164 67.307 128.56 56.038 134.5 145.71 158.179 147.082 148.073 148.293 163.737 160.018 143.69 0.0 0.0 146.11 0.0 0.0
2017-02-18 04:05:31.622000 38196.588 67.199 128.42 55.997 134.36 145.47 157.919 146.828 147.825 148.047 163.506 159.776 143.446 0.0 0.0 145.88 0.0 0.0
2017-02-18 04:06:42.081000 38267.047 67.088 128.28 55.935 134.21 145.22 157.662 146.587 147.581 147.801 163.273 159.535 143.201 0.0 0.0 145.64 0.0 0.0
2017-02-18 04:07:52.496000 38337.462 66.995 128.14 55.927 134.07 144.97 157.403 146.332 147.33 147.554 163.036 159.292 142.955 0.0 0.0 145.4 0.0 0.0
2017-02-18 04:09:03.314000 38408.28 66.9 128.0 55.946 133.92 144.73 157.141 146.09 147.085 147.308 162.804 159.049 142.712 0.0 0.0 145.16 19.1577316199 0.0
2017-02-18 04:10:13.788000 38478.754 66.788 127.87 55.957 133.78 144.48 156.884 145.836 146.84 147.062 162.568 158.809 142.467 0.0 0.0 144.93 23.6804994585 0.0
2017-02-18 04:11:24.282000 38549.248 66.688 127.73 55.917 133.63 144.23 156.625 145.593 146.594 146.816 162.334 158.567 142.226 0.0 0.0 144.69 0.0 0.0
2017-02-18 04:12:35.243000 38620.209 66.602 127.59 55.873 133.49 143.99 156.36 145.344 146.344 146.567 162.098 158.324 141.978 0.0 0.0 144.45 0.0 0.0
2017-02-18 04:13:45.698000 38690.664 66.507 127.46 55.906 133.35 143.74 156.108 145.099 146.101 146.317 161.865 158.082 141.734 0.0 0.0 144.21 34.7006893192 0.0
2017-02-18 04:14:56.233000 38761.199 66.401 127.32 55.881 133.2 143.5 155.843 144.848 145.853 146.077 161.632 157.84 141.491 0.0 0.0 143.97 0.0 0.0
2017-02-18 04:16:06.765000 38831.731 66.293 127.18 55.822 133.06 143.25 155.591 144.602 145.607 145.826 161.399 157.597 141.245 0.0 0.0 143.73 31.3619320055 0.0
2017-02-18 04:17:17.775000 38902.741 66.198 127.05 55.838 132.92 143.0 155.329 144.35 145.359 145.586 161.165 157.356 141.001 0.0 0.0 143.49 0.0 0.0
2017-02-18 04:18:28.297000 38973.263 66.084 126.91 55.781 132.77 142.76 155.075 144.101 145.109 145.34 160.928 157.115 140.756 0.0 0.0 143.26 0.0 0.0
2017-02-18 04:19:38.907000 39043.873 65.99 126.78 55.742 132.63 142.51 154.812 143.853 144.867 145.095 160.696 156.873 140.512 0.0 0.0 143.02 38.551620468 0.0
2017-02-18 04:20:49.517000 39114.483 65.906 126.64 55.762 132.49 142.26 154.553 143.596 144.618 144.85 160.463 156.632 140.269 0.0 0.0 142.78 0.0 0.0
2017-02-18 04:22:00.154000 39185.12 65.815 126.5 55.785 132.35 142.02 154.299 143.355 144.38 144.602 160.232 156.392 140.026 0.0 0.0 142.54 0.0 0.0
2017-02-18 04:23:11.154000 39256.12 65.693 126.37 55.69 132.21 141.77 154.033 143.104 144.133 144.355 159.996 156.149 139.779 0.0 0.0 142.3 0.0 0.0
2017-02-18 04:24:21.786000 39326.752 65.619 126.23 55.752 132.07 141.52 153.781 142.857 143.89 144.101 159.758 155.908 139.535 0.0 0.0 142.06 0.0 0.0
2017-02-18 04:25:32.503000 39397.469 65.511 126.1 55.711 131.93 141.28 153.517 142.608 143.647 143.86 159.522 155.669 139.289 0.0 0.0 141.82 0.0 0.0
2017-02-18 04:26:43.645000 39468.611 65.416 125.97 55.669 131.79 141.03 153.262 142.351 143.4 143.613 159.288 155.425 139.039 0.0 0.0 141.58 0.0 0.0
2017-02-18 04:27:54.344000 39539.31 65.315 125.83 55.68 131.64 140.79 153.002 142.107 143.158 143.368 159.05 155.186 138.797 0.0 0.0 141.35 0.0 0.0
2017-02-18 04:29:05.069000 39610.035 65.211 125.7 55.628 131.5 140.54 152.739 141.854 142.913 143.121 158.816 154.943 138.552 0.0 0.0 141.13 0.0 0.0
2017-02-18 04:30:15.858000 39680.824 65.132 125.57 55.655 131.37 140.3 152.488 141.612 142.669 142.866 158.582 154.701 138.306 0.0 0.0 140.9 0.0 0.0
2017-02-18 04:31:27.056000 39752.022 65.015 125.43 55.589 131.23 140.05 152.207 141.362 142.421 142.625 158.345 154.457 138.062 0.0 0.0 140.67 13.609894071 0.0
2017-02-18 04:32:37.776000 39822.742 64.941 125.3 55.628 131.09 139.8 151.949 141.107 142.174 142.377 158.111 154.216 137.814 0.0 0.0 140.44 0.0 0.0
2017-02-18 04:33:48.596000 39893.562 64.844 125.17 55.629 130.95 139.55 151.689 140.864 141.931 142.128 157.874 153.973 137.572 0.0 0.0 140.21 32.9687191038 0.0
2017-02-18 04:34:59.446000 39964.412 64.731 125.04 55.535 130.81 139.31 151.427 140.616 141.684 141.886 157.639 153.73 137.324 0.0 0.0 139.97 29.8565066546 0.0
2017-02-18 04:36:10.296000 40035.262 64.645 124.91 55.594 130.67 139.06 151.176 140.369 141.434 141.641 157.405 153.49 137.08 0.0 0.0 139.73 0.0 0.0
2017-02-18 04:37:21.504000 40106.47 64.536 124.77 55.514 130.53 138.83 150.914 140.119 141.193 141.396 157.163 153.243 136.834 0.0 0.0 139.5 0.0 0.0
2017-02-18 04:38:32.363000 40177.329 64.444 124.64 55.556 130.4 138.6 150.651 139.868 140.948 141.149 156.927 153.004 136.589 0.0 0.0 139.26 0.0 0.0
2017-02-18 04:39:43.252000 40248.218 64.345 124.51 55.492 130.26 138.37 150.399 139.621 140.698 140.902 156.694 152.763 136.343 0.0 0.0 139.03 0.0 0.0
2017-02-18 04:40:54.571000 40319.537 64.244 124.38 55.519 130.12 138.12 150.138 139.369 140.455 140.647 156.457 152.517 136.099 0.0 0.0 138.79 31.3619320055 0.0
2017-02-18 04:42:05.439000 40390.405 64.149 124.25 55.458 129.98 137.88 149.874 139.118 140.208 140.406 156.22 152.276 135.853 0.0 0.0 138.55 0.0 0.0
2017-02-18 04:43:16.423000 40461.389 64.05 124.12 55.488 129.85 137.64 149.622 138.868 139.958 140.161 155.986 152.034 135.608 0.0 0.0 138.32 0.0 0.0
2017-02-18 04:44:27.373000 40532.339 63.953 123.98 55.423 129.71 137.4 149.359 138.619 139.715 139.918 155.751 151.791 135.363 0.0 0.0 138.08 0.0 0.0
2017-02-18 04:45:38.810000 40603.776 63.838 123.85 55.398 129.57 137.16 149.097 138.366 139.468 139.67 155.515 151.547 135.117 0.0 0.0 137.84 0.0 0.0
2017-02-18 04:46:49.713000 40674.679 63.768 123.72 55.455 129.44 136.91 148.838 138.108 139.217 139.422 155.28 151.308 134.871 0.0 0.0 137.6 21.7100711227 0.0
2017-02-18 04:48:00.671000 40745.637 63.645 123.6 55.375 129.3 136.67 148.578 137.867 138.968 139.165 155.048 151.064 134.626 0.0 0.0 137.37 0.0 0.0
2017-02-18 04:49:11.666000 40816.632 63.572 123.47 55.35 129.17 136.42 148.314 137.617 138.724 138.925 154.813 150.824 134.38 0.0 0.0 137.13 0.0 0.0
2017-02-18 04:50:23.229000 40888.195 63.455 123.34 55.374 129.03 136.18 148.05 137.365 138.473 138.676 154.577 150.582 134.127 0.0 0.0 136.89 0.0 0.0
2017-02-18 04:51:35.571000 40960.537 63.365 123.21 55.336 128.89 135.93 147.786 137.11 138.218 138.422 154.335 150.336 133.885 0.0 0.0 136.65 19.1577316199 0.0
2017-02-18 04:52:47.404000 41032.37 63.277 123.08 55.343 128.76 135.69 147.521 136.859 137.969 138.172 154.095 150.093 133.627 0.0 0.0 136.41 0.0 0.0
2017-02-18 04:53:58.473000 41103.439 63.172 122.95 55.328 128.62 135.45 147.267 136.61 137.715 137.923 153.865 149.85 133.388 0.0 0.0 136.17 0.0 0.0
2017-02-18 04:55:10.058000 41175.024 63.09 122.82 55.348 128.49 135.2 147.006 136.356 137.473 137.67 153.632 149.605 133.141 0.0 0.0 135.93 0.0 0.0
2017-02-18 04:56:21.465000 41246.431 62.997 122.69 55.309 128.35 134.95 146.746 136.104 137.224 137.429 153.395 149.362 132.892 0.0 0.0 135.69 0.0 0.0
2017-02-18 04:57:32.593000 41317.559 62.88 122.56 55.253 128.22 134.71 146.481 135.857 136.975 137.178 153.16 149.118 132.646 0.0 0.0 135.45 0.0 0.0
2017-02-18 04:58:43.799000 41388.765 62.799 122.44 55.283 128.08 134.46 146.225 135.602 136.726 136.931 152.928 148.874 132.398 0.0 0.0 135.22 0.0 0.0
2017-02-18 04:59:55.424000 41460.39 62.715 122.31 55.285 127.95 134.21 145.965 135.358 136.471 136.68 152.689 148.631 132.152 0.0 0.0 134.98 16.3672479394 0.0
2017-02-18 05:01:06.714000 41531.68 62.619 122.18 55.193 127.82 133.96 145.704 135.106 136.229 136.429 152.456 148.387 131.905 0.0 0.0 134.74 0.0 0.0
2017-02-18 05:02:17.948000 41602.914 62.508 122.06 55.206 127.68 133.72 145.444 134.855 135.981 136.188 152.219 148.144 131.659 0.0 0.0 134.49 0.0 0.0
2017-02-18 05:03:29.156000 41674.122 62.424 121.93 55.209 127.55 133.47 145.177 134.599 135.733 135.939 151.986 147.902 131.415 0.0 0.0 134.26 0.0 0.0
2017-02-18 05:04:40.811000 41745.777 62.335 121.8 55.222 127.42 133.22 144.923 134.346 135.483 135.692 151.748 147.656 131.167 0.0 0.0 134.02 27.1392676321 0.0
2017-02-18 05:05:52.036000 41817.002 62.208 121.68 55.131 127.28 132.97 144.66 134.101 135.237 135.439 151.514 147.412 130.922 0.0 0.0 133.78 0.0 0.0
2017-02-18 05:07:03.334000 41888.3 62.139 121.55 55.18 127.16 132.73 144.399 133.85 134.989 135.198 151.278 147.17 130.676 0.0 0.0 133.54 0.0 0.0
2017-02-18 05:08:15.029000 41959.995 62.056 121.43 55.186 127.02 132.47 144.135 133.598 134.737 134.949 151.042 146.928 130.43 0.0 0.0 133.29 0.0 0.0
2017-02-18 05:09:26.347000 42031.313 61.959 121.3 55.139 126.89 132.23 143.87 133.344 134.488 134.701 150.807 146.683 130.182 0.0 0.0 133.05 22.6654266552 0.0
2017-02-18 05:10:37.685000 42102.651 61.844 121.18 55.112 126.76 131.98 143.612 133.086 134.233 134.451 150.57 146.441 129.936 0.0 0.0 132.82 0.0 0.0
2017-02-18 05:11:48.988000 42173.954 61.77 121.05 55.146 126.63 131.73 143.351 132.844 133.99 134.195 150.336 146.197 129.709 0.0 0.0 132.57 0.0 0.0
2017-02-18 05:13:00.825000 42245.791 61.666 120.93 55.103 126.5 131.48 143.087 132.591 133.739 133.943 150.098 145.951 129.463 0.0 0.0 132.33 28.455440968 0.0
2017-02-18 05:14:12.192000 42317.158 61.58 120.81 55.106 126.37 131.23 142.827 132.339 133.488 133.702 149.862 145.708 129.216 0.0 0.0 132.09 0.0 0.0
2017-02-18 05:15:23.558000 42388.524 61.464 120.68 55.007 126.24 130.98 142.559 132.087 133.239 133.453 149.623 145.468 128.966 0.0 0.0 131.85 0.0 0.0
2017-02-18 05:16:34.983000 42459.949 61.373 120.56 55.014 126.11 130.73 142.305 131.831 132.991 133.206 149.387 145.224 128.718 0.0 0.0 131.61 22.6654266552 0.0
2017-02-18 05:17:46.820000 42531.786 61.275 120.44 54.982 125.98 130.49 142.04 131.577 132.739 132.954 149.148 144.979 128.47 0.0 0.0 131.37 0.0 0.0
2017-02-18 05:18:58.188000 42603.154 61.198 120.31 55.011 125.86 130.24 141.78 131.333 132.483 132.699 148.914 144.737 128.222 0.0 0.0 131.13 0.0 0.0
2017-02-18 05:20:09.552000 42674.518 61.118 120.19 54.981 125.72 129.99 141.519 131.082 132.244 132.458 148.676 144.494 127.976 0.0 0.0 130.89 0.0 0.0
2017-02-18 05:21:20.958000 42745.924 61.006 120.07 54.931 125.6 129.74 141.257 130.833 131.994 132.208 148.439 144.248 127.726 0.0 0.0 130.65 24.760211704 0.0
2017-02-18 05:22:32.848000 42817.814 60.921 119.95 54.941 125.47 129.48 140.995 130.582 131.745 131.962 148.199 144.002 127.477 0.0 0.0 130.41 0.0 0.0
2017-02-18 05:23:44.360000 42889.326 60.814 119.83 54.907 125.34 129.24 140.728 130.331 131.496 131.711 147.961 143.76 127.23 0.0 0.0 130.17 0.0 0.0
2017-02-18 05:24:55.857000 42960.823 60.732 119.7 54.929 125.21 128.99 140.473 130.074 131.245 131.466 147.723 143.515 126.982 0.0 0.0 129.93 17.6866609156 0.0
2017-02-18 05:26:07.836000 43032.802 60.634 119.58 54.886 125.08 128.73 140.21 129.82 130.993 131.214 147.484 143.27 126.731 0.0 0.0 129.69 20.8092119952 0.0
2017-02-18 05:27:19.411000 43104.377 60.558 119.46 54.917 124.95 128.48 139.949 129.575 130.742 130.963 147.247 143.025 126.483 0.0 0.0 129.45 0.0 0.0
2017-02-18 05:28:30.998000 43175.964 60.457 119.34 54.934 124.83 128.23 139.684 129.323 130.497 130.709 147.009 142.782 126.237 0.0 0.0 129.21 0.0 0.0
2017-02-18 05:29:42.643000 43247.609 60.382 119.22 54.907 124.7 127.98 139.421 129.069 130.247 130.467 146.768 142.538 125.988 0.0 0.0 128.97 25.9093071593 0.0
2017-02-18 05:30:54.638000 43319.604 60.275 119.1 54.867 124.57 127.72 139.155 128.815 129.998 130.218 146.528 142.291 125.738 0.0 0.0 128.72 0.0 0.0
2017-02-18 05:32:06.192000 43391.158 60.206 118.97 54.902 124.45 127.48 138.894 128.564 129.748 129.97 146.29 142.048 125.492 0.0 0.0 128.48 0.0 0.0
2017-02-18 05:33:17.743000 43462.709 60.117 118.86 54.874 124.33 127.23 138.624 128.311 129.499 129.719 146.052 141.804 125.243 0.0 0.0 128.24 22.6654266552 0.0
2017-02-18 05:34:29.302000 43534.268 60.01 118.74 54.808 124.19 126.98 138.358 128.055 129.247 129.469 145.818 141.561 124.996 0.0 0.0 128.0 19.1577316199 0.0
2017-02-18 05:35:41.350000 43606.316 59.926 118.62 54.826 124.07 126.73 138.096 127.805 128.995 129.22 145.58 141.319 124.744 0.0 0.0 127.76 0.0 0.0
2017-02-18 05:36:53.030000 43677.996 59.84 118.5 54.836 123.95 126.48 137.838 127.547 128.743 128.968 145.344 141.077 124.494 0.0 0.0 127.51 0.0 0.0
2017-02-18 05:38:04.737000 43749.713 59.737 118.38 54.779 123.82 126.23 137.573 127.301 128.487 128.718 145.109 140.834 124.245 0.0 0.0 127.27 36.5571035979 0.0
2017-02-18 05:39:16.876000 43821.842 59.66 118.26 54.786 123.69 125.97 137.309 127.04 128.24 128.467 144.871 140.591 123.991 0.0 0.0 127.02 0.0 0.0
2017-02-18 05:40:28.636000 43893.602 59.576 118.14 54.796 123.57 125.72 137.046 126.794 127.984 128.217 144.633 140.348 123.741 0.0 0.0 126.78 0.0 0.0
2017-02-18 05:41:40.344000 43965.31 59.486 118.02 54.745 123.45 125.46 136.783 126.541 127.734 127.962 144.398 140.102 123.491 0.0 0.0 126.54 0.0 0.0
2017-02-18 05:42:52.143000 44037.109 59.395 117.9 54.762 123.32 125.22 136.517 126.292 127.492 127.71 144.16 139.859 123.242 0.0 0.0 126.3 0.0 0.0
2017-02-18 05:44:04.361000 44109.327 59.287 117.79 54.776 123.2 124.97 136.253 126.036 127.232 127.463 143.921 139.611 122.99 0.0 0.0 126.05 0.0 0.0
2017-02-18 05:45:16.261000 44181.227 59.219 117.67 54.756 123.07 124.71 135.989 125.785 126.991 127.21 143.684 139.366 122.74 0.0 0.0 125.81 0.0 0.0
2017-02-18 05:46:28.070000 44253.036 59.119 117.55 54.72 122.95 124.46 135.727 125.531 126.74 126.959 143.447 139.12 122.49 0.0 0.0 125.57 22.6654266552 0.0
2017-02-18 05:47:40.379000 44325.345 59.01 117.43 54.689 122.83 124.2 135.46 125.276 126.479 126.709 143.208 138.873 122.239 0.0 0.0 125.33 0.0 0.0
2017-02-18 05:48:52.258000 44397.224 58.917 117.32 54.647 122.7 123.95 135.183 125.025 126.238 126.458 142.97 138.626 121.988 0.0 0.0 125.09 0.0 0.0
2017-02-18 05:50:04.027000 44468.993 58.828 117.2 54.619 122.58 123.7 134.918 124.77 125.985 126.208 142.733 138.382 121.737 0.0 0.0 124.84 0.0 0.0
2017-02-18 05:51:15.869000 44540.835 58.746 117.08 54.609 122.46 123.45 134.651 124.516 125.736 125.957 142.495 138.137 121.489 0.0 0.0 124.6 28.455440968 0.0
2017-02-18 05:52:28.218000 44613.184 58.668 116.97 54.608 122.33 123.19 134.383 124.258 125.486 125.708 142.256 137.89 121.237 0.0 0.0 124.35 0.0 0.0
2017-02-18 05:53:40.149000 44685.115 58.586 116.85 54.63 122.21 122.94 134.118 124.007 125.234 125.457 142.02 137.646 120.985 0.0 0.0 124.11 23.6804994585 0.0
2017-02-18 05:54:52.047000 44757.023 58.501 116.74 54.627 122.09 122.69 133.854 123.751 124.983 125.207 141.784 137.4 120.735 0.0 0.0 123.87 0.0 0.0
2017-02-18 05:56:04.461000 44829.427 58.397 116.62 54.6 121.97 122.43 133.585 123.494 124.723 124.961 141.546 137.152 120.482 0.0 0.0 123.62 12.6853275898 0.0
2017-02-18 05:57:16.453000 44901.419 58.295 116.51 54.55 121.85 122.17 133.319 123.238 124.469 124.707 141.31 136.907 120.232 0.0 0.0 123.38 0.0 0.0
2017-02-18 05:58:28.410000 44973.376 58.203 116.39 54.519 121.73 121.92 133.055 122.983 124.216 124.45 141.075 136.662 119.984 0.0 0.0 123.13 0.0 0.0
2017-02-18 05:59:40.400000 45045.366 58.12 116.28 54.509 121.61 121.67 132.79 122.729 123.963 124.198 140.837 136.416 119.73 0.0 0.0 122.89 17.6866609156 0.0
2017-02-18 06:00:52.771000 45117.737 58.052 116.16 54.516 121.49 121.41 132.52 122.473 123.71 123.95 140.598 136.169 119.475 0.0 0.0 122.65 0.0 0.0
2017-02-18 06:02:04.789000 45189.755 57.983 116.05 54.533 121.37 121.16 132.254 122.221 123.459 123.698 140.362 135.924 119.224 0.0 0.0 122.4 0.0 0.0
2017-02-18 06:03:16.798000 45261.764 57.881 115.94 54.552 121.25 120.91 131.99 121.965 123.205 123.447 140.125 135.682 118.972 0.0 0.0 122.16 17.6866609156 0.0
2017-02-18 06:04:29.386000 45334.352 57.775 115.82 54.46 121.13 120.65 131.715 121.702 122.957 123.195 139.871 135.433 118.718 0.0 0.0 121.91 19.9567400253 0.0
2017-02-18 06:05:41.419000 45406.385 57.702 115.71 54.478 121.01 120.4 131.448 121.448 122.705 122.94 139.555 135.189 118.463 0.0 0.0 121.67 0.0 0.0
2017-02-18 06:06:53.510000 45478.476 57.628 115.6 54.499 120.89 120.14 131.184 121.198 122.452 122.688 139.277 134.944 118.21 0.0 0.0 121.43 0.0 0.0
2017-02-18 06:08:06.103000 45551.069 57.518 115.48 54.471 120.77 119.89 130.921 120.943 122.197 122.434 139.016 134.694 117.956 0.0 0.0 121.18 0.0 0.0
2017-02-18 06:09:18.220000 45623.186 57.423 115.37 54.425 120.65 119.63 130.657 120.687 121.942 122.182 138.764 134.446 117.704 0.0 0.0 120.94 32.9687191038 0.0
2017-02-18 06:10:30.377000 45695.343 57.344 115.26 54.431 120.54 119.37 130.39 120.433 121.69 121.929 138.517 134.197 117.451 0.0 0.0 120.7 0.0 0.0
2017-02-18 06:11:42.573000 45767.539 57.269 115.15 54.453 120.42 119.12 130.122 120.177 121.438 121.677 138.275 133.952 117.196 0.0 0.0 120.45 0.0 0.0
2017-02-18 06:12:55.258000 45840.224 57.141 115.04 54.37 120.3 118.86 129.857 119.923 121.182 121.418 138.031 133.702 116.942 0.0 0.0 120.21 15.1803836566 0.0
2017-02-18 06:14:07.465000 45912.431 57.068 114.92 54.383 120.18 118.6 129.587 119.664 120.924 121.166 137.792 133.454 116.689 0.0 0.0 119.96 0.0 0.0
2017-02-18 06:15:19.660000 45984.626 56.997 114.81 54.404 120.06 118.34 129.319 119.407 120.669 120.918 137.552 133.209 116.435 0.0 0.0 119.72 0.0 0.0
2017-02-18 06:16:32.240000 46057.206 56.865 114.7 54.332 119.95 118.09 129.049 119.141 120.423 120.665 137.31 132.962 116.179 0.0 0.0 119.47 0.0 0.0
2017-02-18 06:17:44.437000 46129.403 56.789 114.59 54.329 119.83 117.83 128.774 118.883 120.171 120.415 137.073 132.711 115.927 0.0 0.0 119.23 0.0 0.0
2017-02-18 06:18:56.720000 46201.686 56.732 114.48 54.395 119.71 117.57 128.506 118.633 119.916 120.162 136.832 132.466 115.677 0.0 0.0 118.98 21.7100711227 0.0
2017-02-18 06:20:09.048000 46274.014 56.634 114.37 54.373 119.6 117.31 128.242 118.379 119.661 119.908 136.596 132.218 115.424 0.0 0.0 118.73 28.455440968 0.0
2017-02-18 06:21:21.835000 46346.801 56.55 114.26 54.356 119.48 117.06 127.974 118.12 119.403 119.653 136.355 131.968 115.168 0.0 0.0 118.49 0.0 0.0
2017-02-18 06:22:34.183000 46419.159 56.444 114.15 54.32 119.37 116.8 127.706 117.863 119.15 119.392 136.118 131.722 114.906 0.0 0.0 118.25 0.0 0.0
2017-02-18 06:23:46.509000 46491.475 56.343 114.04 54.276 119.25 116.55 127.438 117.604 118.887 119.138 135.88 131.474 114.647 0.0 0.0 118.02 28.455440968 0.0
2017-02-18 06:24:59.417000 46564.383 56.294 113.93 54.333 119.13 116.29 127.159 117.342 118.636 118.888 135.637 131.226 114.389 0.0 0.0 117.79 0.0 0.0
2017-02-18 06:26:11.812000 46636.778 56.164 113.82 54.231 119.02 116.03 126.892 117.09 118.38 118.632 135.398 130.978 114.132 0.0 0.0 117.56 0.0 0.0
2017-02-18 06:27:24.161000 46709.127 56.122 113.71 54.298 118.9 115.78 126.628 116.833 118.129 118.38 135.161 130.731 113.873 0.0 0.0 117.33 0.0 0.0
2017-02-18 06:28:37.081000 46782.047 55.992 113.6 54.213 118.79 115.52 126.358 116.575 117.87 118.115 134.919 130.48 113.615 0.0 0.0 117.09 14.1073826795 0.0
2017-02-18 06:29:49.477000 46854.443 55.922 113.49 54.24 118.67 115.26 126.089 116.316 117.606 117.863 134.677 130.234 113.361 0.0 0.0 116.86 0.0 0.0
2017-02-18 06:31:01.937000 46926.903 55.845 113.38 54.266 118.56 115.0 125.819 116.061 117.35 117.614 134.434 129.986 113.101 0.0 0.0 116.61 0.0 0.0
2017-02-18 06:32:14.387000 46999.353 55.722 113.27 54.186 118.45 114.75 125.545 115.795 117.101 117.358 134.195 129.737 112.846 0.0 0.0 116.38 0.0 0.0
2017-02-18 06:33:27.327000 47072.293 55.652 113.16 54.213 118.33 114.48 125.274 115.54 116.842 117.104 133.95 129.487 112.586 0.0 0.0 116.13 0.0 0.0
2017-02-18 06:34:39.786000 47144.752 55.563 113.06 54.191 118.22 114.22 125.006 115.283 116.589 116.847 133.709 129.236 112.331 0.0 0.0 115.89 0.0 0.0
2017-02-18 06:35:52.306000 47217.272 55.5 112.95 54.239 118.11 113.96 124.732 115.027 116.334 116.587 133.468 128.985 112.072 0.0 0.0 115.65 21.7100711227 0.0
2017-02-18 06:37:05.245000 47290.211 55.403 112.85 54.193 118.0 113.7 124.46 114.76 116.072 116.335 133.225 128.735 111.814 0.0 0.0 115.4 0.0 0.0
2017-02-18 06:38:17.773000 47362.739 55.314 112.74 54.19 117.88 113.44 124.182 114.506 115.818 116.083 132.983 128.487 111.556 0.0 0.0 115.16 0.0 0.0
2017-02-18 06:39:30.331000 47435.297 55.199 112.63 54.111 117.77 113.18 123.916 114.245 115.563 115.828 132.739 128.237 111.299 0.0 0.0 114.92 0.0 0.0
2017-02-18 06:40:43.391000 47508.357 55.124 112.53 54.135 117.66 112.91 123.641 113.983 115.307 115.566 132.495 127.985 111.04 0.0 0.0 114.67 0.0 0.0
2017-02-18 06:41:56.010000 47580.976 55.071 112.42 54.167 117.55 112.65 123.368 113.714 115.045 115.313 132.251 127.737 110.783 0.0 0.0 114.42 27.1392676321 0.0
2017-02-18 06:43:08.558000 47653.524 54.934 112.32 54.084 117.44 112.39 123.092 113.456 114.795 115.06 132.011 127.488 110.526 0.0 0.0 114.17 0.0 0.0
2017-02-18 06:44:21.169000 47726.135 54.879 112.21 54.119 117.33 112.13 122.824 113.2 114.536 114.8 131.767 127.236 110.265 0.0 0.0 113.92 0.0 0.0
2017-02-18 06:45:34.289000 47799.255 54.752 112.1 54.054 117.22 111.87 122.555 112.937 114.273 114.536 131.528 126.986 110.007 0.0 0.0 113.67 32.9687191038 0.0
2017-02-18 06:46:46.887000 47871.853 54.698 112.0 54.13 117.1 111.6 122.281 112.678 114.01 114.285 131.289 126.74 109.747 0.0 0.0 113.42 0.0 0.0
2017-02-18 06:47:59.545000 47944.511 54.58 111.9 54.036 117.0 111.34 122.001 112.411 113.757 114.029 131.049 126.486 109.488 0.0 0.0 113.17 0.0 0.0
2017-02-18 06:49:12.674000 48017.64 54.513 111.79 54.05 116.89 111.08 121.734 112.154 113.497 113.769 130.807 126.238 109.224 0.0 0.0 112.92 0.0 0.0
2017-02-18 06:50:25.366000 48090.332 54.463 111.69 54.039 116.78 110.81 121.461 111.892 113.239 113.504 130.565 125.989 108.963 0.0 0.0 112.67 27.1392676321 0.0
2017-02-18 06:51:38.067000 48163.033 54.323 111.59 53.997 116.67 110.54 121.187 111.623 112.975 113.255 130.323 125.738 108.703 0.0 0.0 112.42 0.0 0.0
2017-02-18 06:52:51.235000 48236.201 54.28 111.48 54.061 116.56 110.28 120.911 111.368 112.72 112.994 130.08 125.487 108.439 0.0 0.0 112.16 0.0 0.0
2017-02-18 06:54:04.045000 48309.011 54.194 111.38 54.041 116.45 110.01 120.641 111.107 112.459 112.728 129.84 125.237 108.181 0.0 0.0 111.91 0.0 0.0
2017-02-18 06:55:16.805000 48381.781 54.088 111.28 54.011 116.34 109.75 120.368 110.847 112.194 112.477 129.598 124.991 107.917 0.0 0.0 111.66 31.3619320055 0.0
2017-02-18 06:56:30.078000 48455.044 54.0 111.17 54.0 116.23 109.48 120.085 110.582 111.938 112.215 129.35 124.733 107.654 0.0 0.0 111.4 0.0 0.0
2017-02-18 06:57:42.898000 48527.864 53.942 111.07 54.028 116.12 109.21 119.815 110.318 111.682 111.96 129.104 124.482 107.392 0.0 0.0 111.15 0.0 0.0
2017-02-18 06:58:55.681000 48600.647 53.805 110.97 53.929 116.01 108.95 119.542 110.058 111.414 111.698 128.866 124.23 107.128 0.0 0.0 110.9 32.9687191038 0.0
2017-02-18 07:00:09.494000 48674.46 53.733 110.87 53.922 115.9 108.68 119.262 109.794 111.158 111.436 128.617 123.973 106.866 0.0 0.0 110.64 10.3783417015 0.0
2017-02-18 07:01:22.300000 48747.266 53.629 110.76 53.981 115.8 108.41 118.986 109.527 110.899 111.172 128.375 123.723 106.604 0.0 0.0 110.39 0.0 0.0
2017-02-18 07:02:35.145000 48820.111 53.582 110.66 53.943 115.69 108.14 118.709 109.254 110.636 110.921 128.13 123.471 106.342 0.0 0.0 110.13 0.0 0.0
2017-02-18 07:03:48.477000 48893.443 53.5 110.56 53.934 115.58 107.87 118.43 108.997 110.377 110.662 127.885 123.216 106.078 0.0 0.0 109.88 19.9567400253 0.0
2017-02-18 07:05:01.364000 48966.33 53.365 110.46 53.86 115.48 107.61 118.153 108.732 110.118 110.394 127.64 122.965 105.815 0.0 0.0 109.62 15.1803836566 0.0
2017-02-18 07:06:14.260000 49039.226 53.316 110.36 53.941 115.37 107.34 117.877 108.459 109.855 110.144 127.394 122.712 105.551 0.0 0.0 109.36 0.0 0.0
2017-02-18 07:07:27.189000 49112.155 53.207 110.26 53.854 115.26 107.07 117.599 108.202 109.596 109.883 127.151 122.46 105.288 0.0 0.0 109.11 0.0 0.0
2017-02-18 07:08:40.609000 49185.575 53.119 110.16 53.844 115.16 106.81 117.322 107.934 109.323 109.613 126.904 122.206 105.025 0.0 0.0 108.85 36.5571035979 0.0
2017-02-18 07:09:53.604000 49258.57 53.038 110.06 53.856 115.05 106.54 117.046 107.662 109.068 109.357 126.658 121.95 104.76 0.0 0.0 108.59 0.0 0.0
2017-02-18 07:11:06.555000 49331.521 53.0 109.96 53.908 114.94 106.27 116.768 107.402 108.804 109.096 126.413 121.7 104.494 0.0 0.0 108.34 0.0 0.0
2017-02-18 07:12:20.058000 49405.024 52.911 109.86 53.894 114.84 106.0 116.487 107.139 108.536 108.832 126.165 121.444 104.226 0.0 0.0 108.08 0.0 0.0
2017-02-18 07:13:33.040000 49478.006 52.802 109.76 53.831 114.74 105.73 116.207 106.871 108.276 108.569 125.92 121.192 103.96 0.0 0.0 107.82 29.8565066546 0.0
2017-02-18 07:14:46.044000 49551.01 52.681 109.66 53.781 114.63 105.46 115.933 106.603 108.012 108.31 125.675 120.941 103.693 0.0 0.0 107.57 0.0 0.0
2017-02-18 07:15:59.615000 49624.581 52.594 109.56 53.778 114.52 105.19 115.645 106.331 107.747 108.043 125.428 120.687 103.426 0.0 0.0 107.31 0.0 0.0
2017-02-18 07:17:12.737000 49697.703 52.507 109.46 53.767 114.42 104.92 115.375 106.073 107.484 107.78 125.182 120.434 103.157 0.0 0.0 107.05 18.4011436723 0.0
2017-02-18 07:18:25.841000 49770.807 52.476 109.36 53.83 114.31 104.65 115.099 105.805 107.215 107.518 124.934 120.182 102.889 0.0 0.0 106.79 0.0 0.0
2017-02-18 07:19:39.493000 49844.459 52.392 109.26 53.819 114.21 104.38 114.813 105.535 106.955 107.255 124.683 119.93 102.622 0.0 0.0 106.53 0.0 0.0
2017-02-18 07:20:52.607000 49917.573 52.313 109.16 53.817 114.11 104.11 114.535 105.267 106.691 106.985 124.434 119.675 102.354 0.0 0.0 106.27 0.0 0.0
2017-02-18 07:22:05.739000 49990.705 52.227 109.06 53.808 114.0 103.83 114.246 104.998 106.428 106.728 124.187 119.422 102.086 0.0 0.0 106.02 0.0 0.0
2017-02-18 07:23:19.482000 50064.448 52.149 108.97 53.804 113.9 103.56 113.968 104.731 106.162 106.455 123.932 119.165 101.815 0.0 0.0 105.76 13.609894071 0.0
2017-02-18 07:24:32.603000 50137.579 52.059 108.87 53.714 113.8 103.29 113.687 104.454 105.897 106.198 123.684 118.909 101.55 0.0 0.0 105.5 31.3619320055 0.0
2017-02-18 07:25:45.765000 50210.731 51.92 108.77 53.706 113.69 103.02 113.406 104.192 105.634 105.937 123.437 118.655 101.281 0.0 0.0 105.24 32.9687191038 0.0
2017-02-18 07:26:59.568000 50284.534 51.891 108.67 53.705 113.59 102.74 113.122 103.913 105.365 105.671 123.183 118.395 101.011 0.0 0.0 104.98 0.0 0.0
2017-02-18 07:28:12.737000 50357.703 51.756 108.58 53.693 113.49 102.47 112.838 103.65 105.103 105.405 122.933 118.142 100.743 0.0 0.0 104.72 22.6654266552 0.0
2017-02-18 07:29:25.971000 50430.937 51.66 108.48 53.686 113.39 102.2 112.559 103.38 104.83 105.142 122.687 117.887 100.473 0.0 0.0 104.46 20.8092119952 0.0
2017-02-18 07:30:39.196000 50504.162 51.573 108.39 53.669 113.28 101.92 112.27 103.108 104.568 104.876 122.437 117.619 100.205 0.0 0.0 104.19 14.1073826795 0.0
2017-02-18 07:31:53.081000 50578.047 51.507 108.29 53.684 113.18 101.65 111.991 102.837 104.29 104.608 122.184 117.376 99.9308 0.0 0.0 103.93 0.0 0.0
2017-02-18 07:33:06.315000 50651.281 51.399 108.19 53.65 113.08 101.37 111.706 102.566 104.029 104.343 121.934 117.12 99.6601 0.0 0.0 103.67 36.5571035979 0.0
2017-02-18 07:34:19.619000 50724.585 51.308 108.1 53.644 112.98 101.1 111.426 102.294 103.762 104.068 121.685 116.864 99.3887 0.0 0.0 103.41 0.0 0.0
2017-02-18 07:35:33.443000 50798.409 51.227 108.0 53.637 112.88 100.82 111.139 102.02 103.493 103.805 121.434 116.607 99.1128 0.0 0.0 103.14 13.1364061137 0.0
2017-02-18 07:36:46.699000 50871.665 51.138 107.91 53.625 112.78 100.55 110.856 101.748 103.226 103.533 121.186 116.351 98.8404 0.0 0.0 102.88 0.0 0.0
2017-02-18 07:38:00.062000 50945.028 51.049 107.81 53.615 112.68 100.27 110.566 101.476 102.954 103.27 120.933 116.098 98.5661 0.0 0.0 102.62 0.0 0.0
2017-02-18 07:39:13.946000 51018.912 50.995 107.72 53.605 112.58 99.993 110.288 101.204 102.679 103.001 120.684 115.838 98.2925 0.0 0.0 102.35 36.5571035979 0.0
2017-02-18 07:40:27.320000 51092.286 50.871 107.63 53.6 112.48 99.718 109.998 100.932 102.415 102.734 120.433 115.582 98.0197 0.0 0.0 102.09 25.9093071593 0.0
2017-02-18 07:41:41.223000 51166.189 50.808 107.53 53.606 112.38 99.436 109.714 100.659 102.137 102.464 120.181 115.324 97.745 0.0 0.0 101.82 0.0 0.0
2017-02-18 07:42:54.620000 51239.586 50.725 107.44 53.614 112.28 99.158 109.427 100.386 101.877 102.198 119.93 115.07 97.4699 0.0 0.0 101.56 38.551620468 0.0
2017-02-18 07:44:08.044000 51313.01 50.636 107.35 53.594 112.18 98.879 109.141 100.113 101.6 101.928 119.675 114.809 97.1943 0.0 0.0 101.3 31.3619320055 0.0
2017-02-18 07:45:21.978000 51386.944 50.596 107.25 53.58 112.09 98.595 108.848 99.8371 101.335 101.656 119.419 114.55 96.9168 0.0 0.0 101.03 0.0 0.0
2017-02-18 07:46:35.464000 51460.43 50.513 107.16 53.58 111.99 98.315 108.56 99.5531 101.062 101.387 119.168 114.291 96.6428 0.0 0.0 100.77 31.3619320055 0.0
2017-02-18 07:47:48.949000 51533.915 50.428 107.07 53.564 111.89 98.035 108.272 99.2839 100.796 101.117 118.916 114.032 96.366 0.0 0.0 100.51 27.1392676321 0.0
2017-02-18 07:49:02.982000 51607.948 50.299 106.98 53.625 111.79 97.756 107.974 99.0046 100.522 100.848 118.661 113.772 96.0893 0.0 0.0 100.24 0.0 0.0
2017-02-18 07:50:16.436000 51681.402 50.204 106.89 53.614 111.7 97.473 107.691 98.7285 100.252 100.573 118.404 113.511 95.8118 0.0 0.0 99.974 12.2550555554 0.0
2017-02-18 07:51:29.900000 51754.866 50.109 106.79 53.612 111.6 97.191 107.396 98.4519 99.9818 100.309 118.152 113.253 95.5378 0.0 0.0 99.707 36.5571035979 0.0
2017-02-18 07:52:43.987000 51828.953 49.991 106.7 53.511 111.5 96.909 107.111 98.1728 99.7003 100.035 117.896 112.99 95.2578 0.0 0.0 99.437 0.0 0.0
2017-02-18 07:53:57.522000 51902.488 49.907 106.61 53.5 111.41 96.628 106.819 97.8962 99.4319 99.7645 117.64 112.731 94.9806 0.0 0.0 99.165 25.9093071593 0.0
2017-02-18 07:55:11.107000 51976.073 49.825 106.52 53.495 111.31 96.346 106.533 97.6168 99.1513 99.4927 117.387 112.473 94.7022 0.0 0.0 98.897 23.6804994585 0.0
2017-02-18 07:56:25.244000 52050.21 49.807 106.43 53.567 111.22 96.063 106.238 97.337 98.8801 99.2196 117.13 112.21 94.4204 0.0 0.0 98.626 27.1392676321 0.0
2017-02-18 07:57:39.360000 52124.326 49.63 106.34 53.521 111.12 95.776 105.941 97.0565 98.6051 98.943 116.868 111.95 94.1356 0.0 0.0 98.351 0.0 0.0
2017-02-18 07:58:52.976000 52197.942 49.54 106.25 53.458 111.02 95.494 105.655 96.7776 98.324 98.6669 116.612 111.687 93.8511 0.0 0.0 98.075 0.0 0.0
2017-02-18 08:01:03.170000 52328.136 49.403 106.09 53.458 110.86 94.993 105.133 96.2818 97.8425 98.1827 116.155 111.23 93.3556 0.0 0.0 97.59 0.0 0.0
2017-02-18 08:02:16.833000 52401.799 49.346 106.0 53.452 110.76 94.706 104.845 96.0012 97.5598 97.9024 115.901 110.967 93.0724 0.0 0.0 97.319 0.0 0.0
2017-02-18 08:04:05.064000 52510.03 49.193 105.88 53.446 110.63 94.283 104.412 95.5912 97.1549 97.5057 115.528 110.586 92.6558 0.0 0.0 96.918 27.1392676321 0.0
2017-02-18 08:05:19.263000 52584.229 49.102 105.79 53.433 110.53 93.99 104.111 95.3079 96.8835 97.228 115.267 110.323 92.372 0.0 0.0 96.644 11.8438856907 0.0
2017-02-18 08:06:32.934000 52657.9 49.09 105.7 53.505 110.44 93.703 103.811 95.0277 96.6073 96.9519 115.016 110.063 92.0893 0.0 0.0 96.371 23.6804994585 0.0
2017-02-18 08:07:46.693000 52731.659 49.002 105.61 53.505 110.35 93.416 103.52 94.7457 96.3312 96.6712 114.754 109.798 91.8044 0.0 0.0 96.098 0.0 0.0
2017-02-18 08:09:00.941000 52805.907 48.822 105.52 53.404 110.26 93.125 103.223 94.4573 96.0513 96.3999 114.494 109.533 91.5178 0.0 0.0 95.824 38.551620468 0.0
2017-02-18 08:10:14.732000 52879.698 48.732 105.44 53.397 110.16 92.831 102.925 94.1629 95.772 96.122 114.235 109.269 91.2334 0.0 0.0 95.549 19.9567400253 0.0
2017-02-18 08:11:28.481000 52953.447 48.725 105.35 53.47 110.07 92.544 102.628 93.8865 95.495 95.8376 113.977 109.003 90.9485 0.0 0.0 95.278 27.1392676321 0.0
2017-02-18 08:12:43.335000 53028.301 48.585 105.26 53.398 109.98 92.248 102.324 93.5949 95.2125 95.5672 113.714 108.736 90.6616 0.0 0.0 95.002 28.455440968 0.0
2017-02-18 08:13:57.120000 53102.086 48.49 105.18 53.394 109.88 91.959 102.021 93.3077 94.9302 95.2897 113.458 108.47 90.375 0.0 0.0 94.724 0.0 0.0
2017-02-18 08:15:58.996000 53223.962 48.365 105.04 53.397 109.73 91.479 101.533 92.8367 94.4603 94.8251 113.032 108.032 89.9008 0.0 0.0 94.268 0.0 0.0
2017-02-18 08:17:13.391000 53298.357 48.283 104.95 53.396 109.64 91.185 101.232 92.5449 94.1817 94.5376 112.772 107.767 89.6101 0.0 0.0 93.99 0.0 0.0
2017-02-18 08:18:27.244000 53372.21 48.193 104.86 53.397 109.55 90.892 100.926 92.2564 93.8977 94.2629 112.514 107.502 89.3187 0.0 0.0 93.712 15.7588593431 0.0
2017-02-18 08:19:41.110000 53446.076 48.07 104.78 53.356 109.46 90.599 100.632 91.9689 93.6083 93.9804 112.256 107.235 89.0261 0.0 0.0 93.433 0.0 0.0
2017-02-18 08:20:55.553000 53520.519 48.042 104.69 53.399 109.37 90.305 100.33 91.6782 93.3255 93.6882 111.992 106.967 88.7334 0.0 0.0 93.152 0.0 0.0
2017-02-18 08:22:09.437000 53594.403 47.877 104.61 53.332 109.28 90.012 100.021 91.3911 93.044 93.4131 111.73 106.701 88.4429 0.0 0.0 92.874 0.0 0.0
2017-02-18 08:23:23.310000 53668.276 47.877 104.52 53.405 109.19 89.714 99.7207 91.1016 92.7523 93.1305 111.472 106.436 88.1523 0.0 0.0 92.597 29.8565066546 0.0
2017-02-18 08:24:37.725000 53742.691 47.706 104.44 53.405 109.1 89.414 99.4132 90.8094 92.4746 92.838 111.211 106.17 87.8562 0.0 0.0 92.319 28.455440968 0.0
2017-02-18 08:25:51.679000 53816.645 47.615 104.35 53.318 109.01 89.115 99.1096 90.517 92.1878 92.561 110.949 105.902 87.5623 0.0 0.0 92.04 0.0 0.0
2017-02-18 08:27:05.633000 53890.609 47.591 104.27 53.37 108.92 88.817 98.8038 90.2221 91.9006 92.2757 110.692 105.637 87.2694 0.0 0.0 91.762 0.0 0.0
2017-02-18 08:28:20.207000 53965.173 47.463 104.18 53.321 108.83 88.513 98.498 89.934 91.6063 91.989 110.425 105.366 86.9732 0.0 0.0 91.481 0.0 0.0
2017-02-18 08:29:34.237000 54039.203 47.457 104.1 53.328 108.74 88.216 98.1857 89.6372 91.3268 91.7054 110.163 105.099 86.6785 0.0 0.0 91.203 11.8438856907 0.0
2017-02-18 08:30:48.262000 54113.228 47.316 104.02 53.335 108.65 87.914 97.8745 89.3419 91.0382 91.4193 109.813 104.832 86.3851 0.0 0.0 90.924 0.0 0.0
2017-02-18 08:32:02.857000 54187.823 47.255 103.94 53.37 108.56 87.613 97.5703 89.0368 90.7479 91.1284 109.481 104.557 86.0848 0.0 0.0 90.64 0.0 0.0
2017-02-18 08:33:16.931000 54261.897 47.189 103.85 53.36 108.48 87.313 97.2613 88.7474 90.4631 90.8401 109.175 104.286 85.7902 0.0 0.0 90.361 0.0 0.0
2017-02-18 08:34:31.544000 54336.51 47.039 103.77 53.323 108.39 87.007 96.9506 88.4464 90.1692 90.5465 108.878 104.016 85.4916 0.0 0.0 90.078 0.0 0.0
2017-02-18 08:35:45.608000 54410.574 47.017 103.69 53.366 108.3 86.705 96.6402 88.1499 89.8813 90.2687 108.594 103.743 85.1952 0.0 0.0 89.795 0.0 0.0
2017-02-18 08:36:59.622000 54484.588 46.84 103.61 53.286 108.22 86.4 96.3317 87.8433 89.5857 89.9824 108.316 103.472 84.8972 0.0 0.0 89.512 38.551620468 0.0
2017-02-18 08:38:14.225000 54559.191 46.803 103.52 53.32 108.13 86.096 96.0199 87.5499 89.2825 89.6848 108.039 103.2 84.5941 0.0 0.0 89.224 0.0 0.0
2017-02-18 08:39:28.359000 54633.325 46.614 103.44 53.254 108.04 85.792 95.7055 87.2496 88.994 89.3942 107.767 102.925 84.2917 0.0 0.0 88.937 32.9687191038 0.0
2017-02-18 08:40:42.512000 54707.478 46.626 103.36 53.333 107.96 85.49 95.3903 86.9495 88.702 89.1007 107.494 102.655 83.9899 0.0 0.0 88.651 28.455440968 0.0
2017-02-18 08:41:57.246000 54782.212 46.502 103.28 53.305 107.87 85.18 95.0734 86.6453 88.4023 88.8057 107.227 102.382 83.6844 0.0 0.0 88.363 32.9687191038 0.0
2017-02-18 08:43:11.342000 54856.308 46.475 103.2 53.329 107.78 84.874 94.7663 86.3454 88.1021 88.5123 106.956 102.108 83.3805 0.0 0.0 88.071 38.551620468 0.0
2017-02-18 08:44:25.525000 54930.491 46.279 103.12 53.242 107.7 84.562 94.4483 86.0429 87.8119 88.2088 106.687 101.834 83.0759 0.0 0.0 87.784 0.0 0.0
2017-02-18 08:45:40.320000 55005.296 46.234 103.04 53.262 107.61 84.252 94.1253 85.7359 87.513 87.9181 106.415 101.562 82.7696 0.0 0.0 87.493 0.0 0.0
2017-02-18 08:46:54.522000 55079.488 46.061 102.96 53.227 107.53 83.941 93.7996 85.4363 87.2148 87.6238 106.149 101.285 82.464 0.0 0.0 87.204 0.0 0.0
2017-02-18 08:48:09.357000 55154.323 45.959 102.88 53.221 107.44 83.629 93.4809 85.1261 86.9142 87.3236 105.879 101.013 82.155 0.0 0.0 86.912 27.1392676321 0.0
2017-02-18 08:49:23.583000 55228.549 46.012 102.8 53.288 107.36 83.318 93.164 84.8123 86.6129 87.0294 105.611 100.737 81.8469 0.0 0.0 86.621 0.0 0.0
2017-02-18 08:50:37.877000 55302.843 45.793 102.72 53.217 107.27 83.006 92.8423 84.5117 86.3173 86.722 105.342 100.461 81.54 0.0 0.0 86.328 0.0 0.0
2017-02-18 08:51:52.670000 55377.636 45.739 102.64 53.235 107.19 82.69 92.5171 84.1971 86.0157 86.424 105.071 100.185 81.2287 0.0 0.0 86.035 0.0 0.0
2017-02-18 08:53:07.005000 55451.971 45.583 102.56 53.202 107.11 82.375 92.1954 83.8876 85.7143 86.1306 104.801 99.9087 80.921 0.0 0.0 85.744 17.6866609156 0.0
2017-02-18 08:54:21.369000 55526.335 45.598 102.49 53.242 107.02 82.058 91.8654 83.5739 85.4116 85.8281 104.527 99.6329 80.611 0.0 0.0 85.449 29.8565066546 0.0
2017-02-18 08:55:36.283000 55601.249 45.528 102.41 53.253 106.94 81.74 91.5409 83.26 85.107 85.5293 104.255 99.3532 80.2971 0.0 0.0 85.154 0.0 0.0
2017-02-18 08:56:50.656000 55675.622 45.355 102.33 53.225 106.86 81.423 91.2201 82.9375 84.8024 85.2282 103.979 99.0717 79.987 0.0 0.0 84.856 0.0 0.0
2017-02-18 08:58:05.071000 55750.037 45.248 102.25 53.18 106.78 81.105 90.8951 82.6299 84.4879 84.9194 103.707 98.7943 79.6718 0.0 0.0 84.559 0.0 0.0
2017-02-18 08:59:20.007000 55824.973 45.189 102.17 53.256 106.69 80.786 90.565 82.3125 84.1861 84.6114 103.431 98.5097 79.3528 0.0 0.0 84.255 12.6853275898 0.0
2017-02-18 09:00:34.352000 55899.318 44.988 102.1 53.149 106.61 80.468 90.236 81.9971 83.8789 84.3123 103.152 98.235 79.035 0.0 0.0 83.955 0.0 0.0
2017-02-18 09:01:48.714000 55973.68 45.03 102.02 53.211 106.53 80.146 89.906 81.6821 83.5666 84.0048 102.877 97.9534 78.7147 0.0 0.0 83.653 0.0 0.0
2017-02-18 09:03:03.689000 56048.655 44.957 101.94 53.229 106.45 79.82 89.5704 81.3634 83.2561 83.693 102.598 97.669 78.3936 0.0 0.0 83.349 0.0 0.0
2017-02-18 09:04:18.103000 56123.069 44.748 101.86 53.176 106.36 79.493 89.2299 81.0374 82.9458 83.3867 102.322 97.3888 78.0738 0.0 0.0 83.045 0.0 0.0
2017-02-18 09:05:33.117000 56198.083 44.588 101.79 53.143 106.28 79.163 88.8927 80.714 82.6295 83.0721 102.043 97.1072 77.7526 0.0 0.0 82.74 0.0 0.0
2017-02-18 09:06:47.583000 56272.549 44.662 101.71 53.227 106.2 78.835 88.5614 80.393 82.3116 82.7627 101.765 96.8228 77.4296 0.0 0.0 82.437 19.1577316199 0.0
2017-02-18 09:08:02.096000 56347.062 44.466 101.64 53.186 106.12 78.506 88.2277 80.0794 81.9952 82.4453 101.487 96.542 77.1085 0.0 0.0 82.134 28.455440968 0.0
2017-02-18 09:09:17.182000 56422.148 44.3 101.56 53.143 106.04 78.174 87.8856 79.7523 81.6775 82.1344 101.202 96.2562 76.7804 0.0 0.0 81.826 0.0 0.0
2017-02-18 09:10:31.665000 56496.631 44.342 101.49 53.193 105.96 77.843 87.5453 79.4246 81.3697 81.8151 100.92 95.9733 76.4609 0.0 0.0 81.52 25.9093071593 0.0
2017-02-18 09:11:46.218000 56571.184 44.207 101.41 53.215 105.88 77.515 87.2046 79.0953 81.0537 81.5098 100.633 95.6902 76.1312 0.0 0.0 81.215 0.0 0.0
2017-02-18 09:13:01.302000 56646.268 44.067 101.34 53.182 105.8 77.183 86.8604 78.7641 80.7348 81.1925 100.344 95.406 75.8028 0.0 0.0 80.904 0.0 0.0
2017-02-18 09:14:15.905000 56720.871 43.981 101.26 53.155 105.72 76.847 86.5167 78.435 80.4164 80.8763 100.057 95.121 75.4781 0.0 0.0 80.598 0.0 0.0
2017-02-18 09:15:30.540000 56795.506 43.942 101.19 53.183 105.65 76.514 86.1679 78.0995 80.096 80.5564 99.7721 94.8336 75.1505 0.0 0.0 80.288 0.0 0.0
2017-02-18 09:16:45.755000 56870.721 43.867 101.12 53.212 105.57 76.177 85.824 77.7662 79.7711 80.236 99.4822 94.5428 74.8154 0.0 0.0 79.976 38.551620468 0.0
2017-02-18 09:18:00.400000 56945.366 43.767 101.05 53.167 105.49 75.84 85.4749 77.4308 79.4454 79.9163 99.1955 94.2544 74.4848 0.0 0.0 79.663 25.9093071593 0.0
2017-02-18 09:19:15.746000 57020.712 43.636 100.97 53.215 105.41 75.503 85.1261 77.095 79.118 79.59 98.9068 93.9606 74.1455 0.0 0.0 79.343 0.0 0.0
2017-02-18 09:20:30.358000 57095.324 43.365 100.9 53.121 105.33 75.162 84.7716 76.7548 78.7882 79.2662 98.6205 93.6714 73.8108 0.0 0.0 79.027 20.8092119952 0.0
2017-02-18 09:21:45.023000 57169.989 43.292 100.83 53.12 105.26 74.821 84.4244 76.4134 78.4605 78.941 98.3326 93.3788 73.4752 0.0 0.0 78.709 18.4011436723 0.0
