#Human readable time. Time (s) since start. Lakeshore temperature sensor 218 T1,3,5,6,8 and 224 C2,C3,C4,C5,D2,D3,D5,A,B
293.93 
293.8 
294.0 
294.15 
294.35 
295.893 
295.704 
295.598 
295.743 
295.701 
295.97 
293.291 
0.0 
0.0 
293.8 
-1.0 
0.0 
293.92 
293.8 
294.0 
294.15 
294.35 
295.892 
295.709 
295.604 
295.737 
295.702 
295.971 
293.294 
0.0 
0.0 
293.8 
-1.0 
0.0 
293.93 
293.8 
294.0 
294.15 
294.35 
295.887 
295.71 
295.604 
295.741 
295.7 
295.97 
293.295 
0.0 
0.0 
293.8 
-1.0 
0.0 
293.93 
293.8 
294.0 
294.15 
294.35 
295.894 
295.709 
295.604 
295.737 
295.702 
295.97 
293.294 
0.0 
0.0 
293.8 
-1.0 
0.0 
293.93 
293.8 
294.0 
294.15 
294.35 
295.888 
295.709 
295.603 
295.743 
295.702 
295.972 
293.296 
0.0 
0.0 
293.8 
-1.0 
0.0 
293.93 
293.8 
294.0 
294.15 
294.35 
295.893 
295.709 
295.603 
295.738 
295.701 
295.971 
293.295 
0.0 
0.0 
293.8 
-1.0 
0.0 
293.92 
293.8 
294.0 
294.15 
294.35 
295.887 
295.708 
295.603 
295.743 
295.701 
295.97 
293.296 
0.0 
0.0 
293.8 
-1.0 
0.0 
