#Human readable time. Time (s) since start. Lakeshore temperature sensor 218 T1,3,5,6,8 and 224 C2,C3,C4,C5,D2,D3,D5,A,B
2015-09-04 12:19:25.902000 0.0 5.957 5.62 33.942 52.726 3.813 5.7779 5.5576 5.7155 6.0359 6.14 5.9731 6.1387 5.6035 5.6003
2015-09-04 12:20:25.963000 60.061 5.957 5.621 34.54 52.725 3.74 5.7778 5.5575 5.7155 6.036 6.0731 5.9729 6.14 5.6028 5.5995
2015-09-04 12:21:26 120.098 5.958 5.622 34.586 52.723 4.109 5.7777 5.5573 5.7159 6.0361 6.0181 5.9729 6.1404 5.6036 5.5993
2015-09-04 12:22:26.069000 180.167 5.958 5.621 33.951 52.724 3.724 5.7777 5.5574 5.7159 6.0362 5.9709 5.9728 6.1393 5.6048 5.5999
2015-09-04 12:23:26.106000 240.204 5.957 5.622 34.506 52.723 4.075 5.7776 5.5572 5.716 6.0362 5.9308 5.9726 6.1402 5.6049 5.6008
2015-09-04 12:24:26.175000 300.273 5.957 5.622 34.029 52.721 3.882 5.7776 5.5573 5.716 6.0362 5.898 5.9726 6.1404 5.6049 5.5999
2015-09-04 12:25:26.212000 360.31 5.957 5.62 34.333 52.725 3.72 5.7775 5.5572 5.7159 6.0361 5.8711 5.9725 6.139 5.6056 5.5996
2015-09-04 12:26:26.280000 420.378 5.957 5.621 34.687 52.726 4.055 5.7775 5.5571 5.7156 6.036 5.8488 5.9724 6.1388 5.6054 5.5989
2015-09-04 12:27:26.317000 480.415 5.957 5.62 34.124 52.726 3.957 5.7773 5.557 5.7155 6.0359 5.8303 5.9722 6.1397 5.6057 5.5998
2015-09-04 12:28:26.385000 540.483 5.957 5.62 34.181 52.724 3.725 5.7772 5.5568 5.7155 6.0358 5.815 5.972 6.1394 5.6072 5.5993
2015-09-04 12:29:26.423000 600.521 5.957 5.621 34.73 52.724 3.96 5.7772 5.5568 5.7155 6.0358 5.8021 5.972 6.1385 5.6067 5.5975
2015-09-04 12:30:26.491000 660.589 5.957 5.62 34.278 52.723 3.758 5.777 5.5566 5.7154 6.0358 5.7912 5.9719 6.1397 5.6082 5.5988
2015-09-04 12:31:26.529000 720.627 5.957 5.62 33.985 52.721 3.788 5.777 5.5567 5.7156 6.036 5.7822 5.9719 6.1396 5.6073 5.5973
2015-09-04 12:32:26.566000 780.664 5.957 5.622 34.689 52.718 4.16 5.7769 5.5567 5.7158 6.0361 5.7746 5.9719 6.1389 5.6085 5.5982
2015-09-04 12:33:26.614000 840.712 5.958 5.621 33.915 52.717 3.797 5.7768 5.5566 5.7159 6.0361 5.7683 5.9719 6.1401 5.6074 5.5967
2015-09-04 12:34:26.651000 900.749 5.957 5.621 34.537 52.717 3.752 5.7768 5.5565 5.716 6.036 5.7629 5.972 6.1401 5.6089 5.5957
2015-09-04 12:35:26.719000 960.817 5.957 5.621 34.52 52.717 4.138 5.7767 5.5566 5.7156 6.036 5.7585 5.9719 6.1387 5.6089 5.5958
2015-09-04 12:36:26.757000 1020.855 5.957 5.62 33.955 52.72 3.833 5.7768 5.5565 5.7154 6.0358 5.7548 5.9718 6.139 5.6095 5.5951
2015-09-04 12:37:26.825000 1080.923 5.956 5.62 34.25 52.718 3.719 5.7767 5.5565 5.7154 6.0357 5.7515 5.9716 6.1395 5.609 5.5939
2015-09-04 12:38:26.863000 1140.961 5.957 5.621 34.715 52.719 3.983 5.7766 5.5564 5.7154 6.0357 5.7488 5.9715 6.1388 5.6095 5.5939
2015-09-04 12:39:26.930000 1201.028 5.957 5.62 34.218 52.714 4.084 5.7766 5.5563 5.7153 6.0357 5.7465 5.9714 6.1385 5.6093 5.5942
2015-09-04 12:40:26.968000 1261.066 5.957 5.621 34.034 52.714 3.809 5.7766 5.5563 5.7156 6.0358 5.7444 5.9715 6.14 5.6096 5.5929
2015-09-04 12:41:27.036000 1321.134 5.957 5.622 34.688 52.71 4.171 5.7765 5.5561 5.7159 6.0361 5.7429 5.9716 6.1401 5.6103 5.5927
2015-09-04 12:42:27.074000 1381.172 5.958 5.622 33.914 52.709 3.791 5.7764 5.5561 5.7159 6.0361 5.7412 5.9717 6.1392 5.6093 5.5911
2015-09-04 12:43:27.142000 1441.24 5.957 5.621 34.594 52.708 3.763 5.7764 5.5561 5.716 6.0362 5.7399 5.9717 6.1401 5.6107 5.5913
2015-09-04 12:44:27.179000 1501.277 5.957 5.622 34.564 52.711 4.136 5.7763 5.5561 5.7161 6.0362 5.7388 5.9718 6.1399 5.609 5.5919
2015-09-04 12:45:27.217000 1561.315 5.957 5.622 34.067 52.711 3.948 5.7762 5.5561 5.7159 6.0361 5.7379 5.9718 6.1386 5.6109 5.5907
2015-09-04 12:46:27.263000 1621.361 5.957 5.62 34.233 52.711 3.721 5.7761 5.5559 5.7157 6.036 5.7371 5.9716 6.1391 5.6113 5.5914
2015-09-04 12:47:27.300000 1681.398 5.957 5.621 34.717 52.711 4.017 5.7761 5.556 5.7155 6.0359 5.7364 5.9715 6.1397 5.6095 5.5891
2015-09-04 12:48:27.368000 1741.466 5.957 5.62 34.132 52.709 4.039 5.776 5.5558 5.7154 6.0358 5.7359 5.9715 6.1387 5.6104 5.589
2015-09-04 12:49:27.406000 1801.504 5.957 5.621 34.136 52.711 3.932 5.776 5.5557 5.7156 6.0359 5.7354 5.9715 6.1393 5.6097 5.5893
2015-09-04 12:50:27.474000 1861.572 5.957 5.622 34.713 52.709 4.161 5.7759 5.5557 5.7157 6.0359 5.735 5.9714 6.1401 5.61 5.5887
2015-09-04 12:51:27.511000 1921.609 5.957 5.621 33.986 52.709 3.765 5.7759 5.5556 5.7158 6.0361 5.7346 5.9715 6.1395 5.6108 5.5871
2015-09-04 12:52:27.579000 1981.677 5.957 5.621 34.65 52.705 3.838 5.7758 5.5556 5.7159 6.0361 5.7344 5.9716 6.1391 5.6108 5.5876
2015-09-04 12:53:27.616000 2041.714 5.957 5.622 34.481 52.707 4.164 5.7757 5.5557 5.7159 6.0362 5.7342 5.9716 6.1402 5.6113 5.5873
2015-09-04 12:54:27.685000 2101.783 5.957 5.621 34.023 52.707 3.892 5.7756 5.5557 5.7159 6.0361 5.7338 5.9717 6.1397 5.6106 5.5871
2015-09-04 12:55:27.722000 2161.82 5.957 5.621 34.256 52.707 3.721 5.7756 5.5555 5.7158 6.0359 5.7338 5.9716 6.1388 5.6107 5.5864
2015-09-04 12:56:27.760000 2221.858 5.957 5.622 34.704 52.705 4.028 5.7756 5.5556 5.7158 6.036 5.7337 5.9716 6.14 5.6107 5.5878
2015-09-04 12:57:27.808000 2281.906 5.957 5.62 34.19 52.708 4.028 5.7755 5.5555 5.7158 6.0359 5.7336 5.9716 6.1395 5.6104 5.586
2015-09-04 12:58:27.845000 2341.943 5.956 5.62 34.129 52.708 3.731 5.7755 5.5554 5.7154 6.0357 5.7335 5.9714 6.1383 5.6106 5.5864
2015-09-04 12:59:27.913000 2402.011 5.957 5.622 34.702 52.708 4.17 5.7755 5.5554 5.7155 6.0358 5.7334 5.9714 6.1394 5.6109 5.5859
2015-09-04 13:00:27.950000 2462.048 5.957 5.62 34.261 52.704 3.771 5.7753 5.5554 5.7154 6.0357 5.7332 5.9713 6.1397 5.6097 5.5844
2015-09-04 13:01:28.019000 2522.117 5.957 5.62 34.616 52.705 3.81 5.7752 5.5552 5.7155 6.0357 5.7329 5.9713 6.1389 5.61 5.5834
2015-09-04 13:02:28.056000 2582.154 5.957 5.622 34.463 52.701 4.153 5.7752 5.5553 5.7158 6.036 5.7328 5.9714 6.1391 5.6098 5.5838
2015-09-04 13:03:28.125000 2642.223 5.957 5.621 33.924 52.701 3.81 5.7751 5.5552 5.7158 6.0361 5.7325 5.9714 6.1401 5.6108 5.5836
2015-09-04 13:04:28.162000 2702.26 5.957 5.621 34.453 52.706 3.733 5.7751 5.5551 5.7157 6.036 5.7325 5.9714 6.1394 5.6101 5.5827
2015-09-04 13:05:28.230000 2762.328 5.957 5.621 34.599 52.703 4.096 5.775 5.5551 5.7156 6.0359 5.7326 5.9714 6.1386 5.6101 5.5831
2015-09-04 13:06:28.265000 2822.363 5.957 5.62 34.055 52.703 3.876 5.775 5.5552 5.7156 6.0358 5.7327 5.9712 6.139 5.6103 5.5831
2015-09-04 13:07:28.300000 2882.398 5.956 5.62 34.194 52.704 3.96 5.775 5.555 5.7153 6.0355 5.7327 5.9711 6.1394 5.6102 5.5824
2015-09-04 13:08:28.353000 2942.451 5.956 5.621 34.709 52.707 4.166 5.775 5.5549 5.7151 6.0355 5.7329 5.971 6.1383 5.6096 5.5827
2015-09-04 13:09:28.390000 3002.488 5.957 5.621 34.253 52.704 3.759 5.775 5.5549 5.7153 6.0356 5.7332 5.971 6.1392 5.6106 5.5826
2015-09-04 13:10:28.459000 3062.557 5.956 5.62 34.646 52.702 3.82 5.7749 5.5549 5.7153 6.0356 5.7332 5.971 6.1394 5.6094 5.5812
2015-09-04 13:11:28.496000 3122.594 5.957 5.621 34.471 52.707 4.156 5.7748 5.5549 5.7153 6.0356 5.7336 5.971 6.1385 5.6097 5.582
2015-09-04 13:12:28.564000 3182.662 5.957 5.621 33.915 52.702 3.81 5.7749 5.5549 5.7155 6.0358 5.7335 5.971 6.139 5.6097 5.5812
2015-09-04 13:13:28.601000 3242.699 5.957 5.621 34.503 52.702 3.744 5.7748 5.5548 5.7155 6.0358 5.7327 5.971 6.1397 5.6093 5.5806
2015-09-04 13:14:28.669000 3302.767 5.956 5.621 34.594 52.703 4.114 5.7748 5.5547 5.7153 6.0357 5.7323 5.971 6.1389 5.6094 5.5805
2015-09-04 13:15:28.707000 3362.805 5.956 5.619 33.988 52.707 3.839 5.7746 5.5547 5.7152 6.0356 5.7329 5.9709 6.1379 5.6094 5.58
2015-09-04 13:16:28.775000 3422.873 5.956 5.62 34.397 52.708 4.043 5.7746 5.5547 5.7149 6.0353 5.7333 5.9708 6.1384 5.6091 5.5805
2015-09-04 13:17:28.813000 3482.911 5.956 5.62 34.704 52.71 4.068 5.7745 5.5546 5.7146 6.0352 5.7335 5.9707 6.1386 5.6089 5.5784
2015-09-04 13:18:28.880000 3542.978 5.956 5.619 34.133 52.711 3.729 5.7745 5.5545 5.7146 6.0352 5.7338 5.9706 6.1379 5.6093 5.5793
2015-09-04 13:19:28.918000 3603.016 5.956 5.619 34.728 52.71 3.923 5.7744 5.5544 5.7146 6.0351 5.7341 5.9705 6.1378 5.6081 5.5795
2015-09-04 13:20:28.955000 3663.053 5.956 5.621 34.308 52.712 4.172 5.7745 5.5543 5.7146 6.035 5.734 5.9704 6.1387 5.6086 5.58
2015-09-04 13:21:29.004000 3723.102 5.956 5.62 33.955 52.711 3.766 5.7744 5.5542 5.7146 6.0352 5.734 5.9705 6.1384 5.6076 5.5785
2015-09-04 13:22:29.042000 3783.14 5.956 5.621 34.627 52.709 3.809 5.7744 5.5542 5.7149 6.0353 5.734 5.9705 6.1383 5.6083 5.5789
2015-09-04 13:23:29.110000 3843.208 5.956 5.621 34.41 52.707 4.173 5.7743 5.5542 5.715 6.0354 5.7342 5.9706 6.1393 5.6081 5.5794
2015-09-04 13:24:29.148000 3903.246 5.957 5.62 33.913 52.707 3.735 5.7743 5.5543 5.7151 6.0355 5.7344 5.9706 6.1387 5.608 5.5788
2015-09-04 13:25:29.215000 3963.313 5.956 5.621 34.522 52.708 4.104 5.7742 5.5542 5.7151 6.0355 5.7345 5.9708 6.1379 5.6082 5.5782
2015-09-04 13:26:29.253000 4023.351 5.956 5.621 34.038 52.707 3.898 5.7741 5.5542 5.7152 6.0355 5.7345 5.9708 6.1388 5.6081 5.5787
2015-09-04 13:27:29.321000 4083.419 5.956 5.619 34.291 52.707 3.719 5.7741 5.5541 5.715 6.0354 5.7344 5.9707 6.1388 5.6083 5.578
2015-09-04 13:28:29.358000 4143.456 5.956 5.62 34.736 52.71 4.003 5.774 5.554 5.7147 6.0353 5.7342 5.9707 6.1376 5.607 5.5781
2015-09-04 13:29:29.426000 4203.524 5.956 5.62 34.247 52.708 4.124 5.7741 5.5542 5.7145 6.0352 5.7343 5.9705 6.1383 5.6073 5.5785
2015-09-04 13:30:29.463000 4263.561 5.957 5.62 34.086 52.709 3.744 5.7744 5.5542 5.7148 6.0354 5.7345 5.9706 6.1396 5.6078 5.5778
2015-09-04 13:31:29.531000 4323.629 5.956 5.621 34.711 52.709 3.902 5.7746 5.5542 5.7151 6.0355 5.7345 5.9707 6.1386 5.6072 5.5776
2015-09-04 13:32:29.568000 4383.666 5.957 5.62 34.399 52.709 4.178 5.7746 5.5542 5.7151 6.0355 5.7346 5.9707 6.1381 5.6074 5.5764
2015-09-04 13:33:29.606000 4443.704 5.956 5.62 33.951 52.71 3.756 5.7746 5.5542 5.715 6.0354 5.7346 5.9707 6.1391 5.6077 5.5773
2015-09-04 13:34:29.656000 4503.754 5.956 5.621 34.621 52.711 4.12 5.7746 5.554 5.7149 6.0353 5.7346 5.9707 6.1387 5.6067 5.5768
2015-09-04 13:35:29.693000 4563.791 5.956 5.62 33.952 52.711 3.84 5.7746 5.554 5.7149 6.0354 5.7345 5.9706 6.1378 5.6052 5.5759
2015-09-04 13:36:29.761000 4623.859 5.956 5.619 34.433 52.714 3.726 5.7746 5.554 5.7147 6.0352 5.7344 5.9705 6.1387 5.6054 5.5764
2015-09-04 13:37:29.798000 4683.896 5.956 5.62 34.671 52.715 4.062 5.7746 5.554 5.7146 6.0351 5.7343 5.9704 6.1383 5.6065 5.575
2015-09-04 13:38:29.867000 4743.965 5.956 5.619 34.082 52.715 3.94 5.7746 5.5539 5.7145 6.035 5.7342 5.9704 6.1371 5.6055 5.5766
2015-09-04 13:39:29.904000 4804.002 5.956 5.62 34.218 52.717 3.722 5.7745 5.5537 5.7144 6.035 5.7344 5.9703 6.1381 5.6065 5.5763
2015-09-04 13:40:29.973000 4864.071 5.956 5.62 34.723 52.716 4.02 5.7745 5.5537 5.7144 6.0349 5.7345 5.9701 6.1384 5.6049 5.5765
2015-09-04 13:41:30.010000 4924.108 5.956 5.619 34.164 52.714 3.746 5.7743 5.5537 5.7145 6.0349 5.7347 5.9701 6.1375 5.6044 5.5766
2015-09-04 13:42:30.079000 4984.177 5.955 5.62 34.152 52.713 3.939 5.7742 5.5536 5.7146 6.035 5.7347 5.9702 6.138 5.6056 5.5756
2015-09-04 13:43:30.116000 5044.214 5.956 5.621 34.326 52.716 4.174 5.7743 5.5535 5.7146 6.035 5.7345 5.9702 6.1387 5.6047 5.5752
2015-09-04 13:44:30.183000 5104.281 5.956 5.619 34.038 52.718 3.759 5.7742 5.5535 5.7145 6.0349 5.7351 5.9702 6.1378 5.6049 5.575
2015-09-04 13:45:30.221000 5164.319 5.956 5.619 34.671 52.719 3.853 5.7741 5.5536 5.7145 6.035 5.7352 5.9701 6.1377 5.605 5.5742
2015-09-04 13:46:30.258000 5224.356 5.956 5.621 34.313 52.716 4.175 5.7741 5.5536 5.7145 6.0349 5.7353 5.9702 6.1387 5.604 5.5752
2015-09-04 13:47:30.307000 5284.405 5.956 5.619 33.988 52.716 3.763 5.7741 5.5535 5.7147 6.035 5.7351 5.9702 6.1382 5.6043 5.5736
2015-09-04 13:48:30.342000 5344.44 5.955 5.62 34.669 52.721 3.824 5.7739 5.5535 5.7145 6.0349 5.7354 5.9702 6.1373 5.6035 5.5738
2015-09-04 13:49:30.410000 5404.508 5.956 5.619 34.46 52.72 4.173 5.7738 5.5535 5.7145 6.0349 5.7355 5.9701 6.1382 5.6044 5.5744
2015-09-04 13:50:30.447000 5464.545 5.955 5.619 33.936 52.72 3.735 5.7737 5.5534 5.7143 6.0348 5.7354 5.97 6.1375 5.6043 5.5736
2015-09-04 13:51:30.515000 5524.613 5.955 5.62 34.559 52.721 4.11 5.7737 5.5533 5.7142 6.0349 5.735 5.9699 6.137 5.6036 5.5741
2015-09-04 13:52:30.553000 5584.651 5.956 5.62 33.976 52.721 3.869 5.7737 5.5532 5.7142 6.0349 5.7348 5.97 6.1384 5.6041 5.5739
2015-09-04 13:53:30.621000 5644.719 5.956 5.62 34.38 52.72 3.723 5.7737 5.5534 5.7146 6.035 5.7348 5.97 6.1387 5.6032 5.5731
2015-09-04 13:54:30.657000 5704.755 5.956 5.62 34.682 52.719 4.056 5.7736 5.5533 5.7148 6.0352 5.7347 5.9702 6.1377 5.6036 5.5728
2015-09-04 13:55:30.693000 5764.791 5.956 5.62 34.118 52.722 3.998 5.7735 5.5532 5.7147 6.0352 5.7345 5.9702 6.138 5.6026 5.5736
2015-09-04 13:56:30.741000 5824.839 5.956 5.619 34.17 52.72 3.733 5.7735 5.5532 5.7146 6.035 5.7342 5.9701 6.1385 5.6042 5.5728
2015-09-04 13:57:30.778000 5884.876 5.955 5.62 34.74 52.724 3.936 5.7734 5.5532 5.7143 6.0347 5.7339 5.9699 6.1369 5.6025 5.5723
2015-09-04 13:58:30.846000 5944.944 5.955 5.619 34.307 52.725 4.166 5.7733 5.5531 5.714 6.0346 5.7337 5.9699 6.1369 5.603 5.5716
2015-09-04 13:59:30.883000 6004.981 5.955 5.618 33.976 52.727 3.766 5.7733 5.553 5.7139 6.0345 5.7331 5.9697 6.1377 5.6026 5.5733
2015-09-04 14:00:30.951000 6065.049 5.955 5.62 34.66 52.727 4.138 5.7732 5.5529 5.7139 6.0345 5.733 5.9696 6.1376 5.6027 5.5726
2015-09-04 14:01:30.989000 6125.087 5.955 5.619 33.957 52.728 3.82 5.7732 5.553 5.714 6.0345 5.7329 5.9696 6.137 5.6019 5.5722
2015-09-04 14:02:31.057000 6185.155 5.955 5.619 34.436 52.725 3.73 5.773 5.5529 5.7141 6.0344 5.7331 5.9696 6.1383 5.6014 5.5727
2015-09-04 14:03:31.095000 6245.193 5.955 5.62 34.646 52.726 4.077 5.7731 5.5529 5.7141 6.0346 5.7332 5.9696 6.1379 5.6019 5.5716
2015-09-04 14:04:31.162000 6305.26 5.955 5.619 34.03 52.726 3.854 5.7728 5.5528 5.7142 6.0345 5.7332 5.9696 6.1368 5.6017 5.5723
2015-09-04 14:05:31.200000 6365.298 5.955 5.619 34.375 52.729 3.719 5.7729 5.5528 5.714 6.0346 5.7333 5.9697 6.1376 5.6026 5.5722
2015-09-04 14:06:31.237000 6425.335 5.955 5.62 34.686 52.731 4.051 5.7729 5.5527 5.7141 6.0344 5.7338 5.9696 6.1379 5.601 5.5701
2015-09-04 14:07:31.286000 6485.384 5.955 5.619 34.092 52.728 3.909 5.7728 5.5527 5.7141 6.0346 5.7341 5.9696 6.1371 5.6015 5.5707
2015-09-04 14:08:31.324000 6545.422 5.955 5.619 34.287 52.728 3.999 5.7727 5.5528 5.7141 6.0345 5.734 5.9695 6.1371 5.6015 5.5711
2015-09-04 14:09:31.390000 6605.488 5.956 5.62 34.693 52.729 4.076 5.7726 5.5527 5.7141 6.0345 5.7339 5.9696 6.1384 5.6008 5.5701
2015-09-04 14:10:31.428000 6665.526 5.955 5.619 34.119 52.729 3.732 5.7726 5.5526 5.7141 6.0346 5.7342 5.9697 6.1373 5.6004 5.5712
2015-09-04 14:11:31.495000 6725.593 5.956 5.62 34.715 52.727 3.969 5.7726 5.5526 5.7144 6.0348 5.7341 5.9697 6.1376 5.6002 5.5708
2015-09-04 14:12:31.533000 6785.631 5.956 5.621 34.252 52.728 4.159 5.7724 5.5527 5.7146 6.0349 5.7339 5.9699 6.1389 5.5998 5.5703
2015-09-04 14:13:31.601000 6845.699 5.956 5.62 34.039 52.727 3.748 5.7724 5.5526 5.7148 6.0351 5.7335 5.9701 6.1386 5.601 5.571
2015-09-04 14:14:31.637000 6905.735 5.956 5.621 34.684 52.726 3.837 5.7723 5.5526 5.7149 6.0353 5.7336 5.9702 6.1379 5.6002 5.5702
2015-09-04 14:15:31.706000 6965.804 5.956 5.62 34.416 52.729 4.174 5.7723 5.5527 5.7149 6.0352 5.7339 5.9702 6.1389 5.5999 5.571
2015-09-04 14:16:31.742000 7025.84 5.956 5.619 33.957 52.73 3.74 5.7724 5.5528 5.7147 6.0351 5.7336 5.9703 6.1384 5.6007 5.571
2015-09-04 14:17:31.780000 7085.878 5.956 5.62 34.581 52.729 4.117 5.7723 5.5528 5.7146 6.0351 5.7337 5.9702 6.1372 5.6 5.57
2015-09-04 14:18:31.830000 7145.928 5.955 5.619 33.969 52.73 3.826 5.7723 5.5527 5.7142 6.0348 5.7338 5.97 6.1377 5.5999 5.5699
2015-09-04 14:19:31.868000 7205.966 5.955 5.618 34.525 52.736 3.731 5.7722 5.5525 5.714 6.0344 5.734 5.9698 6.1375 5.6002 5.5696
2015-09-04 14:20:31.936000 7266.034 5.955 5.62 34.619 52.735 4.113 5.7721 5.5525 5.7139 6.0346 5.7342 5.9697 6.1369 5.6004 5.5706
2015-09-04 14:21:31.974000 7326.072 5.955 5.62 33.972 52.734 3.825 5.7721 5.5526 5.7141 6.0345 5.7343 5.9697 6.1377 5.5988 5.5689
2015-09-04 14:22:32.042000 7386.14 5.955 5.62 34.453 52.735 3.724 5.7721 5.5524 5.7142 6.0346 5.7344 5.9696 6.1383 5.5986 5.5695
