2015-10-11 00:00:12.843000 203104.349 3.395 3.286 33.795 53.109 3.031 3.3667 3.1717 27.4597 26.8004 2.5975 3.8417 3.4706 0.3013 1.6555 3.089
2015-10-11 00:01:12.893000 203164.398 3.221 3.284 33.975 53.112 3.637 3.3659 3.1711 27.4586 26.7986 2.5973 3.8411 3.4707 0.3013 1.6554 3.038
2015-10-11 00:02:12.951000 203224.456 3.31 3.285 34.432 53.118 3.638 3.366 3.1714 27.4601 26.7989 2.5972 3.8407 3.47 0.3013 1.6555 3.047
2015-10-11 00:03:13.003000 203284.508 3.422 3.286 33.897 53.122 3.612 3.3668 3.1722 27.4597 26.7995 2.5971 3.8407 3.4709 0.3013 1.6554 3.09
2015-10-11 00:04:13.059000 203344.564 3.237 3.289 33.817 53.124 3.409 3.3694 3.1751 27.4597 26.8001 2.5969 3.8417 3.475 0.3013 1.6553 3.048
2015-10-11 00:05:13.110000 203404.615 3.275 3.291 34.438 53.124 3.643 3.3703 3.1768 27.4601 26.8004 2.5972 3.8425 3.4758 0.3013 1.6555 3.048
2015-10-11 00:06:13.166000 203464.671 3.25 3.29 33.939 53.13 3.643 3.3699 3.1758 27.4593 26.8004 2.5974 3.8435 3.4741 0.3013 1.6555 3.092
2015-10-11 00:07:13.219000 203524.724 3.233 3.289 34.405 53.132 3.642 3.3702 3.1759 27.4603 26.8013 2.5979 3.8438 3.4758 0.3013 1.6555 3.051
2015-10-11 00:08:13.275000 203584.78 3.413 3.29 34.093 53.138 3.639 3.3701 3.1763 27.4603 26.8004 2.5979 3.8437 3.4747 0.3013 1.6556 3.089
2015-10-11 00:09:13.328000 203644.833 3.256 3.288 33.705 53.142 2.421 3.3692 3.1749 27.4607 26.8011 2.5981 3.8438 3.4731 0.3013 1.6557 3.064
2015-10-11 00:10:13.382000 203704.887 3.228 3.288 34.38 53.146 3.64 3.3686 3.1738 27.4603 26.7997 2.5983 3.8435 3.4735 0.3013 1.6558 3.039
2015-10-11 00:11:13.435000 203764.94 3.403 3.288 34.097 53.15 3.641 3.3686 3.1747 27.4603 26.8013 2.5982 3.8429 3.4733 0.3013 1.6558 3.084
2015-10-11 00:12:13.491000 203824.996 3.265 3.287 33.67 53.155 3.641 3.3683 3.1739 27.4601 26.8004 2.5983 3.8427 3.4723 0.3013 1.6559 3.064
2015-10-11 00:13:13.543000 203885.048 3.223 3.289 34.337 53.159 3.402 3.369 3.1744 27.4611 26.8019 2.5982 3.8429 3.4741 0.3013 1.6559 3.039
2015-10-11 00:14:13.599000 203945.104 3.3 3.289 34.203 53.161 3.126 3.3698 3.1758 27.4613 26.8019 2.5984 3.8432 3.4749 0.3013 1.6559 3.079
2015-10-11 00:15:13.651000 204005.156 3.218 3.289 34.197 53.166 3.642 3.3698 3.1759 27.4607 26.8025 2.5984 3.8433 3.4741 0.3013 1.656 3.079
2015-10-11 00:16:13.707000 204065.212 3.363 3.29 34.304 53.17 3.643 3.3701 3.1757 27.4607 26.8022 2.5985 3.8438 3.4751 0.3014 1.656 3.07
2015-10-11 00:17:13.759000 204125.264 3.326 3.291 33.672 53.171 3.64 3.3706 3.177 27.4611 26.8022 2.5987 3.844 3.4766 0.3014 1.6561 3.088
2015-10-11 00:18:13.814000 204185.319 3.217 3.29 34.185 53.174 3.464 3.3703 3.1764 27.4613 26.8029 2.5987 3.8444 3.4746 0.3014 1.6561 3.04
2015-10-11 00:19:13.866000 204245.371 3.367 3.289 34.336 53.182 3.641 3.369 3.1743 27.4622 26.8025 2.5989 3.8443 3.4739 0.3014 1.6561 3.066
2015-10-11 00:20:13.923000 204305.428 3.298 3.287 33.661 53.186 3.641 3.3689 3.1745 27.4607 26.8022 2.5988 3.8435 3.4738 0.3014 1.6561 3.084
2015-10-11 00:21:13.975000 204365.48 3.216 3.288 34.193 53.191 3.641 3.369 3.1749 27.4613 26.8022 2.5989 3.8433 3.473 0.3014 1.6562 3.039
2015-10-11 00:22:14.030000 204425.535 3.352 3.29 34.294 53.193 3.642 3.3698 3.1753 27.4603 26.8013 2.5988 3.8432 3.475 0.3014 1.6563 3.075
2015-10-11 00:23:14.081000 204485.586 3.217 3.288 34.141 53.197 3.203 3.3698 3.1759 27.4601 26.8016 2.5988 3.8435 3.4752 0.3014 1.6562 3.084
2015-10-11 00:24:14.138000 204545.643 3.358 3.289 34.37 53.201 3.118 3.3694 3.1753 27.4603 26.8034 2.5989 3.8437 3.4734 0.3014 1.6563 3.063
2015-10-11 00:25:14.191000 204605.696 3.371 3.29 33.711 53.205 3.643 3.37 3.1758 27.4611 26.8032 2.5989 3.8439 3.4737 0.3014 1.6564 3.091
2015-10-11 00:26:14.246000 204665.751 3.219 3.288 34.06 53.211 3.641 3.3692 3.1749 27.4613 26.8019 2.5989 3.8438 3.4744 0.3014 1.6564 3.039
2015-10-11 00:27:14.299000 204725.804 3.338 3.289 34.417 53.215 3.216 3.369 3.1747 27.4611 26.8019 2.5989 3.8434 3.4733 0.3014 1.6563 3.056
2015-10-11 00:28:14.354000 204785.859 3.376 3.287 33.784 53.218 2.88 3.3685 3.1737 27.4607 26.8022 2.5989 3.8427 3.4729 0.3014 1.6565 3.09
2015-10-11 00:29:14.406000 204845.911 3.222 3.287 34.057 53.224 3.64 3.3685 3.1739 27.4613 26.8029 2.5989 3.843 3.4737 0.3014 1.6564 3.039
2015-10-11 00:30:14.462000 204905.967 3.422 3.288 34.417 53.227 3.641 3.3685 3.1746 27.4611 26.8019 2.5978 3.8428 3.4732 0.3014 1.6564 3.055
2015-10-11 00:31:14.514000 204966.019 3.234 3.289 33.856 53.229 3.638 3.3696 3.1754 27.4611 26.8038 2.5988 3.843 3.4748 0.3015 1.6564 3.093
2015-10-11 00:32:14.570000 205026.075 3.289 3.291 34.457 53.231 3.568 3.3713 3.1774 27.4613 26.8029 2.5988 3.844 3.4774 0.3015 1.6565 3.053
2015-10-11 00:33:14.622000 205086.127 3.425 3.292 33.898 53.235 3.645 3.3713 3.1781 27.4633 26.8034 2.5991 3.8445 3.4763 0.3015 1.6564 3.095
2015-10-11 00:34:14.678000 205146.183 3.233 3.292 33.888 53.238 3.645 3.3722 3.1782 27.4603 26.8034 2.5992 3.8455 3.477 0.3015 1.6565 3.049
2015-10-11 00:35:14.729000 205206.234 3.269 3.293 34.459 53.242 3.645 3.3724 3.1786 27.4622 26.8032 2.5994 3.8458 3.4784 0.3015 1.6565 3.05
2015-10-11 00:36:14.786000 205266.291 3.427 3.291 33.981 53.246 3.644 3.3713 3.1779 27.4622 26.8022 2.5997 3.8457 3.4764 0.3016 1.6566 3.094
2015-10-11 00:37:14.838000 205326.343 3.242 3.289 33.788 53.252 3.37 3.3704 3.176 27.4622 26.8034 2.5999 3.8452 3.4746 0.3016 1.6568 3.054
2015-10-11 00:38:14.893000 205386.398 3.407 3.29 34.465 53.255 3.642 3.3701 3.1756 27.4611 26.8032 2.5999 3.8449 3.4752 0.3016 1.6568 3.042
2015-10-11 00:39:14.946000 205446.451 3.269 3.287 33.695 53.265 3.64 3.3682 3.1741 27.4613 26.8032 2.5998 3.8437 3.4733 0.3016 1.6569 3.085
2015-10-11 00:40:15.002000 205506.507 3.219 3.288 34.362 53.265 3.641 3.369 3.1747 27.4622 26.8029 2.5998 3.8433 3.4731 0.3017 1.6569 3.039
2015-10-11 00:41:15.054000 205566.559 3.394 3.292 34.21 53.267 3.47 3.3713 3.1771 27.4624 26.8038 2.5995 3.844 3.4768 0.3017 1.6568 3.08
2015-10-11 00:42:15.109000 205626.614 3.277 3.29 33.662 53.271 3.356 3.3713 3.1775 27.4618 26.8047 2.5996 3.8447 3.4771 0.3018 1.6569 3.079
2015-10-11 00:43:15.162000 205686.667 3.223 3.293 34.336 53.272 3.645 3.3721 3.1785 27.4622 26.804 2.5996 3.8453 3.4766 0.3019 1.657 3.043
2015-10-11 00:44:15.218000 205746.723 3.387 3.294 34.218 53.277 3.646 3.373 3.179 27.4622 26.8053 2.6 3.846 3.4791 0.302 1.657 3.083
2015-10-11 00:45:15.270000 205806.775 3.291 3.292 33.668 53.279 3.644 3.3729 3.1794 27.4635 26.8038 2.6003 3.8463 3.4787 0.3021 1.657 3.082
2015-10-11 00:46:15.325000 205866.83 3.367 3.294 34.271 53.283 3.597 3.3733 3.1799 27.4633 26.8047 2.6004 3.8466 3.478 0.3022 1.657 3.044
2015-10-11 00:47:15.377000 205926.882 3.329 3.294 33.709 53.288 3.646 3.373 3.1791 27.4624 26.8053 2.6007 3.8468 3.4785 0.3024 1.6573 3.078
2015-10-11 00:48:15.434000 205986.939 3.216 3.29 34.212 53.292 3.643 3.3713 3.1773 27.4622 26.8049 2.6008 3.8466 3.4766 0.3025 1.6573 3.04
2015-10-11 00:49:15.486000 206046.991 3.354 3.29 34.409 53.297 3.643 3.3702 3.1761 27.4613 26.8032 2.6009 3.8457 3.4742 0.3026 1.6574 3.066
2015-10-11 00:50:15.542000 206107.047 3.356 3.288 33.762 53.303 3.638 3.3693 3.1745 27.4603 26.8034 2.6007 3.8449 3.4739 0.3028 1.6576 3.088
2015-10-11 00:51:15.594000 206167.099 3.218 3.288 34.092 53.309 2.903 3.3696 3.1753 27.4629 26.8053 2.6006 3.844 3.4752 0.3031 1.6576 3.04
2015-10-11 00:52:15.649000 206227.154 3.341 3.29 34.427 53.31 3.642 3.3697 3.1757 27.4622 26.8047 2.6006 3.8439 3.4745 0.3035 1.6576 3.057
2015-10-11 00:53:15.702000 206287.207 3.405 3.29 33.792 53.313 3.644 3.3709 3.1765 27.4633 26.8049 2.6005 3.8444 3.4756 0.3042 1.6577 3.094
2015-10-11 00:54:15.756000 206347.261 3.284 3.292 33.975 53.315 3.645 3.3726 3.1787 27.4633 26.8053 2.6005 3.8451 3.4789 0.3054 1.6579 3.045
2015-10-11 00:55:15.809000 206407.314 3.426 3.294 33.933 53.316 3.626 3.3727 3.1793 27.4624 26.8053 2.6007 3.8459 3.4776 0.3076 1.6582 3.061
2015-10-11 00:56:15.864000 206467.369 3.235 3.293 33.9 53.321 3.39 3.373 3.1785 27.4629 26.8053 2.601 3.8464 3.4784 0.3134 1.6588 3.05
2015-10-11 00:57:15.917000 206527.422 3.289 3.291 34.478 53.324 3.644 3.3721 3.1754 27.4629 26.8053 2.6018 3.8465 3.478 0.3492 1.6622 3.05
2015-10-11 00:58:15.972000 206587.477 3.423 3.288 33.935 53.33 3.642 3.3696 3.1675 27.4611 26.804 2.6056 3.8455 3.474 0.4419 1.6736 3.091
2015-10-11 00:59:16.025000 206647.53 3.232 3.287 33.905 53.336 3.641 3.3687 3.1606 27.4635 26.8053 2.6124 3.8445 3.4731 0.5325 1.6876 3.043
2015-10-11 01:00:16.082000 206707.587 3.294 3.287 34.49 53.34 3.626 3.3678 3.1556 27.4618 26.8025 2.6213 3.844 3.4736 0.6128 1.7011 3.049
2015-10-11 01:01:24.169000 206775.674 3.417 3.284 33.918 53.343 3.638 3.3641 3.1485 23.9808 23.9067 2.6316 3.8424 3.4701 0.687 1.7048 3.088
2015-10-11 01:02:24.225000 206835.73 3.25 3.282 33.895 53.348 3.636 3.3609 3.1421 21.3386 21.8726 2.6414 3.8411 3.4675 0.7612 1.712 3.041
2015-10-11 01:03:24.277000 206895.782 3.412 3.282 34.107 53.35 3.636 3.3589 3.1381 18.7878 20.0906 2.6504 3.8396 3.4678 0.8306 1.7247 3.04
2015-10-11 01:04:24.332000 206955.837 3.25 3.279 33.755 53.354 3.634 3.3559 3.1337 16.0286 18.3239 2.6585 3.8379 3.4651 0.8908 1.7382 3.048
2015-10-11 01:05:24.385000 207015.89 3.237 3.277 34.447 53.358 3.318 3.3575 3.1295 13.2354 16.4172 2.6668 3.8364 3.4621 0.9436 1.7521 3.033
2015-10-11 01:06:24.440000 207075.945 3.415 3.276 34.09 53.362 3.63 3.3705 3.1279 10.8041 14.3982 2.6755 3.8346 3.4615 0.9975 1.7671 3.077
2015-10-11 01:07:24.492000 207135.997 3.249 3.273 33.793 53.365 3.629 3.3797 3.1419 8.6014 12.4937 2.6836 3.8329 3.4588 1.0444 1.7823 3.044
2015-10-11 01:08:24.548000 207196.053 3.231 3.272 34.461 53.369 3.627 3.3861 3.2058 6.6617 10.7739 2.6919 3.8311 3.4565 1.0877 1.7974 3.028
2015-10-11 01:09:24.599000 207256.104 3.409 3.272 34.108 53.373 3.615 3.3919 3.2952 5.1799 9.1324 2.7002 3.8298 3.4576 1.1263 1.8123 3.072
2015-10-11 01:10:24.656000 207316.161 3.219 3.27 33.775 53.376 3.611 3.3975 3.3767 4.2016 7.6552 2.7075 3.8289 3.456 1.1649 1.827 3.045
2015-10-11 01:11:24.708000 207376.213 3.395 3.272 34.187 53.38 3.627 3.4027 3.4429 3.7379 6.5023 2.7146 3.828 3.456 1.2004 1.8415 3.028
2015-10-11 01:12:24.765000 207436.27 3.275 3.273 33.693 53.38 3.628 3.4077 3.4944 3.5752 5.7209 2.7212 3.8283 3.4585 1.2334 1.856 3.061
2015-10-11 01:13:24.816000 207496.321 3.217 3.273 34.337 53.385 3.628 3.4127 3.5341 3.5242 5.1869 2.7278 3.8286 3.4587 1.2676 1.8703 3.028
2015-10-11 01:14:24.872000 207556.377 3.389 3.274 34.243 53.387 3.552 3.4176 3.5665 3.5099 4.8519 2.7338 3.8289 3.4576 1.2993 1.8858 3.066
2015-10-11 01:15:24.924000 207616.429 3.274 3.274 33.675 53.389 3.629 3.4222 3.5941 3.5054 4.6358 2.7398 3.8292 3.4595 1.3288 1.9011 3.066
2015-10-11 01:16:24.980000 207676.485 3.218 3.276 34.316 53.391 3.63 3.4268 3.6181 3.5044 4.4921 2.7457 3.8296 3.4606 1.3601 1.9164 3.029
2015-10-11 01:17:25.033000 207736.538 3.374 3.276 34.321 53.395 3.63 3.4313 3.6406 3.5041 4.391 2.7515 3.83 3.4592 1.3895 1.9313 3.065
2015-10-11 01:18:25.088000 207796.593 3.216 3.273 33.693 53.397 3.623 3.4356 3.6629 3.5032 4.3181 2.7569 3.8302 3.4588 1.417 1.9458 3.069
2015-10-11 01:19:25.141000 207856.646 3.349 3.274 34.429 53.401 3.309 3.4399 3.6855 3.5022 4.2653 2.7623 3.8299 3.4589 1.4446 1.9603 3.027
2015-10-11 01:20:25.195000 207916.7 3.359 3.273 33.781 53.408 3.628 3.444 3.7084 3.5012 4.2272 2.7678 3.8294 3.4569 1.472 1.9742 3.078
2015-10-11 01:21:25.247000 207976.752 3.222 3.274 34.075 53.41 3.629 3.4481 3.7323 3.5012 4.2005 2.7731 3.8293 3.4591 1.498 1.988 3.03
2015-10-11 01:22:25.304000 208036.809 3.323 3.276 34.443 53.413 3.63 3.4522 3.7574 3.502 4.1819 2.7784 3.8301 3.461 1.5227 2.0018 3.047
2015-10-11 01:23:25.356000 208096.861 3.398 3.276 33.841 53.414 3.537 3.456 3.7843 3.5029 4.1688 2.7838 3.8306 3.4606 1.5481 2.0163 3.084
2015-10-11 01:24:25.413000 208156.918 3.225 3.277 33.999 53.415 3.206 3.4597 3.8122 3.5033 4.1592 2.7891 3.8313 3.4617 1.5732 2.0307 3.035
2015-10-11 01:25:25.465000 208216.97 3.296 3.277 34.479 53.419 3.631 3.4635 3.8419 3.5035 4.1527 2.7946 3.8318 3.4621 1.5973 2.0448 3.043
2015-10-11 01:26:25.519000 208277.024 3.238 3.276 33.908 53.424 3.63 3.4671 3.8741 3.5029 4.1473 2.8001 3.8316 3.4604 1.6204 2.0587 3.083
2015-10-11 01:27:25.571000 208337.076 3.26 3.275 34.492 53.426 3.629 3.4707 3.9085 3.5022 4.1433 2.8051 3.8319 3.459 1.6427 2.0723 3.032
2015-10-11 01:28:25.629000 208397.134 3.421 3.275 34.043 53.432 3.596 3.4741 3.9453 3.5016 4.1405 2.81 3.831 3.46 1.6663 2.0856 3.079
2015-10-11 01:29:25.681000 208457.186 3.242 3.274 33.807 53.434 3.629 3.4774 3.9859 3.5009 4.1384 2.8151 3.8307 3.4595 1.6891 2.0987 3.043
2015-10-11 01:30:25.734000 208517.239 3.242 3.276 34.466 53.436 3.63 3.4808 4.0302 3.5012 4.1373 2.82 3.8309 3.4591 1.7111 2.1115 3.032
2015-10-11 01:31:25.787000 208577.292 3.413 3.276 34.065 53.438 3.631 3.4839 4.0796 3.5014 4.1366 2.8251 3.831 3.4616 1.7327 2.1243 3.079
2015-10-11 01:32:25.843000 208637.348 3.253 3.277 33.752 53.44 3.632 3.487 4.1351 3.5027 4.1369 2.8299 3.8316 3.4624 1.754 2.1375 3.048
2015-10-11 01:33:25.896000 208697.401 3.237 3.279 34.44 53.444 3.404 3.4899 4.199 3.5035 4.1372 2.8351 3.8322 3.4623 1.7764 2.151 3.034
2015-10-11 01:34:25.950000 208757.455 3.277 3.28 34.139 53.443 3.634 3.493 4.2735 3.5046 4.1378 2.8402 3.8334 3.4648 1.7985 2.1645 3.079
2015-10-11 01:35:26.003000 208817.508 3.218 3.278 34.354 53.449 3.633 3.4959 4.3634 3.5042 4.1373 2.8454 3.8337 3.4633 1.8203 2.1777 3.058
2015-10-11 01:36:26.059000 208877.564 3.387 3.279 34.227 53.449 3.633 3.4987 4.4739 3.5044 4.1377 2.8506 3.8338 3.4624 1.8422 2.1913 3.073
2015-10-11 01:37:26.111000 208937.616 3.276 3.278 33.713 53.456 3.575 3.5014 4.6163 3.504 4.1374 2.8558 3.8338 3.463 1.8642 2.2046 3.07
2015-10-11 01:38:26.168000 208997.673 3.221 3.278 34.38 53.459 3.631 3.5041 4.8112 3.5032 4.1371 2.8612 3.8335 3.4627 1.8882 2.2178 3.031
2015-10-11 01:39:26.220000 209057.725 3.388 3.276 34.216 53.465 3.63 3.5068 5.099 3.5024 4.1372 2.8663 3.8333 3.4599 1.9138 2.2309 3.071
2015-10-11 01:40:26.276000 209117.781 3.272 3.275 33.712 53.467 3.63 3.5092 5.5818 3.5017 4.1378 2.8714 3.8326 3.4609 1.9411 2.2441 3.06
2015-10-11 01:41:26.327000 209177.832 3.221 3.278 34.375 53.468 3.631 3.5117 6.603 3.5024 4.1407 2.877 3.8325 3.4632 1.9714 2.2576 3.031
2015-10-11 01:42:26.383000 209237.888 3.288 3.285 34.192 53.47 3.638 3.5141 9.8527 3.5061 4.1491 2.8833 3.8344 3.4683 2.0113 2.2729 3.08
2015-10-11 01:43:26.434000 209297.939 3.222 3.294 34.311 53.474 3.648 3.5165 12.6914 3.5155 4.1667 2.8948 3.8394 3.4812 2.0714 2.2992 3.076
2015-10-11 01:44:26.492000 209357.997 3.382 3.299 34.328 53.476 3.651 3.519 13.7403 3.524 4.1785 2.9211 3.8459 3.4843 2.1208 2.3334 3.08
2015-10-11 01:45:26.544000 209418.049 3.317 3.299 33.703 53.48 3.651 3.5213 14.0708 3.5269 4.1807 2.9499 3.8496 3.4829 2.1543 2.3616 3.092
2015-10-11 01:46:26.599000 209478.104 3.217 3.295 34.244 53.485 3.647 3.5235 14.162 3.5261 4.1776 2.971 3.8513 3.4809 2.1758 2.3827 3.043
2015-10-11 01:47:26.651000 209538.156 3.366 3.295 34.392 53.488 3.28 3.5257 14.1545 3.5249 4.1734 2.9833 3.8513 3.4809 2.1908 2.4 3.07
2015-10-11 01:48:26.707000 209598.212 3.317 3.292 33.744 53.492 3.646 3.5279 14.1031 3.5232 4.1691 2.9894 3.8506 3.4775 2.2029 2.4142 3.091
2015-10-11 01:49:26.760000 209658.265 3.219 3.293 34.206 53.498 3.647 3.53 14.03 3.5227 4.1661 2.9913 3.8503 3.479 2.2134 2.4262 3.043
2015-10-11 01:50:26.815000 209718.32 3.405 3.293 34.438 53.5 3.646 3.532 13.9486 3.5224 4.1633 2.9912 3.85 3.4792 2.2231 2.4369 3.066
2015-10-11 01:51:26.867000 209778.372 3.226 3.293 34.026 53.502 3.636 3.5341 13.8631 3.5223 4.1613 2.9902 3.8499 3.4786 2.2324 2.4465 3.095
2015-10-11 01:52:26.923000 209838.428 3.327 3.295 34.476 53.504 3.537 3.536 13.7746 3.5229 4.16 2.9889 3.8502 3.4798 2.2413 2.4556 3.058
2015-10-11 01:53:26.974000 209898.479 3.423 3.296 33.868 53.505 3.649 3.5379 13.6842 3.5236 4.1592 2.9882 3.8506 3.482 2.2503 2.464 3.099
2015-10-11 01:54:27.031000 209958.536 3.234 3.293 33.998 53.507 3.647 3.5398 13.5931 3.5234 4.1579 2.988 3.851 3.4797 2.2593 2.4721 3.048
2015-10-11 01:55:27.083000 210018.588 3.278 3.293 34.516 53.512 3.645 3.5415 13.5014 3.5219 4.1562 2.9882 3.8502 3.4774 2.2688 2.48 3.051
2015-10-11 01:56:27.139000 210078.644 3.424 3.29 34.047 53.519 3.636 3.5433 13.4136 3.52 4.1541 2.9891 3.8493 3.4768 2.2785 2.4877 3.09
2015-10-11 01:57:27.190000 210138.695 3.24 3.289 33.849 53.522 3.643 3.545 13.3254 3.5191 4.1528 2.9904 3.8482 3.4756 2.288 2.495 3.052
2015-10-11 01:58:27.246000 210198.751 3.412 3.289 34.512 53.526 3.642 3.5468 13.2367 3.5179 4.1513 2.9922 3.8475 3.4736 2.2974 2.5027 3.043
2015-10-11 01:59:27.297000 210258.802 3.259 3.289 33.774 53.53 3.643 3.5484 13.1467 3.5177 4.1507 2.9943 3.8469 3.476 2.307 2.5099 3.09
