2015-11-12 00:00:26.570000 2454616.496 294.59 294.51 294.92 294.98 295.04 296.522 296.355 296.258 296.398 296.325 296.614 293.965 0.0 0.0 294.45
2015-11-12 00:01:26.635000 2454676.561 294.59 294.51 294.92 294.98 295.04 296.523 296.357 296.258 296.398 296.323 296.613 293.965 0.0 0.0 294.45
2015-11-12 00:02:26.675000 2454736.601 294.59 294.51 294.92 294.98 295.04 296.523 296.356 296.258 296.398 296.324 296.614 293.966 0.0 0.0 294.45
2015-11-12 00:03:26.752000 2454796.678 294.59 294.51 294.92 294.98 295.04 296.524 296.358 296.258 296.399 296.323 296.614 293.966 0.0 0.0 294.45
2015-11-12 00:04:26.792000 2454856.718 294.59 294.51 294.92 294.98 295.05 296.524 296.357 296.26 296.399 296.324 296.613 293.966 0.0 0.0 294.45
2015-11-12 00:05:26.857000 2454916.783 294.59 294.51 294.92 294.98 295.05 296.525 296.357 296.259 296.399 296.324 296.615 293.968 0.0 0.0 294.45
2015-11-12 00:06:26.900000 2454976.826 294.59 294.51 294.92 294.98 295.05 296.525 296.358 296.26 296.398 296.326 296.616 293.968 0.0 0.0 294.45
2015-11-12 00:07:26.969000 2455036.895 294.59 294.51 294.92 294.98 295.05 296.525 296.358 296.26 296.4 296.327 296.615 293.968 0.0 0.0 294.45
2015-11-12 00:08:27.014000 2455096.94 294.59 294.51 294.92 294.98 295.05 296.526 296.359 296.261 296.401 296.327 296.615 293.968 0.0 0.0 294.45
2015-11-12 00:09:27.074000 2455157.0 294.59 294.51 294.92 294.98 295.05 296.525 296.358 296.261 296.4 296.325 296.616 293.969 0.0 0.0 294.45
2015-11-12 00:10:27.120000 2455217.046 294.59 294.51 294.92 294.99 295.05 296.527 296.359 296.262 296.402 296.327 296.618 293.968 0.0 0.0 294.45
2015-11-12 00:11:27.183000 2455277.109 294.59 294.51 294.92 294.99 295.05 296.526 296.359 296.263 296.403 296.328 296.617 293.969 0.0 0.0 294.45
2015-11-12 00:12:27.232000 2455337.158 294.59 294.51 294.92 294.99 295.05 296.527 296.36 296.263 296.402 296.328 296.617 293.969 0.0 0.0 294.45
2015-11-12 00:13:27.288000 2455397.214 294.59 294.51 294.92 294.99 295.05 296.528 296.36 296.263 296.401 296.328 296.617 293.971 0.0 0.0 294.45
2015-11-12 00:14:27.328000 2455457.254 294.59 294.51 294.92 294.99 295.05 296.528 296.36 296.264 296.403 296.33 296.617 293.97 0.0 0.0 294.45
2015-11-12 00:15:27.394000 2455517.32 294.59 294.51 294.92 294.99 295.05 296.527 296.361 296.263 296.403 296.33 296.617 293.969 0.0 0.0 294.45
2015-11-12 00:16:27.438000 2455577.364 294.59 294.52 294.92 294.99 295.05 296.528 296.362 296.265 296.403 296.33 296.618 293.971 0.0 0.0 294.45
2015-11-12 00:17:27.507000 2455637.433 294.59 294.51 294.93 294.99 295.05 296.529 296.361 296.264 296.403 296.33 296.619 293.971 0.0 0.0 294.45
2015-11-12 00:18:27.553000 2455697.479 294.59 294.52 294.93 294.99 295.05 296.528 296.361 296.263 296.405 296.33 296.619 293.973 0.0 0.0 294.45
2015-11-12 00:19:27.613000 2455757.539 294.59 294.51 294.93 294.99 295.05 296.528 296.361 296.264 296.404 296.329 296.62 293.973 0.0 0.0 294.45
2015-11-12 00:20:27.655000 2455817.581 294.59 294.52 294.93 294.99 295.05 296.53 296.362 296.264 296.405 296.331 296.62 293.972 0.0 0.0 294.45
2015-11-12 00:21:27.715000 2455877.641 294.59 294.52 294.93 294.99 295.05 296.53 296.362 296.265 296.403 296.33 296.62 293.973 0.0 0.0 294.46
2015-11-12 00:22:27.764000 2455937.69 294.59 294.52 294.93 294.99 295.05 296.529 296.363 296.265 296.405 296.332 296.621 293.974 0.0 0.0 294.45
2015-11-12 00:23:27.830000 2455997.756 294.59 294.52 294.93 294.99 295.05 296.531 296.364 296.265 296.404 296.332 296.621 293.973 0.0 0.0 294.46
2015-11-12 00:24:27.870000 2456057.796 294.59 294.52 294.93 294.99 295.05 296.531 296.364 296.266 296.407 296.333 296.622 293.974 0.0 0.0 294.46
2015-11-12 00:25:27.934000 2456117.86 294.59 294.52 294.93 294.99 295.05 296.531 296.364 296.266 296.405 296.334 296.622 293.974 0.0 0.0 294.46
2015-11-12 00:26:27.976000 2456177.902 294.59 294.52 294.93 294.99 295.05 296.532 296.364 296.266 296.405 296.332 296.623 293.974 0.0 0.0 294.46
2015-11-12 00:27:28.045000 2456237.971 294.59 294.52 294.93 294.99 295.05 296.532 296.365 296.268 296.407 296.335 296.622 293.975 0.0 0.0 294.46
2015-11-12 00:28:28.091000 2456298.017 294.6 294.52 294.93 294.99 295.05 296.533 296.366 296.267 296.406 296.334 296.621 293.975 0.0 0.0 294.46
2015-11-12 00:29:28.155000 2456358.081 294.59 294.52 294.93 294.99 295.05 296.532 296.367 296.268 296.407 296.333 296.623 293.974 0.0 0.0 294.46
2015-11-12 00:30:28.196000 2456418.122 294.6 294.52 294.93 294.99 295.05 296.532 296.366 296.269 296.408 296.335 296.623 293.975 0.0 0.0 294.46
2015-11-12 00:31:28.261000 2456478.187 294.6 294.52 294.93 295.0 295.05 296.533 296.366 296.27 296.407 296.334 296.623 293.976 0.0 0.0 294.46
2015-11-12 00:32:28.309000 2456538.235 294.6 294.52 294.93 295.0 295.06 296.533 296.368 296.269 296.408 296.335 296.624 293.976 0.0 0.0 294.46
2015-11-12 00:33:28.375000 2456598.301 294.6 294.52 294.93 295.0 295.06 296.535 296.366 296.27 296.41 296.335 296.624 293.977 0.0 0.0 294.46
2015-11-12 00:34:28.415000 2456658.341 294.6 294.52 294.93 295.0 295.05 296.535 296.368 296.271 296.409 296.336 296.625 293.977 0.0 0.0 294.46
2015-11-12 00:35:28.476000 2456718.402 294.6 294.52 294.93 295.0 295.06 296.535 296.368 296.27 296.41 296.336 296.625 293.977 0.0 0.0 294.46
2015-11-12 00:36:28.522000 2456778.448 294.6 294.52 294.93 295.0 295.06 296.536 296.369 296.271 296.41 296.337 296.626 293.979 0.0 0.0 294.46
2015-11-12 00:37:28.588000 2456838.514 294.6 294.52 294.93 295.0 295.06 296.535 296.367 296.27 296.41 296.339 296.626 293.978 0.0 0.0 294.46
2015-11-12 00:38:28.635000 2456898.561 294.6 294.52 294.93 295.0 295.06 296.534 296.369 296.273 296.41 296.337 296.627 293.979 0.0 0.0 294.46
2015-11-12 00:39:28.685000 2456958.611 294.6 294.52 294.93 295.0 295.06 296.535 296.368 296.272 296.411 296.337 296.626 293.98 0.0 0.0 294.46
2015-11-12 00:40:28.729000 2457018.655 294.6 294.52 294.93 295.0 295.06 296.536 296.369 296.271 296.411 296.339 296.626 293.98 0.0 0.0 294.46
2015-11-12 00:41:28.804000 2457078.73 294.6 294.52 294.94 295.0 295.06 296.535 296.368 296.273 296.412 296.339 296.627 293.98 0.0 0.0 294.46
2015-11-12 00:42:28.853000 2457138.779 294.6 294.52 294.94 295.0 295.06 296.537 296.372 296.271 296.413 296.34 296.627 293.98 0.0 0.0 294.46
2015-11-12 00:43:28.909000 2457198.835 294.6 294.52 294.94 295.0 295.06 296.538 296.369 296.273 296.413 296.339 296.628 293.98 0.0 0.0 294.46
2015-11-12 00:44:28.949000 2457258.875 294.6 294.52 294.94 295.0 295.06 296.539 296.37 296.273 296.411 296.34 296.628 293.981 0.0 0.0 294.46
2015-11-12 00:45:29.013000 2457318.939 294.6 294.52 294.94 295.0 295.06 296.538 296.372 296.274 296.412 296.34 296.628 293.981 0.0 0.0 294.46
2015-11-12 00:46:29.058000 2457378.984 294.6 294.53 294.94 295.0 295.06 296.538 296.372 296.274 296.414 296.341 296.63 293.982 0.0 0.0 294.46
2015-11-12 00:47:29.127000 2457439.053 294.6 294.53 294.94 295.0 295.06 296.539 296.372 296.274 296.414 296.342 296.629 293.982 0.0 0.0 294.46
2015-11-12 00:48:29.173000 2457499.099 294.6 294.53 294.94 295.0 295.06 296.538 296.373 296.275 296.414 296.34 296.63 293.981 0.0 0.0 294.46
2015-11-12 00:49:29.224000 2457559.15 294.6 294.53 294.94 295.0 295.06 296.54 296.372 296.276 296.415 296.341 296.63 293.981 0.0 0.0 294.47
2015-11-12 00:50:29.267000 2457619.193 294.6 294.53 294.94 295.0 295.06 296.539 296.372 296.276 296.416 296.342 296.63 293.983 0.0 0.0 294.47
2015-11-12 00:51:29.333000 2457679.259 294.6 294.53 294.94 295.01 295.06 296.541 296.373 296.276 296.415 296.342 296.624 293.984 0.0 0.0 294.47
2015-11-12 00:52:29.376000 2457739.302 294.6 294.53 294.94 295.01 295.06 296.54 296.373 296.277 296.416 296.342 296.631 293.983 0.0 0.0 294.47
2015-11-12 00:53:29.451000 2457799.377 294.6 294.53 294.94 295.01 295.06 296.54 296.374 296.275 296.417 296.343 296.631 293.984 0.0 0.0 294.47
2015-11-12 00:54:29.499000 2457859.425 294.6 294.53 294.94 295.01 295.07 296.542 296.373 296.275 296.416 296.343 296.633 293.984 0.0 0.0 294.47
2015-11-12 00:55:29.550000 2457919.476 294.6 294.53 294.94 295.01 295.06 296.543 296.374 296.278 296.415 296.345 296.633 293.985 0.0 0.0 294.47
2015-11-12 00:56:29.596000 2457979.522 294.61 294.53 294.94 295.01 295.06 296.541 296.376 296.277 296.419 296.345 296.633 293.985 0.0 0.0 294.47
2015-11-12 00:57:29.661000 2458039.587 294.6 294.53 294.95 295.01 295.07 296.544 296.377 296.278 296.418 296.345 296.633 293.984 0.0 0.0 294.47
2015-11-12 00:58:29.707000 2458099.633 294.61 294.53 294.94 295.01 295.06 296.542 296.376 296.279 296.418 296.345 296.634 293.986 0.0 0.0 294.47
2015-11-12 00:59:29.776000 2458159.702 294.61 294.53 294.95 295.01 295.07 296.544 296.376 296.279 296.417 296.345 296.634 293.987 0.0 0.0 294.47
2015-11-12 01:00:29.817000 2458219.743 294.61 294.53 294.95 295.01 295.07 296.544 296.377 296.279 296.418 296.346 296.635 293.987 0.0 0.0 294.47
2015-11-12 01:01:29.884000 2458279.81 294.61 294.53 294.95 295.01 295.07 296.543 296.377 296.281 296.42 296.346 296.634 293.988 0.0 0.0 294.47
2015-11-12 01:02:29.932000 2458339.858 294.61 294.53 294.95 295.01 295.07 296.544 296.377 296.281 296.419 296.347 296.635 293.988 0.0 0.0 294.47
2015-11-12 01:03:29.983000 2458399.909 294.61 294.53 294.95 295.01 295.07 296.544 296.377 296.28 296.419 296.348 296.635 293.988 0.0 0.0 294.47
2015-11-12 01:04:30.032000 2458459.958 294.61 294.53 294.95 295.01 295.07 296.544 296.376 296.282 296.419 296.347 296.636 293.989 0.0 0.0 294.47
2015-11-12 01:05:30.097000 2458520.023 294.61 294.53 294.95 295.01 295.07 296.545 296.377 296.282 296.421 296.348 296.637 293.989 0.0 0.0 294.47
2015-11-12 01:06:30.143000 2458580.069 294.61 294.53 294.95 295.01 295.07 296.544 296.377 296.28 296.42 296.348 296.636 293.989 0.0 0.0 294.47
2015-11-12 01:07:30.207000 2458640.133 294.61 294.53 294.95 295.01 295.07 296.544 296.379 296.283 296.421 296.35 296.637 293.989 0.0 0.0 294.47
2015-11-12 01:08:30.251000 2458700.177 294.61 294.53 294.95 295.01 295.07 296.546 296.378 296.282 296.422 296.348 296.636 293.99 0.0 0.0 294.47
2015-11-12 01:09:30.312000 2458760.238 294.61 294.53 294.95 295.01 295.07 296.547 296.38 296.282 296.421 296.348 296.636 293.991 0.0 0.0 294.47
2015-11-12 01:10:30.361000 2458820.287 294.61 294.53 294.95 295.02 295.07 296.547 296.38 296.283 296.422 296.349 296.638 293.991 0.0 0.0 294.47
2015-11-12 01:11:30.417000 2458880.343 294.61 294.53 294.95 295.01 295.07 296.547 296.38 296.283 296.422 296.35 296.638 293.991 0.0 0.0 294.47
2015-11-12 01:12:30.466000 2458940.392 294.61 294.53 294.95 295.02 295.07 296.547 296.38 296.282 296.422 296.349 296.639 293.99 0.0 0.0 294.47
2015-11-12 01:13:30.532000 2459000.458 294.61 294.53 294.95 295.02 295.07 296.547 296.381 296.284 296.422 296.35 296.64 293.991 0.0 0.0 294.47
2015-11-12 01:14:30.573000 2459060.499 294.61 294.53 294.95 295.02 295.07 296.548 296.381 296.283 296.424 296.351 296.639 293.992 0.0 0.0 294.47
2015-11-12 01:15:30.641000 2459120.567 294.61 294.54 294.96 295.02 295.07 296.549 296.381 296.285 296.423 296.351 296.639 293.992 0.0 0.0 294.47
2015-11-12 01:16:30.687000 2459180.613 294.61 294.54 294.95 295.02 295.07 296.549 296.383 296.285 296.424 296.351 296.64 293.993 0.0 0.0 294.47
2015-11-12 01:17:30.745000 2459240.671 294.61 294.54 294.96 295.02 295.07 296.548 296.382 296.284 296.424 296.353 296.642 293.992 0.0 0.0 294.48
2015-11-12 01:18:30.790000 2459300.716 294.61 294.54 294.96 295.02 295.07 296.549 296.384 296.286 296.424 296.353 296.641 293.993 0.0 0.0 294.48
2015-11-12 01:19:30.854000 2459360.78 294.61 294.54 294.96 295.02 295.07 296.55 296.385 296.287 296.425 296.353 296.641 293.994 0.0 0.0 294.48
2015-11-12 01:20:30.898000 2459420.824 294.61 294.54 294.96 295.02 295.07 296.549 296.384 296.287 296.426 296.353 296.642 293.994 0.0 0.0 294.48
2015-11-12 01:21:30.964000 2459480.89 294.61 294.54 294.96 295.02 295.07 296.551 296.385 296.287 296.427 296.355 296.642 293.995 0.0 0.0 294.48
2015-11-12 01:22:31.012000 2459540.938 294.61 294.54 294.96 295.02 295.07 296.551 296.385 296.287 296.427 296.355 296.643 293.994 0.0 0.0 294.48
2015-11-12 01:23:31.068000 2459600.994 294.61 294.54 294.96 295.02 295.07 296.552 296.386 296.288 296.428 296.356 296.643 293.995 0.0 0.0 294.48
2015-11-12 01:24:31.115000 2459661.041 294.61 294.54 294.96 295.02 295.08 296.553 296.385 296.288 296.429 296.356 296.643 293.997 0.0 0.0 294.48
2015-11-12 01:25:31.179000 2459721.105 294.62 294.54 294.96 295.02 295.08 296.553 296.385 296.289 296.43 296.356 296.643 293.996 0.0 0.0 294.48
2015-11-12 01:26:31.226000 2459781.152 294.62 294.54 294.96 295.02 295.07 296.553 296.386 296.29 296.429 296.357 296.644 293.998 0.0 0.0 294.48
2015-11-12 01:27:31.285000 2459841.211 294.62 294.54 294.96 295.02 295.08 296.552 296.387 296.289 296.429 296.357 296.644 293.998 0.0 0.0 294.48
2015-11-12 01:28:31.331000 2459901.257 294.62 294.54 294.96 295.03 295.08 296.553 296.386 296.289 296.43 296.357 296.644 293.998 0.0 0.0 294.48
2015-11-12 01:29:31.398000 2459961.324 294.62 294.54 294.96 295.02 295.08 296.554 296.388 296.29 296.429 296.357 296.645 293.997 0.0 0.0 294.48
2015-11-12 01:30:31.440000 2460021.366 294.62 294.54 294.96 295.03 295.08 296.553 296.388 296.29 296.429 296.356 296.645 293.999 0.0 0.0 294.48
2015-11-12 01:31:31.501000 2460081.427 294.62 294.54 294.96 295.03 295.08 296.554 296.388 296.29 296.431 296.358 296.646 293.998 0.0 0.0 294.48
2015-11-12 01:32:31.549000 2460141.475 294.62 294.54 294.96 295.03 295.08 296.554 296.387 296.29 296.43 296.357 296.647 293.999 0.0 0.0 294.48
2015-11-12 01:33:31.615000 2460201.541 294.62 294.54 294.97 295.03 295.08 296.555 296.389 296.291 296.431 296.357 296.646 293.999 0.0 0.0 294.48
2015-11-12 01:34:31.657000 2460261.583 294.62 294.54 294.97 295.03 295.08 296.556 296.389 296.291 296.431 296.359 296.647 294.0 0.0 0.0 294.48
2015-11-12 01:35:31.710000 2460321.636 294.62 294.54 294.97 295.03 295.08 296.556 296.388 296.292 296.432 296.358 296.647 294.0 0.0 0.0 294.48
2015-11-12 01:36:31.753000 2460381.679 294.62 294.54 294.97 295.03 295.08 296.556 296.389 296.292 296.432 296.359 296.648 294.0 0.0 0.0 294.48
2015-11-12 01:37:31.830000 2460441.756 294.62 294.54 294.97 295.03 295.08 296.556 296.389 296.293 296.432 296.36 296.648 294.0 0.0 0.0 294.48
2015-11-12 01:38:31.876000 2460501.802 294.62 294.55 294.97 295.03 295.08 296.558 296.39 296.293 296.431 296.361 296.648 294.002 0.0 0.0 294.48
2015-11-12 01:39:31.929000 2460561.855 294.62 294.55 294.97 295.03 295.08 296.558 296.389 296.293 296.433 296.361 296.649 294.001 0.0 0.0 294.48
2015-11-12 01:40:31.976000 2460621.902 294.62 294.55 294.97 295.03 295.08 296.558 296.393 296.295 296.434 296.36 296.649 294.002 0.0 0.0 294.48
2015-11-12 01:41:32.043000 2460681.969 294.62 294.55 294.97 295.03 295.08 296.559 296.392 296.294 296.434 296.361 296.649 294.003 0.0 0.0 294.48
2015-11-12 01:42:32.092000 2460742.018 294.62 294.55 294.97 295.03 295.08 296.559 296.393 296.296 296.434 296.364 296.65 294.003 0.0 0.0 294.49
2015-11-12 01:43:32.148000 2460802.074 294.62 294.55 294.97 295.03 295.08 296.559 296.393 296.295 296.435 296.364 296.65 294.003 0.0 0.0 294.49
2015-11-12 01:44:32.191000 2460862.117 294.62 294.55 294.97 295.03 295.08 296.559 296.394 296.295 296.436 296.363 296.653 294.003 0.0 0.0 294.49
2015-11-12 01:45:32.259000 2460922.185 294.62 294.55 294.97 295.03 295.08 296.56 296.393 296.297 296.435 296.364 296.652 294.004 0.0 0.0 294.49
2015-11-12 01:46:32.303000 2460982.229 294.63 294.55 294.97 295.03 295.08 296.56 296.394 296.297 296.436 296.364 296.651 294.003 0.0 0.0 294.49
2015-11-12 01:47:32.367000 2461042.293 294.62 294.55 294.97 295.04 295.08 296.56 296.396 296.297 296.437 296.365 296.653 294.005 0.0 0.0 294.49
2015-11-12 01:48:32.414000 2461102.34 294.63 294.55 294.98 295.04 295.08 296.562 296.396 296.298 296.437 296.364 296.653 294.006 0.0 0.0 294.49
2015-11-12 01:49:32.472000 2461162.398 294.63 294.55 294.98 295.04 295.08 296.562 296.395 296.298 296.438 296.366 296.653 294.007 0.0 0.0 294.49
2015-11-12 01:50:32.513000 2461222.439 294.63 294.55 294.98 295.04 295.09 296.56 296.395 296.298 296.436 296.367 296.655 294.006 0.0 0.0 294.49
2015-11-12 01:51:32.575000 2461282.501 294.63 294.55 294.98 295.04 295.09 296.562 296.396 296.3 296.439 296.366 296.653 294.007 0.0 0.0 294.49
2015-11-12 01:52:32.620000 2461342.546 294.63 294.55 294.98 295.04 295.09 296.563 296.396 296.299 296.439 296.366 296.655 294.008 0.0 0.0 294.49
2015-11-12 01:53:32.686000 2461402.612 294.63 294.55 294.98 295.04 295.09 296.562 296.395 296.301 296.44 296.368 296.655 294.007 0.0 0.0 294.49
2015-11-12 01:54:32.734000 2461462.66 294.63 294.55 294.98 295.04 295.09 296.562 296.396 296.3 296.441 296.368 296.656 294.007 0.0 0.0 294.49
2015-11-12 01:55:32.796000 2461522.722 294.63 294.55 294.98 295.04 295.09 296.563 296.396 296.3 296.44 296.368 296.655 294.008 0.0 0.0 294.49
2015-11-12 01:56:32.844000 2461582.77 294.63 294.55 294.98 295.04 295.09 296.563 296.396 296.3 296.439 296.368 296.656 294.008 0.0 0.0 294.49
2015-11-12 01:57:32.907000 2461642.833 294.63 294.55 294.98 295.04 295.09 296.565 296.399 296.301 296.44 296.368 296.656 294.01 0.0 0.0 294.49
2015-11-12 01:58:32.953000 2461702.879 294.63 294.55 294.98 295.04 295.09 296.564 296.399 296.3 296.441 296.367 296.657 294.009 0.0 0.0 294.49
2015-11-12 01:59:33.012000 2461762.938 294.63 294.55 294.98 295.04 295.09 296.565 296.397 296.304 296.441 296.369 296.656 294.011 0.0 0.0 294.49
2015-11-12 02:00:33.054000 2461822.98 294.63 294.55 294.98 295.04 295.09 296.565 296.398 296.301 296.442 296.369 296.658 294.011 0.0 0.0 294.49
2015-11-12 02:01:33.121000 2461883.047 294.63 294.56 294.98 295.04 295.09 296.566 296.4 296.302 296.441 296.37 296.658 294.011 0.0 0.0 294.49
2015-11-12 02:02:33.163000 2461943.089 294.63 294.55 294.98 295.04 295.09 296.566 296.4 296.304 296.442 296.37 296.658 294.011 0.0 0.0 294.49
2015-11-12 02:03:33.229000 2462003.155 294.63 294.55 294.98 295.05 295.09 296.567 296.4 296.303 296.443 296.371 296.66 294.013 0.0 0.0 294.49
2015-11-12 02:04:33.277000 2462063.203 294.63 294.56 294.98 295.05 295.09 296.568 296.402 296.304 296.443 296.371 296.66 294.011 0.0 0.0 294.5
2015-11-12 02:05:33.339000 2462123.265 294.63 294.56 294.99 295.05 295.09 296.568 296.402 296.304 296.443 296.37 296.659 294.013 0.0 0.0 294.49
2015-11-12 02:06:33.387000 2462183.313 294.63 294.56 294.99 295.05 295.09 296.567 296.402 296.304 296.444 296.373 296.659 294.013 0.0 0.0 294.5
2015-11-12 02:07:33.439000 2462243.365 294.63 294.56 294.99 295.05 295.09 296.568 296.402 296.306 296.444 296.373 296.659 294.013 0.0 0.0 294.5
2015-11-12 02:08:33.485000 2462303.411 294.63 294.56 294.99 295.05 295.09 296.569 296.403 296.307 296.446 296.373 296.661 294.013 0.0 0.0 294.5
2015-11-12 02:09:33.552000 2462363.478 294.63 294.56 294.99 295.05 295.09 296.568 296.403 296.305 296.445 296.375 296.66 294.015 0.0 0.0 294.5
2015-11-12 02:10:33.594000 2462423.52 294.63 294.56 294.99 295.05 295.09 296.57 296.403 296.307 296.447 296.374 296.662 294.014 0.0 0.0 294.5
2015-11-12 02:11:33.659000 2462483.585 294.64 294.56 294.99 295.05 295.09 296.571 296.405 296.307 296.446 296.373 296.663 294.015 0.0 0.0 294.5
2015-11-12 02:12:33.701000 2462543.627 294.63 294.56 294.99 295.05 295.09 296.57 296.405 296.308 296.447 296.375 296.662 294.017 0.0 0.0 294.5
2015-11-12 02:13:33.769000 2462603.695 294.64 294.56 294.99 295.05 295.1 296.57 296.405 296.307 296.446 296.377 296.664 294.016 0.0 0.0 294.5
2015-11-12 02:14:33.816000 2462663.742 294.64 294.56 294.99 295.05 295.1 296.571 296.406 296.309 296.447 296.378 296.663 294.017 0.0 0.0 294.5
2015-11-12 02:15:33.885000 2462723.811 294.64 294.56 294.99 295.05 295.1 296.571 296.405 296.309 296.449 296.376 296.664 294.017 0.0 0.0 294.5
2015-11-12 02:16:33.930000 2462783.856 294.64 294.56 294.99 295.05 295.1 296.571 296.405 296.309 296.448 296.378 296.663 294.017 0.0 0.0 294.5
2015-11-12 02:17:33.982000 2462843.908 294.64 294.56 294.99 295.05 295.1 296.571 296.406 296.307 296.449 296.377 296.666 294.018 0.0 0.0 294.5
2015-11-12 02:18:34.021000 2462903.947 294.64 294.56 294.99 295.05 295.1 296.571 296.406 296.309 296.45 296.377 296.665 294.018 0.0 0.0 294.5
2015-11-12 02:19:34.091000 2462964.017 294.64 294.56 295.0 295.05 295.1 296.571 296.407 296.309 296.45 296.377 296.666 294.019 0.0 0.0 294.5
2015-11-12 02:20:34.133000 2463024.059 294.64 294.56 295.0 295.06 295.1 296.572 296.407 296.31 296.448 296.378 296.666 294.018 0.0 0.0 294.5
2015-11-12 02:21:34.199000 2463084.125 294.64 294.56 295.0 295.06 295.1 296.572 296.407 296.311 296.45 296.378 296.666 294.018 0.0 0.0 294.5
2015-11-12 02:22:34.244000 2463144.17 294.64 294.56 295.0 295.06 295.1 296.574 296.409 296.311 296.45 296.378 296.666 294.019 0.0 0.0 294.5
2015-11-12 02:23:34.312000 2463204.238 294.64 294.56 295.0 295.06 295.1 296.572 296.408 296.31 296.451 296.379 296.668 294.02 0.0 0.0 294.5
2015-11-12 02:24:34.359000 2463264.285 294.64 294.56 295.0 295.06 295.1 296.574 296.408 296.311 296.451 296.378 296.666 294.02 0.0 0.0 294.5
2015-11-12 02:25:34.411000 2463324.337 294.64 294.57 295.0 295.06 295.1 296.576 296.409 296.313 296.452 296.38 296.668 294.021 0.0 0.0 294.5
2015-11-12 02:26:34.447000 2463384.373 294.64 294.56 295.0 295.06 295.1 296.574 296.409 296.312 296.452 296.38 296.669 294.02 0.0 0.0 294.5
2015-11-12 02:27:34.509000 2463444.435 294.64 294.57 295.0 295.06 295.1 296.578 296.408 296.313 296.453 296.38 296.668 294.021 0.0 0.0 294.51
2015-11-12 02:28:34.546000 2463504.472 294.64 294.57 295.0 295.06 295.1 296.577 296.411 296.314 296.452 296.38 296.668 294.023 0.0 0.0 294.5
2015-11-12 02:29:34.582000 2463564.508 294.64 294.57 295.0 295.06 295.1 296.577 296.411 296.314 296.453 296.381 296.67 294.023 0.0 0.0 294.51
2015-11-12 02:30:34.635000 2463624.561 294.64 294.57 295.0 295.06 295.1 296.578 296.412 296.313 296.453 296.383 296.67 294.024 0.0 0.0 294.51
2015-11-12 02:31:34.673000 2463684.599 294.64 294.57 295.0 295.06 295.1 296.578 296.413 296.315 296.454 296.383 296.668 294.023 0.0 0.0 294.51
2015-11-12 02:32:34.735000 2463744.661 294.64 294.57 295.0 295.06 295.1 296.578 296.412 296.316 296.454 296.384 296.671 294.025 0.0 0.0 294.51
2015-11-12 02:33:34.784000 2463804.71 294.64 294.57 295.0 295.06 295.1 296.579 296.413 296.317 296.455 296.384 296.67 294.024 0.0 0.0 294.51
2015-11-12 02:34:34.849000 2463864.775 294.65 294.57 295.01 295.06 295.1 296.579 296.413 296.317 296.456 296.386 296.673 294.025 0.0 0.0 294.51
2015-11-12 02:35:34.890000 2463924.816 294.65 294.57 295.01 295.07 295.1 296.58 296.413 296.318 296.456 296.385 296.671 294.025 0.0 0.0 294.51
2015-11-12 02:36:34.966000 2463984.892 294.65 294.57 295.01 295.07 295.1 296.579 296.414 296.318 296.457 296.386 296.673 294.026 0.0 0.0 294.51
2015-11-12 02:37:35.008000 2464044.934 294.65 294.57 295.01 295.07 295.11 296.579 296.415 296.318 296.458 296.385 296.673 294.027 0.0 0.0 294.51
2015-11-12 02:38:35.077000 2464105.003 294.65 294.57 295.01 295.07 295.11 296.58 296.417 296.319 296.459 296.386 296.673 294.026 0.0 0.0 294.51
2015-11-12 02:39:35.122000 2464165.048 294.65 294.57 295.01 295.07 295.11 296.58 296.414 296.317 296.46 296.386 296.674 294.028 0.0 0.0 294.51
2015-11-12 02:40:35.174000 2464225.1 294.65 294.57 295.01 295.07 295.11 296.58 296.414 296.32 296.458 296.386 296.675 294.028 0.0 0.0 294.51
2015-11-12 02:41:35.220000 2464285.146 294.65 294.57 295.01 295.07 295.11 296.579 296.416 296.32 296.458 296.386 296.675 294.028 0.0 0.0 294.51
2015-11-12 02:42:35.282000 2464345.208 294.65 294.57 295.01 295.07 295.11 296.581 296.416 296.321 296.461 296.387 296.675 294.028 0.0 0.0 294.51
2015-11-12 02:43:35.323000 2464405.249 294.65 294.57 295.01 295.07 295.11 296.582 296.416 296.32 296.46 296.388 296.676 294.028 0.0 0.0 294.51
2015-11-12 02:44:35.386000 2464465.312 294.65 294.57 295.01 295.07 295.11 296.582 296.417 296.32 296.461 296.389 296.676 294.03 0.0 0.0 294.51
2015-11-12 02:45:35.428000 2464525.354 294.65 294.57 295.01 295.07 295.11 296.583 296.418 296.321 296.461 296.389 296.677 294.029 0.0 0.0 294.51
2015-11-12 02:46:35.505000 2464585.431 294.65 294.57 295.01 295.07 295.11 296.583 296.418 296.321 296.46 296.39 296.677 294.031 0.0 0.0 294.51
2015-11-12 02:47:35.547000 2464645.473 294.65 294.57 295.01 295.07 295.11 296.583 296.419 296.321 296.462 296.389 296.678 294.03 0.0 0.0 294.51
2015-11-12 02:48:35.613000 2464705.539 294.65 294.58 295.01 295.07 295.11 296.584 296.419 296.322 296.461 296.391 296.678 294.031 0.0 0.0 294.51
2015-11-12 02:49:35.661000 2464765.587 294.65 294.57 295.02 295.07 295.11 296.583 296.42 296.321 296.463 296.39 296.673 294.031 0.0 0.0 294.51
2015-11-12 02:50:35.712000 2464825.638 294.65 294.58 295.02 295.08 295.11 296.585 296.42 296.322 296.461 296.391 296.678 294.033 0.0 0.0 294.51
2015-11-12 02:51:35.758000 2464885.684 294.65 294.58 295.02 29