2017-08-08 00:00:03.272000 51717.03 0.0,0.0,0.0,0.0,0.0,0.0
2017-08-08 00:00:42.510000 51756.268 0.0,0.0,0.0,0.0,0.0,0.0
2017-08-08 00:01:21.210000 51794.968 0.0,0.0,0.0,0.0,0.0,0.0
2017-08-08 00:02:02.312000 51836.07 0.0,0.0,0.0,0.0,0.0,0.0
2017-08-08 00:02:43.132000 51876.89 0.0,0.0,0.0,0.0,0.0,0.0
2017-08-08 00:03:23.412000 51917.17 0.0,0.0,0.0,0.0,0.0,0.0
2017-08-08 00:04:02.964000 51956.722 0.0,0.0,0.0,0.0,0.0,0.0
2017-08-08 00:04:42.537000 51996.295 0.0,0.0,0.0,0.0,0.0,0.0
2017-08-08 00:05:19.937000 52033.695 0.0,0.0,0.0,0.0,0.0,0.0
2017-08-08 00:05:59.718000 52073.476 0.0,0.0,0.0,0.0,0.0,0.0
2017-08-08 00:06:39.308000 52113.066 0.0,0.0,0.0,0.0,0.0,0.0
2017-08-08 00:07:18.838000 52152.596 0.0,0.0,0.0,0.0,0.0,0.0
2017-08-08 00:07:58.578000 52192.336 0.0,0.0,0.0,0.0,0.0,0.0
2017-08-08 00:08:38.404000 52232.162 0.0,0.0,0.0,0.0,0.0,0.0
2017-08-08 00:09:18.010000 52271.768 0.0,0.0,0.0,0.0,0.0,0.0
2017-08-08 00:09:55.420000 52309.178 0.0,0.0,0.0,0.0,0.0,0.0
2017-08-08 00:10:35.252000 52349.01 0.0,0.0,0.0,0.0,0.0,0.0
2017-08-08 00:11:14.922000 52388.68 0.0,0.0,0.0,0.0,0.0,0.0
2017-08-08 00:11:54.674000 52428.432 0.0,0.0,0.0,0.0,0.0,0.0
2017-08-08 00:12:34.432000 52468.19 0.0,0.0,0.0,0.0,0.0,0.0
2017-08-08 00:13:12.102000 52505.86 0.0,0.0,0.0,0.0,0.0,0.0
2017-08-08 00:13:51.834000 52545.592 0.0,0.0,0.0,0.0,0.0,0.0
2017-08-08 00:14:31.576000 52585.334 0.0,0.0,0.0,0.0,0.0,0.0
2017-08-08 00:15:11.596000 52625.354 0.0,0.0,0.0,0.0,0.0,0.0
2017-08-08 00:15:51.348000 52665.106 0.0,0.0,0.0,0.0,0.0,0.0
2017-08-08 00:16:28.638000 52702.396 0.0,0.0,0.0,0.0,0.0,0.0
2017-08-08 00:17:07.969000 52741.727 0.0,0.0,0.0,0.0,0.0,0.0
2017-08-08 00:17:47.469000 52781.227 0.0,0.0,0.0,0.0,0.0,0.0
2017-08-08 00:18:26.769000 52820.527 0.0,0.0,0.0,0.0,0.0,0.0
