#Human readable time. Time (s) since start. V @ ag47t. A @ ag47t. V @ ag47b. A @ ag47b. V @ ag49. A @ ag49.
2017-08-09 10:36:24.688000 0.05 0.0,0.0,3.99642,3.571074,1.744274,0.0
2017-08-09 10:36:40.221000 15.583 0.0,0.0,3.99642,3.57074,1.744424,0.0
2017-08-09 10:36:51.981000 27.343 0.0,0.0,3.99642,3.570907,1.744575,0.0
2017-08-09 10:37:03.751000 39.113 0.0,0.0,3.997096,3.571407,1.744274,0.0
2017-08-09 10:37:15.531000 50.893 0.0,0.0,3.997096,3.571157,1.744725,0.0
2017-08-09 10:37:27.371000 62.733 0.0,0.0,3.996496,3.570573,1.745027,0.0
2017-08-09 10:37:39.316000 74.678 0.0,0.0,3.99657,3.57074,1.743822,0.0
2017-08-09 10:37:51.196000 86.558 0.0,0.0,3.99657,3.570823,1.74465,0.0
2017-08-09 10:38:03.146000 98.508 0.0,0.0,3.997021,3.571407,1.744424,0.0
2017-08-09 10:38:15.126000 110.488 0.0,0.0,3.996645,3.571074,0.0,0.0
2017-08-09 10:38:26.826000 122.188 0.0,0.0,3.996645,3.571074,0.0,0.0
2017-08-09 10:38:38.630000 133.992 0.0,0.0,3.996645,3.571157,0.0,0.0
2017-08-09 10:38:50.454000 145.816 0.0,0.0,3.99627,3.57024,0.0,0.0
2017-08-09 10:39:02.274000 157.636 0.0,0.0,3.99627,3.570407,0.0,0.0
2017-08-09 10:39:14.164000 169.526 0.0,0.0,3.996721,3.57024,0.0,0.0
2017-08-09 10:39:26.044000 181.406 0.0,0.0,3.996721,3.57074,0.0,0.0
2017-08-09 10:39:37.950000 193.312 0.0,0.0,3.996871,3.57099,0.0,0.0
2017-08-09 10:39:49.883000 205.245 0.0,0.0,3.99657,3.570407,0.0,0.0
2017-08-09 10:40:01.883000 217.245 0.0,0.0,3.99642,3.569906,0.0,0.0
2017-08-09 10:40:13.943000 229.305 0.0,0.0,3.996795,3.570823,0.0,0.0
2017-08-09 10:40:25.963000 241.325 0.0,0.0,3.99642,3.571074,0.0,0.0
2017-08-09 10:40:38.026000 253.388 0.0,0.0,3.996871,3.571074,0.0,0.0
2017-08-09 10:40:50.089000 265.451 0.0,0.0,3.996795,3.570573,0.0,0.0
2017-08-09 10:41:02.259000 277.621 0.0,0.0,3.99657,3.570657,0.0,0.0
2017-08-09 10:41:14.399000 289.761 0.0,0.0,3.996871,3.571491,0.0,0.0
2017-08-09 10:41:26.609000 301.971 0.0,0.0,3.996721,3.571074,0.0,0.0
2017-08-09 10:41:38.831000 314.193 0.0,0.0,3.99627,3.57124,0.0,0.0
2017-08-09 10:41:51.039000 326.401 0.0,0.0,3.99642,3.57074,0.0,0.0
2017-08-09 10:42:03.269000 338.631 0.0,0.0,3.997096,3.571324,0.0,0.0
2017-08-09 10:42:15.552000 350.914 0.0,0.0,3.997096,3.571157,0.0,0.0
2017-08-09 10:42:27.892000 363.254 0.0,0.0,3.996871,3.571407,0.0,0.0
2017-08-09 10:42:40.274000 375.636 0.0,0.0,3.997021,3.57099,0.0,0.0
2017-08-09 10:42:52.672000 388.034 0.0,0.0,3.996721,3.571324,0.0,0.0
2017-08-09 10:43:05.172000 400.534 0.0,0.0,3.99612,3.57124,0.0,0.0
2017-08-09 10:43:17.602000 412.964 0.0,0.0,3.99642,3.571574,0.0,0.0
2017-08-09 10:43:30.094000 425.456 0.0,0.0,3.99642,3.570823,0.0,0.0
2017-08-09 10:43:42.594000 437.956 0.0,0.0,3.99642,3.570907,0.0,0.0
2017-08-09 10:43:55.081000 450.443 0.0,0.0,3.99612,3.570907,0.0,0.0
2017-08-09 10:44:07.591000 462.953 0.0,0.0,3.996721,3.571074,0.0,0.0
2017-08-09 10:44:20.141000 475.503 0.0,0.0,3.99657,3.570907,0.0,0.0
2017-08-09 10:44:32.752000 488.114 0.0,0.0,3.996645,3.57124,0.0,0.0
2017-08-09 10:44:45.343000 500.705 0.0,0.0,3.996721,3.57074,0.0,0.0
2017-08-09 10:44:57.979000 513.341 0.0,0.0,3.997021,3.571574,0.0,0.0
2017-08-09 10:45:10.699000 526.061 0.0,0.0,3.996871,3.571407,0.0,0.0
2017-08-09 10:45:23.379000 538.741 0.0,0.0,3.996795,3.571157,0.0,0.0
2017-08-09 10:45:36.100000 551.462 0.0,0.0,3.996721,3.57124,0.0,0.0
2017-08-09 10:45:48.844000 564.206 0.0,0.0,3.99582,3.57124,0.0,0.0
2017-08-09 10:46:01.677000 577.039 0.0,0.0,3.996045,3.57124,0.0,0.0
2017-08-09 10:46:14.477000 589.839 0.0,0.0,3.996195,3.571657,0.0,0.0
2017-08-09 10:46:27.289000 602.651 0.0,0.0,3.99627,3.571574,0.0,0.0
2017-08-09 10:46:40.129000 615.491 0.0,0.0,3.996946,3.571324,0.0,0.0
2017-08-09 10:46:53.012000 628.374 0.0,0.0,3.996645,3.57099,0.0,0.0
2017-08-09 10:47:05.983000 641.345 0.0,0.0,3.996795,3.571824,0.0,0.0
2017-08-09 10:47:18.963000 654.325 0.0,0.0,3.99657,3.571407,0.0,0.0
2017-08-09 10:47:31.945000 667.307 0.0,0.0,3.99657,3.571574,0.0,0.0
2017-08-09 10:47:44.935000 680.297 0.0,0.0,3.99612,3.571074,0.0,0.0
2017-08-09 10:47:57.993000 693.355 0.0,0.0,3.99657,3.571074,0.0,0.0
2017-08-09 10:48:11.053000 706.415 0.0,0.0,3.996721,3.570823,0.0,0.0
2017-08-09 10:48:24.135000 719.497 0.0,0.0,3.997096,3.571074,0.0,0.0
2017-08-09 10:48:37.245000 732.607 0.0,0.0,3.996721,3.571324,0.0,0.0
2017-08-09 10:48:50.525000 745.887 0.0,0.0,3.99657,3.571157,0.0,0.0
2017-08-09 10:49:03.763000 759.125 0.0,0.0,3.996871,3.57174,0.0,0.0
2017-08-09 10:49:16.933000 772.295 0.0,0.0,3.99627,3.571907,0.0,0.0
2017-08-09 10:49:30.184000 785.546 0.0,0.0,3.997171,3.57174,0.0,0.0
2017-08-09 10:49:43.414000 798.776 0.0,0.0,3.99642,3.569823,0.0,0.0
2017-08-09 10:49:56.688000 812.05 0.0,0.0,3.99657,3.571324,0.0,0.0
2017-08-09 10:50:09.983000 825.345 0.0,0.0,3.99657,3.571574,0.0,0.0
2017-08-09 10:50:23.305000 838.667 0.0,0.0,3.99627,3.572074,0.0,0.0
2017-08-09 10:50:36.635000 851.997 0.0,0.0,3.996871,3.571491,0.0,0.0
2017-08-09 10:50:50.035000 865.397 0.0,0.0,3.997021,3.571574,0.0,0.0
2017-08-09 10:51:03.463000 878.825 0.0,0.0,3.996645,3.570907,0.0,0.0
2017-08-09 10:51:16.913000 892.275 0.0,0.0,3.99657,3.571657,0.0,0.0
2017-08-09 10:51:30.335000 905.697 0.0,0.0,3.99657,3.572074,0.0,0.0
2017-08-09 10:51:43.845000 919.207 0.0,0.0,3.996871,3.571907,0.0,0.0
2017-08-09 10:51:57.375000 932.737 0.0,0.0,3.996871,3.571407,0.0,0.0
2017-08-09 10:52:10.915000 946.277 0.0,0.0,3.996496,3.57074,0.0,0.0
2017-08-09 10:52:24.497000 959.859 0.0,0.0,3.996795,3.571907,0.0,0.0
2017-08-09 10:52:38.057000 973.419 0.0,0.0,3.996496,3.571907,0.0,0.0
2017-08-09 10:52:51.667000 987.029 0.0,0.0,3.997021,3.572074,0.0,0.0
2017-08-09 10:53:05.323000 1000.685 0.0,0.0,3.996721,3.571907,0.0,0.0
2017-08-09 10:53:18.973000 1014.335 0.0,0.0,3.996496,3.571907,0.0,0.0
2017-08-09 10:53:32.695000 1028.057 0.0,0.0,3.996871,3.571574,0.0,0.0
2017-08-09 10:53:46.415000 1041.777 0.0,0.0,3.996721,3.572407,0.0,0.0
2017-08-09 10:54:00.145000 1055.507 0.0,0.0,3.99642,3.571407,0.0,0.0
2017-08-09 10:54:13.953000 1069.315 0.0,0.0,3.99627,3.571657,0.0,0.0
2017-08-09 10:54:27.794000 1083.156 0.0,0.0,3.997021,3.572157,0.0,0.0
2017-08-09 10:54:41.774000 1097.136 0.0,0.0,3.997321,3.57174,0.0,0.0
2017-08-09 10:54:55.685000 1111.047 0.0,0.0,3.99642,3.572407,0.0,0.0
2017-08-09 10:55:09.603000 1124.965 0.0,0.0,3.99642,3.571907,0.0,0.0
2017-08-09 10:55:23.525000 1138.887 0.0,0.0,3.99657,3.571574,0.0,0.0
2017-08-09 10:55:37.465000 1152.827 0.0,0.0,3.99642,3.572241,0.0,0.0
2017-08-09 10:55:51.445000 1166.807 0.0,0.0,3.99642,3.57199,0.0,0.0
2017-08-09 10:56:05.455000 1180.817 0.0,0.0,3.997021,3.572574,0.0,0.0
2017-08-09 10:56:19.514000 1194.876 0.0,0.0,3.996195,3.572157,0.0,0.0
2017-08-09 10:56:33.584000 1208.946 0.0,0.0,3.996496,3.570657,0.0,0.0
2017-08-09 10:56:47.664000 1223.026 0.0,0.0,3.996496,3.571907,0.0,0.0
2017-08-09 10:57:01.784000 1237.146 0.0,0.0,3.996195,3.572241,0.0,0.0
2017-08-09 10:57:15.948000 1251.31 0.0,0.0,3.996345,3.572157,0.0,0.0
2017-08-09 10:57:30.100000 1265.462 0.0,0.0,3.996795,3.572491,0.0,0.0
2017-08-09 10:57:44.310000 1279.672 0.0,0.0,3.99657,3.572241,0.0,0.0
2017-08-09 10:57:58.520000 1293.882 0.0,0.0,3.996795,3.572157,0.0,0.0
2017-08-09 10:58:12.744000 1308.106 0.0,0.0,3.996721,3.572741,0.0,0.0
2017-08-09 10:58:27.009000 1322.371 0.0,0.0,3.99657,3.571574,0.0,0.0
2017-08-09 10:58:41.299000 1336.661 0.0,0.0,3.99657,3.572741,0.0,0.0
2017-08-09 10:58:55.628000 1350.99 0.0,0.0,3.997171,3.572741,0.0,0.0
2017-08-09 10:59:09.968000 1365.33 0.0,0.0,3.996721,3.572824,0.0,0.0
2017-08-09 10:59:24.391000 1379.753 0.0,0.0,3.996496,3.573408,0.0,0.0
2017-08-09 10:59:38.801000 1394.163 0.0,0.0,3.997021,3.572241,0.0,0.0
2017-08-09 10:59:53.231000 1408.593 0.0,0.0,3.99657,3.573408,0.0,0.0
2017-08-09 11:00:07.691000 1423.053 0.0,0.0,3.996946,3.573741,0.0,0.0
2017-08-09 11:00:22.208000 1437.57 0.0,0.0,3.996721,3.573324,0.0,0.0
2017-08-09 11:00:36.708000 1452.07 0.0,0.0,3.996345,3.572157,0.0,0.0
2017-08-09 11:00:51.408000 1466.77 0.0,0.0,3.997246,3.574325,0.0,0.0
2017-08-09 11:01:05.958000 1481.32 0.0,0.0,3.996871,3.574658,0.0,0.0
2017-08-09 11:01:20.553000 1495.915 0.0,0.0,3.996795,3.573324,0.0,0.0
2017-08-09 11:01:35.164000 1510.526 0.0,0.0,3.996795,3.574158,0.0,0.0
2017-08-09 11:01:49.825000 1525.187 0.0,0.0,3.997021,3.574408,0.0,0.0
2017-08-09 11:02:04.495000 1539.857 0.0,0.0,3.997246,3.573241,0.0,0.0
2017-08-09 11:02:19.269000 1554.631 0.0,0.0,3.996871,3.574575,0.0,0.0
2017-08-09 11:02:34.006000 1569.368 0.0,0.0,3.997021,3.573158,0.0,0.0
2017-08-09 11:02:48.766000 1584.128 0.0,0.0,3.99657,3.573324,0.0,0.0
2017-08-09 11:03:03.562000 1598.924 0.0,0.0,3.99627,3.574408,0.0,0.0
2017-08-09 11:03:18.374000 1613.736 0.0,0.0,3.996721,3.573741,0.0,0.0
2017-08-09 11:03:33.259000 1628.621 0.0,0.0,3.997171,3.574241,0.0,0.0
2017-08-09 11:03:48.099000 1643.461 0.0,0.0,3.997021,3.573824,0.0,0.0
2017-08-09 11:04:03.009000 1658.371 0.0,0.0,3.996946,3.573074,0.0,0.0
2017-08-09 11:04:17.941000 1673.303 0.0,0.0,3.997321,3.575242,0.0,0.0
2017-08-09 11:04:32.958000 1688.32 0.0,0.0,3.996871,3.573991,0.0,0.0
2017-08-09 11:04:47.908000 1703.27 0.0,0.0,3.997621,3.575575,0.0,0.0
2017-08-09 11:05:02.938000 1718.3 0.0,0.0,3.997096,3.574408,0.0,0.0
2017-08-09 11:05:17.980000 1733.342 0.0,0.0,3.997471,3.574825,0.0,0.0
2017-08-09 11:05:33.034000 1748.396 0.0,0.0,3.996721,3.573658,0.0,0.0
2017-08-09 11:05:48.104000 1763.466 0.0,0.0,3.997321,3.574908,0.0,0.0
2017-08-09 11:06:03.244000 1778.606 0.0,0.0,3.996795,3.574658,0.0,0.0
2017-08-09 11:06:18.386000 1793.748 0.0,0.0,3.997546,3.574742,0.0,0.0
2017-08-09 11:06:33.764000 1809.126 0.0,0.0,3.996871,3.575158,0.0,0.0
2017-08-09 11:06:48.954000 1824.316 0.0,0.0,3.997546,3.575992,0.0,0.0
2017-08-09 11:07:04.164000 1839.526 0.0,0.0,3.997171,3.575242,0.0,0.0
2017-08-09 11:07:19.405000 1854.767 0.0,0.0,3.996871,3.574742,0.0,0.0
2017-08-09 11:07:34.718000 1870.08 0.0,0.0,3.997171,3.575408,0.0,0.0
2017-08-09 11:07:50.119000 1885.481 0.0,0.0,3.997546,3.575492,0.0,0.0
2017-08-09 11:08:05.469000 1900.831 0.0,0.0,3.997021,3.575825,0.0,0.0
2017-08-09 11:08:20.849000 1916.211 0.0,0.0,3.997321,3.575575,0.0,0.0
2017-08-09 11:08:36.272000 1931.634 0.0,0.0,3.996721,3.575075,0.0,0.0
2017-08-09 11:08:51.713000 1947.075 0.0,0.0,3.997471,3.575742,0.0,0.0
2017-08-09 11:09:07.173000 1962.535 0.0,0.0,3.997171,3.575575,0.0,0.0
2017-08-09 11:09:22.645000 1978.007 0.0,0.0,3.996721,3.575408,0.0,0.0
2017-08-09 11:09:38.148000 1993.51 0.0,0.0,3.997171,3.575575,0.0,0.0
2017-08-09 11:09:53.659000 2009.021 0.0,0.0,3.996871,3.575408,0.0,0.0
2017-08-09 11:10:09.200000 2024.562 0.0,0.0,3.997921,3.576075,0.0,0.0
2017-08-09 11:10:24.790000 2040.152 0.0,0.0,3.997171,3.575575,0.0,0.0
2017-08-09 11:10:40.396000 2055.758 0.0,0.0,3.997171,3.575742,0.0,0.0
2017-08-09 11:10:56.078000 2071.44 0.0,0.0,3.997471,3.576242,0.0,0.0
2017-08-09 11:11:11.710000 2087.072 0.0,0.0,3.997321,3.575575,0.0,0.0
2017-08-09 11:11:27.420000 2102.782 0.0,0.0,3.997246,3.575825,0.0,0.0
2017-08-09 11:11:43.186000 2118.548 0.0,0.0,3.996946,3.575408,0.0,0.0
2017-08-09 11:11:58.918000 2134.28 0.0,0.0,3.997321,3.575492,0.0,0.0
2017-08-09 11:12:14.889000 2150.251 0.0,0.0,3.997021,3.575992,0.0,0.0
2017-08-09 11:12:30.689000 2166.051 0.0,0.0,3.997171,3.575325,0.0,0.0
2017-08-09 11:12:46.537000 2181.899 0.0,0.0,3.997171,3.576242,0.0,0.0
2017-08-09 11:13:02.387000 2197.749 0.0,0.0,3.996871,3.575742,0.0,0.0
2017-08-09 11:13:18.259000 2213.621 0.0,0.0,3.997321,3.575908,0.0,0.0
2017-08-09 11:13:36.977000 2232.339 0.0,0.0,3.997471,3.575158,0.0,0.0
2017-08-09 11:13:52.952000 2248.314 0.0,0.0,3.997171,3.576826,0.0,0.0
2017-08-09 11:14:08.964000 2264.326 0.0,0.0,3.997321,3.576826,0.0,0.0
2017-08-09 11:14:25.099000 2280.461 0.0,0.0,3.997321,3.575408,0.0,0.0
2017-08-09 11:14:41.236000 2296.598 0.0,0.0,3.997396,3.576159,0.0,0.0
2017-08-09 11:14:57.398000 2312.76 0.0,0.0,3.996946,3.575158,0.0,0.0
2017-08-09 11:15:13.630000 2328.992 0.0,0.0,3.996871,3.575742,0.0,0.0
2017-08-09 11:15:29.851000 2345.213 0.0,0.0,3.996871,3.575742,0.0,0.0
2017-08-09 11:15:46.114000 2361.476 0.0,0.0,3.996946,3.576075,0.0,0.0
2017-08-09 11:16:02.739000 2378.101 0.0,0.0,3.997021,3.575908,0.0,0.0
2017-08-09 11:16:19.065000 2394.427 0.0,0.0,3.996871,3.575575,0.0,0.0
2017-08-09 11:16:35.389000 2410.751 0.0,0.0,3.997171,3.575658,0.0,0.0
2017-08-09 11:16:51.685000 2427.047 0.0,0.0,3.997171,3.576075,0.0,0.0
2017-08-09 11:17:08.038000 2443.4 0.0,0.0,3.996946,3.575658,0.0,0.0
2017-08-09 11:17:24.497000 2459.859 0.0,0.0,3.996871,3.575325,0.0,0.0
2017-08-09 11:17:40.886000 2476.248 0.0,0.0,3.996946,3.575408,0.0,0.0
2017-08-09 11:17:57.320000 2492.682 0.0,0.0,3.997246,3.576492,0.0,0.0
2017-08-09 11:18:13.784000 2509.146 0.0,0.0,3.996946,3.575825,0.0,0.0
2017-08-09 11:18:30.270000 2525.632 0.0,0.0,3.996946,3.575658,0.0,0.0
2017-08-09 11:18:46.790000 2542.152 0.0,0.0,3.996946,3.576409,0.0,0.0
2017-08-09 11:19:03.314000 2558.676 0.0,0.0,3.997246,3.576159,0.0,0.0
2017-08-09 11:19:19.922000 2575.284 0.0,0.0,3.997096,3.577159,0.0,0.0
2017-08-09 11:19:36.399000 2591.761 0.0,0.0,3.996946,3.576075,0.0,0.0
2017-08-09 11:19:52.939000 2608.301 0.0,0.0,3.997696,3.576325,0.0,0.0
2017-08-09 11:20:09.568000 2624.93 0.0,0.0,3.997096,3.576159,0.0,0.0
2017-08-09 11:20:26.126000 2641.488 0.0,0.0,3.996946,3.576075,0.0,0.0
2017-08-09 11:20:42.966000 2658.328 0.0,0.0,3.997021,3.575575,0.0,0.0
2017-08-09 11:21:00.106000 2675.468 0.0,0.0,3.997471,3.575908,0.0,0.0
2017-08-09 11:21:16.794000 2692.156 0.0,0.0,3.996871,3.575825,0.0,0.0
2017-08-09 11:21:33.466000 2708.828 0.0,0.0,3.997096,3.576659,0.0,0.0
2017-08-09 11:21:50.206000 2725.568 0.0,0.0,3.997321,3.576242,0.0,0.0
2017-08-09 11:22:06.912000 2742.274 0.0,0.0,3.997321,3.576409,0.0,0.0
2017-08-09 11:22:23.774000 2759.136 0.0,0.0,3.996871,3.576075,0.0,0.0
2017-08-09 11:22:40.586000 2775.948 0.0,0.0,3.997621,3.576492,0.0,0.0
2017-08-09 11:22:57.416000 2792.778 0.0,0.0,3.997171,3.576659,0.0,0.0
2017-08-09 11:23:14.253000 2809.615 0.0,0.0,3.996795,3.576242,0.0,0.0
2017-08-09 11:23:31.136000 2826.498 0.0,0.0,3.997021,3.576659,0.0,0.0
2017-08-09 11:23:48.016000 2843.378 0.0,0.0,3.997321,3.576909,0.0,0.0
2017-08-09 11:24:04.936000 2860.298 0.0,0.0,3.997546,3.576742,0.0,0.0
2017-08-09 11:24:21.890000 2877.252 0.0,0.0,3.996946,3.576576,0.0,0.0
2017-08-09 11:24:39.126000 2894.488 0.0,0.0,3.997096,3.576576,0.0,0.0
2017-08-09 11:24:56.153000 2911.515 0.0,0.0,3.996795,3.576492,0.0,0.0
2017-08-09 11:25:13.199000 2928.561 0.0,0.0,3.997171,3.576742,0.0,0.0
2017-08-09 11:25:30.296000 2945.658 0.0,0.0,3.997021,3.575992,0.0,0.0
2017-08-09 11:25:50.785000 2966.147 0.0,0.0,3.997321,3.576742,0.0,0.0
2017-08-09 11:26:07.936000 2983.298 0.0,0.0,3.996871,3.576409,0.0,0.0
2017-08-09 11:26:25.134000 3000.496 0.0,0.0,3.99567,3.576242,0.0,0.0
2017-08-09 11:26:42.416000 3017.778 0.0,0.0,3.995445,3.576909,0.0,0.0
2017-08-09 11:26:59.686000 3035.048 0.0,0.0,3.997471,3.577409,0.0,0.0
2017-08-09 11:27:16.989000 3052.351 0.0,0.0,3.997246,3.576742,0.0,0.0
2017-08-09 11:27:34.706000 3070.068 0.0,0.0,3.99582,3.576742,0.0,0.0
2017-08-09 11:27:52.053000 3087.415 0.0,0.0,3.997171,3.576576,0.0,0.0
2017-08-09 11:28:09.737000 3105.099 0.0,0.0,3.996195,3.577159,0.0,0.0
2017-08-09 11:28:27.267000 3122.629 0.0,0.0,3.997096,3.576992,0.0,0.0
2017-08-09 11:28:44.707000 3140.069 0.0,0.0,3.996871,3.576409,0.0,0.0
2017-08-09 11:29:02.657000 3158.019 0.0,0.0,3.997246,3.576992,0.0,0.0
2017-08-09 11:29:20.178000 3175.54 0.0,0.0,3.996871,3.575992,0.0,0.0
2017-08-09 11:29:37.777000 3193.139 0.0,0.0,3.997096,3.576576,0.0,0.0
2017-08-09 11:29:55.357000 3210.719 0.0,0.0,3.997396,3.576826,0.0,0.0
2017-08-09 11:30:12.917000 3228.279 0.0,0.0,3.996871,3.576409,0.0,0.0
2017-08-09 11:30:30.525000 3245.887 0.0,0.0,3.997021,3.577075,0.0,0.0
2017-08-09 11:30:48.127000 3263.489 0.0,0.0,3.99582,3.576742,0.0,0.0
2017-08-09 11:31:05.827000 3281.189 0.0,0.0,3.997021,3.576659,0.0,0.0
2017-08-09 11:31:23.680000 3299.042 0.0,0.0,3.997096,3.576992,0.0,0.0
2017-08-09 11:31:41.487000 3316.849 0.0,0.0,3.996871,3.577326,0.0,0.0
2017-08-09 11:31:59.513000 3334.875 0.0,0.0,3.997171,3.577409,0.0,0.0
2017-08-09 11:32:17.372000 3352.734 0.0,0.0,3.997021,3.577409,0.0,0.0
2017-08-09 11:32:35.170000 3370.532 0.0,0.0,3.997246,3.577576,0.0,0.0
2017-08-09 11:32:53.226000 3388.588 0.0,0.0,3.996195,3.577409,0.0,0.0
2017-08-09 11:33:11.285000 3406.647 0.0,0.0,3.99642,3.577159,0.0,0.0
2017-08-09 11:33:29.352000 3424.714 0.0,0.0,3.997321,3.577576,0.0,0.0
2017-08-09 11:33:47.260000 3442.622 0.0,0.0,3.996795,3.577409,0.0,0.0
2017-08-09 11:34:05.240000 3460.60