#Human readable time. Time (s) since start. V @ ag47t. A @ ag47t. V @ ag47b. A @ ag47b. V @ ag49. A @ ag49.
2017-06-26 08:57:00.429000 0.01 15.00048 0.0 0.0 0.0 0.0 0.0
2017-06-26 08:57:12.153000 11.734 14.99935 0.0 0.0 0.0 0.0 0.0
2017-06-26 08:57:23.436000 23.017 14.99845 0.0 0.0 0.0 0.0 0.0
2017-06-26 08:57:34.741000 34.322 14.9992 0.0 0.0 0.0 0.0 0.0
2017-06-26 08:57:46.115000 45.696 25.00256 0.0 0.0 0.0 0.0 0.0
2017-06-26 08:57:57.469000 57.05 25.00346 0.0 0.0 0.0 0.0 0.0
2017-06-26 08:58:08.933000 68.514 25.00241 0.0 0.0 0.0 0.0 0.0
2017-06-26 08:58:20.336000 79.917 25.00256 0.0 0.0 0.0 0.0 0.0
2017-06-26 08:58:31.750000 91.331 24.99993 0.0 0.0 0.0 0.0 0.0
2017-06-26 08:58:43.203000 102.784 25.00053 0.0 0.0 0.0 0.0 0.0
2017-06-26 08:58:54.689000 114.27 14.99943 0.0 0.0 0.0 0.0 0.0
2017-06-26 08:59:06.293000 125.874 14.9995 0.0 0.0 0.0 0.0 0.0
2017-06-26 08:59:18.405000 137.986 14.99838 0.0 0.0 0.0 0.0 0.0
2017-06-26 08:59:30.621000 150.202 14.99747 0.0 0.0 0.0 0.0 0.0
2017-06-26 08:59:42.845000 162.426 24.9982 0.0 0.0 0.0 0.0 0.0
2017-06-26 08:59:55.130000 174.711 25.00045 0.0 0.0 0.0 0.0 0.0
2017-06-26 09:00:07.394000 186.975 25.00286 0.0 0.0 0.0 0.0 0.0
2017-06-26 09:00:19.809000 199.39 25.00248 0.0 0.0 0.0 0.0 0.0
2017-06-26 09:00:32.222000 211.803 25.0018 0.0 0.0 0.0 0.0 0.0
2017-06-26 09:00:44.656000 224.237 25.0018 0.0 0.0 0.0 0.0 0.0
2017-06-26 09:00:57.119000 236.7 15.00055 0.0 0.0 0.0 0.0 0.0
2017-06-26 09:01:09.561000 249.142 14.99973 0.0 0.0 0.0 0.0 0.0
2017-06-26 09:01:22.076000 261.657 14.99943 0.0 0.0 0.0 0.0 0.0
2017-06-26 09:01:34.618000 274.199 15.00055 0.0 0.0 0.0 0.0 0.0
2017-06-26 09:01:47.144000 286.725 25.00218 0.0 0.0 0.0 0.0 0.0
2017-06-26 09:01:59.776000 299.357 25.00353 0.0 0.0 0.0 0.0 0.0
2017-06-26 09:02:12.402000 311.983 25.00165 0.0 0.0 0.0 0.0 0.0
2017-06-26 09:02:25.017000 324.598 25.00241 0.0 0.0 0.0 0.0 0.0
2017-06-26 09:02:37.691000 337.272 25.00128 0.0 0.0 0.0 0.0 0.0
2017-06-26 09:02:50.326000 349.907 25.00263 0.0 0.0 0.0 0.0 0.0
2017-06-26 09:03:03.050000 362.631 14.99973 0.0 0.0 0.0 0.0 0.0
2017-06-26 09:03:15.793000 375.374 14.99732 0.0 0.0 0.0 0.0 0.0
2017-06-26 09:03:28.516000 388.097 14.99943 0.0 0.0 0.0 0.0 0.0
2017-06-26 09:03:41.279000 400.86 15.00048 0.0 0.0 0.0 0.0 0.0
2017-06-26 09:03:54.062000 413.643 15.0004 0.0 0.0 0.0 0.0 0.0
2017-06-26 09:04:06.917000 426.498 25.00023 0.0 0.0 0.0 0.0 0.0
2017-06-26 09:04:19.761000 439.342 25.00158 0.0 0.0 0.0 0.0 0.0
2017-06-26 09:04:32.726000 452.307 25.00256 0.0 0.0 0.0 0.0 0.0
2017-06-26 09:04:45.640000 465.221 25.00271 0.0 0.0 0.0 0.0 0.0
2017-06-26 09:04:58.564000 478.145 25.00233 0.0 0.0 0.0 0.0 0.0
2017-06-26 09:05:11.539000 491.12 25.00113 0.0 0.0 0.0 0.0 0.0
2017-06-26 09:05:24.533000 504.114 25.00248 0.0 0.0 0.0 0.0 0.0
2017-06-26 09:05:37.566000 517.147 15.0004 0.0 0.0 0.0 0.0 0.0
2017-06-26 09:05:50.650000 530.231 14.99838 0.0 0.0 0.0 0.0 0.0
2017-06-26 09:06:03.665000 543.246 15.00048 0.0 0.0 0.0 0.0 0.0
2017-06-26 09:06:16.849000 556.43 14.99777 0.0 0.0 0.0 0.0 0.0
2017-06-26 09:06:29.953000 569.534 25.00248 0.0 0.0 0.0 0.0 0.0
2017-06-26 09:06:43.097000 582.678 25.00143 0.0 0.0 0.0 0.0 0.0
2017-06-26 09:06:56.281000 595.862 25.00233 0.0 0.0 0.0 0.0 0.0
2017-06-26 09:07:09.525000 609.106 24.99933 0.0 0.0 0.0 0.0 0.0
2017-06-26 09:07:22.790000 622.371 25.00256 0.0 0.0 0.0 0.0 0.0
2017-06-26 09:07:36.134000 635.715 14.99988 0.0 0.0 0.0 0.0 0.0
2017-06-26 09:07:49.408000 648.989 15.0007 0.0 0.0 0.0 0.0 0.0
2017-06-26 09:08:02.782000 662.363 14.99875 0.0 0.0 0.0 0.0 0.0
2017-06-26 09:08:16.748000 676.329 14.99988 0.0 0.0 0.0 0.0 0.0
2017-06-26 09:08:32.173000 691.754 25.00038 0.0 0.0 0.0 0.0 0.0
2017-06-26 09:08:44.987000 704.568 25.00045 0.0 0.0 0.0 0.0 0.0
2017-06-26 09:08:57.821000 717.402 25.00361 0.0 0.0 0.0 0.0 0.0
2017-06-26 09:09:10.795000 730.376 25.0015 0.0 0.0 0.0 0.0 0.0
2017-06-26 09:09:23.700000 743.281 25.0015 0.0 0.0 0.0 0.0 0.0
2017-06-26 09:09:37.255000 756.836 25.00158 0.0 0.0 0.0 0.0 0.0
2017-06-26 09:09:50.739000 770.32 14.99958 0.0 0.0 0.0 0.0 0.0
2017-06-26 09:10:04.314000 783.895 14.9998 0.0 0.0 0.0 0.0 0.0
2017-06-26 09:10:17.987000 797.568 15.00101 0.0 0.0 0.0 0.0 0.0
2017-06-26 09:10:31.619000 811.2 14.99943 0.0 0.0 0.0 0.0 0.0
2017-06-26 09:10:45.353000 824.934 25.00308 0.0 0.0 0.0 0.0 0.0
2017-06-26 09:10:59.087000 838.668 25.00158 0.0 0.0 0.0 0.0 0.0
2017-06-26 09:11:12.822000 852.403 25.00263 0.0 0.0 0.0 0.0 0.0
2017-06-26 09:11:26.576000 866.157 25.00233 0.0 0.0 0.0 0.0 0.0
2017-06-26 09:11:40.472000 880.053 25.00361 0.0 0.0 0.0 0.0 0.0
2017-06-26 09:11:54.376000 893.957 15.00078 0.0 0.0 0.0 0.0 0.0
2017-06-26 09:12:08.110000 907.691 15.00078 0.0 0.0 0.0 0.0 0.0
2017-06-26 09:12:21.954000 921.535 15.0007 0.0 0.0 0.0 0.0 0.0
2017-06-26 09:12:35.849000 935.43 15.00138 0.0 0.0 0.0 0.0 0.0
2017-06-26 09:12:49.773000 949.354 25.00158 0.0 0.0 0.0 0.0 0.0
2017-06-26 09:13:03.678000 963.259 24.99827 0.0 0.0 0.0 0.0 0.0
2017-06-26 09:13:17.721000 977.302 25.00263 0.0 0.0 0.0 0.0 0.0
2017-06-26 09:13:31.746000 991.327 25.00308 0.0 0.0 0.0 0.0 0.0
2017-06-26 09:13:45.791000 1005.372 25.00353 0.0 0.0 0.0 0.0 0.0
2017-06-26 09:13:59.875000 1019.456 25.00173 0.0 0.0 0.0 0.0 0.0
2017-06-26 09:14:14.010000 1033.591 15.00085 0.0 0.0 0.0 0.0 0.0
2017-06-26 09:14:28.125000 1047.706 15.00055 0.0 0.0 0.0 0.0 0.0
2017-06-26 09:14:42.308000 1061.889 15.00048 0.0 0.0 0.0 0.0 0.0
2017-06-26 09:14:56.493000 1076.074 14.99883 0.0 0.0 0.0 0.0 0.0
2017-06-26 09:15:10.708000 1090.289 25.00226 0.0 0.0 0.0 0.0 0.0
2017-06-26 09:15:24.962000 1104.543 25.00256 0.0 0.0 0.0 0.0 0.0
2017-06-26 09:15:39.227000 1118.808 25.00331 0.0 0.0 0.0 0.0 0.0
2017-06-26 09:15:53.561000 1133.142 25.00233 0.0 0.0 0.0 0.0 0.0
2017-06-26 09:16:07.924000 1147.505 25.00271 0.0 0.0 0.0 0.0 0.0
2017-06-26 09:16:22.270000 1161.851 25.0015 0.0 0.0 0.0 0.0 0.0
2017-06-26 09:16:36.675000 1176.256 14.99883 0.0 0.0 0.0 0.0 0.0
2017-06-26 09:16:51.090000 1190.671 14.99943 0.0 0.0 0.0 0.0 0.0
2017-06-26 09:17:05.573000 1205.154 14.9995 0.0 0.0 0.0 0.0 0.0
2017-06-26 09:17:20.057000 1219.638 14.99965 0.0 0.0 0.0 0.0 0.0
2017-06-26 09:17:34.622000 1234.203 25.00256 0.0 0.0 0.0 0.0 0.0
2017-06-26 09:17:49.165000 1248.746 25.00263 0.0 0.0 0.0 0.0 0.0
2017-06-26 09:18:03.709000 1263.29 25.00241 0.0 0.0 0.0 0.0 0.0
2017-06-26 09:18:18.305000 1277.886 25.00263 0.0 0.0 0.0 0.0 0.0
2017-06-26 09:18:33.040000 1292.621 25.00143 0.0 0.0 0.0 0.0 0.0
2017-06-26 09:18:47.555000 1307.136 14.99973 0.0 0.0 0.0 0.0 0.0
2017-06-26 09:19:02.210000 1321.791 14.99943 0.0 0.0 0.0 0.0 0.0
2017-06-26 09:19:16.894000 1336.475 14.99965 0.0 0.0 0.0 0.0 0.0
2017-06-26 09:19:31.639000 1351.22 15.00085 0.0 0.0 0.0 0.0 0.0
2017-06-26 09:19:46.384000 1365.965 25.00135 0.0 0.0 0.0 0.0 0.0
2017-06-26 09:20:01.229000 1380.81 25.00045 0.0 0.0 0.0 0.0 0.0
2017-06-26 09:20:16.045000 1395.626 25.00248 0.0 0.0 0.0 0.0 0.0
2017-06-26 09:20:30.899000 1410.48 25.0015 0.0 0.0 0.0 0.0 0.0
2017-06-26 09:20:45.704000 1425.285 25.00278 0.0 0.0 0.0 0.0 0.0
2017-06-26 09:21:00.588000 1440.169 25.00241 0.0 0.0 0.0 0.0 0.0
2017-06-26 09:21:15.503000 1455.084 15.00085 0.0 0.0 0.0 0.0 0.0
2017-06-26 09:21:30.578000 1470.159 14.99868 0.0 0.0 0.0 0.0 0.0
2017-06-26 09:21:45.573000 1485.154 15.00048 0.0 0.0 0.0 0.0 0.0
2017-06-26 09:22:04.906000 1504.487 14.99965 0.0 0.0 0.0 0.0 0.0
2017-06-26 09:22:21.802000 1521.383 25.00075 0.0 0.0 0.0 0.0 0.0
2017-06-26 09:22:36.345000 1535.926 25.0003 0.0 0.0 0.0 0.0 0.0
2017-06-26 09:22:50.899000 1550.48 25.0006 0.0 0.0 0.0 0.0 0.0
2017-06-26 09:23:05.523000 1565.104 25.00083 0.0 0.0 0.0 0.0 0.0
2017-06-26 09:23:20.136000 1579.717 25.00045 0.0 0.0 0.0 0.0 0.0
2017-06-26 09:23:34.761000 1594.342 14.99823 0.0 0.0 0.0 0.0 0.0
2017-06-26 09:23:49.376000 1608.957 15.00025 0.0 0.0 0.0 0.0 0.0
2017-06-26 09:24:04.091000 1623.672 14.99883 15.03652 0.0 0.0 0.0 0.0
2017-06-26 09:24:19.016000 1638.597 25.00158 15.03659 0.0 0.0 0.0 0.0
2017-06-26 09:24:33.971000 1653.552 25.00105 15.03667 0.0 0.0 0.0 0.0
2017-06-26 09:24:49.146000 1668.727 24.99978 15.03551 0.0 0.0 0.0 0.0
2017-06-26 09:25:04.151000 1683.732 24.99978 15.0352 0.0 0.0 0.0 0.0
2017-06-26 09:25:19.516000 1699.097 14.99913 15.03644 0.0 0.0 0.0 0.0
2017-06-26 09:25:35.190000 1714.771 14.99883 15.03675 0.0 0.0 0.0 0.0
2017-06-26 09:25:50.855000 1730.436 14.99883 15.03675 0.0 0.0 0.0 0.0
2017-06-26 09:26:06.572000 1746.153 14.99913 15.03659 0.0 0.0 0.0 0.0
2017-06-26 09:26:22.307000 1761.888 24.99963 15.03512 0.0 0.0 0.0 0.0
2017-06-26 09:26:38.011000 1777.592 25.00083 15.03613 0.0 0.0 0.0 0.0
2017-06-26 09:26:53.746000 1793.327 24.99887 15.03489 0.0 0.0 0.0 0.0
2017-06-26 09:27:09.751000 1809.332 24.99978 15.03613 0.0 0.0 0.0 0.0
2017-06-26 09:27:25.606000 1825.187 25.00128 15.03659 0.0 0.0 0.0 0.0
2017-06-26 09:27:41.510000 1841.091 14.99883 15.03644 0.0 0.0 0.0 0.0
2017-06-26 09:27:57.376000 1856.957 14.99853 15.03567 0.0 0.0 0.0 0.0
2017-06-26 09:28:13.301000 1872.882 14.99875 15.0369 0.0 0.0 0.0 0.0
2017-06-26 09:28:29.266000 1888.847 15.00085 15.03644 0.0 0.0 0.0 0.0
2017-06-26 09:28:45.281000 1904.862 25.00188 15.03729 0.0 0.0 0.0 0.0
2017-06-26 09:29:01.296000 1920.877 25.0009 15.03628 0.0 0.0 0.0 0.0
2017-06-26 09:29:17.392000 1936.973 25.00098 15.0369 0.0 0.0 0.0 0.0
2017-06-26 09:29:33.336000 1952.917 24.9997 15.03559 0.0 0.0 0.0 0.0
2017-06-26 09:29:49.501000 1969.082 25.00068 15.03644 0.0 0.0 0.0 0.0
2017-06-26 09:30:05.596000 1985.177 14.99913 15.03675 0.0 0.0 0.0 0.0
2017-06-26 09:30:22.001000 2001.582 14.99958 15.03613 0.0 0.0 0.0 0.0
2017-06-26 09:30:38.008000 2017.589 14.99845 15.03628 0.0 0.0 0.0 0.0
2017-06-26 09:30:54.213000 2033.794 14.99973 15.0369 0.0 0.0 0.0 0.0
2017-06-26 09:31:10.438000 2050.019 25.00053 15.03652 0.0 0.0 0.0 0.0
2017-06-26 09:31:26.791000 2066.372 25.00098 15.03752 0.0 0.0 0.0 0.0
2017-06-26 09:31:43.125000 2082.706 24.9997 15.03536 0.0 0.0 0.0 0.0
2017-06-26 09:31:59.461000 2099.042 25.00105 15.03652 0.0 0.0 0.0 0.0
2017-06-26 09:32:16.005000 2115.586 25.00008 15.03659 0.0 0.0 0.0 0.0
2017-06-26 09:32:32.400000 2131.981 14.99935 15.03675 0.0 0.0 0.0 0.0
2017-06-26 09:32:48.817000 2148.398 14.99943 15.03659 0.0 0.0 0.0 0.0
2017-06-26 09:33:05.250000 2164.831 14.9986 15.03652 0.0 0.0 0.0 0.0
2017-06-26 09:33:21.685000 2181.266 14.99973 15.03628 0.0 0.0 0.0 0.0
2017-06-26 09:33:38.221000 2197.802 25.00098 15.03644 0.0 0.0 0.0 0.0
2017-06-26 09:33:54.745000 2214.326 24.9997 15.03543 0.0 0.0 0.0 0.0
2017-06-26 09:34:11.300000 2230.881 24.99993 15.03567 0.0 0.0 0.0 0.0
2017-06-26 09:34:27.803000 2247.384 25.0006 15.03636 0.0 0.0 0.0 0.0
2017-06-26 09:34:44.450000 2264.031 14.99973 15.03752 0.0 0.0 0.0 0.0
2017-06-26 09:35:01.075000 2280.656 14.9986 15.03729 0.0 0.0 0.0 0.0
2017-06-26 09:35:17.840000 2297.421 14.99875 15.03621 0.0 0.0 0.0 0.0
2017-06-26 09:35:34.546000 2314.127 25.00083 15.03675 0.0 0.0 0.0 0.0
2017-06-26 09:35:51.520000 2331.101 25.0 15.03659 0.0 0.0 0.0 0.0
2017-06-26 09:36:08.005000 2347.586 25.00015 15.03543 0.0 0.0 0.0 0.0
2017-06-26 09:36:24.811000 2364.392 24.99978 15.03536 0.0 0.0 0.0 0.0
2017-06-26 09:36:41.595000 2381.176 14.99815 15.03582 0.0 0.0 0.0 0.0
2017-06-26 09:36:58.629000 2398.21 14.99965 15.03675 0.0 0.0 0.0 0.0
2017-06-26 09:37:15.596000 2415.177 14.99958 15.03706 0.0 0.0 0.0 0.0
2017-06-26 09:37:32.500000 2432.081 14.99792 15.03675 0.0 0.0 0.0 0.0
2017-06-26 09:37:49.406000 2448.987 25.00053 15.03752 0.0 0.0 0.0 0.0
2017-06-26 09:38:06.360000 2465.941 25.00023 15.0359 0.0 0.0 0.0 0.0
2017-06-26 09:38:23.375000 2482.956 25.00038 15.03505 0.0 0.0 0.0 0.0
2017-06-26 09:38:40.381000 2499.962 25.00218 15.03628 0.0 0.0 0.0 0.0
2017-06-26 09:38:57.386000 2516.967 25.0018 15.03659 0.0 0.0 0.0 0.0
2017-06-26 09:39:14.441000 2534.022 14.998 15.03489 0.0 0.0 0.0 0.0
2017-06-26 09:39:31.588000 2551.169 14.99898 15.0369 0.0 0.0 0.0 0.0
2017-06-26 09:39:48.733000 2568.314 14.9998 15.03706 0.0 0.0 0.0 0.0
2017-06-26 09:40:05.979000 2585.56 14.99883 15.03659 0.0 0.0 0.0 0.0
2017-06-26 09:40:23.043000 2602.624 25.0006 15.03675 0.0 0.0 0.0 0.0
2017-06-26 09:40:40.498000 2620.079 25.00083 15.03675 0.0 0.0 0.0 0.0
2017-06-26 09:40:57.533000 2637.114 25.00023 15.03582 0.0 0.0 0.0 0.0
2017-06-26 09:41:15.037000 2654.618 24.99963 15.03551 0.0 0.0 0.0 0.0
2017-06-26 09:41:32.384000 2671.965 14.99808 15.03567 0.0 0.0 0.0 0.0
2017-06-26 09:41:49.759000 2689.34 14.99883 15.03659 0.0 0.0 0.0 0.0
2017-06-26 09:42:07.046000 2706.627 14.99762 15.03636 0.0 0.0 0.0 0.0
2017-06-26 09:42:24.461000 2724.042 24.9991 15.03466 0.0 0.0 0.0 0.0
2017-06-26 09:42:41.907000 2741.488 24.99887 15.03412 0.0 0.0 0.0 0.0
2017-06-26 09:42:59.382000 2758.963 25.00098 15.03667 0.0 0.0 0.0 0.0
2017-06-26 09:43:16.858000 2776.439 25.00301 15.0376 0.0 0.0 0.0 0.0
2017-06-26 09:43:34.444000 2794.025 14.99988 15.03659 0.0 0.0 0.0 0.0
2017-06-26 09:43:51.929000 2811.51 0.0 15.03628 3.996721 0.0 0.0 0.0
2017-06-26 09:44:09.494000 2829.075 0.0 15.03505 3.997171 0.0 0.0 0.0
2017-06-26 09:44:27.089000 2846.67 0.0 15.03683 3.996496 0.0 0.0 0.0
2017-06-26 09:44:44.723000 2864.304 0.0 15.03597 1.997179 0.0 0.0 0.0
2017-06-26 09:45:02.878000 2882.459 0.0 15.03714 1.997029 0.0 0.0 0.0
2017-06-26 09:45:20.302000 2899.883 0.0 15.03814 1.997479 0.0 0.0 0.0
2017-06-26 09:45:38.047000 2917.628 0.0 15.03706 1.996879 0.0 0.0 0.0
2017-06-26 09:45:55.852000 2935.433 0.0 15.03721 1.997479 0.0 0.0 0.0
2017-06-26 09:46:13.658000 2953.239 0.0 15.03582 1.997329 0.0 0.0 0.0
2017-06-26 09:46:31.432000 2971.013 0.0 15.03597 1.997104 0.0 0.0 0.0
2017-06-26 09:46:49.249000 2988.83 0.0 15.03582 1.997479 0.0 0.0 0.0
2017-06-26 09:47:07.094000 3006.675 0.0 15.0383 1.997029 0.0 0.0 0.0
2017-06-26 09:47:24.989000 3024.57 0.0 15.03675 1.997854 0.0 0.0 0.0
2017-06-26 09:47:42.934000 3042.515 0.0 15.03675 1.996728 0.0 0.0 0.0
2017-06-26 09:48:00.888000 3060.469 0.0 15.03706 1.997179 0.0 0.0 0.0
2017-06-26 09:48:18.794000 3078.375 0.0 15.0369 1.997029 0.0 0.0 0.0
2017-06-26 09:48:36.859000 3096.44 0.0 15.03567 1.997179 0.0 0.0 0.0
2017-06-26 09:48:55.364000 3114.945 0.0 15.03567 1.996653 0.0 0.0 0.0
2017-06-26 09:49:13.129000 3132.71 0.0 15.03567 1.997029 0.0 0.0 0.0
2017-06-26 09:49:31.213000 3150.794 0.0 15.03768 1.997104 0.0 0.0 0.0
2017-06-26 09:49:49.409000 3168.99 0.0 15.03683 1.997179 0.0 0.0 0.0
2017-06-26 09:50:07.604000 3187.185 0.0 15.0369 1.996503 0.0 0.0 0.0
2017-06-26 09:50:25.739000 3205.32 0.0 15.03714 1.996653 0.0 0.0 0.0
2017-06-26 09:50:43.954000 3223.535 0.0 15.03667 1.997629 0.0 0.0 0.0
2017-06-26 09:51:02.158000 3241.739 0.0 15.03536 1.997104 0.0 0.0 0.0
2017-06-26 09:51:20.515000 3260.096 0.0 15.03783 1.996653 0.0 0.0 0.0
2017-06-26 09:51:38.780000 3278.361 0.0 15.0369 1.996728 0.0 0.0 0.0
2017-06-26 09:51:57.104000 3296.685 0.0 15.03667 1.996953 0.0 0.0 0.0
2017-06-26 09:52:15.519000 3315.1 0.0 15.03776 3.997096 0.0 0.0 0.0
2017-06-26 09:52:34.145000 3333.726 0.0 15.03551 3.99612 0.0 0.0 0.0
2017-06-26 09:52:52.540000 3352.121 0.0 15.03752 3.99642 0.0 0.0 0.0
2017-06-26 09:53:11.296000 3370.877 0.0 15.03745 1.996879 0.0 0.0 0.0
2017-06-26 09:53:29.491000 3389.072 0.0 15.03675 1.997029 0.0 0.0 0.0
2017-06-26 09:53:47.966000 3407.547 0.0 15.03675 1.996278 0.0 0.0 0.0
2017-06-26 09:54:06.513000 3426.094 0.0 15.03659 1.996428 0.0 0.0 0.0
2017-06-26 09:54:25.009000 3444.59 0.0 15.03683 1.997179 0.0 0.0 0.0
2017-06-26 09:54:43.655000 3463.236 0.0 15.03652 1.996953 0.0 0.0 0.0
2017-06-26 09:55:02.180000 3481.761 0.0 15.03667 3.996721 0.0 0.0 0.0
2017-06-26 09:55:20.807000 3500.388 0.0 15.03597 3.997696 0.0 0.0 0.0
2017-06-26 09:55:39.532000 3519.113 0.0 15.03659 3.997396 0.0 0.0 0.0
2017-06-26 09:55:58.596000 3538.177 0.0 15.03512 1.996728 0.0 0.0 0.0
2017-06-26 09:56:17.382000 3556.963 0.0 15.03752 1.997554 0.0 0.0 0.0
2017-06-26 09:56:36.147000 3575.728 0.0 15.03652 1.997479 0.0 0.0 0.0
2017-06-26 09:56:55.292000 3594.873 0.0 15.03621 1.997629 0.0 0.0 0.0
2017-06-26 09:57:13.806000 3613.387 0.0 15.03652 3.997771 0.0 0.0 0.0
2017-06-26 09:57:32.692000 3632.273 0.0 15.03512 3.99597 0.0 0.0 0.0
2017-06-26 09:57:51.658000 3651.239 0.0 15.03659 3.997321 0.0 0.0 0.0
2017-06-26 09:58:10.503000 3670.084 0.0 15.03481 3.997021 0.0 0.0 0.0
2017-06-26 09:58:29.547000 3689.128 0.0 15.03644 1.996503 0.0 0.0 0.0
2017-06-26 09:58:48.462000 3708.043 0.0 15.03528 1.996879 0.0 0.0 0.0
2017-06-26 09:59:07.508000 3727.089 0.0 15.03412 1.997104 0.0 0.0 0.0
2017-06-26 09:59:26.834000 3746.415 0.0 15.03652 3.99642 0.0 0.0 0.0
2017-06-26 09:59:45.900000 3765.481 0.0 15.03628 3.99657 0.0 0.0 0.0
2017-06-26 10:00:05.005000 3784.586 0.0 15.03737 3.996795 0.0 0.0 0.0
2017-06-26 10:00:24.439000 3804.02 0.0 15.03721 3.99657 0.0 0.0 0.0
2017-06-26 10:00:43.364000 3822.945 0.0 15.03768 3.99657 0.0 0.0 0.0
2017-06-26 10:01:02.569000 3842.15 0.0 15.03644 1.997629 0.0 0.0 0.0
2017-06-26 10:01:21.824000 3861.405 0.0 15.0352 1.997254 0.0 0.0 0.0
2017-06-26 10:01:41.079000 3880.66 0.0 15.03505 1.997329 0.0 0.0 0.0
2017-06-26 10:02:00.314000 3899.895 0.0 15.03528 3.99582 0.0 0.0 0.0
2017-06-26 10:02:19.650000 3919.231 0.0 15.03644 3.997321 0.0 0.0 0.0
2017-06-26 10:02:39.006000 3938.587 0.0 15.03621 3.997396 0.0 0.0 0.0
2017-06-26 10:02:58.700000 3958.281 0.0 15.03628 3.99657 0.0 0.0 0.0
2017-06-26 10:03:18.194000 3977.775 0.0 15.03706 3.997321 0.0 0.0 0.0
2017-06-26 10:03:37.549000 3997.13 0.0 15.03628 3.997171 0.0 0.0 0.0
2017-06-26 10:03:57.364000 4016.945 0.0 15.03551 3.997246 0.0 0.0 0.0
2017-06-26 10:04:16.578000 4036.159 0.0 15.0352 1.997104 0.0 0.0 0.0
2017-06-26 10:04:36.051000 4055.632 0.0 15.03613 1.997479 0.0 0.0 0.0
2017-06-26 10:04:55.567000 4075.148 0.0 15.03652 3.996721 0.0 0.0 0.0
2017-06-26 10:05:15.173000 4094.754 0.0 15.0352 3.99642 0.0 0.0 0.0
2017-06-26 10:05:34.798000 4114.379 0.0 15.03644 3.99612 0.0 0.0 0.0
2017-06-26 10:05:54.834000 4134.415 0.0 15.03412 3.997621 0.0 0.0 0.0
2017-06-26 10:06:14.499000 4154.08 0.0 15.03621 3.99582 0.0 0.0 0.0
2017-06-26 10:06:34.154000 4173.735 0.0 15.03644 3.996195 0.0 0.0 0.0
2017-06-26 10:06:53.890000 4193.471 0.0 15.0342 3.99627 0.0 0.0 0.0
2017-06-26 10:07:13.687000 4213.268 0.0 15.03605 3.997696 0.0 0.0 0.0
2017-06-26 10:07:33.841000 4233.422 0.0 15.03528 3.997771 0.0 0.0 0.0
2017-06-26 10:07:53.367000 4252.948 0.0 15.03652 3.997321 0.0 0.0 0.0
2017-06-26 10:08:13.092000 4272.673 0.0 15.03613 1.997329 0.0 0.0 0.0
2017-06-26 10:08:32.958000 4292.539 0.0 15.03466 1.996728 0.0 0.0 0.0
2017-06-26 10:08:52.904000 4312.485 0.0 15.03613 3.997096 0.0 0.0 0.0
2017-06-26 10:09:13.250000 4332.831 0.0 15.03698 3.997546 0.0 0.0 0.0
2017-06-26 10:09:33.295000 4352.876 0.0 15.03628 3.99657 0.0 0.0 0.0
2017-06-26 10:09:53.241000 4372.822 0.0 15.03706 3.99582 0.0 0.0 0.0
2017-06-26 10:10:13.306000 4392.887 0.0 15.03698 3.99642 0.0 0.0 0.0
2017-06-26 10:10:33.732000 4413.313 0.0 15.0359 3.997771 0.0 0.0 0.0
2017-06-26 10:10:53.527000 4433.108 0.0 15.03698 3.997021 0.0 0.0 0.0
2017-06-26 10:11:13.622000 4453.203 0.0 15.03706 3.996195 0.0 0.0 0.0
2017-06-26 10:11:33.777000 4473.358 0.0 15.03458 3.996195 0.0 0.0 0.0
2017-06-26 10:11:53.993000 4493.574 0.0 15.03597 3.997471 0.0 0.0 0.0
2017-06-26 10:12:14.498000 4514.079 0.0 15.03675 3.997696 0.0 0.0 0.0
2017-06-26 10:12:34.864000 4534.445 0.0 15.03381 3.997246 0.0 0.0 0.0
2017-06-26 10:12:55.099000 4554.68 0.0 5.021557 3.997321 0.0 0.0 0.0
2017-06-26 10:13:15.414000 4574.995 0.0 5.022331 3.997771 0.0 0.0 0.0
2017-06-26 10:13:35.819000 4595.4 0.0 5.021557 3.997396 0.0 0.0 0.0
2017-06-26 10:13:56.505000 4616.086 0.0 5.023261 3.997321 0.0 0.0 0.0
2017-06-26 10:14:16.660000 4636.241 0.0 15.03574 3.997171 0.0 0.0 0.0
2017-06-26 10:14:36.995000 4656.576 0.0 5.022641 3.997321 0.0 0.0 0.0
2017-06-26 10:14:57.520000 4677.101 0.0 5.022176 3.997321 0.0 0.0 0.0
2017-06-26 10:15:18.325000 4697.906 0.0 5.023261 3.997621 0.0 0.0 0.0
2017-06-26 10:15:38.921000 4718.502 0.0 5.023416 3.997246 0.0 0.0 0.0
2017-06-26 10:15:59.595000 4739.176 0.0 5.022486 3.996496 0.0 0.0 0.0
2017-06-26 10:16:20.229000 4759.81 0.0 5.022563 3.99642 0.0 0.0 0.0
2017-06-26 10:16:40.864000 4780.445 0.0 5.022719 3.996195 0.0 0.0 0.0
2017-06-26 10:17:01.799000 4801.38 0.0 5.022331 3.99612 0.0 0.0 0.0
2017-06-26 10:17:22.134000 4821.715 0.0 5.023493 3.997696 0.0 0.0 0.0
2017-06-26 10:17:42.869000 4842.45 0.0 5.022254 3.99642 0.0 0.0 0.0
2017-06-26 10:18:03.654000 4863.235 0.0 5.023416 3.997321 0.0 0.0 0.0
2017-06-26 10:18:24.802000 4884.383 0.0 5.021557 3.997546 0.0 0.0 0.0
2017-06-26 10:18:45.608000 4905.189 0.0 5.023648 3.997171 0.0 0.0 0.0
2017-06-26 10:19:06.554000 4926.135 0.0 5.022951 3.997246 0.0 0.0 0.0
2017-06-26 10:19:27.380000 4946.961 0.0 5.023028 3.997096 0.0 0.0 0.0
2017-06-26 10:19:48.355000 4967.936 0.0 5.022408 3.99642 0.0 0.0 0.0
2017-06-26 10:20:09.271000 4988.852 0.0 5.023725 3.997321 0.0 0.0 0.0
2017-06-26 10:20:30.637000 5010.218 0.0 5.021247 3.996946 0.0 0.0 0.0
2017-06-26 10:20:51.272000 5030.853 0.0 5.022021 3.997546 0.0 0.0 0.0
2017-06-26 10:21:12.628000 5052.209 0.0 5.023261 3.99627 0.0 0.0 0.0
2017-06-26 10:21:33.804000 5073.385 0.0 5.023106 3.99627 0.0 0.0 0.0
2017-06-26 10:21:54.830000 5094.411 0.0 5.023416 3.99612 0.0 0.0 0.0
2017-06-26 10:22:15.976000 5115.557 0.0 5.023028 3.997621 0.0 0.0 0.0
2017-06-26 10:22:37.151000 5136.732 0.0 5.023261 3.997021 0.0 0.0 0.0
2017-06-26 10:22:58.226000 5157.807 0.0 5.021867 3.997546 0.0 0.0 0.0
2017-06-26 10:23:19.771000 5179.352 0.0 5.023416 3.997021 0.0 0.0 0.0
2017-06-26 10:23:40.736000 5200.317 0.0 5.022563 3.996496 0.0 0.0 0.0
2017-06-26 10:24:02.303000 5221.884 0.0 5.023106 3.997771 0.0 0.0 0.0
2017-06-26 10:24:23.698000 5243.279 0.0 5.023493 3.99612 0.0 0.0 0.0
2017-06-26 10:24:45.003000 5264.584 0.0 5.023106 3.997471 0.0 0.0 0.0
2017-06-26 10:25:06.440000 5286.021 0.0 5.023106 3.997621 0.0 0.0 0.0
2017-06-26 10:25:27.866000 5307.447 0.0 5.023106 3.997546 0.0 0.0 0.0
2017-06-26 10:25:49.320000 5328.901 0.0 5.021789 3.997321 0.0 0.0 0.0
2017-06-26 10:26:11.206000 5350.787 0.0 5.022951 3.997321 0.0 0.0 0.0
2017-06-26 10:26:32.362000 5371.943 0.0 5.022254 3.997321 0.0 0.0 0.0
2017-06-26 10:26:54.327000 5393.908 0.0 5.022254 3.997021 0.0 0.0 0.0
2017-06-26 10:27:15.952000 5415.533 0.0 5.022951 3.997621 0.0 0.0 0.0
2017-06-26 10:27:37.538000 5437.119 0.0 5.021247 3.997021 0.0 0.0 0.0
2017-06-26 10:27:59.243000 5458.824 0.0 5.021092 3.997546 0.0 0.0 0.0
2017-06-26 10:28:20.919000 5480.5 0.0 5.022951 3.996946 0.0 0.0 0.0
2017-06-26 10:28:42.645000 5502.226 0.0 5.023106 3.99642 0.0 0.0 0.0
2017-06-26 10:29:04.920000 5524.501 0.0 5.023261 3.997171 0.0 0.0 0.0
2017-06-26 10:29:26.226000 5545.807 0.0 5.023106 3.997171 0.0 0.0 0.0
2017-06-26 10:29:48.313000 5567.894 0.0 5.022254 3.997321 0.0 0.0 0.0
2017-06-26 10:30:10.198000 5589.779 0.0 5.023106 3.997321 0.0 0.0 0.0
2017-06-26 10:30:31.983000 5611.564 0.0 5.022719 3.99627 0.0 0.0 0.0
2017-06-26 10:30:53.931000 5633.512 0.0 5.023261 3.997021 0.0 0.0 0.0
2017-06-26 10:31:15.887000 5655.468 0.0 5.022951 3.996496 0.0 0.0 0.0
2017-06-26 10:31:37.883000 5677.464 0.0 5.023261 3.997921 0.0 0.0 0.0
2017-06-26 10:31:59.809000 5699.39 0.0 0.0 3.996345 0.0 0.0 0.0
2017-06-26 10:32:22.305000 5721.886 0.0 0.0 3.997471 0.0 0.0 0.0
2017-06-26 10:32:43.681000 5743.262 0.0 0.0 3.997696 0.0 0.0 0.0
2017-06-26 10:33:05.617000 5765.198 0.0 0.0 3.997021 0.0 0.0 0.0
2017-06-26 10:33:27.492000 5787.073 0.0 0.0 3.99642 0.0 0.0 0.0
2017-06-26 10:33:49.468000 5809.049 0.0 0.0 3.996721 3.578576 0.0 0.0
2017-06-26 10:34:11.913000 5831.494 0.0 0.0 3.997321 3.578993 0.0 0.0
2017-06-26 10:34:34.060000 5853.641 0.0 0.0 3.997021 3.578493 0.0 0.0
2017-06-26 10:34:56.715000 5876.296 0.0 0.0 3.996871 3.578743 0.0 0.0
2017-06-26 10:35:18.860000 5898.441 0.0 0.0 3.996946 3.578409 0.0 0.0
2017-06-26 10:35:41.166000 5920.747 0.0 0.0 3.996645 3.578909 0.0 0.0
2017-06-26 10:36:03.521000 5943.102 0.0 0.0 3.997021 3.579243 0.0 0.0
2017-06-26 10:36:25.869000 5965.45 0.0 0.0 3.996871 3.577992 0.0 0.0
2017-06-26 10:36:48.185000 5987.766 0.0 0.0 3.997321 3.579076 0.0 0.0
2017-06-26 10:37:10.612000 6010.193 0.0 0.0 3.996721 3.578326 0.0 0.0
2017-06-26 10:37:33.188000 6032.769 0.0 0.0 3.99582 3.578576 0.0 0.0
2017-06-26 10:37:56.585000 6056.166 0.0 0.0 3.997096 3.57866 0.0 0.0
2017-06-26 10:38:18.520000 6078.101 0.0 0.0 3.997021 3.578909 0.0 0.0
2017-06-26 10:38:41.026000 6100.607 0.0 0.0 3.996721 3.578576 0.0 0.0
2017-06-26 10:39:03.492000 6123.073 0.0 0.0 3.996946 3.578576 0.0 0.0
2017-06-26 10:39:26.129000 6145.71 0.0 0.0 3.996871 3.578743 0.0 0.0
2017-06-26 10:39:48.705000 6168.286 0.0 0.0 3.997396 3.579076 0.0 0.0
2017-06-26 10:40:11.412000 6190.993 0.0 0.0 3.996946 3.578993 0.0 0.0
2017-06-26 10:40:34.998000 6214.579 0.0 0.0 3.996721 3.578326 0.0 0.0
2017-06-26 10:40:57.365000 6236.946 0.0 0.0 3.996946 3.578743 0.0 0.0
2017-06-26 10:41:20.081000 6259.662 0.0 0.0 3.997546 3.579076 0.0 0.0
2017-06-26 10:41:42.979000 6282.56 0.0 0.0 3.996795 3.578909 0.0 0.0
2017-06-26 10:42:05.704000 6305.285 0.0 0.0 3.99642 3.578576 0.0 0.0
2017-06-26 10:42:28.643000 6328.224 0.0 0.0 3.99537 3.578493 0.0 0.0
2017-06-26 10:42:51.420000 6351.001 0.0 0.0 3.99597 3.578743 0.0 0.0
2017-06-26 10:43:14.886000 6374.467 0.0 0.0 3.997021 3.57941 0.0 0.0
2017-06-26 10:43:38.192000 6397.773 0.0 0.0 3.99642 3.578409 0.0 0.0
2017-06-26 10:44:00.896000 6420.477 0.0 0.0 3.996721 3.578076 0.0 0.0
2017-06-26 10:44:23.784000 6443.365 0.0 0.0 3.996721 3.578576 0.0 0.0
2017-06-26 10:44:46.870000 6466.451 0.0 0.0 3.996946 3.578743 0.0 0.0
2017-06-26 10:45:09.916000 6489.497 0.0 0.0 3.996721 3.578576 0.0 0.0
2017-06-26 10:45:33.162000 6512.743 0.0 0.0 3.995895 3.57866 0.0 0.0
2017-06-26 10:45:56.687000 6536.268 0.0 0.0 3.995445 3.578993 0.0 0.0
2017-06-26 10:46:20.283000 6559.864 0.0 0.0 3.995445 3.578826 0.0 0.0
2017-06-26 10:46:43.020000 6582.601 0.0 0.0 3.997321 3.579243 0.0 0.0
2017-06-26 10:47:06.374000 6605.955 0.0 0.0 3.996721 3.578826 0.0 0.0
2017-06-26 10:47:29.581000 6629.162 0.0 0.0 3.996871 3.578743 0.0 0.0
2017-06-26 10:47:52.886000 6652.467 0.0 0.0 3.996871 3.578576 0.0 0.0
2017-06-26 10:48:16.291000 6675.872 0.0 0.0 3.997021 3.57941 0.0 0.0
2017-06-26 10:48:40.008000 6699.589 0.0 0.0 3.995895 3.579076 0.0 0.0
2017-06-26 10:49:03.925000 6723.506 0.0 0.0 3.996721 3.578909 0.0 0.0
2017-06-26 10:49:26.931000 6746.512 0.0 0.0 3.995895 3.579076 0.0 0.0
2017-06-26 10:49:50.378000 6769.959 0.0 0.0 3.996721 3.578576 0.0 0.0
