2017-06-29 00:00:28.047000 50309.101 0.0 0.0 3.996871 3.589496 0.0 0.0
2017-06-29 00:01:05.715000 50346.769 0.0 0.0 3.996871 3.589996 0.0 0.0
2017-06-29 00:01:41.262000 50382.316 0.0 0.0 3.997471 3.59008 0.0 0.0
2017-06-29 00:02:18.969000 50420.023 0.0 0.0 3.996871 3.589746 0.0 0.0
2017-06-29 00:02:56.718000 50457.772 0.0 0.0 3.997096 3.59008 0.0 0.0
2017-06-29 00:03:34.435000 50495.489 0.0 0.0 3.996871 3.589413 0.0 0.0
2017-06-29 00:04:12.183000 50533.237 0.0 0.0 3.996871 3.589246 0.0 0.0
2017-06-29 00:04:49.930000 50570.984 0.0 0.0 3.996721 3.58908 0.0 0.0
2017-06-29 00:05:27.538000 50608.592 0.0 0.0 3.996946 3.589913 0.0 0.0
2017-06-29 00:06:03.125000 50644.179 0.0 0.0 3.997246 3.590413 0.0 0.0
2017-06-29 00:06:40.892000 50681.946 0.0 0.0 3.997171 3.589913 0.0 0.0
2017-06-29 00:07:18.560000 50719.614 0.0 0.0 3.996946 3.589746 0.0 0.0
2017-06-29 00:07:56.427000 50757.481 0.0 0.0 3.996946 3.589246 0.0 0.0
2017-06-29 00:08:34.205000 50795.259 0.0 0.0 3.997396 3.589996 0.0 0.0
2017-06-29 00:09:12.062000 50833.116 0.0 0.0 3.997021 3.589913 0.0 0.0
2017-06-29 00:09:49.960000 50871.014 0.0 0.0 3.997171 3.589663 0.0 0.0
2017-06-29 00:10:25.547000 50906.601 0.0 0.0 3.997096 3.590246 0.0 0.0
2017-06-29 00:11:03.345000 50944.399 0.0 0.0 3.996871 3.589746 0.0 0.0
2017-06-29 00:11:40.902000 50981.956 0.0 0.0 3.997096 3.589663 0.0 0.0
2017-06-29 00:12:18.840000 51019.894 0.0 0.0 3.996795 3.589496 0.0 0.0
2017-06-29 00:12:56.707000 51057.761 0.0 0.0 3.997171 3.589496 0.0 0.0
2017-06-29 00:13:32.474000 51093.528 0.0 0.0 3.996871 3.589246 0.0 0.0
2017-06-29 00:14:10.482000 51131.536 0.0 0.0 3.996721 3.588996 0.0 0.0
2017-06-29 00:14:48.470000 51169.524 0.0 0.0 3.997321 3.58958 0.0 0.0
2017-06-29 00:15:26.458000 51207.512 0.0 0.0 3.996871 3.589496 0.0 0.0
2017-06-29 00:16:04.436000 51245.49 0.0 0.0 3.997171 3.589496 0.0 0.0
2017-06-29 00:16:42.433000 51283.487 0.0 0.0 3.997321 3.589913 0.0 0.0
2017-06-29 00:17:20.461000 51321.515 0.0 0.0 3.996946 3.589496 0.0 0.0
2017-06-29 00:17:56.268000 51357.322 0.0 0.0 3.996721 3.589413 0.0 0.0
2017-06-29 00:18:34.365000 51395.419 0.0 0.0 3.997471 3.589746 0.0 0.0
2017-06-29 00:19:12.413000 51433.467 0.0 0.0 3.997171 3.58983 0.0 0.0
2017-06-29 00:19:50.381000 51471.435 0.0 0.0 3.997021 3.589413 0.0 0.0
2017-06-29 00:20:28.368000 51509.422 0.0 0.0 3.996946 3.589663 0.0 0.0
2017-06-29 00:21:06.326000 51547.38 0.0 0.0 3.996871 3.589496 0.0 0.0
2017-06-29 00:21:44.433000 51585.487 0.0 0.0 3.997171 3.58958 0.0 0.0
2017-06-29 00:22:20.300000 51621.354 0.0 0.0 3.997171 3.589913 0.0 0.0
2017-06-29 00:22:58.348000 51659.402 0.0 0.0 3.997096 3.589329 0.0 0.0
2017-06-29 00:23:36.156000 51697.21 0.0 0.0 3.997321 3.589746 0.0 0.0
2017-06-29 00:24:14.283000 51735.337 0.0 0.0 3.997621 3.589496 0.0 0.0
2017-06-29 00:24:52.371000 51773.425 0.0 0.0 3.996721 3.58908 0.0 0.0
2017-06-29 00:25:28.298000 51809.352 0.0 0.0 3.996871 3.588912 0.0 0.0
2017-06-29 00:26:06.435000 51847.489 0.0 0.0 3.997021 3.589746 0.0 0.0
2017-06-29 00:26:44.594000 51885.648 0.0 0.0 3.997096 3.589246 0.0 0.0
2017-06-29 00:27:22.682000 51923.736 0.0 0.0 3.997246 3.58958 0.0 0.0
2017-06-29 00:28:00.929000 51961.983 0.0 0.0 3.996946 3.589329 0.0 0.0
2017-06-29 00:28:39.117000 52000.171 0.0 0.0 3.996871 3.589246 0.0 0.0
2017-06-29 00:29:14.994000 52036.048 0.0 0.0 3.996946 3.588996 0.0 0.0
2017-06-29 00:29:53.242000 52074.296 0.0 0.0 3.997321 3.589413 0.0 0.0
2017-06-29 00:30:31.689000 52112.743 0.0 0.0 3.996871 3.58908 0.0 0.0
2017-06-29 00:31:10.577000 52151.631 0.0 0.0 3.997321 3.589246 0.0 0.0
2017-06-29 00:31:49.185000 52190.239 0.0 0.0 3.997021 3.588746 0.0 0.0
2017-06-29 00:32:27.932000 52228.986 0.0 0.0 3.997021 3.588912 0.0 0.0
2017-06-29 00:33:06.230000 52267.284 0.0 0.0 3.996946 3.588829 0.0 0.0
2017-06-29 00:33:42.227000 52303.281 0.0 0.0 3.997246 3.58958 0.0 0.0
2017-06-29 00:34:20.575000 52341.629 0.0 0.0 3.997171 3.588746 0.0 0.0
2017-06-29 00:34:58.963000 52380.017 0.0 0.0 3.996871 3.589246 0.0 0.0
2017-06-29 00:35:37.220000 52418.274 0.0 0.0 3.997246 3.58908 0.0 0.0
2017-06-29 00:36:15.468000 52456.522 0.0 0.0 3.996795 3.588246 0.0 0.0
2017-06-29 00:36:53.855000 52494.909 0.0 0.0 3.996795 3.588746 0.0 0.0
2017-06-29 00:37:32.223000 52533.277 0.0 0.0 3.997021 3.588912 0.0 0.0
2017-06-29 00:38:08.270000 52569.324 0.0 0.0 3.997021 3.589246 0.0 0.0
2017-06-29 00:38:46.679000 52607.733 0.0 0.0 3.997171 3.589246 0.0 0.0
2017-06-29 00:39:25.167000 52646.221 0.0 0.0 3.996721 3.589413 0.0 0.0
2017-06-29 00:40:03.614000 52684.668 0.0 0.0 3.996721 3.588996 0.0 0.0
2017-06-29 00:40:42.082000 52723.136 0.0 0.0 3.996871 3.589246 0.0 0.0
2017-06-29 00:41:20.550000 52761.604 0.0 0.0 3.997246 3.58908 0.0 0.0
2017-06-29 00:41:59.027000 52800.081 0.0 0.0 3.996946 3.588413 0.0 0.0
2017-06-29 00:42:35.214000 52836.268 0.0 0.0 3.997396 3.589413 0.0 0.0
2017-06-29 00:43:13.782000 52874.836 0.0 0.0 3.997096 3.588996 0.0 0.0
2017-06-29 00:43:52.310000 52913.364 0.0 0.0 3.996871 3.588579 0.0 0.0
2017-06-29 00:44:30.897000 52951.951 0.0 0.0 3.997171 3.58908 0.0 0.0
2017-06-29 00:45:09.495000 52990.549 0.0 0.0 3.997021 3.589246 0.0 0.0
2017-06-29 00:45:48.083000 53029.137 0.0 0.0 3.996795 3.58908 0.0 0.0
2017-06-29 00:46:26.731000 53067.785 0.0 0.0 3.997096 3.589163 0.0 0.0
2017-06-29 00:47:02.938000 53103.992 0.0 0.0 3.997471 3.58908 0.0 0.0
2017-06-29 00:47:41.485000 53142.539 0.0 0.0 3.996721 3.589163 0.0 0.0
2017-06-29 00:48:20.113000 53181.167 0.0 0.0 3.997096 3.588746 0.0 0.0
2017-06-29 00:48:58.771000 53219.825 0.0 0.0 3.996795 3.589163 0.0 0.0
2017-06-29 00:49:37.418000 53258.472 0.0 0.0 3.997021 3.589996 0.0 0.0
2017-06-29 00:50:16.057000 53297.111 0.0 0.0 3.996871 3.588912 0.0 0.0
2017-06-29 00:50:52.484000 53333.538 0.0 0.0 3.997021 3.589746 0.0 0.0
2017-06-29 00:51:31.232000 53372.286 0.0 0.0 3.996871 3.589163 0.0 0.0
2017-06-29 00:52:09.970000 53411.024 0.0 0.0 3.997321 3.588996 0.0 0.0
2017-06-29 00:52:48.738000 53449.792 0.0 0.0 3.99657 3.588996 0.0 0.0
2017-06-29 00:53:27.495000 53488.549 0.0 0.0 3.996871 3.588912 0.0 0.0
2017-06-29 00:54:06.103000 53527.157 0.0 0.0 3.996871 3.588912 0.0 0.0
2017-06-29 00:54:42.600000 53563.654 0.0 0.0 3.996946 3.588829 0.0 0.0
2017-06-29 00:55:21.168000 53602.222 0.0 0.0 3.996871 3.589163 0.0 0.0
2017-06-29 00:55:59.866000 53640.92 0.0 0.0 3.996795 3.588912 0.0 0.0
2017-06-29 00:56:38.663000 53679.717 0.0 0.0 3.997021 3.588496 0.0 0.0
2017-06-29 00:57:17.511000 53718.565 0.0 0.0 3.996871 3.58908 0.0 0.0
2017-06-29 00:57:56.299000 53757.353 0.0 0.0 3.997021 3.588912 0.0 0.0
2017-06-29 00:58:35.067000 53796.121 0.0 0.0 3.997171 3.58958 0.0 0.0
2017-06-29 00:59:11.634000 53832.688 0.0 0.0 3.996721 3.588829 0.0 0.0
2017-06-29 00:59:50.462000 53871.516 0.0 0.0 3.996946 3.588746 0.0 0.0
2017-06-29 01:00:29.379000 53910.433 0.0 0.0 3.997096 3.588912 0.0 0.0
2017-06-29 01:01:08.187000 53949.241 0.0 0.0 3.996795 3.588663 0.0 0.0
2017-06-29 01:01:47.116000 53988.17 0.0 0.0 3.996946 3.588829 0.0 0.0
2017-06-29 01:02:26.094000 54027.148 0.0 0.0 3.996721 3.588079 0.0 0.0
2017-06-29 01:03:04.881000 54065.935 0.0 0.0 3.997171 3.588746 0.0 0.0
2017-06-29 01:03:41.539000 54102.593 0.0 0.0 3.996795 3.588579 0.0 0.0
2017-06-29 01:04:20.456000 54141.51 0.0 0.0 3.997621 3.588912 0.0 0.0
2017-06-29 01:04:59.374000 54180.428 0.0 0.0 3.996795 3.588079 0.0 0.0
2017-06-29 01:05:38.332000 54219.386 0.0 0.0 3.996795 3.588912 0.0 0.0
2017-06-29 01:06:17.330000 54258.384 0.0 0.0 3.996946 3.588829 0.0 0.0
2017-06-29 01:06:56.327000 54297.381 0.0 0.0 3.997321 3.589413 0.0 0.0
2017-06-29 01:07:33.035000 54334.089 0.0 0.0 3.997171 3.588413 0.0 0.0
2017-06-29 01:08:12.112000 54373.166 0.0 0.0 3.997471 3.588746 0.0 0.0
2017-06-29 01:08:51.180000 54412.234 0.0 0.0 3.996721 3.588912 0.0 0.0
2017-06-29 01:09:30.198000 54451.252 0.0 0.0 3.997246 3.588996 0.0 0.0
2017-06-29 01:10:09.246000 54490.3 0.0 0.0 3.996871 3.589413 0.0 0.0
2017-06-29 01:10:48.344000 54529.398 0.0 0.0 3.997171 3.588579 0.0 0.0
2017-06-29 01:11:27.441000 54568.495 0.0 0.0 3.996871 3.588579 0.0 0.0
2017-06-29 01:12:04.229000 54605.283 0.0 0.0 3.996496 3.588413 0.0 0.0
2017-06-29 01:12:43.327000 54644.381 0.0 0.0 3.997546 3.588996 0.0 0.0
2017-06-29 01:13:22.484000 54683.538 0.0 0.0 3.996946 3.588579 0.0 0.0
2017-06-29 01:14:01.603000 54722.657 0.0 0.0 3.997321 3.588912 0.0 0.0
2017-06-29 01:14:40.751000 54761.805 0.0 0.0 3.996871 3.588746 0.0 0.0
2017-06-29 01:15:19.769000 54800.823 0.0 0.0 3.997021 3.58908 0.0 0.0
2017-06-29 01:15:58.886000 54839.94 0.0 0.0 3.997321 3.588996 0.0 0.0
2017-06-29 01:16:35.714000 54876.768 0.0 0.0 3.997471 3.58908 0.0 0.0
2017-06-29 01:17:14.922000 54915.976 0.0 0.0 3.996871 3.588579 0.0 0.0
2017-06-29 01:17:54.139000 54955.193 0.0 0.0 3.996871 3.588579 0.0 0.0
2017-06-29 01:18:33.297000 54994.351 0.0 0.0 3.997021 3.588912 0.0 0.0
2017-06-29 01:19:12.585000 55033.639 0.0 0.0 3.996946 3.588496 0.0 0.0
2017-06-29 01:19:51.893000 55072.947 0.0 0.0 3.997021 3.588746 0.0 0.0
2017-06-29 01:20:31.031000 55112.085 0.0 0.0 3.996946 3.588912 0.0 0.0
2017-06-29 01:21:07.888000 55148.942 0.0 0.0 3.997021 3.588579 0.0 0.0
2017-06-29 01:21:47.016000 55188.07 0.0 0.0 3.997171 3.588829 0.0 0.0
2017-06-29 01:22:26.284000 55227.338 0.0 0.0 3.996871 3.588246 0.0 0.0
2017-06-29 01:23:05.621000 55266.675 0.0 0.0 3.996871 3.588746 0.0 0.0
2017-06-29 01:23:44.859000 55305.913 0.0 0.0 3.997171 3.588746 0.0 0.0
2017-06-29 01:24:24.257000 55345.311 0.0 0.0 3.996721 3.588413 0.0 0.0
2017-06-29 01:25:01.184000 55382.238 0.0 0.0 3.997021 3.588746 0.0 0.0
2017-06-29 01:25:40.563000 55421.617 0.0 0.0 3.996721 3.588329 0.0 0.0
2017-06-29 01:26:19.921000 55460.975 0.0 0.0 3.996795 3.588079 0.0 0.0
2017-06-29 01:26:59.369000 55500.423 0.0 0.0 3.996871 3.588579 0.0 0.0
2017-06-29 01:27:38.747000 55539.801 0.0 0.0 3.997021 3.588579 0.0 0.0
2017-06-29 01:28:18.155000 55579.209 0.0 0.0 3.996871 3.588579 0.0 0.0
2017-06-29 01:28:57.593000 55618.647 0.0 0.0 3.996946 3.588496 0.0 0.0
2017-06-29 01:29:34.760000 55655.814 0.0 0.0 3.997021 3.588746 0.0 0.0
2017-06-29 01:30:14.058000 55695.112 0.0 0.0 3.997171 3.588912 0.0 0.0
2017-06-29 01:30:53.386000 55734.44 0.0 0.0 3.997246 3.589163 0.0 0.0
2017-06-29 01:31:32.773000 55773.827 0.0 0.0 3.996871 3.588413 0.0 0.0
2017-06-29 01:32:12.301000 55813.355 0.0 0.0 3.996795 3.588329 0.0 0.0
2017-06-29 01:32:51.789000 55852.843 0.0 0.0 3.997096 3.588746 0.0 0.0
2017-06-29 01:33:28.937000 55889.991 0.0 0.0 3.99642 3.588413 0.0 0.0
2017-06-29 01:34:08.474000 55929.528 0.0 0.0 3.997021 3.588579 0.0 0.0
2017-06-29 01:34:48.042000 55969.096 0.0 0.0 3.996946 3.588496 0.0 0.0
2017-06-29 01:35:27.600000 56008.654 0.0 0.0 3.997021 3.58908 0.0 0.0
2017-06-29 01:36:07.108000 56048.162 0.0 0.0 3.99657 3.588912 0.0 0.0
2017-06-29 01:36:46.756000 56087.81 0.0 0.0 3.996946 3.588996 0.0 0.0
2017-06-29 01:37:23.994000 56125.048 0.0 0.0 3.997246 3.588663 0.0 0.0
2017-06-29 01:38:03.592000 56164.646 0.0 0.0 3.997246 3.589329 0.0 0.0
2017-06-29 01:38:43.070000 56204.124 0.0 0.0 3.996946 3.588413 0.0 0.0
2017-06-29 01:39:22.718000 56243.772 0.0 0.0 3.997171 3.58908 0.0 0.0
2017-06-29 01:40:02.356000 56283.41 0.0 0.0 3.997096 3.588746 0.0 0.0
2017-06-29 01:40:42.034000 56323.088 0.0 0.0 3.996946 3.588912 0.0 0.0
2017-06-29 01:41:21.572000 56362.626 0.0 0.0 3.997321 3.588746 0.0 0.0
2017-06-29 01:41:58.779000 56399.833 0.0 0.0 3.996721 3.588079 0.0 0.0
2017-06-29 01:42:38.347000 56439.401 0.0 0.0 3.997021 3.588579 0.0 0.0
2017-06-29 01:43:17.925000 56478.979 0.0 0.0 3.99657 3.588413 0.0 0.0
2017-06-29 01:43:57.493000 56518.547 0.0 0.0 3.996871 3.588413 0.0 0.0
2017-06-29 01:44:37.231000 56558.285 0.0 0.0 3.996871 3.588079 0.0 0.0
2017-06-29 01:45:17.029000 56598.083 0.0 0.0 3.996871 3.588663 0.0 0.0
2017-06-29 01:45:56.787000 56637.841 0.0 0.0 3.996946 3.589163 0.0 0.0
2017-06-29 01:46:34.224000 56675.278 0.0 0.0 3.996795 3.588579 0.0 0.0
2017-06-29 01:47:14.002000 56715.056 0.0 0.0 3.996946 3.588162 0.0 0.0
2017-06-29 01:47:53.740000 56754.794 0.0 0.0 3.996721 3.588746 0.0 0.0
2017-06-29 01:48:33.558000 56794.612 0.0 0.0 3.997321 3.588079 0.0 0.0
2017-06-29 01:49:13.357000 56834.411 0.0 0.0 3.996946 3.588413 0.0 0.0
2017-06-29 01:49:53.145000 56874.199 0.0 0.0 3.99657 3.588413 0.0 0.0
2017-06-29 01:50:32.953000 56914.007 0.0 0.0 3.996871 3.587996 0.0 0.0
2017-06-29 01:51:10.400000 56951.454 0.0 0.0 3.996645 3.588079 0.0 0.0
2017-06-29 01:51:50.358000 56991.412 0.0 0.0 3.997171 3.588746 0.0 0.0
2017-06-29 01:52:30.226000 57031.28 0.0 0.0 3.997246 3.588663 0.0 0.0
2017-06-29 01:53:10.124000 57071.178 0.0 0.0 3.996795 3.588162 0.0 0.0
2017-06-29 01:53:50.092000 57111.146 0.0 0.0 3.996871 3.587912 0.0 0.0
2017-06-29 01:54:30.080000 57151.134 0.0 0.0 3.996946 3.588496 0.0 0.0
2017-06-29 01:55:07.547000 57188.601 0.0 0.0 3.996946 3.589329 0.0 0.0
2017-06-29 01:55:47.515000 57228.569 0.0 0.0 3.997321 3.588996 0.0 0.0
2017-06-29 01:56:27.503000 57268.557 0.0 0.0 3.996496 3.588413 0.0 0.0
2017-06-29 01:57:07.551000 57308.605 0.0 0.0 3.996721 3.588746 0.0 0.0
2017-06-29 01:57:47.549000 57348.603 0.0 0.0 3.997021 3.588246 0.0 0.0
2017-06-29 01:58:27.437000 57388.491 0.0 0.0 3.996871 3.588579 0.0 0.0
2017-06-29 01:59:05.055000 57426.109 0.0 0.0 3.997246 3.588829 0.0 0.0
2017-06-29 01:59:45.072000 57466.126 0.0 0.0 3.997246 3.589163 0.0 0.0
2017-06-29 02:00:25.090000 57506.144 0.0 0.0 3.997021 3.588912 0.0 0.0
2017-06-29 02:01:04.919000 57545.973 0.0 0.0 3.99642 3.588496 0.0 0.0
2017-06-29 02:01:45.017000 57586.071 0.0 0.0 3.996795 3.588746 0.0 0.0
2017-06-29 02:02:25.125000 57626.179 0.0 0.0 3.996795 3.588746 0.0 0.0
2017-06-29 02:03:07.484000 57668.538 0.0 0.0 3.996871 3.588496 0.0 0.0
2017-06-29 02:03:45.091000 57706.145 0.0 0.0 3.997021 3.58908 0.0 0.0
2017-06-29 02:04:25.239000 57746.293 0.0 0.0 3.996721 3.588912 0.0 0.0
2017-06-29 02:05:05.337000 57786.391 0.0 0.0 3.997096 3.588663 0.0 0.0
2017-06-29 02:05:45.445000 57826.499 0.0 0.0 3.997021 3.588413 0.0 0.0
2017-06-29 02:06:25.673000 57866.727 0.0 0.0 3.996721 3.588746 0.0 0.0
2017-06-29 02:07:05.831000 57906.885 0.0 0.0 3.996871 3.588329 0.0 0.0
2017-06-29 02:07:46.059000 57947.113 0.0 0.0 3.997021 3.588413 0.0 0.0
2017-06-29 02:08:23.857000 57984.911 0.0 0.0 3.997171 3.588912 0.0 0.0
2017-06-29 02:09:04.115000 58025.169 0.0 0.0 3.996496 3.588496 0.0 0.0
2017-06-29 02:09:44.313000 58065.367 0.0 0.0 3.996946 3.588079 0.0 0.0
2017-06-29 02:10:24.221000 58105.275 0.0 0.0 3.997096 3.588746 0.0 0.0
2017-06-29 02:11:04.439000 58145.493 0.0 0.0 3.997021 3.588746 0.0 0.0
2017-06-29 02:11:44.647000 58185.701 0.0 0.0 3.996721 3.588579 0.0 0.0
2017-06-29 02:12:24.955000 58226.009 0.0 0.0 3.997171 3.588746 0.0 0.0
2017-06-29 02:13:02.873000 58263.927 0.0 0.0 3.996946 3.588329 0.0 0.0
2017-06-29 02:13:43.191000 58304.245 0.0 0.0 3.997021 3.588413 0.0 0.0
2017-06-29 02:14:23.519000 58344.573 0.0 0.0 3.997171 3.588413 0.0 0.0
2017-06-29 02:15:03.487000 58384.541 0.0 0.0 3.997021 3.588579 0.0 0.0
2017-06-29 02:15:43.875000 58424.929 0.0 0.0 3.997321 3.58908 0.0 0.0
2017-06-29 02:16:24.354000 58465.408 0.0 0.0 3.996946 3.587996 0.0 0.0
2017-06-29 02:17:04.682000 58505.736 0.0 0.0 3.997021 3.587829 0.0 0.0
2017-06-29 02:17:42.789000 58543.843 0.0 0.0 3.996871 3.588413 0.0 0.0
2017-06-29 02:18:23.207000 58584.261 0.0 0.0 3.997021 3.588246 0.0 0.0
2017-06-29 02:19:03.745000 58624.799 0.0 0.0 3.997021 3.588413 0.0 0.0
2017-06-29 02:19:44.053000 58665.107 0.0 0.0 3.996645 3.587912 0.0 0.0
2017-06-29 02:20:24.441000 58705.495 0.0 0.0 3.997021 3.588246 0.0 0.0
2017-06-29 02:21:04.969000 58746.023 0.0 0.0 3.996795 3.587996 0.0 0.0
2017-06-29 02:21:45.517000 58786.571 0.0 0.0 3.99642 3.587662 0.0 0.0
2017-06-29 02:22:23.645000 58824.699 0.0 0.0 3.996721 3.588746 0.0 0.0
2017-06-29 02:23:04.103000 58865.157 0.0 0.0 3.996721 3.588246 0.0 0.0
2017-06-29 02:23:44.661000 58905.715 0.0 0.0 3.996721 3.588746 0.0 0.0
2017-06-29 02:24:25.219000 58946.273 0.0 0.0 3.996871 3.588912 0.0 0.0
2017-06-29 02:25:05.728000 58986.782 0.0 0.0 3.997021 3.588579 0.0 0.0
2017-06-29 02:25:46.266000 59027.32 0.0 0.0 3.996721 3.588079 0.0 0.0
2017-06-29 02:26:26.885000 59067.939 0.0 0.0 3.997246 3.588413 0.0 0.0
2017-06-29 02:27:04.952000 59106.006 0.0 0.0 3.996795 3.588663 0.0 0.0
2017-06-29 02:27:45.560000 59146.614 0.0 0.0 3.996946 3.588329 0.0 0.0
2017-06-29 02:28:26.058000 59187.112 0.0 0.0 3.996721 3.587912 0.0 0.0
2017-06-29 02:29:06.796000 59227.85 0.0 0.0 3.997171 3.588162 0.0 0.0
2017-06-29 02:29:47.314000 59268.368 0.0 0.0 3.99657 3.588579 0.0 0.0
2017-06-29 02:30:28.083000 59309.137 0.0 0.0 3.996946 3.588329 0.0 0.0
2017-06-29 02:31:06.150000 59347.204 0.0 0.0 3.996645 3.588162 0.0 0.0
2017-06-29 02:31:46.868000 59387.922 0.0 0.0 3.997021 3.588496 0.0 0.0
2017-06-29 02:32:27.246000 59428.3 0.0 0.0 3.996721 3.587662 0.0 0.0
2017-06-29 02:33:08.154000 59469.208 0.0 0.0 3.997471 3.588746 0.0 0.0
2017-06-29 02:33:48.873000 59509.927 0.0 0.0 3.997021 3.587996 0.0 0.0
2017-06-29 02:34:29.451000 59550.505 0.0 0.0 3.997021 3.588329 0.0 0.0
2017-06-29 02:35:07.728000 59588.782 0.0 0.0 3.997171 3.587912 0.0 0.0
2017-06-29 02:35:48.426000 59629.48 0.0 0.0 3.996871 3.587996 0.0 0.0
2017-06-29 02:36:28.975000 59670.029 0.0 0.0 3.997021 3.588413 0.0 0.0
2017-06-29 02:37:09.744000 59710.798 0.0 0.0 3.997321 3.587746 0.0 0.0
2017-06-29 02:37:50.442000 59751.496 0.0 0.0 3.997021 3.588079 0.0 0.0
2017-06-29 02:38:31.360000 59792.414 0.0 0.0 3.997921 3.588246 0.0 0.0
2017-06-29 02:39:12.208000 59833.262 0.0 0.0 3.997321 3.587912 0.0 0.0
2017-06-29 02:39:50.476000 59871.53 0.0 0.0 3.996645 3.588079 0.0 0.0
2017-06-29 02:40:31.334000 59912.388 0.0 0.0 3.997246 3.588329 0.0 0.0
2017-06-29 02:41:11.712000 59952.766 0.0 0.0 3.996946 3.587829 0.0 0.0
2017-06-29 02:41:52.720000 59993.774 0.0 0.0 3.997171 3.587829 0.0 0.0
2017-06-29 02:42:33.678000 60034.732 0.0 0.0 3.997021 3.587912 0.0 0.0
2017-06-29 02:43:14.596000 60075.65 0.0 0.0 3.997246 3.587496 0.0 0.0
2017-06-29 02:43:53.074000 60114.128 0.0 0.0 3.997246 3.588329 0.0 0.0
2017-06-29 02:44:33.992000 60155.046 0.0 0.0 3.996946 3.587912 0.0 0.0
2017-06-29 02:45:14.910000 60195.964 0.0 0.0 3.997321 3.587412 0.0 0.0
2017-06-29 02:45:55.828000 60236.882 0.0 0.0 3.997246 3.587996 0.0 0.0
2017-06-29 02:46:36.726000 60277.78 0.0 0.0 3.997096 3.587996 0.0 0.0
2017-06-29 02:47:17.705000 60318.759 0.0 0.0 3.997321 3.588413 0.0 0.0
2017-06-29 02:47:58.743000 60359.797 0.0 0.0 3.997171 3.588246 0.0 0.0
2017-06-29 02:48:37.241000 60398.295 0.0 0.0 3.997021 3.587912 0.0 0.0
2017-06-29 02:49:18.190000 60439.244 0.0 0.0 3.997021 3.588079 0.0 0.0
2017-06-29 02:49:59.168000 60480.222 0.0 0.0 3.997096 3.587746 0.0 0.0
2017-06-29 02:50:39.996000 60521.05 0.0 0.0 3.997021 3.587245 0.0 0.0
2017-06-29 02:51:21.024000 60562.078 0.0 0.0 3.997471 3.587996 0.0 0.0
2017-06-29 02:52:02.132000 60603.186 0.0 0.0 3.996871 3.587746 0.0 0.0
2017-06-29 02:52:43.250000 60644.304 0.0 0.0 3.997096 3.587746 0.0 0.0
2017-06-29 02:53:21.778000 60682.832 0.0 0.0 3.997021 3.587912 0.0 0.0
2017-06-29 02:54:02.896000 60723.95 0.0 0.0 3.997021 3.587662 0.0 0.0
2017-06-29 02:54:43.985000 60765.039 0.0 0.0 3.997021 3.587412 0.0 0.0
2017-06-29 02:55:25.043000 60806.097 0.0 0.0 3.997321 3.588162 0.0 0.0
2017-06-29 02:56:06.211000 60847.265 0.0 0.0 3.997021 3.587829 0.0 0.0
2017-06-29 02:56:47.349000 60888.403 0.0 0.0 3.997321 3.587996 0.0 0.0
2017-06-29 02:57:28.537000 60929.591 0.0 0.0 3.997021 3.587746 0.0 0.0
2017-06-29 02:58:07.255000 60968.309 0.0 0.0 3.996645 3.587662 0.0 0.0
2017-06-29 02:58:48.453000 61009.507 0.0 0.0 3.996871 3.587579 0.0 0.0
2017-06-29 02:59:29.691000 61050.745 0.0 0.0 3.996946 3.587412 0.0 0.0
2017-06-29 03:00:10.851000 61091.905 0.0 0.0 3.997321 3.587912 0.0 0.0
2017-06-29 03:00:52.119000 61133.173 0.0 0.0 3.997471 3.587912 0.0 0.0
2017-06-29 03:01:33.317000 61174.371 0.0 0.0 3.997246 3.587412 0.0 0.0
2017-06-29 03:02:14.485000 61215.539 0.0 0.0 3.997471 3.587912 0.0 0.0
2017-06-29 03:02:53.233000 61254.287 0.0 0.0 3.996645 3.587912 0.0 0.0
2017-06-29 03:03:34.491000 61295.545 0.0 0.0 3.996871 3.587162 0.0 0.0
2017-06-29 03:04:15.819000 61336.873 0.0 0.0 3.997171 3.587245 0.0 0.0
2017-06-29 03:04:56.958000 61378.012 0.0 0.0 3.997171 3.587912 0.0 0.0
2017-06-29 03:05:38.206000 61419.26 0.0 0.0 3.997021 3.587412 0.0 0.0
2017-06-29 03:06:19.484000 61460.538 0.0 0.0 3.997246 3.587579 0.0 0.0
2017-06-29 03:07:00.822000 61501.876 0.0 0.0 3.997621 3.587746 0.0 0.0
2017-06-29 03:07:39.670000 61540.724 0.0 0.0 3.996946 3.587412 0.0 0.0
2017-06-29 03:08:21.038000 61582.092 0.0 0.0 3.996871 3.587829 0.0 0.0
2017-06-29 03:09:02.446000 61623.5 0.0 0.0 3.997471 3.587579 0.0 0.0
2017-06-29 03:09:43.825000 61664.879 0.0 0.0 3.997021 3.587079 0.0 0.0
2017-06-29 03:10:25.203000 61706.257 0.0 0.0 3.997096 3.587829 0.0 0.0
2017-06-29 03:11:06.491000 61747.545 0.0 0.0 3.997171 3.587245 0.0 0.0
2017-06-29 03:11:47.990000 61789.044 0.0 0.0 3.996721 3.587496 0.0 0.0
2017-06-29 03:12:26.958000 61828.012 0.0 0.0 3.996946 3.587662 0.0 0.0
2017-06-29 03:13:08.436000 61869.49 0.0 0.0 3.996721 3.587579 0.0 0.0
2017-06-29 03:13:49.925000 61910.979 0.0 0.0 3.997246 3.587412 0.0 0.0
2017-06-29 03:14:31.363000 61952.417 0.0 0.0 3.996946 3.587829 0.0 0.0
2017-06-29 03:15:12.651000 61993.705 0.0 0.0 3.997396 3.588246 0.0 0.0
2017-06-29 03:15:54.159000 62035.213 0.0 0.0 3.997321 3.587245 0.0 0.0
2017-06-29 03:16:35.788000 62076.842 0.0 0.0 3.997021 3.587912 0.0 0.0
2017-06-29 03:17:14.656000 62115.71 0.0 0.0 3.99657 3.587079 0.0 0.0
2017-06-29 03:17:56.224000 62157.278 0.0 0.0 3.997171 3.587245 0.0 0.0
2017-06-29 03:18:37.552000 62198.606 0.0 0.0 3.997096 3.587329 0.0 0.0
2017-06-29 03:19:19.140000 62240.194 0.0 0.0 3.997021 3.586912 0.0 0.0
2017-06-29 03:20:00.739000 62281.793 0.0 0.0 3.997021 3.587329 0.0 0.0
2017-06-29 03:20:42.397000 62323.451 0.0 0.0 3.997171 3.587746 0.0 0.0
2017-06-29 03:21:24.085000 62365.139 0.0 0.0 3.997396 3.587579 0.0 0.0
2017-06-29 03:22:03.163000 62404.217 0.0 0.0 3.997171 3.587996 0.0 0.0
2017-06-29 03:22:44.801000 62445.855 0.0 0.0 3.997021 3.587245 0.0 0.0
2017-06-29 03:23:26.430000 62487.484 0.0 0.0 3.997171 3.587412 0.0 0.0
2017-06-29 03:24:08.139000 62529.193 0.0 0.0 3.997171 3.587079 0.0 0.0
2017-06-29 03:24:49.717000 62570.771 0.0 0.0 3.996946 3.587329 0.0 0.0
2017-06-29 03:25:31.405000 62612.459 0.0 0.0 3.997171 3.587746 0.0 0.0
2017-06-29 03:26:13.154000 62654.208 0.0 0.0 3.997171 3.587746 0.0 0.0
2017-06-29 03:26:52.342000 62693.396 0.0 0.0 3.996795 3.587912 0.0 0.0
2017-06-29 03:27:33.870000 62734.924 0.0 0.0 3.996946 3.587662 0.0 0.0
2017-06-29 03:28:15.608000 62776.662 0.0 0.0 3.997021 3.588413 0.0 0.0
2017-06-29 03:28:57.386000 62818.44 0.0 0.0 3.997096 3.587912 0.0 0.0
2017-06-29 03:29:39.135000 62860.189 0.0 0.0 3.996721 3.587912 0.0 0.0
2017-06-29 03:30:20.863000 62901.917 0.0 0.0 3.997246 3.587412 0.0 0.0
2017-06-29 03:31:02.521000 62943.575 0.0 0.0 3.997771 3.588079 0.0 0.0
2017-06-29 03:31:41.599000 62982.653 0.0 0.0 3.997321 3.587746 0.0 0.0
2017-06-29 03:32:23.377000 63024.431 0.0 0.0 3.997471 3.588246 0.0 0.0
2017-06-29 03:33:05.256000 63066.31 0.0 0.0 3.997021 3.588246 0.0 0.0
2017-06-29 03:33:47.074000 63108.128 0.0 0.0 3.997396 3.587996 0.0 0.0
2017-06-29 03:34:28.852000 63149.906 0.0 0.0 3.997621 3.587245 0.0 0.0
2017-06-29 03:35:10.691000 63191.745 0.0 0.0 3.997171 3.587662 0.0 0.0
2017-06-29 03:35:52.610000 63233.664 0.0 0.0 3.997396 3.588079 0.0 0.0
2017-06-29 03:36:31.888000 63272.942 0.0 0.0 3.996795 3.587746 0.0 0.0
2017-06-29 03:37:13.836000 63314.89 0.0 0.0 3.996946 3.587996 0.0 0.0
2017-06-29 03:37:55.725000 63356.779 0.0 0.0 3.997096 3.587329 0.0 0.0
2017-06-29 03:38:37.423000 63398.477 0.0 0.0 3.997021 3.587746 0.0 0.0
2017-06-29 03:39:19.391000 63440.445 0.0 0.0 3.997246 3.587162 0.0 0.0
2017-06-29 03:40:01.420000 63482.474 0.0 0.0 3.997321 3.587579 0.0 0.0
2017-06-29 03:40:43.428000 63524.482 0.0 0.0 3.997246 3.587412 0.0 0.0
2017-06-29 03:41:22.726000 63563.78 0.0 0.0 3.997096 3.587996 0.0 0.0
2017-06-29 03:42:04.724000 63605.778 0.0 0.0 3.997096 3.587746 0.0 0.0
2017-06-29 03:42:46.553000 63647.607 0.0 0.0 3.997096 3.587829 0.0 0.0
2017-06-29 03:43:28.601000 63689.655 0.0 0.0 3.997021 3.587496 0.0 0.0
2017-06-29 03:44:10.639000 63731.693 0.0 0.0 3.997171 3.587496 0.0 0.0
2017-06-29 03:44:52.708000 63773.762 0.0 0.0 3.997171 3.587079 0.0 0.0
2017-06-29 03:45:34.736000 63815.79 0.0 0.0 3.997321 3.587829 0.0 0.0
2017-06-29 03:46:14.264000 63855.318 0.0 0.0 3.996795 3.587912 0.0 0.0
2017-06-29 03:46:56.352000 63897.406 0.0 0.0 3.997096 3.587496 0.0 0.0
2017-06-29 03:47:38.662000 63939.716 0.0 0.0 3.997621 3.587912 0.0 0.0
2017-06-29 03:48:21.280000 63982.334 0.0 0.0 3.997396 3.587579 0.0 0.0
2017-06-29 03:49:03.999000 64025.053 0.0 0.0 3.997396 3.587746 0.0 0.0
2017-06-29 03:49:46.747000 64067.801 0.0 0.0 3.997546 3.587746 0.0 0.0
2017-06-29 03:50:29.666000 64110.72 0.0 0.0 3.996871 3.587412 0.0 0.0
2017-06-29 03:51:09.724000 64150.778 0.0 0.0 3.996645 3.587579 0.0 0.0
2017-06-29 03:51:52.302000 64193.356 0.0 0.0 3.996946 3.587496 0.0 0.0
2017-06-29 03:52:35.151000 64236.205 0.0 0.0 3.997396 3.587829 0.0 0.0
2017-06-29 03:53:18.039000 64279.093 0.0 0.0 3.996946 3.587412 0.0 0.0
2017-06-29 03:54:00.778000 64321.832 0.0 0.0 3.997471 3.587412 0.0 0.0
2017-06-29 03:54:43.336000 64364.39 0.0 0.0 3.997471 3.587746 0.0 0.0
2017-06-29 03:55:25.995000 64407.049 0.0 0.0 3.997246 3.587662 0.0 0.0
2017-06-29 03:56:06.013000 64447.067 0.0 0.0 3.997171 3.587996 0.0 0.0
2017-06-29 03:56:48.671000 64489.725 0.0 0.0 3.996721 3.587412 0.0 0.0
2017-06-29 03:57:31.410000 64532.464 0.0 0.0 3.997246 3.587829 0.0 0.0
2017-06-29 03:58:14.088000 64575.142 0.0 0.0 3.997171 3.587662 0.0 0.0
2017-06-29 03:58:56.437000 64617.491 0.0 0.0 3.997621 3.588246 0.0 0.0
2017-06-29 03:59:38.716000 64659.77 0.0 0.0 3.997171 3.587912 0.0 0.0
2017-06-29 04:00:21.065000 64702.119 0.0 0.0 3.997021 3.587746 0.0 0.0
2017-06-29 04:01:00.803000 64741.857 0.0 0.0 3.997321 3.588246 0.0 0.0
2017-06-29 04:01:42.991000 64784.045 0.0 0.0 3.996496 3.587496 0.0 0.0
2017-06-29 04:02:25.419000 64826.473 0.0 0.0 3.997021 3.588079 0.0 0.0
2017-06-29 04:03:07.598000 64868.652 0.0 0.0 3.996645 3.587662 0.0 0.0
2017-06-29 04:03:50.006000 64911.06 0.0 0.0 3.996496 3.587329 0.0 0.0
2017-06-29 04:04:32.195000 64953.249 0.0 0.0 3.996496 3.587579 0.0 0.0
2017-06-29 04:05:14.633000 64995.687 0.0 0.0 3.997021 3.587912 0.0 0.0
2017-06-29 04:05:54.441000 65035.495 0.0 0.0 3.996871 3.587912 0.0 0.0
2017-06-29 04:06:36.699000 65077.753 0.0 0.0 3.997021 3.587579 0.0 0.0
2017-06-29 04:07:19.118000 65120.172 0.0 0.0 3.997021 3.587912 0.0 0.0
2017-06-29 04:08:01.636000 65162.69 0.0 0.0 3.997021 3.587496 0.0 0.0
2017-06-29 04:08:43.905000 65204.959 0.0 0.0 3.996871 3.587579 0.0 0.0
2017-06-29 04:09:26.363000 65247.417 0.0 0.0 3.997246 3.587496 0.0 0.0
2017-06-29 04:10:08.852000 65289.906 0.0 0.0 3.997171 3.587912 0.0 0.0
2017-06-29 04:10:48.681000 65329.735 0.0 0.0 3.997021 3.588246 0.0 0.0
2017-06-29 04:11:31.229000 65372.283 0.0 0.0 3.996871 3.587496 0.0 0.0
2017-06-29 04:12:13.808000 65414.862 0.0 0.0 3.996871 3.587329 0.0 0.0
2017-06-29 04:12:56.246000 65457.3 0.0 0.0 3.996871 3.587579 0.0 0.0
2017-06-29 04:13:38.815000 65499.869 0.0 0.0 3.996496 3.587245 0.0 0.0
2017-06-29 04:14:21.373000 65542.427 0.0 0.0 3.997096 3.587079 0.0 0.0
2017-06-29 04:15:04.001000 65585.055 0.0 0.0 3.996721 3.587412 0.0 0.0
2017-06-29 04:15:43.999000 65625.053 0.0 0.0 3.997021 3.587746 0.0 0.0
2017-06-29 04:16:26.468000 65667.522 0.0 0.0 3.996795 3.587496 0.0 0.0
2017-06-29 04:17:09.096000 65710.15 0.0 0.0 3.997471 3.587912 0.0 0.0
2017-06-29 04:17:51.745000 65752.799 0.0 0.0 3.997096 3.587496 0.0 0.0
2017-06-29 04:18:34.373000 65795.427 0.0 0.0 3.997021 3.587245 0.0 0.0
2017-06-29 04:19:17.142000 65838.196 0.0 0.0 3.996946 3.587162 0.0 0.0
2017-06-29 04:19:59.840000 65880.894 0.0 0.0 3.996795 3.586579 0.0 0.0
2017-06-29 04:20:39.778000 65920.832 0.0 0.0 3.996871 3.587579 0.0 0.0
2017-06-29 04:21:22.317000 65963.371 0.0 0.0 3.997471 3.587746 0.0 0.0
2017-06-29 04:22:05.035000 66006.089 0.0 0.0 3.997096 3.587245 0.0 0.0
2017-06-29 04:22:47.795000 66048.849 0.0 0.0 3.997171 3.587412 0.0 0.0
2017-06-29 04:23:30.563000 66091.617 0.0 0.0 3.997321 3.588162 0.0 0.0
2017-06-29 04:24:13.412000 66134.466 0.0 0.0 3.997096 3.587746 0.0 0.0
2017-06-29 04:24:56.230000 66177.284 0.0 0.0 3.997021 3.587662 0.0 0.0
2017-06-29 04:25:36.408000 66217.462 0.0 0.0 3.996871 3.587329 0.0 0.0
2017-06-29 04:26:19.127000 66260.181 0.0 0.0 3.997171 3.586745 0.0 0.0
2017-06-29 04:27:01.935000 66302.989 0.0 0.0 3.997171 3.587079 0.0 0.0
2017-06-29 04:27:44.654000 66345.708 0.0 0.0 3.997021 3.586912 0.0 0.0
2017-06-29 04:28:27.482000 66388.536 0.0 0.0 3.996645 3.586912 0.0 0.0
2017-06-29 04:29:10.331000 66431.385 0.0 0.0 3.997171 3.587245 0.0 0.0
2017-06-29 04:29:53.200000 66474.254 0.0 0.0 3.996871 3.586995 0.0 0.0
2017-06-29 04:30:33.488000 66514.542 0.0 0.0 3.996871 3.586912 0.0 0.0
2017-06-29 04:31:16.396000 66557.45 0.0 0.0 3.997471 3.587746 0.0 0.0
2017-06-29 04:31:59.265000 66600.319 0.0 0.0 3.996946 3.586829 0.0 0.0
2017-06-29 04:32:42.193000 66643.247 0.0 0.0 3.996946 3.586495 0.0 0.0
2017-06-29 04:33:25.072000 66686.126 0.0 0.0 3.997321 3.587245 0.0 0.0
2017-06-29 04:34:08.090000 66729.144 0.0 0.0 3.996795 3.587079 0.0 0.0
2017-06-29 04:34:51.050000 66772.104 0.0 0.0 3.996871 3.586745 0.0 0.0
2017-06-29 04:35:31.378000 66812.432 0.0 0.0 3.996795 3.586745 0.0 0.0
2017-06-29 04:36:14.256000 66855.31 0.0 0.0 3.997396 3.587496 0.0 0.0
2017-06-29 04:36:57.265000 66898.319 0.0 0.0 3.997021 3.587245 0.0 0.0
2017-06-29 04:37:40.324000 66941.378 0.0 0.0 3.997471 3.587079 0.0 0.0
2017-06-29 04:38:23.202000 66984.256 0.0 0.0 3.996721 3.586912 0.0 0.0
2017-06-29 04:39:06.081000 67027.135 0.0 0.0 3.997096 3.586995 0.0 0.0
2017-06-29 04:39:49.209000 67070.263 0.0 0.0 3.99612 3.586579 0.0 0.0
2017-06-29 04:40:29.427000 67110.481 0.0 0.0 3.996645 3.586829 0.0 0.0
2017-06-29 04:41:12.466000 67153.52 0.0 0.0 3.997396 3.587162 0.0 0.0
2017-06-29 04:41:55.514000 67196.568 0.0 0.0 3.996871 3.586579 0.0 0.0
2017-06-29 04:42:38.623000 67239.677 0.0 0.0 3.996871 3.586912 0.0 0.0
2017-06-29 04:43:21.791000 67282.845 0.0 0.0 3.996721 3.586829 0.0 0.0
2017-06-29 04:44:04.919000 67325.973 0.0 0.0 3.996721 3.586579 0.0 0.0
2017-06-29 04:44:48.028000 67369.082 0.0 0.0 3.997396 3.587245 0.0 0.0
2017-06-29 04:45:28.486000 67409.54 0.0 0.0 3.996645 3.586995 0.0 0.0
2017-06-29 04:46:11.805000 67452.859 0.0 0.0 3.996645 3.586745 0.0 0.0
2017-06-29 04:46:55.014000 67496.068 0.0 0.0 3.996721 3.586745 0.0 0.0
2017-06-29 04:47:38.233000 67539.287 0.0 0.0 3.997321 3.587412 0.0 0.0
2017-06-29 04:48:21.491000 67582.545 0.0 0.0 3.997096 3.587329 0.0 0.0
2017-06-29 04:49:04.550000 67625.604 0.0 0.0 3.997021 3.586579 0.0 0.0
2017-06-29 04:49:47.768000 67668.822 0.0 0.0 3.997096 3.586745 0.0 0.0
2017-06-29 04:50:28.247000 67709.301 0.0 0.0 3.997696 3.586495 0.0 0.0
2017-06-29 04:51:11.615000 67752.669 0.0 0.0 3.997171 3.587579 0.0 0.0
2017-06-29 04:51:54.724000 67795.778 0.0 0.0 3.997021 3.586829 0.0 0.0
2017-06-29 04:52:38.032000 67839.086 0.0 0.0 3.997021 3.587245 0.0 0.0
2017-06-29 04:53:21.241000 67882.295 0.0 0.0 3.997171 3.587329 0.0 0.0
2017-06-29 04:54:04.540000 67925.594 0.0 0.0 3.998071 3.587245 0.0 0.0
2017-06-29 04:54:47.848000 67968.902 0.0 0.0 3.997171 3.587579 0.0 0.0
2017-06-29 04:55:28.456000 68009.51 0.0 0.0 3.997321 3.587412 0.0 0.0
2017-06-29 04:56:11.885000 68052.939 0.0 0.0 3.997096 3.587662 0.0 0.0
2017-06-29 04:56:55.144000 68096.198 0.0 0.0 3.996721 3.586745 0.0 0.0
2017-06-29 04:57:38.312000 68139.366 0.0 0.0 3.997171 3.586745 0.0 0.0
2017-06-29 04:58:21.552000 68182.606 0.0 0.0 3.997471 3.587579 0.0 0.0
2017-06-29 04:59:04.940000 68225.994 0.0 0.0 3.997096 3.586995 0.0 0.0
2017-06-29 04:59:48.299000 68269.353 0.0 0.0 3.996721 3.587245 0.0 0.0
2017-06-29 05:00:28.987000 68310.041 0.0 0.0 3.996871 3.587412 0.0 0.0
2017-06-29 05:01:12.266000 68353.32 0.0 0.0 3.997096 3.587245 0.0 0.0
2017-06-29 05:01:55.514000 68396.568 0.0 0.0 3.997096 3.587329 0.0 0.0
2017-06-29 05:02:38.963000 68440.017 0.0 0.0 3.996795 3.587329 0.0 0.0
2017-06-29 05:03:22.422000 68483.476 0.0 0.0 3.996645 3.586829 0.0 0.0
2017-06-29 05:04:05.780000 68526.834 0.0 0.0 3.997246 3.587329 0.0 0.0
2017-06-29 05:04:49.289000 68570.343 0.0 0.0 3.997546 3.588162 0.0 0.0
2017-06-29 05:05:30.057000 68611.111 0.0 0.0 3.997171 3.587162 0.0 0.0
2017-06-29 05:06:13.406000 68654.46 0.0 0.0 3.997171 3.587329 0.0 0.0
2017-06-29 05:06:56.754000 68697.808 0.0 0.0 3.997021 3.587746 0.0 0.0
2017-06-29 05:07:40.293000 68741.347 0.0 0.0 3.997021 3.587912 0.0 0.0
2017-06-29 05:08:23.792000 68784.846 0.0 0.0 3.996721 3.587162 0.0 0.0
2017-06-29 05:09:07.340000 68828.394 0.0 0.0 3.997171 3.587829 0.0 0.0
2017-06-29 05:09:50.890000 68871.944 0.0 0.0 3.996871 3.587079 0.0 0.0
2017-06-29 05:10:31.728000 68912.782 0.0 0.0 3.997171 3.587245 0.0 0.0
2017-06-29 05:11:15.207000 68956.261 0.0 0.0 3.997021 3.586829 0.0 0.0
2017-06-29 05:11:58.816000 68999.87 0.0 0.0 3.997171 3.586995 0.0 0.0
2017-06-29 05:12:42.424000 69043.478 0.0 0.0 3.997321 3.587579 0.0 0.0
2017-06-29 05:13:26.953000 69088.007 0.0 0.0 3.997096 3.587829 0.0 0.0
2017-06-29 05:14:12.902000 69133.956 0.0 0.0 3.996871 3.587412 0.0 0.0
2017-06-29 05:14:58.441000 69179.495 0.0 0.0 3.996496 3.587079 0.0 0.0
2017-06-29 05:15:39.410000 69220.464 0.0 0.0 3.997471 3.588079 0.0 0.0
2017-06-29 05:16:23.178000 69264.232 0.0 0.0 3.99657 3.587746 0.0 0.0
2017-06-29 05:17:06.927000 69307.981 0.0 0.0 3.996871 3.587912 0.0 0.0
2017-06-29 05:17:50.496000 69351.55 0.0 0.0 3.997546 3.588079 0.0 0.0
2017-06-29 05:18:34.234000 69395.288 0.0 0.0 3.997171 3.587912 0.0 0.0
2017-06-29 05:19:17.803000 69438.857 0.0 0.0 3.996721 3.587412 0.0 0.0
2017-06-29 05:20:01.612000 69482.666 0.0 0.0 3.996721 3.587329 0.0 0.0
2017-06-29 05:20:42.650000 69523.704 0.0 0.0 3.996871 3.587162 0.0 0.0
2017-06-29 05:21:26.459000 69567.513 0.0 0.0 3.997171 3.587579 0.0 0.0
2017-06-29 05:22:10.238000 69611.292 0.0 0.0 3.996645 3.587496 0.0 0.0
2017-06-29 05:22:54.017000 69655.071 0.0 0.0 3.997396 3.587579 0.0 0.0
2017-06-29 05:23:37.786000 69698.84 0.0 0.0 3.997621 3.587579 0.0 0.0
2017-06-29 05:24:21.705000 69742.759 0.0 0.0 3.996496 3.587329 0.0 0.0
2017-06-29 05:25:05.473000 69786.527 0.0 0.0 3.997021 3.588079 0.0 0.0
2017-06-29 05:25:46.461000 69827.515 0.0 0.0 3.997621 3.587746 0.0 0.0
2017-06-29 05:26:30.260000 69871.314 0.0 0.0 3.996871 3.587329 0.0 0.0
2017-06-29 05:27:14.079000 69915.133 0.0 0.0 3.997171 3.587245 0.0 0.0
2017-06-29 05:27:57.858000 69958.912 0.0 0.0 3.997171 3.587579 0.0 0.0
2017-06-29 05:28:41.786000 70002.84 0.0 0.0 3.996871 3.587746 0.0 0.0
2017-06-29 05:29:30.106000 70051.16 0.0 0.0 3.997171 3.588246 0.0 0.0
2017-06-29 05:30:14.015000 70095.069 0.0 0.0 3.99657 3.587746 0.0 0.0
2017-06-29 05:30:55.173000 70136.227 0.0 0.0 3.997246 3.587662 0.0 0.0
2017-06-29 05:31:39.152000 70180.206 0.0 0.0 3.996721 3.587579 0.0 0.0
2017-06-29 05:32:23.180000 70224.234 0.0 0.0 3.997246 3.587579 0.0 0.0
2017-06-29 05:33:07.199000 70268.253 0.0 0.0 3.997471 3.587912 0.0 0.0
2017-06-29 05:33:51.209000 70312.263 0.0 0.0 3.997021 3.587412 0.0 0.0
2017-06-29 05:34:35.058000 70356.112 0.0 0.0 3.996795 3.587662 0.0 0.0
2017-06-29 05:35:18.976000 70400.03 0.0 0.0 3.996871 3.587245 0.0 0.0
2017-06-29 05:36:00.325000 70441.379 0.0 0.0 3.997096 3.586912 0.0 0.0
2017-06-29 05:36:44.373000 70485.427 0.0 0.0 3.997171 3.587245 0.0 0.0
2017-06-29 05:37:28.492000 70529.546 0.0 0.0 3.997021 3.587746 0.0 0.0
2017-06-29 05:38:12.481000 70573.535 0.0 0.0 3.99642 3.587079 0.0 0.0
2017-06-29 05:38:56.630000 70617.684 0.0 0.0 3.997096 3.586912 0.0 0.0
2017-06-29 05:39:40.729000 70661.783 0.0 0.0 3.997171 3.587496 0.0 0.0
2017-06-29 05:40:24.857000 70705.911 0.0 0.0 3.997021 3.586912 0.0 0.0
2017-06-29 05:41:06.216000 70747.27 0.0 0.0 3.997246 3.586995 0.0 0.0
2017-06-29 05:41:50.414000 70791.468 0.0 0.0 3.997021 3.587245 0.0 0.0
2017-06-29 05:42:34.423000 70835.477 0.0 0.0 3.99627 3.586745 0.0 0.0
2017-06-29 05:43:18.442000 70879.496 0.0 0.0 3.997471 3.586745 0.0 0.0
2017-06-29 05:44:02.601000 70923.655 0.0 0.0 3.996721 3.586579 0.0 0.0
2017-06-29 05:44:46.860000 70967.914 0.0 0.0 3.997696 3.586579 0.0 0.0
2017-06-29 05:45:30.999000 71012.053 0.0 0.0 3.997096 3.587412 0.0 0.0
2017-06-29 05:46:12.498000 71053.552 0.0 0.0 3.997171 3.586912 0.0 0.0
2017-06-29 05:46:56.706000 71097.76 0.0 0.0 3.996871 3.586745 0.0 0.0
2017-06-29 05:47:40.975000 71142.029 0.0 0.0 3.996496 3.586662 0.0 0.0
2017-06-29 05:48:25.054000 71186.108 0.0 0.0 3.997021 3.587079 0.0 0.0
2017-06-29 05:49:09.343000 71230.397 0.0 0.0 3.997096 3.586745 0.0 0.0
2017-06-29 05:49:53.682000 71274.736 0.0 0.0 3.996721 3.586995 0.0 0.0
2017-06-29 05:50:38.060000 71319.114 0.0 0.0 3.997246 3.587329 0.0 0.0
2017-06-29 05:51:19.609000 71360.663 0.0 0.0 3.997171 3.586745 0.0 0.0
2017-06-29 05:52:03.858000 71404.912 0.0 0.0 3.997171 3.586829 0.0 0.0
2017-06-29 05:52:47.826000 71448.88 0.0 0.0 3.997021 3.586745 0.0 0.0
2017-06-29 05:53:32.165000 71493.219 0.0 0.0 3.996721 3.586662 0.0 0.0
2017-06-29 05:54:16.484000 71537.538 0.0 0.0 3.996721 3.586912 0.0 0.0
2017-06-29 05:55:00.783000 71581.837 0.0 0.0 3.997021 3.586745 0.0 0.0
2017-06-29 05:55:45.082000 71626.136 0.0 0.0 3.996721 3.586829 0.0 0.0
2017-06-29 05:56:26.670000 71667.724 0.0 0.0 3.997396 3.586829 0.0 0.0
2017-06-29 05:57:11.030000 71712.084 0.0 0.0 3.996496 3.586412 0.0 0.0
2017-06-29 05:57:55.419000 71756.473 0.0 0.0 3.996045 3.586412 0.0 0.0
2017-06-29 05:58:39.797000 71800.851 0.0 0.0 3.997921 3.586078 0.0 0.0
2017-06-29 05:59:24.166000 71845.22 0.0 0.0 3.99657 3.586579 0.0 0.0
2017-06-29 06:00:08.665000 71889.719 0.0 0.0 3.997171 3.586912 0.0 0.0
2017-06-29 06:00:53.174000 71934.228 0.0 0.0 3.997021 3.586078 0.0 0.0
2017-06-29 06:01:34.772000 71975.826 0.0 0.0 3.997996 3.586329 0.0 0.0
2017-06-29 06:02:19.131000 72020.185 0.0 0.0 3.997471 3.586162 0.0 0.0
2017-06-29 06:03:03.620000 72064.674 0.0 0.0 3.996645 3.586495 0.0 0.0
2017-06-29 06:03:48.119000 72109.173 0.0 0.0 3.997021 3.586245 0.0 0.0
2017-06-29 06:04:32.648000 72153.702 0.0 0.0 3.996871 3.586745 0.0 0.0
2017-06-29 06:05:17.097000 72198.151 0.0 0.0 3.997096 3.586745 0.0 0.0
2017-06-29 06:06:01.635000 72242.689 0.0 0.0 3.996871 3.586078 0.0 0.0
2017-06-29 06:06:43.344000 72284.398 0.0 0.0 3.996795 3.586245 0.0 0.0
2017-06-29 06:07:27.963000 72329.017 0.0 0.0 3.996345 3.586329 0.0 0.0
2017-06-29 06:08:12.622000 72373.676 0.0 0.0 3.996871 3.586745 0.0 0.0
2017-06-29 06:08:57.271000 72418.325 0.0 0.0 3.997171 3.586579 0.0 0.0
2017-06-29 06:09:41.940000 72462.994 0.0 0.0 3.996871 3.586745 0.0 0.0
2017-06-29 06:10:26.549000 72507.603 0.0 0.0 3.997021 3.586745 0.0 0.0
2017-06-29 06:11:11.198000 72552.252 0.0 0.0 3.997171 3.586912 0.0 0.0
2017-06-29 06:11:52.886000 72593.94 0.0 0.0 3.996946 3.586162 0.0 0.0
2017-06-29 06:12:37.435000 72638.489 0.0 0.0 3.996496 3.586078 0.0 0.0
2017-06-29 06:13:21.974000 72683.028 0.0 0.0 3.996496 3.586829 0.0 0.0
2017-06-29 06:14:06.653000 72727.707 0.0 0.0 3.997396 3.586912 0.0 0.0
2017-06-29 06:14:51.352000 72772.406 0.0 0.0 3.996721 3.586245 0.0 0.0
2017-06-29 06:15:36.111000 72817.165 0.0 0.0 3.997096 3.586579 0.0 0.0
2017-06-29 06:16:20.750000 72861.804 0.0 0.0 3.996946 3.586662 0.0 0.0
2017-06-29 06:17:02.658000 72903.712 0.0 0.0 3.997171 3.586912 0.0 0.0
2017-06-29 06:17:47.437000 72948.491 0.0 0.0 3.996721 3.586495 0.0 0.0
2017-06-29 06:18:31.976000 72993.03 0.0 0.0 3.99642 3.586745 0.0 0.0
2017-06-29 06:19:16.765000 73037.819 0.0 0.0 3.99657 3.586745 0.0 0.0
2017-06-29 06:20:01.544000 73082.598 0.0 0.0 3.996721 3.586995 0.0 0.0
2017-06-29 06:20:46.424000 73127.478 0.0 0.0 3.996795 3.586579 0.0 0.0
2017-06-29 06:21:31.233000 73172.287 0.0 0.0 3.996721 3.586579 0.0 0.0
2017-06-29 06:22:13.251000 73214.305 0.0 0.0 3.996871 3.586829 0.0 0.0
2017-06-29 06:22:58.160000 73259.214 0.0 0.0 3.99642 3.586245 0.0 0.0
2017-06-29 06:23:43.089000 73304.143 0.0 0.0 3.996721 3.586412 0.0 0.0
2017-06-29 06:24:27.768000 73348.822 0.0 0.0 3.996645 3.586912 0.0 0.0
2017-06-29 06:25:12.657000 73393.711 0.0 0.0 3.99627 3.586579 0.0 0.0
2017-06-29 06:25:57.586000 73438.64 0.0 0.0 3.996795 3.586495 0.0 0.0
2017-06-29 06:26:42.545000 73483.599 0.0 0.0 3.99657 3.586745 0.0 0.0
2017-06-29 06:27:24.643000 73525.697 0.0 0.0 3.997246 3.586829 0.0 0.0
2017-06-29 06:28:09.562000 73570.616 0.0 0.0 3.996871 3.586662 0.0 0.0
2017-06-29 06:28:54.561000 73615.615 0.0 0.0 3.996871 3.587412 0.0 0.0
2017-06-29 06:29:39.320000 73660.374 0.0 0.0 3.997171 3.587412 0.0 0.0
2017-06-29 06:30:24.309000 73705.363 0.0 0.0 3.996871 3.586829 0.0 0.0
2017-06-29 06:31:09.308000 73750.362 0.0 0.0 3.996645 3.587079 0.0 0.0
2017-06-29 06:31:54.287000 73795.341 0.0 0.0 3.99657 3.586412 0.0 0.0
2017-06-29 06:32:36.506000 73837.56 0.0 0.0 3.997246 3.587162 0.0 0.0
2017-06-29 06:33:21.635000 73882.689 0.0 0.0 3.997171 3.586912 0.0 0.0
2017-06-29 06:34:06.654000 73927.708 0.0 0.0 3.997471 3.586995 0.0 0.0
2017-06-29 06:34:51.723000 73972.777 0.0 0.0 3.996946 3.587162 0.0 0.0
2017-06-29 06:35:36.802000 74017.856 0.0 0.0 3.996496 3.586495 0.0 0.0
2017-06-29 06:36:21.891000 74062.945 0.0 0.0 3.996721 3.587079 0.0 0.0
2017-06-29 06:37:06.960000 74108.014 0.0 0.0 3.996721 3.586412 0.0 0.0
2017-06-29 06:37:49.198000 74150.252 0.0 0.0 3.997021 3.585411 0.0 0.0
2017-06-29 06:38:34.317000 74195.371 0.0 0.0 3.997021 3.586412 0.0 0.0
2017-06-29 06:39:28.398000 74249.452 0.0 0.0 3.997321 3.586745 0.0 0.0
2017-06-29 06:40:13.527000 74294.581 0.0 0.0 3.996721 3.586412 0.0 0.0
2017-06-29 06:40:58.736000 74339.79 0.0 0.0 3.997096 3.586912 0.0 0.0
2017-06-29 06:41:43.985000 74385.039 0.0 0.0 3.997021 3.586579 0.0 0.0
2017-06-29 06:42:29.154000 74430.208 0.0 0.0 3.996871 3.586412 0.0 0.0
2017-06-29 06:43:11.503000 74472.557 0.0 0.0 3.997021 3.586745 0.0 0.0
2017-06-29 06:43:56.682000 74517.736 0.0 0.0 3.996795 3.587079 0.0 0.0
2017-06-29 06:44:41.952000 74563.006 0.0 0.0 3.996721 3.587245 0.0 0.0
2017-06-29 06:45:27.221000 74608.275 0.0 0.0 3.996795 3.586829 0.0 0.0
2017-06-29 06:46:12.450000 74653.504 0.0 0.0 3.996721 3.586912 0.0 0.0
2017-06-29 06:46:57.739000 74698.793 0.0 0.0 3.99657 3.586245 0.0 0.0
2017-06-29 06:47:42.988000 74744.042 0.0 0.0 3.99657 3.586579 0.0 0.0
2017-06-29 06:48:25.196000 74786.25 0.0 0.0 3.996721 3.586745 0.0 0.0
2017-06-29 06:49:10.465000 74831.519 0.0 0.0 3.996946 3.586329 0.0 0.0
2017-06-29 06:49:55.714000 74876.768 0.0 0.0 3.99657 3.586579 0.0 0.0
2017-06-29 06:50:41.043000 74922.097 0.0 0.0 3.997171 3.586662 0.0 0.0
2017-06-29 06:51:26.342000 74967.396 0.0 0.0 3.996345 3.586745 0.0 0.0
2017-06-29 06:52:11.661000 75012.715 0.0 0.0 3.996946 3.586329 0.0 0.0
2017-06-29 06:52:57.070000 75058.124 0.0 0.0 3.996871 3.586412 0.0 0.0
2017-06-29 06:53:39.479000 75100.533 0.0 0.0 3.99657 3.586245 0.0 0.0
2017-06-29 06:54:24.878000 75145.932 0.0 0.0 3.997321 3.586078 0.0 0.0
2017-06-29 06:55:10.327000 75191.381 0.0 0.0 3.99642 3.586912 0.0 0.0
2017-06-29 06:55:55.536000 75236.59 0.0 0.0 3.996871 3.586245 0.0 0.0
2017-06-29 06:56:40.976000 75282.03 0.0 0.0 3.997021 3.586745 0.0 0.0
2017-06-29 06:57:26.405000 75327.459 0.0 0.0 3.996645 3.586329 0.0 0.0
2017-06-29 06:58:11.894000 75372.948 0.0 0.0 3.997021 3.586745 0.0 0.0
2017-06-29 06:58:54.512000 75415.566 0.0 0.0 3.99657 3.586495 0.0 0.0
2017-06-29 06:59:40.011000 75461.065 0.0 0.0 3.996496 3.586495 0.0 0.0
2017-06-29 07:00:25.450000 75506.504 0.0 0.0 3.997021 3.586745 0.0 0.0
2017-06-29 07:01:10.900000 75551.954 0.0 0.0 3.99627 3.585995 0.0 0.0
2017-06-29 07:01:56.369000 75597.423 0.0 0.0 3.996871 3.586329 0.0 0.0
2017-06-29 07:02:41.898000 75642.952 0.0 0.0 3.99657 3.586662 0.0 0.0
2017-06-29 07:03:27.467000 75688.521 0.0 0.0 3.997846 3.586829 0.0 0.0
2017-06-29 07:04:10.135000 75731.189 0.0 0.0 3.997321 3.586745 0.0 0.0
2017-06-29 07:04:55.714000 75776.768 0.0 0.0 3.997321 3.586412 0.0 0.0
2017-06-29 07:05:41.353000 75822.407 0.0 0.0 3.996345 3.586662 0.0 0.0
2017-06-29 07:06:26.952000 75868.006 0.0 0.0 3.996946 3.586662 0.0 0.0
2017-06-29 07:07:12.552000 75913.606 0.0 0.0 3.996721 3.587496 0.0 0.0
2017-06-29 07:07:57.972000 75959.026 0.0 0.0 3.997246 3.586412 0.0 0.0
2017-06-29 07:08:43.611000 76004.665 0.0 0.0 3.996946 3.586245 0.0 0.0
2017-06-29 07:09:26.399000 76047.453 0.0 0.0 3.998071 3.585912 0.0 0.0
2017-06-29 07:10:12.028000 76093.082 0.0 0.0 3.997846 3.586579 0.0 0.0
2017-06-29 07:10:57.517000 76138.571 0.0 0.0 3.997021 3.586579 0.0 0.0
2017-06-29 07:11:43.216000 76184.27 0.0 0.0 3.99627 3.585912 0.0 0.0
2017-06-29 07:12:28.936000 76229.99 0.0 0.0 3.996496 3.586245 0.0 0.0
2017-06-29 07:13:14.555000 76275.609 0.0 0.0 3.996645 3.585662 0.0 0.0
2017-06-29 07:14:00.324000 76321.378 0.0 0.0 3.996871 3.586579 0.0 0.0
2017-06-29 07:14:43.232000 76364.286 0.0 0.0 3.997471 3.586579 0.0 0.0
2017-06-29 07:15:28.911000 76409.965 0.0 0.0 3.99657 3.586329 0.0 0.0
2017-06-29 07:16:14.660000 76455.714 0.0 0.0 3.997096 3.586329 0.0 0.0
2017-06-29 07:17:00.460000 76501.514 0.0 0.0 3.996645 3.586495 0.0 0.0
2017-06-29 07:17:46.289000 76547.343 0.0 0.0 3.996871 3.586412 0.0 0.0
2017-06-29 07:18:32.138000 76593.192 0.0 0.0 3.99657 3.585912 0.0 0.0
2017-06-29 07:19:18.007000 76639.061 0.0 0.0 3.997021 3.586245 0.0 0.0
2017-06-29 07:20:00.957000 76682.011 0.0 0.0 3.996645 3.586412 0.0 0.0
2017-06-29 07:20:46.776000 76727.83 0.0 0.0 3.996496 3.586412 0.0 0.0
2017-06-29 07:21:32.655000 76773.709 0.0 0.0 3.996795 3.586162 0.0 0.0
2017-06-29 07:22:18.534000 76819.588 0.0 0.0 3.996721 3.586245 0.0 0.0
2017-06-29 07:23:04.363000 76865.417 0.0 0.0 3.99657 3.585745 0.0 0.0
2017-06-29 07:23:50.252000 76911.306 0.0 0.0 3.997771 3.586245 0.0 0.0
2017-06-29 07:24:36.091000 76957.145 0.0 0.0 3.99657 3.586245 0.0 0.0
2017-06-29 07:25:19.120000 77000.174 0.0 0.0 3.997246 3.586329 0.0 0.0
2017-06-29 07:26:05.059000 77046.113 0.0 0.0 3.99657 3.586495 0.0 0.0
2017-06-29 07:26:50.998000 77092.052 0.0 0.0 3.99657 3.585578 0.0 0.0
2017-06-29 07:27:36.967000 77138.021 0.0 0.0 3.996795 3.585828 0.0 0.0
2017-06-29 07:28:22.967000 77184.021 0.0 0.0 3.99657 3.586412 0.0 0.0
2017-06-29 07:29:08.936000 77229.99 0.0 0.0 3.996645 3.585662 0.0 0.0
2017-06-29 07:29:55.065000 77276.119 0.0 0.0 3.996721 3.586078 0.0 0.0
2017-06-29 07:30:38.053000 77319.107 0.0 0.0 3.996721 3.585912 0.0 0.0
2017-06-29 07:31:24.123000 77365.177 0.0 0.0 3.996795 3.585912 0.0 0.0
2017-06-29 07:32:10.223000 77411.277 0.0 0.0 3.997021 3.586579 0.0 0.0
2017-06-29 07:32:56.332000 77457.386 0.0 0.0 3.996946 3.586412 0.0 0.0
2017-06-29 07:33:42.361000 77503.415 0.0 0.0 3.996496 3.585828 0.0 0.0
2017-06-29 07:34:28.350000 77549.404 0.0 0.0 3.996721 3.586245 0.0 0.0
2017-06-29 07:35:14.460000 77595.514 0.0 0.0 3.997471 3.586495 0.0 0.0
2017-06-29 07:35:57.598000 77638.652 0.0 0.0 3.996795 3.586329 0.0 0.0
2017-06-29 07:36:43.477000 77684.531 0.0 0.0 3.996946 3.586412 0.0 0.0
2017-06-29 07:37:29.616000 77730.67 0.0 0.0 3.997021 3.586662 0.0 0.0
2017-06-29 07:38:15.746000 77776.8 0.0 0.0 3.996795 3.585828 0.0 0.0
2017-06-29 07:39:01.955000 77823.009 0.0 0.0 3.99627 3.585912 0.0 0.0
2017-06-29 07:39:48.164000 77869.218 0.0 0.0 3.996871 3.586412 0.0 0.0
2017-06-29 07:40:34.273000 77915.327 0.0 0.0 3.996645 3.585745 0.0 0.0
2017-06-29 07:41:17.532000 77958.586 0.0 0.0 3.997096 3.585995 0.0 0.0
2017-06-29 07:42:03.631000 78004.685 0.0 0.0 3.997021 3.585745 0.0 0.0
2017-06-29 07:42:49.670000 78050.724 0.0 0.0 3.996345 3.585995 0.0 0.0
2017-06-29 07:43:35.940000 78096.994 0.0 0.0 3.99642 3.585745 0.0 0.0
2017-06-29 07:44:22.170000 78143.224 0.0 0.0 3.996721 3.586162 0.0 0.0
2017-06-29 07:45:08.359000 78189.413 0.0 0.0 3.997396 3.586162 0.0 0.0
2017-06-29 07:45:54.458000 78235.512 0.0 0.0 3.99657 3.585578 0.0 0.0
2017-06-29 07:46:37.787000 78278.841 0.0 0.0 3.99657 3.585662 0.0 0.0
2017-06-29 07:47:23.906000 78324.96 0.0 0.0 3.99657 3.585912 0.0 0.0
2017-06-29 07:48:10.245000 78371.299 0.0 0.0 3.997771 3.585411 0.0 0.0
2017-06-29 07:48:56.504000 78417.558 0.0 0.0 3.99627 3.585578 0.0 0.0
2017-06-29 07:49:42.773000 78463.827 0.0 0.0 3.99642 3.585411 0.0 0.0
2017-06-29 07:50:29.053000 78510.107 0.0 0.0 3.99657 3.585745 0.0 0.0
2017-06-29 07:51:14.992000 78556.046 0.0 0.0 3.996345 3.585828 0.0 0.0
2017-06-29 07:51:58.450000 78599.504 0.0 0.0 3.997171 3.586162 0.0 0.0
2017-06-29 07:52:44.800000 78645.854 0.0 0.0 3.99657 3.585995 0.0 0.0
2017-06-29 07:53:31.279000 78692.333 0.0 0.0 3.997696 3.585828 0.0 0.0
2017-06-29 07:54:17.648000 78738.702 0.0 0.0 3.996496 3.586078 0.0 0.0
2017-06-29 07:55:04.047000 78785.101 0.0 0.0 3.997096 3.586412 0.0 0.0
2017-06-29 07:55:50.528000 78831.582 0.0 0.0 3.996345 3.586078 0.0 0.0
2017-06-29 07:56:37.047000 78878.101 0.0 0.0 3.99657 3.585411 0.0 0.0
2017-06-29 07:57:20.526000 78921.58 0.0 0.0 3.996871 3.585662 0.0 0.0
2017-06-29 07:58:07.005000 78968.059 0.0 0.0 3.996645 3.585912 0.0 0.0
2017-06-29 07:58:53.444000 79014.498 0.0 0.0 3.996645 3.585495 0.0 0.0
2017-06-29 07:59:39.943000 79060.997 0.0 0.0 3.996721 3.586495 0.0 0.0
2017-06-29 08:00:26.313000 79107.367 0.0 0.0 3.996871 3.585828 0.0 0.0
2017-06-29 08:01:12.722000 79153.776 0.0 0.0 3.99657 3.585578 0.0 0.0
2017-06-29 08:01:59.021000 79200.075 0.0 0.0 3.997696 3.585662 0.0 0.0
2017-06-29 08:02:42.570000 79243.624 0.0 0.0 3.99657 3.585912 0.0 0.0
2017-06-29 08:03:28.949000 79290.003 0.0 0.0 3.996871 3.585578 0.0 0.0
2017-06-29 08:04:15.608000 79336.662 0.0 0.0 3.996496 3.586162 0.0 0.0
2017-06-29 08:05:02.168000 79383.222 0.0 0.0 3.996795 3.586078 0.0 0.0
2017-06-29 08:05:48.737000 79429.791 0.0 0.0 3.99627 3.585578 0.0 0.0
2017-06-29 08:06:35.336000 79476.39 0.0 0.0 3.996946 3.586412 0.0 0.0
2017-06-29 08:07:21.956000 79523.01 0.0 0.0 3.997021 3.585995 0.0 0.0
2017-06-29 08:08:05.705000 79566.759 0.0 0.0 3.996496 3.585828 0.0 0.0
2017-06-29 08:08:52.384000 79613.438 0.0 0.0 3.996496 3.585745 0.0 0.0
2017-06-29 08:09:39.264000 79660.318 0.0 0.0 3.99642 3.585411 0.0 0.0
2017-06-29 08:10:25.983000 79707.037 0.0 0.0 3.996946 3.585828 0.0 0.0
2017-06-29 08:11:12.612000 79753.666 0.0 0.0 3.996645 3.586162 0.0 0.0
2017-06-29 08:11:59.292000 79800.346 0.0 0.0 3.99657 3.585578 0.0 0.0
2017-06-29 08:12:46.041000 79847.095 0.0 0.0 3.997096 3.586329 0.0 0.0
2017-06-29 08:13:29.600000 79890.654 0.0 0.0 3.996871 3.586245 0.0 0.0
2017-06-29 08:14:16.369000 79937.423 0.0 0.0 3.996496 3.585578 0.0 0.0
2017-06-29 08:15:03.098000 79984.152 0.0 0.0 3.996645 3.585828 0.0 0.0
2017-06-29 08:15:49.928000 80030.982 0.0 0.0 3.99642 3.585245 0.0 0.0
2017-06-29 08:16:36.717000 80077.771 0.0 0.0 3.996496 3.585578 0.0 0.0
2017-06-29 08:17:23.526000 80124.58 0.0 0.0 3.996496 3.586495 0.0 0.0
2017-06-29 08:18:10.266000 80171.32 0.0 0.0 3.99657 3.585328 0.0 0.0
2017-06-29 08:18:54.065000 80215.119 0.0 0.0 3.99642 3.586078 0.0 0.0
2017-06-29 08:19:40.815000 80261.869 0.0 0.0 3.996195 3.585578 0.0 0.0
2017-06-29 08:20:27.624000 80308.678 0.0 0.0 3.99657 3.585411 0.0 0.0
2017-06-29 08:21:14.483000 80355.537 0.0 0.0 3.99657 3.585912 0.0 0.0
2017-06-29 08:22:01.333000 80402.387 0.0 0.0 3.996345 3.585328 0.0 0.0
2017-06-29 08:22:48.042000 80449.096 0.0 0.0 3.996345 3.585578 0.0 0.0
2017-06-29 08:23:34.981000 80496.035 0.0 0.0 3.996871 3.586329 0.0 0.0
2017-06-29 08:24:18.880000 80539.934 0.0 0.0 3.997321 3.586078 0.0 0.0
2017-06-29 08:25:05.789000 80586.843 0.0 0.0 3.996721 3.585662 0.0 0.0
2017-06-29 08:25:52.729000 80633.783 0.0 0.0 3.996946 3.586162 0.0 0.0
2017-06-29 08:26:39.708000 80680.762 0.0 0.0 3.996871 3.586245 0.0 0.0
2017-06-29 08:27:26.647000 80727.701 0.0 0.0 3.99627 3.585912 0.0 0.0
2017-06-29 08:28:15.817000 80776.871 0.0 0.0 3.996871 3.585745 0.0 0.0
2017-06-29 08:29:02.766000 80823.82 0.0 0.0 3.996496 3.585745 0.0 0.0
2017-06-29 08:29:46.795000 80867.849 0.0 0.0 3.997021 3.585578 0.0 0.0
2017-06-29 08:30:33.805000 80914.859 0.0 0.0 3.99627 3.585578 0.0 0.0
2017-06-29 08:31:20.845000 80961.899 0.0 0.0 3.996871 3.585912 0.0 0.0
2017-06-29 08:32:07.814000 81008.868 0.0 0.0 3.99657 3.585245 0.0 0.0
2017-06-29 08:32:54.854000 81055.908 0.0 0.0 3.996871 3.585411 0.0 0.0
2017-06-29 08:33:41.913000 81102.967 0.0 0.0 3.997621 3.585495 0.0 0.0
2017-06-29 08:34:29.002000 81150.056 0.0 0.0 3.996721 3.585912 0.0 0.0
2017-06-29 08:35:12.891000 81193.945 0.0 0.0 3.997021 3.585578 0.0 0.0
2017-06-29 08:36:00.011000 81241.065 0.0 0.0 3.99627 3.585495 0.0 0.0
2017-06-29 08:36:47.150000 81288.204 0.0 0.0 3.996795 3.586078 0.0 0.0
2017-06-29 08:37:34.249000 81335.303 0.0 0.0 3.996645 3.585328 0.0 0.0
2017-06-29 08:38:21.479000 81382.533 0.0 0.0 3.996645 3.585828 0.0 0.0
2017-06-29 08:39:08.688000 81429.742 0.0 0.0 3.996795 3.585662 0.0 0.0
2017-06-29 08:39:55.848000 81476.902 0.0 0.0 3.997471 3.585912 0.0 0.0
2017-06-29 08:40:40.096000 81521.15 0.0 0.0 3.99627 3.585245 0.0 0.0
2017-06-29 08:41:27.306000 81568.36 0.0 0.0 3.996345 3.586078 0.0 0.0
2017-06-29 08:42:14.505000 81615.559 0.0 0.0 3.996645 3.585745 0.0 0.0
2017-06-29 08:43:01.536000 81662.59 0.0 0.0 3.99642 3.585912 0.0 0.0
2017-06-29 08:43:48.745000 81709.799 0.0 0.0 3.99642 3.585912 0.0 0.0
2017-06-29 08:44:35.784000 81756.838 0.0 0.0 3.997471 3.585411 0.0 0.0
2017-06-29 08:45:23.014000 81804.068 0.0 0.0 3.99642 3.585912 0.0 0.0
2017-06-29 08:46:07.102000 81848.156 0.0 0.0 3.99657 3.585828 0.0 0.0
2017-06-29 08:46:54.392000 81895.446 0.0 0.0 3.996795 3.586495 0.0 0.0
2017-06-29 08:47:41.471000 81942.525 0.0 0.0 3.996496 3.585662 0.0 0.0
2017-06-29 08:48:28.731000 81989.785 0.0 0.0 3.996871 3.586078 0.0 0.0
2017-06-29 08:49:16.010000 82037.064 0.0 0.0 3.996645 3.586078 0.0 0.0
2017-06-29 08:50:03.330000 82084.384 0.0 0.0 3.99627 3.585578 0.0 0.0
2017-06-29 08:50:50.729000 82131.783 0.0 0.0 3.99657 3.585495 0.0 0.0
2017-06-29 08:51:34.868000 82175.922 0.0 0.0 3.997171 3.586078 0.0 0.0
2017-06-29 08:52:22.217000 82223.271 0.0 0.0 3.996645 3.585328 0.0 0.0
2017-06-29 08:53:09.517000 82270.571 0.0 0.0 3.99657 3.585828 0.0 0.0
2017-06-29 08:53:56.896000 82317.95 0.0 0.0 3.99627 3.585578 0.0 0.0
2017-06-29 08:54:44.276000 82365.33 0.0 0.0 3.997546 3.585411 0.0 0.0
2017-06-29 08:55:31.666000 82412.72 0.0 0.0 3.996345 3.586078 0.0 0.0
2017-06-29 08:56:19.105000 82460.159 0.0 0.0 3.99642 3.585912 0.0 0.0
2017-06-29 08:57:03.474000 82504.528 0.0 0.0 3.998221 3.586412 0.0 0.0
2017-06-29 08:57:50.764000 82551.818 0.0 0.0 3.996645 3.585995 0.0 0.0
2017-06-29 08:58:38.313000 82599.367 0.0 0.0 3.996721 3.585912 0.0 0.0
2017-06-29 08:59:25.793000 82646.847 0.0 0.0 3.99642 3.585411 0.0 0.0
2017-06-29 09:00:13.342000 82694.396 0.0 0.0 3.997396 3.585078 0.0 0.0
2017-06-29 09:01:00.791000 82741.845 0.0 0.0 3.99642 3.585411 0.0 0.0
2017-06-29 09:01:48.461000 82789.515 0.0 0.0 3.99657 3.585745 0.0 0.0
2017-06-29 09:02:32.740000 82833.794 0.0 0.0 3.996345 3.585411 0.0 0.0
2017-06-29 09:03:20.279000 82881.333 0.0 0.0 3.996345 3.585411 0.0 0.0
2017-06-29 09:04:07.919000 82928.973 0.0 0.0 3.99657 3.585328 0.0 0.0
2017-06-29 09:04:55.228000 82976.282 0.0 0.0 3.997621 3.585578 0.0 0.0
2017-06-29 09:05:42.838000 83023.892 0.0 0.0 3.996871 3.586245 0.0 0.0
2017-06-29 09:06:30.568000 83071.622 0.0 0.0 3.99657 3.585662 0.0 0.0
2017-06-29 09:07:18.118000 83119.172 0.0 0.0 3.99657 3.585245 0.0 0.0
2017-06-29 09:08:02.526000 83163.58 0.0 0.0 3.996721 3.585578 0.0 0.0
2017-06-29 09:08:50.006000 83211.06 0.0 0.0 3.99627 3.585328 0.0 0.0
2017-06-29 09:09:37.715000 83258.769 0.0 0.0 3.996721 3.585578 0.0 0.0
2017-06-29 09:10:25.405000 83306.459 0.0 0.0 3.99642 3.585495 0.0 0.0
2017-06-29 09:11:13.184000 83354.238 0.0 0.0 3.996721 3.585578 0.0 0.0
2017-06-29 09:12:00.774000 83401.828 0.0 0.0 3.996721 3.585411 0.0 0.0
2017-06-29 09:12:47.993000 83449.047 0.0 0.0 3.99642 3.584911 0.0 0.0
2017-06-29 09:13:32.622000 83493.676 0.0 0.0 3.99627 3.584745 0.0 0.0
2017-06-29 09:14:20.392000 83541.446 0.0 0.0 3.996721 3.585912 0.0 0.0
2017-06-29 09:15:08.161000 83589.215 0.0 0.0 3.996645 3.585578 0.0 0.0
2017-06-29 09:15:55.881000 83636.935 0.0 0.0 3.996345 3.585411 0.0 0.0
2017-06-29 09:16:43.580000 83684.634 0.0 0.0 3.996795 3.585245 0.0 0.0
2017-06-29 09:17:31.390000 83732.444 0.0 0.0 3.996795 3.585495 0.0 0.0
2017-06-29 09:18:19.100000 83780.154 0.0 0.0 3.996871 3.585912 0.0 0.0
2017-06-29 09:19:06.900000 83827.954 0.0 0.0 3.996795 3.585411 0.0 0.0
2017-06-29 09:19:51.359000 83872.413 0.0 0.0 3.996645 3.585662 0.0 0.0
2017-06-29 09:20:39.198000 83920.252 0.0 0.0 3.996721 3.585745 0.0 0.0
2017-06-29 09:21:26.858000 83967.912 0.0 0.0 3.996871 3.585995 0.0 0.0
2017-06-29 09:22:14.557000 84015.611 0.0 0.0 3.996645 3.585828 0.0 0.0
2017-06-29 09:23:02.487000 84063.541 0.0 0.0 3.996795 3.585828 0.0 0.0
2017-06-29 09:23:50.356000 84111.41 0.0 0.0 3.99657 3.585828 0.0 0.0
2017-06-29 09:24:38.216000 84159.27 0.0 0.0 3.99657 3.586078 0.0 0.0
2017-06-29 09:25:23.095000 84204.149 0.0 0.0 3.996721 3.586412 0.0 0.0
2017-06-29 09:26:11.044000 84252.098 0.0 0.0 3.99627 3.585411 0.0 0.0
2017-06-29 09:26:58.954000 84300.008 0.0 0.0 3.99657 3.586329 0.0 0.0
2017-06-29 09:27:46.893000 84347.947 0.0 0.0 3.99657 3.585995 0.0 0.0
2017-06-29 09:28:34.873000 84395.927 0.0 0.0 3.99642 3.585578 0.0 0.0
2017-06-29 09:29:22.812000 84443.866 0.0 0.0 3.99642 3.585912 0.0 0.0
2017-06-29 09:30:10.793000 84491.847 0.0 0.0 3.996345 3.585828 0.0 0.0
2017-06-29 09:30:55.582000 84536.636 0.0 0.0 3.99657 3.585411 0.0 0.0
2017-06-29 09:31:43.331000 84584.385 0.0 0.0 3.996871 3.586745 0.0 0.0
2017-06-29 09:32:31.211000 84632.265 0.0 0.0 3.99627 3.585578 0.0 0.0
2017-06-29 09:33:19.100000 84680.154 0.0 0.0 3.996345 3.585828 0.0 0.0
2017-06-29 09:34:07.160000 84728.214 0.0 0.0 3.997621 3.585745 0.0 0.0
2017-06-29 09:34:55.260000 84776.314 0.0 0.0 3.996496 3.585328 0.0 0.0
2017-06-29 09:35:43.319000 84824.373 0.0 0.0 3.99642 3.585745 0.0 0.0
2017-06-29 09:36:28.308000 84869.362 0.0 0.0 3.997021 3.586245 0.0 0.0
2017-06-29 09:37:16.458000 84917.512 0.0 0.0 3.99627 3.585995 0.0 0.0
2017-06-29 09:38:04.567000 84965.621 0.0 0.0 3.996721 3.586245 0.0 0.0
2017-06-29 09:38:52.737000 85013.791 0.0 0.0 3.997021 3.586078 0.0 0.0
2017-06-29 09:39:40.957000 85062.011 0.0 0.0 3.99627 3.585912 0.0 0.0
2017-06-29 09:40:29.176000 85110.23 0.0 0.0 3.99657 3.585912 0.0 0.0
2017-06-29 09:41:17.336000 85158.39 0.0 0.0 3.997471 3.585745 0.0 0.0
2017-06-29 09:42:02.416000 85203.47 0.0 0.0 3.997771 3.586078 0.0 0.0
2017-06-29 09:42:50.595000 85251.649 0.0 0.0 3.996795 3.586329 0.0 0.0
2017-06-29 09:43:38.795000 85299.849 0.0 0.0 3.996496 3.586329 0.0 0.0
2017-06-29 09:44:26.985000 85348.039 0.0 0.0 3.996645 3.586245 0.0 0.0
2017-06-29 09:45:15.194000 85396.248 0.0 0.0 3.996871 3.586078 0.0 0.0
2017-06-29 09:46:03.444000 85444.498 0.0 0.0 3.99627 3.585912 0.0 0.0
2017-06-29 09:46:51.473000 85492.527 0.0 0.0 3.996795 3.586078 0.0 0.0
2017-06-29 09:47:36.492000 85537.546 0.0 0.0 3.996795 3.586162 0.0 0.0
2017-06-29 09:48:24.552000 85585.606 0.0 0.0 3.998146 3.586495 0.0 0.0
2017-06-29 09:49:12.631000 85633.685 0.0 0.0 3.997471 3.585828 0.0 0.0
2017-06-29 09:50:00.791000 85681.845 0.0 0.0 3.996645 3.585912 0.0 0.0
2017-06-29 09:50:49.111000 85730.165 0.0 0.0 3.99642 3.585745 0.0 0.0
2017-06-29 09:51:37.390000 85778.444 0.0 0.0 3.996645 3.586245 0.0 0.0
2017-06-29 09:52:25.780000 85826.834 0.0 0.0 3.997021 3.586245 0.0 0.0
2017-06-29 09:53:11.039000 85872.093 0.0 0.0 3.996645 3.586162 0.0 0.0
2017-06-29 09:53:59.360000 85920.414 0.0 0.0 3.996496 3.586078 0.0 0.0
2017-06-29 09:54:47.769000 85968.823 0.0 0.0 3.996795 3.586329 0.0 0.0
2017-06-29 09:55:36.149000 86017.203 0.0 0.0 3.997021 3.586329 0.0 0.0
2017-06-29 09:56:24.318000 86065.372 0.0 0.0 3.996871 3.586662 0.0 0.0
2017-06-29 09:57:12.558000 86113.612 0.0 0.0 3.99642 3.585328 0.0 0.0
2017-06-29 09:58:00.908000 86161.962 0.0 0.0 3.997846 3.586662 0.0 0.0
2017-06-29 09:58:46.227000 86207.281 0.0 0.0 3.996946 3.586245 0.0 0.0
2017-06-29 09:59:34.586000 86255.64 0.0 0.0 3.997246 3.586662 0.0 0.0
2017-06-29 10:00:23.026000 86304.08 0.0 0.0 3.996645 3.586245 0.0 0.0
2017-06-29 10:01:11.506000 86352.56 0.0 0.0 3.99627 3.586745 0.0 0.0
2017-06-29 10:02:00.035000 86401.089 0.0 0.0 3.996871 3.586245 0.0 0.0
2017-06-29 10:02:48.335000 86449.389 0.0 0.0 3.996721 3.586662 0.0 0.0
2017-06-29 10:03:36.855000 86497.909 0.0 0.0 3.996645 3.586329 0.0 0.0
2017-06-29 10:04:22.254000 86543.308 0.0 0.0 3.996496 3.586078 0.0 0.0
2017-06-29 10:05:10.744000 86591.798 0.0 0.0 3.996795 3.587412 0.0 0.0
2017-06-29 10:05:59.314000 86640.368 0.0 0.0 3.996721 3.586162 0.0 0.0
2017-06-29 10:06:47.874000 86688.928 0.0 0.0 3.99657 3.586579 0.0 0.0
2017-06-29 10:07:36.503000 86737.557 0.0 0.0 3.996795 3.586412 0.0 0.0
2017-06-29 10:08:24.873000 86785.927 0.0 0.0 3.996946 3.585995 0.0 0.0
2017-06-29 10:09:13.483000 86834.537 0.0 0.0 3.99642 3.586329 0.0 0.0
2017-06-29 10:09:58.952000 86880.006 0.0 0.0 3.997021 3.586078 0.0 0.0
2017-06-29 10:10:47.681000 86928.735 0.0 0.0 3.99657 3.586078 0.0 0.0
2017-06-29 10:11:36.311000 86977.365 0.0 0.0 3.99657 3.586078 0.0 0.0
2017-06-29 10:12:24.821000 87025.875 0.0 0.0 3.99657 3.585745 0.0 0.0
2017-06-29 10:13:13.490000 87074.544 0.0 0.0 3.996721 3.586245 0.0 0.0
2017-06-29 10:14:02.170000 87123.224 0.0 0.0 3.99642 3.586412 0.0 0.0
2017-06-29 10:14:50.930000 87171.984 0.0 0.0 3.996795 3.586579 0.0 0.0
2017-06-29 10:15:39.629000 87220.683 0.0 0.0 3.996871 3.586579 0.0 0.0
2017-06-29 10:16:24.858000 87265.912 0.0 0.0 3.996345 3.586245 0.0 0.0
2017-06-29 10:17:13.469000 87314.523 0.0 0.0 3.996645 3.586412 0.0 0.0
2017-06-29 10:18:02.229000 87363.283 0.0 0.0 3.997021 3.586579 0.0 0.0
2017-06-29 10:18:50.999000 87412.053 0.0 0.0 3.99657 3.586162 0.0 0.0
2017-06-29 10:19:39.638000 87460.692 0.0 0.0 3.996721 3.586245 0.0 0.0
2017-06-29 10:20:28.398000 87509.452 0.0 0.0 3.99657 3.586078 0.0 0.0
2017-06-29 10:21:17.138000 87558.192 0.0 0.0 3.996946 3.586912 0.0 0.0
2017-06-29 10:22:02.767000 87603.821 0.0 0.0 3.996871 3.586245 0.0 0.0
2017-06-29 10:22:51.146000 87652.2 0.0 0.0 3.996946 3.585995 0.0 0.0
2017-06-29 10:23:40.026000 87701.08 0.0 0.0 3.996721 3.586579 0.0 0.0
2017-06-29 10:24:28.876000 87749.93 0.0 0.0 3.996721 3.586078 0.0 0.0
2017-06-29 10:25:17.716000 87798.77 0.0 0.0 3.996871 3.586245 0.0 0.0
2017-06-29 10:26:06.515000 87847.569 0.0 0.0 3.996721 3.585912 0.0 0.0
2017-06-29 10:26:55.435000 87896.489 0.0 0.0 3.99627 3.586078 0.0 0.0
2017-06-29 10:27:44.385000 87945.439 0.0 0.0 3.996871 3.585495 0.0 0.0
2017-06-29 10:28:29.954000 87991.008 0.0 0.0 3.996721 3.585912 0.0 0.0
2017-06-29 10:29:18.875000 88039.929 0.0 0.0 3.997021 3.586745 0.0 0.0
2017-06-29 10:30:07.844000 88088.898 0.0 0.0 3.996345 3.585662 0.0 0.0
2017-06-29 10:30:56.624000 88137.678 0.0 0.0 3.99657 3.585745 0.0 0.0
2017-06-29 10:31:45.554000 88186.608 0.0 0.0 3.996721 3.585995 0.0 0.0
2017-06-29 10:32:34.544000 88235.598 0.0 0.0 3.996496 3.586245 0.0 0.0
2017-06-29 10:33:23.373000 88284.427 0.0 0.0 3.99612 3.585745 0.0 0.0
2017-06-29 10:34:12.453000 88333.507 0.0 0.0 3.996645 3.586245 0.0 0.0
2017-06-29 10:34:58.192000 88379.246 0.0 0.0 3.99657 3.585578 0.0 0.0
2017-06-29 10:35:47.192000 88428.246 0.0 0.0 3.99657 3.585828 0.0 0.0
2017-06-29 10:36:36.222000 88477.276 0.0 0.0 3.99627 3.585912 0.0 0.0
2017-06-29 10:37:25.121000 88526.175 0.0 0.0 3.996645 3.585328 0.0 0.0
2017-06-29 10:38:14.171000 88575.225 0.0 0.0 3.99657 3.585662 0.0 0.0
2017-06-29 10:39:03.301000 88624.355 0.0 0.0 3.997696 3.585828 0.0 0.0
2017-06-29 10:39:52.501000 88673.555 0.0 0.0 3.996721 3.586329 0.0 0.0
2017-06-29 10:40:41.753000 88722.807 0.0 0.0 3.996795 3.586329 0.0 0.0
2017-06-29 10:41:27.684000 88768.738 0.0 0.0 3.997696 3.586495 0.0 0.0
2017-06-29 10:42:16.905000 88817.959 0.0 0.0 3.996345 3.585912 0.0 0.0
2017-06-29 10:43:06.075000 88867.129 0.0 0.0 3.99642 3.586245 0.0 0.0
2017-06-29 10:43:55.317000 88916.371 0.0 0.0 3.99642 3.586078 0.0 0.0
2017-06-29 10:44:44.538000 88965.592 0.0 0.0 3.996496 3.585662 0.0 0.0
2017-06-29 10:45:33.530000 89014.584 0.0 0.0 3.997021 3.586412 0.0 0.0
2017-06-29 10:46:22.782000 89063.836 0.0 0.0 3.996496 3.585745 0.0 0.0
2017-06-29 10:47:08.612000 89109.666 0.0 0.0 3.996345 3.585328 0.0 0.0
2017-06-29 10:47:57.882000 89158.936 0.0 0.0 3.996345 3.585662 0.0 0.0
2017-06-29 10:48:47.075000 89208.129 0.0 0.0 3.996721 3.585912 0.0 0.0
2017-06-29 10:49:36.246000 89257.3 0.0 0.0 3.997171 3.586495 0.0 0.0
