2017-07-03 00:00:36.525000 227020.054 0.0 0.0 3.997021 3.587412 0.0 0.0
2017-07-03 00:01:54.180000 227097.709 0.0 0.0 3.997021 3.587412 0.0 0.0
2017-07-03 00:03:12.007000 227175.536 0.0 0.0 3.996721 3.587079 0.0 0.0
2017-07-03 00:04:29.522000 227253.051 0.0 0.0 3.996721 3.586912 0.0 0.0
2017-07-03 00:05:47.088000 227330.617 0.0 0.0 3.997021 3.587079 0.0 0.0
2017-07-03 00:07:04.663000 227408.192 0.0 0.0 3.996871 3.587079 0.0 0.0
2017-07-03 00:08:22.179000 227485.708 0.0 0.0 3.997021 3.586912 0.0 0.0
2017-07-03 00:09:39.284000 227562.813 0.0 0.0 3.99627 3.587245 0.0 0.0
2017-07-03 00:10:56.879000 227640.408 0.0 0.0 3.996946 3.586829 0.0 0.0
2017-07-03 00:12:08.934000 227712.463 0.0 0.0 3.997171 3.586579 0.0 0.0
2017-07-03 00:13:26.489000 227790.018 0.0 0.0 3.996946 3.587579 0.0 0.0
2017-07-03 00:14:44.226000 227867.755 0.0 0.0 3.996871 3.587579 0.0 0.0
2017-07-03 00:16:01.721000 227945.25 0.0 0.0 3.998071 3.587245 0.0 0.0
2017-07-03 00:17:18.656000 228022.185 0.0 0.0 3.997021 3.587245 0.0 0.0
2017-07-03 00:18:36.092000 228099.621 0.0 0.0 3.997171 3.587412 0.0 0.0
2017-07-03 00:19:53.407000 228176.936 0.0 0.0 3.996721 3.587162 0.0 0.0
2017-07-03 00:21:10.703000 228254.232 0.0 0.0 3.997021 3.586745 0.0 0.0
2017-07-03 00:22:28.388000 228331.917 0.0 0.0 3.996946 3.587662 0.0 0.0
2017-07-03 00:23:46.114000 228409.643 0.0 0.0 3.996645 3.586579 0.0 0.0
2017-07-03 00:25:03.799000 228487.328 0.0 0.0 3.996871 3.586579 0.0 0.0
2017-07-03 00:26:15.904000 228559.433 0.0 0.0 3.996871 3.586912 0.0 0.0
2017-07-03 00:27:33.530000 228637.059 0.0 0.0 3.99657 3.586912 0.0 0.0
2017-07-03 00:28:51.435000 228714.964 0.0 0.0 3.99657 3.586745 0.0 0.0
2017-07-03 00:30:09.291000 228792.82 0.0 0.0 3.996721 3.587079 0.0 0.0
2017-07-03 00:33:00.265000 228963.794 0.0 0.0 3.99657 3.586579 0.0 0.0
2017-07-03 00:34:18.070000 229041.599 0.0 0.0 3.996721 3.586745 0.0 0.0
2017-07-03 00:35:35.996000 229119.525 0.0 0.0 3.996946 3.587162 0.0 0.0
2017-07-03 00:36:53.841000 229197.37 0.0 0.0 3.996795 3.587162 0.0 0.0
2017-07-03 00:38:11.678000 229275.207 0.0 0.0 3.996721 3.587079 0.0 0.0
2017-07-03 00:39:29.623000 229353.152 0.0 0.0 3.99657 3.586412 0.0 0.0
2017-07-03 00:40:47.579000 229431.108 0.0 0.0 3.996946 3.586912 0.0 0.0
2017-07-03 00:42:05.604000 229509.133 0.0 0.0 3.996871 3.586579 0.0 0.0
2017-07-03 00:43:23.570000 229587.099 0.0 0.0 3.99657 3.586078 0.0 0.0
2017-07-03 00:44:35.684000 229659.213 0.0 0.0 3.997171 3.586579 0.0 0.0
2017-07-03 00:45:53.790000 229737.319 0.0 0.0 3.997246 3.587079 0.0 0.0
2017-07-03 00:47:11.355000 229814.884 0.0 0.0 3.997096 3.587162 0.0 0.0
2017-07-03 00:48:29.351000 229892.88 0.0 0.0 3.997021 3.586995 0.0 0.0
2017-07-03 00:49:47.357000 229970.886 0.0 0.0 3.997021 3.587245 0.0 0.0
2017-07-03 00:51:05.283000 230048.812 0.0 0.0 3.996645 3.586329 0.0 0.0
2017-07-03 00:52:23.309000 230126.838 0.0 0.0 3.996721 3.586745 0.0 0.0
2017-07-03 00:53:41.214000 230204.743 0.0 0.0 3.996345 3.586829 0.0 0.0
2017-07-03 00:54:58.799000 230282.328 0.0 0.0 3.996721 3.587079 0.0 0.0
2017-07-03 00:56:16.805000 230360.334 0.0 0.0 3.996946 3.586829 0.0 0.0
2017-07-03 00:57:34.841000 230438.37 0.0 0.0 3.996645 3.586912 0.0 0.0
2017-07-03 00:58:52.506000 230516.035 0.0 0.0 3.996645 3.586912 0.0 0.0
2017-07-03 01:00:05.080000 230588.609 0.0 0.0 3.997096 3.587245 0.0 0.0
2017-07-03 01:01:23.157000 230666.686 0.0 0.0 3.997021 3.587245 0.0 0.0
2017-07-03 01:02:41.093000 230744.622 0.0 0.0 3.997021 3.587329 0.0 0.0
2017-07-03 01:03:59.168000 230822.697 0.0 0.0 3.997021 3.587579 0.0 0.0
2017-07-03 01:05:17.324000 230900.853 0.0 0.0 3.99657 3.587245 0.0 0.0
2017-07-03 01:06:35.459000 230978.988 0.0 0.0 3.996496 3.587162 0.0 0.0
2017-07-03 01:07:53.565000 231057.094 0.0 0.0 3.997096 3.587662 0.0 0.0
2017-07-03 01:09:11.750000 231135.279 0.0 0.0 3.99657 3.586912 0.0 0.0
2017-07-03 01:10:29.926000 231213.455 0.0 0.0 3.99657 3.586745 0.0 0.0
2017-07-03 01:11:48.102000 231291.631 0.0 0.0 3.997021 3.587579 0.0 0.0
2017-07-03 01:13:06.308000 231369.837 0.0 0.0 3.996871 3.587245 0.0 0.0
2017-07-03 01:14:24.514000 231448.043 0.0 0.0 3.997096 3.586995 0.0 0.0
2017-07-03 01:15:37.078000 231520.607 0.0 0.0 3.997396 3.587245 0.0 0.0
2017-07-03 01:16:55.294000 231598.823 0.0 0.0 3.997096 3.587496 0.0 0.0
2017-07-03 01:18:13.159000 231676.688 0.0 0.0 3.996645 3.586995 0.0 0.0
2017-07-03 01:19:31.475000 231755.004 0.0 0.0 3.996871 3.587079 0.0 0.0
2017-07-03 01:20:49.730000 231833.259 0.0 0.0 3.99657 3.586745 0.0 0.0
2017-07-03 01:22:08.096000 231911.625 0.0 0.0 3.996645 3.586662 0.0 0.0
2017-07-03 01:23:26.422000 231989.951 0.0 0.0 3.99657 3.586829 0.0 0.0
2017-07-03 01:24:44.327000 232067.856 0.0 0.0 3.99657 3.587079 0.0 0.0
2017-07-03 01:26:02.664000 232146.193 0.0 0.0 3.99657 3.587079 0.0 0.0
2017-07-03 01:27:21.079000 232224.608 0.0 0.0 3.996645 3.586912 0.0 0.0
2017-07-03 01:28:39.535000 232303.064 0.0 0.0 3.996645 3.586995 0.0 0.0
2017-07-03 01:29:57.941000 232381.47 0.0 0.0 3.997021 3.587579 0.0 0.0
2017-07-03 01:31:11.025000 232454.554 0.0 0.0 3.997021 3.587579 0.0 0.0
2017-07-03 01:32:29.471000 232533.0 0.0 0.0 3.996645 3.587412 0.0 0.0
2017-07-03 01:33:47.946000 232611.475 0.0 0.0 3.997471 3.587245 0.0 0.0
2017-07-03 01:35:06.472000 232690.001 0.0 0.0 3.997021 3.586912 0.0 0.0
2017-07-03 01:36:24.918000 232768.447 0.0 0.0 3.997096 3.587329 0.0 0.0
2017-07-03 01:37:43.664000 232847.193 0.0 0.0 3.997021 3.587079 0.0 0.0
2017-07-03 01:39:02.080000 232925.609 0.0 0.0 3.997321 3.587662 0.0 0.0
2017-07-03 01:40:20.486000 233004.015 0.0 0.0 3.996721 3.586245 0.0 0.0
2017-07-03 01:41:39.021000 233082.55 0.0 0.0 3.996496 3.586495 0.0 0.0
2017-07-03 01:42:57.547000 233161.076 0.0 0.0 3.996721 3.587079 0.0 0.0
2017-07-03 01:44:15.742000 233239.271 0.0 0.0 3.998071 3.587079 0.0 0.0
2017-07-03 01:45:33.938000 233317.467 0.0 0.0 3.996721 3.586829 0.0 0.0
2017-07-03 01:46:52.974000 233396.503 0.0 0.0 3.996645 3.586829 0.0 0.0
2017-07-03 01:48:05.498000 233469.027 0.0 0.0 3.997921 3.586245 0.0 0.0
2017-07-03 01:49:24.435000 233547.964 0.0 0.0 3.996496 3.586329 0.0 0.0
2017-07-03 01:50:42.971000 233626.5 0.0 0.0 3.996871 3.586912 0.0 0.0
2017-07-03 01:52:01.586000 233705.115 0.0 0.0 3.996795 3.586662 0.0 0.0
2017-07-03 01:53:20.572000 233784.101 0.0 0.0 3.997321 3.587245 0.0 0.0
2017-07-03 01:54:39.108000 233862.637 0.0 0.0 3.996645 3.586495 0.0 0.0
2017-07-03 01:55:57.503000 233941.032 0.0 0.0 3.997096 3.586912 0.0 0.0
2017-07-03 01:57:15.959000 234019.488 0.0 0.0 3.996496 3.586995 0.0 0.0
2017-07-03 01:58:34.714000 234098.243 0.0 0.0 3.996645 3.587079 0.0 0.0
2017-07-03 01:59:53.840000 234177.369 0.0 0.0 3.997321 3.587496 0.0 0.0
2017-07-03 02:01:12.607000 234256.136 0.0 0.0 3.996721 3.586995 0.0 0.0
2017-07-03 02:02:31.323000 234334.852 0.0 0.0 3.996645 3.586245 0.0 0.0
2017-07-03 02:03:44.377000 234407.906 0.0 0.0 3.997246 3.586495 0.0 0.0
2017-07-03 02:05:02.473000 234486.002 0.0 0.0 3.996871 3.587329 0.0 0.0
2017-07-03 02:06:20.498000 234564.027 0.0 0.0 3.997096 3.586579 0.0 0.0
2017-07-03 02:07:38.894000 234642.423 0.0 0.0 3.996721 3.586745 0.0 0.0
2017-07-03 02:08:57.399000 234720.928 0.0 0.0 3.997771 3.586745 0.0 0.0
2017-07-03 02:10:16.325000 234799.854 0.0 0.0 3.996721 3.586495 0.0 0.0
2017-07-03 02:11:35.221000 234878.75 0.0 0.0 3.996795 3.586995 0.0 0.0
2017-07-03 02:12:54.078000 234957.607 0.0 0.0 3.996946 3.586829 0.0 0.0
2017-07-03 02:14:13.033000 235036.562 0.0 0.0 3.996871 3.586912 0.0 0.0
2017-07-03 02:15:31.859000 235115.388 0.0 0.0 3.997021 3.587079 0.0 0.0
2017-07-03 02:16:50.445000 235193.974 0.0 0.0 3.996045 3.586162 0.0 0.0
2017-07-03 02:18:09.020000 235272.549 0.0 0.0 3.996721 3.586912 0.0 0.0
2017-07-03 02:19:21.835000 235345.364 0.0 0.0 3.996496 3.586245 0.0 0.0
2017-07-03 02:20:40.471000 235424.0 0.0 0.0 3.997021 3.586412 0.0 0.0
2017-07-03 02:21:59.036000 235502.565 0.0 0.0 3.997621 3.585995 0.0 0.0
2017-07-03 02:23:17.642000 235581.171 0.0 0.0 3.996721 3.586412 0.0 0.0
2017-07-03 02:24:36.258000 235659.787 0.0 0.0 3.996721 3.586662 0.0 0.0
2017-07-03 02:25:54.894000 235738.423 0.0 0.0 3.996721 3.586912 0.0 0.0
2017-07-03 02:27:13.820000 235817.349 0.0 0.0 3.996645 3.586412 0.0 0.0
2017-07-03 02:28:32.866000 235896.395 0.0 0.0 3.99657 3.586412 0.0 0.0
2017-07-03 02:29:51.881000 235975.41 0.0 0.0 3.99657 3.586579 0.0 0.0
2017-07-03 02:31:10.767000 236054.296 0.0 0.0 3.996645 3.586829 0.0 0.0
2017-07-03 02:32:29.933000 236133.462 0.0 0.0 3.99657 3.586329 0.0 0.0
2017-07-03 02:33:49.039000 236212.568 0.0 0.0 3.996721 3.586912 0.0 0.0
2017-07-03 02:35:08.044000 236291.573 0.0 0.0 3.996645 3.586745 0.0 0.0
2017-07-03 02:36:21.790000 236365.319 0.0 0.0 3.996795 3.586495 0.0 0.0
2017-07-03 02:37:40.886000 236444.415 0.0 0.0 3.99642 3.586245 0.0 0.0
2017-07-03 02:38:59.671000 236523.2 0.0 0.0 3.99657 3.586662 0.0 0.0
2017-07-03 02:40:18.507000 236602.036 0.0 0.0 3.99657 3.586579 0.0 0.0
2017-07-03 02:41:38.073000 236681.602 0.0 0.0 3.996721 3.586579 0.0 0.0
2017-07-03 02:42:57.309000 236760.838 0.0 0.0 3.998071 3.586245 0.0 0.0
2017-07-03 02:44:16.475000 236840.004 0.0 0.0 3.99642 3.586162 0.0 0.0
2017-07-03 02:45:35.580000 236919.109 0.0 0.0 3.997621 3.586245 0.0 0.0
2017-07-03 02:46:54.886000 236998.415 0.0 0.0 3.99657 3.586162 0.0 0.0
2017-07-03 02:48:14.153000 237077.682 0.0 0.0 3.996496 3.586412 0.0 0.0
2017-07-03 02:49:33.209000 237156.738 0.0 0.0 3.996496 3.586495 0.0 0.0
2017-07-03 02:50:52.514000 237236.043 0.0 0.0 3.996721 3.586412 0.0 0.0
2017-07-03 02:52:06.099000 237309.628 0.0 0.0 3.997096 3.587162 0.0 0.0
2017-07-03 02:53:25.035000 237388.564 0.0 0.0 3.997096 3.587162 0.0 0.0
2017-07-03 02:54:44.301000 237467.83 0.0 0.0 3.996721 3.586329 0.0 0.0
2017-07-03 02:56:03.716000 237547.245 0.0 0.0 3.998146 3.587412 0.0 0.0
2017-07-03 02:57:23.102000 237626.631 0.0 0.0 3.996946 3.587245 0.0 0.0
2017-07-03 02:58:42.298000 237705.827 0.0 0.0 3.996871 3.586662 0.0 0.0
2017-07-03 03:00:01.015000 237784.544 0.0 0.0 3.996871 3.586912 0.0 0.0
2017-07-03 03:01:20.400000 237863.929 0.0 0.0 3.997171 3.587579 0.0 0.0
2017-07-03 03:02:40.056000 237943.585 0.0 0.0 3.997021 3.587412 0.0 0.0
2017-07-03 03:03:59.592000 238023.121 0.0 0.0 3.996345 3.586912 0.0 0.0
2017-07-03 03:05:18.258000 238101.787 0.0 0.0 3.997171 3.587912 0.0 0.0
2017-07-03 03:06:38.194000 238181.723 0.0 0.0 3.996871 3.587079 0.0 0.0
2017-07-03 03:07:51.768000 238255.297 0.0 0.0 3.997771 3.586745 0.0 0.0
2017-07-03 03:09:11.024000 238334.553 0.0 0.0 3.996946 3.586829 0.0 0.0
2017-07-03 03:10:30.550000 238414.079 0.0 0.0 3.996645 3.587162 0.0 0.0
2017-07-03 03:11:50.037000 238493.566 0.0 0.0 3.997096 3.587412 0.0 0.0
2017-07-03 03:13:09.553000 238573.082 0.0 0.0 3.996721 3.587162 0.0 0.0
2017-07-03 03:14:29.559000 238653.088 0.0 0.0 3.997021 3.586995 0.0 0.0
2017-07-03 03:15:48.884000 238732.413 0.0 0.0 3.99642 3.586662 0.0 0.0
2017-07-03 03:17:08.470000 238811.999 0.0 0.0 3.996871 3.586912 0.0 0.0
2017-07-03 03:18:28.096000 238891.625 0.0 0.0 3.996871 3.586745 0.0 0.0
2017-07-03 03:19:48.032000 238971.561 0.0 0.0 3.996721 3.586495 0.0 0.0
2017-07-03 03:21:07.258000 239050.787 0.0 0.0 3.997021 3.587412 0.0 0.0
2017-07-03 03:22:20.452000 239123.981 0.0 0.0 3.997096 3.586912 0.0 0.0
2017-07-03 03:23:39.289000 239202.818 0.0 0.0 3.997021 3.586662 0.0 0.0
2017-07-03 03:24:58.495000 239282.024 0.0 0.0 3.99642 3.587245 0.0 0.0
2017-07-03 03:26:17.851000 239361.38 0.0 0.0 3.996795 3.587079 0.0 0.0
2017-07-03 03:27:37.156000 239440.685 0.0 0.0 3.996721 3.587412 0.0 0.0
2017-07-03 03:28:56.702000 239520.231 0.0 0.0 3.996871 3.587079 0.0 0.0
2017-07-03 03:30:15.968000 239599.497 0.0 0.0 3.996721 3.586412 0.0 0.0
2017-07-03 03:31:35.624000 239679.153 0.0 0.0 3.996721 3.586829 0.0 0.0
2017-07-03 03:32:54.240000 239757.769 0.0 0.0 3.997096 3.587329 0.0 0.0
2017-07-03 03:34:13.895000 239837.424 0.0 0.0 3.99657 3.586579 0.0 0.0
2017-07-03 03:35:33.012000 239916.541 0.0 0.0 3.997021 3.586995 0.0 0.0
2017-07-03 03:36:52.418000 239995.947 0.0 0.0 3.99627 3.586745 0.0 0.0
2017-07-03 03:38:05.933000 240069.462 0.0 0.0 3.997171 3.586745 0.0 0.0
2017-07-03 03:39:24.928000 240148.457 0.0 0.0 3.996645 3.587329 0.0 0.0
2017-07-03 03:40:44.314000 240227.843 0.0 0.0 3.997021 3.586912 0.0 0.0
2017-07-03 03:42:03.690000 240307.219 0.0 0.0 3.99657 3.586745 0.0 0.0
2017-07-03 03:43:23.036000 240386.565 0.0 0.0 3.99657 3.587412 0.0 0.0
2017-07-03 03:44:42.072000 240465.601 0.0 0.0 3.996645 3.587245 0.0 0.0
2017-07-03 03:46:01.397000 240544.926 0.0 0.0 3.996871 3.587162 0.0 0.0
2017-07-03 03:47:20.594000 240624.123 0.0 0.0 3.998146 3.587496 0.0 0.0
2017-07-03 03:48:41.220000 240704.749 0.0 0.0 3.997021 3.586662 0.0 0.0
2017-07-03 03:50:01.826000 240785.355 0.0 0.0 3.99657 3.586745 0.0 0.0
2017-07-03 03:51:22.652000 240866.181 0.0 0.0 3.997021 3.586662 0.0 0.0
2017-07-03 03:52:37.287000 240940.816 0.0 0.0 3.998521 3.587579 0.0 0.0
2017-07-03 03:53:58.384000 241021.913 0.0 0.0 3.996871 3.586829 0.0 0.0
2017-07-03 03:55:18.840000 241102.369 0.0 0.0 3.996871 3.587162 0.0 0.0
2017-07-03 03:56:39.606000 241183.135 0.0 0.0 3.997321 3.587079 0.0 0.0
2017-07-03 03:57:59.612000 241263.141 0.0 0.0 3.996871 3.587245 0.0 0.0
2017-07-03 03:59:20.296000 241343.825 0.0 0.0 3.998221 3.587079 0.0 0.0
2017-07-03 04:00:40.542000 241424.071 0.0 0.0 3.996645 3.587746 0.0 0.0
2017-07-03 04:02:00.448000 241503.977 0.0 0.0 3.996645 3.586745 0.0 0.0
2017-07-03 04:03:20.338000 241583.867 0.0 0.0 3.996795 3.587579 0.0 0.0
2017-07-03 04:04:40.034000 241663.563 0.0 0.0 3.997246 3.587412 0.0 0.0
2017-07-03 04:06:00.065000 241743.594 0.0 0.0 3.996795 3.587079 0.0 0.0
2017-07-03 04:07:14.130000 241817.659 0.0 0.0 3.996871 3.586912 0.0 0.0
2017-07-03 04:08:33.996000 241897.525 0.0 0.0 3.997096 3.587662 0.0 0.0
2017-07-03 04:09:53.872000 241977.401 0.0 0.0 3.99642 3.586745 0.0 0.0
2017-07-03 04:11:14.128000 242057.657 0.0 0.0 3.997021 3.587245 0.0 0.0
2017-07-03 04:12:34.004000 242137.533 0.0 0.0 3.996645 3.586995 0.0 0.0
2017-07-03 04:13:53.650000 242217.179 0.0 0.0 3.996721 3.586495 0.0 0.0
2017-07-03 04:15:13.436000 242296.965 0.0 0.0 3.996721 3.586745 0.0 0.0
2017-07-03 04:16:33.282000 242376.811 0.0 0.0 3.996645 3.587162 0.0 0.0
2017-07-03 04:17:53.521000 242457.05 0.0 0.0 3.99657 3.586495 0.0 0.0
2017-07-03 04:19:13.867000 242537.396 0.0 0.0 3.996946 3.587162 0.0 0.0
2017-07-03 04:20:33.455000 242616.984 0.0 0.0 3.996946 3.586579 0.0 0.0
2017-07-03 04:21:53.242000 242696.771 0.0 0.0 3.996795 3.586745 0.0 0.0
2017-07-03 04:23:13.139000 242776.668 0.0 0.0 3.997621 3.585995 0.0 0.0
2017-07-03 04:24:27.054000 242850.583 0.0 0.0 3.997021 3.586245 0.0 0.0
2017-07-03 04:25:46.921000 242930.45 0.0 0.0 3.99657 3.586245 0.0 0.0
2017-07-03 04:27:06.607000 243010.136 0.0 0.0 3.99657 3.586245 0.0 0.0
2017-07-03 04:28:26.903000 243090.432 0.0 0.0 3.99642 3.585912 0.0 0.0
2017-07-03 04:29:46.948000 243170.477 0.0 0.0 3.996721 3.586579 0.0 0.0
2017-07-03 04:31:07.112000 243250.641 0.0 0.0 3.99642 3.586245 0.0 0.0
2017-07-03 04:32:27.158000 243330.687 0.0 0.0 3.99657 3.586245 0.0 0.0
2017-07-03 04:33:46.897000 243410.426 0.0 0.0 3.997471 3.586078 0.0 0.0
2017-07-03 04:35:06.897000 243490.426 0.0 0.0 3.997096 3.586495 0.0 0.0
2017-07-03 04:36:27.634000 243571.163 0.0 0.0 3.997471 3.586245 0.0 0.0
2017-07-03 04:37:47.970000 243651.499 0.0 0.0 3.996946 3.586162 0.0 0.0
2017-07-03 04:39:08.325000 243731.854 0.0 0.0 3.997096 3.586579 0.0 0.0
2017-07-03 04:40:28.100000 243811.629 0.0 0.0 3.996871 3.586412 0.0 0.0
2017-07-03 04:43:38.858000 244002.387 0.0 0.0 3.996496 3.586579 0.0 0.0
2017-07-03 04:44:58.965000 244082.494 0.0 0.0 3.997171 3.586078 0.0 0.0
2017-07-03 04:46:18.771000 244162.3 0.0 0.0 3.996795 3.585995 0.0 0.0
2017-07-03 04:47:39.177000 244242.706 0.0 0.0 3.998221 3.586495 0.0 0.0
2017-07-03 04:48:59.273000 244322.802 0.0 0.0 3.996946 3.586329 0.0 0.0
2017-07-03 04:50:19.339000 244402.868 0.0 0.0 3.996345 3.585662 0.0 0.0
2017-07-03 04:51:38.965000 244482.494 0.0 0.0 3.996645 3.585995 0.0 0.0
2017-07-03 04:52:59.101000 244562.63 0.0 0.0 3.996795 3.585662 0.0 0.0
2017-07-03 04:54:19.237000 244642.766 0.0 0.0 3.99657 3.585745 0.0 0.0
2017-07-03 04:55:39.433000 244722.962 0.0 0.0 3.997846 3.586329 0.0 0.0
2017-07-03 04:56:59.710000 244803.239 0.0 0.0 3.996496 3.585912 0.0 0.0
2017-07-03 04:58:13.905000 244877.434 0.0 0.0 3.997921 3.586412 0.0 0.0
2017-07-03 04:59:34.511000 244958.04 0.0 0.0 3.99657 3.586245 0.0 0.0
2017-07-03 05:00:55.127000 245038.656 0.0 0.0 3.998446 3.586662 0.0 0.0
2017-07-03 05:02:15.383000 245118.912 0.0 0.0 3.996645 3.585495 0.0 0.0
2017-07-03 05:03:35.709000 245199.238 0.0 0.0 3.996496 3.585828 0.0 0.0
2017-07-03 05:04:55.885000 245279.414 0.0 0.0 3.99657 3.585912 0.0 0.0
2017-07-03 05:06:16.211000 245359.74 0.0 0.0 3.99657 3.585662 0.0 0.0
2017-07-03 05:07:36.617000 245440.146 0.0 0.0 3.996871 3.586245 0.0 0.0
2017-07-03 05:08:56.844000 245520.373 0.0 0.0 3.996721 3.585912 0.0 0.0
2017-07-03 05:10:16.890000 245600.419 0.0 0.0 3.996645 3.585495 0.0 0.0
2017-07-03 05:11:37.106000 245680.635 0.0 0.0 3.997771 3.585411 0.0 0.0
2017-07-03 05:12:57.482000 245761.011 0.0 0.0 3.996195 3.585995 0.0 0.0
2017-07-03 05:14:11.576000 245835.105 0.0 0.0 3.996871 3.586078 0.0 0.0
2017-07-03 05:15:31.772000 245915.301 0.0 0.0 3.99642 3.586078 0.0 0.0
2017-07-03 05:16:52.158000 245995.687 0.0 0.0 3.996496 3.586078 0.0 0.0
2017-07-03 05:18:12.334000 246075.863 0.0 0.0 3.996645 3.585662 0.0 0.0
2017-07-03 05:19:32.660000 246156.189 0.0 0.0 3.996645 3.585578 0.0 0.0
2017-07-03 05:20:52.697000 246236.226 0.0 0.0 3.99657 3.586245 0.0 0.0
2017-07-03 05:22:13.203000 246316.732 0.0 0.0 3.996645 3.585578 0.0 0.0
2017-07-03 05:23:33.669000 246397.198 0.0 0.0 3.996721 3.585912 0.0 0.0
2017-07-03 05:24:53.725000 246477.254 0.0 0.0 3.996946 3.586329 0.0 0.0
2017-07-03 05:26:13.281000 246556.81 0.0 0.0 3.996721 3.586078 0.0 0.0
2017-07-03 05:27:33.887000 246637.416 0.0 0.0 3.997021 3.585995 0.0 0.0
2017-07-03 05:28:48.432000 246711.961 0.0 0.0 3.996345 3.585578 0.0 0.0
2017-07-03 05:30:08.898000 246792.427 0.0 0.0 3.997171 3.586329 0.0 0.0
2017-07-03 05:31:29.664000 246873.193 0.0 0.0 3.997021 3.586078 0.0 0.0
2017-07-03 05:32:50.281000 246953.81 0.0 0.0 3.997471 3.585745 0.0 0.0
2017-07-03 05:34:10.867000 247034.396 0.0 0.0 3.997321 3.586745 0.0 0.0
2017-07-03 05:35:31.203000 247114.732 0.0 0.0 3.996721 3.586412 0.0 0.0
2017-07-03 05:36:51.689000 247195.218 0.0 0.0 3.99642 3.586078 0.0 0.0
2017-07-03 05:38:12.435000 247275.964 0.0 0.0 3.998446 3.586162 0.0 0.0
2017-07-03 05:39:33.031000 247356.56 0.0 0.0 3.997921 3.585912 0.0 0.0
2017-07-03 05:40:53.728000 247437.257 0.0 0.0 3.997171 3.586245 0.0 0.0
2017-07-03 05:42:14.644000 247518.173 0.0 0.0 3.996721 3.586078 0.0 0.0
2017-07-03 05:43:35.580000 247599.109 0.0 0.0 3.996795 3.586078 0.0 0.0
2017-07-03 05:44:55.897000 247679.426 0.0 0.0 3.997621 3.586412 0.0 0.0
2017-07-03 05:46:10.392000 247753.921 0.0 0.0 3.996496 3.585995 0.0 0.0
2017-07-03 05:47:31.348000 247834.877 0.0 0.0 3.997246 3.586662 0.0 0.0
2017-07-03 05:48:52.124000 247915.653 0.0 0.0 3.997096 3.587079 0.0 0.0
2017-07-03 05:50:13 247996.529 0.0 0.0 3.997021 3.586829 0.0 0.0
2017-07-03 05:51:33.716000 248077.245 0.0 0.0 3.996871 3.586245 0.0 0.0
2017-07-03 05:52:54.462000 248157.991 0.0 0.0 3.997171 3.586579 0.0 0.0
2017-07-03 05:54:15.388000 248238.917 0.0 0.0 3.998221 3.586329 0.0 0.0
2017-07-03 05:55:36.145000 248319.674 0.0 0.0 3.997321 3.586412 0.0 0.0
2017-07-03 05:56:56.931000 248400.46 0.0 0.0 3.997021 3.586579 0.0 0.0
2017-07-03 05:58:17.227000 248480.756 0.0 0.0 3.996645 3.586162 0.0 0.0
2017-07-03 05:59:38.564000 248562.093 0.0 0.0 3.997021 3.586245 0.0 0.0
2017-07-03 06:00:59.250000 248642.779 0.0 0.0 3.997021 3.586078 0.0 0.0
2017-07-03 06:02:20.126000 248723.655 0.0 0.0 3.996946 3.585995 0.0 0.0
2017-07-03 06:03:35.011000 248798.54 0.0 0.0 3.996645 3.585662 0.0 0.0
2017-07-03 06:04:55.667000 248879.196 0.0 0.0 3.996946 3.586078 0.0 0.0
2017-07-03 06:06:16.543000 248960.072 0.0 0.0 3.996721 3.585745 0.0 0.0
2017-07-03 06:07:37.450000 249040.979 0.0 0.0 3.997171 3.586245 0.0 0.0
2017-07-03 06:08:58.376000 249121.905 0.0 0.0 3.998146 3.585745 0.0 0.0
2017-07-03 06:10:19.242000 249202.771 0.0 0.0 3.996946 3.585662 0.0 0.0
2017-07-03 06:11:40.048000 249283.577 0.0 0.0 3.996946 3.585411 0.0 0.0
2017-07-03 06:13:00.334000 249363.863 0.0 0.0 3.997546 3.586245 0.0 0.0
2017-07-03 06:14:21.570000 249445.099 0.0 0.0 3.997621 3.585912 0.0 0.0
2017-07-03 06:15:42.547000 249526.076 0.0 0.0 3.997246 3.585912 0.0 0.0
2017-07-03 06:17:03.603000 249607.132 0.0 0.0 3.998071 3.585912 0.0 0.0
2017-07-03 06:18:24.589000 249688.118 0.0 0.0 3.997246 3.586078 0.0 0.0
2017-07-03 06:19:45.506000 249769.035 0.0 0.0 3.997171 3.585578 0.0 0.0
2017-07-03 06:21:00.511000 249844.04 0.0 0.0 3.997021 3.585912 0.0 0.0
2017-07-03 06:22:21.447000 249924.976 0.0 0.0 3.996795 3.585495 0.0 0.0
2017-07-03 06:23:42.383000 250005.912 0.0 0.0 3.996721 3.585912 0.0 0.0
2017-07-03 06:25:03.469000 250086.998 0.0 0.0 3.996645 3.585828 0.0 0.0
2017-07-03 06:26:24.885000 250168.414 0.0 0.0 3.997096 3.585912 0.0 0.0
2017-07-03 06:27:45.852000 250249.381 0.0 0.0 3.997171 3.586579 0.0 0.0
2017-07-03 06:29:06.928000 250330.457 0.0 0.0 3.996871 3.585495 0.0 0.0
2017-07-03 06:30:27.834000 250411.363 0.0 0.0 3.996946 3.585745 0.0 0.0
2017-07-03 06:31:49.291000 250492.82 0.0 0.0 3.996795 3.585662 0.0 0.0
2017-07-03 06:33:10.397000 250573.926 0.0 0.0 3.997396 3.586162 0.0 0.0
2017-07-03 06:34:31.453000 250654.982 0.0 0.0 3.998371 3.586412 0.0 0.0
2017-07-03 06:35:52.440000 250735.969 0.0 0.0 3.997771 3.586078 0.0 0.0
2017-07-03 06:37:13.956000 250817.485 0.0 0.0 3.998071 3.585411 0.0 0.0
2017-07-03 06:38:29.141000 250892.67 0.0 0.0 3.99642 3.586078 0.0 0.0
2017-07-03 06:39:50.667000 250974.196 0.0 0.0 3.997171 3.586412 0.0 0.0
2017-07-03 06:41:11.953000 251055.482 0.0 0.0 3.996871 3.585828 0.0 0.0
2017-07-03 06:42:33.189000 251136.718 0.0 0.0 3.996795 3.586829 0.0 0.0
2017-07-03 06:43:54.387000 251217.916 0.0 0.0 3.997171 3.586495 0.0 0.0
2017-07-03 06:45:15.143000 251298.672 0.0 0.0 3.997021 3.585828 0.0 0.0
2017-07-03 06:46:36.659000 251380.188 0.0 0.0 3.996795 3.586162 0.0 0.0
2017-07-03 06:47:57.495000 251461.024 0.0 0.0 3.997246 3.586162 0.0 0.0
2017-07-03 06:49:19.181000 251542.71 0.0 0.0 3.997021 3.585495 0.0 0.0
2017-07-03 06:50:40.057000 251623.586 0.0 0.0 3.997246 3.585828 0.0 0.0
2017-07-03 06:52:01.494000 251705.023 0.0 0.0 3.996946 3.585578 0.0 0.0
2017-07-03 06:53:22.830000 251786.359 0.0 0.0 3.996946 3.585828 0.0 0.0
2017-07-03 06:54:38.246000 251861.775 0.0 0.0 3.99642 3.585828 0.0 0.0
2017-07-03 06:55:59.502000 251943.031 0.0 0.0 3.996946 3.585662 0.0 0.0
2017-07-03 06:57:21.268000 252024.797 0.0 0.0 3.997171 3.585828 0.0 0.0
2017-07-03 06:58:42.654000 252106.183 0.0 0.0 3.997096 3.585161 0.0 0.0
2017-07-03 07:00:04.031000 252187.56 0.0 0.0 3.998596 3.586245 0.0 0.0
2017-07-03 07:01:25.788000 252269.317 0.0 0.0 3.997246 3.585745 0.0 0.0
