#Human readable time. Time (s) since start. V @ ag47t. A @ ag47t. V @ ag47b. A @ ag47b. V @ ag49. A @ ag49.
2017-06-27 09:14:29.125000 0.0 0.0,0.0,0.0,0.0,0.0,1.98629
2017-06-27 09:14:41.018000 11.893 14.99732,0.0,0.0,0.0,0.0,1.986897
2017-06-27 09:14:52.651000 23.526 14.99747,0.0,0.0,0.0,0.0,1.986973
2017-06-27 09:15:04.335000 35.21 14.99928,0.0,0.0,0.0,0.0,1.987125
2017-06-27 09:15:16.058000 46.933 14.99838,0.0,0.0,0.0,0.0,1.987049
2017-06-27 09:15:27.741000 58.616 14.99958,0.0,0.0,0.0,0.0,1.986745
2017-06-27 09:15:39.487000 70.362 14.99853,0.0,0.0,0.0,0.0,1.986973
2017-06-27 09:15:51.211000 82.086 14.99747,0.0,0.0,0.0,0.0,1.987201
2017-06-27 09:16:02.955000 93.83 14.99777,0.0,0.0,0.0,0.0,1.986973
2017-06-27 09:16:14.771000 105.646 14.9974,0.0,0.0,0.0,1.69429,1.987277
2017-06-27 09:16:26.874000 117.749 14.99747,0.0,0.0,0.0,0.0,1.986669
2017-06-27 09:16:38.738000 129.613 14.99965,0.0,0.0,0.0,0.0,1.987201
2017-06-27 09:16:50.663000 141.538 14.9986,0.0,0.0,0.0,0.0,1.986442
2017-06-27 09:17:02.576000 153.451 14.99943,0.0,0.0,0.0,0.0,1.987125
2017-06-27 09:17:14.510000 165.385 14.9983,0.0,0.0,0.0,0.0,1.986973
2017-06-27 09:17:26.473000 177.348 14.99935,0.0,0.0,0.0,0.0,1.986745
2017-06-27 09:17:38.478000 189.353 14.9974,0.0,0.0,0.0,0.0,1.986745
2017-06-27 09:17:50.504000 201.379 14.99868,0.0,0.0,0.0,0.0,1.986897
2017-06-27 09:18:02.538000 213.413 14.9995,0.0,0.0,0.0,0.0,1.986821
2017-06-27 09:18:14.653000 225.528 14.99838,0.0,0.0,0.0,0.0,1.986442
2017-06-27 09:18:26.806000 237.681 14.99958,0.0,0.0,0.0,0.0,1.986821
2017-06-27 09:18:38.949000 249.824 14.99965,0.0,0.0,0.0,0.0,1.986745
2017-06-27 09:18:51.174000 262.049 14.99875,0.0,0.0,0.0,0.0,1.986366
2017-06-27 09:19:03.418000 274.293 14.9992,0.0,0.0,0.0,0.0,1.986214
2017-06-27 09:19:15.643000 286.518 14.99958,0.0,0.0,0.0,0.0,1.986518
2017-06-27 09:19:27.956000 298.831 14.99838,0.0,0.0,0.0,0.0,1.98629
2017-06-27 09:19:40.301000 311.176 14.99875,0.0,0.0,0.0,0.0,1.986669
2017-06-27 09:19:52.615000 323.49 14.99732,0.0,0.0,0.0,0.0,1.986821
2017-06-27 09:20:04.949000 335.824 14.9989,0.0,0.0,0.0,0.0,1.986518
2017-06-27 09:20:17.364000 348.239 14.99762,0.0,0.0,0.0,0.0,1.987201
2017-06-27 09:20:29.807000 360.682 14.99853,0.0,0.0,0.0,0.0,1.986518
2017-06-27 09:20:42.222000 373.097 14.99958,0.0,0.0,0.0,0.0,1.987125
2017-06-27 09:20:54.655000 385.53 14.99868,0.0,0.0,0.0,0.0,1.98629
2017-06-27 09:21:07.180000 398.055 14.99777,0.0,0.0,0.0,0.0,1.986973
2017-06-27 09:21:19.724000 410.599 14.9986,0.0,0.0,0.0,0.0,1.986821
2017-06-27 09:21:32.320000 423.195 14.99853,0.0,0.0,0.0,0.0,1.986669
2017-06-27 09:21:44.884000 435.759 14.99845,0.0,0.0,0.0,0.0,1.986518
2017-06-27 09:21:57.500000 448.375 14.9998,0.0,0.0,0.0,0.0,1.986062
2017-06-27 09:22:10.134000 461.009 14.99868,0.0,0.0,0.0,0.0,1.986518
2017-06-27 09:22:22.780000 473.655 14.99883,0.0,0.0,0.0,0.0,1.986518
2017-06-27 09:22:35.493000 486.368 15.00093,0.0,0.0,0.0,0.0,1.986821
2017-06-27 09:22:48.277000 499.152 14.99973,0.0,0.0,0.0,0.0,1.986594
2017-06-27 09:23:01.051000 511.926 14.99762,0.0,0.0,0.0,0.0,1.986062
2017-06-27 09:23:13.805000 524.68 14.99845,0.0,0.0,0.0,0.0,1.986973
2017-06-27 09:23:26.619000 537.494 14.99845,0.0,0.0,0.0,0.0,1.986214
2017-06-27 09:23:39.423000 550.298 14.99868,0.0,0.0,0.0,0.0,1.986897
2017-06-27 09:23:52.288000 563.163 14.99823,0.0,0.0,0.0,0.0,1.986518
2017-06-27 09:24:05.192000 576.067 14.99883,0.0,0.0,0.0,0.0,1.986897
2017-06-27 09:24:18.137000 589.012 14.99868,0.0,0.0,0.0,0.0,1.987049
2017-06-27 09:24:31.061000 601.936 14.99973,0.0,0.0,0.0,0.0,1.985911
2017-06-27 09:24:44.125000 615.0 14.99943,0.0,0.0,0.0,0.0,1.986366
2017-06-27 09:24:57.119000 627.994 14.99875,0.0,0.0,0.0,0.0,1.987201
2017-06-27 09:25:10.142000 641.017 14.99785,0.0,0.0,0.0,0.0,1.986973
2017-06-27 09:25:23.257000 654.132 14.99958,0.0,0.0,0.0,0.0,1.986821
2017-06-27 09:25:36.330000 667.205 14.9995,0.0,0.0,0.0,0.0,1.986518
2017-06-27 09:25:49.434000 680.309 14.99853,0.0,0.0,0.0,0.0,1.986442
2017-06-27 09:26:02.569000 693.444 0.0,0.0,0.0,0.0,0.0,1.986745
2017-06-27 09:26:15.632000 706.507 0.0,0.0,0.0,0.0,0.0,1.987277
2017-06-27 09:26:28.656000 719.531 0.0,0.0,0.0,0.0,0.0,1.988036
2017-06-27 09:26:41.710000 732.585 0.0,0.0,0.0,0.0,0.0,1.986821
2017-06-27 09:26:54.815000 745.69 0.0,0.0,0.0,0.0,0.0,1.987428
2017-06-27 09:27:07.959000 758.834 0.0,0.0,0.0,0.0,0.0,1.986897
2017-06-27 09:27:21.102000 771.977 0.0,0.0,0.0,0.0,0.0,1.986442
2017-06-27 09:27:34.295000 785.17 0.0,0.0,0.0,0.0,0.0,1.986821
2017-06-27 09:27:47.528000 798.403 0.0,0.0,0.0,0.0,0.0,1.987049
2017-06-27 09:28:00.782000 811.657 0.0,0.0,0.0,0.0,0.0,1.987201
2017-06-27 09:28:14.105000 824.98 0.0,0.0,0.0,0.0,0.0,1.986821
2017-06-27 09:28:27.429000 838.304 0.0,0.0,0.0,0.0,0.0,1.986062
2017-06-27 09:28:40.772000 851.647 0.0,0.0,0.0,0.0,0.0,1.987277
2017-06-27 09:28:54.116000 864.991 0.0,0.0,0.0,0.0,0.0,1.986442
2017-06-27 09:29:07.509000 878.384 0.0,0.0,0.0,0.0,0.0,1.987125
2017-06-27 09:29:20.964000 891.839 14.99808,0.0,0.0,0.0,0.0,1.987352
2017-06-27 09:29:34.538000 905.413 14.99868,0.0,0.0,0.0,0.0,1.987504
2017-06-27 09:29:48.172000 919.047 14.9986,0.0,0.0,0.0,0.0,1.986897
2017-06-27 09:30:01.816000 932.691 0.0,0.0,0.0,0.0,0.0,1.987201
2017-06-27 09:30:15.361000 946.236 0.0,0.0,0.0,0.0,0.0,1.987504
2017-06-27 09:30:28.894000 959.769 0.0,0.0,0.0,0.0,0.0,1.986821
2017-06-27 09:30:42.507000 973.382 0.0,0.0,0.0,0.0,1.693989,1.986821
2017-06-27 09:30:56.491000 987.366 0.0,0.0,0.0,0.0,0.0,1.98629
2017-06-27 09:31:10.186000 1001.061 0.0,0.0,0.0,0.0,0.0,1.986214
2017-06-27 09:31:23.880000 1014.755 0.0,0.0,0.0,0.0,0.0,1.986897
2017-06-27 09:31:37.573000 1028.448 0.0,0.0,0.0,0.0,0.0,1.986821
2017-06-27 09:31:51.278000 1042.153 0.0,0.0,0.0,0.0,0.0,1.987277
2017-06-27 09:32:05.013000 1055.888 0.0,0.0,0.0,0.0,0.0,1.987049
2017-06-27 09:32:18.828000 1069.703 0.0,0.0,0.0,0.0,0.0,1.987277
2017-06-27 09:32:32.661000 1083.536 0.0,0.0,0.0,0.0,0.0,1.986366
2017-06-27 09:32:46.587000 1097.462 0.0,0.0,0.0,0.0,0.0,1.987049
2017-06-27 09:33:00.482000 1111.357 14.9956,0.0,0.0,0.0,0.0,1.987277
2017-06-27 09:33:14.525000 1125.4 14.99928,0.0,0.0,0.0,0.0,1.987125
2017-06-27 09:33:28.619000 1139.494 14.99868,0.0,0.0,0.0,0.0,1.986214
2017-06-27 09:33:42.753000 1153.628 0.0,0.0,0.0,0.0,0.0,1.986669
2017-06-27 09:33:56.778000 1167.653 0.0,0.0,0.0,0.0,0.0,1.986973
2017-06-27 09:34:10.832000 1181.707 0.0,0.0,0.0,0.0,0.0,1.986062
2017-06-27 09:34:24.907000 1195.782 0.0,0.0,0.0,0.0,0.0,1.986518
2017-06-27 09:34:39.032000 1209.907 0.0,0.0,0.0,0.0,0.0,1.987125
2017-06-27 09:34:53.174000 1224.049 0.0,0.0,0.0,0.0,0.0,1.987277
2017-06-27 09:35:07.340000 1238.215 0.0,0.0,0.0,0.0,0.0,1.987125
2017-06-27 09:35:21.515000 1252.39 0.0,0.0,0.0,0.0,0.0,1.986669
2017-06-27 09:35:35.739000 1266.614 0.0,0.0,0.0,0.0,0.0,1.986669
2017-06-27 09:35:49.973000 1280.848 0.0,0.0,0.0,0.0,0.0,1.986821
2017-06-27 09:36:04.236000 1295.111 0.0,0.0,0.0,0.0,0.0,1.986745
2017-06-27 09:36:18.531000 1309.406 0.0,0.0,0.0,0.0,0.0,1.986821
2017-06-27 09:36:32.867000 1323.742 0.0,0.0,0.0,0.0,0.0,1.986669
2017-06-27 09:36:47.201000 1338.076 0.0,0.0,0.0,0.0,0.0,1.986821
2017-06-27 09:37:01.545000 1352.42 0.0,0.0,0.0,0.0,0.0,1.986669
2017-06-27 09:37:15.990000 1366.865 0.0,0.0,0.0,0.0,0.0,1.987504
2017-06-27 09:37:30.385000 1381.26 0.0,0.0,0.0,0.0,0.0,1.987808
2017-06-27 09:37:44.818000 1395.693 0.0,0.0,0.0,0.0,0.0,1.986669
2017-06-27 09:37:59.341000 1410.216 14.99627,0.0,0.0,0.0,0.0,1.986518
2017-06-27 09:38:14.026000 1424.901 14.99838,0.0,0.0,0.0,0.0,1.986669
2017-06-27 09:38:28.791000 1439.666 0.0,0.0,0.0,0.0,0.0,1.986669
2017-06-27 09:38:43.375000 1454.25 0.0,0.0,0.0,0.0,0.0,1.986366
2017-06-27 09:38:57.949000 1468.824 0.0,0.0,0.0,0.0,0.0,1.986669
2017-06-27 09:39:12.564000 1483.439 0.0,0.0,0.0,0.0,0.0,1.987125
2017-06-27 09:39:27.278000 1498.153 0.0,0.0,0.0,0.0,0.0,1.986214
2017-06-27 09:39:41.962000 1512.837 0.0,0.0,0.0,0.0,0.0,1.986518
2017-06-27 09:39:56.687000 1527.562 0.0,0.0,0.0,0.0,0.0,1.986821
2017-06-27 09:40:11.502000 1542.377 0.0,0.0,0.0,0.0,0.0,1.986594
2017-06-27 09:40:26.237000 1557.112 0.0,0.0,0.0,0.0,0.0,1.987201
2017-06-27 09:40:41.102000 1571.977 0.0,0.0,0.0,0.0,0.0,1.987352
2017-06-27 09:40:55.887000 1586.762 0.0,0.0,0.0,0.0,0.0,1.986518
2017-06-27 09:41:10.753000 1601.628 0.0,0.0,0.0,0.0,0.0,1.986062
2017-06-27 09:41:25.626000 1616.501 0.0,0.0,0.0,0.0,0.0,1.986442
2017-06-27 09:41:40.592000 1631.467 0.0,0.0,0.0,0.0,0.0,1.986518
2017-06-27 09:41:55.517000 1646.392 0.0,0.0,0.0,0.0,0.0,1.986366
2017-06-27 09:42:10.622000 1661.497 0.0,0.0,0.0,0.0,0.0,1.987428
2017-06-27 09:42:25.627000 1676.502 0.0,0.0,0.0,0.0,0.0,1.986518
2017-06-27 09:42:40.703000 1691.578 0.0,0.0,0.0,0.0,0.0,1.986214
2017-06-27 09:42:55.739000 1706.614 0.0,0.0,0.0,0.0,0.0,1.985986
2017-06-27 09:43:10.964000 1721.839 0.0,0.0,0.0,0.0,0.0,1.986062
2017-06-27 09:43:26.108000 1736.983 0.0,0.0,0.0,0.0,0.0,1.987125
2017-06-27 09:43:41.232000 1752.107 14.99717,0.0,0.0,0.0,0.0,1.987201
2017-06-27 09:43:56.549000 1767.424 14.99845,0.0,0.0,0.0,0.0,1.986669
2017-06-27 09:44:11.964000 1782.839 0.0,0.0,0.0,0.0,0.0,1.986138
2017-06-27 09:44:27.209000 1798.084 0.0,0.0,0.0,0.0,0.0,1.986973
2017-06-27 09:44:42.464000 1813.339 0.0,15.03164,0.0,0.0,0.0,1.986745
2017-06-27 09:44:57.959000 1828.834 0.0,15.03597,0.0,0.0,0.0,1.986745
2017-06-27 09:45:13.514000 1844.389 0.0,15.0369,0.0,0.0,0.0,1.986973
2017-06-27 09:45:29.059000 1859.934 0.0,15.03528,0.0,0.0,0.0,1.986138
2017-06-27 09:45:44.704000 1875.579 0.0,15.03667,0.0,0.0,0.0,1.986442
2017-06-27 09:46:00.339000 1891.214 0.0,15.03536,0.0,0.0,0.0,1.987277
2017-06-27 09:46:15.993000 1906.868 0.0,15.03574,0.0,0.0,0.0,1.987277
2017-06-27 09:46:31.678000 1922.553 0.0,15.03644,0.0,0.0,0.0,1.986821
2017-06-27 09:46:47.493000 1938.368 0.0,15.03551,0.0,0.0,0.0,1.986366
2017-06-27 09:47:03.277000 1954.152 0.0,15.03512,0.0,0.0,0.0,1.986897
2017-06-27 09:47:19.111000 1969.986 0.0,15.03667,0.0,0.0,0.0,1.986669
2017-06-27 09:47:34.955000 1985.83 0.0,15.03613,0.0,0.0,0.0,1.986214
2017-06-27 09:47:51.020000 2001.895 0.0,15.03737,0.0,0.0,0.0,1.986062
