#Human readable time. Time (s) since start. V @ ag47t. A @ ag47t. V @ ag47b. A @ ag47b. V @ ag49. A @ ag49.
2017-05-22 21:28:00.851000 0.0 0.0,0.0,3.997471,3.581077,0.0,0.0
2017-05-22 21:28:16.248000 15.397 0.0,0.0,3.997696,3.58091,0.0,0.0
2017-05-22 21:28:27.760000 26.909 0.0,0.0,3.997171,3.580743,0.0,0.0
2017-05-22 21:28:39.566000 38.715 0.0,0.0,3.997021,3.581244,0.0,0.0
2017-05-22 21:28:54.691000 53.84 0.0,0.0,3.997321,3.580743,0.0,0.0
2017-05-22 21:29:06.733000 65.882 0.0,0.0,3.997396,3.580577,0.0,0.0
2017-05-22 21:29:19.157000 78.306 0.0,0.0,3.996721,3.580243,0.0,0.0
2017-05-22 21:29:31.671000 90.82 0.0,0.0,3.996721,3.580076,0.0,0.0
2017-05-22 21:29:43.406000 102.555 0.0,0.0,3.996795,3.580243,0.0,0.0
2017-05-22 21:29:55.071000 114.22 0.0,0.0,3.996871,3.580327,0.0,0.0
2017-05-22 21:30:06.804000 125.953 0.0,0.0,3.996871,3.580493,0.0,0.0
2017-05-22 21:30:18.529000 137.678 0.0,0.0,3.997471,3.58066,0.0,0.0
2017-05-22 21:30:30.294000 149.443 0.0,0.0,3.996871,3.58066,0.0,0.0
2017-05-22 21:30:42.087000 161.236 0.0,0.0,3.997021,3.580827,0.0,0.0
2017-05-22 21:30:53.909000 173.058 0.0,0.0,3.996946,3.58091,0.0,0.0
2017-05-22 21:31:05.774000 184.923 0.0,0.0,3.997171,3.58091,0.0,0.0
2017-05-22 21:31:17.666000 196.815 0.0,0.0,3.997321,3.580577,0.0,0.0
2017-05-22 21:31:29.613000 208.762 0.0,0.0,3.996795,3.58041,0.0,0.0
2017-05-22 21:31:41.526000 220.675 0.0,0.0,3.997321,3.58091,0.0,0.0
2017-05-22 21:31:53.488000 232.637 0.0,0.0,3.997171,3.580743,0.0,0.0
2017-05-22 21:32:05.511000 244.66 0.0,0.0,3.997021,3.580743,0.0,0.0
2017-05-22 21:32:17.537000 256.686 0.0,0.0,3.996871,3.580076,0.0,0.0
2017-05-22 21:32:29.589000 268.738 0.0,0.0,3.99657,3.580076,0.0,0.0
2017-05-22 21:32:41.713000 280.862 0.0,0.0,3.996645,3.580076,0.0,0.0
2017-05-22 21:32:53.825000 292.974 0.0,0.0,3.996795,3.57991,0.0,0.0
2017-05-22 21:33:05.951000 305.1 0.0,0.0,3.996871,3.58041,0.0,0.0
2017-05-22 21:33:18.084000 317.233 0.0,0.0,3.996946,3.58066,0.0,0.0
2017-05-22 21:33:30.330000 329.479 0.0,0.0,3.997021,3.58041,0.0,0.0
2017-05-22 21:33:42.532000 341.681 0.0,0.0,3.997021,3.580577,0.0,0.0
2017-05-22 21:33:54.770000 353.919 0.0,0.0,3.997021,3.580076,0.0,0.0
2017-05-22 21:34:07.093000 366.242 0.0,0.0,3.996871,3.580743,0.0,0.0
2017-05-22 21:34:19.407000 378.556 0.0,0.0,3.997471,3.581077,0.0,0.0
2017-05-22 21:34:31.770000 390.919 0.0,0.0,3.997246,3.581077,0.0,0.0
2017-05-22 21:34:44.124000 403.273 0.0,0.0,3.997246,3.581077,0.0,0.0
2017-05-22 21:34:56.501000 415.65 0.0,0.0,3.997471,3.580743,0.0,0.0
2017-05-22 21:35:08.946000 428.095 0.0,0.0,3.997471,3.58116,0.0,0.0
2017-05-22 21:35:21.369000 440.518 0.0,0.0,3.99657,3.580743,0.0,0.0
2017-05-22 21:35:33.851000 453.0 0.0,0.0,3.997021,3.580577,0.0,0.0
2017-05-22 21:35:46.394000 465.543 0.0,0.0,3.997021,3.58066,0.0,0.0
2017-05-22 21:35:58.968000 478.117 0.0,0.0,3.997021,3.580577,0.0,0.0
2017-05-22 21:36:11.534000 490.683 0.0,0.0,3.997021,3.580493,0.0,0.0
2017-05-22 21:36:24.150000 503.299 0.0,0.0,3.996946,3.58041,0.0,0.0
2017-05-22 21:36:36.739000 515.888 0.0,0.0,3.996946,3.580493,0.0,0.0
2017-05-22 21:36:49.364000 528.513 0.0,0.0,3.997021,3.580993,0.0,0.0
2017-05-22 21:37:02.097000 541.246 0.0,0.0,3.996871,3.58091,0.0,0.0
2017-05-22 21:37:14.834000 553.983 0.0,0.0,3.997471,3.580827,0.0,0.0
2017-05-22 21:37:27.548000 566.697 0.0,0.0,3.996871,3.580827,0.0,0.0
2017-05-22 21:37:40.272000 579.421 0.0,0.0,3.997096,3.58091,0.0,0.0
2017-05-22 21:37:53.053000 592.202 0.0,0.0,3.997471,3.581244,0.0,0.0
2017-05-22 21:38:05.867000 605.016 0.0,0.0,3.997246,3.58141,0.0,0.0
2017-05-22 21:38:18.740000 617.889 0.0,0.0,3.997246,3.581494,0.0,0.0
2017-05-22 21:38:31.594000 630.743 0.0,0.0,3.997096,3.580743,0.0,0.0
2017-05-22 21:38:44.549000 643.698 0.0,0.0,3.997246,3.580993,0.0,0.0
2017-05-22 21:38:57.476000 656.625 0.0,0.0,3.997246,3.58116,0.0,0.0
2017-05-22 21:39:10.378000 669.527 0.0,0.0,3.997546,3.580993,0.0,0.0
2017-05-22 21:39:23.303000 682.452 0.0,0.0,3.996795,3.580493,0.0,0.0
2017-05-22 21:39:36.357000 695.506 0.0,0.0,3.996946,3.580827,0.0,0.0
2017-05-22 21:39:49.393000 708.542 0.0,0.0,3.997096,3.58066,0.0,0.0
2017-05-22 21:40:02.496000 721.645 0.0,0.0,3.996795,3.580743,0.0,0.0
2017-05-22 21:40:15.620000 734.769 0.0,0.0,3.997246,3.580577,0.0,0.0
2017-05-22 21:40:28.765000 747.914 0.0,0.0,3.997096,3.580493,0.0,0.0
2017-05-22 21:40:41.878000 761.027 0.0,0.0,3.996946,3.581077,0.0,0.0
2017-05-22 21:40:55.013000 774.162 0.0,0.0,3.996946,3.580827,0.0,0.0
2017-05-22 21:41:08.277000 787.426 0.0,0.0,3.996645,3.580743,0.0,0.0
2017-05-22 21:41:21.521000 800.67 0.0,0.0,3.997171,3.580493,0.0,0.0
2017-05-22 21:41:34.794000 813.943 0.0,0.0,3.997021,3.58066,0.0,0.0
2017-05-22 21:41:48.059000 827.208 0.0,0.0,3.996721,3.580743,0.0,0.0
2017-05-22 21:42:01.343000 840.492 0.0,0.0,3.996946,3.580493,0.0,0.0
2017-05-22 21:42:14.698000 853.847 0.0,0.0,3.997321,3.581077,0.0,0.0
2017-05-22 21:42:28.103000 867.252 0.0,0.0,3.997471,3.581077,0.0,0.0
2017-05-22 21:42:45.738000 884.887 0.0,0.0,3.997171,3.580827,0.0,0.0
2017-05-22 21:42:59.153000 898.302 0.0,0.0,3.997321,3.581077,0.0,0.0
2017-05-22 21:43:12.607000 911.756 0.0,0.0,3.997321,3.58066,0.0,0.0
2017-05-22 21:43:26.112000 925.261 0.0,0.0,3.997321,3.580827,0.0,0.0
2017-05-22 21:43:39.747000 938.896 0.0,0.0,3.997171,3.580577,0.0,0.0
2017-05-22 21:43:53.322000 952.471 0.0,0.0,3.996871,3.58066,0.0,0.0
2017-05-22 21:44:06.915000 966.064 0.0,0.0,3.996871,3.580743,0.0,0.0
2017-05-22 21:44:20.770000 979.919 0.0,0.0,3.996871,3.58091,0.0,0.0
2017-05-22 21:44:57.962000 1017.111 0.0,0.0,3.997171,3.57941,0.0,0.0
2017-05-22 21:45:11.595000 1030.744 0.0,0.0,3.997021,3.579576,0.0,0.0
2017-05-22 21:45:25.970000 1045.119 0.0,0.0,3.997021,3.579159,0.0,0.0
2017-05-22 21:45:39.671000 1058.82 0.0,0.0,3.997321,3.579493,0.0,0.0
2017-05-22 21:45:53.376000 1072.525 0.0,0.0,3.997021,3.579076,0.0,0.0
2017-05-22 21:46:07.152000 1086.301 0.0,0.0,3.996721,3.579076,0.0,0.0
2017-05-22 21:46:20.947000 1100.096 0.0,0.0,3.99657,3.579243,0.0,0.0
2017-05-22 21:46:34.761000 1113.91 0.0,0.0,3.997021,3.579576,0.0,0.0
2017-05-22 21:46:48.645000 1127.794 0.0,0.0,3.997021,3.579159,0.0,0.0
2017-05-22 21:47:02.542000 1141.691 0.0,0.0,3.997546,3.57941,0.0,0.0
2017-05-22 21:47:16.467000 1155.616 0.0,0.0,3.997246,3.579576,0.0,0.0
2017-05-22 21:47:30.431000 1169.58 0.0,0.0,3.997321,3.579826,0.0,0.0
2017-05-22 21:47:44.427000 1183.576 0.0,0.0,3.997321,3.57991,0.0,0.0
2017-05-22 21:47:58.420000 1197.569 0.0,0.0,3.996795,3.579493,0.0,0.0
2017-05-22 21:48:12.394000 1211.543 0.0,0.0,3.996946,3.57941,0.0,0.0
2017-05-22 21:48:26.390000 1225.539 0.0,0.0,3.997021,3.57941,0.0,0.0
2017-05-22 21:48:40.454000 1239.603 0.0,0.0,3.996795,3.57941,0.0,0.0
2017-05-22 21:48:54.539000 1253.688 0.0,0.0,3.997396,3.579576,0.0,0.0
2017-05-22 21:49:08.702000 1267.851 0.0,0.0,3.997171,3.57991,0.0,0.0
2017-05-22 21:49:22.828000 1281.977 0.0,0.0,3.997321,3.579743,0.0,0.0
2017-05-22 21:49:36.982000 1296.131 0.0,0.0,3.997096,3.57941,0.0,0.0
2017-05-22 21:49:51.157000 1310.306 0.0,0.0,3.997021,3.579576,0.0,0.0
2017-05-22 21:50:05.405000 1324.554 0.0,0.0,3.997171,3.57966,0.0,0.0
2017-05-22 21:50:19.629000 1338.778 0.0,0.0,3.997021,3.57941,0.0,0.0
2017-05-22 21:50:33.904000 1353.053 0.0,0.0,3.997171,3.579826,0.0,0.0
2017-05-22 21:50:48.328000 1367.477 0.0,0.0,3.997321,3.579243,0.0,0.0
2017-05-22 21:51:02.650000 1381.799 0.0,0.0,3.996795,3.57941,0.0,0.0
2017-05-22 21:51:17.043000 1396.192 0.0,0.0,3.996946,3.579243,0.0,0.0
2017-05-22 21:51:31.499000 1410.648 0.0,0.0,3.997246,3.57941,0.0,0.0
2017-05-22 21:51:45.944000 1425.093 0.0,0.0,3.996946,3.579243,0.0,0.0
2017-05-22 21:52:00.440000 1439.589 0.0,0.0,3.996721,3.579076,0.0,0.0
2017-05-22 21:52:14.944000 1454.093 0.0,0.0,3.996871,3.578826,0.0,0.0
2017-05-22 21:52:29.507000 1468.656 0.0,0.0,3.996345,3.578909,0.0,0.0
2017-05-22 21:52:44.015000 1483.164 0.0,0.0,3.99657,3.579076,0.0,0.0
2017-05-22 21:52:58.545000 1497.694 0.0,0.0,3.996946,3.578826,0.0,0.0
2017-05-22 21:53:13.210000 1512.359 0.0,0.0,3.996795,3.579159,0.0,0.0
2017-05-22 21:53:27.806000 1526.955 0.0,0.0,3.996946,3.578993,0.0,0.0
2017-05-22 21:53:42.441000 1541.59 0.0,0.0,3.997096,3.579159,0.0,0.0
2017-05-22 21:53:57.089000 1556.238 0.0,0.0,3.997021,3.579993,0.0,0.0
2017-05-22 21:54:11.782000 1570.931 0.0,0.0,3.996795,3.579243,0.0,0.0
2017-05-22 21:54:26.599000 1585.748 0.0,0.0,3.997321,3.579076,0.0,0.0
2017-05-22 21:54:41.324000 1600.473 0.0,0.0,3.997396,3.579243,0.0,0.0
2017-05-22 21:54:56.097000 1615.246 0.0,0.0,3.996946,3.579159,0.0,0.0
2017-05-22 21:55:10.914000 1630.063 0.0,0.0,3.996645,3.578826,0.0,0.0
2017-05-22 21:55:25.727000 1644.876 0.0,0.0,3.996871,3.57941,0.0,0.0
2017-05-22 21:55:40.593000 1659.742 0.0,0.0,3.997021,3.579326,0.0,0.0
2017-05-22 21:55:55.468000 1674.617 0.0,0.0,3.997021,3.578743,0.0,0.0
2017-05-22 21:56:10.383000 1689.532 0.0,0.0,3.997021,3.57941,0.0,0.0
2017-05-22 21:56:25.317000 1704.466 0.0,0.0,3.996871,3.579076,0.0,0.0
2017-05-22 21:56:40.299000 1719.448 0.0,0.0,3.997021,3.579243,0.0,0.0
2017-05-22 21:56:55.341000 1734.49 0.0,0.0,3.997171,3.578409,0.0,0.0
2017-05-22 21:57:10.337000 1749.486 0.0,0.0,3.997021,3.578576,0.0,0.0
2017-05-22 21:57:25.532000 1764.681 0.0,0.0,3.996871,3.579076,0.0,0.0
2017-05-22 21:57:40.611000 1779.76 0.0,0.0,3.996871,3.579076,0.0,0.0
2017-05-22 21:57:55.704000 1794.853 0.0,0.0,3.996795,3.578826,0.0,0.0
2017-05-22 21:58:10.839000 1809.988 0.0,0.0,3.997096,3.578826,0.0,0.0
2017-05-22 21:58:25.995000 1825.144 0.0,0.0,3.996645,3.578826,0.0,0.0
2017-05-22 21:58:41.200000 1840.349 0.0,0.0,3.996721,3.578826,0.0,0.0
2017-05-22 21:58:56.445000 1855.594 0.0,0.0,3.997471,3.578743,0.0,0.0
2017-05-22 21:59:11.658000 1870.807 0.0,0.0,3.997171,3.579576,0.0,0.0
2017-05-22 21:59:26.917000 1886.066 0.0,0.0,3.997171,3.579076,0.0,0.0
2017-05-22 21:59:42.223000 1901.372 0.0,0.0,3.997171,3.579243,0.0,0.0
2017-05-22 21:59:57.566000 1916.715 0.0,0.0,3.996645,3.578493,0.0,0.0
2017-05-22 22:00:12.923000 1932.072 0.0,0.0,3.996645,3.578243,0.0,0.0
2017-05-22 22:00:28.296000 1947.445 0.0,0.0,3.996795,3.578159,0.0,0.0
2017-05-22 22:00:43.752000 1962.901 0.0,0.0,3.996795,3.57866,0.0,0.0
2017-05-22 22:00:59.199000 1978.348 0.0,0.0,3.997321,3.579243,0.0,0.0
2017-05-22 22:01:14.692000 1993.841 0.0,0.0,3.997246,3.579326,0.0,0.0
2017-05-22 22:01:30.277000 2009.426 0.0,0.0,3.997021,3.578909,0.0,0.0
2017-05-22 22:01:45.790000 2024.939 0.0,0.0,3.997021,3.578993,0.0,0.0
2017-05-22 22:02:01.397000 2040.546 0.0,0.0,3.996721,3.578743,0.0,0.0
2017-05-22 22:02:17.012000 2056.161 0.0,0.0,3.996871,3.578576,0.0,0.0
2017-05-22 22:02:32.665000 2071.814 0.0,0.0,3.996871,3.578409,0.0,0.0
2017-05-22 22:02:48.284000 2087.433 0.0,0.0,3.997171,3.579826,0.0,0.0
2017-05-22 22:03:04.309000 2103.458 0.0,0.0,3.996946,3.57991,0.0,0.0
2017-05-22 22:03:20.032000 2119.181 0.0,0.0,3.997096,3.579993,0.0,0.0
2017-05-22 22:03:40.008000 2139.157 0.0,0.0,3.997096,3.579993,0.0,0.0
2017-05-22 22:03:55.823000 2154.972 0.0,0.0,3.997096,3.580327,0.0,0.0
2017-05-22 22:04:11.635000 2170.784 0.0,0.0,3.996795,3.580243,0.0,0.0
2017-05-22 22:04:27.452000 2186.601 0.0,0.0,3.997096,3.58041,0.0,0.0
2017-05-22 22:04:43.286000 2202.435 0.0,0.0,3.997321,3.580577,0.0,0.0
2017-05-22 22:04:59.122000 2218.271 0.0,0.0,3.997171,3.58066,0.0,0.0
2017-05-22 22:05:15.058000 2234.207 0.0,0.0,3.996946,3.580243,0.0,0.0
2017-05-22 22:05:30.971000 2250.12 0.0,0.0,3.997171,3.580243,0.0,0.0
2017-05-22 22:05:46.906000 2266.055 0.0,0.0,3.997096,3.580243,0.0,0.0
2017-05-22 22:06:02.938000 2282.087 0.0,0.0,3.996946,3.580327,0.0,0.0
2017-05-22 22:06:18.950000 2298.099 0.0,0.0,3.997021,3.580076,0.0,0.0
2017-05-22 22:06:35.009000 2314.158 0.0,0.0,3.997171,3.580243,0.0,0.0
2017-05-22 22:06:51.117000 2330.266 0.0,0.0,3.997021,3.580076,0.0,0.0
2017-05-22 22:07:07.270000 2346.419 0.0,0.0,3.996871,3.580493,0.0,0.0
2017-05-22 22:07:23.395000 2362.544 0.0,0.0,3.997621,3.580243,0.0,0.0
2017-05-22 22:07:39.523000 2378.672 0.0,0.0,3.997246,3.58041,0.0,0.0
2017-05-22 22:07:55.717000 2394.866 0.0,0.0,3.997096,3.580327,0.0,0.0
2017-05-22 22:08:11.982000 2411.131 0.0,0.0,3.997246,3.580076,0.0,0.0
2017-05-22 22:08:28.229000 2427.378 0.0,0.0,3.997171,3.58041,0.0,0.0
2017-05-22 22:08:44.715000 2443.864 0.0,0.0,3.997396,3.58041,0.0,0.0
2017-05-22 22:09:01.045000 2460.194 0.0,0.0,3.997171,3.580743,0.0,0.0
2017-05-22 22:09:17.379000 2476.528 0.0,0.0,3.997471,3.58041,0.0,0.0
2017-05-22 22:09:33.714000 2492.863 0.0,0.0,3.997021,3.580243,0.0,0.0
2017-05-22 22:09:50.181000 2509.33 0.0,0.0,3.997021,3.580493,0.0,0.0
2017-05-22 22:10:06.626000 2525.775 0.0,0.0,3.996946,3.580577,0.0,0.0
2017-05-22 22:10:23.082000 2542.231 0.0,0.0,3.997546,3.580993,0.0,0.0
2017-05-22 22:10:39.517000 2558.666 0.0,0.0,3.997246,3.580577,0.0,0.0
2017-05-22 22:10:56.033000 2575.182 0.0,0.0,3.997246,3.580993,0.0,0.0
2017-05-22 22:11:12.588000 2591.737 0.0,0.0,3.997171,3.580827,0.0,0.0
2017-05-22 22:11:29.084000 2608.233 0.0,0.0,3.997021,3.580743,0.0,0.0
2017-05-22 22:11:45.630000 2624.779 0.0,0.0,3.997171,3.580243,0.0,0.0
2017-05-22 22:12:02.365000 2641.514 0.0,0.0,3.996795,3.58091,0.0,0.0
2017-05-22 22:12:19.010000 2658.159 0.0,0.0,3.997021,3.58041,0.0,0.0
2017-05-22 22:12:35.676000 2674.825 0.0,0.0,3.997246,3.580493,0.0,0.0
2017-05-22 22:12:52.341000 2691.49 0.0,0.0,3.997096,3.580827,0.0,0.0
2017-05-22 22:13:09.125000 2708.274 0.0,0.0,3.997096,3.580577,0.0,0.0
2017-05-22 22:13:26.133000 2725.282 0.0,0.0,3.997321,3.581244,0.0,0.0
2017-05-22 22:13:42.938000 2742.087 0.0,0.0,3.997171,3.580743,0.0,0.0
2017-05-22 22:13:59.772000 2758.921 0.0,0.0,3.996871,3.580243,0.0,0.0
2017-05-22 22:14:16.580000 2775.729 0.0,0.0,3.997021,3.58041,0.0,0.0
2017-05-22 22:14:33.424000 2792.573 0.0,0.0,3.997021,3.580243,0.0,0.0
2017-05-22 22:14:50.318000 2809.467 0.0,0.0,3.996645,3.580243,0.0,0.0
2017-05-22 22:15:07.174000 2826.323 0.0,0.0,3.996871,3.580243,0.0,0.0
2017-05-22 22:15:24.130000 2843.279 0.0,0.0,3.997246,3.58066,0.0,0.0
2017-05-22 22:15:41.145000 2860.294 0.0,0.0,3.997096,3.580493,0.0,0.0
2017-05-22 22:15:58.172000 2877.321 0.0,0.0,3.997096,3.58066,0.0,0.0
2017-05-22 22:16:15.217000 2894.366 0.0,0.0,3.996795,3.580493,0.0,0.0
2017-05-22 22:16:32.226000 2911.375 0.0,0.0,3.996946,3.580327,0.0,0.0
2017-05-22 22:16:49.297000 2928.446 0.0,0.0,3.996946,3.58016,0.0,0.0
2017-05-22 22:17:06.433000 2945.582 0.0,0.0,3.997246,3.580493,0.0,0.0
2017-05-22 22:17:23.539000 2962.688 0.0,0.0,3.997471,3.580577,0.0,0.0
2017-05-22 22:17:40.675000 2979.824 0.0,0.0,3.996871,3.580327,0.0,0.0
2017-05-22 22:17:58.121000 2997.27 0.0,0.0,3.996946,3.58041,0.0,0.0
2017-05-22 22:18:15.316000 3014.465 0.0,0.0,3.997021,3.58016,0.0,0.0
2017-05-22 22:18:32.542000 3031.691 0.0,0.0,3.997021,3.578909,0.0,0.0
2017-05-22 22:18:58.980000 3058.129 0.0,0.0,3.996721,3.578826,0.0,0.0
2017-05-22 22:19:16.294000 3075.443 0.0,0.0,3.997021,3.578909,0.0,0.0
2017-05-22 22:19:33.613000 3092.762 0.0,0.0,3.996496,3.578826,0.0,0.0
2017-05-22 22:19:50.936000 3110.085 0.0,0.0,3.996795,3.578993,0.0,0.0
2017-05-22 22:20:08.295000 3127.444 0.0,0.0,3.996871,3.578993,0.0,0.0
2017-05-22 22:20:25.679000 3144.828 0.0,0.0,3.996795,3.57866,0.0,0.0
2017-05-22 22:20:43.114000 3162.263 0.0,0.0,3.996721,3.57866,0.0,0.0
2017-05-22 22:21:00.581000 3179.73 0.0,0.0,3.99657,3.578576,0.0,0.0
2017-05-22 22:21:18.117000 3197.266 0.0,0.0,3.996795,3.578826,0.0,0.0
2017-05-22 22:21:35.640000 3214.789 0.0,0.0,3.997171,3.579076,0.0,0.0
2017-05-22 22:21:53.418000 3232.567 0.0,0.0,3.997171,3.57966,0.0,0.0
2017-05-22 22:22:10.953000 3250.102 0.0,0.0,3.997096,3.579576,0.0,0.0
2017-05-22 22:22:28.499000 3267.648 0.0,0.0,3.997321,3.579576,0.0,0.0
2017-05-22 22:22:46.163000 3285.312 0.0,0.0,3.997021,3.579826,0.0,0.0
2017-05-22 22:23:03.899000 3303.048 0.0,0.0,3.997171,3.57966,0.0,0.0
2017-05-22 22:23:21.565000 3320.714 0.0,0.0,3.997021,3.57941,0.0,0.0
2017-05-22 22:23:39.289000 3338.438 0.0,0.0,3.996871,3.579326,0.0,0.0
2017-05-22 22:23:57.064000 3356.213 0.0,0.0,3.996946,3.578826,0.0,0.0
2017-05-22 22:24:14.800000 3373.949 0.0,0.0,3.996645,3.57866,0.0,0.0
2017-05-22 22:24:32.606000 3391.755 0.0,0.0,3.997321,3.578743,0.0,0.0
2017-05-22 22:24:50.435000 3409.584 0.0,0.0,3.996871,3.578909,0.0,0.0
2017-05-22 22:25:08.277000 3427.426 0.0,0.0,3.99642,3.578909,0.0,0.0
2017-05-22 22:25:26.186000 3445.335 0.0,0.0,3.996721,3.578909,0.0,0.0
2017-05-22 22:25:44.150000 3463.299 0.0,0.0,3.997321,3.579493,0.0,0.0
2017-05-22 22:26:02.286000 3481.435 0.0,0.0,3.997246,3.579493,0.0,0.0
2017-05-22 22:26:20.333000 3499.482 0.0,0.0,3.997246,3.57941,0.0,0.0
2017-05-22 22:26:38.286000 3517.435 0.0,0.0,3.997471,3.579243,0.0,0.0
2017-05-22 22:26:56.336000 3535.485 0.0,0.0,3.997246,3.57941,0.0,0.0
2017-05-22 22:27:14.362000 3553.511 0.0,0.0,3.997471,3.579576,0.0,0.0
2017-05-22 22:27:32.387000 3571.536 0.0,0.0,3.997396,3.579076,0.0,0.0
2017-05-22 22:27:50.533000 3589.682 0.0,0.0,3.997096,3.579493,0.0,0.0
2017-05-22 22:28:08.648000 3607.797 0.0,0.0,3.996946,3.579159,0.0,0.0
2017-05-22 22:28:26.775000 3625.924 0.0,0.0,3.996946,3.578993,0.0,0.0
2017-05-22 22:28:44.921000 3644.07 0.0,0.0,3.997396,3.57966,0.0,0.0
2017-05-22 22:29:03.105000 3662.254 0.0,0.0,3.996946,3.57966,0.0,0.0
2017-05-22 22:29:21.373000 3680.522 0.0,0.0,3.997096,3.579826,0.0,0.0
2017-05-22 22:29:39.577000 3698.726 0.0,0.0,3.997171,3.579493,0.0,0.0
2017-05-22 22:29:58.102000 3717.251 0.0,0.0,3.997171,3.579076,0.0,0.0
2017-05-22 22:30:16.490000 3735.639 0.0,0.0,3.997171,3.579159,0.0,0.0
2017-05-22 22:30:35.747000 3754.896 0.0,0.0,3.997171,3.579326,0.0,0.0
2017-05-22 22:30:54.750000 3773.899 0.0,0.0,3.997246,3.579493,0.0,0.0
2017-05-22 22:31:13.676000 3792.825 0.0,0.0,3.997171,3.579243,0.0,0.0
2017-05-22 22:31:33.331000 3812.48 0.0,0.0,3.997471,3.579576,0.0,0.0
2017-05-22 22:31:52.492000 3831.641 0.0,0.0,3.997096,3.579243,0.0,0.0
2017-05-22 22:32:10.988000 3850.137 0.0,0.0,3.997246,3.57941,0.0,0.0
2017-05-22 22:32:29.522000 3868.671 0.0,0.0,3.997171,3.579243,0.0,0.0
2017-05-22 22:32:48.080000 3887.229 0.0,0.0,3.997096,3.579076,0.0,0.0
2017-05-22 22:33:06.606000 3905.755 0.0,0.0,3.99657,3.578576,0.0,0.0
2017-05-22 22:33:25.470000 3924.619 0.0,0.0,3.996871,3.578909,0.0,0.0
2017-05-22 22:33:44.058000 3943.207 0.0,0.0,3.996871,3.579076,0.0,0.0
2017-05-22 22:34:02.688000 3961.837 0.0,0.0,3.996871,3.579076,0.0,0.0
2017-05-22 22:34:21.344000 3980.493 0.0,0.0,3.997021,3.578909,0.0,0.0
2017-05-22 22:34:40.069000 3999.218 0.0,0.0,3.997471,3.579576,0.0,0.0
2017-05-22 22:34:58.805000 4017.954 0.0,0.0,3.997321,3.57941,0.0,0.0
2017-05-22 22:35:17.675000 4036.824 0.0,0.0,3.997396,3.579576,0.0,0.0
2017-05-22 22:35:36.531000 4055.68 0.0,0.0,3.997321,3.57941,0.0,0.0
2017-05-22 22:35:55.354000 4074.503 0.0,0.0,3.997171,3.57941,0.0,0.0
2017-05-22 22:36:14.202000 4093.351 0.0,0.0,3.997171,3.579243,0.0,0.0
2017-05-22 22:36:33.068000 4112.217 0.0,0.0,3.997471,3.579076,0.0,0.0
2017-05-22 22:36:52.240000 4131.389 0.0,0.0,3.997021,3.579076,0.0,0.0
2017-05-22 22:37:11.199000 4150.348 0.0,0.0,3.996946,3.579243,0.0,0.0
2017-05-22 22:37:30.124000 4169.273 0.0,0.0,3.997396,3.580243,0.0,0.0
2017-05-22 22:37:49.272000 4188.421 0.0,0.0,3.996871,3.580577,0.0,0.0
2017-05-22 22:38:08.297000 4207.446 0.0,0.0,3.997021,3.580243,0.0,0.0
2017-05-22 22:38:27.301000 4226.45 0.0,0.0,3.996795,3.58066,0.0,0.0
2017-05-22 22:38:46.378000 4245.527 0.0,0.0,3.996871,3.580743,0.0,0.0
2017-05-22 22:39:05.453000 4264.602 0.0,0.0,3.997171,3.580743,0.0,0.0
2017-05-22 22:39:24.557000 4283.706 0.0,0.0,3.996871,3.580743,0.0,0.0
2017-05-22 22:39:43.736000 4302.885 0.0,0.0,3.997021,3.580743,0.0,0.0
2017-05-22 22:40:03.262000 4322.411 0.0,0.0,3.997096,3.58066,0.0,0.0
2017-05-22 22:40:22.478000 4341.627 0.0,0.0,3.997321,3.580743,0.0,0.0
2017-05-22 22:40:41.725000 4360.874 0.0,0.0,3.996871,3.58066,0.0,0.0
2017-05-22 22:41:00.939000 4380.088 0.0,0.0,3.997021,3.58041,0.0,0.0
2017-05-22 22:41:20.263000 4399.412 0.0,0.0,3.996871,3.58041,0.0,0.0
2017-05-22 22:41:39.633000 4418.782 0.0,0.0,3.996946,3.58066,0.0,0.0
2017-05-22 22:41:59.009000 4438.158 0.0,0.0,3.996946,3.580327,0.0,0.0
2017-05-22 22:42:18.357000 4457.506 0.0,0.0,3.996946,3.580827,0.0,0.0
2017-05-22 22:42:37.793000 4476.942 0.0,0.0,3.997021,3.580577,0.0,0.0
2017-05-22 22:42:57.210000 4496.359 0.0,0.0,3.997171,3.58091,0.0,0.0
2017-05-22 22:43:16.626000 4515.775 0.0,0.0,3.997021,3.58066,0.0,0.0
2017-05-22 22:43:36.460000 4535.609 0.0,0.0,3.996946,3.58066,0.0,0.0
2017-05-22 22:43:56.039000 4555.188 0.0,0.0,3.996946,3.579493,0.0,0.0
2017-05-22 22:44:24.778000 4583.927 0.0,0.0,3.996871,3.579576,0.0,0.0
2017-05-22 22:44:44.333000 4603.482 0.0,0.0,3.996871,3.579326,0.0,0.0
2017-05-22 22:45:03.908000 4623.057 0.0,0.0,3.996871,3.579576,0.0,0.0
2017-05-22 22:45:23.494000 4642.643 0.0,0.0,3.997096,3.579076,0.0,0.0
2017-05-22 22:45:43.156000 4662.305 0.0,0.0,3.996871,3.579243,0.0,0.0
2017-05-22 22:46:02.869000 4682.018 0.0,0.0,3.997021,3.579576,0.0,0.0
2017-05-22 22:46:22.601000 4701.75 0.0,0.0,3.996871,3.579576,0.0,0.0
2017-05-22 22:46:42.607000 4721.756 0.0,0.0,3.997171,3.579743,0.0,0.0
2017-05-22 22:47:02.403000 4741.552 0.0,0.0,3.997021,3.57941,0.0,0.0
2017-05-22 22:47:22.190000 4761.339 0.0,0.0,3.997096,3.57966,0.0,0.0
2017-05-22 22:47:42.036000 4781.185 0.0,0.0,3.996795,3.579576,0.0,0.0
2017-05-22 22:48:01.855000 4801.004 0.0,0.0,3.997396,3.579243,0.0,0.0
2017-05-22 22:48:21.781000 4820.93 0.0,0.0,3.997096,3.579576,0.0,0.0
2017-05-22 22:48:41.695000 4840.844 0.0,0.0,3.997321,3.579743,0.0,0.0
2017-05-22 22:49:01.625000 4860.774 0.0,0.0,3.997021,3.57991,0.0,0.0
2017-05-22 22:49:21.550000 4880.699 0.0,0.0,3.997021,3.579743,0.0,0.0
2017-05-22 22:49:41.503000 4900.652 0.0,0.0,3.997171,3.579743,0.0,0.0
2017-05-22 22:50:01.889000 4921.038 0.0,0.0,3.997246,3.57966,0.0,0.0
2017-05-22 22:50:21.974000 4941.123 0.0,0.0,3.997096,3.579826,0.0,0.0
2017-05-22 22:50:42.124000 4961.273 0.0,0.0,3.997021,3.579993,0.0,0.0
2017-05-22 22:51:02.216000 4981.365 0.0,0.0,3.997096,3.579493,0.0,0.0
2017-05-22 22:51:22.385000 5001.534 0.0,0.0,3.997171,3.57966,0.0,0.0
2017-05-22 22:51:42.586000 5021.735 0.0,0.0,3.996946,3.579159,0.0,0.0
2017-05-22 22:52:02.832000 5041.981 0.0,0.0,3.996946,3.579993,0.0,0.0
2017-05-22 22:52:23.050000 5062.199 0.0,0.0,3.997396,3.579743,0.0,0.0
2017-05-22 22:52:43.358000 5082.507 0.0,0.0,3.997321,3.580327,0.0,0.0
2017-05-22 22:53:04.086000 5103.235 0.0,0.0,3.997096,3.57991,0.0,0.0
2017-05-22 22:53:24.406000 5123.555 0.0,0.0,3.996721,3.57941,0.0,0.0
2017-05-22 22:53:44.834000 5143.983 0.0,0.0,3.996871,3.579743,0.0,0.0
2017-05-22 22:54:05.282000 5164.431 0.0,0.0,3.996871,3.579159,0.0,0.0
2017-05-22 22:54:25.750000 5184.899 0.0,0.0,3.996721,3.579743,0.0,0.0
2017-05-22 22:54:46.145000 5205.294 0.0,0.0,3.996645,3.579243,0.0,0.0
2017-05-22 22:55:06.628000 5225.777 0.0,0.0,3.997171,3.579993,0.0,0.0
2017-05-22 22:55:27.110000 5246.259 0.0,0.0,3.997096,3.57991,0.0,0.0
2017-05-22 22:55:47.658000 5266.807 0.0,0.0,3.997321,3.580076,0.0,0.0
2017-05-22 22:56:08.224000 5287.373 0.0,0.0,3.997021,3.579243,0.0,0.0
2017-05-22 22:56:29.170000 5308.319 0.0,0.0,3.997021,3.579576,0.0,0.0
2017-05-22 22:56:49.736000 5328.885 0.0,0.0,3.997171,3.57941,0.0,0.0
2017-05-22 22:57:10.363000 5349.512 0.0,0.0,3.997171,3.579576,0.0,0.0
2017-05-22 22:57:30.950000 5370.099 0.0,0.0,3.997171,3.579326,0.0,0.0
2017-05-22 22:57:51.607000 5390.756 0.0,0.0,3.997321,3.57941,0.0,0.0
2017-05-22 22:58:12.333000 5411.482 0.0,0.0,3.997021,3.57941,0.0,0.0
2017-05-22 22:58:33.050000 5432.199 0.0,0.0,3.997096,3.57941,0.0,0.0
2017-05-22 22:58:53.862000 5453.011 0.0,0.0,3.997171,3.578993,0.0,0.0
2017-05-22 22:59:15.009000 5474.158 0.0,0.0,3.997246,3.579493,0.0,0.0
2017-05-22 22:59:35.866000 5495.015 0.0,0.0,3.997396,3.57966,0.0,0.0
2017-05-22 22:59:56.673000 5515.822 0.0,0.0,3.997621,3.579743,0.0,0.0
2017-05-22 23:00:17.629000 5536.778 0.0,0.0,3.997621,3.57941,0.0,0.0
2017-05-22 23:00:38.588000 5557.737 0.0,0.0,3.997396,3.57991,0.0,0.0
2017-05-22 23:00:59.551000 5578.7 0.0,0.0,3.997096,3.579576,0.0,0.0
2017-05-22 23:01:20.619000 5599.768 0.0,0.0,3.997171,3.57966,0.0,0.0
2017-05-22 23:01:41.706000 5620.855 0.0,0.0,3.997171,3.579743,0.0,0.0
2017-05-22 23:02:03.142000 5642.291 0.0,0.0,3.997171,3.579493,0.0,0.0
2017-05-22 23:02:24.209000 5663.358 0.0,0.0,3.996871,3.57941,0.0,0.0
2017-05-22 23:02:45.256000 5684.405 0.0,0.0,3.997021,3.57941,0.0,0.0
2017-05-22 23:03:06.412000 5705.561 0.0,0.0,3.996871,3.579076,0.0,0.0
2017-05-22 23:03:27.559000 5726.708 0.0,0.0,3.997021,3.579576,0.0,0.0
2017-05-22 23:03:48.734000 5747.883 0.0,0.0,3.996946,3.57941,0.0,0.0
2017-05-22 23:04:09.977000 5769.126 0.0,0.0,3.997096,3.579159,0.0,0.0
2017-05-22 23:04:31.241000 5790.39 0.0,0.0,3.996795,3.579326,0.0,0.0
2017-05-22 23:04:52.938000 5812.087 0.0,0.0,3.996795,3.579159,0.0,0.0
2017-05-22 23:05:14.253000 5833.402 0.0,0.0,3.996946,3.57941,0.0,0.0
2017-05-22 23:05:35.606000 5854.755 0.0,0.0,3.997021,3.579326,0.0,0.0
2017-05-22 23:05:57.127000 5876.276 0.0,0.0,3.997546,3.579493,0.0,0.0
2017-05-22 23:06:18.467000 5897.616 0.0,0.0,3.997096,3.580076,0.0,0.0
2017-05-22 23:06:39.939000 5919.088 0.0,0.0,3.996871,3.579576,0.0,0.0
2017-05-22 23:07:01.435000 5940.584 0.0,0.0,3.997096,3.579576,0.0,0.0
2017-05-22 23:07:22.896000 5962.045 0.0,0.0,3.997246,3.579576,0.0,0.0
2017-05-22 23:07:44.362000 5983.511 0.0,0.0,3.997396,3.579826,0.0,0.0
2017-05-22 23:08:06.309000 6005.458 0.0,0.0,3.997246,3.579493,0.0,0.0
2017-05-22 23:08:27.895000 6027.044 0.0,0.0,3.997471,3.580743,0.0,0.0
2017-05-22 23:08:53.814000 6052.963 0.0,0.0,3.996721,3.58091,0.0,0.0
2017-05-22 23:09:15.430000 6074.579 0.0,0.0,3.997021,3.580743,0.0,0.0
2017-05-22 23:09:37.057000 6096.206 0.0,0.0,3.997021,3.580493,0.0,0.0
2017-05-22 23:09:58.794000 6117.943 0.0,0.0,3.996721,3.58066,0.0,0.0
2017-05-22 23:10:20.492000 6139.641 0.0,0.0,3.996946,3.58066,0.0,0.0
2017-05-22 23:10:42.728000 6161.877 0.0,0.0,3.997471,3.58091,0.0,0.0
2017-05-22 23:11:04.455000 6183.604 0.0,0.0,3.997471,3.580577,0.0,0.0
2017-05-22 23:11:26.277000 6205.426 0.0,0.0,3.997321,3.580993,0.0,0.0
2017-05-22 23:11:48.075000 6227.224 0.0,0.0,3.996871,3.580327,0.0,0.0
2017-05-22 23:12:10.001000 6249.15 0.0,0.0,3.996721,3.58041,0.0,0.0
2017-05-22 23:12:31.939000 6271.088 0.0,0.0,3.997096,3.580993,0.0,0.0
2017-05-22 23:12:53.846000 6292.995 0.0,0.0,3.997096,3.581244,0.0,0.0
2017-05-22 23:13:15.713000 6314.862 0.0,0.0,3.997396,3.580827,0.0,0.0
2017-05-22 23:13:38.132000 6337.281 0.0,0.0,3.996946,3.581244,0.0,0.0
2017-05-22 23:14:00.107000 6359.256 0.0,0.0,3.996946,3.581077,0.0,0.0
2017-05-22 23:14:22.213000 6381.362 0.0,0.0,3.996946,3.581244,0.0,0.0
2017-05-22 23:14:44.220000 6403.369 0.0,0.0,3.997171,3.58091,0.0,0.0
2017-05-22 23:15:06.336000 6425.485 0.0,0.0,3.997171,3.58091,0.0,0.0
2017-05-22 23:15:28.434000 6447.583 0.0,0.0,3.997621,3.580827,0.0,0.0
2017-05-22 23:15:50.590000 6469.739 0.0,0.0,3.997246,3.580827,0.0,0.0
2017-05-22 23:16:13.189000 6492.338 0.0,0.0,3.997471,3.581077,0.0,0.0
2017-05-22 23:16:35.466000 6514.615 0.0,0.0,3.997021,3.581077,0.0,0.0
2017-05-22 23:16:57.629000 6536.778 0.0,0.0,3.997096,3.58116,0.0,0.0
2017-05-22 23:17:19.910000 6559.059 0.0,0.0,3.997021,3.581077,0.0,0.0
2017-05-22 23:17:42.188000 6581.337 0.0,0.0,3.997396,3.581327,0.0,0.0
2017-05-22 23:18:04.553000 6603.702 0.0,0.0,3.997396,3.580993,0.0,0.0
2017-05-22 23:18:26.870000 6626.019 0.0,0.0,3.997321,3.580993,0.0,0.0
2017-05-22 23:18:49.669000 6648.818 0.0,0.0,3.996946,3.58091,0.0,0.0
2017-05-22 23:19:12.006000 6671.155 0.0,0.0,3.996871,3.580827,0.0,0.0
2017-05-22 23:19:34.495000 6693.644 0.0,0.0,3.997021,3.58091,0.0,0.0
2017-05-22 23:19:57.123000 6716.272 0.0,0.0,3.997021,3.581077,0.0,0.0
2017-05-22 23:20:19.682000 6738.831 0.0,0.0,3.997021,3.580743,0.0,0.0
2017-05-22 23:20:42.136000 6761.285 0.0,0.0,3.996871,3.581244,0.0,0.0
2017-05-22 23:21:04.706000 6783.855 0.0,0.0,3.997021,3.58116,0.0,0.0
2017-05-22 23:21:27.292000 6806.441 0.0,0.0,3.997171,3.580743,0.0,0.0
2017-05-22 23:21:50.361000 6829.51 0.0,0.0,3.996871,3.580743,0.0,0.0
2017-05-22 23:22:13.018000 6852.167 0.0,0.0,3.996721,3.58091,0.0,0.0
2017-05-22 23:22:35.675000 6874.824 0.0,0.0,3.997021,3.58116,0.0,0.0
2017-05-22 23:22:58.363000 6897.512 0.0,0.0,3.996645,3.581077,0.0,0.0
2017-05-22 23:23:21.119000 6920.268 0.0,0.0,3.997096,3.580993,0.0,0.0
2017-05-22 23:23:43.887000 6943.036 0.0,0.0,3.996721,3.58091,0.0,0.0
2017-05-22 23:24:06.706000 6965.855 0.0,0.0,3.996721,3.580577,0.0,0.0
2017-05-22 23:24:29.963000 6989.112 0.0,0.0,3.996721,3.580827,0.0,0.0
2017-05-22 23:24:52.898000 7012.047 0.0,0.0,3.996721,3.580327,0.0,0.0
2017-05-22 23:25:15.748000 7034.897 0.0,0.0,3.996795,3.581077,0.0,0.0
2017-05-22 23:25:38.619000 7057.768 0.0,0.0,3.997171,3.579743,0.0,0.0
2017-05-22 23:26:01.776000 7080.925 0.0,0.0,3.997096,3.57966,0.0,0.0
2017-05-22 23:26:24.734000 7103.883 0.0,0.0,3.996795,3.57966,0.0,0.0
2017-05-22 23:26:47.732000 7126.881 0.0,0.0,3.997021,3.579826,0.0,0.0
2017-05-22 23:27:11.250000 7150.399 0.0,0.0,3.997171,3.579826,0.0,0.0
2017-05-22 23:27:43.518000 7182.667 0.0,0.0,3.997246,3.580327,0.0,0.0
2017-05-22 23:28:06.637000 7205.786 0.0,0.0,3.997021,3.579993,0.0,0.0
2017-05-22 23:28:29.803000 7228.952 0.0,0.0,3.996871,3.579576,0.0,0.0
2017-05-22 23:28:53.002000 7252.151 0.0,0.0,3.997096,3.579993,0.0,0.0
2017-05-22 23:29:16.169000 7275.318 0.0,0.0,3.996721,3.57991,0.0,0.0
2017-05-22 23:29:39.885000 7299.034 0.0,0.0,3.996871,3.579576,0.0,0.0
2017-05-22 23:30:03.133000 7322.282 0.0,0.0,3.996795,3.57941,0.0,0.0
2017-05-22 23:30:26.401000 7345.55 0.0,0.0,3.996795,3.579826,0.0,0.0
2017-05-22 23:30:49.731000 7368.88 0.0,0.0,3.997396,3.57966,0.0,0.0
2017-05-22 23:31:10.087000 7389.236 0.0,0.0,3.996946,3.58016,0.0,0.0
2017-05-22 23:31:30.495000 7409.644 0.0,0.0,3.997171,3.579743,0.0,0.0
2017-05-22 23:31:50.979000 7430.128 0.0,0.0,3.997021,3.580076,0.0,0.0
2017-05-22 23:32:11.937000 7451.086 0.0,0.0,3.997471,3.58016,0.0,0.0
2017-05-22 23:32:32.399000 7471.548 0.0,0.0,3.997471,3.58041,0.0,0.0
2017-05-22 23:32:52.894000 7492.043 0.0,0.0,3.997471,3.580243,0.0,0.0
2017-05-22 23:33:13.432000 7512.581 0.0,0.0,3.997321,3.579243,0.0,0.0
2017-05-22 23:33:33.997000 7533.146 0.0,0.0,3.997021,3.579743,0.0,0.0
2017-05-22 23:33:54.614000 7553.763 0.0,0.0,3.997021,3.579743,0.0,0.0
2017-05-22 23:34:15.632000 7574.781 0.0,0.0,3.997321,3.580327,0.0,0.0
2017-05-22 23:34:36.266000 7595.415 0.0,0.0,3.997321,3.58016,0.0,0.0
2017-05-22 23:34:56.964000 7616.113 0.0,0.0,3.997321,3.580493,0.0,0.0
2017-05-22 23:35:17.661000 7636.81 0.0,0.0,3.997171,3.57991,0.0,0.0
2017-05-22 23:35:38.438000 7657.587 0.0,0.0,3.997021,3.579826,0.0,0.0
2017-05-22 23:35:59.215000 7678.364 0.0,0.0,3.997321,3.579743,0.0,0.0
2017-05-22 23:36:20.498000 7699.647 0.0,0.0,3.996645,3.580076,0.0,0.0
2017-05-22 23:36:41.339000 7720.488 0.0,0.0,3.997321,3.580243,0.0,0.0
2017-05-22 23:37:02.123000 7741.272 0.0,0.0,3.997171,3.57991,0.0,0.0
2017-05-22 23:37:23.001000 7762.15 0.0,0.0,3.997096,3.579743,0.0,0.0
2017-05-22 23:37:43.949000 7783.098 0.0,0.0,3.996795,3.57941,0.0,0.0
2017-05-22 23:38:04.863000 7804.012 0.0,0.0,3.996871,3.579243,0.0,0.0
2017-05-22 23:38:26.332000 7825.481 0.0,0.0,3.997021,3.579743,0.0,0.0
2017-05-22 23:38:47.350000 7846.499 0.0,0.0,3.996871,3.579993,0.0,0.0
2017-05-22 23:39:08.338000 7867.487 0.0,0.0,3.997021,3.57991,0.0,0.0
2017-05-22 23:39:29.327000 7888.476 0.0,0.0,3.997321,3.581077,0.0,0.0
2017-05-22 23:39:50.341000 7909.49 0.0,0.0,3.997321,3.580243,0.0,0.0
2017-05-22 23:40:11.417000 7930.566 0.0,0.0,3.997021,3.578993,0.0,0.0
2017-05-22 23:40:32.904000 7952.053 0.0,0.0,3.996795,3.579576,0.0,0.0
2017-05-22 23:40:54.021000 7973.17 0.0,0.0,3.996871,3.579076,0.0,0.0
2017-05-22 23:41:15.119000 7994.268 0.0,0.0,3.997621,3.580243,0.0,0.0
2017-05-22 23:41:36.273000 8015.422 0.0,0.0,3.997471,3.579743,0.0,0.0
2017-05-22 23:41:57.411000 8036.56 0.0,0.0,3.997171,3.57991,0.0,0.0
2017-05-22 23:42:18.598000 8057.747 0.0,0.0,3.997246,3.579743,0.0,0.0
2017-05-22 23:42:40.374000 8079.523 0.0,0.0,3.997321,3.579243,0.0,0.0
2017-05-22 23:43:01.543000 8100.692 0.0,0.0,3.997021,3.57991,0.0,0.0
2017-05-22 23:43:22.789000 8121.938 0.0,0.0,3.997321,3.57991,0.0,0.0
2017-05-22 23:43:44.097000 8143.246 0.0,0.0,3.997171,3.579826,0.0,0.0
2017-05-22 23:44:05.403000 8164.552 0.0,0.0,3.997171,3.579826,0.0,0.0
2017-05-22 23:44:27.325000 8186.474 0.0,0.0,3.997021,3.579576,0.0,0.0
2017-05-22 23:44:48.670000 8207.819 0.0,0.0,3.997021,3.57966,0.0,0.0
2017-05-22 23:45:10.036000 8229.185 0.0,0.0,3.997021,3.579576,0.0,0.0
2017-05-22 23:45:31.483000 8250.632 0.0,0.0,3.996871,3.57941,0.0,0.0
2017-05-22 23:45:53.027000 8272.176 0.0,0.0,3.996645,3.579743,0.0,0.0
2017-05-22 23:46:14.524000 8293.673 0.0,0.0,3.997021,3.579743,0.0,0.0
2017-05-22 23:46:36.542000 8315.691 0.0,0.0,3.996871,3.579826,0.0,0.0
2017-05-22 23:46:58.178000 8337.327 0.0,0.0,3.997021,3.57941,0.0,0.0
2017-05-22 23:47:19.772000 8358.921 0.0,0.0,3.997396,3.579493,0.0,0.0
2017-05-22 23:47:41.378000 8380.527 0.0,0.0,3.997246,3.57966,0.0,0.0
2017-05-22 23:48:03.016000 8402.165 0.0,0.0,3.997096,3.57966,0.0,0.0
2017-05-22 23:48:25.243000 8424.392 0.0,0.0,3.996946,3.580076,0.0,0.0
2017-05-22 23:48:46.970000 8446.119 0.0,0.0,3.997021,3.579576,0.0,0.0
2017-05-22 23:49:08.708000 8467.857 0.0,0.0,3.996871,3.579243,0.0,0.0
2017-05-22 23:49:30.594000 8489.743 0.0,0.0,3.996795,3.579743,0.0,0.0
2017-05-22 23:49:52.362000 8511.511 0.0,0.0,3.997021,3.579743,0.0,0.0
2017-05-22 23:50:14.656000 8533.805 0.0,0.0,3.997621,3.579826,0.0,0.0
2017-05-22 23:50:36.476000 8555.625 0.0,0.0,3.997246,3.58041,0.0,0.0
2017-05-22 23:50:58.261000 8577.41 0.0,0.0,3.997171,3.580243,0.0,0.0
2017-05-22 23:51:20.069000 8599.218 0.0,0.0,3.997021,3.580076,0.0,0.0
2017-05-22 23:51:41.928000 8621.077 0.0,0.0,3.997171,3.580243,0.0,0.0
2017-05-22 23:52:03.822000 8642.971 0.0,0.0,3.997021,3.580076,0.0,0.0
2017-05-22 23:52:26.382000 8665.531 0.0,0.0,3.996946,3.579993,0.0,0.0
2017-05-22 23:52:48.329000 8687.478 0.0,0.0,3.997021,3.579993,0.0,0.0
2017-05-22 23:53:10.377000 8709.526 0.0,0.0,3.997246,3.57991,0.0,0.0
2017-05-22 23:53:32.434000 8731.583 0.0,0.0,3.997171,3.580243,0.0,0.0
2017-05-22 23:53:54.509000 8753.658 0.0,0.0,3.997321,3.57991,0.0,0.0
2017-05-22 23:54:17.140000 8776.289 0.0,0.0,3.997696,3.58041,0.0,0.0
2017-05-22 23:54:43.515000 8802.664 0.0,0.0,3.997246,3.580327,0.0,0.0
2017-05-22 23:55:05.644000 8824.793 0.0,0.0,3.997246,3.579993,0.0,0.0
2017-05-22 23:55:27.881000 8847.03 0.0,0.0,3.996721,3.57991,0.0,0.0
2017-05-22 23:55:50.049000 8869.198 0.0,0.0,3.996795,3.57991,0.0,0.0
2017-05-22 23:56:12.822000 8891.971 0.0,0.0,3.996871,3.579993,0.0,0.0
2017-05-22 23:56:35.085000 8914.234 0.0,0.0,3.996946,3.579576,0.0,0.0
2017-05-22 23:56:57.381000 8936.53 0.0,0.0,3.996795,3.579576,0.0,0.0
2017-05-22 23:57:19.666000 8958.815 0.0,0.0,3.997321,3.57991,0.0,0.0
2017-05-22 23:57:42.036000 8981.185 0.0,0.0,3.997171,3.579993,0.0,0.0
2017-05-22 23:58:04.831000 9003.98 0.0,0.0,3.997021,3.580243,0.0,0.0
2017-05-22 23:58:27.118000 9026.267 0.0,0.0,3.996946,3.579993,0.0,0.0
2017-05-22 23:58:49.506000 9048.655 0.0,0.0,3.996871,3.579826,0.0,0.0
2017-05-22 23:59:11.964000 9071.113 0.0,0.0,3.997096,3.579993,0.0,0.0
2017-05-22 23:59:34.440000 9093.589 0.0,0.0,3.997171,3.58016,0.0,0.0
2017-05-22 23:59:56.854000 9116.003 0.0,0.0,3.996871,3.580243,0.0,0.0
