#Human readable time. Time (s) since start. V @ ag47t. A @ ag47t. V @ ag47b. A @ ag47b. V @ ag49. A @ ag49.
2017-08-15 08:05:07.635000 0.34 24.9985,0.0,0.0,0.0,0.0,0.0
2017-08-15 08:05:20.539000 13.244 25.00008,0.0,0.0,0.0,0.0,0.0
2017-08-15 08:05:33.009000 25.714 24.9997,0.0,0.0,0.0,0.0,0.0
2017-08-15 08:05:45.518000 38.223 24.99978,0.0,0.0,0.0,0.0,0.0
2017-08-15 08:05:58.028000 50.733 25.00188,0.0,0.0,0.0,0.0,0.0
2017-08-15 08:06:10.589000 63.294 25.0012,0.0,0.0,0.0,0.0,0.0
2017-08-15 08:06:23.161000 75.866 25.00173,0.0,0.0,0.0,0.0,0.0
2017-08-15 08:06:35.736000 88.441 25.00098,0.0,0.0,0.0,0.0,0.0
2017-08-15 08:06:48.360000 101.065 25.00113,0.0,0.0,0.0,0.0,0.0
2017-08-15 08:07:01.045000 113.75 25.00068,0.0,0.0,0.0,0.0,0.0
2017-08-15 08:07:13.729000 126.434 25.00098,0.0,0.0,0.0,0.0,0.0
2017-08-15 08:07:26.454000 139.159 25.00083,0.0,0.0,0.0,0.0,0.0
2017-08-15 08:07:39.178000 151.883 25.00105,0.0,0.0,0.0,0.0,0.0
2017-08-15 08:07:51.980000 164.685 25.00068,0.0,0.0,0.0,0.0,0.0
2017-08-15 08:08:04.771000 177.476 25.00196,0.0,0.0,0.0,0.0,0.0
2017-08-15 08:08:17.609000 190.314 25.00045,0.0,0.0,0.0,0.0,0.0
2017-08-15 08:08:30.467000 203.172 24.99985,0.0,0.0,0.0,0.0,0.0
2017-08-15 08:08:43.335000 216.04 25.00008,0.0,0.0,0.0,0.0,0.0
2017-08-15 08:08:56.257000 228.962 24.99993,0.0,0.0,0.0,0.0,0.0
2017-08-15 08:09:09.188000 241.893 25.00158,0.0,0.0,0.0,0.0,0.0
2017-08-15 08:09:22.152000 254.857 25.00203,0.0,0.0,0.0,0.0,0.0
2017-08-15 08:09:35.162000 267.867 25.00278,0.0,0.0,0.0,0.0,0.0
2017-08-15 08:09:48.238000 280.943 25.00098,0.0,0.0,0.0,0.0,0.0
2017-08-15 08:10:01.315000 294.02 24.99985,0.0,0.0,0.0,0.0,0.0
2017-08-15 08:10:14.417000 307.122 25.00083,0.0,0.0,0.0,0.0,0.0
2017-08-15 08:10:27.554000 320.259 24.99963,0.0,0.0,0.0,0.0,0.0
2017-08-15 08:10:40.697000 333.402 25.00098,0.0,0.0,0.0,0.0,0.0
2017-08-15 08:10:53.909000 346.614 25.00226,0.0,0.0,0.0,0.0,0.0
2017-08-15 08:11:07.120000 359.825 25.00113,0.0,0.0,0.0,0.0,0.0
2017-08-15 08:11:20.384000 373.089 24.99993,0.0,0.0,0.0,0.0,0.0
2017-08-15 08:11:33.674000 386.379 25.00068,0.0,0.0,0.0,0.0,0.0
2017-08-15 08:11:46.962000 399.667 24.99993,0.0,0.0,0.0,0.0,0.0
2017-08-15 08:12:00.299000 413.004 25.00098,0.0,0.0,0.0,0.0,0.0
2017-08-15 08:12:13.633000 426.338 25.00188,0.0,0.0,0.0,0.0,0.0
2017-08-15 08:12:27.093000 439.798 25.00098,0.0,0.0,0.0,0.0,0.0
2017-08-15 08:12:40.539000 453.244 25.0006,0.0,0.0,0.0,0.0,0.0
2017-08-15 08:12:53.972000 466.677 25.0009,0.0,0.0,0.0,0.0,0.0
2017-08-15 08:13:07.452000 480.157 24.99993,0.0,0.0,0.0,0.0,0.0
2017-08-15 08:13:20.957000 493.662 25.00203,0.0,0.0,0.0,0.0,0.0
2017-08-15 08:13:34.494000 507.199 25.00068,0.0,0.0,0.0,0.0,0.0
2017-08-15 08:13:48.014000 520.719 25.0009,0.0,0.0,0.0,0.0,0.0
2017-08-15 08:14:01.586000 534.291 25.00188,0.0,0.0,0.0,0.0,0.0
2017-08-15 08:14:15.183000 547.888 25.00083,0.0,0.0,0.0,0.0,0.0
2017-08-15 08:14:28.864000 561.569 24.99865,0.0,0.0,0.0,0.0,0.0
2017-08-15 08:14:42.535000 575.24 25.00158,0.0,0.0,0.0,0.0,0.0
2017-08-15 08:14:56.242000 588.947 25.00083,0.0,0.0,0.0,0.0,0.0
2017-08-15 08:15:09.968000 602.673 25.00113,0.0,0.0,0.0,0.0,0.0
2017-08-15 08:15:23.710000 616.415 25.00105,0.0,0.0,0.0,0.0,0.0
2017-08-15 08:15:37.451000 630.156 24.99948,0.0,0.0,0.0,0.0,0.0
2017-08-15 08:15:51.319000 644.024 24.99993,0.0,0.0,0.0,0.0,0.0
2017-08-15 08:16:05.125000 657.83 25.00263,0.0,0.0,0.0,0.0,0.0
2017-08-15 08:16:19.026000 671.731 25.00083,0.0,0.0,0.0,0.0,0.0
2017-08-15 08:16:32.882000 685.587 25.00196,0.0,0.0,0.0,0.0,0.0
2017-08-15 08:16:46.813000 699.518 25.00083,0.0,0.0,0.0,0.0,0.0
2017-08-15 08:17:00.734000 713.439 25.00098,0.0,0.0,0.0,0.0,0.0
2017-08-15 08:17:14.704000 727.409 14.99995,0.0,0.0,0.0,0.0,0.0
2017-08-15 08:17:28.690000 741.395 14.99913,0.0,0.0,0.0,0.0,0.0
2017-08-15 08:17:42.713000 755.418 14.99913,0.0,0.0,0.0,0.0,0.0
2017-08-15 08:17:56.791000 769.496 14.99898,0.0,0.0,0.0,0.0,0.0
2017-08-15 08:18:10.877000 783.582 14.99943,0.0,0.0,0.0,0.0,0.0
2017-08-15 08:18:25.009000 797.714 14.99883,0.0,0.0,0.0,0.0,0.0
2017-08-15 08:18:39.128000 811.833 14.9989,0.0,0.0,0.0,0.0,0.0
2017-08-15 08:18:53.258000 825.963 14.99808,0.0,0.0,0.0,0.0,0.0
2017-08-15 08:19:07.464000 840.169 14.99898,0.0,0.0,0.0,0.0,0.0
2017-08-15 08:19:21.693000 854.398 14.99898,0.0,0.0,0.0,0.0,0.0
2017-08-15 08:19:35.945000 868.65 14.99898,0.0,0.0,0.0,0.0,0.0
2017-08-15 08:19:50.247000 882.952 14.99913,0.0,0.0,0.0,0.0,0.0
2017-08-15 08:20:04.568000 897.273 15.00003,0.0,0.0,0.0,0.0,0.0
2017-08-15 08:20:18.906000 911.611 14.99928,0.0,0.0,0.0,0.0,0.0
2017-08-15 08:20:33.277000 925.982 15.00123,0.0,0.0,0.0,0.0,0.0
2017-08-15 08:20:47.731000 940.436 14.99838,0.0,0.0,0.0,0.0,0.0
2017-08-15 08:21:02.287000 954.992 14.99823,0.0,0.0,0.0,0.0,0.0
2017-08-15 08:21:16.734000 969.439 15.00003,0.0,0.0,0.0,0.0,0.0
2017-08-15 08:21:31.191000 983.896 14.99883,0.0,0.0,0.0,0.0,0.0
2017-08-15 08:21:45.708000 998.413 14.99988,0.0,0.0,0.0,0.0,0.0
2017-08-15 08:22:00.233000 1012.938 15.00003,0.0,0.0,0.0,0.0,0.0
2017-08-15 08:22:14.773000 1027.478 14.99883,0.0,0.0,0.0,0.0,0.0
2017-08-15 08:22:29.444000 1042.149 14.99913,0.0,0.0,0.0,0.0,0.0
2017-08-15 08:22:44.020000 1056.725 14.99898,0.0,0.0,0.0,0.0,0.0
2017-08-15 08:22:58.652000 1071.357 14.99928,0.0,0.0,0.0,0.0,0.0
2017-08-15 08:23:13.289000 1085.994 14.998,0.0,0.0,0.0,0.0,0.0
2017-08-15 08:23:28 1100.705 14.99913,0.0,0.0,0.0,0.0,0.0
2017-08-15 08:23:42.752000 1115.457 14.9983,0.0,0.0,0.0,0.0,0.0
2017-08-15 08:23:57.484000 1130.189 14.99792,0.0,0.0,0.0,0.0,0.0
2017-08-15 08:24:12.282000 1144.987 14.99905,0.0,0.0,0.0,0.0,0.0
2017-08-15 08:24:27.159000 1159.864 14.9989,0.0,0.0,0.0,0.0,0.0
2017-08-15 08:24:41.969000 1174.674 15.00003,0.0,0.0,0.0,0.0,0.0
2017-08-15 08:24:56.848000 1189.553 14.99905,0.0,0.0,0.0,0.0,0.0
2017-08-15 08:25:11.725000 1204.43 14.99808,0.0,0.0,0.0,0.0,0.0
2017-08-15 08:25:26.643000 1219.348 14.99928,0.0,0.0,0.0,0.0,0.0
2017-08-15 08:25:41.581000 1234.286 14.99883,0.0,0.0,0.0,0.0,0.0
2017-08-15 08:25:56.575000 1249.28 14.99913,0.0,0.0,0.0,0.0,0.0
2017-08-15 08:26:11.590000 1264.295 14.99995,0.0,0.0,0.0,0.0,0.0
2017-08-15 08:26:26.635000 1279.34 15.00025,0.0,0.0,0.0,0.0,0.0
2017-08-15 08:26:41.763000 1294.468 14.99823,0.0,0.0,0.0,0.0,0.0
2017-08-15 08:26:56.839000 1309.544 15.00018,0.0,0.0,0.0,0.0,0.0
2017-08-15 08:27:11.951000 1324.656 14.9998,0.0,0.0,0.0,0.0,0.0
2017-08-15 08:27:27.091000 1339.796 14.99913,0.0,0.0,0.0,0.0,0.0
2017-08-15 08:27:42.273000 1354.978 14.99808,0.0,0.0,0.0,0.0,0.0
2017-08-15 08:27:57.500000 1370.205 14.99808,0.0,0.0,0.0,0.0,0.0
2017-08-15 08:28:12.769000 1385.474 0.0,0.0,0.0,0.0,0.0,0.0
2017-08-15 08:28:27.848000 1400.553 0.0,0.0,0.0,0.0,0.0,0.0
2017-08-15 08:28:42.958000 1415.663 0.0,0.0,0.0,0.0,0.0,0.0
2017-08-15 08:28:58.097000 1430.802 0.0,0.0,0.0,0.0,0.0,0.0
2017-08-15 08:29:13.286000 1445.991 0.0,0.0,0.0,0.0,0.0,0.0
2017-08-15 08:29:28.548000 1461.253 0.0,0.0,0.0,0.0,0.0,0.0
2017-08-15 08:29:43.776000 1476.481 0.0,0.0,0.0,0.0,0.0,0.0
2017-08-15 08:29:59.034000 1491.739 0.0,0.0,0.0,0.0,0.0,0.0
2017-08-15 08:30:14.339000 1507.044 0.0,0.0,0.0,0.0,0.0,0.0
2017-08-15 08:30:29.680000 1522.385 0.0,0.0,0.0,0.0,0.0,0.0
2017-08-15 08:30:45.032000 1537.737 0.0,0.0,0.0,0.0,0.0,0.0
2017-08-15 08:31:00.425000 1553.13 14.99913,0.0,0.0,0.0,0.0,0.0
2017-08-15 08:31:16.069000 1568.774 14.99883,0.0,0.0,0.0,0.0,0.0
2017-08-15 08:31:31.646000 1584.351 14.99913,0.0,0.0,0.0,0.0,0.0
2017-08-15 08:31:47.275000 1599.98 15.0001,0.0,0.0,0.0,0.0,0.0
2017-08-15 08:32:02.928000 1615.633 0.0,0.0,0.0,0.0,0.0,0.0
2017-08-15 08:32:18.493000 1631.198 0.0,0.0,0.0,0.0,0.0,0.0
2017-08-15 08:32:34.070000 1646.775 0.0,0.0,0.0,0.0,0.0,0.0
2017-08-15 08:32:49.629000 1662.334 0.0,0.0,0.0,0.0,0.0,0.0
2017-08-15 08:33:05.271000 1677.976 0.0,0.0,0.0,0.0,0.0,0.0
2017-08-15 08:33:20.891000 1693.596 0.0,0.0,0.0,0.0,0.0,0.0
2017-08-15 08:33:36.602000 1709.307 0.0,0.0,0.0,0.0,0.0,0.0
2017-08-15 08:33:52.308000 1725.013 0.0,0.0,0.0,0.0,0.0,0.0
2017-08-15 08:34:08.044000 1740.749 0.0,0.0,0.0,0.0,0.0,0.0
2017-08-15 08:34:23.812000 1756.517 0.0,0.0,0.0,0.0,0.0,0.0
2017-08-15 08:34:39.604000 1772.309 14.99808,0.0,0.0,0.0,0.0,0.0
2017-08-15 08:34:55.674000 1788.379 14.99995,0.0,0.0,0.0,0.0,0.0
2017-08-15 08:35:11.681000 1804.386 14.99965,15.03458,0.0,0.0,0.0,0.0
2017-08-15 08:35:27.918000 1820.623 0.0,15.0369,0.0,0.0,0.0,0.0
2017-08-15 08:35:44.081000 1836.786 0.0,15.03605,0.0,0.0,0.0,0.0
2017-08-15 08:36:00.206000 1852.911 0.0,15.0369,0.0,0.0,0.0,0.0
2017-08-15 08:36:16.418000 1869.123 0.0,15.03605,0.0,0.0,0.0,0.0
2017-08-15 08:36:32.635000 1885.34 0.0,15.03574,0.0,0.0,0.0,0.0
2017-08-15 08:36:48.903000 1901.608 0.0,15.03675,0.0,0.0,0.0,0.0
2017-08-15 08:37:05.139000 1917.844 0.0,15.03667,0.0,0.0,0.0,0.0
2017-08-15 08:37:21.454000 1934.159 0.0,15.03714,0.0,0.0,0.0,0.0
2017-08-15 08:37:37.776000 1950.481 0.0,15.03597,0.0,0.0,0.0,0.0
2017-08-15 08:37:54.108000 1966.813 0.0,15.03567,0.0,0.0,0.0,0.0
2017-08-15 08:38:10.521000 1983.226 0.0,15.03698,0.0,0.0,0.0,0.0
2017-08-15 08:38:26.957000 1999.662 0.0,15.03714,0.0,0.0,0.0,0.0
2017-08-15 08:38:43.397000 2016.102 0.0,15.03582,0.0,0.0,0.0,0.0
2017-08-15 08:38:59.927000 2032.632 0.0,15.03721,0.0,0.0,0.0,0.0
2017-08-15 08:39:16.432000 2049.137 0.0,5.026668,0.0,0.0,0.0,0.0
2017-08-15 08:39:32.989000 2065.694 0.0,5.021712,0.0,0.0,0.0,0.0
2017-08-15 08:39:49.524000 2082.229 0.0,5.023648,0.0,0.0,0.0,0.0
2017-08-15 08:40:06.138000 2098.843 0.0,5.022796,0.0,0.0,0.0,0.0
2017-08-15 08:40:22.767000 2115.472 0.0,5.023725,0.0,0.0,0.0,0.0
2017-08-15 08:40:39.605000 2132.31 0.0,5.023261,0.0,0.0,0.0,0.0
2017-08-15 08:40:56.241000 2148.946 0.0,5.023416,0.0,0.0,0.0,0.0
2017-08-15 08:41:12.967000 2165.672 0.0,5.023958,0.0,0.0,0.0,0.0
2017-08-15 08:41:29.695000 2182.4 0.0,5.022796,0.0,0.0,0.0,0.0
2017-08-15 08:41:46.448000 2199.153 0.0,5.023725,0.0,0.0,0.0,0.0
2017-08-15 08:42:03.285000 2215.99 0.0,5.023416,0.0,0.0,0.0,0.0
2017-08-15 08:42:20.107000 2232.812 0.0,5.023725,0.0,0.0,0.0,0.0
2017-08-15 08:42:36.905000 2249.61 14.99695,5.022486,0.0,0.0,0.0,0.0
2017-08-15 08:42:53.934000 2266.639 14.99928,5.022951,0.0,0.0,0.0,0.0
2017-08-15 08:43:10.974000 2283.679 0.0,5.023571,0.0,0.0,0.0,0.0
2017-08-15 08:43:27.923000 2300.628 0.0,5.024035,0.0,0.0,0.0,0.0
2017-08-15 08:43:44.849000 2317.554 0.0,5.023416,0.0,0.0,0.0,0.0
2017-08-15 08:44:01.852000 2334.557 0.0,5.023493,0.0,0.0,0.0,0.0
2017-08-15 08:44:18.900000 2351.605 0.0,5.022873,0.0,0.0,0.0,0.0
2017-08-15 08:44:35.952000 2368.657 0.0,5.023416,0.0,0.0,0.0,0.0
2017-08-15 08:44:53.049000 2385.754 0.0,5.023648,0.0,0.0,0.0,0.0
2017-08-15 08:45:10.173000 2402.878 0.0,5.023183,0.0,0.0,0.0,0.0
2017-08-15 08:45:27.315000 2420.02 0.0,5.02388,0.0,0.0,0.0,0.0
2017-08-15 08:45:44.465000 2437.17 0.0,5.022873,0.0,0.0,0.0,0.0
2017-08-15 08:46:01.874000 2454.579 0.0,5.022641,0.0,0.0,0.0,0.0
2017-08-15 08:46:19.174000 2471.879 0.0,0.0,0.0,0.0,0.0,0.0
2017-08-15 08:46:36.305000 2489.01 0.0,0.0,0.0,0.0,0.0,0.0
2017-08-15 08:46:53.448000 2506.153 0.0,0.0,0.0,0.0,0.0,0.0
2017-08-15 08:47:10.615000 2523.32 0.0,0.0,0.0,0.0,0.0,0.0
2017-08-15 08:47:27.789000 2540.494 0.0,0.0,0.0,0.0,0.0,0.0
2017-08-15 08:47:45.031000 2557.736 0.0,0.0,0.0,0.0,0.0,0.0
2017-08-15 08:48:02.247000 2574.952 14.99777,5.021557,0.0,0.0,0.0,0.0
2017-08-15 08:48:19.784000 2592.489 14.99958,5.022873,0.0,0.0,0.0,0.0
2017-08-15 08:48:37.397000 2610.102 0.0,5.023493,0.0,0.0,0.0,0.0
2017-08-15 08:48:54.871000 2627.576 0.0,0.0,0.0,0.0,0.0,0.0
2017-08-15 08:49:12.246000 2644.951 0.0,0.0,0.0,0.0,0.0,0.0
2017-08-15 08:49:29.590000 2662.295 0.0,0.0,0.0,0.0,0.0,0.0
2017-08-15 08:49:47.008000 2679.713 0.0,0.0,0.0,0.0,0.0,0.0
2017-08-15 08:50:04.494000 2697.199 0.0,0.0,0.0,0.0,0.0,0.0
2017-08-15 08:50:21.970000 2714.675 0.0,5.022176,0.0,0.0,0.0,0.0
2017-08-15 08:50:39.610000 2732.315 0.0,5.023106,0.0,0.0,0.0,0.0
2017-08-15 08:50:57.510000 2750.215 0.0,5.022873,0.0,0.0,0.0,0.0
2017-08-15 08:51:15.229000 2767.934 0.0,0.0,0.0,0.0,0.0,0.0
2017-08-15 08:51:32.787000 2785.492 0.0,0.0,0.0,0.0,0.0,0.0
2017-08-15 08:51:50.419000 2803.124 0.0,0.0,0.0,0.0,0.0,0.0
2017-08-15 08:52:08.078000 2820.783 0.0,0.0,0.0,0.0,0.0,0.0
2017-08-15 08:52:25.732000 2838.437 0.0,0.0,0.0,0.0,0.0,0.0
2017-08-15 08:52:43.453000 2856.158 0.0,5.021867,0.0,0.0,0.0,0.0
2017-08-15 08:53:01.419000 2874.124 0.0,5.022563,0.0,0.0,0.0,0.0
2017-08-15 08:53:19.340000 2892.045 0.0,5.022796,0.0,0.0,0.0,0.0
2017-08-15 08:53:37.256000 2909.961 0.0,0.0,0.0,0.0,0.0,0.0
2017-08-15 08:53:55.066000 2927.771 0.0,0.0,0.0,0.0,0.0,0.0
2017-08-15 08:54:12.902000 2945.607 0.0,0.0,0.0,0.0,0.0,0.0
2017-08-15 08:54:30.752000 2963.457 0.0,0.0,0.0,0.0,0.0,0.0
2017-08-15 08:54:48.644000 2981.349 0.0,5.021789,0.0,0.0,0.0,0.0
2017-08-15 08:55:06.721000 2999.426 0.0,5.022486,0.0,0.0,0.0,0.0
2017-08-15 08:55:25.103000 3017.808 0.0,0.0,3.996721,0.0,0.0,0.0
2017-08-15 08:55:43.269000 3035.974 0.0,0.0,3.99642,0.0,0.0,0.0
2017-08-15 08:56:01.414000 3054.119 0.0,0.0,3.996871,0.0,0.0,0.0
2017-08-15 08:56:19.655000 3072.36 0.0,0.0,3.997021,0.0,0.0,0.0
2017-08-15 08:56:37.884000 3090.589 0.0,5.022099,3.99657,0.0,0.0,0.0
2017-08-15 08:56:56.305000 3109.01 0.0,5.023648,3.997171,0.0,0.0,0.0
2017-08-15 08:57:14.767000 3127.472 0.0,5.022563,3.997246,0.0,0.0,0.0
2017-08-15 08:57:33.219000 3145.924 0.0,0.0,3.996721,0.0,0.0,0.0
2017-08-15 08:57:51.589000 3164.294 0.0,0.0,3.997021,0.0,0.0,0.0
2017-08-15 08:58:09.963000 3182.668 0.0,0.0,3.996871,0.0,0.0,0.0
2017-08-15 08:58:28.375000 3201.08 0.0,0.0,3.996871,0.0,0.0,0.0
2017-08-15 08:58:46.785000 3219.49 0.0,0.0,3.996795,0.0,0.0,0.0
2017-08-15 08:59:05.256000 3237.961 0.0,0.0,3.996645,0.0,0.0,0.0
2017-08-15 08:59:23.744000 3256.449 0.0,0.0,3.99657,0.0,0.0,0.0
2017-08-15 08:59:42.457000 3275.162 0.0,5.021557,3.997021,0.0,0.0,0.0
2017-08-15 09:00:01.159000 3293.864 0.0,5.022408,3.997021,0.0,0.0,0.0
2017-08-15 09:00:19.997000 3312.702 0.0,5.022563,3.99642,0.0,0.0,0.0
2017-08-15 09:00:38.832000 3331.537 0.0,0.0,3.996795,0.0,0.0,0.0
2017-08-15 09:00:57.477000 3350.182 0.0,0.0,3.99657,0.0,0.0,0.0
2017-08-15 09:01:16.143000 3368.848 0.0,0.0,3.996871,0.0,0.0,0.0
2017-08-15 09:01:34.827000 3387.532 0.0,0.0,3.997096,0.0,0.0,0.0
2017-08-15 09:01:53.560000 3406.265 0.0,5.022021,3.99657,0.0,0.0,0.0
2017-08-15 09:02:12.480000 3425.185 0.0,5.023338,3.997096,0.0,0.0,0.0
2017-08-15 09:02:31.406000 3444.111 0.0,5.022254,3.996795,0.0,0.0,0.0
2017-08-15 09:02:50.363000 3463.068 0.0,0.0,3.996645,0.0,0.0,0.0
2017-08-15 09:03:09.219000 3481.924 0.0,0.0,3.997171,0.0,0.0,0.0
2017-08-15 09:03:28.134000 3500.839 0.0,5.022641,3.99657,0.0,0.0,0.0
2017-08-15 09:03:47.488000 3520.193 0.0,5.023725,3.99642,0.0,0.0,0.0
2017-08-15 09:04:06.549000 3539.254 0.0,0.0,3.996795,0.0,0.0,0.0
2017-08-15 09:04:25.564000 3558.269 0.0,0.0,3.996195,0.0,0.0,0.0
2017-08-15 09:04:44.558000 3577.263 0.0,5.022254,3.996871,0.0,0.0,0.0
2017-08-15 09:05:03.766000 3596.471 0.0,5.021325,3.996871,0.0,0.0,0.0
2017-08-15 09:05:22.977000 3615.682 0.0,5.023261,3.997096,0.0,0.0,0.0
2017-08-15 09:05:42.199000 3634.904 0.0,5.021789,3.997171,0.0,0.0,0.0
2017-08-15 09:06:01.444000 3654.149 0.0,0.0,3.996795,0.0,0.0,0.0
2017-08-15 09:06:20.628000 3673.333 0.0,0.0,3.996345,0.0,0.0,0.0
2017-08-15 09:06:39.833000 3692.538 0.0,5.021712,3.996946,0.0,0.0,0.0
2017-08-15 09:06:59.190000 3711.895 0.0,5.023493,3.996871,0.0,0.0,0.0
2017-08-15 09:07:18.899000 3731.604 0.0,5.022331,3.997021,0.0,0.0,0.0
2017-08-15 09:07:38.278000 3750.983 0.0,5.023028,3.996871,0.0,0.0,0.0
2017-08-15 09:07:57.715000 3770.42 0.0,5.023183,3.99657,0.0,0.0,0.0
2017-08-15 09:08:17.199000 3789.904 0.0,0.0,3.996496,0.0,0.0,0.0
2017-08-15 09:08:36.521000 3809.226 0.0,0.0,3.997021,0.0,0.0,0.0
2017-08-15 09:08:55.928000 3828.633 0.0,5.021634,3.996496,0.0,0.0,0.0
2017-08-15 09:09:15.463000 3848.168 0.0,5.023261,3.997171,0.0,0.0,0.0
2017-08-15 09:09:39.310000 3872.015 0.0,5.023106,3.996496,0.0,0.0,0.0
2017-08-15 09:09:59.098000 3891.803 0.0,5.023493,3.996721,0.0,0.0,0.0
2017-08-15 09:10:18.797000 3911.502 0.0,5.023416,3.996645,0.0,0.0,0.0
2017-08-15 09:10:38.536000 3931.241 0.0,0.0,3.996721,0.0,0.0,0.0
2017-08-15 09:10:58.427000 3951.132 0.0,0.0,3.99627,0.0,0.0,0.0
2017-08-15 09:11:18.029000 3970.734 0.0,5.020782,3.996721,0.0,0.0,0.0
2017-08-15 09:11:37.843000 3990.548 0.0,5.023261,3.99657,0.0,0.0,0.0
2017-08-15 09:11:57.689000 4010.394 0.0,5.023261,3.996946,0.0,0.0,0.0
2017-08-15 09:12:17.580000 4030.285 0.0,0.0,3.996795,0.0,0.0,0.0
2017-08-15 09:12:37.355000 4050.06 0.0,0.0,3.997021,0.0,0.0,0.0
2017-08-15 09:12:57.128000 4069.833 0.0,5.022176,3.99657,0.0,0.0,0.0
2017-08-15 09:13:17.111000 4089.816 0.0,5.023261,3.997321,0.0,0.0,0.0
2017-08-15 09:13:37.133000 4109.838 0.0,5.023261,3.996795,0.0,0.0,0.0
2017-08-15 09:13:57.156000 4129.861 0.0,0.0,3.996795,0.0,0.0,0.0
2017-08-15 09:14:17.094000 4149.799 0.0,0.0,3.996721,0.0,0.0,0.0
2017-08-15 09:14:37.307000 4170.012 0.0,0.0,3.997021,0.0,0.0,0.0
2017-08-15 09:14:57.273000 4189.978 0.0,5.022099,3.996946,0.0,0.0,0.0
2017-08-15 09:15:17.471000 4210.176 0.0,5.023338,3.996795,0.0,0.0,0.0
2017-08-15 09:15:37.707000 4230.412 0.0,5.023725,3.996721,0.0,0.0,0.0
2017-08-15 09:15:57.975000 4250.68 0.0,0.0,3.997096,0.0,0.0,0.0
2017-08-15 09:16:18.085000 4270.79 0.0,0.0,3.996871,0.0,0.0,0.0
2017-08-15 09:16:38.219000 4290.924 0.0,0.0,3.996721,0.0,0.0,0.0
2017-08-15 09:16:58.354000 4311.059 0.0,5.02117,3.996496,0.0,0.0,0.0
2017-08-15 09:17:18.815000 4331.52 0.0,5.023648,3.997021,0.0,0.0,0.0
2017-08-15 09:17:39.212000 4351.917 0.0,5.022021,3.997096,0.0,0.0,0.0
2017-08-15 09:17:59.654000 4372.359 0.0,0.0,3.996946,0.0,0.0,0.0
2017-08-15 09:18:20.301000 4393.006 0.0,0.0,3.996871,0.0,0.0,0.0
2017-08-15 09:18:40.741000 4413.446 0.0,0.0,3.996721,0.0,0.0,0.0
2017-08-15 09:19:01.172000 4433.877 0.0,0.0,3.996645,0.0,0.0,0.0
2017-08-15 09:19:21.588000 4454.293 0.0,5.021402,3.996871,0.0,0.0,0.0
2017-08-15 09:19:42.213000 4474.918 0.0,5.023183,3.997171,0.0,0.0,0.0
2017-08-15 09:20:02.817000 4495.522 0.0,0.0,3.996195,0.0,0.0,0.0
2017-08-15 09:20:23.309000 4516.014 0.0,0.0,3.996946,0.0,0.0,0.0
2017-08-15 09:20:43.791000 4536.496 0.0,0.0,3.996946,0.0,0.0,0.0
2017-08-15 09:21:04.304000 4557.009 0.0,0.0,3.997171,0.0,0.0,0.0
2017-08-15 09:21:25.223000 4577.928 0.0,5.021092,3.997021,0.0,0.0,0.0
2017-08-15 09:21:46.011000 4598.716 0.0,5.022951,3.996645,0.0,0.0,0.0
2017-08-15 09:22:06.896000 4619.601 0.0,5.023261,3.99642,0.0,0.0,0.0
2017-08-15 09:22:27.790000 4640.495 0.0,0.0,3.99627,0.0,0.0,0.0
2017-08-15 09:22:48.562000 4661.267 0.0,0.0,3.997171,0.0,0.0,0.0
2017-08-15 09:23:09.306000 4682.011 0.0,0.0,3.996946,0.0,0.0,0.0
2017-08-15 09:23:30.034000 4702.739 0.0,0.0,3.996496,0.0,0.0,0.0
2017-08-15 09:23:50.779000 4723.484 0.0,5.021247,3.996795,0.0,0.0,0.0
2017-08-15 09:24:16.629000 4749.334 0.0,5.022796,3.997171,0.0,0.0,0.0
2017-08-15 09:24:37.853000 4770.558 0.0,0.0,3.99657,0.0,0.0,0.0
2017-08-15 09:24:58.498000 4791.203 0.0,0.0,3.99657,0.0,0.0,0.0
2017-08-15 09:25:19.214000 4811.919 0.0,0.0,3.997021,0.0,0.0,0.0
2017-08-15 09:25:39.956000 4832.661 0.0,0.0,3.996871,0.0,0.0,0.0
2017-08-15 09:26:00.675000 4853.38 0.0,5.022408,3.996721,0.0,0.0,0.0
2017-08-15 09:26:21.629000 4874.334 0.0,5.023261,3.99627,0.0,0.0,0.0
2017-08-15 09:26:42.647000 4895.352 0.0,0.0,3.996721,0.0,0.0,0.0
2017-08-15 09:27:03.515000 4916.22 0.0,0.0,3.996871,0.0,0.0,0.0
2017-08-15 09:27:24.410000 4937.115 0.0,0.0,3.996946,0.0,0.0,0.0
2017-08-15 09:27:45.658000 4958.363 0.0,5.021557,3.99642,0.0,0.0,0.0
2017-08-15 09:28:06.833000 4979.538 0.0,5.021867,3.996721,0.0,0.0,0.0
2017-08-15 09:28:28.034000 5000.739 0.0,0.0,3.996795,0.0,0.0,0.0
2017-08-15 09:28:49.037000 5021.742 0.0,0.0,3.996645,0.0,0.0,0.0
2017-08-15 09:29:10.071000 5042.776 0.0,0.0,3.996721,0.0,0.0,0.0
2017-08-15 09:29:31.121000 5063.826 0.0,0.0,3.996871,0.0,0.0,0.0
2017-08-15 09:29:52.227000 5084.932 0.0,5.022254,3.996721,0.0,0.0,0.0
2017-08-15 09:30:13.578000 5106.283 0.0,5.021944,3.996871,0.0,0.0,0.0
2017-08-15 09:30:34.924000 5127.629 0.0,5.023493,3.99627,0.0,0.0,0.0
2017-08-15 09:30:56.359000 5149.064 0.0,0.0,3.996645,0.0,0.0,0.0
2017-08-15 09:31:17.878000 5170.583 0.0,0.0,3.996721,0.0,0.0,0.0
2017-08-15 09:31:39.093000 5191.798 0.0,0.0,3.996795,0.0,0.0,0.0
2017-08-15 09:32:00.416000 5213.121 0.0,0.0,3.996795,0.0,0.0,0.0
2017-08-15 09:32:21.710000 5234.415 0.0,0.0,3.997021,0.0,0.0,0.0
2017-08-15 09:32:43.043000 5255.748 0.0,5.022331,3.997021,0.0,0.0,0.0
2017-08-15 09:33:04.624000 5277.329 0.0,5.022176,3.997096,0.0,0.0,0.0
2017-08-15 09:33:26.216000 5298.921 0.0,5.022254,3.996871,0.0,0.0,0.0
2017-08-15 09:33:47.831000 5320.536 0.0,0.0,3.997021,0.0,0.0,0.0
2017-08-15 09:34:09.638000 5342.343 0.0,0.0,3.996871,0.0,0.0,0.0
2017-08-15 09:34:31.186000 5363.891 0.0,0.0,3.99657,0.0,0.0,0.0
2017-08-15 09:34:52.719000 5385.424 0.0,0.0,3.996795,0.0,0.0,0.0
2017-08-15 09:35:14.236000 5406.941 0.0,0.0,3.99657,0.0,0.0,0.0
2017-08-15 09:35:35.764000 5428.469 0.0,5.022176,3.996496,0.0,0.0,0.0
2017-08-15 09:35:57.560000 5450.265 0.0,5.021867,3.996871,0.0,0.0,0.0
2017-08-15 09:36:19.423000 5472.128 0.0,5.022796,3.996871,0.0,0.0,0.0
2017-08-15 09:36:41.274000 5493.979 0.0,0.0,3.99642,0.0,0.0,0.0
2017-08-15 09:37:03.355000 5516.06 0.0,0.0,3.996795,0.0,0.0,0.0
2017-08-15 09:37:25.091000 5537.796 0.0,0.0,3.996645,0.0,0.0,0.0
2017-08-15 09:37:46.896000 5559.601 0.0,0.0,3.996496,0.0,0.0,0.0
2017-08-15 09:38:08.672000 5581.377 0.0,5.022021,3.99642,0.0,0.0,0.0
2017-08-15 09:38:30.688000 5603.393 0.0,5.022641,3.996871,0.0,0.0,0.0
2017-08-15 09:38:52.791000 5625.496 0.0,0.0,3.996871,0.0,0.0,0.0
2017-08-15 09:39:14.666000 5647.371 0.0,0.0,3.997321,0.0,0.0,0.0
2017-08-15 09:39:36.566000 5669.271 0.0,0.0,3.99642,0.0,0.0,0.0
2017-08-15 09:39:58.899000 5691.604 0.0,0.0,3.996721,0.0,0.0,0.0
2017-08-15 09:40:20.869000 5713.574 0.0,5.021092,3.99612,0.0,0.0,0.0
2017-08-15 09:40:43.112000 5735.817 0.0,5.022951,3.996871,0.0,0.0,0.0
2017-08-15 09:41:05.371000 5758.076 0.0,0.0,3.99657,0.0,0.0,0.0
2017-08-15 09:41:27.440000 5780.145 0.0,0.0,3.997021,0.0,0.0,0.0
2017-08-15 09:41:49.492000 5802.197 0.0,0.0,3.996946,0.0,0.0,0.0
2017-08-15 09:42:11.640000 5824.345 0.0,5.022099,3.996795,0.0,0.0,0.0
2017-08-15 09:42:33.913000 5846.618 0.0,5.023106,3.996496,0.0,0.0,0.0
2017-08-15 09:42:56.324000 5869.029 0.0,0.0,3.996946,0.0,0.0,0.0
2017-08-15 09:43:18.956000 5891.661 0.0,0.0,3.996496,0.0,0.0,0.0
2017-08-15 09:43:41.252000 5913.957 0.0,0.0,3.99642,0.0,0.0,0.0
2017-08-15 09:44:03.511000 5936.216 0.0,5.021944,3.997321,0.0,0.0,0.0
2017-08-15 09:44:26.117000 5958.822 0.0,5.023028,3.997096,0.0,0.0,0.0
2017-08-15 09:44:48.693000 5981.398 0.0,0.0,3.996795,0.0,0.0,0.0
2017-08-15 09:45:11.213000 6003.918 0.0,0.0,3.99642,3.574742,0.0,0.0
2017-08-15 09:45:33.989000 6026.694 0.0,0.0,3.996946,3.573991,0.0,0.0
2017-08-15 09:45:57.086000 6049.791 0.0,0.0,3.997171,3.574158,0.0,0.0
2017-08-15 09:46:19.758000 6072.463 0.0,0.0,3.996645,3.574075,0.0,0.0
2017-08-15 09:46:42.428000 6095.133 0.0,0.0,3.99627,3.575242,0.0,0.0
2017-08-15 09:47:05.153000 6117.858 0.0,0.0,3.99657,3.575325,0.0,0.0
2017-08-15 09:47:27.992000 6140.697 0.0,0.0,3.997171,3.574491,0.0,0.0
2017-08-15 09:47:50.805000 6163.51 0.0,0.0,3.997546,3.574325,0.0,0.0
2017-08-15 09:48:13.722000 6186.427 0.0,0.0,3.99642,3.574908,0.0,0.0
2017-08-15 09:48:36.613000 6209.318 0.0,0.0,3.996871,3.575492,0.0,0.0
2017-08-15 09:48:59.987000 6232.692 0.0,0.0,3.997321,3.573991,0.0,0.0
2017-08-15 09:49:22.818000 6255.523 0.0,0.0,3.997171,3.573908,0.0,0.0
2017-08-15 09:49:45.786000 6278.491 0.0,0.0,3.997471,3.574408,0.0,0.0
2017-08-15 09:50:08.693000 6301.398 0.0,0.0,3.996721,3.575242,0.0,0.0
2017-08-15 09:50:31.737000 6324.442 0.0,0.0,3.996721,3.573741,0.0,0.0
2017-08-15 09:50:54.768000 6347.473 0.0,0.0,3.997246,3.575575,0.0,0.0
2017-08-15 09:51:17.863000 6370.568 0.0,0.0,3.996871,3.573741,0.0,0.0
2017-08-15 09:51:41.375000 6394.08 0.0,0.0,3.997021,3.575158,0.0,0.0
2017-08-15 09:52:04.580000 6417.285 0.0,0.0,3.99642,3.575242,0.0,0.0
2017-08-15 09:52:27.739000 6440.444 0.0,0.0,3.99657,3.575492,0.0,0.0
2017-08-15 09:52:50.958000 6463.663 0.0,0.0,3.99642,3.575242,0.0,0.0
2017-08-15 09:53:14.212000 6486.917 0.0,0.0,3.996946,3.575075,0.0,0.0
2017-08-15 09:53:37.671000 6510.376 0.0,0.0,3.997021,3.573658,0.0,0.0
2017-08-15 09:54:01.015000 6533.72 0.0,0.0,3.996946,3.574908,0.0,0.0
2017-08-15 09:54:24.425000 6557.13 0.0,0.0,3.996645,3.575158,0.0,0.0
2017-08-15 09:54:48.161000 6580.866 0.0,0.0,3.997021,3.574742,0.0,0.0
2017-08-15 09:55:11.602000 6604.307 0.0,0.0,3.996871,3.575408,0.0,0.0
2017-08-15 09:55:34.963000 6627.668 0.0,0.0,3.99657,3.573491,0.0,0.0
2017-08-15 09:55:58.445000 6651.15 0.0,0.0,3.996795,3.575158,0.0,0.0
2017-08-15 09:56:22.008000 6674.713 0.0,0.0,3.997396,3.573991,0.0,0.0
2017-08-15 09:56:45.519000 6698.224 0.0,0.0,3.996721,3.573241,0.0,0.0
2017-08-15 09:57:09.042000 6721.747 0.0,0.0,3.997171,3.574908,0.0,0.0
2017-08-15 09:57:33.058000 6745.763 0.0,0.0,3.996496,3.574742,0.0,0.0
2017-08-15 09:57:56.736000 6769.441 0.0,0.0,3.99657,3.575075,0.0,0.0
2017-08-15 09:58:20.390000 6793.095 0.0,0.0,3.996946,3.575575,0.0,0.0
2017-08-15 09:58:43.979000 6816.684 0.0,0.0,3.997021,3.575492,0.0,0.0
2017-08-15 09:59:07.647000 6840.352 0.0,0.0,3.99657,3.575408,0.0,0.0
2017-08-15 09:59:31.385000 6864.09 0.0,0.0,3.996795,3.574075,0.0,0.0
2017-08-15 09:59:55.226000 6887.931 0.0,0.0,3.997246,3.574491,0.0,0.0
2017-08-15 10:00:19.505000 6912.21 0.0,0.0,3.996721,3.573741,0.0,0.0
2017-08-15 10:00:43.408000 6936.113 0.0,0.0,3.996946,3.573991,0.0,0.0
2017-08-15 10:01:07.330000 6960.035 0.0,0.0,3.997021,3.574825,0.0,0.0
2017-08-15 10:01:31.245000 6983.95 0.0,0.0,3.996721,3.573574,0.0,0.0
2017-08-15 10:01:55.177000 7007.882 0.0,0.0,3.997321,3.574075,0.0,0.0
2017-08-15 10:02:25.963000 7038.668 0.0,0.0,3.99642,3.574158,0.0,0.0
