#Human readable time. Time (s) since start. V @ ag47t. A @ ag47t. V @ ag47b. A @ ag47b. V @ ag49. A @ ag49.
2017-08-09 06:02:08.699000 0.06 25.00045,0.0,0.0,0.0,0.0,0.0
2017-08-09 06:02:20.564000 11.925 25.00143,0.0,0.0,0.0,0.0,0.0
2017-08-09 06:02:31.885000 23.246 25.00248,0.0,0.0,0.0,0.0,0.0
2017-08-09 06:02:43.235000 34.596 25.00188,0.0,0.0,0.0,0.0,0.0
2017-08-09 06:02:54.655000 46.016 25.00248,0.0,0.0,0.0,0.0,0.0
2017-08-09 06:03:06.055000 57.416 25.00549,0.0,0.0,0.0,0.0,0.0
2017-08-09 06:03:17.554000 68.915 25.00068,0.0,0.0,0.0,0.0,0.0
2017-08-09 06:03:29.004000 80.365 25.00105,0.0,0.0,0.0,0.0,0.0
2017-08-09 06:03:40.504000 91.865 25.00248,0.0,0.0,0.0,0.0,0.0
2017-08-09 06:03:52.054000 103.415 25.00053,0.0,0.0,0.0,0.0,0.0
2017-08-09 06:04:03.584000 114.945 25.00278,0.0,0.0,0.0,0.0,0.0
2017-08-09 06:04:15.144000 126.505 25.00143,0.0,0.0,0.0,0.0,0.0
2017-08-09 06:04:26.744000 138.105 25.00165,0.0,0.0,0.0,0.0,0.0
2017-08-09 06:04:38.424000 149.785 25.00353,0.0,0.0,0.0,0.0,0.0
2017-08-09 06:04:50.094000 161.455 25.00263,0.0,0.0,0.0,0.0,0.0
2017-08-09 06:05:01.808000 173.169 25.00068,0.0,0.0,0.0,0.0,0.0
2017-08-09 06:05:13.544000 184.905 25.00128,0.0,0.0,0.0,0.0,0.0
2017-08-09 06:05:25.294000 196.655 24.99963,0.0,0.0,0.0,0.0,0.0
2017-08-09 06:05:37.054000 208.415 25.00158,0.0,0.0,0.0,0.0,0.0
2017-08-09 06:05:48.864000 220.225 25.00241,0.0,0.0,0.0,0.0,0.0
2017-08-09 06:06:00.777000 232.138 25.00218,0.0,0.0,0.0,0.0,0.0
2017-08-09 06:06:12.670000 244.031 25.00361,0.0,0.0,0.0,0.0,0.0
2017-08-09 06:06:24.570000 255.931 25.0015,0.0,0.0,0.0,0.0,0.0
2017-08-09 06:06:36.490000 267.851 25.00143,0.0,0.0,0.0,0.0,0.0
2017-08-09 06:06:48.432000 279.793 25.00203,0.0,0.0,0.0,0.0,0.0
2017-08-09 06:07:00.455000 291.816 25.00113,0.0,0.0,0.0,0.0,0.0
2017-08-09 06:07:12.466000 303.827 25.00038,0.0,0.0,0.0,0.0,0.0
2017-08-09 06:07:24.506000 315.867 25.00233,0.0,0.0,0.0,0.0,0.0
2017-08-09 06:07:36.566000 327.927 25.00248,0.0,0.0,0.0,0.0,0.0
2017-08-09 06:07:48.657000 340.018 25.00135,0.0,0.0,0.0,0.0,0.0
2017-08-09 06:08:00.775000 352.136 25.00263,0.0,0.0,0.0,0.0,0.0
2017-08-09 06:08:12.935000 364.296 25.00256,0.0,0.0,0.0,0.0,0.0
2017-08-09 06:08:25.135000 376.496 25.00113,0.0,0.0,0.0,0.0,0.0
2017-08-09 06:08:37.357000 388.718 25.00083,0.0,0.0,0.0,0.0,0.0
2017-08-09 06:08:49.547000 400.908 25.00173,0.0,0.0,0.0,0.0,0.0
2017-08-09 06:09:01.815000 413.176 25.00188,0.0,0.0,0.0,0.0,0.0
2017-08-09 06:09:14.085000 425.446 25.00226,0.0,0.0,0.0,0.0,0.0
2017-08-09 06:09:26.395000 437.756 25.00248,0.0,0.0,0.0,0.0,0.0
2017-08-09 06:09:38.716000 450.077 25.00083,0.0,0.0,0.0,0.0,0.0
2017-08-09 06:09:51.090000 462.451 25.00045,0.0,0.0,0.0,0.0,0.0
2017-08-09 06:10:03.464000 474.825 25.00158,0.0,0.0,0.0,0.0,0.0
2017-08-09 06:10:15.884000 487.245 25.00361,0.0,0.0,0.0,0.0,0.0
2017-08-09 06:10:28.315000 499.676 25.00226,0.0,0.0,0.0,0.0,0.0
2017-08-09 06:10:40.865000 512.226 25.00233,0.0,0.0,0.0,0.0,0.0
2017-08-09 06:10:53.360000 524.721 25.00233,0.0,0.0,0.0,0.0,0.0
2017-08-09 06:11:05.910000 537.271 25.00158,0.0,0.0,0.0,0.0,0.0
2017-08-09 06:11:18.445000 549.806 25.00158,0.0,0.0,0.0,0.0,0.0
2017-08-09 06:11:31.045000 562.406 25.00256,0.0,0.0,0.0,0.0,0.0
2017-08-09 06:11:43.665000 575.026 25.00158,0.0,0.0,0.0,0.0,0.0
2017-08-09 06:11:56.323000 587.684 25.0006,0.0,0.0,0.0,0.0,0.0
2017-08-09 06:12:08.953000 600.314 25.00128,0.0,0.0,0.0,0.0,0.0
2017-08-09 06:12:21.705000 613.066 25.00015,0.0,0.0,0.0,0.0,0.0
2017-08-09 06:12:34.405000 625.766 25.00248,0.0,0.0,0.0,0.0,0.0
2017-08-09 06:12:47.201000 638.562 25.0015,0.0,0.0,0.0,0.0,0.0
2017-08-09 06:12:59.951000 651.312 15.00123,0.0,0.0,0.0,0.0,0.0
2017-08-09 06:13:12.782000 664.143 15.00033,0.0,0.0,0.0,0.0,0.0
2017-08-09 06:13:25.602000 676.963 15.00025,0.0,0.0,0.0,0.0,0.0
2017-08-09 06:13:38.442000 689.803 15.0004,0.0,0.0,0.0,0.0,0.0
2017-08-09 06:13:51.356000 702.717 14.99958,0.0,0.0,0.0,0.0,0.0
2017-08-09 06:14:04.297000 715.658 14.99845,0.0,0.0,0.0,0.0,0.0
2017-08-09 06:14:17.228000 728.589 15.00018,0.0,0.0,0.0,0.0,0.0
2017-08-09 06:14:30.168000 741.529 15.00018,0.0,0.0,0.0,0.0,0.0
2017-08-09 06:14:43.216000 754.577 14.99913,0.0,0.0,0.0,0.0,0.0
2017-08-09 06:14:56.238000 767.599 15.00033,0.0,0.0,0.0,0.0,0.0
2017-08-09 06:15:09.268000 780.629 15.00025,0.0,0.0,0.0,0.0,0.0
2017-08-09 06:15:22.348000 793.709 14.99928,0.0,0.0,0.0,0.0,0.0
2017-08-09 06:15:35.459000 806.82 15.00033,0.0,0.0,0.0,0.0,0.0
2017-08-09 06:15:48.602000 819.963 14.99943,0.0,0.0,0.0,0.0,0.0
2017-08-09 06:16:01.724000 833.085 14.99943,0.0,0.0,0.0,0.0,0.0
2017-08-09 06:16:14.894000 846.255 14.99868,0.0,0.0,0.0,0.0,0.0
2017-08-09 06:16:28.084000 859.445 15.00033,0.0,0.0,0.0,0.0,0.0
2017-08-09 06:16:41.408000 872.769 15.00055,0.0,0.0,0.0,0.0,0.0
2017-08-09 06:16:54.629000 885.99 15.00018,0.0,0.0,0.0,0.0,0.0
2017-08-09 06:17:07.889000 899.25 15.00018,0.0,0.0,0.0,0.0,0.0
2017-08-09 06:17:21.199000 912.56 15.00018,0.0,0.0,0.0,0.0,0.0
2017-08-09 06:17:34.586000 925.947 15.0004,0.0,0.0,0.0,0.0,0.0
2017-08-09 06:17:47.929000 939.29 14.9992,0.0,0.0,0.0,0.0,0.0
2017-08-09 06:18:01.289000 952.65 14.99943,0.0,0.0,0.0,0.0,0.0
2017-08-09 06:18:14.699000 966.06 14.9995,0.0,0.0,0.0,0.0,0.0
2017-08-09 06:18:28.131000 979.492 14.99838,0.0,0.0,0.0,0.0,0.0
2017-08-09 06:18:41.559000 992.92 15.0001,0.0,0.0,0.0,0.0,0.0
2017-08-09 06:18:55.059000 1006.42 14.99853,0.0,0.0,0.0,0.0,0.0
2017-08-09 06:19:08.591000 1019.952 14.99928,0.0,0.0,0.0,0.0,0.0
2017-08-09 06:19:22.141000 1033.502 14.99965,0.0,0.0,0.0,0.0,0.0
2017-08-09 06:19:35.721000 1047.082 15.00003,0.0,0.0,0.0,0.0,0.0
2017-08-09 06:19:49.341000 1060.702 15.0004,0.0,0.0,0.0,0.0,0.0
2017-08-09 06:20:02.961000 1074.322 15.00033,0.0,0.0,0.0,0.0,0.0
2017-08-09 06:20:16.631000 1087.992 14.9986,0.0,0.0,0.0,0.0,0.0
2017-08-09 06:20:30.298000 1101.659 14.99973,0.0,0.0,0.0,0.0,0.0
2017-08-09 06:20:44.078000 1115.439 14.99853,0.0,0.0,0.0,0.0,0.0
2017-08-09 06:20:57.818000 1129.179 15.00033,0.0,0.0,0.0,0.0,0.0
2017-08-09 06:21:11.568000 1142.929 14.99943,0.0,0.0,0.0,0.0,0.0
2017-08-09 06:21:25.376000 1156.737 0.0,0.0,0.0,0.0,0.0,0.0
2017-08-09 06:21:39.128000 1170.489 0.0,0.0,0.0,0.0,0.0,0.0
2017-08-09 06:21:52.798000 1184.159 0.0,0.0,0.0,0.0,0.0,0.0
2017-08-09 06:22:06.508000 1197.869 0.0,0.0,0.0,0.0,0.0,0.0
2017-08-09 06:22:20.230000 1211.591 0.0,0.0,0.0,0.0,0.0,0.0
2017-08-09 06:22:33.996000 1225.357 0.0,0.0,0.0,0.0,0.0,0.0
2017-08-09 06:22:47.796000 1239.157 0.0,0.0,0.0,0.0,0.0,0.0
2017-08-09 06:23:01.636000 1252.997 0.0,0.0,0.0,0.0,0.0,0.0
2017-08-09 06:23:15.468000 1266.829 0.0,0.0,0.0,0.0,0.0,0.0
2017-08-09 06:23:29.326000 1280.687 0.0,0.0,0.0,0.0,0.0,0.0
2017-08-09 06:23:43.226000 1294.587 0.0,0.0,0.0,0.0,0.0,0.0
2017-08-09 06:23:57.166000 1308.527 0.0,0.0,0.0,0.0,0.0,0.0
2017-08-09 06:24:11.128000 1322.489 0.0,0.0,0.0,0.0,0.0,0.0
2017-08-09 06:24:25.106000 1336.467 0.0,0.0,0.0,0.0,0.0,0.0
2017-08-09 06:24:39.156000 1350.517 0.0,0.0,0.0,0.0,0.0,0.0
2017-08-09 06:24:53.203000 1364.564 0.0,0.0,0.0,0.0,0.0,0.0
2017-08-09 06:25:07.275000 1378.636 14.99792,0.0,0.0,0.0,0.0,0.0
2017-08-09 06:25:21.512000 1392.873 14.99988,0.0,0.0,0.0,0.0,0.0
2017-08-09 06:25:35.802000 1407.163 15.0007,0.0,0.0,0.0,0.0,0.0
2017-08-09 06:25:50.124000 1421.485 14.99935,0.0,0.0,0.0,0.0,0.0
2017-08-09 06:26:04.455000 1435.816 0.0,0.0,0.0,0.0,0.0,0.0
2017-08-09 06:26:18.693000 1450.054 0.0,0.0,0.0,0.0,0.0,0.0
2017-08-09 06:26:32.963000 1464.324 0.0,0.0,0.0,0.0,0.0,0.0
2017-08-09 06:26:47.225000 1478.586 0.0,0.0,0.0,0.0,0.0,0.0
2017-08-09 06:27:01.515000 1492.876 0.0,0.0,0.0,0.0,0.0,0.0
2017-08-09 06:27:15.861000 1507.222 0.0,0.0,0.0,0.0,0.0,0.0
2017-08-09 06:27:30.240000 1521.601 0.0,0.0,0.0,0.0,0.0,0.0
2017-08-09 06:27:44.612000 1535.973 0.0,0.0,0.0,0.0,0.0,0.0
2017-08-09 06:27:59.052000 1550.413 0.0,0.0,0.0,0.0,0.0,0.0
2017-08-09 06:28:13.456000 1564.817 0.0,0.0,0.0,0.0,0.0,0.0
2017-08-09 06:28:27.886000 1579.247 0.0,0.0,0.0,0.0,0.0,0.0
2017-08-09 06:28:42.358000 1593.719 0.0,0.0,0.0,0.0,0.0,0.0
2017-08-09 06:28:56.858000 1608.219 14.99928,0.0,0.0,0.0,0.0,0.0
2017-08-09 06:29:11.526000 1622.887 14.99928,0.0,0.0,0.0,0.0,0.0
2017-08-09 06:29:26.306000 1637.667 15.00063,0.0,0.0,0.0,0.0,0.0
2017-08-09 06:29:41.068000 1652.429 0.0,0.0,0.0,0.0,0.0,0.0
2017-08-09 06:29:55.668000 1667.029 0.0,0.0,0.0,0.0,0.0,0.0
2017-08-09 06:30:10.332000 1681.693 0.0,0.0,0.0,0.0,0.0,0.0
2017-08-09 06:30:25.054000 1696.415 0.0,0.0,0.0,0.0,0.0,0.0
2017-08-09 06:30:39.744000 1711.105 0.0,0.0,0.0,0.0,0.0,0.0
2017-08-09 06:30:54.454000 1725.815 0.0,0.0,0.0,0.0,0.0,0.0
2017-08-09 06:31:09.198000 1740.559 0.0,0.0,0.0,0.0,0.0,0.0
2017-08-09 06:31:24 1755.361 0.0,0.0,0.0,0.0,0.0,0.0
2017-08-09 06:31:38.800000 1770.161 0.0,0.0,0.0,0.0,0.0,0.0
2017-08-09 06:31:53.620000 1784.981 0.0,0.0,0.0,0.0,0.0,0.0
2017-08-09 06:32:08.497000 1799.858 0.0,0.0,0.0,0.0,0.0,0.0
2017-08-09 06:32:23.359000 1814.72 0.0,15.02808,0.0,0.0,0.0,0.0
2017-08-09 06:32:38.489000 1829.85 0.0,15.03195,0.0,0.0,0.0,0.0
2017-08-09 06:32:53.619000 1844.98 0.0,15.03195,0.0,0.0,0.0,0.0
2017-08-09 06:33:08.829000 1860.19 0.0,15.03195,0.0,0.0,0.0,0.0
2017-08-09 06:33:24.059000 1875.42 0.0,15.03327,0.0,0.0,0.0,0.0
2017-08-09 06:33:39.299000 1890.66 0.0,15.03342,0.0,0.0,0.0,0.0
2017-08-09 06:33:54.541000 1905.902 0.0,15.03303,0.0,0.0,0.0,0.0
2017-08-09 06:34:09.857000 1921.218 0.0,15.03296,0.0,0.0,0.0,0.0
2017-08-09 06:34:25.187000 1936.548 0.0,15.03195,0.0,0.0,0.0,0.0
2017-08-09 06:34:40.687000 1952.048 0.0,15.03203,0.0,0.0,0.0,0.0
2017-08-09 06:34:56.042000 1967.403 0.0,15.03311,0.0,0.0,0.0,0.0
2017-08-09 06:35:11.463000 1982.824 0.0,15.03226,0.0,0.0,0.0,0.0
2017-08-09 06:35:26.893000 1998.254 0.0,15.03319,0.0,0.0,0.0,0.0
2017-08-09 06:35:42.383000 2013.744 0.0,15.03226,0.0,0.0,0.0,0.0
2017-08-09 06:35:57.853000 2029.214 0.0,15.03303,0.0,0.0,0.0,0.0
2017-08-09 06:36:13.393000 2044.754 0.0,15.03311,0.0,0.0,0.0,0.0
2017-08-09 06:36:28.913000 2060.274 0.0,5.023725,0.0,0.0,0.0,0.0
2017-08-09 06:36:44.484000 2075.845 0.0,5.020318,0.0,0.0,0.0,0.0
2017-08-09 06:37:00.061000 2091.422 0.0,5.019854,0.0,0.0,0.0,0.0
2017-08-09 06:37:15.701000 2107.062 0.0,5.02117,0.0,0.0,0.0,0.0
2017-08-09 06:37:31.341000 2122.702 0.0,5.021789,0.0,0.0,0.0,0.0
2017-08-09 06:37:47.053000 2138.414 0.0,5.021557,0.0,0.0,0.0,0.0
2017-08-09 06:38:02.827000 2154.188 0.0,5.021557,0.0,0.0,0.0,0.0
2017-08-09 06:38:18.537000 2169.898 0.0,5.021867,0.0,0.0,0.0,0.0
2017-08-09 06:38:34.378000 2185.739 14.99747,5.020163,0.0,0.0,0.0,0.0
2017-08-09 06:38:50.316000 2201.677 14.99943,5.020628,0.0,0.0,0.0,0.0
2017-08-09 06:39:06.286000 2217.647 0.0,5.021247,0.0,0.0,0.0,0.0
2017-08-09 06:39:22.206000 2233.567 0.0,5.021634,0.0,0.0,0.0,0.0
2017-08-09 06:39:38.278000 2249.639 0.0,5.021247,0.0,0.0,0.0,0.0
2017-08-09 06:39:54.202000 2265.563 0.0,5.021557,0.0,0.0,0.0,0.0
2017-08-09 06:40:10.132000 2281.493 0.0,5.020705,0.0,0.0,0.0,0.0
2017-08-09 06:40:26.124000 2297.485 0.0,5.021557,0.0,0.0,0.0,0.0
2017-08-09 06:40:42.096000 2313.457 0.0,5.02117,0.0,0.0,0.0,0.0
2017-08-09 06:40:58.128000 2329.489 0.0,5.020782,0.0,0.0,0.0,0.0
2017-08-09 06:41:14.228000 2345.589 0.0,5.021092,0.0,0.0,0.0,0.0
2017-08-09 06:41:30.329000 2361.69 0.0,5.02086,0.0,0.0,0.0,0.0
2017-08-09 06:41:46.447000 2377.808 0.0,5.020163,0.0,0.0,0.0,0.0
2017-08-09 06:42:02.617000 2393.978 0.0,5.021402,0.0,0.0,0.0,0.0
2017-08-09 06:42:18.759000 2410.12 0.0,5.019466,0.0,0.0,0.0,0.0
2017-08-09 06:42:34.979000 2426.34 0.0,5.021402,0.0,0.0,0.0,0.0
2017-08-09 06:42:51.207000 2442.568 0.0,5.021247,0.0,0.0,0.0,0.0
2017-08-09 06:43:07.447000 2458.808 0.0,0.0,0.0,0.0,0.0,0.0
2017-08-09 06:43:23.558000 2474.919 0.0,0.0,0.0,0.0,0.0,0.0
2017-08-09 06:43:39.764000 2491.125 0.0,0.0,0.0,0.0,0.0,0.0
2017-08-09 06:43:55.944000 2507.305 0.0,0.0,0.0,0.0,0.0,0.0
2017-08-09 06:44:12.385000 2523.746 0.0,0.0,0.0,0.0,0.0,0.0
2017-08-09 06:44:28.665000 2540.026 14.99732,5.019234,0.0,0.0,0.0,0.0
2017-08-09 06:44:45.230000 2556.591 15.00055,5.02086,0.0,0.0,0.0,0.0
2017-08-09 06:45:01.822000 2573.183 0.0,5.021402,0.0,0.0,0.0,0.0
2017-08-09 06:45:18.282000 2589.643 0.0,0.0,0.0,0.0,0.0,0.0
2017-08-09 06:45:34.676000 2606.037 0.0,0.0,0.0,0.0,0.0,0.0
2017-08-09 06:45:51.078000 2622.439 0.0,0.0,0.0,0.0,0.0,0.0
2017-08-09 06:46:07.500000 2638.861 0.0,0.0,0.0,0.0,0.0,0.0
2017-08-09 06:46:23.980000 2655.341 0.0,0.0,0.0,0.0,0.0,0.0
2017-08-09 06:46:40.466000 2671.827 0.0,5.019311,0.0,0.0,0.0,0.0
2017-08-09 06:46:57.127000 2688.488 0.0,5.019854,0.0,0.0,0.0,0.0
2017-08-09 06:47:13.767000 2705.128 0.0,5.021557,0.0,0.0,0.0,0.0
2017-08-09 06:47:30.580000 2721.941 0.0,0.0,0.0,0.0,0.0,0.0
2017-08-09 06:47:47.202000 2738.563 0.0,0.0,0.0,0.0,0.0,0.0
2017-08-09 06:48:03.822000 2755.183 0.0,0.0,0.0,0.0,0.0,0.0
2017-08-09 06:48:20.692000 2772.053 0.0,0.0,0.0,0.0,0.0,0.0
2017-08-09 06:48:37.420000 2788.781 0.0,0.0,0.0,0.0,0.0,0.0
2017-08-09 06:48:54.112000 2805.473 0.0,5.019234,0.0,0.0,0.0,0.0
2017-08-09 06:49:10.992000 2822.353 0.0,5.021557,0.0,0.0,0.0,0.0
2017-08-09 06:49:27.946000 2839.307 0.0,5.021247,0.0,0.0,0.0,0.0
2017-08-09 06:49:44.929000 2856.29 0.0,0.0,0.0,0.0,0.0,0.0
2017-08-09 06:50:01.719000 2873.08 0.0,0.0,0.0,0.0,0.0,0.0
2017-08-09 06:50:18.569000 2889.93 0.0,0.0,0.0,0.0,0.0,0.0
2017-08-09 06:50:35.427000 2906.788 0.0,0.0,0.0,0.0,0.0,0.0
2017-08-09 06:50:52.337000 2923.698 0.0,0.0,0.0,0.0,0.0,0.0
2017-08-09 06:51:09.257000 2940.618 0.0,5.019699,0.0,0.0,0.0,0.0
2017-08-09 06:51:26.334000 2957.695 0.0,5.020009,0.0,0.0,0.0,0.0
2017-08-09 06:51:43.434000 2974.795 0.0,5.021557,0.0,0.0,0.0,0.0
2017-08-09 06:52:00.544000 2991.905 0.0,0.0,0.0,0.0,0.0,0.0
2017-08-09 06:52:17.636000 3008.997 0.0,0.0,3.99567,0.0,0.0,0.0
2017-08-09 06:52:34.802000 3026.163 0.0,0.0,3.99627,0.0,0.0,0.0
2017-08-09 06:52:52.042000 3043.403 0.0,0.0,3.996645,0.0,0.0,0.0
2017-08-09 06:53:09.292000 3060.653 0.0,5.018382,3.996721,0.0,0.0,0.0
2017-08-09 06:53:26.731000 3078.092 0.0,5.02148,3.99642,0.0,0.0,0.0
2017-08-09 06:53:44.221000 3095.582 0.0,0.0,3.99627,0.0,0.0,0.0
2017-08-09 06:54:01.541000 3112.902 0.0,0.0,3.996195,0.0,0.0,0.0
2017-08-09 06:54:18.906000 3130.267 0.0,0.0,3.996721,0.0,0.0,0.0
2017-08-09 06:54:36.337000 3147.698 0.0,0.0,3.99612,0.0,0.0,0.0
2017-08-09 06:54:53.754000 3165.115 0.0,5.019389,3.99657,0.0,0.0,0.0
2017-08-09 06:55:11.326000 3182.687 0.0,0.0,3.996645,0.0,0.0,0.0
2017-08-09 06:55:28.820000 3200.181 0.0,0.0,3.99642,0.0,0.0,0.0
2017-08-09 06:55:46.340000 3217.701 0.0,0.0,3.99642,0.0,0.0,0.0
2017-08-09 06:56:04.022000 3235.383 0.0,5.020009,3.99627,0.0,0.0,0.0
2017-08-09 06:56:21.729000 3253.09 0.0,5.019854,3.996195,0.0,0.0,0.0
2017-08-09 06:56:39.469000 3270.83 0.0,0.0,3.99627,0.0,0.0,0.0
2017-08-09 06:56:57.071000 3288.432 0.0,0.0,3.996345,0.0,0.0,0.0
2017-08-09 06:57:14.709000 3306.07 0.0,0.0,3.99597,0.0,0.0,0.0
2017-08-09 06:57:32.389000 3323.75 0.0,5.019699,3.996795,0.0,0.0,0.0
2017-08-09 06:57:50.291000 3341.652 0.0,5.020705,3.99597,0.0,0.0,0.0
2017-08-09 06:58:08.133000 3359.494 0.0,0.0,3.996496,0.0,0.0,0.0
2017-08-09 06:58:25.917000 3377.278 0.0,0.0,3.996795,0.0,0.0,0.0
2017-08-09 06:58:43.748000 3395.109 0.0,5.019931,3.99642,0.0,0.0,0.0
2017-08-09 06:59:01.718000 3413.079 0.0,5.021325,3.99612,0.0,0.0,0.0
2017-08-09 06:59:20.023000 3431.384 0.0,0.0,3.99567,0.0,0.0,0.0
2017-08-09 06:59:37.933000 3449.294 0.0,0.0,3.99657,0.0,0.0,0.0
2017-08-09 06:59:55.894000 3467.255 0.0,5.018692,3.996721,0.0,0.0,0.0
2017-08-09 07:00:14.008000 3485.369 0.0,5.021092,3.996345,0.0,0.0,0.0
2017-08-09 07:00:32.118000 3503.479 0.0,0.0,3.996345,0.0,0.0,0.0
2017-08-09 07:00:50.130000 3521.491 0.0,0.0,3.996795,0.0,0.0,0.0
2017-08-09 07:01:08.177000 3539.538 0.0,5.017995,3.99582,0.0,0.0,0.0
2017-08-09 07:01:26.377000 3557.738 0.0,5.020782,3.99642,0.0,0.0,0.0
2017-08-09 07:01:44.569000 3575.93 0.0,5.02148,3.99582,0.0,0.0,0.0
2017-08-09 07:02:02.830000 3594.191 0.0,5.020937,3.99612,0.0,0.0,0.0
2017-08-09 07:02:21.143000 3612.504 0.0,0.0,3.99642,0.0,0.0,0.0
2017-08-09 07:02:39.315000 3630.676 0.0,0.0,3.99627,0.0,0.0,0.0
2017-08-09 07:02:57.695000 3649.056 0.0,5.018769,3.996195,0.0,0.0,0.0
2017-08-09 07:03:16.061000 3667.422 0.0,5.019854,3.99642,0.0,0.0,0.0
2017-08-09 07:03:34.483000 3685.844 0.0,5.020318,3.99657,0.0,0.0,0.0
2017-08-09 07:03:52.863000 3704.224 0.0,5.020318,3.99627,0.0,0.0,0.0
2017-08-09 07:04:11.328000 3722.689 0.0,5.021325,3.99627,0.0,0.0,0.0
2017-08-09 07:04:29.800000 3741.161 0.0,0.0,3.99642,0.0,0.0,0.0
2017-08-09 07:04:48.140000 3759.501 0.0,0.0,3.996871,0.0,0.0,0.0
2017-08-09 07:05:06.578000 3777.939 0.0,5.019079,3.99612,0.0,0.0,0.0
2017-08-09 07:05:25.190000 3796.551 0.0,5.020241,3.996721,0.0,0.0,0.0
2017-08-09 07:05:43.880000 3815.241 0.0,5.021325,3.996645,0.0,0.0,0.0
2017-08-09 07:06:02.827000 3834.188 0.0,5.020937,3.996721,0.0,0.0,0.0
2017-08-09 07:06:21.499000 3852.86 0.0,5.02055,3.996645,0.0,0.0,0.0
2017-08-09 07:06:40.212000 3871.573 0.0,0.0,3.996045,0.0,0.0,0.0
2017-08-09 07:06:58.770000 3890.131 0.0,0.0,3.99657,0.0,0.0,0.0
2017-08-09 07:07:17.371000 3908.732 0.0,5.018769,3.99627,0.0,0.0,0.0
2017-08-09 07:07:36.161000 3927.522 0.0,5.020163,3.99657,0.0,0.0,0.0
2017-08-09 07:07:54.975000 3946.336 0.0,5.021092,3.996795,0.0,0.0,0.0
2017-08-09 07:08:13.830000 3965.191 0.0,5.020937,3.99642,0.0,0.0,0.0
2017-08-09 07:08:32.700000 3984.061 0.0,0.0,3.996496,0.0,0.0,0.0
2017-08-09 07:08:51.393000 4002.754 0.0,0.0,3.996795,0.0,0.0,0.0
2017-08-09 07:09:10.197000 4021.558 0.0,0.0,3.99612,0.0,0.0,0.0
2017-08-09 07:09:29.297000 4040.658 0.0,5.019002,3.99612,0.0,0.0,0.0
2017-08-09 07:09:48.259000 4059.62 0.0,5.020395,3.996946,0.0,0.0,0.0
2017-08-09 07:10:07.307000 4078.668 0.0,5.020782,3.99627,0.0,0.0,0.0
2017-08-09 07:10:26.337000 4097.698 0.0,0.0,3.99597,0.0,0.0,0.0
2017-08-09 07:10:45.248000 4116.609 0.0,0.0,3.996795,0.0,0.0,0.0
2017-08-09 07:11:04.235000 4135.596 0.0,5.020009,3.996645,0.0,0.0,0.0
2017-08-09 07:11:23.345000 4154.706 0.0,5.020628,3.99657,0.0,0.0,0.0
2017-08-09 07:11:42.486000 4173.847 0.0,5.02117,3.99627,0.0,0.0,0.0
2017-08-09 07:12:01.720000 4193.081 0.0,0.0,3.996645,0.0,0.0,0.0
2017-08-09 07:12:20.760000 4212.121 0.0,0.0,3.99627,0.0,0.0,0.0
2017-08-09 07:12:40.131000 4231.492 0.0,0.0,3.99657,0.0,0.0,0.0
2017-08-09 07:12:59.214000 4250.575 0.0,5.019699,3.99642,0.0,0.0,0.0
2017-08-09 07:13:18.525000 4269.886 0.0,5.02148,3.996946,0.0,0.0,0.0
2017-08-09 07:13:37.807000 4289.168 0.0,0.0,3.99627,0.0,0.0,0.0
2017-08-09 07:13:56.974000 4308.335 0.0,0.0,3.996496,0.0,0.0,0.0
2017-08-09 07:14:16.244000 4327.605 0.0,0.0,3.996345,0.0,0.0,0.0
2017-08-09 07:14:35.455000 4346.816 0.0,5.020009,3.996871,0.0,0.0,0.0
2017-08-09 07:14:54.893000 4366.254 0.0,5.021402,3.996721,0.0,0.0,0.0
2017-08-09 07:15:14.453000 4385.814 0.0,0.0,3.99642,0.0,0.0,0.0
2017-08-09 07:15:34.115000 4405.476 0.0,0.0,3.996496,0.0,0.0,0.0
2017-08-09 07:15:53.481000 4424.842 0.0,0.0,3.996645,0.0,0.0,0.0
2017-08-09 07:16:12.871000 4444.232 0.0,5.020009,3.996645,0.0,0.0,0.0
2017-08-09 07:16:32.463000 4463.824 0.0,5.020318,3.996721,0.0,0.0,0.0
2017-08-09 07:16:52.057000 4483.418 0.0,0.0,3.996645,0.0,0.0,0.0
2017-08-09 07:17:11.519000 4502.88 0.0,0.0,3.996345,0.0,0.0,0.0
2017-08-09 07:17:31.019000 4522.38 0.0,0.0,3.996795,0.0,0.0,0.0
2017-08-09 07:17:50.557000 4541.918 0.0,5.020086,3.996721,0.0,0.0,0.0
2017-08-09 07:18:10.259000 4561.62 0.0,5.021325,3.99612,0.0,0.0,0.0
2017-08-09 07:18:30.369000 4581.73 0.0,0.0,3.996721,0.0,0.0,0.0
2017-08-09 07:18:49.998000 4601.359 0.0,0.0,3.996645,0.0,0.0,0.0
2017-08-09 07:19:09.620000 4620.981 0.0,0.0,3.99657,0.0,0.0,0.0
2017-08-09 07:19:29.280000 4640.641 0.0,5.020163,3.99657,0.0,0.0,0.0
2017-08-09 07:19:49.165000 4660.526 0.0,5.019544,3.996345,0.0,0.0,0.0
2017-08-09 07:20:09.067000 4680.428 0.0,0.0,3.996645,0.0,0.0,0.0
2017-08-09 07:20:28.837000 4700.198 0.0,0.0,3.996721,0.0,0.0,0.0
2017-08-09 07:20:48.614000 4719.975 0.0,0.0,3.99612,0.0,0.0,0.0
2017-08-09 07:21:08.486000 4739.847 0.0,0.0,3.996496,0.0,0.0,0.0
2017-08-09 07:21:28.286000 4759.647 0.0,5.019854,3.99657,0.0,0.0,0.0
2017-08-09 07:21:48.750000 4780.111 0.0,5.020395,3.99642,0.0,0.0,0.0
2017-08-09 07:22:08.850000 4800.211 0.0,5.019699,3.99627,0.0,0.0,0.0
2017-08-09 07:22:28.970000 4820.331 0.0,0.0,3.99627,0.0,0.0,0.0
2017-08-09 07:22:48.978000 4840.339 0.0,0.0,3.99627,0.0,0.0,0.0
2017-08-09 07:23:08.988000 4860.349 0.0,0.0,3.996496,0.0,0.0,0.0
2017-08-09 07:23:29.038000 4880.399 0.0,0.0,3.99612,0.0,0.0,0.0
2017-08-09 07:23:49.114000 4900.475 0.0,0.0,3.99627,0.0,0.0,0.0
2017-08-09 07:24:09.224000 4920.585 0.0,5.020628,3.996345,0.0,0.0,0.0
2017-08-09 07:24:30.005000 4941.366 0.0,5.02117,3.996195,0.0,0.0,0.0
2017-08-09 07:24:50.403000 4961.764 0.0,5.020473,3.996795,0.0,0.0,0.0
2017-08-09 07:25:10.923000 4982.284 0.0,0.0,3.996871,0.0,0.0,0.0
2017-08-09 07:25:31.158000 5002.519 0.0,0.0,3.99567,0.0,0.0,0.0
2017-08-09 07:25:51.440000 5022.801 0.0,0.0,3.99627,0.0,0.0,0.0
2017-08-09 07:26:11.759000 5043.12 0.0,0.0,3.99657,0.0,0.0,0.0
2017-08-09 07:26:32.065000 5063.426 0.0,0.0,3.996496,0.0,0.0,0.0
2017-08-09 07:26:52.486000 5083.847 0.0,5.020473,3.996496,0.0,0.0,0.0
2017-08-09 07:27:13.356000 5104.717 0.0,5.020318,3.996045,0.0,0.0,0.0
2017-08-09 07:27:33.965000 5125.326 0.0,5.020395,3.99612,0.0,0.0,0.0
2017-08-09 07:27:54.585000 5145.946 0.0,0.0,3.996721,0.0,0.0,0.0
2017-08-09 07:28:15.005000 5166.366 0.0,0.0,3.99627,0.0,0.0,0.0
2017-08-09 07:28:35.451000 5186.812 0.0,0.0,3.99642,0.0,0.0,0.0
2017-08-09 07:28:55.971000 5207.332 0.0,0.0,3.99627,0.0,0.0,0.0
2017-08-09 07:29:16.473000 5227.834 0.0,0.0,3.996496,0.0,0.0,0.0
2017-08-09 07:29:37.066000 5248.427 0.0,5.020318,3.996195,0.0,0.0,0.0
2017-08-09 07:29:58.266000 5269.627 0.0,5.02055,3.99657,0.0,0.0,0.0
2017-08-09 07:30:19.128000 5290.489 0.0,5.02117,3.99612,0.0,0.0,0.0
2017-08-09 07:30:39.955000 5311.316 0.0,0.0,3.996946,0.0,0.0,0.0
2017-08-09 07:31:00.705000 5332.066 0.0,0.0,3.99627,0.0,0.0,0.0
2017-08-09 07:31:21.397000 5352.758 0.0,0.0,3.996345,0.0,0.0,0.0
2017-08-09 07:31:42.145000 5373.506 0.0,0.0,3.99612,0.0,0.0,0.0
2017-08-09 07:32:02.976000 5394.337 0.0,0.0,3.996795,0.0,0.0,0.0
2017-08-09 07:32:23.732000 5415.093 0.0,5.019621,3.996045,0.0,0.0,0.0
2017-08-09 07:32:44.774000 5436.135 0.0,5.020473,3.99657,0.0,0.0,0.0
2017-08-09 07:33:06.335000 5457.696 0.0,5.020163,3.99597,0.0,0.0,0.0
2017-08-09 07:33:27.470000 5478.831 0.0,0.0,3.996871,0.0,0.0,0.0
2017-08-09 07:33:48.450000 5499.811 0.0,0.0,3.996721,0.0,0.0,0.0
2017-08-09 07:34:09.491000 5520.852 0.0,0.0,3.996045,0.0,0.0,0.0
2017-08-09 07:34:30.535000 5541.896 0.0,0.0,3.996871,0.0,0.0,0.0
2017-08-09 07:34:51.567000 5562.928 0.0,0.0,3.996496,0.0,0.0,0.0
2017-08-09 07:35:12.677000 5584.038 0.0,5.019544,3.99627,0.0,0.0,0.0
2017-08-09 07:35:34.404000 5605.765 0.0,5.021402,3.996496,0.0,0.0,0.0
2017-08-09 07:35:55.745000 5627.106 0.0,5.020241,3.996345,0.0,0.0,0.0
2017-08-09 07:36:17.076000 5648.437 0.0,0.0,3.997171,0.0,0.0,0.0
2017-08-09 07:36:38.363000 5669.724 0.0,0.0,3.99627,0.0,0.0,0.0
2017-08-09 07:36:59.585000 5690.946 0.0,0.0,3.99627,0.0,0.0,0.0
2017-08-09 07:37:20.871000 5712.232 0.0,0.0,3.996195,0.0,0.0,0.0
2017-08-09 07:37:48.049000 5739.41 0.0,5.019234,3.996871,0.0,0.0,0.0
2017-08-09 07:38:10.239000 5761.6 0.0,5.021092,3.99657,0.0,0.0,0.0
2017-08-09 07:38:32.158000 5783.519 0.0,0.0,3.996795,0.0,0.0,0.0
2017-08-09 07:38:53.878000 5805.239 0.0,0.0,3.996496,0.0,0.0,0.0
2017-08-09 07:39:15.632000 5826.993 0.0,0.0,3.996795,0.0,0.0,0.0
2017-08-09 07:39:37.377000 5848.738 0.0,0.0,3.996946,0.0,0.0,0.0
2017-08-09 07:39:59.127000 5870.488 0.0,5.019234,3.996345,0.0,0.0,0.0
2017-08-09 07:40:21.144000 5892.505 0.0,5.02117,3.99627,0.0,0.0,0.0
2017-08-09 07:40:43.606000 5914.967 0.0,0.0,3.996345,0.0,0.0,0.0
2017-08-09 07:41:05.386000 5936.747 0.0,0.0,3.996645,0.0,0.0,0.0
2017-08-09 07:41:27.335000 5958.696 0.0,0.0,3.996645,0.0,0.0,0.0
2017-08-09 07:41:49.165000 5980.526 0.0,5.019002,3.99657,0.0,0.0,0.0
2017-08-09 07:42:11.337000 6002.698 0.0,0.0,3.996645,3.57024,0.0,0.0
2017-08-09 07:42:33.683000 6025.044 0.0,0.0,3.996871,3.57074,0.0,0.0
2017-08-09 07:42:55.933000 6047.294 0.0,0.0,3.99657,3.571491,0.0,0.0
2017-08-09 07:43:18.219000 6069.58 0.0,0.0,3.99642,3.57074,0.0,0.0
2017-08-09 07:43:41.059000 6092.42 0.0,0.0,3.996645,3.57074,0.0,0.0
2017-08-09 07:44:03.470000 6114.831 0.0,0.0,3.99657,3.57074,0.0,0.0
2017-08-09 07:44:25.860000 6137.221 0.0,0.0,3.996496,3.570907,0.0,0.0
2017-08-09 07:44:48.300000 6159.661 0.0,0.0,3.996645,3.570323,0.0,0.0
2017-08-09 07:45:10.894000 6182.255 0.0,0.0,3.996721,3.570823,0.0,0.0
2017-08-09 07:45:33.438000 6204.799 0.0,0.0,3.99657,3.57074,0.0,0.0
2017-08-09 07:45:55.998000 6227.359 0.0,0.0,3.99642,3.570573,0.0,0.0
2017-08-09 07:46:18.988000 6250.349 0.0,0.0,3.996871,3.570907,0.0,0.0
2017-08-09 07:46:41.508000 6272.869 0.0,0.0,3.996496,3.571074,0.0,0.0
2017-08-09 07:47:04.310000 6295.671 0.0,0.0,3.996721,3.571074,0.0,0.0
2017-08-09 07:47:27.078000 6318.439 0.0,0.0,3.99657,3.57074,0.0,0.0
2017-08-09 07:47:50.058000 6341.419 0.0,0.0,3.996946,3.57099,0.0,0.0
2017-08-09 07:48:12.774000 6364.135 0.0,0.0,3.99627,3.57024,0.0,0.0
2017-08-09 07:48:35.756000 6387.117 0.0,0.0,3.996195,3.570823,0.0,0.0
2017-08-09 07:48:59.097000 6410.458 0.0,0.0,3.99657,3.570907,0.0,0.0
2017-08-09 07:49:21.895000 6433.256 0.0,0.0,3.996795,3.571074,0.0,0.0
2017-08-09 07:49:44.787000 6456.148 0.0,0.0,3.996645,3.57074,0.0,0.0
2017-08-09 07:50:07.661000 6479.022 0.0,0.0,3.99627,3.570573,0.0,0.0
2017-08-09 07:50:30.523000 6501.884 0.0,0.0,3.99612,3.570157,0.0,0.0
2017-08-09 07:50:53.505000 6524.866 0.0,0.0,3.996721,3.570573,0.0,0.0
2017-08-09 07:51:16.978000 6548.339 0.0,0.0,3.996795,3.57049,0.0,0.0
2017-08-09 07:51:39.950000 6571.311 0.0,0.0,3.99642,3.570657,0.0,0.0
2017-08-09 07:52:03.142000 6594.503 0.0,0.0,3.995595,3.570407,0.0,0.0
2017-08-09 07:52:26.258000 6617.619 0.0,0.0,3.99612,3.570407,0.0,0.0
2017-08-09 07:52:49.340000 6640.701 0.0,0.0,3.99597,3.570157,0.0,0.0
2017-08-09 07:53:12.584000 6663.945 0.0,0.0,3.996871,3.571157,0.0,0.0
2017-08-09 07:53:35.886000 6687.247 0.0,0.0,3.996795,3.570657,0.0,0.0
2017-08-09 07:53:59.626000 6710.987 0.0,0.0,3.996496,3.57049,0.0,0.0
2017-08-09 07:54:22.990000 6734.351 0.0,0.0,3.996946,3.570907,0.0,0.0
2017-08-09 07:54:46.292000 6757.653 0.0,0.0,3.99642,3.571407,0.0,0.0
2017-08-09 07:55:09.601000 6780.962 0.0,0.0,3.996195,3.570657,0.0,0.0
2017-08-09 07:55:32.962000 6804.323 0.0,0.0,3.996795,3.57099,0.0,0.0
2017-08-09 07:55:56.372000 6827.733 0.0,0.0,3.996795,3.57099,0.0,0.0
2017-08-09 07:56:19.760000 6851.121 0.0,0.0,3.996871,3.57074,0.0,0.0
2017-08-09 07:56:43.780000 6875.141 0.0,0.0,3.997021,3.570823,0.0,0.0
2017-08-09 07:57:07.168000 6898.529 0.0,0.0,3.996795,3.57074,0.0,0.0
2017-08-09 07:57:30.679000 6922.04 0.0,0.0,3.996045,3.570157,0.0,0.0
2017-08-09 07:57:54.199000 6945.56 0.0,0.0,3.996195,3.57074,0.0,0.0
2017-08-09 07:58:17.733000 6969.094 0.0,0.0,3.996195,3.57074,0.0,0.0
2017-08-09 07:58:41.243000 6992.604 0.0,0.0,3.99582,3.570323,0.0,0.0
2017-08-09 07:59:05.308000 7016.669 0.0,0.0,3.99627,3.570573,0.0,0.0
2017-08-09 07:59:28.860000 7040.221 0.0,0.0,3.99657,3.57124,0.0,0.0
2017-08-09 07:59:52.620000 7063.981 0.0,0.0,3.99642,3.571074,0.0,0.0
2017-08-09 08:00:16.433000 7087.794 0.0,0.0,3.996946,3.571157,0.0,0.0
2017-08-09 08:00:40.173000 7111.534 0.0,0.0,3.996496,3.570323,0.0,0.0
2017-08-09 08:01:04.072000 7135.433 0.0,0.0,3.996496,3.570323,0.0,0.0
2017-08-09 08:01:27.952000 7159.313 0.0,0.0,3.997096,3.570573,0.0,0.0
2017-08-09 08:01:52.422000 7183.783 0.0,0.0,3.99642,3.570407,0.0,0.0
2017-08-09 08:02:16.459000 7207.82 0.0,0.0,3.996871,3.57074,1.495184,0.0
2017-08-09 08:02:40.659000 7232.02 0.0,0.0,3.99612,3.570157,1.495711,0.0
2017-08-09 08:03:04.917000 7256.278 0.0,0.0,3.99627,3.570573,1.494959,0.0
2017-08-09 08:03:29.147000 7280.508 0.0,0.0,3.99657,3.570573,1.494883,0.0
2017-08-09 08:03:48.148000 7299.509 0.0,0.0,3.99612,3.57024,1.494658,0.0
2017-08-09 08:04:07.576000 7318.937 0.0,0.0,3.99627,3.57024,1.495034,0.0
2017-08-09 08:04:26.606000 7337.967 0.0,0.0,3.99642,3.570907,1.495034,0.0
2017-08-09 08:04:45.441000 7356.802 0.0,0.0,3.996195,3.570157,1.49526,0.0
2017-08-09 08:05:04.299000 7375.66 0.0,0.0,3.99597,3.570323,1.495561,0.0
2017-08-09 08:05:23.189000 7394.55 0.0,0.0,3.996195,3.570407,1.495034,0.0
2017-08-09 08:05:42.491000 7413.852 0.0,0.0,3.99612,3.571074,1.495862,0.0
2017-08-09 08:06:01.869000 7433.23 0.0,0.0,3.996721,3.570823,1.495561,0.0
2017-08-09 08:06:20.739000 7452.1 0.0,0.0,3.99597,3.57049,1.494959,0.0
2017-08-09 08:06:39.650000 7471.011 0.0,0.0,3.996721,3.57049,1.49526,0.0
2017-08-09 08:06:58.658000 7490.019 0.0,0.0,3.99657,3.570907,1.495109,0.0
2017-08-09 08:07:17.569000 7508.93 0.0,0.0,3.99657,3.57099,1.49541,0.0
2017-08-09 08:07:37.011000 7528.372 0.0,0.0,3.99612,3.570323,1.495034,0.0
2017-08-09 08:07:56.102000 7547.463 0.0,0.0,3.996721,3.571324,1.495636,0.0
2017-08-09 08:08:15.184000 7566.545 0.0,0.0,3.99627,3.57049,1.495561,0.0
2017-08-09 08:08:34.185000 7585.546 0.0,0.0,3.996045,3.570657,1.494507,0.0
2017-08-09 08:08:53.287000 7604.648 0.0,0.0,3.996871,3.570907,1.49541,0.0
2017-08-09 08:09:12.363000 7623.724 0.0,0.0,3.996195,3.570323,1.494733,0.0
2017-08-09 08:09:31.875000 7643.236 0.0,0.0,3.99612,3.570407,1.49526,0.0
2017-08-09 08:09:50.905000 7662.266 0.0,0.0,3.99642,3.57049,1.494808,0.0
2017-08-09 08:10:10.021000 7681.382 0.0,0.0,3.996645,3.570573,1.495034,0.0
2017-08-09 08:10:29.082000 7700.443 0.0,0.0,3.99612,3.571074,1.495561,0.0
2017-08-09 08:10:48.162000 7719.523 0.0,0.0,3.99612,3.570073,1.495184,0.0
2017-08-09 08:11:07.805000 7739.166 0.0,0.0,3.99597,3.570407,1.49526,0.0
2017-08-09 08:11:26.936000 7758.297 0.0,0.0,3.996195,3.570157,1.494808,0.0
2017-08-09 08:11:46.056000 7777.417 0.0,0.0,3.99657,3.570573,1.495184,0.0
2017-08-09 08:12:05.200000 7796.561 0.0,0.0,3.99612,3.570073,1.495787,0.0
2017-08-09 08:12:24.342000 7815.703 0.0,0.0,3.99642,3.57074,1.494959,0.0
2017-08-09 08:12:43.512000 7834.873 0.0,0.0,3.996721,3.570823,1.495034,0.0
2017-08-09 08:13:03.247000 7854.608 0.0,0.0,3.99627,3.570573,1.495711,0.0
2017-08-09 08:13:22.439000 7873.8 0.0,0.0,3.99642,3.570823,1.49526,0.0
2017-08-09 08:13:41.659000 7893.02 0.0,0.0,3.996496,3.570573,1.494883,0.0
2017-08-09 08:14:00.897000 7912.258 0.0,0.0,3.996645,3.57074,1.495335,0.0
2017-08-09 08:14:20.119000 7931.48 0.0,0.0,3.99642,3.570573,1.495034,0.0
2017-08-09 08:14:39.969000 7951.33 0.0,0.0,3.996195,3.570657,1.495109,0.0
2017-08-09 08:14:59.205000 7970.566 0.0,0.0,3.995895,3.56999,1.495636,0.0
2017-08-09 08:15:18.457000 7989.818 0.0,0.0,3.99642,3.57074,1.495109,0.0
2017-08-09 08:15:37.717000 8009.078 0.0,0.0,3.99612,3.57024,1.495486,0.0
2017-08-09 08:15:57.071000 8028.432 0.0,0.0,3.996496,3.570657,1.494658,0.0
2017-08-09 08:16:16.853000 8048.214 0.0,0.0,3.99612,3.57024,1.494959,0.0
2017-08-09 08:16:36.133000 8067.494 0.0,0.0,3.99597,3.570407,1.495486,0.0
2017-08-09 08:16:55.511000 8086.872 0.0,0.0,3.995895,3.570407,1.495184,0.0
2017-08-09 08:17:14.853000 8106.214 0.0,0.0,3.996721,3.57124,1.494959,0.0
2017-08-09 08:17:34.243000 8125.604 0.0,0.0,3.99657,3.570823,1.49541,0.0
2017-08-09 08:17:53.747000 8145.108 0.0,0.0,3.996045,3.570323,1.494507,0.0
2017-08-09 08:18:13.669000 8165.03 0.0,0.0,3.99642,3.57074,1.494883,0.0
2017-08-09 08:18:33.059000 8184.42 0.0,0.0,3.996645,3.57074,1.49526,0.0
2017-08-09 08:19:09.198000 8220.559 0.0,0.0,3.996345,3.570573,1.494883,0.0
2017-08-09 08:19:28.628000 8239.989 0.0,0.0,3.996496,3.570657,1.494808,0.0
2017-08-09 08:19:48.061000 8259.422 0.0,0.0,3.996195,3.570573,1.495636,0.0
2017-08-09 08:20:08.086000 8279.447 0.0,0.0,3.996195,3.57074,1.494883,0.0
2017-08-09 08:20:27.536000 8298.897 0.0,0.0,3.99657,3.57099,1.495335,0.0
2017-08-09 08:20:47.048000 8318.409 0.0,0.0,3.99582,3.57074,1.494959,0.0
2017-08-09 08:21:06.602000 8337.963 0.0,0.0,3.996195,3.570907,1.495109,0.0
2017-08-09 08:21:26.102000 8357.463 0.0,0.0,3.99612,3.57099,1.495636,0.0
2017-08-09 08:21:46.144000 8377.505 0.0,0.0,3.99657,3.571074,1.495034,0.0
2017-08-09 08:22:05.702000 8397.063 0.0,0.0,3.99612,3.570907,1.495787,0.0
2017-08-09 08:22:25.252000 8416.613 0.0,0.0,3.996345,3.570657,1.494959,0.0
2017-08-09 08:22:44.933000 8436.294 0.0,0.0,3.99612,3.570573,1.495034,0.0
2017-08-09 08:23:04.468000 8455.829 0.0,0.0,3.996645,3.571157,1.494808,0.0
2017-08-09 08:23:24.608000 8475.969 0.0,0.0,3.99642,3.57074,1.494959,0.0
2017-08-09 08:23:44.203000 8495.564 0.0,0.0,3.99657,3.570907,1.495109,0.0
2017-08-09 08:24:03.840000 8515.201 0.0,0.0,3.996795,3.570657,1.494959,0.0
2017-08-09 08:24:23.470000 8534.831 0.0,0.0,3.996195,3.571074,1.49526,0.0
2017-08-09 08:24:43.172000 8554.533 0.0,0.0,3.99627,3.570407,1.49526,0.0
2017-08-09 08:25:03.399000 8574.76 0.0,0.0,3.99552,3.569906,1.494582,0.0
2017-08-09 08:25:23.069000 8594.43 0.0,0.0,3.996345,3.569906,1.49526,0.0
2017-08-09 08:25:42.790000 8614.151 0.0,0.0,3.995745,3.570157,1.494883,0.0
2017-08-09 08:26:02.494000 8633.855 0.0,0.0,3.996045,3.570157,1.49541,0.0
2017-08-09 08:26:22.734000 8654.095 0.0,0.0,3.99627,3.570907,1.495711,0.0
2017-08-09 08:26:42.526000 8673.887 0.0,0.0,3.99627,3.57049,1.495184,0.0
2017-08-09 08:27:02.284000 8693.645 0.0,0.0,3.996645,3.571074,1.495184,0.0
2017-08-09 08:27:22.066000 8713.427 0.0,0.0,3.996195,3.57074,1.495335,0.0
2017-08-09 08:27:41.876000 8733.237 0.0,0.0,3.99627,3.570907,1.495109,0.0
2017-08-09 08:28:02.340000 8753.701 0.0,0.0,3.99597,3.570573,1.495335,0.0
2017-08-09 08:28:22.112000 8773.473 0.0,0.0,3.99612,3.570573,1.49526,0.0
2017-08-09 08:28:41.962000 8793.323 0.0,0.0,3.99597,3.57074,1.495034,0.0
2017-08-09 08:29:01.756000 8813.117 0.0,0.0,3.996645,3.57099,1.494959,0.0
2017-08-09 08:29:21.618000 8832.979 0.0,0.0,3.99657,3.570573,1.495711,0.0
2017-08-09 08:29:42.078000 8853.439 0.0,0.0,3.99627,3.57074,1.495561,0.0
2017-08-09 08:30:01.955000 8873.316 0.0,0.0,3.996345,3.57074,1.495184,0.0
2017-08-09 08:30:21.817000 8893.178 0.0,0.0,3.996195,3.570407,1.495711,0.0
2017-08-09 08:30:41.707000 8913.068 0.0,0.0,3.996496,3.570573,1.495034,0.0
2017-08-09 08:31:01.586000 8932.947 0.0,0.0,3.996496,3.570323,1.495034,0.0
2017-08-09 08:31:22.098000 8953.459 0.0,0.0,3.996345,3.570907,1.495711,0.0
2017-08-09 08:31:42.038000 8973.399 0.0,0.0,3.996871,3.571407,1.495109,0.0
2017-08-09 08:32:01.986000 8993.347 0.0,0.0,3.99612,3.570073,1.495109,0.0
2017-08-09 08:32:21.957000 9013.318 0.0,0.0,3.996045,3.57024,1.495561,0.0
2017-08-09 08:32:41.907000 9033.268 0.0,0.0,3.996496,3.57049,1.49541,0.0
2017-08-09 08:33:02.481000 9053.842 0.0,0.0,3.99657,3.57024,1.495034,0.0
2017-08-09 08:33:22.461000 9073.822 0.0,0.0,3.996195,3.56999,1.494658,0.0
2017-08-09 08:33:42.461000 9093.822 0.0,0.0,3.996195,3.57049,1.495335,0.0
2017-08-09 08:34:02.417000 9113.778 0.0,0.0,3.99612,3.569906,1.495561,0.0
2017-08-09 08:34:23.007000 9134.368 0.0,0.0,3.996195,3.570073,1.495109,0.0
2017-08-09 08:34:43.047000 9154.408 0.0,0.0,3.996645,3.571157,1.49541,0.0
2017-08-09 08:35:03.076000 9174.437 0.0,0.0,3.99657,3.570657,1.494507,0.0
2017-08-09 08:35:23.076000 9194.437 0.0,0.0,3.99597,3.569906,1.495109,0.0
2017-08-09 08:35:43.096000 9214.457 0.0,0.0,3.99612,3.570907,1.494959,0.0
2017-08-09 08:36:03.779000 9235.14 0.0,0.0,3.996195,3.57049,1.494357,0.0
2017-08-09 08:36:23.869000 9255.23 0.0,0.0,3.99597,3.570157,1.495184,0.0
2017-08-09 08:36:43.969000 9275.33 0.0,0.0,3.996645,3.57099,1.494658,0.0
2017-08-09 08:37:04.066000 9295.427 0.0,0.0,3.99627,3.57074,1.495109,0.0
2017-08-09 08:37:24.156000 9315.517 0.0,0.0,3.99612,3.570323,1.494959,0.0
2017-08-09 08:37:44.856000 9336.217 0.0,0.0,3.996496,3.571074,1.495787,0.0
2017-08-09 08:38:04.941000 9356.302 0.0,0.0,3.99657,3.570073,1.494733,0.0
2017-08-09 08:38:25.101000 9376.462 0.0,0.0,3.996496,3.57074,1.495109,0.0
2017-08-09 08:38:45.275000 9396.636 0.0,0.0,3.99642,3.57024,1.494582,0.0
2017-08-09 08:39:06.021000 9417.382 0.0,0.0,3.99627,3.570073,1.495561,0.0
2017-08-09 08:39:26.191000 9437.552 0.0,0.0,3.996045,3.570157,1.494959,0.0
2017-08-09 08:39:46.384000 9457.745 0.0,0.0,3.99612,3.569823,1.49541,0.0
2017-08-09 08:40:06.559000 9477.92 0.0,0.0,3.99567,3.569906,1.495184,0.0
2017-08-09 08:40:26.769000 9498.13 0.0,0.0,3.996045,3.570407,1.494733,0.0
2017-08-09 08:40:47.583000 9518.944 0.0,0.0,3.99642,3.57024,1.495335,0.0
2017-08-09 08:41:07.765000 9539.126 0.0,0.0,3.996345,3.570157,1.494959,0.0
2017-08-09 08:41:27.995000 9559.356 0.0,0.0,3.99627,3.57024,1.495109,0.0
2017-08-09 08:41:48.241000 9579.602 0.0,0.0,3.99627,3.569906,1.495561,0.0
2017-08-09 08:42:09.105000 9600.466 0.0,0.0,3.99627,3.56974,1.495486,0.0
2017-08-09 08:42:29.366000 9620.727 0.0,0.0,3.996195,3.57049,1.494808,0.0
2017-08-09 08:42:49.910000 9641.271 0.0,0.0,3.996721,3.569906,1.495034,0.0
2017-08-09 08:43:10.257000 9661.618 0.0,0.0,3.99597,3.569906,1.49541,0.0
2017-08-09 08:43:31.178000 9682.539 0.0,0.0,3.99612,3.56974,1.49541,0.0
2017-08-09 08:43:51.464000 9702.825 0.0,0.0,3.996345,3.570073,1.494959,0.0
2017-08-09 08:44:11.894000 9723.255 0.0,0.0,3.996496,3.57024,1.49526,0.0
2017-08-09 08:44:32.255000 9743.616 0.0,0.0,3.99552,3.570573,1.49526,0.0
2017-08-09 08:44:52.663000 9764.024 0.0,0.0,3.996345,3.57024,1.49541,0.0
2017-08-09 08:45:13.673000 9785.034 0.0,0.0,3.99657,3.569906,1.494281,0.0
2017-08-09 08:45:34.055000 9805.416 0.0,0.0,3.996195,3.57099,1.495561,0.0
2017-08-09 08:45:54.483000 9825.844 0.0,0.0,3.996496,3.570657,1.495561,0.0
2017-08-09 08:46:14.873000 9846.234 0.0,0.0,3.996195,3.57024,1.495711,0.0
2017-08-09 08:46:36.044000 9867.405 0.0,0.0,3.99612,3.569906,1.495636,0.0
2017-08-09 08:46:56.662000 9888.023 0.0,0.0,3.996345,3.570157,1.494658,0.0
2017-08-09 08:47:17.142000 9908.503 0.0,0.0,3.99612,3.569573,1.494507,0.0
2017-08-09 08:47:37.694000 9929.055 0.0,0.0,3.99612,3.569906,1.494733,0.0
2017-08-09 08:47:58.928000 9950.289 0.0,0.0,3.99612,3.570407,1.496013,0.0
2017-08-09 08:48:19.370000 9970.731 0.0,0.0,3.996496,3.570407,1.494959,0.0
2017-08-09 08:48:39.970000 9991.331 0.0,0.0,3.99642,3.570407,1.49526,0.0
2017-08-09 08:49:00.514000 10011.875 0.0,0.0,3.99612,3.569573,1.495636,0.0
2017-08-09 08:49:21.625000 10032.986 0.0,0.0,3.99612,3.570073,1.495184,0.0
2017-08-09 08:49:42.105000 10053.466 0.0,0.0,3.99642,3.57024,1.495486,0.0
2017-08-09 08:50:02.713000 10074.074 0.0,0.0,3.99642,3.570073,1.494959,0.0
2017-08-09 08:50:23.215000 10094.576 0.0,0.0,3.99597,3.56974,1.494658,0.0
2017-08-09 08:50:44.365000 10115.726 0.0,0.0,3.99627,3.570073,1.494808,0.0
2017-08-09 08:51:04.973000 10136.334 0.0,0.0,3.996345,3.570073,1.495034,0.0
2017-08-09 08:51:25.704000 10157.065 0.0,0.0,3.996496,3.570323,1.495109,0.0
2017-08-09 08:51:46.324000 10177.685 0.0,0.0,3.996195,3.570657,1.495109,0.0
2017-08-09 08:52:07.585000 10198.946 0.0,0.0,3.99612,3.570073,1.49526,0.0
2017-08-09 08:52:28.215000 10219.576 0.0,0.0,3.99642,3.57074,1.494959,0.0
2017-08-09 08:52:48.887000 10240.248 0.0,0.0,3.996345,3.570073,1.49541,0.0
2017-08-09 08:53:09.541000 10260.902 0.0,0.0,3.99612,3.570073,1.495184,0.0
2017-08-09 08:53:30.812000 10282.173 0.0,0.0,3.996045,3.570323,1.495184,0.0
2017-08-09 08:53:51.465000 10302.826 0.0,0.0,3.99567,3.569906,1.494959,0.0
2017-08-09 08:54:12.206000 10323.567 0.0,0.0,3.99612,3.570323,1.494883,0.0
2017-08-09 08:54:32.826000 10344.187 0.0,0.0,3.996045,3.569573,1.495109,0.0
2017-08-09 08:54:54.203000 10365.564 0.0,0.0,3.99657,3.570073,1.494883,0.0
2017-08-09 08:55:15.075000 10386.436 0.0,0.0,3.99612,3.56974,1.495109,0.0
2017-08-09 08:55:35.865000 10407.226 0.0,0.0,3.99657,3.57074,1.494808,0.0
2017-08-09 08:55:56.604000 10427.965 0.0,0.0,3.996496,3.570157,1.495109,0.0
2017-08-09 08:56:17.934000 10449.295 0.0,0.0,3.99597,3.56974,1.495787,0.0
2017-08-09 08:56:38.814000 10470.175 0.0,0.0,3.996345,3.570323,1.494507,0.0
2017-08-09 08:56:59.553000 10490.914 0.0,0.0,3.996045,3.57024,1.494883,0.0
2017-08-09 08:57:20.393000 10511.754 0.0,0.0,3.996045,3.570323,1.49526,0.0
2017-08-09 08:57:41.803000 10533.164 0.0,0.0,3.99657,3.569823,1.495636,0.0
2017-08-09 08:58:02.650000 10554.011 0.0,0.0,3.996195,3.570157,1.494959,0.0
2017-08-09 08:58:23.400000 10574.761 0.0,0.0,3.99582,3.569906,1.495561,0.0
2017-08-09 08:58:44.191000 10595.552 0.0,0.0,3.996721,3.570573,1.495711,0.0
2017-08-09 08:59:05.576000 10616.937 0.0,0.0,3.996496,3.570073,1.49526,0.0
2017-08-09 08:59:26.376000 10637.737 0.0,0.0,3.995745,3.569906,1.495335,0.0
2017-08-09 08:59:47.178000 10658.539 0.0,0.0,3.99597,3.56974,1.49541,0.0
2017-08-09 09:00:07.925000 10679.286 0.0,0.0,3.996195,3.56999,1.494959,0.0
2017-08-09 09:00:29.426000 10700.787 0.0,0.0,3.996645,3.57074,1.495034,0.0
2017-08-09 09:00:50.316000 10721.677 0.0,0.0,3.996345,3.570073,1.494959,0.0
2017-08-09 09:01:11.188000 10742.549 0.0,0.0,3.99612,3.570073,1.494808,0.0
2017-08-09 09:01:32.068000 10763.429 0.0,0.0,3.996045,3.569906,1.494959,0.0
2017-08-09 09:01:53.690000 10785.051 0.0,0.0,3.996496,3.569823,1.495184,0.0
2017-08-09 09:02:14.521000 10805.882 0.0,0.0,3.996721,3.570073,0.0,0.0
2017-08-09 09:02:35.273000 10826.634 0.0,0.0,3.996645,3.570657,0.0,0.0
2017-08-09 09:02:55.959000 10847.32 0.0,0.0,3.99657,3.57074,0.0,0.0
2017-08-09 09:03:17.299000 10868.66 0.0,0.0,3.996496,3.570157,0.0,0.0
2017-08-09 09:03:38.050000 10889.411 0.0,0.0,3.99582,3.569823,0.0,0.0
2017-08-09 09:03:58.838000 10910.199 0.0,0.0,3.995895,3.569657,0.0,0.0
2017-08-09 09:04:20.248000 10931.609 0.0,0.0,3.99642,3.570157,0.0,0.0
2017-08-09 09:04:41.100000 10952.461 0.0,0.0,3.99627,3.56974,0.0,0.0
2017-08-09 09:05:01.886000 10973.247 0.0,0.0,3.99627,3.57024,1.744274,0.0
2017-08-09 09:05:22.867000 10994.228 0.0,0.0,3.996721,3.570157,1.74465,0.0
2017-08-09 09:05:44.738000 11016.099 0.0,0.0,3.99657,3.569906,1.745102,0.0
2017-08-09 09:06:06.003000 11037.364 0.0,0.0,3.996496,3.570323,1.744725,0.0
2017-08-09 09:06:27.294000 11058.655 0.0,0.0,3.99612,3.569573,1.744274,0.0
2017-08-09 09:06:48.424000 11079.785 0.0,0.0,3.996721,3.570407,1.744424,0.0
2017-08-09 09:07:10.172000 11101.533 0.0,0.0,3.996871,3.56999,1.744349,0.0
2017-08-09 09:07:31.233000 11122.594 0.0,0.0,3.996045,3.570407,1.744424,0.0
2017-08-09 09:07:52.334000 11143.695 0.0,0.0,3.99657,3.570407,1.744274,0.0
2017-08-09 09:08:13.468000 11164.829 0.0,0.0,3.99597,3.569657,1.744123,0.0
2017-08-09 09:08:40.811000 11192.172 0.0,0.0,3.996345,3.56974,1.744424,0.0
2017-08-09 09:09:01.519000 11212.88 0.0,0.0,3.995895,3.56974,1.745177,0.0
2017-08-09 09:09:28.932000 11240.293 0.0,0.0,3.99627,3.570657,1.7445,0.0
2017-08-09 09:09:50.652000 11262.013 0.0,0.0,3.99627,3.570407,1.74465,0.0
2017-08-09 09:10:11.847000 11283.208 0.0,0.0,3.996721,3.57024,1.744424,0.0
2017-08-09 09:10:33.058000 11304.419 0.0,0.0,3.996045,3.570157,1.744801,0.0
2017-08-09 09:10:54.929000 11326.29 0.0,0.0,3.996946,3.570323,1.743822,0.0
2017-08-09 09:11:16.313000 11347.674 0.0,0.0,3.99567,3.570157,1.7445,0.0
2017-08-09 09:11:37.613000 11368.974 0.0,0.0,3.99627,3.570407,1.744349,0.0
2017-08-09 09:11:59.031000 11390.392 0.0,0.0,3.996195,3.570157,1.74465,0.0
2017-08-09 09:12:20.992000 11412.353 0.0,0.0,3.99627,3.569657,1.744274,0.0
2017-08-09 09:12:42.282000 11433.643 0.0,0.0,3.996496,3.570657,1.744123,0.0
2017-08-09 09:13:03.606000 11454.967 0.0,0.0,3.99597,3.57024,1.745102,0.0
2017-08-09 09:13:25.527000 11476.888 0.0,0.0,3.99612,3.56974,1.744274,0.0
2017-08-09 09:13:46.827000 11498.188 0.0,0.0,3.996195,3.57024,1.744725,0.0
2017-08-09 09:14:08.186000 11519.547 0.0,0.0,3.99642,3.570407,1.744048,0.0
2017-08-09 09:14:29.556000 11540.917 0.0,0.0,3.99627,3.57074,1.744801,0.0
2017-08-09 09:14:51.646000 11563.007 0.0,0.0,3.996345,3.570073,1.744123,0.0
2017-08-09 09:15:13.002000 11584.363 0.0,0.0,3.996045,3.570573,1.744424,0.0
2017-08-09 09:15:34.502000 11605.863 0.0,0.0,3.996871,3.571074,1.744274,0.0
2017-08-09 09:15:56.022000 11627.383 0.0,0.0,3.99627,3.570073,1.744725,0.0
2017-08-09 09:16:18.180000 11649.541 0.0,0.0,3.996195,3.570073,1.744801,0.0
2017-08-09 09:16:39.670000 11671.031 0.0,0.0,3.996795,3.570323,1.744575,0.0
2017-08-09 09:17:01.188000 11692.549 0.0,0.0,3.99642,3.570407,1.744725,0.0
2017-08-09 09:17:23.329000 11714.69 0.0,0.0,3.996645,3.56949,1.744575,0.0
2017-08-09 09:17:44.729000 11736.09 0.0,0.0,3.99642,3.569906,1.7445,0.0
2017-08-09 09:18:06.119000 11757.48 0.0,0.0,3.996645,3.56999,1.744123,0.0
2017-08-09 09:18:27.549000 11778.91 0.0,0.0,3.99597,3.569906,1.7445,0.0
2017-08-09 09:18:49.809000 11801.17 0.0,0.0,3.99627,3.57024,1.743521,0.0
2017-08-09 09:19:11.399000 11822.76 0.0,0.0,3.996871,3.57024,1.744199,0.0
2017-08-09 09:19:32.834000 11844.195 0.0,0.0,3.99657,3.57024,1.744424,0.0
2017-08-09 09:19:54.986000 11866.347 0.0,0.0,3.996195,3.569407,1.744199,0.0
2017-08-09 09:20:16.484000 11887.845 0.0,0.0,3.997021,3.570657,1.744048,0.0
2017-08-09 09:20:37.924000 11909.285 0.0,0.0,3.99612,3.570073,1.744575,0.0
2017-08-09 09:20:59.256000 11930.617 0.0,0.0,3.99612,3.570073,1.744349,0.0
2017-08-09 09:21:21.404000 11952.765 0.0,0.0,3.99597,3.57049,1.744725,0.0
2017-08-09 09:21:42.794000 11974.155 0.0,0.0,3.99627,3.570073,1.744801,0.0
2017-08-09 09:22:04.411000 11995.772 0.0,0.0,3.996345,3.570157,1.744876,0.0
2017-08-09 09:22:26.723000 12018.084 0.0,0.0,3.99657,3.569906,1.744274,0.0
2017-08-09 09:22:48.375000 12039.736 0.0,0.0,3.99657,3.570157,1.743897,0.0
2017-08-09 09:23:09.873000 12061.234 0.0,0.0,3.996345,3.57024,1.744424,0.0
2017-08-09 09:23:31.443000 12082.804 0.0,0.0,3.996496,3.570323,1.744349,0.0
2017-08-09 09:23:58.035000 12109.396 0.0,0.0,3.996496,3.569823,1.743822,0.0
2017-08-09 09:24:19.672000 12131.033 0.0,0.0,3.99657,3.570407,1.744274,0.0
2017-08-09 09:24:41.153000 12152.514 0.0,0.0,3.996795,3.569823,1.744274,0.0
2017-08-09 09:25:03.441000 12174.802 0.0,0.0,3.996496,3.569323,1.7445,0.0
2017-08-09 09:25:24.946000 12196.307 0.0,0.0,3.996871,3.570073,1.744274,0.0
2017-08-09 09:25:46.547000 12217.908 0.0,0.0,3.996795,3.570157,1.743897,0.0
2017-08-09 09:26:08.915000 12240.276 0.0,0.0,3.997021,3.570407,1.744349,0.0
2017-08-09 09:26:30.425000 12261.786 0.0,0.0,3.99612,3.570407,1.744048,0.0
2017-08-09 09:26:52.006000 12283.367 0.0,0.0,3.99627,3.569906,1.744123,0.0
2017-08-09 09:27:13.630000 12304.991 0.0,0.0,3.996496,3.570407,1.744274,0.0
2017-08-09 09:27:35.981000 12327.342 0.0,0.0,3.996795,3.57099,1.744274,0.0
2017-08-09 09:27:57.541000 12348.902 0.0,0.0,3.99627,3.570073,1.744575,0.0
2017-08-09 09:28:19.182000 12370.543 0.0,0.0,3.99612,3.569906,1.743822,0.0
2017-08-09 09:28:41.653000 12393.014 0.0,0.0,3.997021,3.569906,1.744801,0.0
2017-08-09 09:29:03.234000 12414.595 0.0,0.0,3.996871,3.570407,1.7445,0.0
2017-08-09 09:29:24.901000 12436.262 0.0,0.0,3.99657,3.570073,1.744575,0.0
2017-08-09 09:29:47.262000 12458.623 0.0,0.0,3.996721,3.570073,1.744123,0.0
2017-08-09 09:30:08.886000 12480.247 0.0,0.0,3.99627,3.57024,1.744274,0.0
2017-08-09 09:30:30.652000 12502.013 0.0,0.0,3.996871,3.570323,1.744876,0.0
2017-08-09 09:30:52.292000 12523.653 0.0,0.0,3.996645,3.570073,1.744274,0.0
2017-08-09 09:31:14.700000 12546.061 0.0,0.0,3.996795,3.570407,1.744424,0.0
2017-08-09 09:31:36.411000 12567.772 0.0,0.0,3.996345,3.570407,1.743897,0.0
2017-08-09 09:31:58.091000 12589.452 0.0,0.0,3.99582,3.570407,1.744199,0.0
2017-08-09 09:32:20.641000 12612.002 0.0,0.0,3.996496,3.570157,1.744123,0.0
2017-08-09 09:32:42.501000 12633.862 0.0,0.0,3.996721,3.57024,1.744349,0.0
2017-08-09 09:33:04.201000 12655.562 0.0,0.0,3.996496,3.570323,1.744274,0.0
2017-08-09 09:33:26.831000 12678.192 0.0,0.0,3.996645,3.56974,1.744575,0.0
2017-08-09 09:33:48.681000 12700.042 0.0,0.0,3.996496,3.569823,1.744424,0.0
2017-08-09 09:34:10.512000 12721.873 0.0,0.0,3.996795,3.570657,1.745027,0.0
2017-08-09 09:34:32.999000 12744.36 0.0,0.0,3.99642,3.570073,1.744876,0.0
2017-08-09 09:34:54.849000 12766.21 0.0,0.0,3.996345,3.570573,1.7445,0.0
2017-08-09 09:35:16.634000 12787.995 0.0,0.0,3.99642,3.569823,1.744424,0.0
2017-08-09 09:35:39.304000 12810.665 0.0,0.0,3.996195,3.570157,1.744424,0.0
2017-08-09 09:36:01.068000 12832.429 0.0,0.0,3.996195,3.570157,1.744801,0.0
2017-08-09 09:36:23.025000 12854.386 0.0,0.0,3.996721,3.570573,1.744199,0.0
2017-08-09 09:36:44.785000 12876.146 0.0,0.0,3.99642,3.57024,1.744274,0.0
2017-08-09 09:37:07.495000 12898.856 0.0,0.0,3.99657,3.570573,1.744876,0.0
2017-08-09 09:37:29.530000 12920.891 0.0,0.0,3.99642,3.570657,1.744349,0.0
2017-08-09 09:37:51.410000 12942.771 0.0,0.0,3.99657,3.570407,1.744424,0.0
2017-08-09 09:38:14.204000 12965.565 0.0,0.0,3.996195,3.570657,1.744349,0.0
2017-08-09 09:38:36.260000 12987.621 0.0,0.0,3.996721,3.57074,1.744424,0.0
2017-08-09 09:38:58.370000 13009.731 0.0,0.0,3.99612,3.57024,1.744123,0.0
2017-08-09 09:39:21.255000 13032.616 0.0,0.0,3.995895,3.57049,1.744274,0.0
2017-08-09 09:39:43.545000 13054.906 0.0,0.0,3.996645,3.57074,1.744048,0.0
2017-08-09 09:40:05.646000 13077.007 0.0,0.0,3.996645,3.57024,1.744048,0.0
2017-08-09 09:40:28.534000 13099.895 0.0,0.0,3.99627,3.570573,1.744424,0.0
2017-08-09 09:40:50.525000 13121.886 0.0,0.0,3.996721,3.570573,1.744575,0.0
2017-08-09 09:41:12.656000 13144.017 0.0,0.0,3.996946,3.571324,1.743822,0.0
2017-08-09 09:41:35.590000 13166.951 0.0,0.0,3.99612,3.570157,1.7445,0.0
2017-08-09 09:41:57.800000 13189.161 0.0,0.0,3.99642,3.570907,1.744725,0.0
2017-08-09 09:42:19.835000 13211.196 0.0,0.0,3.99627,3.57049,1.743747,0.0
2017-08-09 09:42:42.709000 13234.07 0.0,0.0,3.996721,3.57124,1.7445,0.0
2017-08-09 09:43:04.881000 13256.242 0.0,0.0,3.996721,3.571074,1.744199,0.0
2017-08-09 09:43:27.129000 13278.49 0.0,0.0,3.996645,3.57099,1.744876,0.0
2017-08-09 09:43:49.159000 13300.52 0.0,0.0,3.99642,3.57074,1.7445,0.0
2017-08-09 09:44:12.020000 13323.381 0.0,0.0,3.99627,3.57049,1.744951,0.0
2017-08-09 09:44:34.268000 13345.629 0.0,0.0,3.996871,3.570907,1.744725,0.0
2017-08-09 09:44:56.490000 13367.851 0.0,0.0,3.99657,3.57074,1.744274,0.0
2017-08-09 09:45:19.700000 13391.061 0.0,0.0,3.996345,3.570573,1.744725,0.0
2017-08-09 09:45:41.948000 13413.309 0.0,0.0,3.99612,3.57024,1.744274,0.0
2017-08-09 09:46:04.089000 13435.45 0.0,0.0,3.99657,3.57074,1.744575,0.0
2017-08-09 09:46:27.107000 13458.468 0.0,0.0,3.99627,3.56974,1.744274,0.0
2017-08-09 09:46:49.317000 13480.678 0.0,0.0,3.996345,3.570573,1.743973,0.0
2017-08-09 09:47:11.569000 13502.93 0.0,0.0,3.996871,3.570073,1.744876,0.0
2017-08-09 09:47:34.477000 13525.838 0.0,0.0,3.996721,3.57074,1.743747,0.0
2017-08-09 09:47:56.899000 13548.26 0.0,0.0,3.996195,3.56999,1.744801,0.0
2017-08-09 09:48:19.179000 13570.54 0.0,0.0,3.99642,3.57074,1.744801,0.0
2017-08-09 09:48:42.146000 13593.507 0.0,0.0,3.996871,3.570407,1.745177,0.0
2017-08-09 09:49:04.317000 13615.678 0.0,0.0,3.996345,3.570407,1.744349,0.0
2017-08-09 09:49:26.619000 13637.98 0.0,0.0,3.99642,3.570823,1.744575,0.0
2017-08-09 09:49:49.592000 13660.953 0.0,0.0,3.996721,3.57124,1.744575,0.0
2017-08-09 09:50:12.052000 13683.413 0.0,0.0,3.99642,3.569906,1.7445,0.0
2017-08-09 09:50:34.200000 13705.561 0.0,0.0,3.996645,3.570407,1.745102,0.0
2017-08-09 09:50:57.301000 13728.662 0.0,0.0,3.99597,3.570407,1.7445,0.0
2017-08-09 09:51:19.841000 13751.202 0.0,0.0,3.99642,3.57049,1.744575,0.0
2017-08-09 09:51:42.386000 13773.747 0.0,0.0,3.996795,3.57049,1.744575,0.0
2017-08-09 09:52:05.676000 13797.037 0.0,0.0,3.996195,3.570073,1.744274,0.0
2017-08-09 09:52:27.929000 13819.29 0.0,0.0,3.99627,3.570407,1.744424,0.0
2017-08-09 09:52:50.387000 13841.748 0.0,0.0,3.99642,3.570407,1.744424,0.0
2017-08-09 09:53:13.527000 13864.888 0.0,0.0,3.996871,3.570573,1.744876,0.0
2017-08-09 09:53:36.045000 13887.406 0.0,0.0,3.996045,3.569906,1.7445,0.0
2017-08-09 09:53:58.486000 13909.847 0.0,0.0,3.996195,3.570407,1.744424,0.0
2017-08-09 09:54:21.806000 13933.167 0.0,0.0,3.996645,3.569823,1.743672,0.0
2017-08-09 09:54:44.071000 13955.432 0.0,0.0,3.996721,3.570573,1.744349,0.0
2017-08-09 09:55:06.451000 13977.812 0.0,0.0,3.996195,3.56999,1.744424,0.0
2017-08-09 09:55:29.661000 14001.022 0.0,0.0,3.996871,3.570407,1.744274,0.0
2017-08-09 09:55:52.248000 14023.609 0.0,0.0,3.996345,3.569906,1.744199,0.0
2017-08-09 09:56:14.748000 14046.109 0.0,0.0,3.997021,3.570407,1.744424,0.0
2017-08-09 09:56:37.947000 14069.308 0.0,0.0,3.996045,3.56974,1.744123,0.0
2017-08-09 09:57:00.527000 14091.888 0.0,0.0,3.99642,3.569906,1.744424,0.0
2017-08-09 09:57:22.847000 14114.208 0.0,0.0,3.99657,3.570073,1.744123,0.0
2017-08-09 09:57:46.067000 14137.428 0.0,0.0,3.995595,3.56974,1.743822,0.0
2017-08-09 09:58:08.447000 14159.808 0.0,0.0,3.99627,3.570073,1.745177,0.0
2017-08-09 09:58:30.708000 14182.069 0.0,0.0,3.996496,3.570073,1.744424,0.0
2017-08-09 09:58:53.916000 14205.277 0.0,0.0,3.99657,3.57024,1.744349,0.0
2017-08-09 09:59:16.296000 14227.657 0.0,0.0,3.996496,3.570657,1.744424,0.0
2017-08-09 09:59:38.752000 14250.113 0.0,0.0,3.99657,3.570573,1.74465,0.0
2017-08-09 10:00:01.973000 14273.334 0.0,0.0,3.997096,3.569906,1.745478,0.0
2017-08-09 10:00:24.653000 14296.014 0.0,0.0,3.99627,3.56974,1.743973,0.0
2017-08-09 10:00:47.093000 14318.454 0.0,0.0,3.99627,3.57074,1.744951,0.0
2017-08-09 10:01:10.353000 14341.714 0.0,0.0,3.99657,3.57049,1.744424,0.0
2017-08-09 10:01:32.935000 14364.296 0.0,0.0,3.99657,3.570073,1.744575,0.0
2017-08-09 10:01:55.403000 14386.764 0.0,0.0,3.99657,3.570073,1.744876,0.0
2017-08-09 10:02:18.663000 14410.024 0.0,0.0,3.99642,3.570073,1.744424,0.0
2017-08-09 10:02:41.166000 14432.527 0.0,0.0,3.99627,3.570407,1.744349,0.0
2017-08-09 10:03:04.672000 14456.033 0.0,0.0,3.99642,3.570073,1.744274,0.0
2017-08-09 10:03:27.313000 14478.674 0.0,0.0,3.996946,3.570323,1.744274,0.0
2017-08-09 10:03:50.096000 14501.457 0.0,0.0,3.996496,3.570073,1.744349,0.0
2017-08-09 10:04:13.697000 14525.058 0.0,0.0,3.996345,3.570407,1.744424,0.0
2017-08-09 10:04:36.208000 14547.569 0.0,0.0,3.996345,3.569906,1.744424,0.0
2017-08-09 10:04:59.106000 14570.467 0.0,0.0,3.996946,3.570907,1.7445,0.0
2017-08-09 10:05:22.617000 14593.978 0.0,0.0,3.996871,3.57074,1.744274,0.0
2017-08-09 10:05:45.359000 14616.72 0.0,0.0,3.99657,3.57049,1.744199,0.0
2017-08-09 10:06:08.211000 14639.572 0.0,0.0,3.99597,3.570407,1.744876,0.0
2017-08-09 10:06:31.752000 14663.113 0.0,0.0,3.99612,3.57049,1.743672,0.0
2017-08-09 10:06:54.820000 14686.181 0.0,0.0,3.996496,3.57049,1.744575,0.0
2017-08-09 10:07:17.442000 14708.803 0.0,0.0,3.996871,3.570823,1.743672,0.0
2017-08-09 10:07:40.852000 14732.213 0.0,0.0,3.996871,3.570407,1.744725,0.0
2017-08-09 10:08:03.590000 14754.951 0.0,0.0,3.996345,3.570573,1.743973,0.0
2017-08-09 10:08:26.381000 14777.742 0.0,0.0,3.99627,3.570407,1.743822,0.0
2017-08-09 10:08:49.875000 14801.236 0.0,0.0,3.996946,3.570323,1.744123,0.0
2017-08-09 10:09:12.531000 14823.892 0.0,0.0,3.996795,3.57074,1.744424,0.0
2017-08-09 10:09:35.151000 14846.512 0.0,0.0,3.99657,3.57049,1.744274,0.0
2017-08-09 10:09:58.929000 14870.29 0.0,0.0,3.99642,3.57074,1.744876,0.0
2017-08-09 10:10:28.008000 14899.369 0.0,0.0,3.99597,3.570573,1.744725,0.0
2017-08-09 10:10:51.270000 14922.631 0.0,0.0,3.996721,3.570907,1.744274,0.0
2017-08-09 10:11:13.717000 14945.078 0.0,0.0,3.996721,3.570907,1.743596,0.0
2017-08-09 10:11:36.127000 14967.488 0.0,0.0,3.996721,3.570573,1.744424,0.0
2017-08-09 10:11:59.421000 14990.782 0.0,0.0,3.99642,3.57099,1.744424,0.0
2017-08-09 10:12:30.003000 15021.364 0.0,0.0,3.996721,3.57099,1.744575,0.0
2017-08-09 10:12:53.355000 15044.716 0.0,0.0,3.99642,3.571407,1.745177,0.0
2017-08-09 10:13:15.821000 15067.182 0.0,0.0,3.996496,3.570323,1.744575,0.0
2017-08-09 10:13:38.331000 15089.692 0.0,0.0,3.996645,3.570407,1.744199,0.0
2017-08-09 10:14:01.605000 15112.966 0.0,0.0,3.99627,3.570573,1.744349,0.0
2017-08-09 10:14:24.076000 15135.437 0.0,0.0,3.99612,3.569906,1.743973,0.0
2017-08-09 10:14:46.516000 15157.877 0.0,0.0,3.99642,3.570073,1.744199,0.0
2017-08-09 10:15:09.855000 15181.216 0.0,0.0,3.99612,3.570657,1.744424,0.0
2017-08-09 10:15:32.275000 15203.636 0.0,0.0,3.996645,3.571407,1.7445,0.0
2017-08-09 10:15:55.625000 15226.986 0.0,0.0,3.99597,3.57024,1.744424,0.0
2017-08-09 10:16:18.129000 15249.49 0.0,0.0,3.997096,3.57099,1.744274,0.0
2017-08-09 10:16:40.639000 15272.0 0.0,0.0,3.99657,3.570907,1.745177,0.0
2017-08-09 10:17:04.025000 15295.386 0.0,0.0,3.996496,3.571491,1.743973,0.0
2017-08-09 10:17:26.565000 15317.926 0.0,0.0,3.996345,3.570823,1.744424,0.0
2017-08-09 10:17:49.015000 15340.376 0.0,0.0,3.996345,3.57074,1.744575,0.0
2017-08-09 10:18:12.371000 15363.732 0.0,0.0,3.997021,3.57074,1.744424,0.0
2017-08-09 10:18:34.821000 15386.182 0.0,0.0,3.996496,3.57049,1.744424,0.0
2017-08-09 10:19:04.839000 15416.2 0.0,0.0,3.996721,3.570907,1.744274,0.0
2017-08-09 10:19:27.761000 15439.122 0.0,0.0,3.99627,3.57074,1.744725,0.0
2017-08-09 10:19:51.521000 15462.882 0.0,0.0,3.99627,3.57049,1.743822,0.0
2017-08-09 10:20:14.396000 15485.757 0.0,0.0,3.996645,3.571324,1.744274,0.0
2017-08-09 10:20:37.286000 15508.647 0.0,0.0,3.99642,3.570907,1.744801,0.0
2017-08-09 10:21:01.067000 15532.428 0.0,0.0,3.99612,3.570573,1.744123,0.0
2017-08-09 10:21:23.915000 15555.276 0.0,0.0,3.99597,3.570573,1.743521,0.0
2017-08-09 10:21:46.768000 15578.129 0.0,0.0,3.99612,3.570407,1.744801,0.0
2017-08-09 10:22:10.545000 15601.906 0.0,0.0,3.99597,3.57049,1.745027,0.0
2017-08-09 10:22:33.477000 15624.838 0.0,0.0,3.996045,3.570573,1.744575,0.0
2017-08-09 10:22:57.168000 15648.529 0.0,0.0,3.996496,3.57049,1.74465,0.0
2017-08-09 10:23:19.996000 15671.357 0.0,0.0,3.99612,3.570573,1.745027,0.0
2017-08-09 10:23:43.566000 15694.927 0.0,0.0,3.99597,3.571074,1.744725,0.0
