#Human readable time. Time (s) since start. V @ ag47t. A @ ag47t. V @ ag47b. A @ ag47b. V @ ag49. A @ ag49.
2017-05-16 10:27:23.268000 0.0 0.0,0.0,0.0,0.0,0.0,0.0
2017-05-16 10:27:37.683000 14.415 0.0,0.0,0.0,0.0,0.0,0.0
2017-05-16 10:27:51.166000 27.898 0.0,0.0,0.0,0.0,0.0,0.0
2017-05-16 10:28:04.728000 41.46 0.0,0.0,0.0,0.0,0.0,0.0
2017-05-16 10:28:18.341000 55.073 0.0,0.0,0.0,0.0,0.0,0.0
2017-05-16 10:28:32.023000 68.755 0.0,0.0,0.0,0.0,0.0,0.0
2017-05-16 10:28:45.749000 82.481 0.0,0.0,0.0,0.0,0.0,0.0
2017-05-16 10:28:59.553000 96.285 0.0,0.0,0.0,0.0,0.0,0.0
2017-05-16 10:29:13.380000 110.112 0.0,0.0,0.0,0.0,0.0,0.0
2017-05-16 10:29:27.203000 123.935 0.0,0.0,0.0,0.0,0.0,0.0
2017-05-16 10:29:41.084000 137.816 0.0,0.0,0.0,0.0,0.0,0.0
2017-05-16 10:29:55.016000 151.748 0.0,0.0,0.0,0.0,0.0,0.0
2017-05-16 10:30:09.024000 165.756 0.0,0.0,0.0,0.0,0.0,0.0
2017-05-16 10:30:23.079000 179.811 0.0,0.0,0.0,0.0,0.0,0.0
2017-05-16 10:30:37.115000 193.847 0.0,0.0,0.0,0.0,0.0,0.0
2017-05-16 10:30:51.299000 208.031 0.0,0.0,0.0,0.0,0.0,0.0
2017-05-16 10:31:05.433000 222.165 0.0,0.0,0.0,0.0,0.0,0.0
2017-05-16 10:31:19.630000 236.362 0.0,0.0,0.0,0.0,0.0,0.0
2017-05-16 10:31:33.913000 250.645 0.0,0.0,0.0,0.0,0.0,0.0
2017-05-16 10:31:48.220000 264.952 0.0,0.0,0.0,0.0,0.0,0.0
2017-05-16 10:32:02.555000 279.287 0.0,0.0,0.0,0.0,0.0,0.0
2017-05-16 10:32:17.038000 293.77 0.0,0.0,0.0,0.0,0.0,0.0
2017-05-16 10:32:31.521000 308.253 0.0,0.0,0.0,0.0,0.0,0.0
2017-05-16 10:32:45.956000 322.688 0.0,0.0,0.0,0.0,0.0,0.0
2017-05-16 10:33:00.501000 337.233 0.0,0.0,0.0,0.0,0.0,0.0
2017-05-16 10:33:15.056000 351.788 0.0,0.0,0.0,0.0,0.0,0.0
2017-05-16 10:33:29.696000 366.428 0.0,0.0,0.0,0.0,0.0,0.0
2017-05-16 10:33:44.347000 381.079 0.0,0.0,0.0,0.0,0.0,0.0
2017-05-16 10:33:59.101000 395.833 0.0,0.0,0.0,0.0,0.0,0.0
2017-05-16 10:34:13.847000 410.579 0.0,0.0,0.0,0.0,0.0,0.0
2017-05-16 10:34:28.696000 425.428 0.0,0.0,0.0,0.0,0.0,0.0
2017-05-16 10:34:43.527000 440.259 0.0,0.0,0.0,0.0,0.0,0.0
2017-05-16 10:34:58.450000 455.182 0.0,0.0,0.0,0.0,0.0,0.0
2017-05-16 10:35:13.405000 470.137 0.0,0.0,0.0,0.0,0.0,0.0
2017-05-16 10:35:28.420000 485.152 0.0,0.0,0.0,0.0,0.0,0.0
2017-05-16 10:35:43.438000 500.17 0.0,0.0,0.0,0.0,0.0,0.0
2017-05-16 10:35:58.501000 515.233 0.0,0.0,0.0,0.0,0.0,0.0
2017-05-16 10:36:13.597000 530.329 0.0,0.0,0.0,0.0,0.0,0.0
2017-05-16 10:36:28.742000 545.474 0.0,0.0,0.0,0.0,0.0,0.0
2017-05-16 10:36:43.879000 560.611 0.0,0.0,0.0,0.0,0.0,0.0
2017-05-16 10:36:59.132000 575.864 0.0,0.0,0.0,0.0,0.0,0.0
2017-05-16 10:37:14.367000 591.099 0.0,0.0,0.0,0.0,0.0,0.0
2017-05-16 10:37:29.714000 606.446 0.0,0.0,0.0,0.0,0.0,0.0
2017-05-16 10:37:45.057000 621.789 0.0,0.0,0.0,0.0,0.0,0.0
2017-05-16 10:38:00.505000 637.237 0.0,0.0,0.0,0.0,0.0,0.0
2017-05-16 10:38:15.996000 652.728 0.0,0.0,0.0,0.0,0.0,0.0
2017-05-16 10:38:31.490000 668.222 0.0,0.0,0.0,0.0,0.0,0.0
2017-05-16 10:38:47.033000 683.765 0.0,0.0,0.0,0.0,0.0,0.0
2017-05-16 10:39:02.578000 699.31 0.0,0.0,0.0,0.0,0.0,0.0
2017-05-16 10:39:18.230000 714.962 0.0,0.0,0.0,0.0,0.0,0.0
2017-05-16 10:39:33.892000 730.624 0.0,0.0,0.0,0.0,0.0,0.0
2017-05-16 10:39:49.658000 746.39 0.0,0.0,0.0,0.0,0.0,0.0
2017-05-16 10:40:05.448000 762.18 0.0,0.0,0.0,0.0,0.0,0.0
2017-05-16 10:40:21.279000 778.011 0.0,0.0,0.0,0.0,0.0,0.0
2017-05-16 10:40:37.150000 793.882 0.0,0.0,0.0,0.0,0.0,0.0
2017-05-16 10:40:53.013000 809.745 0.0,0.0,0.0,0.0,0.0,0.0
2017-05-16 10:41:08.961000 825.693 0.0,0.0,0.0,0.0,0.0,0.0
2017-05-16 10:41:24.985000 841.717 0.0,0.0,0.0,0.0,0.0,0.0
2017-05-16 10:41:41.013000 857.745 0.0,0.0,0.0,0.0,0.0,0.0
2017-05-16 10:41:57.166000 873.898 0.0,0.0,0.0,0.0,0.0,0.0
2017-05-16 10:42:13.373000 890.105 0.0,0.0,0.0,0.0,0.0,0.0
2017-05-16 10:42:29.577000 906.309 0.0,0.0,0.0,0.0,0.0,0.0
2017-05-16 10:42:45.882000 922.614 0.0,0.0,0.0,0.0,0.0,0.0
2017-05-16 10:43:02.147000 938.879 0.0,0.0,0.0,0.0,0.0,0.0
2017-05-16 10:43:18.420000 955.152 0.0,0.0,0.0,0.0,0.0,0.0
