#Human readable time. Time (s) since start. V @ ag47t. A @ ag47t. V @ ag47b. A @ ag47b. V @ ag49. A @ ag49.
2017-08-11 07:01:47.139000 0.34 24.99805,0.0,0.0,0.0,0.01095617,0.0
2017-08-11 07:01:59.217000 12.418 25.0015,0.0,0.0,0.0,0.01140783,0.0
2017-08-11 07:02:10.895000 24.096 25.0018,0.0,0.0,0.0,0.01080562,0.0
2017-08-11 07:02:22.611000 35.812 25.00045,0.0,0.0,0.0,0.01065506,0.0
2017-08-11 07:02:34.363000 47.564 25.00158,0.0,0.0,0.0,0.01088089,0.0
2017-08-11 07:02:46.181000 59.382 24.99925,0.0,0.0,0.0,0.011182,0.0
2017-08-11 07:02:57.998000 71.199 25.00038,0.0,0.0,0.0,0.01080562,0.0
2017-08-11 07:03:09.816000 83.017 25.00045,0.0,0.0,0.0,0.01080562,0.0
2017-08-11 07:03:21.723000 94.924 25.00248,0.0,0.0,0.0,0.01050451,0.0
2017-08-11 07:03:33.604000 106.805 25.00068,0.0,0.0,0.0,0.011182,0.0
2017-08-11 07:03:45.523000 118.724 25.00008,0.0,0.0,0.0,0.01080562,0.0
2017-08-11 07:03:57.474000 130.675 25.00248,0.0,0.0,0.0,0.01125728,0.0
2017-08-11 07:04:09.414000 142.615 25.00038,0.0,0.0,0.0,0.01125728,0.0
2017-08-11 07:04:21.414000 154.615 24.99933,0.0,0.0,0.0,0.011182,0.0
2017-08-11 07:04:33.436000 166.637 25.00053,0.0,0.0,0.0,0.01178421,0.0
2017-08-11 07:04:45.506000 178.707 24.99948,0.0,0.0,0.0,0.01080562,0.0
2017-08-11 07:04:57.592000 190.793 25.0006,0.0,0.0,0.0,0.01125728,0.0
2017-08-11 07:05:09.697000 202.898 25.0003,0.0,0.0,0.0,0.01050451,0.0
2017-08-11 07:05:21.837000 215.038 25.00053,0.0,0.0,0.0,0.01140783,0.0
2017-08-11 07:05:33.998000 227.199 25.00173,0.0,0.0,0.0,0.01073034,0.0
2017-08-11 07:05:46.209000 239.41 25.00271,0.0,0.0,0.0,0.01065506,0.0
2017-08-11 07:05:58.456000 251.657 25.00143,0.0,0.0,0.0,0.011182,0.0
2017-08-11 07:06:10.694000 263.895 25.00075,0.0,0.0,0.0,0.01155838,0.0
2017-08-11 07:06:22.985000 276.186 25.00135,0.0,0.0,0.0,0.01050451,0.0
2017-08-11 07:06:35.265000 288.466 25.0015,0.0,0.0,0.0,0.01080562,0.0
2017-08-11 07:06:47.590000 300.791 25.0006,0.0,0.0,0.0,0.011182,0.0
2017-08-11 07:06:59.956000 313.157 24.99948,0.0,0.0,0.0,0.01148311,0.0
2017-08-11 07:07:12.340000 325.541 25.00256,0.0,0.0,0.0,0.01065506,0.0
2017-08-11 07:07:24.758000 337.959 25.00045,0.0,0.0,0.0,0.01103145,0.0
2017-08-11 07:07:37.210000 350.411 25.00083,0.0,0.0,0.0,0.01088089,0.0
2017-08-11 07:07:49.820000 363.021 25.00188,0.0,0.0,0.0,0.01170894,0.0
2017-08-11 07:08:02.342000 375.543 24.99963,0.0,0.0,0.0,0.01065506,0.0
2017-08-11 07:08:14.880000 388.081 25.00173,0.0,0.0,0.0,0.01065506,0.0
2017-08-11 07:08:27.439000 400.64 25.00301,0.0,0.0,0.0,0.01080562,0.0
2017-08-11 07:08:40.071000 413.272 25.00248,0.0,0.0,0.0,0.01155838,0.0
2017-08-11 07:08:52.663000 425.864 25.00038,0.0,0.0,0.0,0.01050451,0.0
2017-08-11 07:09:05.291000 438.492 25.00045,0.0,0.0,0.0,0.01110672,0.0
2017-08-11 07:09:17.943000 451.144 25.00068,0.0,0.0,0.0,0.01057979,0.0
2017-08-11 07:09:30.652000 463.853 24.99955,0.0,0.0,0.0,0.01095617,0.0
2017-08-11 07:09:43.374000 476.575 25.00286,0.0,0.0,0.0,0.01155838,0.0
2017-08-11 07:09:56.115000 489.316 25.00075,0.0,0.0,0.0,0.01080562,0.0
2017-08-11 07:10:08.893000 502.094 25.0015,0.0,0.0,0.0,0.01065506,0.0
2017-08-11 07:10:21.655000 514.856 25.00128,0.0,0.0,0.0,0.01110672,0.0
2017-08-11 07:10:34.607000 527.808 24.99963,0.0,0.0,0.0,0.01050451,0.0
2017-08-11 07:10:47.484000 540.685 25.00143,0.0,0.0,0.0,0.01057979,0.0
2017-08-11 07:11:00.415000 553.616 25.00045,0.0,0.0,0.0,0.01057979,0.0
2017-08-11 07:11:13.328000 566.529 25.00173,0.0,0.0,0.0,0.01065506,0.0
2017-08-11 07:11:26.265000 579.466 25.00008,0.0,0.0,0.0,0.01125728,0.0
2017-08-11 07:11:39.228000 592.429 25.0003,0.0,0.0,0.0,0.01035396,0.0
2017-08-11 07:11:52.248000 605.449 25.00053,0.0,0.0,0.0,0.01140783,0.0
2017-08-11 07:12:05.268000 618.469 25.00083,0.0,0.0,0.0,0.01148311,0.0
2017-08-11 07:12:18.378000 631.579 25.00023,0.0,0.0,0.0,0.01095617,0.0
2017-08-11 07:12:31.460000 644.661 25.00135,0.0,0.0,0.0,0.01057979,0.0
2017-08-11 07:12:44.560000 657.761 24.99978,0.0,0.0,0.0,0.01065506,0.0
2017-08-11 07:12:57.700000 670.901 25.0018,0.0,0.0,0.0,0.011182,0.0
2017-08-11 07:13:10.832000 684.033 25.00165,0.0,0.0,0.0,0.01140783,0.0
2017-08-11 07:13:24.052000 697.253 25.0012,0.0,0.0,0.0,0.01110672,0.0
2017-08-11 07:13:37.342000 710.543 25.00053,0.0,0.0,0.0,0.01110672,0.0
2017-08-11 07:13:50.603000 723.804 15.00055,0.0,0.0,0.0,0.01080562,0.0
2017-08-11 07:14:03.863000 737.064 14.99943,0.0,0.0,0.0,0.01148311,0.0
2017-08-11 07:14:17.162000 750.363 14.99928,0.0,0.0,0.0,0.01080562,0.0
2017-08-11 07:14:30.553000 763.754 14.9995,0.0,0.0,0.0,0.01057979,0.0
2017-08-11 07:14:43.914000 777.115 14.99808,0.0,0.0,0.0,0.01042923,0.0
2017-08-11 07:14:57.303000 790.504 15.00048,0.0,0.0,0.0,0.01080562,0.0
2017-08-11 07:15:10.735000 803.936 14.99935,0.0,0.0,0.0,0.01125728,0.0
2017-08-11 07:15:24.195000 817.396 14.99838,0.0,0.0,0.0,0.01125728,0.0
2017-08-11 07:15:37.646000 830.847 14.99815,0.0,0.0,0.0,0.01080562,0.0
2017-08-11 07:15:51.166000 844.367 15.0007,0.0,0.0,0.0,0.01065506,0.0
2017-08-11 07:16:04.695000 857.896 14.99823,0.0,0.0,0.0,0.01148311,0.0
2017-08-11 07:16:18.217000 871.418 14.99747,0.0,0.0,0.0,0.01110672,0.0
2017-08-11 07:16:31.776000 884.977 14.99928,0.0,0.0,0.0,0.01095617,0.0
2017-08-11 07:16:45.447000 898.648 14.99928,0.0,0.0,0.0,0.01088089,0.0
2017-08-11 07:16:59.068000 912.269 14.99935,0.0,0.0,0.0,0.01050451,0.0
2017-08-11 07:17:12.778000 925.979 14.99838,0.0,0.0,0.0,0.01065506,0.0
2017-08-11 07:17:26.418000 939.619 14.99853,0.0,0.0,0.0,0.01065506,0.0
2017-08-11 07:17:40.059000 953.26 14.99853,0.0,0.0,0.0,0.01073034,0.0
2017-08-11 07:17:53.759000 966.96 14.9992,0.0,0.0,0.0,0.01133255,0.0
2017-08-11 07:18:07.550000 980.751 14.99958,0.0,0.0,0.0,0.01073034,0.0
2017-08-11 07:18:21.300000 994.501 14.99943,0.0,0.0,0.0,0.01080562,0.0
2017-08-11 07:18:35.083000 1008.284 14.99725,0.0,0.0,0.0,0.01125728,0.0
2017-08-11 07:18:48.892000 1022.093 15.00048,0.0,0.0,0.0,0.01103145,0.0
2017-08-11 07:19:02.812000 1036.013 14.99928,0.0,0.0,0.0,0.01125728,0.0
2017-08-11 07:19:16.703000 1049.904 14.99905,0.0,0.0,0.0,0.011182,0.0
2017-08-11 07:19:30.593000 1063.794 14.99853,0.0,0.0,0.0,0.01073034,0.0
2017-08-11 07:19:44.514000 1077.715 14.99958,0.0,0.0,0.0,0.01050451,0.0
2017-08-11 07:19:58.454000 1091.655 14.99943,0.0,0.0,0.0,0.01065506,0.0
2017-08-11 07:20:12.445000 1105.646 14.99958,0.0,0.0,0.0,0.01065506,0.0
2017-08-11 07:20:26.465000 1119.666 15.0004,0.0,0.0,0.0,0.01065506,0.0
2017-08-11 07:20:40.556000 1133.757 14.99868,0.0,0.0,0.0,0.01133255,0.0
2017-08-11 07:20:54.626000 1147.827 14.99943,0.0,0.0,0.0,0.01065506,0.0
2017-08-11 07:21:08.687000 1161.888 14.99815,0.0,0.0,0.0,0.01148311,0.0
2017-08-11 07:21:22.797000 1175.998 14.99823,0.0,0.0,0.0,0.01080562,0.0
2017-08-11 07:21:36.957000 1190.158 14.99868,0.0,0.0,0.0,0.01065506,0.0
2017-08-11 07:21:51.198000 1204.399 14.99965,0.0,0.0,0.0,0.01125728,0.0
2017-08-11 07:22:05.418000 1218.619 14.99823,0.0,0.0,0.0,0.01065506,0.0
2017-08-11 07:22:19.609000 1232.81 14.99913,0.0,0.0,0.0,0.011182,0.0
2017-08-11 07:22:33.889000 1247.09 14.99943,0.0,0.0,0.0,0.01140783,0.0
2017-08-11 07:22:48.190000 1261.391 14.99853,0.0,0.0,0.0,0.01125728,0.0
2017-08-11 07:23:02.500000 1275.701 14.9977,0.0,0.0,0.0,0.01170894,0.0
2017-08-11 07:23:16.831000 1290.032 14.99913,0.0,0.0,0.0,0.01080562,0.0
2017-08-11 07:23:31.262000 1304.463 14.99928,0.0,0.0,0.0,0.01088089,0.0
2017-08-11 07:23:45.653000 1318.854 14.9986,0.0,0.0,0.0,0.01133255,0.0
2017-08-11 07:24:00.033000 1333.234 14.99875,0.0,0.0,0.0,0.011182,0.0
2017-08-11 07:24:14.474000 1347.675 14.9986,0.0,0.0,0.0,0.01065506,0.0
2017-08-11 07:24:28.934000 1362.135 14.99995,0.0,0.0,0.0,0.01125728,0.0
2017-08-11 07:24:43.405000 1376.606 14.99935,0.0,0.0,0.0,0.01080562,0.0
2017-08-11 07:24:57.947000 1391.148 0.0,0.0,0.0,0.0,0.01042923,0.0
2017-08-11 07:25:12.375000 1405.576 0.0,0.0,0.0,0.0,0.01042923,0.0
2017-08-11 07:25:26.796000 1419.997 0.0,0.0,0.0,0.0,0.01050451,0.0
2017-08-11 07:25:41.257000 1434.458 0.0,0.0,0.0,0.0,0.01095617,0.0
2017-08-11 07:25:55.727000 1448.928 0.0,0.0,0.0,0.0,0.01133255,0.0
2017-08-11 07:26:10.267000 1463.468 0.0,0.0,0.0,0.0,0.01065506,0.0
2017-08-11 07:26:24.798000 1477.999 0.0,0.0,0.0,0.0,0.01088089,0.0
2017-08-11 07:26:39.368000 1492.569 0.0,0.0,0.0,0.0,0.01103145,0.0
2017-08-11 07:26:53.939000 1507.14 0.0,0.0,0.0,0.0,0.01080562,0.0
2017-08-11 07:27:08.519000 1521.72 0.0,0.0,0.0,0.0,0.01125728,0.0
2017-08-11 07:27:23.150000 1536.351 0.0,0.0,0.0,0.0,0.01103145,0.0
2017-08-11 07:27:37.800000 1551.001 0.0,0.0,0.0,0.0,0.01065506,0.0
2017-08-11 07:27:52.491000 1565.692 14.99702,0.0,0.0,0.0,0.01065506,0.0
2017-08-11 07:28:07.371000 1580.572 14.99928,0.0,0.0,0.0,0.01065506,0.0
2017-08-11 07:28:22.303000 1595.504 14.99928,0.0,0.0,0.0,0.01095617,0.0
2017-08-11 07:28:37.233000 1610.434 14.99845,0.0,0.0,0.0,0.01035396,0.0
2017-08-11 07:28:52.164000 1625.365 0.0,0.0,0.0,0.0,0.011182,0.0
2017-08-11 07:29:06.974000 1640.175 0.0,0.0,0.0,0.0,0.01080562,0.0
2017-08-11 07:29:21.795000 1654.996 0.0,0.0,0.0,0.0,0.01050451,0.0
2017-08-11 07:29:36.685000 1669.886 0.0,0.0,0.0,0.0,0.01095617,0.0
2017-08-11 07:29:51.616000 1684.817 0.0,0.0,0.0,0.0,0.01110672,0.0
2017-08-11 07:30:06.566000 1699.767 0.0,0.0,0.0,0.0,0.01080562,0.0
2017-08-11 07:30:21.497000 1714.698 0.0,0.0,0.0,0.0,0.01050451,0.0
2017-08-11 07:30:36.517000 1729.718 0.0,0.0,0.0,0.0,0.01088089,0.0
2017-08-11 07:30:51.537000 1744.738 0.0,0.0,0.0,0.0,0.01073034,0.0
2017-08-11 07:31:06.578000 1759.779 0.0,0.0,0.0,0.0,0.01095617,0.0
2017-08-11 07:31:21.608000 1774.809 0.0,0.0,0.0,0.0,0.01095617,0.0
2017-08-11 07:31:36.719000 1789.92 14.99875,0.0,0.0,0.0,0.01140783,0.0
2017-08-11 07:31:52.049000 1805.25 14.9995,15.03296,0.0,0.0,0.01057979,0.0
2017-08-11 07:32:07.581000 1820.782 14.99868,15.03489,0.0,0.0,0.01110672,0.0
2017-08-11 07:32:23.111000 1836.312 0.0,15.0359,0.0,0.0,0.01073034,0.0
2017-08-11 07:32:38.571000 1851.772 0.0,15.03628,0.0,0.0,0.01065506,0.0
2017-08-11 07:32:53.981000 1867.182 0.0,15.03605,0.0,0.0,0.01035396,0.0
2017-08-11 07:33:09.452000 1882.653 0.0,15.03636,0.0,0.0,0.01065506,0.0
2017-08-11 07:33:24.942000 1898.143 0.0,15.03597,0.0,0.0,0.01110672,0.0
2017-08-11 07:33:40.503000 1913.704 0.0,15.03505,0.0,0.0,0.01073034,0.0
2017-08-11 07:33:56.063000 1929.264 0.0,15.03628,0.0,0.0,0.01080562,0.0
2017-08-11 07:34:11.654000 1944.855 0.0,15.0352,0.0,0.0,0.01163366,0.0
2017-08-11 07:34:27.264000 1960.465 0.0,15.03597,0.0,0.0,0.01057979,0.0
2017-08-11 07:34:42.956000 1976.157 0.0,15.03644,0.0,0.0,0.01095617,0.0
2017-08-11 07:34:58.616000 1991.817 0.0,15.03636,0.0,0.0,0.01133255,0.0
2017-08-11 07:35:14.507000 2007.708 0.0,15.03636,0.0,0.0,0.01088089,0.0
2017-08-11 07:35:30.262000 2023.463 0.0,15.03613,0.0,0.0,0.01140783,0.0
2017-08-11 07:35:46.048000 2039.249 0.0,5.027442,0.0,0.0,0.01110672,0.0
2017-08-11 07:36:01.828000 2055.029 0.0,5.023028,0.0,0.0,0.01125728,0.0
2017-08-11 07:36:17.649000 2070.85 0.0,5.023571,0.0,0.0,0.01065506,0.0
2017-08-11 07:36:33.499000 2086.7 0.0,5.022951,0.0,0.0,0.01073034,0.0
2017-08-11 07:36:49.370000 2102.571 0.0,5.02419,0.0,0.0,0.01065506,0.0
2017-08-11 07:37:05.300000 2118.501 0.0,5.024035,0.0,0.0,0.01148311,0.0
2017-08-11 07:37:21.261000 2134.462 0.0,5.023725,0.0,0.0,0.01080562,0.0
2017-08-11 07:37:37.191000 2150.392 0.0,5.024035,0.0,0.0,0.01095617,0.0
2017-08-11 07:37:53.162000 2166.363 0.0,5.02388,0.0,0.0,0.01080562,0.0
2017-08-11 07:38:09.174000 2182.375 0.0,5.024035,0.0,0.0,0.01035396,0.0
2017-08-11 07:38:28.093000 2201.294 0.0,5.023106,0.0,0.0,0.01103145,0.0
2017-08-11 07:38:44.215000 2217.416 0.0,5.022254,0.0,0.0,0.01065506,0.0
2017-08-11 07:39:00.334000 2233.535 0.0,5.022951,0.0,0.0,0.011182,0.0
2017-08-11 07:39:16.515000 2249.716 14.99838,5.023261,0.0,0.0,0.01088089,0.0
2017-08-11 07:39:32.815000 2266.016 14.99868,5.023261,0.0,0.0,0.01073034,0.0
2017-08-11 07:39:49.157000 2282.358 0.0,5.022951,0.0,0.0,0.01110672,0.0
2017-08-11 07:40:05.607000 2298.808 0.0,5.023803,0.0,0.0,0.01065506,0.0
2017-08-11 07:40:21.858000 2315.059 0.0,5.022873,0.0,0.0,0.01065506,0.0
2017-08-11 07:40:38.198000 2331.399 0.0,5.023338,0.0,0.0,0.01057979,0.0
2017-08-11 07:40:54.489000 2347.69 0.0,5.023958,0.0,0.0,0.01065506,0.0
2017-08-11 07:41:10.840000 2364.041 0.0,5.023028,0.0,0.0,0.01065506,0.0
2017-08-11 07:41:27.230000 2380.431 0.0,5.023571,0.0,0.0,0.01065506,0.0
2017-08-11 07:41:43.751000 2396.952 0.0,5.023958,0.0,0.0,0.01080562,0.0
2017-08-11 07:42:00.182000 2413.383 0.0,5.023493,0.0,0.0,0.01110672,0.0
2017-08-11 07:42:16.662000 2429.863 0.0,5.023571,0.0,0.0,0.01080562,0.0
2017-08-11 07:42:33.162000 2446.363 0.0,5.02388,0.0,0.0,0.01065506,0.0
2017-08-11 07:42:49.663000 2462.864 0.0,5.022563,0.0,0.0,0.01110672,0.0
2017-08-11 07:43:06.233000 2479.434 0.0,5.023725,0.0,0.0,0.01163366,0.0
2017-08-11 07:43:22.804000 2496.005 0.0,5.02388,0.0,0.0,0.01110672,0.0
2017-08-11 07:43:39.414000 2512.615 0.0,5.023958,0.0,0.0,0.01035396,0.0
2017-08-11 07:43:56.045000 2529.246 0.0,5.024035,0.0,0.0,0.01125728,0.0
2017-08-11 07:44:12.695000 2545.896 14.99838,5.023416,0.0,0.0,0.01050451,0.0
2017-08-11 07:44:29.496000 2562.697 14.9995,5.023338,0.0,0.0,0.01140783,0.0
2017-08-11 07:44:46.616000 2579.817 0.0,5.023493,0.0,0.0,0.01095617,0.0
2017-08-11 07:45:03.327000 2596.528 0.0,0.0,0.0,0.0,0.01103145,0.0
2017-08-11 07:45:19.918000 2613.119 0.0,0.0,0.0,0.0,0.01125728,0.0
2017-08-11 07:45:36.549000 2629.75 0.0,0.0,0.0,0.0,0.01110672,0.0
2017-08-11 07:45:53.219000 2646.42 0.0,0.0,0.0,0.0,0.01110672,0.0
2017-08-11 07:46:09.890000 2663.091 0.0,0.0,0.0,0.0,0.01050451,0.0
2017-08-11 07:46:26.611000 2679.812 0.0,0.0,0.0,0.0,0.011182,0.0
2017-08-11 07:46:43.331000 2696.532 0.0,5.022563,0.0,0.0,0.01073034,0.0
2017-08-11 07:47:00.232000 2713.433 0.0,5.022563,0.0,0.0,0.01057979,0.0
2017-08-11 07:47:17.182000 2730.383 0.0,5.02388,0.0,0.0,0.01065506,0.0
2017-08-11 07:47:34.173000 2747.374 0.0,0.0,0.0,0.0,0.01073034,0.0
2017-08-11 07:47:51.053000 2764.254 0.0,0.0,0.0,0.0,0.01095617,0.0
2017-08-11 07:48:07.984000 2781.185 0.0,0.0,0.0,0.0,0.01095617,0.0
2017-08-11 07:48:24.914000 2798.115 0.0,0.0,0.0,0.0,0.01073034,0.0
2017-08-11 07:48:41.855000 2815.056 0.0,5.022176,0.0,0.0,0.01103145,0.0
2017-08-11 07:48:58.975000 2832.176 0.0,5.021867,0.0,0.0,0.01080562,0.0
2017-08-11 07:49:16.266000 2849.467 0.0,0.0,0.0,0.0,0.01088089,0.0
2017-08-11 07:49:33.357000 2866.558 0.0,0.0,0.0,0.0,0.01065506,0.0
2017-08-11 07:49:50.417000 2883.618 0.0,0.0,0.0,0.0,0.01057979,0.0
2017-08-11 07:50:07.508000 2900.709 0.0,5.020628,0.0,0.0,0.01110672,0.0
2017-08-11 07:50:24.779000 2917.98 0.0,5.023028,0.0,0.0,0.01095617,0.0
2017-08-11 07:50:42.161000 2935.362 0.0,0.0,0.0,0.0,0.01057979,0.0
2017-08-11 07:50:59.320000 2952.521 0.0,0.0,0.0,0.0,0.01065506,0.0
2017-08-11 07:51:16.581000 2969.782 0.0,0.0,0.0,0.0,0.01073034,0.0
2017-08-11 07:51:33.831000 2987.032 14.99732,0.0,0.0,0.0,0.01095617,0.0
2017-08-11 07:51:51.294000 3004.495 0.0,5.021325,3.99657,0.0,0.01110672,0.0
2017-08-11 07:52:08.903000 3022.104 0.0,5.024112,3.997171,0.0,0.01125728,0.0
2017-08-11 07:52:26.533000 3039.734 0.0,5.022021,3.997171,0.0,0.01133255,0.0
2017-08-11 07:52:44.174000 3057.375 0.0,0.0,3.996871,0.0,0.01163366,0.0
2017-08-11 07:53:01.864000 3075.065 0.0,0.0,3.997021,0.0,0.01088089,0.0
2017-08-11 07:53:19.385000 3092.586 0.0,0.0,3.996946,0.0,0.011182,0.0
2017-08-11 07:53:37.035000 3110.236 0.0,0.0,3.997246,0.0,0.01057979,0.0
2017-08-11 07:53:54.636000 3127.837 0.0,5.019699,3.99657,0.0,0.01095617,0.0
2017-08-11 07:54:12.417000 3145.618 0.0,5.023648,3.996946,0.0,0.01050451,0.0
2017-08-11 07:54:30.237000 3163.438 0.0,0.0,3.996871,0.0,0.01065506,0.0
2017-08-11 07:54:47.949000 3181.15 0.0,0.0,3.997096,0.0,0.01057979,0.0
2017-08-11 07:55:05.638000 3198.839 0.0,0.0,3.997246,0.0,0.01125728,0.0
2017-08-11 07:55:23.380000 3216.581 0.0,0.0,3.997246,0.0,0.01080562,0.0
2017-08-11 07:55:41.139000 3234.34 0.0,0.0,3.997246,0.0,0.01110672,0.0
2017-08-11 07:55:58.981000 3252.182 0.0,0.0,3.996946,0.0,0.01065506,0.0
2017-08-11 07:56:16.791000 3269.992 0.0,5.022331,3.997321,0.0,0.01080562,0.0
2017-08-11 07:56:34.792000 3287.993 0.0,5.023493,3.997021,0.0,0.01057979,0.0
2017-08-11 07:56:53.083000 3306.284 0.0,5.022641,3.996795,0.0,0.01065506,0.0
2017-08-11 07:57:11.123000 3324.324 0.0,0.0,3.997621,0.0,0.01050451,0.0
2017-08-11 07:57:29.084000 3342.285 0.0,0.0,3.997096,0.0,0.01088089,0.0
2017-08-11 07:57:47.094000 3360.295 0.0,0.0,3.997321,0.0,0.01103145,0.0
2017-08-11 07:58:05.085000 3378.286 0.0,0.0,3.997021,0.0,0.01080562,0.0
2017-08-11 07:58:23.085000 3396.286 0.0,5.021402,3.996721,0.0,0.01185949,0.0
2017-08-11 07:58:41.286000 3414.487 0.0,5.023725,3.997096,0.0,0.01073034,0.0
2017-08-11 07:58:59.528000 3432.729 0.0,5.023571,3.996721,0.0,0.01095617,0.0
2017-08-11 07:59:17.807000 3451.008 0.0,0.0,3.996871,0.0,0.011182,0.0
2017-08-11 07:59:35.958000 3469.159 0.0,0.0,3.996871,0.0,0.01073034,0.0
2017-08-11 07:59:54.109000 3487.31 0.0,0.0,3.997171,0.0,0.011182,0.0
2017-08-11 08:00:12.319000 3505.52 0.0,5.023261,3.996946,0.0,0.01065506,0.0
2017-08-11 08:00:31.060000 3524.261 0.0,5.022408,3.996721,0.0,0.01065506,0.0
2017-08-11 08:00:49.480000 3542.681 0.0,5.023725,3.997021,0.0,0.01035396,0.0
2017-08-11 08:01:07.912000 3561.113 0.0,5.023725,3.996871,0.0,0.01057979,0.0
2017-08-11 08:01:26.432000 3579.633 0.0,0.0,3.996871,0.0,0.01110672,0.0
2017-08-11 08:01:44.873000 3598.074 0.0,0.0,3.99657,0.0,0.01133255,0.0
2017-08-11 08:02:03.304000 3616.505 0.0,5.02148,3.996721,0.0,0.01065506,0.0
2017-08-11 08:02:21.924000 3635.125 0.0,5.023493,3.996871,0.0,0.01163366,0.0
2017-08-11 08:02:40.615000 3653.816 0.0,5.02388,3.997171,0.0,0.01073034,0.0
2017-08-11 08:02:59.325000 3672.526 0.0,5.023416,3.997171,0.0,0.01080562,0.0
2017-08-11 08:03:18.016000 3691.217 0.0,0.0,3.997021,0.0,0.01080562,0.0
2017-08-11 08:03:36.827000 3710.028 0.0,0.0,3.996871,0.0,0.01088089,0.0
2017-08-11 08:03:55.398000 3728.599 0.0,5.022176,3.997021,0.0,0.01042923,0.0
2017-08-11 08:04:14.138000 3747.339 0.0,5.022796,3.997021,0.0,0.01042923,0.0
2017-08-11 08:04:32.978000 3766.179 0.0,5.023106,3.997021,0.0,0.01110672,0.0
2017-08-11 08:04:51.779000 3784.98 0.0,5.023571,3.996871,0.0,0.01140783,0.0
2017-08-11 08:05:10.600000 3803.801 0.0,5.023028,3.997021,0.0,0.01170894,0.0
2017-08-11 08:05:29.450000 3822.651 0.0,0.0,3.997171,0.0,0.01080562,0.0
2017-08-11 08:05:48.191000 3841.392 0.0,0.0,3.997546,0.0,0.01110672,0.0
2017-08-11 08:06:06.991000 3860.192 0.0,5.019156,3.997171,0.0,0.01095617,0.0
2017-08-11 08:06:25.956000 3879.157 0.0,5.022951,3.996645,0.0,0.01125728,0.0
2017-08-11 08:06:44.954000 3898.155 0.0,5.023648,3.997246,0.0,0.01080562,0.0
2017-08-11 08:07:03.974000 3917.175 0.0,5.022408,3.99657,0.0,0.01170894,0.0
2017-08-11 08:07:23.288000 3936.489 0.0,5.022719,3.996871,0.0,0.01050451,0.0
2017-08-11 08:07:42.366000 3955.567 0.0,0.0,3.996871,0.0,0.01080562,0.0
2017-08-11 08:08:01.303000 3974.504 0.0,0.0,3.997021,0.0,0.01088089,0.0
2017-08-11 08:08:20.297000 3993.498 0.0,5.022563,3.996721,0.0,0.01088089,0.0
2017-08-11 08:08:39.432000 4012.633 0.0,5.023571,3.996795,0.0,0.01170894,0.0
2017-08-11 08:08:58.652000 4031.853 0.0,0.0,3.997021,0.0,0.01080562,0.0
2017-08-11 08:09:17.719000 4050.92 0.0,0.0,3.996795,0.0,0.01065506,0.0
2017-08-11 08:09:36.751000 4069.952 0.0,5.022486,3.997171,0.0,0.01050451,0.0
2017-08-11 08:09:56.043000 4089.244 0.0,5.023261,3.997321,0.0,0.01095617,0.0
2017-08-11 08:10:15.383000 4108.584 0.0,5.023493,3.997021,0.0,0.01155838,0.0
2017-08-11 08:10:35.047000 4128.248 0.0,0.0,3.997021,0.0,0.01103145,0.0
2017-08-11 08:10:54.283000 4147.484 0.0,0.0,3.997096,0.0,0.01140783,0.0
2017-08-11 08:11:13.488000 4166.689 0.0,0.0,3.997171,0.0,0.011182,0.0
2017-08-11 08:11:32.747000 4185.948 0.0,5.022408,3.996871,0.0,0.01155838,0.0
2017-08-11 08:11:52.209000 4205.41 0.0,5.023571,3.997471,0.0,0.01103145,0.0
2017-08-11 08:12:11.736000 4224.937 0.0,5.023725,3.996946,0.0,0.01103145,0.0
2017-08-11 08:12:31.216000 4244.417 0.0,0.0,3.996721,0.0,0.01057979,0.0
2017-08-11 08:12:50.569000 4263.77 0.0,0.0,3.996721,0.0,0.01080562,0.0
2017-08-11 08:13:09.967000 4283.168 0.0,5.022331,3.997321,0.0,0.01095617,0.0
2017-08-11 08:13:29.597000 4302.798 0.0,5.02388,3.997471,0.0,0.01095617,0.0
2017-08-11 08:13:49.541000 4322.742 0.0,0.0,3.997171,0.0,0.01080562,0.0
2017-08-11 08:14:09.104000 4342.305 0.0,0.0,3.996946,0.0,0.01155838,0.0
2017-08-11 08:14:28.623000 4361.824 0.0,0.0,3.997021,0.0,0.01103145,0.0
2017-08-11 08:14:48.131000 4381.332 0.0,5.022486,3.997171,0.0,0.01042923,0.0
2017-08-11 08:15:07.843000 4401.044 0.0,5.021557,3.996721,0.0,0.01110672,0.0
2017-08-11 08:15:27.633000 4420.834 0.0,0.0,3.996946,0.0,0.01080562,0.0
2017-08-11 08:15:47.218000 4440.419 0.0,0.0,3.997546,0.0,0.01140783,0.0
2017-08-11 08:16:06.916000 4460.117 0.0,0.0,3.996645,0.0,0.01035396,0.0
2017-08-11 08:16:26.564000 4479.765 0.0,0.0,3.996721,0.0,0.011182,0.0
2017-08-11 08:16:46.610000 4499.811 0.0,5.022486,3.996721,0.0,0.01057979,0.0
2017-08-11 08:17:06.547000 4519.748 0.0,5.022486,3.997246,0.0,0.01065506,0.0
2017-08-11 08:17:26.481000 4539.682 0.0,5.024035,3.996946,0.0,0.01110672,0.0
2017-08-11 08:17:46.492000 4559.693 0.0,0.0,3.996871,0.0,0.01057979,0.0
2017-08-11 08:18:06.328000 4579.529 0.0,0.0,3.996645,0.0,0.01050451,0.0
2017-08-11 08:18:26.202000 4599.403 0.0,0.0,3.996721,0.0,0.01133255,0.0
2017-08-11 08:18:46.063000 4619.264 0.0,0.0,3.996795,0.0,0.01095617,0.0
2017-08-11 08:19:05.920000 4639.121 0.0,0.0,3.996645,0.0,0.01050451,0.0
2017-08-11 08:19:25.934000 4659.135 0.0,5.022254,3.996721,0.0,0.01065506,0.0
2017-08-11 08:19:46.095000 4679.296 0.0,5.023803,3.996496,0.0,0.01201005,0.0
2017-08-11 08:20:06.673000 4699.874 0.0,5.023416,3.996645,0.0,0.01088089,0.0
2017-08-11 08:20:27.037000 4720.238 0.0,0.0,3.997021,0.0,0.01050451,0.0
2017-08-11 08:20:47.143000 4740.344 0.0,0.0,3.996721,0.0,0.011182,0.0
2017-08-11 08:21:07.209000 4760.41 0.0,0.0,3.996721,0.0,0.01080562,0.0
2017-08-11 08:21:27.318000 4780.519 0.0,0.0,3.996871,0.0,0.01065506,0.0
2017-08-11 08:21:47.470000 4800.671 0.0,5.021712,3.996721,0.0,0.01095617,0.0
2017-08-11 08:22:07.882000 4821.083 0.0,5.023416,3.997171,0.0,0.01065506,0.0
2017-08-11 08:22:28.273000 4841.474 0.0,0.0,3.997396,0.0,0.01095617,0.0
2017-08-11 08:22:48.551000 4861.752 0.0,0.0,3.997021,0.0,0.011182,0.0
2017-08-11 08:23:09.163000 4882.364 0.0,0.0,3.997171,0.0,0.01125728,0.0
2017-08-11 08:23:29.628000 4902.829 0.0,0.0,3.997171,0.0,0.01050451,0.0
2017-08-11 08:23:50.005000 4923.206 0.0,5.021557,3.997021,0.0,0.01133255,0.0
2017-08-11 08:24:10.686000 4943.887 0.0,5.023958,3.997096,0.0,0.01073034,0.0
2017-08-11 08:24:31.352000 4964.553 0.0,5.023416,3.996645,0.0,0.01065506,0.0
2017-08-11 08:24:52.014000 4985.215 0.0,0.0,3.996721,0.0,0.01050451,0.0
2017-08-11 08:25:12.497000 5005.698 0.0,0.0,3.996721,0.0,0.01080562,0.0
2017-08-11 08:25:32.987000 5026.188 0.0,0.0,3.996795,0.0,0.01073034,0.0
2017-08-11 08:25:53.849000 5047.05 0.0,0.0,3.997171,0.0,0.011182,0.0
2017-08-11 08:26:14.410000 5067.611 0.0,0.0,3.996721,0.0,0.01065506,0.0
2017-08-11 08:26:35.159000 5088.36 0.0,5.022176,3.997396,0.0,0.01133255,0.0
2017-08-11 08:26:56.010000 5109.211 0.0,5.022796,3.997171,0.0,0.01103145,0.0
2017-08-11 08:27:16.903000 5130.104 0.0,5.023416,3.996645,0.0,0.01140783,0.0
2017-08-11 08:27:37.733000 5150.934 0.0,0.0,3.99642,0.0,0.01050451,0.0
2017-08-11 08:27:58.524000 5171.725 0.0,0.0,3.996871,0.0,0.01095617,0.0
2017-08-11 08:28:19.265000 5192.466 0.0,0.0,3.997396,0.0,0.01057979,0.0
2017-08-11 08:28:40.094000 5213.295 0.0,0.0,3.997021,0.0,0.01110672,0.0
2017-08-11 08:29:01.251000 5234.452 0.0,0.0,3.996946,0.0,0.01050451,0.0
2017-08-11 08:29:22.077000 5255.278 0.0,5.022408,3.996871,0.0,0.01095617,0.0
2017-08-11 08:29:43.210000 5276.411 0.0,5.023803,3.996871,0.0,0.01050451,0.0
2017-08-11 08:30:04.265000 5297.466 0.0,5.022796,3.996345,0.0,0.0102034,0.0
2017-08-11 08:30:25.399000 5318.6 0.0,0.0,3.997096,0.0,0.01110672,0.0
2017-08-11 08:30:46.340000 5339.541 0.0,0.0,3.99642,0.0,0.01088089,0.0
2017-08-11 08:31:07.367000 5360.568 0.0,0.0,3.996871,0.0,0.01103145,0.0
2017-08-11 08:31:28.403000 5381.604 0.0,0.0,3.997021,0.0,0.01065506,0.0
2017-08-11 08:31:49.822000 5403.023 0.0,5.022641,3.997171,0.0,0.01155838,0.0
2017-08-11 08:32:11.060000 5424.261 0.0,5.021867,3.996871,0.0,0.01050451,0.0
2017-08-11 08:32:32.418000 5445.619 0.0,0.0,3.997246,0.0,0.01073034,0.0
2017-08-11 08:32:53.585000 5466.786 0.0,0.0,3.997171,0.0,0.01057979,0.0
2017-08-11 08:33:14.782000 5487.983 0.0,0.0,3.996871,0.0,0.01080562,0.0
2017-08-11 08:33:35.992000 5509.193 0.0,0.0,3.997471,0.0,0.01080562,0.0
2017-08-11 08:33:57.236000 5530.437 0.0,5.021402,3.997171,0.0,0.01088089,0.0
2017-08-11 08:34:18.735000 5551.936 0.0,5.02388,3.996946,0.0,0.01080562,0.0
2017-08-11 08:34:40.666000 5573.867 0.0,0.0,3.996871,0.0,0.01057979,0.0
2017-08-11 08:35:02.112000 5595.313 0.0,0.0,3.997396,0.0,0.01073034,0.0
2017-08-11 08:35:23.529000 5616.73 0.0,0.0,3.997171,0.0,0.01103145,0.0
2017-08-11 08:35:44.968000 5638.169 0.0,5.022951,3.996721,0.0,0.01140783,0.0
2017-08-11 08:36:06.675000 5659.876 0.0,5.023725,3.997021,0.0,0.01140783,0.0
2017-08-11 08:36:28.400000 5681.601 0.0,0.0,3.997021,0.0,0.01133255,0.0
2017-08-11 08:36:49.970000 5703.171 0.0,0.0,3.997021,0.0,0.01133255,0.0
2017-08-11 08:37:11.559000 5724.76 0.0,0.0,3.997171,0.0,0.011182,0.0
2017-08-11 08:37:33.618000 5746.819 0.0,5.022719,3.997021,0.0,0.01073034,0.0
2017-08-11 08:37:55.443000 5768.644 0.0,5.024035,3.997471,0.0,0.01095617,0.0
2017-08-11 08:38:17.342000 5790.543 0.0,0.0,3.997321,0.0,0.01050451,0.0
2017-08-11 08:38:39.051000 5812.252 0.0,0.0,3.996871,0.0,0.01148311,0.0
2017-08-11 08:39:00.781000 5833.982 0.0,0.0,3.996871,0.0,0.01140783,0.0
2017-08-11 08:39:22.577000 5855.778 0.0,0.0,3.996871,0.0,0.01125728,0.0
2017-08-11 08:39:44.454000 5877.655 0.0,5.021634,3.996946,0.0,0.01065506,0.0
2017-08-11 08:40:06.955000 5900.156 0.0,5.022951,3.996871,0.0,0.01080562,0.0
2017-08-11 08:40:29.022000 5922.223 0.0,0.0,3.997246,0.0,0.01148311,0.0
2017-08-11 08:40:50.859000 5944.06 0.0,0.0,3.996721,0.0,0.01080562,0.0
2017-08-11 08:41:12.778000 5965.979 0.0,0.0,3.997096,0.0,0.01050451,0.0
2017-08-11 08:41:34.767000 5987.968 0.0,5.022951,3.997021,0.0,0.01103145,0.0
2017-08-11 08:41:56.952000 6010.153 0.0,0.0,3.997246,3.575242,0.01080562,0.0
2017-08-11 08:42:19.173000 6032.374 0.0,0.0,3.997846,3.575908,0.01057979,0.0
2017-08-11 08:42:41.861000 6055.062 0.0,0.0,3.996795,3.575492,0.01073034,0.0
2017-08-11 08:43:04.341000 6077.542 0.0,0.0,3.997246,3.575742,0.01050451,0.0
2017-08-11 08:43:26.981000 6100.182 0.0,0.0,3.997471,3.576242,0.01035396,0.0
2017-08-11 08:43:49.324000 6122.525 0.0,0.0,3.997696,3.576242,0.01080562,0.0
2017-08-11 08:44:11.765000 6144.966 0.0,0.0,3.996795,3.575825,0.01178421,0.0
2017-08-11 08:44:34.143000 6167.344 0.0,0.0,3.997096,3.576075,0.011182,0.0
2017-08-11 08:44:56.658000 6189.859 0.0,0.0,3.997471,3.575575,0.01073034,0.0
2017-08-11 08:45:19.111000 6212.312 0.0,0.0,3.996795,3.576242,0.01095617,0.0
2017-08-11 08:45:42.097000 6235.298 0.0,0.0,3.997546,3.576325,0.01125728,0.0
2017-08-11 08:46:04.786000 6257.987 0.0,0.0,3.997471,3.576409,0.01110672,0.0
2017-08-11 08:46:27.384000 6280.585 0.0,0.0,3.997246,3.576826,0.01110672,0.0
2017-08-11 08:46:50.090000 6303.291 0.0,0.0,3.997321,3.577326,0.01065506,0.0
2017-08-11 08:47:12.732000 6325.933 0.0,0.0,3.997771,3.576826,0.01035396,0.0
2017-08-11 08:47:35.469000 6348.67 0.0,0.0,3.997846,3.577159,0.01170894,0.0
2017-08-11 08:47:58.125000 6371.326 0.0,0.0,3.997171,3.576492,0.01095617,0.0
2017-08-11 08:48:21.368000 6394.569 0.0,0.0,3.997171,3.576659,0.01125728,0.0
2017-08-11 08:48:44.124000 6417.325 0.0,0.0,3.997246,3.576742,0.01088089,0.0
2017-08-11 08:49:07.055000 6440.256 0.0,0.0,3.997546,3.576742,0.01065506,0.0
2017-08-11 08:49:29.953000 6463.154 0.0,0.0,3.997396,3.576742,0.01103145,0.0
2017-08-11 08:49:52.902000 6486.103 0.0,0.0,3.997171,3.576742,0.01125728,0.0
2017-08-11 08:50:15.842000 6509.043 0.0,0.0,3.997171,3.577242,0.01095617,0.0
2017-08-11 08:50:38.827000 6532.028 0.0,0.0,3.997171,3.576742,0.01125728,0.0
2017-08-11 08:51:02.357000 6555.558 0.0,0.0,3.997471,3.576826,0.01103145,0.0
2017-08-11 08:51:25.396000 6578.597 0.0,0.0,3.997546,3.577159,0.01080562,0.0
2017-08-11 08:51:48.471000 6601.672 0.0,0.0,3.997621,3.577409,0.01095617,0.0
2017-08-11 08:52:11.628000 6624.829 0.0,0.0,3.997471,3.576909,0.01201005,0.0
2017-08-11 08:52:34.770000 6647.971 0.0,0.0,3.997021,3.576742,0.01125728,0.0
2017-08-11 08:52:57.978000 6671.179 0.0,0.0,3.997246,3.576576,0.01103145,0.0
2017-08-11 08:53:21.670000 6694.871 0.0,0.0,3.997696,3.577075,0.01110672,0.0
2017-08-11 08:53:44.933000 6718.134 0.0,0.0,3.997846,3.577326,0.01148311,0.0
2017-08-11 08:54:08.314000 6741.515 0.0,0.0,3.99627,3.576492,0.01125728,0.0
2017-08-11 08:54:31.652000 6764.853 0.0,0.0,3.997171,3.576909,0.01050451,0.0
2017-08-11 08:54:54.962000 6788.163 0.0,0.0,3.996946,3.577492,0.01050451,0.0
2017-08-11 08:55:18.372000 6811.573 0.0,0.0,3.996871,3.576909,0.01110672,0.0
2017-08-11 08:55:41.836000 6835.037 0.0,0.0,3.997471,3.577075,0.01170894,0.0
2017-08-11 08:56:05.847000 6859.048 0.0,0.0,3.997921,3.577576,0.01088089,0.0
2017-08-11 08:56:29.366000 6882.567 0.0,0.0,3.997771,3.577242,0.01133255,0.0
2017-08-11 08:56:52.967000 6906.168 0.0,0.0,3.997471,3.577242,0.01088089,0.0
2017-08-11 08:57:16.503000 6929.704 0.0,0.0,3.997471,3.576742,0.01088089,0.0
2017-08-11 08:57:40.120000 6953.321 0.0,0.0,3.997021,3.577326,0.01110672,0.0
2017-08-11 08:58:03.737000 6976.938 0.0,0.0,3.997321,3.577159,0.011182,0.0
2017-08-11 08:58:27.374000 7000.575 0.0,0.0,3.997096,3.577409,0.01057979,0.0
2017-08-11 08:58:51.575000 7024.776 0.0,0.0,3.997021,3.577075,0.01080562,0.0
2017-08-11 08:59:15.301000 7048.502 0.0,0.0,3.997096,3.577242,0.01125728,0.0
2017-08-11 08:59:39.082000 7072.283 0.0,0.0,3.997321,3.577409,0.01065506,0.0
2017-08-11 09:00:03.915000 7097.116 0.0,0.0,3.99657,3.577742,0.01080562,0.0
2017-08-11 09:00:27.789000 7120.99 0.0,0.0,3.997471,3.577576,0.01088089,0.0
2017-08-11 09:00:51.696000 7144.897 0.0,0.0,3.997171,3.577742,0.01095617,0.0
2017-08-11 09:01:16.076000 7169.277 0.0,0.0,3.996045,3.577409,0.01065506,0.0
2017-08-11 09:01:40.085000 7193.286 0.0,0.0,3.997396,3.577826,0.01148311,0.0
2017-08-11 09:02:04.112000 7217.313 0.0,0.0,3.997546,3.577242,0.01065506,0.0
2017-08-11 09:02:28.222000 7241.423 0.0,0.0,3.997471,3.577576,0.01155838,0.0
2017-08-11 09:02:52.354000 7265.555 0.0,0.0,3.996946,3.578076,0.01073034,0.0
2017-08-11 09:03:16.510000 7289.711 0.0,0.0,3.997546,3.577909,0.01065506,0.0
2017-08-11 09:03:40.739000 7313.94 0.0,0.0,3.995895,3.577409,0.01065506,0.0
2017-08-11 09:04:05.388000 7338.589 0.0,0.0,3.99657,3.577242,0.01080562,0.0
2017-08-11 09:04:29.722000 7362.923 0.0,0.0,3.997621,3.577492,0.01103145,0.0
2017-08-11 09:04:53.991000 7387.192 0.0,0.0,3.997621,3.577326,0.01110672,0.0
2017-08-11 09:05:18.378000 7411.579 0.0,0.0,3.996871,3.577159,0.01095617,0.0
2017-08-11 09:05:42.806000 7436.007 0.0,0.0,3.997096,3.577326,0.01095617,0.0
2017-08-11 09:06:01.889000 7455.09 0.0,0.0,3.997171,3.577242,0.01088089,0.0
2017-08-11 09:06:21.418000 7474.619 0.0,0.0,3.996946,3.577492,0.01148311,0.0
2017-08-11 09:06:40.501000 7493.702 0.0,0.0,3.996871,3.577326,0.01088089,0.0
2017-08-11 09:06:59.503000 7512.704 0.0,0.0,3.997471,3.577326,0.01110672,0.0
2017-08-11 09:07:18.569000 7531.77 0.0,0.0,3.997321,3.577742,0.01125728,0.0
2017-08-11 09:07:37.661000 7550.862 0.0,0.0,3.997096,3.577742,0.01125728,0.0
2017-08-11 09:07:56.794000 7569.995 0.0,0.0,3.997621,3.578076,0.01088089,0.0
2017-08-11 09:08:16.404000 7589.605 0.0,0.0,3.997021,3.577409,0.01148311,0.0
2017-08-11 09:08:35.551000 7608.752 0.0,0.0,3.997171,3.577075,0.01163366,0.0
2017-08-11 09:08:54.666000 7627.867 0.0,0.0,3.997321,3.578243,0.01110672,0.0
2017-08-11 09:09:13.806000 7647.007 0.0,0.0,3.997171,3.577409,0.01140783,0.0
2017-08-11 09:09:32.997000 7666.198 0.0,0.0,3.997396,3.577742,0.01073034,0.0
2017-08-11 09:09:52.680000 7685.881 0.0,0.0,3.997321,3.578076,0.01110672,0.0
2017-08-11 09:10:11.876000 7705.077 0.0,0.0,3.997246,3.577659,0.01140783,0.0
2017-08-11 09:10:31.087000 7724.288 0.0,0.0,3.997771,3.578076,0.01155838,0.0
2017-08-11 09:10:50.327000 7743.528 0.0,0.0,3.997171,3.577742,0.01095617,0.0
2017-08-11 09:11:09.592000 7762.793 0.0,0.0,3.997396,3.577826,0.01057979,0.0
2017-08-11 09:11:28.910000 7782.111 0.0,0.0,3.997171,3.577576,0.01065506,0.0
2017-08-11 09:11:48.680000 7801.881 0.0,0.0,3.99642,3.577826,0.01088089,0.0
2017-08-11 09:12:07.933000 7821.134 0.0,0.0,3.997321,3.577826,0.01065506,0.0
2017-08-11 09:12:27.222000 7840.423 0.0,0.0,3.997396,3.577742,0.01027868,0.0
2017-08-11 09:12:46.512000 7859.713 0.0,0.0,3.997321,3.577742,0.01080562,0.0
2017-08-11 09:13:05.903000 7879.104 0.0,0.0,3.997171,3.578243,0.01095617,0.0
2017-08-11 09:13:25.743000 7898.944 0.0,0.0,3.997171,3.578076,0.01088089,0.0
2017-08-11 09:13:45.073000 7918.274 0.0,0.0,3.997396,3.578243,0.01095617,0.0
2017-08-11 09:14:04.398000 7937.599 0.0,0.0,3.997021,3.578076,0.01095617,0.0
2017-08-11 09:14:23.768000 7956.969 0.0,0.0,3.997621,3.577409,0.01125728,0.0
2017-08-11 09:14:43.256000 7976.457 0.0,0.0,3.997246,3.577909,0.01140783,0.0
2017-08-11 09:15:02.628000 7995.829 0.0,0.0,3.997246,3.577992,0.01065506,0.0
2017-08-11 09:15:22.546000 8015.747 0.0,0.0,3.997246,3.577659,0.011182,0.0
2017-08-11 09:15:41.980000 8035.181 0.0,0.0,3.997171,3.577909,0.01050451,0.0
2017-08-11 09:16:01.390000 8054.591 0.0,0.0,3.997921,3.578243,0.01095617,0.0
2017-08-11 09:16:20.798000 8073.999 0.0,0.0,3.995745,3.577742,0.01080562,0.0
2017-08-11 09:16:40.260000 8093.461 0.0,0.0,3.997171,3.577742,0.01110672,0.0
2017-08-11 09:17:00.251000 8113.452 0.0,0.0,3.997171,3.577909,0.01057979,0.0
2017-08-11 09:17:19.750000 8132.951 0.0,0.0,3.996871,3.577242,0.01065506,0.0
2017-08-11 09:17:39.323000 8152.524 0.0,0.0,3.997021,3.577492,0.01065506,0.0
2017-08-11 09:17:58.843000 8172.044 0.0,0.0,3.997021,3.577659,0.01170894,0.0
2017-08-11 09:18:18.343000 8191.544 0.0,0.0,3.99567,3.577492,0.011182,0.0
2017-08-11 09:18:38.414000 8211.615 0.0,0.0,3.996045,3.577659,0.011182,0.0
2017-08-11 09:18:58.006000 8231.207 0.0,0.0,3.997171,3.577659,0.01155838,0.0
2017-08-11 09:19:17.596000 8250.797 0.0,0.0,3.997246,3.577826,0.01080562,0.0
2017-08-11 09:19:37.186000 8270.387 0.0,0.0,3.996795,3.577576,0.01080562,0.0
2017-08-11 09:19:56.857000 8290.058 0.0,0.0,3.997321,3.577742,0.01042923,0.0
2017-08-11 09:20:16.567000 8309.768 0.0,0.0,3.997321,3.577409,0.01095617,0.0
2017-08-11 09:20:36.718000 8329.919 0.0,0.0,3.996871,3.577409,0.01110672,0.0
2017-08-11 09:20:56.380000 8349.581 0.0,0.0,3.997096,3.577576,0.01095617,0.0
2017-08-11 09:21:16.109000 8369.31 0.0,0.0,3.997246,3.577826,0.01110672,0.0
2017-08-11 09:21:35.810000 8389.011 0.0,0.0,3.997096,3.577909,0.01088089,0.0
2017-08-11 09:21:55.461000 8408.662 0.0,0.0,3.997021,3.577826,0.01125728,0.0
2017-08-11 09:22:15.711000 8428.912 0.0,0.0,3.997546,3.578576,0.01088089,0.0
2017-08-11 09:22:35.382000 8448.583 0.0,0.0,3.997471,3.578159,0.01125728,0.0
2017-08-11 09:22:55.072000 8468.273 0.0,0.0,3.99657,3.578493,0.01073034,0.0
2017-08-11 09:23:14.873000 8488.074 0.0,0.0,3.99642,3.578076,0.01103145,0.0
2017-08-11 09:23:34.614000 8507.815 0.0,0.0,3.996946,3.578159,0.01080562,0.0
2017-08-11 09:23:54.914000 8528.115 0.0,0.0,3.997246,3.578409,0.01125728,0.0
2017-08-11 09:24:14.685000 8547.886 0.0,0.0,3.997396,3.578576,0.01080562,0.0
2017-08-11 09:24:34.457000 8567.658 0.0,0.0,3.997246,3.577992,0.01057979,0.0
2017-08-11 09:24:54.247000 8587.448 0.0,0.0,3.997471,3.578576,0.01170894,0.0
2017-08-11 09:25:14.108000 8607.309 0.0,0.0,3.997171,3.578576,0.01065506,0.0
2017-08-11 09:25:34.448000 8627.649 0.0,0.0,3.997246,3.578493,0.01155838,0.0
2017-08-11 09:25:54.309000 8647.51 0.0,0.0,3.997246,3.578159,0.01125728,0.0
2017-08-11 09:26:14.180000 8667.381 0.0,0.0,3.997696,3.578826,0.01080562,0.0
2017-08-11 09:26:34.070000 8687.271 0.0,0.0,3.997246,3.577826,0.01065506,0.0
2017-08-11 09:26:53.921000 8707.122 0.0,0.0,3.997771,3.578743,0.01080562,0.0
2017-08-11 09:27:14.322000 8727.523 0.0,0.0,3.997621,3.578576,0.01088089,0.0
2017-08-11 09:27:34.212000 8747.413 0.0,0.0,3.99642,3.577992,0.01080562,0.0
2017-08-11 09:27:54.103000 8767.304 0.0,0.0,3.997696,3.578076,0.01155838,0.0
2017-08-11 09:28:13.994000 8787.195 0.0,0.0,3.997171,3.578076,0.01050451,0.0
2017-08-11 09:28:34.554000 8807.755 0.0,0.0,3.997321,3.578076,0.01110672,0.0
2017-08-11 09:28:54.535000 8827.736 0.0,0.0,3.997621,3.578326,0.01057979,0.0
2017-08-11 09:29:19.976000 8853.177 0.0,0.0,3.998371,3.578909,0.01125728,0.0
