#Human readable time. Time (s) since start. V @ ag47t. A @ ag47t. V @ ag47b. A @ ag47b. V @ ag49. A @ ag49.
2017-08-09 18:03:56.710000 1.44 0.0,0.0,3.997471,3.590246,0.0,0.0
2017-08-09 18:04:18.365000 23.095 0.0,0.0,3.997621,3.590246,0.0,0.0
2017-08-09 18:04:30.177000 34.907 0.0,0.0,3.997621,3.58958,0.0,0.0
2017-08-09 18:04:42.039000 46.769 0.0,0.0,3.998296,3.590413,0.0,0.0
2017-08-09 18:04:53.914000 58.644 0.0,0.0,3.997771,3.589913,0.0,0.0
2017-08-09 18:05:05.956000 70.686 0.0,0.0,3.997696,3.589663,0.0,0.0
2017-08-09 18:05:17.959000 82.689 0.0,0.0,3.998071,3.59058,0.0,0.0
2017-08-09 18:05:30.011000 94.741 0.0,0.0,3.997921,3.59033,0.0,0.0
2017-08-09 18:05:42.103000 106.833 0.0,0.0,3.997996,3.590413,0.0,0.0
2017-08-09 18:05:54.246000 118.976 0.0,0.0,3.997996,3.589496,0.0,0.0
2017-08-09 18:06:06.409000 131.139 0.0,0.0,3.997921,3.589913,0.0,0.0
2017-08-09 18:06:18.575000 143.305 0.0,0.0,3.997696,3.590246,0.0,0.0
2017-08-09 18:06:30.858000 155.588 0.0,0.0,3.997846,3.590246,0.0,0.0
2017-08-09 18:06:43.152000 167.882 0.0,0.0,3.997921,3.589913,0.0,0.0
2017-08-09 18:06:55.526000 180.256 0.0,0.0,3.997846,3.589746,0.0,0.0
2017-08-09 18:07:07.887000 192.617 0.0,0.0,3.997771,3.589996,0.0,0.0
2017-08-09 18:07:20.343000 205.073 0.0,0.0,3.997921,3.588413,0.0,0.0
2017-08-09 18:07:32.788000 217.518 0.0,0.0,3.997846,3.589496,0.0,0.0
2017-08-09 18:07:45.321000 230.051 0.0,0.0,3.998146,3.590246,0.0,0.0
2017-08-09 18:07:57.912000 242.642 0.0,0.0,3.997771,3.58983,0.0,0.0
2017-08-09 18:08:10.632000 255.362 0.0,0.0,3.997771,3.59033,0.0,0.0
2017-08-09 18:08:23.356000 268.086 0.0,0.0,3.997696,3.590246,0.0,0.0
2017-08-09 18:08:36.148000 280.878 0.0,0.0,3.997996,3.590246,0.0,0.0
2017-08-09 18:08:48.910000 293.64 0.0,0.0,3.997621,3.59008,0.0,0.0
2017-08-09 18:09:01.760000 306.49 0.0,0.0,3.997621,3.589746,0.0,0.0
2017-08-09 18:09:14.644000 319.374 0.0,0.0,3.997621,3.58983,0.0,0.0
2017-08-09 18:09:27.552000 332.282 0.0,0.0,3.998071,3.59008,0.0,0.0
2017-08-09 18:09:40.509000 345.239 0.0,0.0,3.997621,3.58958,0.0,0.0
2017-08-09 18:09:53.533000 358.263 0.0,0.0,3.997696,3.589996,0.0,0.0
2017-08-09 18:10:06.636000 371.366 0.0,0.0,3.997321,3.589746,0.0,0.0
2017-08-09 18:10:19.726000 384.456 0.0,0.0,3.997771,3.590246,0.0,0.0
2017-08-09 18:10:32.877000 397.607 0.0,0.0,3.997546,3.590163,0.0,0.0
2017-08-09 18:10:46.086000 410.816 0.0,0.0,3.997621,3.58983,0.0,0.0
2017-08-09 18:10:59.350000 424.08 0.0,0.0,3.997546,3.589663,0.0,0.0
2017-08-09 18:11:12.729000 437.459 0.0,0.0,3.997771,3.590246,0.0,0.0
2017-08-09 18:11:26.173000 450.903 0.0,0.0,3.997471,3.590413,0.0,0.0
2017-08-09 18:11:39.588000 464.318 0.0,0.0,3.997546,3.590497,0.0,0.0
2017-08-09 18:11:53.115000 477.845 0.0,0.0,3.997921,3.59008,0.0,0.0
2017-08-09 18:12:06.647000 491.377 0.0,0.0,3.997996,3.590163,0.0,0.0
2017-08-09 18:12:20.111000 504.841 0.0,0.0,3.997621,3.59008,0.0,0.0
2017-08-09 18:12:33.645000 518.375 0.0,0.0,3.997696,3.59033,0.0,0.0
2017-08-09 18:12:47.236000 531.966 0.0,0.0,3.997921,3.589496,0.0,0.0
2017-08-09 18:13:00.957000 545.687 0.0,0.0,3.997921,3.590413,0.0,0.0
2017-08-09 18:13:14.716000 559.446 0.0,0.0,3.997171,3.58983,0.0,0.0
2017-08-09 18:13:28.572000 573.302 0.0,0.0,3.997696,3.59008,0.0,0.0
2017-08-09 18:13:42.308000 587.038 0.0,0.0,3.998071,3.590746,0.0,0.0
2017-08-09 18:13:56.166000 600.896 0.0,0.0,3.997846,3.589996,0.0,0.0
2017-08-09 18:14:10.075000 614.805 0.0,0.0,3.997246,3.590246,0.0,0.0
2017-08-09 18:14:24.032000 628.762 0.0,0.0,3.997021,3.589913,0.0,0.0
2017-08-09 18:14:38.065000 642.795 0.0,0.0,3.997996,3.589913,0.0,0.0
2017-08-09 18:14:52.241000 656.971 0.0,0.0,3.997321,3.58983,0.0,0.0
2017-08-09 18:15:06.375000 671.105 0.0,0.0,3.997171,3.58958,0.0,0.0
2017-08-09 18:15:20.508000 685.238 0.0,0.0,3.997921,3.589913,0.0,0.0
2017-08-09 18:15:34.755000 699.485 0.0,0.0,3.997696,3.59008,0.0,0.0
2017-08-09 18:15:49.189000 713.919 0.0,0.0,3.997396,3.590246,0.0,0.0
2017-08-09 18:16:03.667000 728.397 0.0,0.0,3.997471,3.589913,0.0,0.0
2017-08-09 18:16:18.068000 742.798 0.0,0.0,3.997321,3.59033,0.0,0.0
2017-08-09 18:16:32.421000 757.151 0.0,0.0,3.997396,3.589746,0.0,0.0
2017-08-09 18:16:46.836000 771.566 0.0,0.0,3.997096,3.589246,0.0,0.0
2017-08-09 18:17:01.342000 786.072 0.0,0.0,3.997546,3.589663,0.0,0.0
2017-08-09 18:17:15.887000 800.617 0.0,0.0,3.997771,3.59008,0.0,0.0
2017-08-09 18:17:30.402000 815.132 0.0,0.0,3.997096,3.58958,0.0,0.0
2017-08-09 18:17:44.964000 829.694 0.0,0.0,3.997921,3.589913,0.0,0.0
2017-08-09 18:17:59.642000 844.372 0.0,0.0,3.997246,3.589329,0.0,0.0
2017-08-09 18:18:14.314000 859.044 0.0,0.0,3.997246,3.58958,0.0,0.0
2017-08-09 18:18:29.021000 873.751 0.0,0.0,3.997921,3.589496,0.0,0.0
2017-08-09 18:18:43.850000 888.58 0.0,0.0,3.997771,3.59033,0.0,0.0
2017-08-09 18:18:58.635000 903.365 0.0,0.0,3.998146,3.58958,0.0,0.0
2017-08-09 18:19:13.588000 918.318 0.0,0.0,3.997471,3.589413,0.0,0.0
2017-08-09 18:19:28.460000 933.19 0.0,0.0,3.997921,3.589663,0.0,0.0
2017-08-09 18:19:43.461000 948.191 0.0,0.0,3.997396,3.589746,0.0,0.0
2017-08-09 18:19:58.434000 963.164 0.0,0.0,3.997621,3.589746,0.0,0.0
2017-08-09 18:20:13.443000 978.173 0.0,0.0,3.997171,3.589496,0.0,0.0
2017-08-09 18:20:28.669000 993.399 0.0,0.0,3.997096,3.589913,0.0,0.0
2017-08-09 18:20:43.938000 1008.668 0.0,0.0,3.997621,3.590246,0.0,0.0
2017-08-09 18:20:59.168000 1023.898 0.0,0.0,3.997621,3.589913,0.0,0.0
2017-08-09 18:21:14.627000 1039.357 0.0,0.0,3.997621,3.589913,0.0,0.0
2017-08-09 18:21:30.036000 1054.766 0.0,0.0,3.997771,3.589663,0.0,0.0
2017-08-09 18:21:45.450000 1070.18 0.0,0.0,3.997396,3.589329,0.0,0.0
2017-08-09 18:22:00.797000 1085.527 0.0,0.0,3.997471,3.58908,0.0,0.0
2017-08-09 18:22:16.175000 1100.905 0.0,0.0,3.997246,3.589663,0.0,0.0
2017-08-09 18:22:31.723000 1116.453 0.0,0.0,3.997771,3.589913,0.0,0.0
2017-08-09 18:22:47.299000 1132.029 0.0,0.0,3.997396,3.589496,0.0,0.0
2017-08-09 18:23:02.802000 1147.532 0.0,0.0,3.997696,3.589746,0.0,0.0
2017-08-09 18:23:18.335000 1163.065 0.0,0.0,3.997246,3.589996,0.0,0.0
2017-08-09 18:23:33.967000 1178.697 0.0,0.0,3.997621,3.589413,0.0,0.0
2017-08-09 18:23:49.627000 1194.357 0.0,0.0,3.997546,3.589413,0.0,0.0
2017-08-09 18:24:05.461000 1210.191 0.0,0.0,3.997171,3.589163,0.0,0.0
2017-08-09 18:24:21.260000 1225.99 0.0,0.0,3.997471,3.58983,0.0,0.0
2017-08-09 18:24:37.071000 1241.801 0.0,0.0,3.997321,3.589413,0.0,0.0
2017-08-09 18:24:52.953000 1257.683 0.0,0.0,3.997321,3.589746,0.0,0.0
2017-08-09 18:25:08.981000 1273.711 0.0,0.0,3.997846,3.58958,0.0,0.0
2017-08-09 18:25:25.164000 1289.894 0.0,0.0,3.997396,3.590163,0.0,0.0
2017-08-09 18:25:41.278000 1306.008 0.0,0.0,3.997396,3.58983,0.0,0.0
2017-08-09 18:25:57.360000 1322.09 0.0,0.0,3.997471,3.589413,0.0,0.0
2017-08-09 18:26:13.528000 1338.258 0.0,0.0,3.996946,3.58958,0.0,0.0
2017-08-09 18:26:29.772000 1354.502 0.0,0.0,3.997321,3.58958,0.0,0.0
2017-08-09 18:26:45.969000 1370.699 0.0,0.0,3.997546,3.589913,0.0,0.0
2017-08-09 18:27:02.303000 1387.033 0.0,0.0,3.997321,3.589913,0.0,0.0
2017-08-09 18:27:18.551000 1403.281 0.0,0.0,3.997246,3.58983,0.0,0.0
2017-08-09 18:27:35.091000 1419.821 0.0,0.0,3.997921,3.589996,0.0,0.0
2017-08-09 18:27:51.478000 1436.208 0.0,0.0,3.997471,3.58958,0.0,0.0
2017-08-09 18:28:07.895000 1452.625 0.0,0.0,3.997171,3.589746,0.0,0.0
2017-08-09 18:28:24.412000 1469.142 0.0,0.0,3.997246,3.589413,0.0,0.0
2017-08-09 18:28:41.169000 1485.899 0.0,0.0,3.997096,3.589746,0.0,0.0
2017-08-09 18:28:58.036000 1502.766 0.0,0.0,3.997471,3.589913,0.0,0.0
2017-08-09 18:29:14.629000 1519.359 0.0,0.0,3.997396,3.589996,0.0,0.0
2017-08-09 18:29:31.248000 1535.978 0.0,0.0,3.997546,3.58908,0.0,0.0
2017-08-09 18:29:48.105000 1552.835 0.0,0.0,3.997771,3.589496,0.0,0.0
2017-08-09 18:30:05.363000 1570.093 0.0,0.0,3.997321,3.58958,0.0,0.0
2017-08-09 18:30:22.224000 1586.954 0.0,0.0,3.997696,3.589913,0.0,0.0
2017-08-09 18:30:39.093000 1603.823 0.0,0.0,3.997171,3.589496,0.0,0.0
2017-08-09 18:30:56.066000 1620.796 0.0,0.0,3.997471,3.589496,0.0,0.0
2017-08-09 18:31:13.291000 1638.021 0.0,0.0,3.997696,3.589996,0.0,0.0
2017-08-09 18:31:30.510000 1655.24 0.0,0.0,3.997321,3.589913,0.0,0.0
2017-08-09 18:31:47.727000 1672.457 0.0,0.0,3.997471,3.589413,0.0,0.0
2017-08-09 18:32:05.117000 1689.847 0.0,0.0,3.997171,3.58983,0.0,0.0
2017-08-09 18:32:22.421000 1707.151 0.0,0.0,3.997471,3.589329,0.0,0.0
2017-08-09 18:32:39.832000 1724.562 0.0,0.0,3.997096,3.589413,0.0,0.0
2017-08-09 18:32:57.158000 1741.888 0.0,0.0,3.997321,3.589913,0.0,0.0
2017-08-09 18:33:14.562000 1759.292 0.0,0.0,3.997546,3.588912,0.0,0.0
2017-08-09 18:33:31.953000 1776.683 0.0,0.0,3.997396,3.589663,0.0,0.0
2017-08-09 18:33:49.530000 1794.26 0.0,0.0,3.997096,3.589746,0.0,0.0
2017-08-09 18:34:06.964000 1811.694 0.0,0.0,3.997546,3.589413,0.0,0.0
2017-08-09 18:34:24.456000 1829.186 0.0,0.0,3.996946,3.589163,0.0,0.0
2017-08-09 18:34:41.942000 1846.672 0.0,0.0,3.997771,3.589329,0.0,0.0
2017-08-09 18:34:59.439000 1864.169 0.0,0.0,3.997171,3.589246,0.0,0.0
2017-08-09 18:35:16.999000 1881.729 0.0,0.0,3.997471,3.58958,0.0,0.0
2017-08-09 18:35:34.621000 1899.351 0.0,0.0,3.997471,3.589413,0.0,0.0
2017-08-09 18:35:52.336000 1917.066 0.0,0.0,3.996871,3.58958,0.0,0.0
2017-08-09 18:36:10.096000 1934.826 0.0,0.0,3.997621,3.589746,0.0,0.0
2017-08-09 18:36:27.969000 1952.699 0.0,0.0,3.997396,3.589746,0.0,0.0
2017-08-09 18:36:45.872000 1970.602 0.0,0.0,3.997621,3.589913,0.0,0.0
2017-08-09 18:37:03.743000 1988.473 0.0,0.0,3.997771,3.589413,0.0,0.0
2017-08-09 18:37:21.810000 2006.54 0.0,0.0,3.997771,3.59008,0.0,0.0
2017-08-09 18:37:40.139000 2024.869 0.0,0.0,3.997321,3.589413,0.0,0.0
2017-08-09 18:37:58.217000 2042.947 0.0,0.0,3.996946,3.588996,0.0,0.0
2017-08-09 18:38:16.201000 2060.931 0.0,0.0,3.997171,3.589413,0.0,0.0
2017-08-09 18:38:34.326000 2079.056 0.0,0.0,3.997321,3.589246,0.0,0.0
2017-08-09 18:38:52.432000 2097.162 0.0,0.0,3.997171,3.58908,0.0,0.0
2017-08-09 18:39:10.633000 2115.363 0.0,0.0,3.997546,3.58958,0.0,0.0
2017-08-09 18:39:28.810000 2133.54 0.0,0.0,3.997471,3.589913,0.0,0.0
2017-08-09 18:39:47.157000 2151.887 0.0,0.0,3.998071,3.590497,0.0,0.0
2017-08-09 18:40:05.510000 2170.24 0.0,0.0,3.997771,3.58958,0.0,0.0
2017-08-09 18:40:23.940000 2188.67 0.0,0.0,3.997471,3.589746,0.0,0.0
2017-08-09 18:40:42.309000 2207.039 0.0,0.0,3.997321,3.589329,0.0,0.0
2017-08-09 18:41:00.827000 2225.557 0.0,0.0,3.997921,3.589496,0.0,0.0
2017-08-09 18:41:19.496000 2244.226 0.0,0.0,3.997621,3.58958,0.0,0.0
2017-08-09 18:41:38.127000 2262.857 0.0,0.0,3.997621,3.589746,0.0,0.0
2017-08-09 18:41:56.783000 2281.513 0.0,0.0,3.997021,3.589329,0.0,0.0
2017-08-09 18:42:15.471000 2300.201 0.0,0.0,3.997471,3.589329,0.0,0.0
2017-08-09 18:42:34.186000 2318.916 0.0,0.0,3.997471,3.589329,0.0,0.0
2017-08-09 18:42:52.860000 2337.59 0.0,0.0,3.997621,3.58958,0.0,0.0
2017-08-09 18:43:11.812000 2356.542 0.0,0.0,3.997471,3.589329,0.0,0.0
2017-08-09 18:43:30.599000 2375.329 0.0,0.0,3.997321,3.589496,0.0,0.0
2017-08-09 18:43:49.428000 2394.158 0.0,0.0,3.997471,3.589746,0.0,0.0
2017-08-09 18:44:08.291000 2413.021 0.0,0.0,3.997246,3.589246,0.0,0.0
2017-08-09 18:44:27.211000 2431.941 0.0,0.0,3.997246,3.58983,0.0,0.0
2017-08-09 18:44:46.186000 2450.916 0.0,0.0,3.997171,3.589913,0.0,0.0
2017-08-09 18:45:05.263000 2469.993 0.0,0.0,3.997321,3.589746,0.0,0.0
2017-08-09 18:45:24.342000 2489.072 0.0,0.0,3.997621,3.590497,0.0,0.0
2017-08-09 18:45:43.478000 2508.208 0.0,0.0,3.997321,3.58983,0.0,0.0
2017-08-09 18:46:02.624000 2527.354 0.0,0.0,3.997471,3.58958,0.0,0.0
2017-08-09 18:46:21.837000 2546.567 0.0,0.0,3.997321,3.589746,0.0,0.0
2017-08-09 18:46:41.144000 2565.874 0.0,0.0,3.997321,3.58908,0.0,0.0
2017-08-09 18:47:00.619000 2585.349 0.0,0.0,3.997321,3.589496,0.0,0.0
2017-08-09 18:47:20.039000 2604.769 0.0,0.0,3.997246,3.58958,0.0,0.0
2017-08-09 18:47:39.614000 2624.344 0.0,0.0,3.997321,3.58983,0.0,0.0
2017-08-09 18:47:59.421000 2644.151 0.0,0.0,3.997621,3.58958,0.0,0.0
2017-08-09 18:48:19.135000 2663.865 0.0,0.0,3.997321,3.589496,0.0,0.0
2017-08-09 18:48:38.834000 2683.564 0.0,0.0,3.997246,3.588996,0.0,0.0
2017-08-09 18:48:58.736000 2703.466 0.0,0.0,3.997471,3.589663,0.0,0.0
2017-08-09 18:49:18.596000 2723.326 0.0,0.0,3.997696,3.58958,0.0,0.0
2017-08-09 18:49:38.236000 2742.966 0.0,0.0,3.997621,3.589663,0.0,0.0
2017-08-09 18:49:58.161000 2762.891 0.0,0.0,3.997396,3.589246,0.0,0.0
2017-08-09 18:50:17.922000 2782.652 0.0,0.0,3.997471,3.589496,0.0,0.0
2017-08-09 18:50:38.009000 2802.739 0.0,0.0,3.997471,3.589496,0.0,0.0
2017-08-09 18:50:57.893000 2822.623 0.0,0.0,3.997096,3.589329,0.0,0.0
2017-08-09 18:51:17.837000 2842.567 0.0,0.0,3.997621,3.589413,0.0,0.0
2017-08-09 18:51:37.841000 2862.571 0.0,0.0,3.997471,3.58958,0.0,0.0
2017-08-09 18:51:57.820000 2882.55 0.0,0.0,3.997246,3.589746,0.0,0.0
2017-08-09 18:52:18.258000 2902.988 0.0,0.0,3.997771,3.589163,0.0,0.0
2017-08-09 18:52:38.333000 2923.063 0.0,0.0,3.997171,3.589496,0.0,0.0
2017-08-09 18:52:58.632000 2943.362 0.0,0.0,3.997771,3.589663,0.0,0.0
2017-08-09 18:53:18.966000 2963.696 0.0,0.0,3.997471,3.589413,0.0,0.0
2017-08-09 18:53:39.332000 2984.062 0.0,0.0,3.997696,3.58958,0.0,0.0
2017-08-09 18:53:59.655000 3004.385 0.0,0.0,3.997621,3.589246,0.0,0.0
2017-08-09 18:54:20.099000 3024.829 0.0,0.0,3.996946,3.589413,0.0,0.0
2017-08-09 18:54:40.437000 3045.167 0.0,0.0,3.997096,3.588996,0.0,0.0
2017-08-09 18:55:01.129000 3065.859 0.0,0.0,3.997171,3.588912,0.0,0.0
2017-08-09 18:55:21.557000 3086.287 0.0,0.0,3.997621,3.58908,0.0,0.0
2017-08-09 18:55:42.078000 3106.808 0.0,0.0,3.997096,3.588912,0.0,0.0
2017-08-09 18:56:02.645000 3127.375 0.0,0.0,3.997171,3.588912,0.0,0.0
2017-08-09 18:56:23.545000 3148.275 0.0,0.0,3.997771,3.589746,0.0,0.0
2017-08-09 18:56:44.266000 3168.996 0.0,0.0,3.997771,3.58958,0.0,0.0
2017-08-09 18:57:05.047000 3189.777 0.0,0.0,3.997621,3.588912,0.0,0.0
2017-08-09 18:57:26.030000 3210.76 0.0,0.0,3.997471,3.589246,0.0,0.0
2017-08-09 18:57:46.859000 3231.589 0.0,0.0,3.997696,3.589996,0.0,0.0
2017-08-09 18:58:07.925000 3252.655 0.0,0.0,3.997471,3.589246,0.0,0.0
2017-08-09 18:58:28.793000 3273.523 0.0,0.0,3.997771,3.589413,0.0,0.0
2017-08-09 18:58:49.919000 3294.649 0.0,0.0,3.997621,3.589163,0.0,0.0
2017-08-09 18:59:10.877000 3315.607 0.0,0.0,3.997996,3.589913,0.0,0.0
2017-08-09 18:59:31.982000 3336.712 0.0,0.0,3.997621,3.588996,0.0,0.0
2017-08-09 18:59:53.100000 3357.83 0.0,0.0,3.997921,3.589746,0.0,0.0
2017-08-09 19:00:14.712000 3379.442 0.0,0.0,3.997771,3.589163,0.0,0.0
2017-08-09 19:00:35.925000 3400.655 0.0,0.0,3.997696,3.58983,0.0,0.0
2017-08-09 19:00:57.201000 3421.931 0.0,0.0,3.997846,3.58983,0.0,0.0
2017-08-09 19:01:18.500000 3443.23 0.0,0.0,3.997771,3.590163,0.0,0.0
2017-08-09 19:01:40.065000 3464.795 0.0,0.0,3.997771,3.589413,0.0,0.0
2017-08-09 19:02:01.451000 3486.181 0.0,0.0,3.997171,3.589413,0.0,0.0
2017-08-09 19:02:22.876000 3507.606 0.0,0.0,3.997471,3.589246,0.0,0.0
2017-08-09 19:02:44.412000 3529.142 0.0,0.0,3.997471,3.589663,0.0,0.0
2017-08-09 19:03:05.983000 3550.713 0.0,0.0,3.997546,3.589329,0.0,0.0
2017-08-09 19:03:27.665000 3572.395 0.0,0.0,3.997771,3.589413,0.0,0.0
2017-08-09 19:03:49.641000 3594.371 0.0,0.0,3.997771,3.58958,0.0,0.0
2017-08-09 19:04:11.379000 3616.109 0.0,0.0,3.997996,3.58983,0.0,0.0
2017-08-09 19:04:33.053000 3637.783 0.0,0.0,3.997171,3.589329,0.0,0.0
2017-08-09 19:04:54.975000 3659.705 0.0,0.0,3.997546,3.58958,0.0,0.0
2017-08-09 19:05:16.784000 3681.514 0.0,0.0,3.998071,3.589913,0.0,0.0
2017-08-09 19:05:38.804000 3703.534 0.0,0.0,3.997846,3.590246,0.0,0.0
2017-08-09 19:06:00.815000 3725.545 0.0,0.0,3.997546,3.589329,0.0,0.0
2017-08-09 19:06:22.762000 3747.492 0.0,0.0,3.997171,3.58958,0.0,0.0
2017-08-09 19:06:44.794000 3769.524 0.0,0.0,3.997921,3.589413,0.0,0.0
2017-08-09 19:07:06.999000 3791.729 0.0,0.0,3.998071,3.589913,0.0,0.0
2017-08-09 19:07:29.777000 3814.507 0.0,0.0,3.997396,3.588996,0.0,0.0
2017-08-09 19:07:51.806000 3836.536 0.0,0.0,3.997621,3.588912,0.0,0.0
2017-08-09 19:08:14.059000 3858.789 0.0,0.0,3.997621,3.58983,0.0,0.0
2017-08-09 19:08:36.260000 3880.99 0.0,0.0,3.997621,3.589746,0.0,0.0
2017-08-09 19:08:58.607000 3903.337 0.0,0.0,3.997771,3.589329,0.0,0.0
2017-08-09 19:09:20.820000 3925.55 0.0,0.0,3.997921,3.589996,0.0,0.0
2017-08-09 19:09:43.283000 3948.013 0.0,0.0,3.997621,3.589663,0.0,0.0
2017-08-09 19:10:05.660000 3970.39 0.0,0.0,3.997621,3.589496,0.0,0.0
2017-08-09 19:10:28.096000 3992.826 0.0,0.0,3.997996,3.590497,0.0,0.0
2017-08-09 19:10:50.404000 4015.134 0.0,0.0,3.997246,3.589496,0.0,0.0
2017-08-09 19:11:13.100000 4037.83 0.0,0.0,3.997246,3.58958,0.0,