#Human readable time. Time (s) since start. V @ ag47t. A @ ag47t. V @ ag47b. A @ ag47b. V @ ag49. A @ ag49.
2017-05-08 16:39:37.331000 0.0 0.0,0.0,0.0,0.0,0.0,0.0
2017-05-08 16:39:50.216000 12.885 0.0,0.0,0.0,0.0,0.0,0.0
2017-05-08 16:40:01.820000 24.489 0.0,0.0,0.0,0.0,0.0,0.0
2017-05-08 16:40:13.444000 36.113 0.0,0.0,0.0,0.0,0.0,0.0
2017-05-08 16:40:25.099000 47.768 0.0,0.0,0.0,0.0,0.0,0.0
2017-05-08 16:40:36.843000 59.512 0.0,0.0,0.0,0.0,0.0,0.0
2017-05-08 16:40:48.587000 71.256 0.0,0.0,0.0,0.0,0.0,0.0
2017-05-08 16:41:00.403000 83.072 0.0,0.0,0.0,0.0,0.0,0.0
2017-05-08 16:41:12.287000 94.956 0.0,0.0,0.0,0.0,0.0,0.0
2017-05-08 16:41:24.111000 106.78 0.0,0.0,0.0,0.0,0.0,0.0
2017-05-08 16:41:36.067000 118.736 0.0,0.0,0.0,0.0,0.0,0.0
2017-05-08 16:41:48.051000 130.72 0.0,0.0,0.0,0.0,0.0,0.0
2017-05-08 16:42:00.046000 142.715 0.0,0.0,0.0,0.0,0.0,0.0
2017-05-08 16:42:12.060000 154.729 0.0,0.0,0.0,0.0,0.0,0.0
2017-05-08 16:42:24.134000 166.803 0.0,0.0,0.0,0.0,0.0,0.0
2017-05-08 16:42:36.250000 178.919 0.0,0.0,0.0,0.0,0.0,0.0
2017-05-08 16:42:48.424000 191.093 0.0,0.0,0.0,0.0,0.0,0.0
2017-05-08 16:43:00.609000 203.278 0.0,0.0,0.0,0.0,0.0,0.0
2017-05-08 16:43:12.853000 215.522 0.0,0.0,0.0,0.0,0.0,0.0
2017-05-08 16:43:25.107000 227.776 0.0,0.0,0.0,0.0,0.0,0.0
2017-05-08 16:43:37.513000 240.182 0.0,0.0,0.0,0.0,0.0,0.0
2017-05-08 16:43:50.027000 252.696 0.0,0.0,0.0,0.0,0.0,0.0
2017-05-08 16:44:02.462000 265.131 0.0,0.0,0.0,0.0,0.0,0.0
2017-05-08 16:44:14.896000 277.565 0.0,0.0,0.0,0.0,0.0,0.0
2017-05-08 16:44:27.362000 290.031 0.0,0.0,0.0,0.0,0.0,0.0
2017-05-08 16:44:39.886000 302.555 0.0,0.0,0.0,0.0,0.0,0.0
2017-05-08 16:44:52.462000 315.131 0.0,0.0,0.0,0.0,0.0,0.0
2017-05-08 16:45:05.097000 327.766 0.0,0.0,0.0,0.0,0.0,0.0
2017-05-08 16:45:17.743000 340.412 0.0,0.0,0.0,0.0,0.0,0.0
2017-05-08 16:45:30.417000 353.086 0.0,0.0,0.0,0.0,0.0,0.0
2017-05-08 16:45:43.172000 365.841 0.0,0.0,0.0,0.0,0.0,0.0
2017-05-08 16:45:55.906000 378.575 0.0,0.0,0.0,0.0,0.0,0.0
2017-05-08 16:46:08.672000 391.341 0.0,0.0,0.0,0.0,0.0,0.0
2017-05-08 16:46:21.487000 404.156 0.0,0.0,0.0,0.0,0.0,0.0
2017-05-08 16:46:34.411000 417.08 0.0,0.0,0.0,0.0,0.0,0.0
2017-05-08 16:46:47.296000 429.965 0.0,0.0,0.0,0.0,0.0,0.0
2017-05-08 16:47:00.260000 442.929 0.0,0.0,0.0,0.0,0.0,0.0
2017-05-08 16:47:13.226000 455.895 0.0,0.0,0.0,0.0,0.0,0.0
2017-05-08 16:47:26.190000 468.859 0.0,0.0,0.0,0.0,0.0,0.0
2017-05-08 16:47:39.256000 481.925 0.0,0.0,0.0,0.0,0.0,0.0
2017-05-08 16:47:52.341000 495.01 0.0,0.0,0.0,0.0,0.0,0.0
2017-05-08 16:48:05.484000 508.153 0.0,0.0,0.0,0.0,0.0,0.0
2017-05-08 16:48:18.629000 521.298 0.0,0.0,0.0,0.0,0.0,0.0
2017-05-08 16:48:31.874000 534.543 0.0,0.0,0.0,0.0,0.0,0.0
2017-05-08 16:48:45.138000 547.807 0.0,0.0,0.0,0.0,0.0,0.0
2017-05-08 16:48:58.463000 561.132 0.0,0.0,0.0,0.0,0.0,0.0
2017-05-08 16:49:11.836000 574.505 0.0,0.0,0.0,0.0,0.0,0.0
2017-05-08 16:49:25.252000 587.921 0.0,0.0,0.0,0.0,0.0,0.0
2017-05-08 16:49:38.667000 601.336 0.0,0.0,0.0,0.0,0.0,0.0
2017-05-08 16:49:52.132000 614.801 0.0,0.0,0.0,0.0,0.0,0.0
2017-05-08 16:50:05.666000 628.335 0.0,0.0,0.0,0.0,0.0,0.0
2017-05-08 16:50:19.191000 641.86 0.0,0.0,0.0,0.0,0.0,0.0
2017-05-08 16:50:32.755000 655.424 0.0,0.0,0.0,0.0,0.0,0.0
2017-05-08 16:50:46.379000 669.048 0.0,0.0,0.0,0.0,0.0,0.0
2017-05-08 16:51:00.045000 682.714 0.0,0.0,0.0,0.0,0.0,0.0
2017-05-08 16:51:13.740000 696.409 0.0,0.0,0.0,0.0,0.0,0.0
2017-05-08 16:51:27.475000 710.144 0.0,0.0,0.0,0.0,0.0,0.0
2017-05-08 16:51:41.249000 723.918 0.0,0.0,0.0,0.0,0.0,0.0
2017-05-08 16:51:55.094000 737.763 0.0,0.0,0.0,0.0,0.0,0.0
2017-05-08 16:52:08.979000 751.648 0.0,0.0,0.0,0.0,0.0,0.0
2017-05-08 16:52:22.864000 765.533 0.0,0.0,0.0,0.0,0.0,0.0
2017-05-08 16:52:36.878000 779.547 0.0,0.0,0.0,0.0,0.0,0.0
2017-05-08 16:52:50.864000 793.533 0.0,0.0,0.0,0.0,0.0,0.0
2017-05-08 16:53:04.969000 807.638 0.0,0.0,0.0,0.0,0.0,0.0
2017-05-08 16:53:19.024000 821.693 0.0,0.0,0.0,0.0,0.0,0.0
2017-05-08 16:53:33.109000 835.778 0.0,0.0,0.0,0.0,0.0,0.0
2017-05-08 16:53:47.223000 849.892 0.0,0.0,0.0,0.0,0.0,0.0
2017-05-08 16:54:01.349000 864.018 0.0,0.0,0.0,0.0,0.0,0.0
2017-05-08 16:54:15.554000 878.223 0.0,0.0,0.0,0.0,0.0,0.0
2017-05-08 16:54:29.829000 892.498 0.0,0.0,0.0,0.0,0.0,0.0
2017-05-08 16:54:44.114000 906.783 0.0,0.0,0.0,0.0,0.0,0.0
2017-05-08 16:54:58.399000 921.068 0.0,0.0,0.0,0.0,0.0,0.0
2017-05-08 16:55:12.732000 935.401 0.0,0.0,0.0,0.0,0.0,0.0
2017-05-08 16:55:27.127000 949.796 0.0,0.0,0.0,0.0,0.0,0.0
2017-05-08 16:55:41.491000 964.16 0.0,0.0,0.0,0.0,0.0,0.0
2017-05-08 16:55:55.956000 978.625 0.0,0.0,0.0,0.0,0.0,0.0
2017-05-08 16:56:10.451000 993.12 0.0,0.0,0.0,0.0,0.0,0.0
2017-05-08 16:56:24.966000 1007.635 0.0,0.0,0.0,0.0,0.0,0.0
2017-05-08 16:56:39.541000 1022.21 0.0,0.0,0.0,0.0,0.0,0.0
2017-05-08 16:56:54.147000 1036.816 0.0,0.0,0.0,0.0,0.0,0.0
2017-05-08 16:57:08.781000 1051.45 0.0,0.0,0.0,0.0,0.0,0.0
2017-05-08 16:57:23.467000 1066.136 0.0,0.0,0.0,0.0,0.0,0.0
2017-05-08 16:57:38.153000 1080.822 0.0,0.0,0.0,0.0,0.0,0.0
2017-05-08 16:57:52.929000 1095.598 0.0,0.0,0.0,0.0,0.0,0.0
2017-05-08 16:58:07.724000 1110.393 0.0,0.0,0.0,0.0,0.0,0.0
2017-05-08 16:58:22.619000 1125.288 0.0,0.0,0.0,0.0,0.0,0.0
2017-05-08 16:58:37.494000 1140.163 0.0,0.0,0.0,0.0,0.0,0.0
2017-05-08 16:58:52.539000 1155.208 0.0,0.0,0.0,0.0,0.0,0.0
2017-05-08 16:59:07.504000 1170.173 0.0,0.0,0.0,0.0,0.0,0.0
2017-05-08 16:59:22.499000 1185.168 0.0,0.0,0.0,0.0,0.0,0.0
2017-05-08 16:59:37.553000 1200.222 0.0,0.0,0.0,0.0,0.0,0.0
2017-05-08 16:59:52.608000 1215.277 0.0,0.0,0.0,0.0,0.0,0.0
2017-05-08 17:00:07.703000 1230.372 0.0,0.0,0.0,0.0,0.0,0.0
2017-05-08 17:00:22.837000 1245.506 0.0,0.0,0.0,0.0,0.0,0.0
2017-05-08 17:00:38.051000 1260.72 0.0,0.0,0.0,0.0,0.0,0.0
2017-05-08 17:00:53.266000 1275.935 0.0,0.0,0.0,0.0,0.0,0.0
2017-05-08 17:01:08.581000 1291.25 0.0,0.0,0.0,0.0,0.0,0.0
2017-05-08 17:01:23.835000 1306.504 0.0,0.0,0.0,0.0,0.0,0.0
2017-05-08 17:01:39.120000 1321.789 0.0,0.0,0.0,0.0,0.0,0.0
2017-05-08 17:01:54.516000 1337.185 0.0,0.0,0.0,0.0,0.0,0.0
2017-05-08 17:02:09.942000 1352.611 0.0,0.0,0.0,0.0,0.0,0.0
2017-05-08 17:02:25.399000 1368.068 0.0,0.0,0.0,0.0,0.0,0.0
2017-05-08 17:02:40.904000 1383.573 0.0,0.0,0.0,0.0,0.0,0.0
2017-05-08 17:02:56.439000 1399.108 0.0,0.0,0.0,0.0,0.0,0.0
2017-05-08 17:03:11.974000 1414.643 0.0,0.0,0.0,0.0,0.0,0.0
2017-05-08 17:03:27.709000 1430.378 0.0,0.0,0.0,0.0,0.0,0.0
2017-05-08 17:03:43.644000 1446.313 0.0,0.0,0.0,0.0,0.0,0.0
2017-05-08 17:03:59.358000 1462.027 0.0,0.0,0.0,0.0,0.0,0.0
2017-05-08 17:04:15.201000 1477.87 0.0,0.0,0.0,0.0,0.0,0.0
2017-05-08 17:05:16.797000 1539.466 0.0,0.0,0.0,0.0,0.0,0.0
2017-05-08 17:06:24.360000 1607.029 0.0,0.0,0.0,0.0,0.0,0.0
2017-05-08 17:06:40.377000 1623.046 0.0,0.0,0.0,0.0,0.0,0.0
2017-05-08 17:06:56.363000 1639.032 0.0,0.0,0.0,0.0,0.0,0.0
2017-05-08 17:07:12.552000 1655.221 0.0,0.0,0.0,0.0,0.0,0.0
2017-05-08 17:07:28.627000 1671.296 0.0,0.0,0.0,0.0,0.0,0.0
2017-05-08 17:07:44.855000 1687.524 0.0,0.0,0.0,0.0,0.0,0.0
2017-05-08 17:08:01.051000 1703.72 0.0,0.0,0.0,0.0,0.0,0.0
2017-05-08 17:08:17.287000 1719.956 0.0,0.0,0.0,0.0,0.0,0.0
2017-05-08 17:08:33.535000 1736.204 0.0,0.0,0.0,0.0,0.0,0.0
2017-05-08 17:08:49.894000 1752.563 0.0,0.0,0.0,0.0,0.0,0.0
2017-05-08 17:09:06.233000 1768.902 0.0,0.0,0.0,0.0,0.0,0.0
2017-05-08 17:09:22.624000 1785.293 0.0,0.0,0.0,0.0,0.0,0.0
2017-05-08 17:09:39.013000 1801.682 0.0,0.0,0.0,0.0,0.0,0.0
2017-05-08 17:09:55.477000 1818.146 0.0,0.0,0.0,0.0,0.0,0.0
2017-05-08 17:10:11.939000 1834.608 0.0,0.0,0.0,0.0,0.0,0.0
2017-05-08 17:10:28.438000 1851.107 0.0,0.0,0.0,0.0,0.0,0.0
2017-05-08 17:10:44.997000 1867.666 0.0,0.0,0.0,0.0,0.0,0.0
