2017-07-08 00:00:48.727000 118078.216 1.598298 0.0 0.0 0.0 0.001245459 0.004627157
2017-07-08 00:02:04.076000 118153.565 1.598073 0.0 0.0 0.0 0.0004174138 0.004778951
2017-07-08 00:03:19.543000 118229.032 1.598298 0.0 0.0 0.0 0.001019629 0.00455126
2017-07-08 00:04:34.942000 118304.431 1.598223 0.0 0.0 0.0 0.0007937979 0.004095878
2017-07-08 00:05:50.360000 118379.849 1.597322 0.0 0.0 0.0 0.0001163065 0.00455126
2017-07-08 00:07:05.879000 118455.368 1.598148 0.0 0.0 0.0 0.0008690747 0.004854847
2017-07-08 00:08:16.325000 118525.814 1.597096 0.0 0.0 0.0 0.0005679675 0.00455126
2017-07-08 00:09:31.727000 118601.216 1.598073 0.0 0.0 0.0 0.0006432443 0.004095878
2017-07-08 00:10:47.141000 118676.63 1.598223 0.0 0.0 0.0 0.0009443516 0.004171775
2017-07-08 00:12:02.408000 118751.897 1.598073 0.0 0.0 0.0 0.001019629 0.004778951
2017-07-08 00:13:17.867000 118827.356 1.597021 0.0 0.0 0.0 0.001094905 0.004095878
2017-07-08 00:14:33.354000 118902.843 1.598373 0.0 0.0 0.0 0.0007937979 0.004247672
2017-07-08 00:15:48.891000 118978.38 1.597171 0.0 0.0 0.0 0.001094905 0.003716393
2017-07-08 00:16:59.369000 119048.858 1.598373 0.0 0.0 0.0 0.0006432443 0.004627157
2017-07-08 00:18:14.348000 119123.837 1.598373 0.0 0.0 0.0 0.0008690747 0.004627157
2017-07-08 00:19:29.697000 119199.186 1.597322 0.0 0.0 0.0 0.0005679675 0.004399466
2017-07-08 00:20:45.345000 119274.834 1.597397 0.0 0.0 0.0 0.001396012 0.003716393
2017-07-08 00:22:00.905000 119350.394 1.597923 0.0 0.0 0.0 0.0008690747 0.00455126
2017-07-08 00:23:16.610000 119426.099 1.598524 0.0 0.0 0.0 0.0007185212 0.00455126
2017-07-08 00:24:32.317000 119501.806 1.598298 0.0 0.0 0.0 3.424719e-05 0.004854847
2017-07-08 00:25:42.653000 119572.142 1.597171 0.0 0.0 0.0 0.001170182 0.004095878
2017-07-08 00:26:58.392000 119647.881 1.597998 0.0 0.0 0.0 0.0007937979 0.003944084
2017-07-08 00:28:14.114000 119723.603 1.598373 0.0 0.0 0.0 0.001471289 0.003336909
2017-07-08 00:29:29.905000 119799.394 1.597772 0.0 0.0 0.0 0.0008690747 0.004627157
2017-07-08 00:30:45.804000 119875.293 1.598223 0.0 0.0 0.0 0.001094905 0.003716393
2017-07-08 00:32:01.571000 119951.06 1.59642 0.0 0.0 0.0 0.0006432443 0.005006641
2017-07-08 00:33:17.389000 120026.878 1.597998 0.0 0.0 0.0 0.0006432443 0.004703054
2017-07-08 00:34:27.986000 120097.475 1.598223 0.0 0.0 0.0 0.0009443516 0.004171775
2017-07-08 00:35:43.682000 120173.171 1.598373 0.0 0.0 0.0 0.0006432443 0.004247672
2017-07-08 00:36:59.409000 120248.898 1.598148 0.0 0.0 0.0 0.001320736 0.003109218
2017-07-08 00:38:14.947000 120324.436 1.598524 0.0 0.0 0.0 0.001320736 0.003868187
2017-07-08 00:39:30.821000 120400.31 1.597171 0.0 0.0 0.0 0.0007185212 0.004247672
2017-07-08 00:40:46.681000 120476.17 1.597847 0.0 0.0 0.0 0.001546566 0.004095878
2017-07-08 00:42:02.428000 120551.917 1.597246 0.0 0.0 0.0 0.0004174138 0.004399466
2017-07-08 00:43:13.275000 120622.764 1.597923 0.0 0.0 0.0 0.0006432443 0.004703054
2017-07-08 00:44:29.212000 120698.701 1.598073 0.0 0.0 0.0 0.0005679675 0.004247672
2017-07-08 00:45:45.259000 120774.748 1.597322 0.0 0.0 0.0 0.0007937979 0.004247672
2017-07-08 00:47:01.146000 120850.635 1.598073 0.0 0.0 0.0 0.0008690747 0.00455126
2017-07-08 00:48:17.144000 120926.633 1.598223 0.0 0.0 0.0 0.0005679675 0.004399466
2017-07-08 00:49:33.132000 121002.621 1.597547 0.0 0.0 0.0 0.001396012 0.003868187
2017-07-08 00:50:49.198000 121078.687 1.598073 0.0 0.0 0.0 0.001019629 0.004247672
2017-07-08 00:52:00.136000 121149.625 1.598298 0.0 0.0 0.0 0.0008690747 0.003944084
2017-07-08 00:53:16.302000 121225.791 1.598223 0.0 0.0 0.0 0.001170182 0.00455126
2017-07-08 00:54:32.581000 121302.07 1.598223 0.0 0.0 0.0 0.0004174138 0.004399466
2017-07-08 00:55:48.750000 121378.239 1.598373 0.0 0.0 0.0 0.0005679675 0.004247672
2017-07-08 00:57:04.839000 121454.328 1.598298 0.0 0.0 0.0 0.0008690747 0.004247672
2017-07-08 00:58:21.156000 121530.645 1.596495 0.0 0.0 0.0 0.0004174138 0.004399466
2017-07-08 00:59:37.226000 121606.715 1.597622 0.0 0.0 0.0 0.0006432443 0.004019981
2017-07-08 01:00:53.596000 121683.085 1.597322 0.0 0.0 0.0 0.001320736 0.004095878
2017-07-08 01:02:09.695000 121759.184 1.597622 0.0 0.0 0.0 0.001170182 0.004475363
2017-07-08 01:03:26.106000 121835.595 1.598073 0.0 0.0 0.0 0.0007185212 0.004095878
2017-07-08 01:04:47.415000 121916.904 1.598298 0.0 0.0 0.0 0.0008690747 0.00455126
2017-07-08 01:06:03.855000 121993.344 1.597322 0.0 0.0 0.0 0.0009443516 0.004247672
2017-07-08 01:07:20.262000 122069.751 1.597322 0.0 0.0 0.0 0.0007185212 0.004703054
2017-07-08 01:08:36.661000 122146.15 1.596345 0.0 0.0 0.0 0.0006432443 0.003868187
2017-07-08 01:09:47.996000 122217.485 1.597171 0.0 0.0 0.0 0.0007185212 0.00455126
2017-07-08 01:11:04.410000 122293.899 1.597397 0.0 0.0 0.0 0.0007185212 0.004171775
2017-07-08 01:12:20.879000 122370.368 1.597847 0.0 0.0 0.0 0.001320736 0.003488703
2017-07-08 01:13:37.157000 122446.646 1.598824 0.0 0.0 0.0 0.0005679675 0.003944084
2017-07-08 01:14:53.654000 122523.143 1.597772 0.0 0.0 0.0 0.0005679675 0.003944084
2017-07-08 01:16:10.252000 122599.741 1.596345 0.0 0.0 0.0 0.000342137 0.004930745
2017-07-08 01:17:26.631000 122676.12 1.598223 0.0 0.0 0.0 0.001170182 0.003488703
2017-07-08 01:18:38.107000 122747.596 1.598073 0.0 0.0 0.0 0.0002668601 0.004627157
2017-07-08 01:19:54.645000 122824.134 1.598223 0.0 0.0 0.0 0.001320736 0.003488703
2017-07-08 01:21:16.324000 122905.813 1.597246 0.0 0.0 0.0 0.001320736 0.003640496
2017-07-08 01:22:32.974000 122982.463 1.598524 0.0 0.0 0.0 0.001170182 0.004399466
2017-07-08 01:23:49.734000 123059.223 1.598298 0.0 0.0 0.0 0.001019629 0.004399466
2017-07-08 01:25:06.461000 123135.95 1.597472 0.0 0.0 0.0 0.0008690747 0.003640496
2017-07-08 01:26:23.200000 123212.689 1.597998 0.0 0.0 0.0 0.0009443516 0.003944084
2017-07-08 01:27:34.928000 123284.417 1.597096 0.0 0.0 0.0 0.0009443516 0.004323569
2017-07-08 01:28:51.675000 123361.164 1.598223 0.0 0.0 0.0 0.001094905 0.003868187
2017-07-08 01:30:08.363000 123437.852 1.597246 0.0 0.0 0.0 0.001396012 0.003716393
2017-07-08 01:31:25.114000 123514.603 1.598223 0.0 0.0 0.0 0.0007185212 0.004247672
2017-07-08 01:32:41.982000 123591.471 1.597322 0.0 0.0 0.0 0.0007185212 0.004095878
2017-07-08 01:33:58.570000 123668.059 1.598223 0.0 0.0 0.0 0.0007185212 0.003640496
2017-07-08 01:35:15.289000 123744.778 1.597021 0.0 0.0 0.0 0.001019629 0.004019981
2017-07-08 01:36:26.886000 123816.375 1.597998 0.0 0.0 0.0 0.001094905 0.004323569
2017-07-08 01:37:43.644000 123893.133 1.598073 0.0 0.0 0.0 0.0008690747 0.003944084
2017-07-08 01:39:00.466000 123969.955 1.597472 0.0 0.0 0.0 0.0007937979 0.004323569
2017-07-08 01:40:17.340000 124046.829 1.597021 0.0 0.0 0.0 0.0007185212 0.004171775
2017-07-08 01:41:34.075000 124123.564 1.597246 0.0 0.0 0.0 0.0009443516 0.003261012
2017-07-08 01:42:55.896000 124205.385 1.598223 0.0 0.0 0.0 0.0008690747 0.004095878
2017-07-08 01:44:12.885000 124282.374 1.598073 0.0 0.0 0.0 0.001170182 0.003033321
2017-07-08 01:45:24.883000 124354.372 1.598373 0.0 0.0 0.0 0.001546566 0.0035646
2017-07-08 01:46:42.040000 124431.529 1.598148 0.0 0.0 0.0 0.0007937979 0.004323569
2017-07-08 01:47:59.240000 124508.729 1.597998 0.0 0.0 0.0 0.0007185212 0.004095878
2017-07-08 01:49:16.460000 124585.949 1.598223 0.0 0.0 0.0 0.0007185212 0.004399466
2017-07-08 01:50:33.567000 124663.056 1.597021 0.0 0.0 0.0 0.001396012 0.0035646
2017-07-08 01:51:50.756000 124740.245 1.597322 0.0 0.0 0.0 0.001019629 0.004095878
2017-07-08 01:53:07.974000 124817.463 1.598073 0.0 0.0 0.0 0.0009443516 0.004399466
2017-07-08 01:54:20.184000 124889.673 1.598073 0.0 0.0 0.0 0.0007185212 0.003868187
2017-07-08 01:55:37.314000 124966.803 1.598223 0.0 0.0 0.0 0.001396012 0.003412806
2017-07-08 01:56:54.421000 125043.91 1.597322 0.0 0.0 0.0 0.0004926907 0.004323569
2017-07-08 01:58:11.810000 125121.299 1.597998 0.0 0.0 0.0 0.0001163065 0.004171775
2017-07-08 01:59:29.238000 125198.727 1.597397 0.0 0.0 0.0 0.0008690747 0.004247672
2017-07-08 02:00:46.766000 125276.255 1.597472 0.0 0.0 0.0 0.0008690747 0.004171775
2017-07-08 02:02:04.272000 125353.761 1.598223 0.0 0.0 0.0 0.001170182 0.003488703
2017-07-08 02:03:16.580000 125426.069 1.598223 0.0 0.0 0.0 0.0008690747 0.003640496
2017-07-08 02:04:34.111000 125503.6 1.598073 0.0 0.0 0.0 0.0009443516 0.003488703
2017-07-08 02:05:51.619000 125581.108 1.597322 0.0 0.0 0.0 0.0005679675 0.004399466
2017-07-08 02:07:09.229000 125658.718 1.597397 0.0 0.0 0.0 0.001170182 0.004019981
2017-07-08 02:08:26.631000 125736.12 1.597772 0.0 0.0 0.0 0.0008690747 0.004247672
2017-07-08 02:09:44.059000 125813.548 1.597096 0.0 0.0 0.0 0.0008690747 0.003944084
2017-07-08 02:11:01.399000 125890.888 1.597021 0.0 0.0 0.0 0.0005679675 0.00455126
2017-07-08 02:12:13.775000 125963.264 1.597322 0.0 0.0 0.0 0.0009443516 0.003640496
2017-07-08 02:13:30.773000 126040.262 1.598223 0.0 0.0 0.0 0.0005679675 0.004247672
2017-07-08 02:14:48.310000 126117.799 1.598073 0.0 0.0 0.0 0.001094905 0.003868187
2017-07-08 02:16:06.020000 126195.509 1.598223 0.0 0.0 0.0 0.0009443516 0.004399466
2017-07-08 02:17:23.579000 126273.068 1.598599 0.0 0.0 0.0 0.0005679675 0.004247672
2017-07-08 02:18:41.117000 126350.606 1.598373 0.0 0.0 0.0 0.0008690747 0.00455126
2017-07-08 02:19:58.868000 126428.357 1.597322 0.0 0.0 0.0 0.0007185212 0.004323569
2017-07-08 02:21:11.373000 126500.862 1.597547 0.0 0.0 0.0 0.0006432443 0.003944084
2017-07-08 02:22:29.191000 126578.68 1.59627 0.0 0.0 0.0 0.0007185212 0.00379229
2017-07-08 02:23:46.906000 126656.395 1.597322 0.0 0.0 0.0 0.0006432443 0.004475363
2017-07-08 02:25:09.727000 126739.216 1.598223 0.0 0.0 0.0 0.001019629 0.004095878
2017-07-08 02:26:27.334000 126816.823 1.597547 0.0 0.0 0.0 0.0006432443 0.00455126
2017-07-08 02:27:45.215000 126894.704 1.597096 0.0 0.0 0.0 0.0006432443 0.003868187
2017-07-08 02:29:03.154000 126972.643 1.598298 0.0 0.0 0.0 0.0007185212 0.00379229
2017-07-08 02:30:15.762000 127045.251 1.598373 0.0 0.0 0.0 0.001019629 0.003944084
2017-07-08 02:31:33.660000 127123.149 1.598373 0.0 0.0 0.0 0.0008690747 0.004095878
2017-07-08 02:32:51.600000 127201.089 1.597472 0.0 0.0 0.0 0.0008690747 0.00379229
2017-07-08 02:34:09.618000 127279.107 1.598524 0.0 0.0 0.0 0.0008690747 0.00455126
2017-07-08 02:35:27.688000 127357.177 1.596871 0.0 0.0 0.0 4.102964e-05 0.00455126
2017-07-08 02:36:45.715000 127435.204 1.598449 0.0 0.0 0.0 0.001320736 0.004095878
2017-07-08 02:38:03.846000 127513.335 1.597322 0.0 0.0 0.0 0.0007185212 0.004019981
2017-07-08 02:39:16.557000 127586.046 1.597171 0.0 0.0 0.0 0.0005679675 0.00455126
2017-07-08 02:40:33.956000 127663.445 1.598223 0.0 0.0 0.0 0.0007185212 0.004778951
2017-07-08 02:41:52.012000 127741.501 1.598148 0.0 0.0 0.0 0.000109524 0.00455126
2017-07-08 02:43:10.166000 127819.655 1.598298 0.0 0.0 0.0 0.0006432443 0.004778951
2017-07-08 02:44:28.286000 127897.775 1.598073 0.0 0.0 0.0 0.0004174138 0.00455126
2017-07-08 02:45:46.454000 127975.943 1.598073 0.0 0.0 0.0 0.0008690747 0.004095878
2017-07-08 02:47:04.262000 128053.751 1.598298 0.0 0.0 0.0 0.0004926907 0.004171775
2017-07-08 02:48:17.210000 128126.699 1.597847 0.0 0.0 0.0 0.0004174138 0.00455126
2017-07-08 02:49:35.511000 128205.0 1.598073 0.0 0.0 0.0 0.0007937979 0.004778951
2017-07-08 02:50:58.930000 128288.419 1.598223 0.0 0.0 0.0 0.001396012 0.004095878
2017-07-08 02:52:17.279000 128366.768 1.598524 0.0 0.0 0.0 0.0005679675 0.00455126
2017-07-08 02:53:35.738000 128445.227 1.597847 0.0 0.0 0.0 0.0005679675 0.004095878
2017-07-08 02:54:54.127000 128523.616 1.597246 0.0 0.0 0.0 0.0005679675 0.005006641
2017-07-08 02:56:17.530000 128607.019 1.598148 0.0 0.0 0.0 0.0007185212 0.004247672
2017-07-08 02:57:30.570000 128680.059 1.596195 0.0 0.0 0.0 0.001320736 0.003412806
2017-07-08 02:58:48.998000 128758.487 1.59642 0.0 0.0 0.0 0.001320736 0.003033321
2017-07-08 03:00:07.526000 128837.015 1.597998 0.0 0.0 0.0 0.0007185212 0.004095878
2017-07-08 03:01:25.914000 128915.403 1.597847 0.0 0.0 0.0 0.0005679675 0.00455126
2017-07-08 03:02:44.404000 128993.893 1.598073 0.0 0.0 0.0 0.0005679675 0.004627157
2017-07-08 03:04:02.832000 129072.321 1.598073 0.0 0.0 0.0 0.0005679675 0.00379229
2017-07-08 03:05:21.140000 129150.629 1.598298 0.0 0.0 0.0 0.001471289 0.00379229
2017-07-08 03:06:34.445000 129223.934 1.597322 0.0 0.0 0.0 0.0005679675 0.004854847
2017-07-08 03:07:52.999000 129302.488 1.597246 0.0 0.0 0.0 0.0005679675 0.004475363
2017-07-08 03:09:11.748000 129381.237 1.598373 0.0 0.0 0.0 0.0006432443 0.00455126
2017-07-08 03:10:30.267000 129459.756 1.598373 0.0 0.0 0.0 0.001170182 0.003640496
2017-07-08 03:11:48.905000 129538.394 1.598148 0.0 0.0 0.0 0.001396012 0.003336909
2017-07-08 03:13:07.524000 129617.013 1.597547 0.0 0.0 0.0 0.0007185212 0.004778951
2017-07-08 03:14:26.292000 129695.781 1.597322 0.0 0.0 0.0 0.0005679675 0.004095878
2017-07-08 03:15:39.619000 129769.108 1.597171 0.0 0.0 0.0 0.0005679675 0.004171775
2017-07-08 03:16:58.329000 129847.818 1.597923 0.0 0.0 0.0 0.001019629 0.004399466
2017-07-08 03:18:16.988000 129926.477 1.597246 0.0 0.0 0.0 0.001621843 0.004247672
2017-07-08 03:19:35.768000 130005.257 1.598524 0.0 0.0 0.0 0.0009443516 0.003488703
2017-07-08 03:20:54.368000 130083.857 1.598298 0.0 0.0 0.0 0.0009443516 0.004171775
2017-07-08 03:22:13.267000 130162.756 1.597246 0.0 0.0 0.0 0.001245459 0.004171775
2017-07-08 03:23:32.215000 130241.704 1.598223 0.0 0.0 0.0 0.0002668601 0.004475363
2017-07-08 03:24:45.714000 130315.203 1.597772 0.0 0.0 0.0 0.0005679675 0.003868187
2017-07-08 03:26:04.580000 130394.069 1.598223 0.0 0.0 0.0 0.001170182 0.004019981
2017-07-08 03:27:23.518000 130473.007 1.597322 0.0 0.0 0.0 0.0006432443 0.00455126
2017-07-08 03:28:42.358000 130551.847 1.597096 0.0 0.0 0.0 0.0005679675 0.004019981
2017-07-08 03:30:01.376000 130630.865 1.597397 0.0 0.0 0.0 0.0005679675 0.003944084
2017-07-08 03:31:20.355000 130709.844 1.598223 0.0 0.0 0.0 0.0008690747 0.003716393
2017-07-08 03:32:39.354000 130788.843 1.597171 0.0 0.0 0.0 0.0009443516 0.00455126
2017-07-08 03:33:53.092000 130862.581 1.597246 0.0 0.0 0.0 0.0007185212 0.004627157
2017-07-08 03:35:12.059000 130941.548 1.598524 0.0 0.0 0.0 0.0007937979 0.004399466
2017-07-08 03:36:31.240000 131020.729 1.598373 0.0 0.0 0.0 0.0005679675 0.004778951
2017-07-08 03:37:50.391000 131099.88 1.598223 0.0 0.0 0.0 0.001170182 0.004323569
2017-07-08 03:39:09.510000 131178.999 1.597322 0.0 0.0 0.0 0.001170182 0.003640496
2017-07-08 03:40:28.728000 131258.217 1.596946 0.0 0.0 0.0 0.0005679675 0.00455126
2017-07-08 03:41:47.831000 131337.32 1.598223 0.0 0.0 0.0 0.0007185212 0.004703054
2017-07-08 03:43:01.770000 131411.259 1.596871 0.0 0.0 0.0 0.001170182 0.00379229
2017-07-08 03:44:20.991000 131490.48 1.598148 0.0 0.0 0.0 0.0007185212 0.004095878
2017-07-08 03:45:40.280000 131569.769 1.597171 0.0 0.0 0.0 0.0008690747 0.004778951
2017-07-08 03:46:59.630000 131649.119 1.59657 0.0 0.0 0.0 0.0006432443 0.004019981
2017-07-08 03:48:18.783000 131728.272 1.597397 0.0 0.0 0.0 0.0008690747 0.003944084
2017-07-08 03:49:38.195000 131807.684 1.598223 0.0 0.0 0.0 0.0007185212 0.004399466
2017-07-08 03:50:57.533000 131887.022 1.597021 0.0 0.0 0.0 0.0007185212 0.004703054
2017-07-08 03:52:11.520000 131961.009 1.597998 0.0 0.0 0.0 0.00169712 0.003412806
2017-07-08 03:53:30.978000 132040.467 1.598223 0.0 0.0 0.0 0.0007937979 0.004019981
2017-07-08 03:54:50.509000 132119.998 1.597096 0.0 0.0 0.0 0.001245459 0.004171775
2017-07-08 03:56:10.159000 132199.648 1.596871 0.0 0.0 0.0 0.0005679675 0.004778951
2017-07-08 03:57:29.588000 132279.077 1.597322 0.0 0.0 0.0 0.001471289 0.004019981
2017-07-08 03:58:49.178000 132358.667 1.597622 0.0 0.0 0.0 0.0006432443 0.004399466
2017-07-08 04:00:08.526000 132438.015 1.598298 0.0 0.0 0.0 0.0005679675 0.004703054
2017-07-08 04:01:22.814000 132512.303 1.597322 0.0 0.0 0.0 0.0008690747 0.004095878
2017-07-08 04:02:42.342000 132591.831 1.598373 0.0 0.0 0.0 0.0007937979 0.004323569
2017-07-08 04:04:01.741000 132671.23 1.598223 0.0 0.0 0.0 0.0007937979 0.003944084
2017-07-08 04:05:21.429000 132750.918 1.597322 0.0 0.0 0.0 0.0009443516 0.004399466
2017-07-08 04:06:41.179000 132830.668 1.597397 0.0 0.0 0.0 0.0007185212 0.004854847
2017-07-08 04:08:00.972000 132910.461 1.597171 0.0 0.0 0.0 0.0005679675 0.004854847
2017-07-08 04:09:20.713000 132990.202 1.596871 0.0 0.0 0.0 0.0009443516 0.003868187
2017-07-08 04:10:35.229000 133064.718 1.597322 0.0 0.0 0.0 0.001245459 0.004171775
2017-07-08 04:11:55.058000 133144.547 1.597923 0.0 0.0 0.0 0.0009443516 0.004323569
2017-07-08 04:13:14.867000 133224.356 1.598148 0.0 0.0 0.0 0.0008690747 0.004930745
2017-07-08 04:14:34.745000 133304.234 1.597171 0.0 0.0 0.0 0.0007185212 0.004399466
2017-07-08 04:15:54.525000 133384.014 1.598073 0.0 0.0 0.0 0.001396012 0.00455126
2017-07-08 04:17:14.425000 133463.914 1.598373 0.0 0.0 0.0 0.0005679675 0.00455126
2017-07-08 04:18:34.254000 133543.743 1.597246 0.0 0.0 0.0 0.0007185212 0.00455126
2017-07-08 04:19:48.710000 133618.199 1.598223 0.0 0.0 0.0 0.0007937979 0.005006641
2017-07-08 04:21:08.647000 133698.136 1.597547 0.0 0.0 0.0 0.0004174138 0.004323569
2017-07-08 04:22:33.488000 133782.977 1.597171 0.0 0.0 0.0 0.0005679675 0.004475363
2017-07-08 04:23:53.479000 133862.968 1.598148 0.0 0.0 0.0 0.0004926907 0.004627157
2017-07-08 04:25:13.358000 133942.847 1.598073 0.0 0.0 0.0 0.0008690747 0.004095878
2017-07-08 04:26:33.430000 134022.919 1.598449 0.0 0.0 0.0 0.0006432443 0.004399466
2017-07-08 04:27:53.281000 134102.77 1.598674 0.0 0.0 0.0 0.0007937979 0.004171775
2017-07-08 04:29:07.830000 134177.319 1.597096 0.0 0.0 0.0 0.001170182 0.003488703
2017-07-08 04:30:27.918000 134257.407 1.598148 0.0 0.0 0.0 4.102964e-05 0.004703054
2017-07-08 04:31:47.968000 134337.457 1.598373 0.0 0.0 0.0 0.0005679675 0.004323569
2017-07-08 04:33:08.066000 134417.555 1.598073 0.0 0.0 0.0 0.0007185212 0.004247672
2017-07-08 04:34:28.128000 134497.617 1.597171 0.0 0.0 0.0 0.0006432443 0.004399466
2017-07-08 04:35:48.249000 134577.738 1.597246 0.0 0.0 0.0 0.001170182 0.004247672
2017-07-08 04:37:08.526000 134658.015 1.598073 0.0 0.0 0.0 0.0006432443 0.004323569
2017-07-08 04:38:23.262000 134732.751 1.598373 0.0 0.0 0.0 0.0001163065 0.004930745
2017-07-08 04:39:43.402000 134812.891 1.598373 0.0 0.0 0.0 0.0006432443 0.00455126
2017-07-08 04:41:03.630000 134893.119 1.598524 0.0 0.0 0.0 0.001245459 0.004171775
2017-07-08 04:42:23.909000 134973.398 1.598674 0.0 0.0 0.0 0.0007185212 0.003944084
2017-07-08 04:43:44.279000 135053.768 1.598223 0.0 0.0 0.0 0.0008690747 0.003716393
2017-07-08 04:45:04.619000 135134.108 1.598223 0.0 0.0 0.0 0.0006432443 0.004475363
2017-07-08 04:46:24.759000 135214.248 1.598223 0.0 0.0 0.0 0.001170182 0.003488703
2017-07-08 04:47:39.596000 135289.085 1.598524 0.0 0.0 0.0 0.001019629 0.004399466
2017-07-08 04:49:00.005000 135369.494 1.597171 0.0 0.0 0.0 0.0007185212 0.004399466
2017-07-08 04:50:20.515000 135450.004 1.598073 0.0 0.0 0.0 0.0006432443 0.004019981
2017-07-08 04:51:40.994000 135530.483 1.597096 0.0 0.0 0.0 0.0004174138 0.004399466
2017-07-08 04:53:01.523000 135611.012 1.598524 0.0 0.0 0.0 0.0005679675 0.004399466
2017-07-08 04:54:22.073000 135691.562 1.598073 0.0 0.0 0.0 0.001471289 0.003868187
2017-07-08 04:55:42.620000 135772.109 1.598223 0.0 0.0 0.0 0.0007185212 0.00455126
2017-07-08 04:56:57.678000 135847.167 1.597923 0.0 0.0 0.0 0.0009443516 0.004247672
2017-07-08 04:58:18.248000 135927.737 1.598298 0.0 0.0 0.0 0.001019629 0.00379229
2017-07-08 04:59:38.807000 136008.296 1.597998 0.0 0.0 0.0 0.000342137 0.004475363
2017-07-08 05:00:59.416000 136088.905 1.598073 0.0 0.0 0.0 0.001320736 0.003640496
2017-07-08 05:02:20.124000 136169.613 1.597322 0.0 0.0 0.0 0.0007185212 0.004323569
2017-07-08 05:03:40.694000 136250.183 1.596345 0.0 0.0 0.0 0.0006432443 0.004930745
2017-07-08 05:05:01.396000 136330.885 1.597923 0.0 0.0 0.0 0.001019629 0.004247672
2017-07-08 05:06:16.714000 136406.203 1.597397 0.0 0.0 0.0 0.0005679675 0.003640496
2017-07-08 05:07:37.403000 136486.892 1.598373 0.0 0.0 0.0 0.001471289 0.003412806
2017-07-08 05:08:57.943000 136567.432 1.598073 0.0 0.0 0.0 0.001170182 0.00379229
2017-07-08 05:10:18.383000 136647.872 1.597322 0.0 0.0 0.0 0.0007185212 0.004703054
2017-07-08 05:11:39.202000 136728.691 1.598373 0.0 0.0 0.0 0.0004174138 0.004627157
2017-07-08 05:13:00.022000 136809.511 1.598524 0.0 0.0 0.0 0.0008690747 0.004019981
2017-07-08 05:14:20.721000 136890.21 1.598373 0.0 0.0 0.0 0.001170182 0.004247672
2017-07-08 05:15:35.968000 136965.457 1.597171 0.0 0.0 0.0 0.001320736 0.004095878
2017-07-08 05:16:56.878000 137046.367 1.597246 0.0 0.0 0.0 0.0009443516 0.004627157
2017-07-08 05:18:17.909000 137127.398 1.597998 0.0 0.0 0.0 0.001094905 0.003109218
2017-07-08 05:19:38.660000 137208.149 1.598073 0.0 0.0 0.0 0.0006432443 0.003944084
2017-07-08 05:20:59.499000 137288.988 1.597397 0.0 0.0 0.0 0.001320736 0.004399466
2017-07-08 05:22:20.539000 137370.028 1.597171 0.0 0.0 0.0 4.102964e-05 0.004095878
2017-07-08 05:23:41.605000 137451.094 1.597171 0.0 0.0 0.0 0.0008690747 0.003944084
2017-07-08 05:24:57.154000 137526.643 1.596871 0.0 0.0 0.0 0.0005679675 0.003944084
2017-07-08 05:26:18.212000 137607.701 1.597021 0.0 0.0 0.0 0.0008690747 0.004171775
2017-07-08 05:27:39.302000 137688.791 1.598073 0.0 0.0 0.0 0.0004174138 0.004627157
2017-07-08 05:29:00.387000 137769.876 1.597923 0.0 0.0 0.0 0.0007185212 0.004171775
2017-07-08 05:30:21.517000 137851.006 1.597998 0.0 0.0 0.0 0.001019629 0.003640496
2017-07-08 05:31:42.717000 137932.206 1.597923 0.0 0.0 0.0 0.0007937979 0.00455126
2017-07-08 05:33:03.826000 138013.315 1.597246 0.0 0.0 0.0 0.0007937979 0.004703054
2017-07-08 05:34:19.484000 138088.973 1.598223 0.0 0.0 0.0 0.0008690747 0.00379229
2017-07-08 05:35:45.593000 138175.082 1.598298 0.0 0.0 0.0 0.0005679675 0.005158435
2017-07-08 05:37:06.828000 138256.317 1.596495 0.0 0.0 0.0 0.0007185212 0.00379229
2017-07-08 05:38:28.147000 138337.636 1.596345 0.0 0.0 0.0 0.0007937979 0.004627157
2017-07-08 05:39:49.535000 138419.024 1.598223 0.0 0.0 0.0 0.0004926907 0.004019981
2017-07-08 05:41:10.955000 138500.444 1.598373 0.0 0.0 0.0 4.102964e-05 0.005082538
2017-07-08 05:42:32.343000 138581.832 1.597472 0.0 0.0 0.0 0.0004174138 0.00455126
2017-07-08 05:43:53.252000 138662.741 1.598223 0.0 0.0 0.0 0.0007185212 0.003944084
2017-07-08 05:45:14.733000 138744.222 1.597397 0.0 0.0 0.0 0.0006432443 0.004095878
2017-07-08 05:46:36.013000 138825.502 1.597171 0.0 0.0 0.0 0.0008690747 0.00455126
2017-07-08 05:47:57.462000 138906.951 1.597472 0.0 0.0 0.0 0.001170182 0.003412806
2017-07-08 05:49:18.852000 138988.341 1.598148 0.0 0.0 0.0 0.0007185212 0.00455126
2017-07-08 05:50:40.212000 139069.701 1.598073 0.0 0.0 0.0 0.0008690747 0.004399466
2017-07-08 05:52:01.853000 139151.342 1.597171 0.0 0.0 0.0 0.0007185212 0.004399466
2017-07-08 05:53:17.792000 139227.281 1.597096 0.0 0.0 0.0 0.0008690747 0.00455126
2017-07-08 05:54:39.171000 139308.66 1.598148 0.0 0.0 0.0 0.0004174138 0.005006641
2017-07-08 05:56:00.801000 139390.29 1.597021 0.0 0.0 0.0 0.0007937979 0.00455126
2017-07-08 05:57:22.500000 139471.989 1.597246 0.0 0.0 0.0 0.0007185212 0.00379229
2017-07-08 05:58:44.282000 139553.771 1.597923 0.0 0.0 0.0 0.001245459 0.003716393
2017-07-08 06:00:06.122000 139635.611 1.597171 0.0 0.0 0.0 0.001320736 0.002729733
2017-07-08 06:01:27.929000 139717.418 1.598073 0.0 0.0 0.0 0.001245459 0.004475363
2017-07-08 06:02:44.128000 139793.617 1.598373 0.0 0.0 0.0 0.0007185212 0.003868187
2017-07-08 06:04:06.015000 139875.504 1.597096 0.0 0.0 0.0 0.0002668601 0.004171775
2017-07-08 06:05:27.815000 139957.304 1.598599 0.0 0.0 0.0 0.001320736 0.003868187
2017-07-08 06:06:54.683000 140044.172 1.597547 0.0 0.0 0.0 0.0004926907 0.004095878
2017-07-08 06:08:16.533000 140126.022 1.597096 0.0 0.0 0.0 0.0007937979 0.004171775
2017-07-08 06:09:38.473000 140207.962 1.598223 0.0 0.0 0.0 0.0008690747 0.003033321
2017-07-08 06:11:05.089000 140294.578 1.596946 0.0 0.0 0.0 0.001320736 0.004095878
2017-07-08 06:12:21.348000 140370.837 1.597472 0.0 0.0 0.0 0.001019629 0.003488703
2017-07-08 06:13:43.248000 140452.737 1.598223 0.0 0.0 0.0 0.000342137 0.004627157
2017-07-08 06:15:05.215000 140534.704 1.597322 0.0 0.0 0.0 0.0005679675 0.00455126
2017-07-08 06:16:27.043000 140616.532 1.598223 0.0 0.0 0.0 0.0008690747 0.004778951
2017-07-08 06:17:53.984000 140703.473 1.597322 0.0 0.0 0.0 0.0008690747 0.004627157
2017-07-08 06:19:15.761000 140785.25 1.597322 0.0 0.0 0.0 0.001094905 0.003488703
2017-07-08 06:20:37.754000 140867.243 1.597171 0.0 0.0 0.0 0.001396012 0.00379229
2017-07-08 06:21:54.173000 140943.662 1.597472 0.0 0.0 0.0 0.0001163065 0.004171775
2017-07-08 06:23:16.345000 141025.834 1.597246 0.0 0.0 0.0 0.0005679675 0.004095878
2017-07-08 06:24:43.327000 141112.816 1.598298 0.0 0.0 0.0 0.0007185212 0.004627157
2017-07-08 06:26:05.608000 141195.097 1.597622 0.0 0.0 0.0 0.0006432443 0.004171775
2017-07-08 06:29:25.287000 141394.776 1.597021 0.0 0.0 0.0 0.0007185212 0.00455126
2017-07-08 06:30:52.478000 141481.967 1.598449 0.0 0.0 0.0 0.0007185212 0.004247672
2017-07-08 06:32:14.479000 141563.968 1.598148 0.0 0.0 0.0 0.0007937979 0.004323569
2017-07-08 06:33:31.117000 141640.606 1.598223 0.0 0.0 0.0 0.0002668601 0.004854847
2017-07-08 06:34:53.539000 141723.028 1.597021 0.0 0.0 0.0 0.001245459 0.004019981
2017-07-08 06:36:15.668000 141805.157 1.597397 0.0 0.0 0.0 0.0002668601 0.004475363
2017-07-08 06:37:38.069000 141887.558 1.597322 0.0 0.0 0.0 0.0005679675 0.005006641
2017-07-08 06:39:00.376000 141969.865 1.598073 0.0 0.0 0.0 0.0004926907 0.005006641
2017-07-08 06:40:22.844000 142052.333 1.598148 0.0 0.0 0.0 0.0006432443 0.004854847
2017-07-08 06:41:44.954000 142134.443 1.597171 0.0 0.0 0.0 0.001094905 0.004171775
2017-07-08 06:43:01.662000 142211.151 1.597096 0.0 0.0 0.0 0.001245459 0.004095878
2017-07-08 06:44:24.202000 142293.691 1.598524 0.0 0.0 0.0 0.001170182 0.003944084
2017-07-08 06:45:46.583000 142376.072 1.597246 0.0 0.0 0.0 0.0006432443 0.004475363
2017-07-08 06:47:09.103000 142458.592 1.598073 0.0 0.0 0.0 0.001094905 0.003868187
2017-07-08 06:48:36.264000 142545.753 1.598223 0.0 0.0 0.0 0.0006432443 0.004399466
2017-07-08 06:49:58.784000 142628.273 1.597246 0.0 0.0 0.0 0.0001163065 0.004854847
2017-07-08 06:51:21.384000 142710.873 1.598373 0.0 0.0 0.0 0.0006432443 0.004171775
2017-07-08 06:52:38.303000 142787.792 1.597923 0.0 0.0 0.0 0.0001163065 0.00379229
2017-07-08 06:54:01.023000 142870.512 1.598524 0.0 0.0 0.0 0.0005679675 0.004475363
2017-07-08 06:55:23.573000 142953.062 1.597246 0.0 0.0 0.0 0.001245459 0.004019981
2017-07-08 06:56:46.222000 143035.711 1.596195 0.0 0.0 0.0 0.0009443516 0.004095878
2017-07-08 06:58:08.581000 143118.07 1.598298 0.0 0.0 0.0 0.0004926907 0.004323569
2017-07-08 06:59:31.038000 143200.527 1.598373 0.0 0.0 0.0 0.0004926907 0.004095878
2017-07-08 07:00:53.789000 143283.278 1.597096 0.0 0.0 0.0 0.001019629 0.004323569
2017-07-08 07:02:10.892000 143360.381 1.598223 0.0 0.0 0.0 0.0005679675 0.004627157
2017-07-08 07:03:33.721000 143443.21 1.597998 0.0 0.0 0.0 0.0007937979 0.004323569
2017-07-08 07:04:56.544000 143526.033 1.597096 0.0 0.0 0.0 0.001320736 0.004019981
2017-07-08 07:06:19.333000 143608.822 1.597322 0.0 0.0 0.0 0.0005679675 0.004247672
2017-07-08 07:07:41.905000 143691.394 1.597472 0.0 0.0 0.0 0.0005679675 0.004399466
2017-07-08 07:09:04.573000 143774.062 1.597397 0.0 0.0 0.0 0.0002668601 0.004475363
2017-07-08 07:10:27.494000 143856.983 1.598223 0.0 0.0 0.0 0.0007185212 0.004247672
2017-07-08 07:11:44.740000 143934.229 1.59627 0.0 0.0 0.0 0.0008690747 0.004247672
2017-07-08 07:13:07.691000 144017.18 1.598298 0.0 0.0 0.0 0.0007185212 0.004095878
2017-07-08 07:14:30.688000 144100.177 1.598148 0.0 0.0 0.0 0.0007937979 0.004399466
2017-07-08 07:15:53.666000 144183.155 1.597923 0.0 0.0 0.0 0.0005679675 0.004171775
2017-07-08 07:17:16.717000 144266.206 1.597246 0.0 0.0 0.0 0.0004174138 0.004627157
2017-07-08 07:18:39.748000 144349.237 1.598223 0.0 0.0 0.0 0.0007185212 0.004854847
2017-07-08 07:20:02.536000 144432.025 1.598073 0.0 0.0 0.0 0.001396012 0.003261012
2017-07-08 07:21:19.974000 144509.463 1.598373 0.0 0.0 0.0 0.0007937979 0.004399466
2017-07-08 07:22:42.322000 144591.811 1.597397 0.0 0.0 0.0 0.0006432443 0.004019981
2017-07-08 07:24:05.551000 144675.04 1.598223 0.0 0.0 0.0 0.001019629 0.003944084
2017-07-08 07:25:28.640000 144758.129 1.598524 0.0 0.0 0.0 0.001320736 0.003488703
2017-07-08 07:26:51.920000 144841.409 1.597998 0.0 0.0 0.0 0.0006432443 0.004019981
2017-07-08 07:28:15.059000 144924.548 1.597246 0.0 0.0 0.0 0.0007937979 0.003868187
2017-07-08 07:29:38.319000 145007.808 1.598298 0.0 0.0 0.0 0.001019629 0.004399466
2017-07-08 07:30:55.878000 145085.367 1.598373 0.0 0.0 0.0 0.0005679675 0.004703054
2017-07-08 07:32:18.398000 145167.887 1.598073 0.0 0.0 0.0 0.0006432443 0.004475363
2017-07-08 07:33:41.768000 145251.257 1.597472 0.0 0.0 0.0 0.001245459 0.003488703
2017-07-08 07:35:05.041000 145334.53 1.597171 0.0 0.0 0.0 0.001320736 0.003488703
2017-07-08 07:36:28.370000 145417.859 1.597397 0.0 0.0 0.0 0.0005679675 0.004778951
2017-07-08 07:37:51.475000 145500.964 1.597847 0.0 0.0 0.0 0.0001163065 0.004171775
2017-07-08 07:39:14.485000 145583.974 1.597923 0.0 0.0 0.0 0.0008690747 0.004247672
2017-07-08 07:40:32.153000 145661.642 1.598073 0.0 0.0 0.0 0.0008690747 0.005158435
2017-07-08 07:41:55.713000 145745.202 1.597998 0.0 0.0 0.0 0.0006432443 0.004095878
2017-07-08 07:43:19.220000 145828.709 1.598223 0.0 0.0 0.0 0.0007185212 0.004095878
2017-07-08 07:44:42.452000 145911.941 1.597171 0.0 0.0 0.0 0.0005679675 0.004247672
2017-07-08 07:46:05.653000 145995.142 1.597171 0.0 0.0 0.0 0.0005679675 0.004247672
2017-07-08 07:47:29.243000 146078.732 1.597998 0.0 0.0 0.0 0.0001163065 0.004399466
2017-07-08 07:48:52.773000 146162.262 1.598373 0.0 0.0 0.0 0.0005679675 0.00455126
2017-07-08 07:50:10.722000 146240.211 1.597472 0.0 0.0 0.0 0.0007185212 0.004095878
2017-07-08 07:51:34.232000 146323.721 1.598223 0.0 0.0 0.0 0.001170182 0.004399466
2017-07-08 07:52:57.786000 146407.275 1.598524 0.0 0.0 0.0 0.0002668601 0.004854847
2017-07-08 07:54:21.354000 146490.843 1.598073 0.0 0.0 0.0 0.0007185212 0.004475363
2017-07-08 07:55:45.011000 146574.5 1.597998 0.0 0.0 0.0 0.0006432443 0.003716393
2017-07-08 07:57:08.783000 146658.272 1.598373 0.0 0.0 0.0 0.0005679675 0.004627157
2017-07-08 07:58:32.483000 146741.972 1.598373 0.0 0.0 0.0 0.0009443516 0.004019981
2017-07-08 07:59:50.553000 146820.042 1.598373 0.0 0.0 0.0 0.0005679675 0.004854847
2017-07-08 08:01:14.287000 146903.776 1.597171 0.0 0.0 0.0 0.0009443516 0.004399466
2017-07-08 08:02:38.136000 146987.625 1.597322 0.0 0.0 0.0 0.001396012 0.004019981
2017-07-08 08:04:01.954000 147071.443 1.598073 0.0 0.0 0.0 0.0004174138 0.004475363
2017-07-08 08:05:25.583000 147155.072 1.598148 0.0 0.0 0.0 0.0005679675 0.004171775
2017-07-08 08:06:49.301000 147238.79 1.598223 0.0 0.0 0.0 0.0004174138 0.004703054
2017-07-08 08:08:13.200000 147322.689 1.598073 0.0 0.0 0.0 0.0007185212 0.004095878
2017-07-08 08:09:31.624000 147401.113 1.598373 0.0 0.0 0.0 0.0007185212 0.003868187
2017-07-08 08:10:55.484000 147484.973 1.597171 0.0 0.0 0.0 0.0005679675 0.004703054
2017-07-08 08:12:19.453000 147568.942 1.598073 0.0 0.0 0.0 0.001320736 0.004095878
2017-07-08 08:13:43.154000 147652.643 1.598148 0.0 0.0 0.0 0.001320736 0.003716393
2017-07-08 08:15:11.873000 147741.362 1.597322 0.0 0.0 0.0 0.0007937979 0.003944084
2017-07-08 08:16:35.893000 147825.382 1.597096 0.0 0.0 0.0 0.0005679675 0.004247672
2017-07-08 08:17:59.864000 147909.353 1.597998 0.0 0.0 0.0 0.0005679675 0.004703054
2017-07-08 08:19:17.792000 147987.281 1.597021 0.0 0.0 0.0 0.0007185212 0.004247672
2017-07-08 08:20:41.913000 148071.402 1.598524 0.0 0.0 0.0 0.0008690747 0.00379229
2017-07-08 08:22:06.043000 148155.532 1.597322 0.0 0.0 0.0 0.001019629 0.004095878
2017-07-08 08:23:30.105000 148239.594 1.598223 0.0 0.0 0.0 0.0007185212 0.00379229
2017-07-08 08:24:54.292000 148323.781 1.598223 0.0 0.0 0.0 0.0002668601 0.004095878
2017-07-08 08:26:18.522000 148408.011 1.597246 0.0 0.0 0.0 0.0007185212 0.004247672
2017-07-08 08:29:05.723000 148575.212 1.597246 0.0 0.0 0.0 0.0006432443 0.003868187
2017-07-08 08:30:24.220000 148653.709 1.598373 0.0 0.0 0.0 0.0007185212 0.004399466
2017-07-08 08:31:48.460000 148737.949 1.597021 0.0 0.0 0.0 0.001245459 0.003868187
2017-07-08 08:33:12.754000 148822.243 1.598223 0.0 0.0 0.0 0.0006432443 0.003716393
2017-07-08 08:34:36.902000 148906.391 1.596946 0.0 0.0 0.0 0.0007937979 0.004095878
2017-07-08 08:36:01.194000 148990.683 1.598223 0.0 0.0 0.0 0.0006432443 0.003868187
2017-07-08 08:37:25.592000 149075.081 1.597096 0.0 0.0 0.0 0.0004926907 0.004703054
2017-07-08 08:38:49.993000 149159.482 1.597772 0.0 0.0 0.0 0.0008690747 0.004019981
2017-07-08 08:40:08.421000 149237.91 1.597998 0.0 0.0 0.0 0.001019629 0.003944084
2017-07-08 08:41:32.890000 149322.379 1.597246 0.0 0.0 0.0 0.0007185212 0.004247672
2017-07-08 08:42:57.451000 149406.94 1.597096 0.0 0.0 0.0 0.0004926907 0.003640496
2017-07-08 08:44:21.302000 149490.791 1.598223 0.0 0.0 0.0 0.0007937979 0.004475363
2017-07-08 08:45:45.424000 149574.913 1.596871 0.0 0.0 0.0 0.0006432443 0.003868187
2017-07-08 08:47:09.972000 149659.461 1.597171 0.0 0.0 0.0 0.0007185212 0.004323569
2017-07-08 08:48:34.511000 149744.0 1.597246 0.0 0.0 0.0 0.0004174138 0.004854847
2017-07-08 08:49:53.387000 149822.876 1.597322 0.0 0.0 0.0 0.0008690747 0.004171775
2017-07-08 08:51:17.885000 149907.374 1.598148 0.0 0.0 0.0 0.0006432443 0.004399466
2017-07-08 08:52:42.457000 149991.946 1.598073 0.0 0.0 0.0 0.001396012 0.003640496
2017-07-08 08:54:07.138000 150076.627 1.597547 0.0 0.0 0.0 0.001320736 0.003716393
2017-07-08 08:55:31.842000 150161.331 1.597171 0.0 0.0 0.0 0.0007185212 0.00455126
2017-07-08 08:56:56.683000 150246.172 1.598298 0.0 0.0 0.0 0.0008690747 0.00379229
2017-07-08 08:58:21.382000 150330.871 1.598223 0.0 0.0 0.0 0.001320736 0.004171775
2017-07-08 08:59:40.304000 150409.793 1.598373 0.0 0.0 0.0 0.001320736 0.00379229
2017-07-08 09:01:05.249000 150494.738 1.598298 0.0 0.0 0.0 0.0005679675 0.004854847
2017-07-08 09:02:30.050000 150579.539 1.598073 0.0 0.0 0.0 0.000342137 0.004095878
2017-07-08 09:03:54.930000 150664.419 1.597246 0.0 0.0 0.0 0.0008690747 0.004247672
2017-07-08 09:05:19.839000 150749.328 1.598073 0.0 0.0 0.0 0.0005679675 0.004475363
2017-07-08 09:06:44.777000 150834.266 1.596195 0.0 0.0 0.0 0.0007185212 0.004095878
2017-07-08 09:08:09.719000 150919.208 1.597547 0.0 0.0 0.0 0.0004926907 0.004247672
2017-07-08 09:09:28.777000 150998.266 1.597923 0.0 0.0 0.0 0.0007185212 0.003944084
2017-07-08 09:10:53.754000 151083.243 1.597397 0.0 0.0 0.0 0.0005679675 0.004399466
2017-07-08 09:12:18.738000 151168.227 1.59627 0.0 0.0 0.0 0.0007185212 0.00455126
2017-07-08 09:13:43.799000 151253.288 1.598148 0.0 0.0 0.0 0.0004926907 0.004703054
2017-07-08 09:15:08.770000 151338.259 1.597772 0.0 0.0 0.0 0.0008690747 0.0035646
2017-07-08 09:16:33.860000 151423.349 1.597096 0.0 0.0 0.0 0.001170182 0.003640496
2017-07-08 09:17:59.012000 151508.501 1.597322 0.0 0.0 0.0 0.0007937979 0.004171775
2017-07-08 09:19:18.141000 151587.63 1.598148 0.0 0.0 0.0 0.0007185212 0.004323569
2017-07-08 09:20:43.352000 151672.841 1.598148 0.0 0.0 0.0 0.001094905 0.004019981
2017-07-08 09:22:13.423000 151762.912 1.598298 0.0 0.0 0.0 0.0008690747 0.003944084
2017-07-08 09:23:38.585000 151848.074 1.596946 0.0 0.0 0.0 0.001019629 0.004095878
2017-07-08 09:25:03.476000 151932.965 1.598148 0.0 0.0 0.0 0.0006432443 0.004323569
2017-07-08 09:26:28.756000 152018.245 1.597923 0.0 0.0 0.0 0.000342137 0.003944084
2017-07-08 09:27:54.058000 152103.547 1.597847 0.0 0.0 0.0 0.0004926907 0.003716393
2017-07-08 09:29:19.304000 152188.793 1.597246 0.0 0.0 0.0 0.000342137 0.003868187
2017-07-08 09:30:38.701000 152268.19 1.597923 0.0 0.0 0.0 0.0004174138 0.004399466
2017-07-08 09:32:04.057000 152353.546 1.598373 0.0 0.0 0.0 0.0006432443 0.004019981
2017-07-08 09:33:29.407000 152438.896 1.597246 0.0 0.0 0.0 0.0001915833 0.004247672
2017-07-08 09:34:54.958000 152524.447 1.597772 0.0 0.0 0.0 0.0005679675 0.004399466
2017-07-08 09:36:20.419000 152609.908 1.598223 0.0 0.0 0.0 0.001471289 0.004247672
2017-07-08 09:37:45.660000 152695.149 1.597923 0.0 0.0 0.0 0.001170182 0.00455126
2017-07-08 09:39:10.512000 152780.001 1.598373 0.0 0.0 0.0 0.0006432443 0.004399466
2017-07-08 09:40:29.922000 152859.411 1.597998 0.0 0.0 0.0 0.0006432443 0.004019981
2017-07-08 09:41:55.474000 152944.963 1.598148 0.0 0.0 0.0 0.0007937979 0.004323569
2017-07-08 09:43:20.974000 153030.463 1.598148 0.0 0.0 0.0 0.0006432443 0.004778951
2017-07-08 09:44:46.585000 153116.074 1.598073 0.0 0.0 0.0 0.0007185212 0.004095878
2017-07-08 09:46:12.090000 153201.579 1.597171 0.0 0.0 0.0 0.001019629 0.004399466
2017-07-08 09:47:37.630000 153287.119 1.598148 0.0 0.0 0.0 0.0001163065 0.00455126
2017-07-08 09:49:03.331000 153372.82 1.597021 0.0 0.0 0.0 0.0005679675 0.004399466
2017-07-08 09:50:22.961000 153452.45 1.597923 0.0 0.0 0.0 0.0007185212 0.004627157
2017-07-08 09:51:48.720000 153538.209 1.597998 0.0 0.0 0.0 0.0007185212 0.00455126
2017-07-08 09:53:14.321000 153623.81 1.597021 0.0 0.0 0.0 0.0004174138 0.004930745
2017-07-08 09:54:45.047000 153714.536 1.597246 0.0 0.0 0.0 0.0007185212 0.00455126
2017-07-08 09:56:10.587000 153800.076 1.598073 0.0 0.0 0.0 0.0008690747 0.003944084
2017-07-08 09:57:36.147000 153885.636 1.598073 0.0 0.0 0.0 0.001396012 0.004019981
2017-07-08 09:59:01.557000 153971.046 1.597998 0.0 0.0 0.0 0.0004174138 0.004399466
2017-07-08 10:00:27.177000 154056.666 1.598073 0.0 0.0 0.0 0.0008690747 0.004399466
2017-07-08 10:01:47.098000 154136.587 1.598073 0.0 0.0 0.0 0.0006432443 0.003640496
2017-07-08 10:03:12.908000 154222.397 1.597171 0.0 0.0 0.0 0.0007185212 0.004095878
2017-07-08 10:04:38.729000 154308.218 1.598223 0.0 0.0 0.0 0.0007185212 0.004095878
2017-07-08 10:06:04.220000 154393.709 1.598073 0.0 0.0 0.0 0.0005679675 0.004247672
2017-07-08 10:07:30.011000 154479.5 1.597322 0.0 0.0 0.0 3.424719e-05 0.004247672
2017-07-08 10:08:55.932000 154565.421 1.597322 0.0 0.0 0.0 0.0002668601 0.003944084
2017-07-08 10:10:21.764000 154651.253 1.598223 0.0 0.0 0.0 3.424719e-05 0.004778951
2017-07-08 10:11:41.822000 154731.311 1.597322 0.0 0.0 0.0 0.001019629 0.00379229
2017-07-08 10:13:06.941000 154816.43 1.596946 0.0 0.0 0.0 0.0004926907 0.004247672
2017-07-08 10:14:32.862000 154902.351 1.598073 0.0 0.0 0.0 0.0007185212 0.004399466
2017-07-08 10:15:58.519000 154988.008 1.596345 0.0 0.0 0.0 0.001170182 0.00379229
2017-07-08 10:17:24.500000 155073.989 1.597246 0.0 0.0 0.0 0.0006432443 0.004019981
2017-07-08 10:18:50.521000 155160.01 1.597472 0.0 0.0 0.0 0.0007185212 0.004475363
2017-07-08 10:20:16.502000 155245.991 1.597021 0.0 0.0 0.0 0.001094905 0.004247672
2017-07-08 10:21:36.249000 155325.738 1.598373 0.0 0.0 0.0 0.0004174138 0.004399466
2017-07-08 10:23:02.349000 155411.838 1.597021 0.0 0.0 0.0 0.0005679675 0.004095878
2017-07-08 10:24:28.496000 155497.985 1.598223 0.0 0.0 0.0 0.0004174138 0.00379229
2017-07-08 10:25:54.636000 155584.125 1.597096 0.0 0.0 0.0 0.0009443516 0.00379229
2017-07-08 10:27:20.733000 155670.222 1.597322 0.0 0.0 0.0 0.0007937979 0.004247672
2017-07-08 10:28:47.051000 155756.54 1.597322 0.0 0.0 0.0 0.001019629 0.004095878
2017-07-08 10:30:13.201000 155842.69 1.597998 0.0 0.0 0.0 0.0007185212 0.003640496
2017-07-08 10:31:38.480000 155927.969 1.598073 0.0 0.0 0.0 0.0007185212 0.004475363
2017-07-08 10:33:04.727000 156014.216 1.598148 0.0 0.0 0.0 0.0007185212 0.004475363
2017-07-08 10:34:31.085000 156100.574 1.597021 0.0 0.0 0.0 0.0002668601 0.00455126
2017-07-08 10:35:56.796000 156186.285 1.597021 0.0 0.0 0.0 0.001019629 0.004247672
2017-07-08 10:37:22.967000 156272.456 1.597397 0.0 0.0 0.0 0.001019629 0.003868187
2017-07-08 10:38:49.338000 156358.827 1.597998 0.0 0.0 0.0 0.0006432443 0.004703054
2017-07-08 10:40:15.671000 156445.16 1.598298 0.0 0.0 0.0 0.0007185212 0.00455126
2017-07-08 10:41:36.270000 156525.759 1.598073 0.0 0.0 0.0 0.0007185212 0.003944084
2017-07-08 10:43:02.580000 156612.069 1.598223 0.0 0.0 0.0 0.0002668601 0.00455126
2017-07-08 10:44:29.041000 156698.53 1.598223 0.0 0.0 0.0 0.0004174138 0.00455126
2017-07-08 10:45:55.412000 156784.901 1.59627 0.0 0.0 0.0 0.001094905 0.003336909
2017-07-08 10:47:21.845000 156871.334 1.596796 0.0 0.0 0.0 0.0007185212 0.004095878
2017-07-08 10:48:48.395000 156957.884 1.597021 0.0 0.0 0.0 0.0005679675 0.004247672
2017-07-08 10:50:14.977000 157044.466 1.597171 0.0 0.0 0.0 0.0005679675 0.004095878
2017-07-08 10:51:35.657000 157125.146 1.598223 0.0 0.0 0.0 0.0004174138 0.004475363
2017-07-08 10:53:02.266000 157211.755 1.597171 0.0 0.0 0.0 0.0006432443 0.004778951
2017-07-08 10:54:28.910000 157298.399 1.59627 0.0 0.0 0.0 0.001094905 0.004019981
2017-07-08 10:55:55.580000 157385.069 1.596195 0.0 0.0 0.0 0.001170182 0.00379229
2017-07-08 10:57:22.190000 157471.679 1.597472 0.0 0.0 0.0 0.001019629 0.004247672
2017-07-08 10:58:48.951000 157558.44 1.598223 0.0 0.0 0.0 0.001019629 0.003488703
2017-07-08 11:00:15.614000 157645.103 1.597171 0.0 0.0 0.0 0.0009443516 0.0035646
2017-07-08 11:01:36.401000 157725.89 1.597096 0.0 0.0 0.0 0.001019629 0.003488703
2017-07-08 11:03:03.359000 157812.848 1.598073 0.0 0.0 0.0 0.0006432443 0.004323569
2017-07-08 11:04:30.099000 157899.588 1.597322 0.0 0.0 0.0 0.0008690747 0.004627157
2017-07-08 11:05:56.950000 157986.439 1.597171 0.0 0.0 0.0 0.001320736 0.003640496
2017-07-08 11:07:23.829000 158073.318 1.597171 0.0 0.0 0.0 0.0008690747 0.004323569
2017-07-08 11:08:50.749000 158160.238 1.598148 0.0 0.0 0.0 0.0005679675 0.003944084
2017-07-08 11:10:17.677000 158247.166 1.598298 0.0 0.0 0.0 0.0004174138 0.004627157
2017-07-08 11:11:38.738000 158328.227 1.597171 0.0 0.0 0.0 0.0005679675 0.00455126
2017-07-08 11:13:05.907000 158415.396 1.597171 0.0 0.0 0.0 0.0006432443 0.00455126
2017-07-08 11:14:32.908000 158502.397 1.598073 0.0 0.0 0.0 0.001019629 0.004399466
2017-07-08 11:15:59.849000 158589.338 1.598449 0.0 0.0 0.0 0.0005679675 0.004627157
2017-07-08 11:17:26.830000 158676.319 1.598373 0.0 0.0 0.0 0.0008690747 0.004399466
2017-07-08 11:18:53.838000 158763.327 1.597246 0.0 0.0 0.0 0.0004926907 0.004399466
2017-07-08 11:20:21.040000 158850.529 1.598073 0.0 0.0 0.0 0.001170182 0.003336909
2017-07-08 11:21:41.800000 158931.289 1.597322 0.0 0.0 0.0 0.0005679675 0.00455126
2017-07-08 11:23:08.220000 159017.709 1.597397 0.0 0.0 0.0 0.0008690747 0.004323569
2017-07-08 11:24:35.058000 159104.547 1.597171 0.0 0.0 0.0 0.0005679675 0.004399466
2017-07-08 11:26:02.230000 159191.719 1.597998 0.0 0.0 0.0 0.0001163065 0.0035646
2017-07-08 11:27:29.419000 159278.908 1.596119 0.0 0.0 0.0 0.001170182 0.004019981
2017-07-08 11:28:56.670000 159366.159 1.597096 0.0 0.0 0.0 0.001019629 0.004323569
2017-07-08 11:30:23.929000 159453.418 1.597472 0.0 0.0 0.0 0.001170182 0.003185115
2017-07-08 11:31:44.942000 159534.431 1.597847 0.0 0.0 0.0 0.0005679675 0.004247672
2017-07-08 11:33:17.538000 159627.027 1.597171 0.0 0.0 0.0 0.0007185212 0.004323569
2017-07-08 11:34:44.952000 159714.441 1.597847 0.0 0.0 0.0 0.0004174138 0.004854847
2017-07-08 11:36:12.134000 159801.623 1.598373 0.0 0.0 0.0 0.001170182 0.004399466
2017-07-08 11:37:39.365000 159888.854 1.598298 0.0 0.0 0.0 0.0008690747 0.004247672
2017-07-08 11:39:06.656000 159976.145 1.598223 0.0 0.0 0.0 0.001019629 0.00379229
2017-07-08 11:40:34.118000 160063.607 1.598298 0.0 0.0 0.0 0.0004174138 0.004475363
2017-07-08 11:41:55.458000 160144.947 1.598073 0.0 0.0 0.0 0.0004926907 0.004171775
2017-07-08 11:43:22.718000 160232.207 1.598373 0.0 0.0 0.0 0.0007937979 0.004627157
2017-07-08 11:44:50.159000 160319.648 1.598223 0.0 0.0 0.0 0.001170182 0.003488703
2017-07-08 11:46:17.471000 160406.96 1.597998 0.0 0.0 0.0 0.0009443516 0.004627157
2017-07-08 11:47:44.961000 160494.45 1.597171 0.0 0.0 0.0 0.0005679675 0.004703054
2017-07-08 11:49:12.393000 160581.882 1.597472 0.0 0.0 0.0 0.0007185212 0.004095878
2017-07-08 11:50:39.954000 160669.443 1.598373 0.0 0.0 0.0 0.0001915833 0.00455126
2017-07-08 11:52:01.542000 160751.031 1.598298 0.0 0.0 0.0 3.424719e-05 0.004703054
2017-07-08 11:53:28.993000 160838.482 1.597998 0.0 0.0 0.0 0.001245459 0.003488703
2017-07-08 11:54:56.627000 160926.116 1.598073 0.0 0.0 0.0 0.0008690747 0.004399466
2017-07-08 11:56:24.211000 161013.7 1.597021 0.0 0.0 0.0 0.0007937979 0.004323569
2017-07-08 11:57:51.571000 161101.06 1.597472 0.0 0.0 0.0 0.0002668601 0.004854847
2017-07-08 11:59:19.230000 161188.719 1.598223 0.0 0.0 0.0 0.001170182 0.004399466
2017-07-08 12:00:46.872000 161276.361 1.598073 0.0 0.0 0.0 0.001019629 0.004399466
2017-07-08 12:02:08.540000 161358.029 1.597322 0.0 0.0 0.0 0.0001163065 0.004399466
2017-07-08 12:03:35.960000 161445.449 1.598223 0.0 0.0 0.0 0.0007185212 0.004627157
2017-07-08 12:05:03.486000 161532.975 1.597472 0.0 0.0 0.0 0.0007185212 0.004095878
2017-07-08 12:06:31.268000 161620.757 1.597322 0.0 0.0 0.0 0.0005679675 0.004703054
2017-07-08 12:07:59.089000 161708.578 1.597998 0.0 0.0 0.0 0.0007185212 0.00455126
2017-07-08 12:09:26.952000 161796.441 1.598073 0.0 0.0 0.0 0.0007185212 0.004703054
2017-07-08 12:10:54.502000 161883.991 1.597096 0.0 0.0 0.0 0.0005679675 0.005158435
2017-07-08 12:12:22.444000 161971.933 1.598223 0.0 0.0 0.0 0.0007185212 0.004399466
2017-07-08 12:13:44.204000 162053.693 1.598148 0.0 0.0 0.0 0.0004174138 0.004399466
2017-07-08 12:15:12.285000 162141.774 1.598148 0.0 0.0 0.0 0.0007937979 0.003868187
2017-07-08 12:16:40.041000 162229.53 1.597622 0.0 0.0 0.0 0.0006432443 0.004095878
2017-07-08 12:18:08.080000 162317.569 1.59642 0.0 0.0 0.0 0.0007185212 0.00455126
2017-07-08 12:19:36.050000 162405.539 1.598073 0.0 0.0 0.0 0.001094905 0.004475363
2017-07-08 12:21:04.149000 162493.638 1.598373 0.0 0.0 0.0 0.0007185212 0.004854847
2017-07-08 12:22:32.240000 162581.729 1.597171 0.0 0.0 0.0 0.0006432443 0.004778951
2017-07-08 12:24:00.127000 162669.616 1.598373 0.0 0.0 0.0 0.0004174138 0.004703054
2017-07-08 12:25:22.066000 162751.555 1.598223 0.0 0.0 0.0 0.0009443516 0.003716393
2017-07-08 12:26:50.164000 162839.653 1.598148 0.0 0.0 0.0 0.0008690747 0.00455126
2017-07-08 12:28:18.136000 162927.625 1.598073 0.0 0.0 0.0 0.001019629 0.003716393
2017-07-08 12:29:46.166000 163015.655 1.597923 0.0 0.0 0.0 0.001320736 0.003944084
2017-07-08 12:31:14.297000 163103.786 1.597246 0.0 0.0 0.0 0.0002668601 0.004854847
2017-07-08 12:32:42.376000 163191.865 1.598298 0.0 0.0 0.0 0.0007185212 0.004854847
2017-07-08 12:34:10.529000 163280.018 1.597246 0.0 0.0 0.0 4.102964e-05 0.00455126
2017-07-08 12:35:38.700000 163368.189 1.597021 0.0 0.0 0.0 0.0007937979 0.004703054
2017-07-08 12:37:00.947000 163450.436 1.597322 0.0 0.0 0.0 0.0001915833 0.005006641
2017-07-08 12:38:29.232000 163538.721 1.598073 0.0 0.0 0.0 0.0007937979 0.004778951
2017-07-08 12:39:57.474000 163626.963 1.598373 0.0 0.0 0.0 0.001019629 0.00455126
2017-07-08 12:41:25.796000 163715.285 1.59642 0.0 0.0 0.0 0.0008690747 0.00379229
2017-07-08 12:42:54.182000 163803.671 1.598073 0.0 0.0 0.0 3.424719e-05 0.005158435
2017-07-08 12:44:22.444000 163891.933 1.598373 0.0 0.0 0.0 0.001019629 0.00455126
2017-07-08 12:45:50.606000 163980.095 1.597096 0.0 0.0 0.0 0.0007185212 0.004854847
2017-07-08 12:47:18.978000 164068.467 1.598373 0.0 0.0 0.0 0.0008690747 0.004475363
2017-07-08 12:48:41.276000 164150.765 1.597322 0.0 0.0 0.0 0.0004926907 0.005082538
2017-07-08 12:50:09.717000 164239.206 1.597472 0.0 0.0 0.0 3.424719e-05 0.004399466
2017-07-08 12:51:38.067000 164327.556 1.598148 0.0 0.0 0.0 0.0006432443 0.004627157
2017-07-08 12:53:06.596000 164416.085 1.597472 0.0 0.0 0.0 0.0006432443 0.004930745
2017-07-08 12:54:35.198000 164504.687 1.597171 0.0 0.0 0.0 0.0004174138 0.004399466
2017-07-08 12:56:03.808000 164593.297 1.598223 0.0 0.0 0.0 0.001019629 0.00455126
2017-07-08 12:57:32.429000 164681.918 1.598223 0.0 0.0 0.0 0.0006432443 0.005082538
2017-07-08 12:58:54.939000 164764.428 1.598073 0.0 0.0 0.0 0.0005679675 0.004627157
2017-07-08 13:00:23.328000 164852.817 1.597246 0.0 0.0 0.0 0.0007185212 0.004703054
2017-07-08 13:01:51.989000 164941.478 1.598223 0.0 0.0 0.0 0.001170182 0.003640496
2017-07-08 13:03:20.639000 165030.128 1.597923 0.0 0.0 0.0 0.0002668601 0.005006641
2017-07-08 13:04:49.367000 165118.856 1.597472 0.0 0.0 0.0 0.0005679675 0.004778951
2017-07-08 13:06:18.139000 165207.628 1.598073 0.0 0.0 0.0 0.0009443516 0.004247672
2017-07-08 13:07:46.390000 165295.879 1.597998 0.0 0.0 0.0 0.0007937979 0.00379229
2017-07-08 13:09:08.731000 165378.22 1.597246 0.0 0.0 0.0 0.0005679675 0.004247672
2017-07-08 13:10:37.613000 165467.102 1.598073 0.0 0.0 0.0 0.0008690747 0.004095878
2017-07-08 13:12:06.283000 165555.772 1.598373 0.0 0.0 0.0 0.0007185212 0.004475363
2017-07-08 13:13:35.113000 165644.602 1.597923 0.0 0.0 0.0 0.0007185212 0.004399466
2017-07-08 13:15:03.975000 165733.464 1.598148 0.0 0.0 0.0 0.0004174138 0.004095878
2017-07-08 13:16:32.817000 165822.306 1.597998 0.0 0.0 0.0 0.0005679675 0.004778951
2017-07-08 13:18:01.787000 165911.276 1.598449 0.0 0.0 0.0 0.001019629 0.004247672
2017-07-08 13:19:24.515000 165994.004 1.597246 0.0 0.0 0.0 0.0008690747 0.004323569
2017-07-08 13:20:53.265000 166082.754 1.598373 0.0 0.0 0.0 3.424719e-05 0.004930745
2017-07-08 13:22:22.097000 166171.586 1.598373 0.0 0.0 0.0 0.0002668601 0.00455126
2017-07-08 13:23:50.949000 166260.438 1.596946 0.0 0.0 0.0 0.0006432443 0.004930745
2017-07-08 13:25:20.090000 166349.579 1.598223 0.0 0.0 0.0 0.0005679675 0.005158435
2017-07-08 13:26:48.960000 166438.449 1.598298 0.0 0.0 0.0 0.0007937979 0.004323569
2017-07-08 13:28:18.048000 166527.537 1.597246 0.0 0.0 0.0 0.0006432443 0.004778951
2017-07-08 13:29:47.207000 166616.696 1.598073 0.0 0.0 0.0 0.0007937979 0.00455126
2017-07-08 13:31:10.248000 166699.737 1.598223 0.0 0.0 0.0 0.001019629 0.00455126
2017-07-08 13:32:39.330000 166788.819 1.597322 0.0 0.0 0.0 0.0008690747 0.00455126
2017-07-08 13:34:08.561000 166878.05 1.598223 0.0 0.0 0.0 0.001320736 0.003868187
2017-07-08 13:35:37.843000 166967.332 1.597096 0.0 0.0 0.0 0.0002668601 0.004399466
2017-07-08 13:37:06.965000 167056.454 1.598373 0.0 0.0 0.0 0.001245459 0.004171775
2017-07-08 13:38:36.545000 167146.034 1.597322 0.0 0.0 0.0 0.0007185212 0.004095878
2017-07-08 13:40:05.756000 167235.245 1.598223 0.0 0.0 0.0 0.0005679675 0.004703054
2017-07-08 13:41:35.078000 167324.567 1.597246 0.0 0.0 0.0 0.0004926907 0.003944084
2017-07-08 13:42:58.337000 167407.826 1.598298 0.0 0.0 0.0 0.001094905 0.003944084
2017-07-08 13:44:27.688000 167497.177 1.597171 0.0 0.0 0.0 0.0006432443 0.004323569
2017-07-08 13:46:02.039000 167591.528 1.598148 0.0 0.0 0.0 0.0005679675 0.003488703
2017-07-08 13:47:31.380000 167680.869 1.598148 0.0 0.0 0.0 0.001094905 0.004095878
2017-07-08 13:49:00.893000 167770.382 1.597322 0.0 0.0 0.0 0.0007185212 0.003944084
2017-07-08 13:50:30.274000 167859.763 1.597322 0.0 0.0 0.0 0.001019629 0.004399466
2017-07-08 13:51:59.694000 167949.183 1.597847 0.0 0.0 0.0 0.001170182 0.004399466
2017-07-08 13:53:29.330000 168038.819 1.597322 0.0 0.0 0.0 0.001094905 0.004171775
2017-07-08 13:54:52.598000 168122.087 1.597322 0.0 0.0 0.0 0.0004926907 0.003944084
2017-07-08 13:56:22.020000 168211.509 1.598148 0.0 0.0 0.0 0.0004174138 0.004930745
2017-07-08 13:57:51.331000 168300.82 1.598223 0.0 0.0 0.0 0.0005679675 0.004703054
2017-07-08 13:59:20.842000 168390.331 1.597472 0.0 0.0 0.0 0.0008690747 0.004399466
2017-07-08 14:00:50.402000 168479.891 1.598223 0.0 0.0 0.0 0.0007937979 0.004399466
2017-07-08 14:02:19.754000 168569.243 1.597923 0.0 0.0 0.0 0.0007937979 0.004399466
2017-07-08 14:03:49.550000 168659.039 1.596044 0.0 0.0 0.0 0.0007185212 0.004703054
2017-07-08 14:05:12.860000 168742.349 1.597397 0.0 0.0 0.0 0.0004174138 0.004475363
2017-07-08 14:06:42.476000 168831.965 1.598373 0.0 0.0 0.0 0.0004174138 0.004095878
2017-07-08 14:08:12.175000 168921.664 1.597923 0.0 0.0 0.0 0.0007185212 0.004475363
2017-07-08 14:09:41.915000 169011.404 1.598073 0.0 0.0 0.0 0.000342137 0.004627157
2017-07-08 14:11:11.666000 169101.155 1.598298 0.0 0.0 0.0 0.001170182 0.004247672
2017-07-08 14:12:41.425000 169190.914 1.598373 0.0 0.0 0.0 0.0005679675 0.00455126
2017-07-08 14:14:11.316000 169280.805 1.598148 0.0 0.0 0.0 0.0006432443 0.004778951
2017-07-08 14:15:34.895000 169364.384 1.598148 0.0 0.0 0.0 0.001320736 0.004171775
2017-07-08 14:17:04.477000 169453.966 1.597171 0.0 0.0 0.0 4.102964e-05 0.004171775
2017-07-08 14:18:34.386000 169543.875 1.59642 0.0 0.0 0.0 0.0007185212 0.004778951
2017-07-08 14:20:04.078000 169633.567 1.598223 0.0 0.0 0.0 0.0004926907 0.004475363
2017-07-08 14:21:34.139000 169723.628 1.598373 0.0 0.0 0.0 0.0005679675 0.005158435
2017-07-08 14:23:04.102000 169813.591 1.598223 0.0 0.0 0.0 0.0007185212 0.004323569
2017-07-08 14:24:33.870000 169903.359 1.598373 0.0 0.0 0.0 0.001019629 0.004171775
2017-07-08 14:25:57.490000 169986.979 1.597096 0.0 0.0 0.0 0.001019629 0.004171775
2017-07-08 14:27:27.552000 170077.041 1.597171 0.0 0.0 0.0 0.001019629 0.004247672
2017-07-08 14:28:57.364000 170166.853 1.598449 0.0 0.0 0.0 0.0005679675 0.004323569
2017-07-08 14:30:27.345000 170256.834 1.597322 0.0 0.0 0.0 0.0007185212 0.004703054
2017-07-08 14:31:57.447000 170346.936 1.597397 0.0 0.0 0.0 0.0007937979 0.004627157
2017-07-08 14:33:32.540000 170442.029 1.598073 0.0 0.0 0.0 0.0008690747 0.004399466
2017-07-08 14:35:02.679000 170532.168 1.597998 0.0 0.0 0.0 0.001170182 0.004247672
2017-07-08 14:36:26.558000 170616.047 1.59642 0.0 0.0 0.0 0.0007185212 0.004323569
2017-07-08 14:37:56.791000 170706.28 1.597021 0.0 0.0 0.0 0.0005679675 0.003640496
2017-07-08 14:39:27.011000 170796.5 1.598073 0.0 0.0 0.0 0.001396012 0.003944084
2017-07-08 14:40:57.092000 170886.581 1.598373 0.0 0.0 0.0 0.0008690747 0.004247672
2017-07-08 14:42:27.436000 170976.925 1.597923 0.0 0.0 0.0 0.0007185212 0.004703054
2017-07-08 14:43:57.437000 171066.926 1.597998 0.0 0.0 0.0 0.0009443516 0.003716393
2017-07-08 14:45:27.769000 171157.258 1.597171 0.0 0.0 0.0 0.001019629 0.003336909
2017-07-08 14:46:51.878000 171241.367 1.597998 0.0 0.0 0.0 0.0009443516 0.004399466
2017-07-08 14:48:22.029000 171331.518 1.598223 0.0 0.0 0.0 0.0007185212 0.004703054
2017-07-08 14:49:52.311000 171421.8 1.598073 0.0 0.0 0.0 0.0007185212 0.004627157
2017-07-08 14:51:22.613000 171512.102 1.598073 0.0 0.0 0.0 0.001019629 0.004399466
2017-07-08 14:52:53.071000 171602.56 1.597322 0.0 0.0 0.0 0.0007185212 0.004703054
2017-07-08 14:54:23.226000 171692.715 1.597998 0.0 0.0 0.0 0.0008690747 0.004095878
2017-07-08 14:55:53.689000 171783.178 1.597622 0.0 0.0 0.0 0.0002668601 0.00455126
2017-07-08 14:57:17.749000 171867.238 1.598073 0.0 0.0 0.0 0.0005679675 0.003944084
2017-07-08 14:58:47.991000 171957.48 1.59642 0.0 0.0 0.0 0.0008690747 0.004399466
2017-07-08 15:00:23.683000 172053.172 1.598073 0.0 0.0 0.0 0.0005679675 0.004854847
2017-07-08 15:01:54.118000 172143.607 1.597547 0.0 0.0 0.0 0.0005679675 0.004854847
2017-07-08 15:03:24.689000 172234.178 1.597322 0.0 0.0 0.0 0.0008690747 0.004171775
2017-07-08 15:04:55.301000 172324.79 1.597171 0.0 0.0 0.0 0.0005679675 0.004247672
2017-07-08 15:06:25.863000 172415.352 1.597246 0.0 0.0 0.0 0.0004926907 0.004703054
2017-07-08 15:07:50.017000 172499.506 1.597171 0.0 0.0 0.0 0.001094905 0.004323569
2017-07-08 15:09:20.519000 172590.008 1.598373 0.0 0.0 0.0 0.0007937979 0.004854847
2017-07-08 15:10:51.120000 172680.609 1.597472 0.0 0.0 0.0 0.001320736 0.004247672
2017-07-08 15:12:21.719000 172771.208 1.598373 0.0 0.0 0.0 0.0001915833 0.004930745
2017-07-08 15:13:52.459000 172861.948 1.598373 0.0 0.0 0.0 0.0007185212 0.004399466
2017-07-08 15:15:23.221000 172952.71 1.597998 0.0 0.0 0.0 0.001019629 0.004399466
2017-07-08 15:16:53.720000 173043.209 1.596345 0.0 0.0 0.0 0.0007937979 0.004703054
2017-07-08 15:18:18.333000 173127.822 1.598223 0.0 0.0 0.0 0.0007185212 0.00455126
2017-07-08 15:19:49.113000 173218.602 1.598373 0.0 0.0 0.0 0.001170182 0.004019981
2017-07-08 15:21:19.995000 173309.484 1.597322 0.0 0.0 0.0 0.0005679675 0.004399466
2017-07-08 15:22:50.761000 173400.25 1.597171 0.0 0.0 0.0 0.000342137 0.004095878
2017-07-08 15:24:21.603000 173491.092 1.596345 0.0 0.0 0.0 0.0009443516 0.00379229
2017-07-08 15:25:52.474000 173581.963 1.597171 0.0 0.0 0.0 0.001019629 0.00455126
2017-07-08 15:27:23.333000 173672.822 1.597847 0.0 0.0 0.0 0.000342137 0.004778951
2017-07-08 15:28:48.127000 173757.616 1.597021 0.0 0.0 0.0 0.0007185212 0.00455126
2017-07-08 15:30:19.118000 173848.607 1.597096 0.0 0.0 0.0 0.001245459 0.0035646
2017-07-08 15:31:49.930000 173939.419 1.597923 0.0 0.0 0.0 0.0007185212 0.003944084
2017-07-08 15:33:26.023000 174035.512 1.597472 0.0 0.0 0.0 0.001094905 0.004247672
2017-07-08 15:34:56.975000 174126.464 1.598073 0.0 0.0 0.0 0.001019629 0.004019981
2017-07-08 15:36:28.066000 174217.555 1.597397 0.0 0.0 0.0 0.0007937979 0.004854847
2017-07-08 15:37:59.216000 174308.705 1.598449 0.0 0.0 0.0 0.0007185212 0.004247672
2017-07-08 15:39:24.035000 174393.524 1.597096 0.0 0.0 0.0 0.001245459 0.00379229
2017-07-08 15:40:55.157000 174484.646 1.597021 0.0 0.0 0.0 0.0006432443 0.004703054
2017-07-08 15:42:26.378000 174575.867 1.598148 0.0 0.0 0.0 0.0004174138 0.005006641
2017-07-08 15:43:57.619000 174667.108 1.597246 0.0 0.0 0.0 0.0006432443 0.00455126
2017-07-08 15:45:28.778000 174758.267 1.597096 0.0 0.0 0.0 0.0005679675 0.004703054
2017-07-08 15:47:00.069000 174849.558 1.597472 0.0 0.0 0.0 0.0007185212 0.004854847
2017-07-08 15:48:31.279000 174940.768 1.597998 0.0 0.0 0.0 0.0009443516 0.004930745
2017-07-08 15:49:56.239000 175025.728 1.598298 0.0 0.0 0.0 0.0002668601 0.004019981
2017-07-08 15:51:27.299000 175116.788 1.597923 0.0 0.0 0.0 0.0008690747 0.004703054
2017-07-08 15:52:58.585000 175208.074 1.598223 0.0 0.0 0.0 0.001019629 0.00455126
2017-07-08 15:54:29.948000 175299.437 1.598223 0.0 0.0 0.0 0.001019629 0.004247672
2017-07-08 15:56:01.265000 175390.754 1.598449 0.0 0.0 0.0 0.0007185212 0.004095878
2017-07-08 15:57:32.697000 175482.186 1.598298 0.0 0.0 0.0 0.0007185212 0.004399466
2017-07-08 15:59:03.828000 175573.317 1.598373 0.0 0.0 0.0 0.0005679675 0.005006641
2017-07-08 16:00:28.878000 175658.367 1.598373 0.0 0.0 0.0 0.001019629 0.004019981
2017-07-08 16:02:00.458000 175749.947 1.597171 0.0 0.0 0.0 0.0007185212 0.004475363
2017-07-08 16:03:31.880000 175841.369 1.597697 0.0 0.0 0.0 0.001019629 0.004095878
2017-07-08 16:05:03.360000 175932.849 1.598073 0.0 0.0 0.0 0.0007185212 0.004247672
2017-07-08 16:06:34.660000 176024.149 1.597923 0.0 0.0 0.0 0.0007185212 0.004854847
2017-07-08 16:08:06.291000 176115.78 1.597021 0.0 0.0 0.0 0.001019629 0.004247672
2017-07-08 16:09:38.132000 176207.621 1.597171 0.0 0.0 0.0 0.0004926907 0.004399466
2017-07-08 16:11:03.365000 176292.854 1.598373 0.0 0.0 0.0 0.0007185212 0.004703054
2017-07-08 16:12:35.124000 176384.613 1.598223 0.0 0.0 0.0 0.001471289 0.003944084
2017-07-08 16:14:06.666000 176476.155 1.597923 0.0 0.0 0.0 0.001396012 0.003716393
2017-07-08 16:15:38.238000 176567.727 1.597547 0.0 0.0 0.0 0.0001163065 0.004854847
2017-07-08 16:17:09.980000 176659.469 1.596946 0.0 0.0 0.0 0.001170182 0.004247672
2017-07-08 16:18:41.721000 176751.21 1.598148 0.0 0.0 0.0 0.0002668601 0.004171775
2017-07-08 16:20:13.426000 176842.915 1.597322 0.0 0.0 0.0 0.0004926907 0.004171775
2017-07-08 16:21:38.755000 176928.244 1.598373 0.0 0.0 0.0 0.0004926907 0.004247672
2017-07-08 16:23:10.569000 177020.058 1.598298 0.0 0.0 0.0 0.001320736 0.004399466
2017-07-08 16:24:42.374000 177111.863 1.597322 0.0 0.0 0.0 0.0007185212 0.004247672
2017-07-08 16:26:14.195000 177203.684 1.598148 0.0 0.0 0.0 0.0002668601 0.005310229
2017-07-08 16:27:45.848000 177295.337 1.597622 0.0 0.0 0.0 0.0008690747 0.004323569
2017-07-08 16:29:17.759000 177387.248 1.597397 0.0 0.0 0.0 0.0004926907 0.004703054
2017-07-08 16:30:49.531000 177479.02 1.598373 0.0 0.0 0.0 0.0008690747 0.004095878
2017-07-08 16:32:15.020000 177564.509 1.597472 0.0 0.0 0.0 0.0007185212 0.004854847
2017-07-08 16:33:46.961000 177656.45 1.598223 0.0 0.0 0.0 0.001170182 0.00455126
2017-07-08 16:35:19.002000 177748.491 1.597397 0.0 0.0 0.0 0.000342137 0.00455126
2017-07-08 16:36:50.955000 177840.444 1.598073 0.0 0.0 0.0 0.001170182 0.004247672
2017-07-08 16:38:23.056000 177932.545 1.598223 0.0 0.0 0.0 0.0007185212 0.004475363
2017-07-08 16:39:55.147000 178024.636 1.598524 0.0 0.0 0.0 0.0007937979 0.004095878
2017-07-08 16:41:27.262000 178116.751 1.597472 0.0 0.0 0.0 0.0006432443 0.004778951
2017-07-08 16:42:59.244000 178208.733 1.598373 0.0 0.0 0.0 0.0004174138 0.00455126
2017-07-08 16:44:31.466000 178300.955 1.597171 0.0 0.0 0.0 0.001245459 0.003944084
2017-07-08 16:45:57.168000 178386.657 1.598073 0.0 0.0 0.0 0.0006432443 0.004247672
2017-07-08 16:47:29.360000 178478.849 1.597472 0.0 0.0 0.0 0.001019629 0.004930745
2017-07-08 16:49:01.582000 178571.071 1.598373 0.0 0.0 0.0 0.001094905 0.003109218
2017-07-08 16:50:33.713000 178663.202 1.598298 0.0 0.0 0.0 0.001621843 0.004019981
2017-07-08 16:52:05.966000 178755.455 1.598073 0.0 0.0 0.0 0.0005679675 0.003944084
2017-07-08 16:53:38.320000 178847.809 1.598298 0.0 0.0 0.0 0.001320736 0.004095878
2017-07-08 16:55:10.651000 178940.14 1.597923 0.0 0.0 0.0 0.0004174138 0.004247672
2017-07-08 16:56:42.992000 179032.481 1.598223 0.0 0.0 0.0 0.001019629 0.00379229
2017-07-08 16:58:08.851000 179118.34 1.597322 0.0 0.0 0.0 0.0007185212 0.003944084
2017-07-08 16:59:41.250000 179210.739 1.598373 0.0 0.0 0.0 0.0006432443 0.00455126
2017-07-08 17:01:13.622000 179303.111 1.597322 0.0 0.0 0.0 0.0008690747 0.004019981
2017-07-08 17:02:46.014000 179395.503 1.598148 0.0 0.0 0.0 0.0005679675 0.004399466
2017-07-08 17:04:18.396000 179487.885 1.598373 0.0 0.0 0.0 0.001320736 0.004095878
2017-07-08 17:05:50.658000 179580.147 1.598223 0.0 0.0 0.0 0.0005679675 0.00455126
2017-07-08 17:07:23.188000 179672.677 1.598223 0.0 0.0 0.0 0.001094905 0.004323569
2017-07-08 17:08:49.058000 179758.547 1.597246 0.0 0.0 0.0 0.0006432443 0.004475363
2017-07-08 17:10:21.529000 179851.018 1.597246 0.0 0.0 0.0 0.000342137 0.004627157
2017-07-08 17:11:54.029000 179943.518 1.597322 0.0 0.0 0.0 0.0006432443 0.004323569
2017-07-08 17:13:26.569000 180036.058 1.598223 0.0 0.0 0.0 0.0007937979 0.00455126
2017-07-08 17:14:59.351000 180128.84 1.597923 0.0 0.0 0.0 0.0007185212 0.004095878
2017-07-08 17:16:32.084000 180221.573 1.598373 0.0 0.0 0.0 0.0007185212 0.00455126
2017-07-08 17:18:04.756000 180314.245 1.598148 0.0 0.0 0.0 0.0007185212 0.004399466
2017-07-08 17:19:30.890000 180400.379 1.597397 0.0 0.0 0.0 0.0007185212 0.00455126
2017-07-08 17:21:03.590000 180493.079 1.59642 0.0 0.0 0.0 0.000342137 0.004703054
2017-07-08 17:22:36.363000 180585.852 1.598073 0.0 0.0 0.0 0.0005679675 0.004854847
2017-07-08 17:24:09.192000 180678.681 1.597171 0.0 0.0 0.0 0.0009443516 0.004778951
2017-07-08 17:25:41.841000 180771.33 1.597322 0.0 0.0 0.0 0.0007185212 0.004930745
2017-07-08 17:27:14.645000 180864.134 1.597246 0.0 0.0 0.0 0.001170182 0.004095878
2017-07-08 17:28:47.504000 180956.993 1.598524 0.0 0.0 0.0 0.0008690747 0.004930745
2017-07-08 17:30:13.746000 181043.235 1.597171 0.0 0.0 0.0 0.0004174138 0.005386126
2017-07-08 17:31:46.387000 181135.876 1.598223 0.0 0.0 0.0 0.001245459 0.0035646
2017-07-08 17:33:19.169000 181228.658 1.597772 0.0 0.0 0.0 0.0007185212 0.004627157
2017-07-08 17:34:52.059000 181321.548 1.597322 0.0 0.0 0.0 0.0008690747 0.003868187
2017-07-08 17:36:25.050000 181414.539 1.598373 0.0 0.0 0.0 0.0008690747 0.005006641
2017-07-08 17:37:58.005000 181507.494 1.598449 0.0 0.0 0.0 0.001094905 0.004019981
2017-07-08 17:39:31.058000 181600.547 1.598298 0.0 0.0 0.0 0.0008690747 0.004095878
2017-07-08 17:41:04.060000 181693.549 1.597322 0.0 0.0 0.0 0.0005679675 0.004095878
2017-07-08 17:42:30.540000 181780.029 1.597998 0.0 0.0 0.0 0.0008690747 0.00379229
2017-07-08 17:44:03.371000 181872.86 1.598373 0.0 0.0 0.0 0.0007185212 0.004399466
2017-07-08 17:45:36.451000 181965.94 1.597021 0.0 0.0 0.0 0.001094905 0.003868187
2017-07-08 17:47:09.593000 182059.082 1.598373 0.0 0.0 0.0 0.001170182 0.004095878
2017-07-08 17:48:42.645000 182152.134 1.598148 0.0 0.0 0.0 0.001170182 0.004247672
2017-07-08 17:50:15.838000 182245.327 1.598073 0.0 0.0 0.0 0.0008690747 0.004247672
2017-07-08 17:51:49.013000 182338.502 1.596871 0.0 0.0 0.0 0.0005679675 0.004399466
2017-07-08 17:53:22.190000 182431.679 1.597998 0.0 0.0 0.0 0.0006432443 0.004399466
2017-07-08 17:54:48.831000 182518.32 1.597322 0.0 0.0 0.0 0.0007185212 0.004703054
2017-07-08 17:56:21.435000 182610.924 1.598073 0.0 0.0 0.0 0.0006432443 0.004778951
2017-07-08 17:57:54.656000 182704.145 1.598073 0.0 0.0 0.0 0.0001163065 0.004247672
2017-07-08 17:59:27.838000 182797.327 1.598073 0.0 0.0 0.0 0.0008690747 0.004475363
2017-07-08 18:01:06.121000 182895.61 1.59657 0.0 0.0 0.0 0.001170182 0.004171775
2017-07-08 18:02:39.461000 182988.95 1.598148 0.0 0.0 0.0 0.0007937979 0.00455126
2017-07-08 18:05:29.085000 183158.574 1.597472 0.0 0.0 0.0 0.0009443516 0.004930745
2017-07-08 18:07:07.477000 183256.966 1.597322 0.0 0.0 0.0 0.001320736 0.004399466
2017-07-08 18:08:34.362000 183343.851 1.598148 0.0 0.0 0.0 0.0005679675 0.004854847
2017-07-08 18:10:07.253000 183436.742 1.598148 0.0 0.0 0.0 0.001019629 0.004095878
2017-07-08 18:11:40.715000 183530.204 1.598373 0.0 0.0 0.0 0.0006432443 0.004778951
2017-07-08 18:13:14.220000 183623.709 1.598449 0.0 0.0 0.0 0.0006432443 0.004778951
2017-07-08 18:14:47.770000 183717.259 1.598148 0.0 0.0 0.0 0.0005679675 0.004247672
2017-07-08 18:16:21.282000 183810.771 1.598298 0.0 0.0 0.0 0.0008690747 0.004095878
2017-07-08 18:17:54.555000 183904.044 1.598373 0.0 0.0 0.0 0.0006432443 0.004095878
2017-07-08 18:19:28.077000 183997.566 1.598073 0.0 0.0 0.0 0.001019629 0.00455126
2017-07-08 18:20:55.182000 184084.671 1.597472 0.0 0.0 0.0 0.0007185212 0.004095878
2017-07-08 18:22:28.835000 184178.324 1.598223 0.0 0.0 0.0 0.0009443516 0.004475363
2017-07-08 18:24:02.345000 184271.834 1.597322 0.0 0.0 0.0 0.0008690747 0.004399466
2017-07-08 18:25:35.715000 184365.204 1.597397 0.0 0.0 0.0 0.0005679675 0.004778951
2017-07-08 18:27:09.376000 184458.865 1.598073 0.0 0.0 0.0 0.0006432443 0.00455126
2017-07-08 18:28:43.118000 184552.607 1.597998 0.0 0.0 0.0 0.0006432443 0.004778951
2017-07-08 18:30:16.780000 184646.269 1.598073 0.0 0.0 0.0 0.0005679675 0.00379229
2017-07-08 18:31:43.348000 184732.837 1.598298 0.0 0.0 0.0 0.0007185212 0.004703054
2017-07-08 18:33:17.157000 184826.646 1.59627 0.0 0.0 0.0 0.0007185212 0.00455126
2017-07-08 18:34:50.985000 184920.474 1.598223 0.0 0.0 0.0 0.0006432443 0.004703054
2017-07-08 18:36:24.950000 185014.439 1.598373 0.0 0.0 0.0 0.0008690747 0.004399466
2017-07-08 18:37:58.572000 185108.061 1.598148 0.0 0.0 0.0 0.0004174138 0.00455126
2017-07-08 18:39:32.563000 185202.052 1.598223 0.0 0.0 0.0 0.0005679675 0.004703054
2017-07-08 18:41:06.494000 185295.983 1.597622 0.0 0.0 0.0 0.001471289 0.003944084
2017-07-08 18:42:33.815000 185383.304 1.598148 0.0 0.0 0.0 0.0001163065 0.004703054
2017-07-08 18:44:07.796000 185477.285 1.598373 0.0 0.0 0.0 0.0004174138 0.004247672
2017-07-08 18:45:41.929000 185571.418 1.598449 0.0 0.0 0.0 0.0006432443 0.004399466
2017-07-08 18:47:16.110000 185665.599 1.598524 0.0 0.0 0.0 0.0007937979 0.004627157
2017-07-08 18:48:50.192000 185759.681 1.597096 0.0 0.0 0.0 0.0006432443 0.004095878
2017-07-08 18:50:24.234000 185853.723 1.598073 0.0 0.0 0.0 0.001471289 0.003944084
2017-07-08 18:51:58.255000 185947.744 1.598449 0.0 0.0 0.0 0.0009443516 0.004930745
2017-07-08 18:53:25.607000 186035.096 1.596871 0.0 0.0 0.0 0.0007185212 0.005082538
2017-07-08 18:54:58.838000 186128.327 1.598223 0.0 0.0 0.0 0.0007185212 0.004399466
2017-07-08 18:56:32.947000 186222.436 1.598223 0.0 0.0 0.0 0.0009443516 0.003944084
2017-07-08 18:58:07.131000 186316.62 1.59627 0.0 0.0 0.0 0.0002668601 0.004247672
2017-07-08 18:59:41.293000 186410.782 1.597171 0.0 0.0 0.0 0.001019629 0.004095878
2017-07-08 19:01:15.504000 186504.993 1.598298 0.0 0.0 0.0 0.001019629 0.004247672
2017-07-08 19:02:52.073000 186601.562 1.598298 0.0 0.0 0.0 0.0007185212 0.004247672
2017-07-08 19:04:26.246000 186695.735 1.598223 0.0 0.0 0.0 0.0008690747 0.004399466
2017-07-08 19:05:53.936000 186783.425 1.598073 0.0 0.0 0.0 0.0007185212 0.004703054
2017-07-08 19:07:28.199000 186877.688 1.59657 0.0 0.0 0.0 0.0004926907 0.004778951
2017-07-08 19:09:02.510000 186971.999 1.597322 0.0 0.0 0.0 0.0007185212 0.004703054
2017-07-08 19:10:36.863000 187066.352 1.59642 0.0 0.0 0.0 0.001170182 0.00455126
2017-07-08 19:12:11.266000 187160.755 1.597322 0.0 0.0 0.0 0.0009443516 0.004171775
2017-07-08 19:13:50.691000 187260.18 1.598373 0.0 0.0 0.0 0.001094905 0.004019981
2017-07-08 19:15:25.003000 187354.492 1.597923 0.0 0.0 0.0 0.001320736 0.003944084
2017-07-08 19:16:52.693000 187442.182 1.597472 0.0 0.0 0.0 0.001019629 0.00379229
2017-07-08 19:18:26.250000 187535.739 1.597472 0.0 0.0 0.0 0.001094905 0.00379229
2017-07-08 19:20:00.701000 187630.19 1.597923 0.0 0.0 0.0 0.0008690747 0.004247672
2017-07-08 19:21:35.024000 187724.513 1.596119 0.0 0.0 0.0 0.0009443516 0.004019981
2017-07-08 19:23:09.493000 187818.982 1.598073 0.0 0.0 0.0 0.0007185212 0.00455126
2017-07-08 19:24:44.038000 187913.527 1.598223 0.0 0.0 0.0 0.0007937979 0.00455126
2017-07-08 19:26:18.639000 188008.128 1.598298 0.0 0.0 0.0 0.0005679675 0.004778951
2017-07-08 19:27:53.219000 188102.708 1.597171 0.0 0.0 0.0 0.0004174138 0.004475363
2017-07-08 19:29:20.978000 188190.467 1.597096 0.0 0.0 0.0 0.001170182 0.004247672
2017-07-08 19:30:55.611000 188285.1 1.598073 0.0 0.0 0.0 0.0006432443 0.004399466
2017-07-08 19:32:30.314000 188379.803 1.598298 0.0 0.0 0.0 3.424719e-05 0.004854847
2017-07-08 19:34:04.934000 188474.423 1.598148 0.0 0.0 0.0 0.001094905 0.004323569
2017-07-08 19:35:39.682000 188569.171 1.598298 0.0 0.0 0.0 0.0007937979 0.004703054
2017-07-08 19:37:14.404000 188663.893 1.598223 0.0 0.0 0.0 0.001019629 0.004247672
2017-07-08 19:38:49.186000 188758.675 1.598599 0.0 0.0 0.0 0.001170182 0.004095878
2017-07-08 19:40:17.176000 188846.665 1.597246 0.0 0.0 0.0 0.0006432443 0.004399466
2017-07-08 19:41:51.978000 188941.467 1.598599 0.0 0.0 0.0 0.0005679675 0.00455126
2017-07-08 19:43:26.512000 189036.001 1.595969 0.0 0.0 0.0 0.0004926907 0.005082538
2017-07-08 19:45:01.296000 189130.785 1.597021 0.0 0.0 0.0 0.0007185212 0.004095878
2017-07-08 19:46:36.078000 189225.567 1.598223 0.0 0.0 0.0 0.0006432443 0.004323569
2017-07-08 19:48:11.040000 189320.529 1.598223 0.0 0.0 0.0 0.0009443516 0.00455126
2017-07-08 19:49:45.779000 189415.268 1.597472 0.0 0.0 0.0 0.0002668601 0.004095878
2017-07-08 19:51:13.967000 189503.456 1.598073 0.0 0.0 0.0 0.001471289 0.004399466
2017-07-08 19:52:48.878000 189598.367 1.598148 0.0 0.0 0.0 0.0005679675 0.00455126
2017-07-08 19:54:23.947000 189693.436 1.596871 0.0 0.0 0.0 0.0007937979 0.004703054
2017-07-08 19:55:58.936000 189788.425 1.598373 0.0 0.0 0.0 0.0008690747 0.00455126
2017-07-08 19:57:33.699000 189883.188 1.597397 0.0 0.0 0.0 0.0007185212 0.004399466
2017-07-08 19:59:08.800000 189978.289 1.597096 0.0 0.0 0.0 0.0004926907 0.004703054
2017-07-08 20:00:43.822000 190073.311 1.597622 0.0 0.0 0.0 0.0007937979 0.004171775
2017-07-08 20:02:12.351000 190161.84 1.598073 0.0 0.0 0.0 0.0002668601 0.004627157
2017-07-08 20:03:47.482000 190256.971 1.597847 0.0 0.0 0.0 0.0004926907 0.004323569
2017-07-08 20:05:22.263000 190351.752 1.598223 0.0 0.0 0.0 0.0007937979 0.004930745
2017-07-08 20:06:57.446000 190446.935 1.598223 0.0 0.0 0.0 0.0007937979 0.004095878
2017-07-08 20:08:32.361000 190541.85 1.597322 0.0 0.0 0.0 0.001170182 0.003412806
2017-07-08 20:10:07.623000 190637.112 1.597923 0.0 0.0 0.0 0.0005679675 0.00455126
2017-07-08 20:11:42.742000 190732.231 1.597923 0.0 0.0 0.0 0.001546566 0.003336909
2017-07-08 20:13:17.512000 190827.001 1.598298 0.0 0.0 0.0 0.001094905 0.004627157
2017-07-08 20:14:46.002000 190915.491 1.597096 0.0 0.0 0.0 0.0006432443 0.005158435
2017-07-08 20:16:20.423000 191009.912 1.597171 0.0 0.0 0.0 0.001396012 0.003944084
2017-07-08 20:17:55.859000 191105.348 1.597923 0.0 0.0 0.0 0.0008690747 0.004703054
2017-07-08 20:19:31.111000 191200.6 1.59657 0.0 0.0 0.0 0.001320736 0.003640496
2017-07-08 20:21:06.443000 191295.932 1.59642 0.0 0.0 0.0 0.0009443516 0.004399466
2017-07-08 20:22:41.765000 191391.254 1.598073 0.0 0.0 0.0 0.0001915833 0.004930745
2017-07-08 20:24:17.026000 191486.515 1.598223 0.0 0.0 0.0 0.001019629 0.004323569
2017-07-08 20:25:52.268000 191581.757 1.597923 0.0 0.0 0.0 0.0007185212 0.004703054
2017-07-08 20:27:21.050000 191670.539 1.597171 0.0 0.0 0.0 0.001320736 0.004095878
2017-07-08 20:28:55.671000 191765.16 1.597998 0.0 0.0 0.0 0.001170182 0.004247672
2017-07-08 20:30:30.976000 191860.465 1.598148 0.0 0.0 0.0 0.0005679675 0.004854847
2017-07-08 20:32:06.553000 191956.042 1.597923 0.0 0.0 0.0 0.001170182 0.004019981
2017-07-08 20:33:42.133000 192051.622 1.597096 0.0 0.0 0.0 0.0009443516 0.004399466
2017-07-08 20:35:17.775000 192147.264 1.597171 0.0 0.0 0.0 0.0008690747 0.004171775
2017-07-08 20:36:53.358000 192242.847 1.597397 0.0 0.0 0.0 0.0009443516 0.004247672
2017-07-08 20:38:22.199000 192331.688 1.597998 0.0 0.0 0.0 0.001245459 0.004399466
2017-07-08 20:39:57.560000 192427.049 1.598449 0.0 0.0 0.0 0.0008690747 0.00455126
2017-07-08 20:41:33.162000 192522.651 1.597096 0.0 0.0 0.0 0.0007185212 0.004399466
2017-07-08 20:43:08.845000 192618.334 1.598449 0.0 0.0 0.0 0.001019629 0.004399466
2017-07-08 20:44:44.206000 192713.695 1.598073 0.0 0.0 0.0 0.0004174138 0.005006641
2017-07-08 20:46:19.678000 192809.167 1.597998 0.0 0.0 0.0 0.0005679675 0.004703054
2017-07-08 20:47:55.449000 192904.938 1.597923 0.0 0.0 0.0 0.001170182 0.003944084
2017-07-08 20:49:31.252000 193000.741 1.598073 0.0 0.0 0.0 0.0009443516 0.004475363
2017-07-08 20:51:00.142000 193089.631 1.598148 0.0 0.0 0.0 0.0007185212 0.004854847
2017-07-08 20:52:35.974000 193185.463 1.597923 0.0 0.0 0.0 3.424719e-05 0.00455126
2017-07-08 20:54:11.684000 193281.173 1.598223 0.0 0.0 0.0 0.0007185212 0.004778951
2017-07-08 20:55:47.635000 193377.124 1.598223 0.0 0.0 0.0 0.001019629 0.004019981
2017-07-08 20:57:23.377000 193472.866 1.598073 0.0 0.0 0.0 0.0007185212 0.004399466
2017-07-08 20:58:59.070000 193568.559 1.595969 0.0 0.0 0.0 0.0004926907 0.004854847
2017-07-08 21:00:34.772000 193664.261 1.596119 0.0 0.0 0.0 0.0006432443 0.005082538
2017-07-08 21:02:03.982000 193753.471 1.598524 0.0 0.0 0.0 0.0005679675 0.004854847
2017-07-08 21:03:39.975000 193849.464 1.596871 0.0 0.0 0.0 0.0006432443 0.003944084
2017-07-08 21:05:15.821000 193945.31 1.597096 0.0 0.0 0.0 0.0007937979 0.004703054
2017-07-08 21:06:51.844000 194041.333 1.598073 0.0 0.0 0.0 0.001094905 0.004323569
2017-07-08 21:08:27.985000 194137.474 1.598449 0.0 0.0 0.0 0.0007185212 0.004399466
2017-07-08 21:10:04.127000 194233.616 1.597998 0.0 0.0 0.0 0.0005679675 0.004703054
2017-07-08 21:11:39.508000 194328.997 1.597246 0.0 0.0 0.0 0.000109524 0.005234332
2017-07-08 21:13:08.783000 194418.272 1.597923 0.0 0.0 0.0 0.0008690747 0.004095878
2017-07-08 21:14:45.008000 194514.497 1.598223 0.0 0.0 0.0 0.0005679675 0.004399466
2017-07-08 21:16:21.153000 194610.642 1.597322 0.0 0.0 0.0 0.0006432443 0.005234332
2017-07-08 21:17:57.390000 194706.879 1.598073 0.0 0.0 0.0 0.0001915833 0.004854847
2017-07-08 21:19:33.715000 194803.204 1.598373 0.0 0.0 0.0 0.0005679675 0.005006641
2017-07-08 21:21:09.746000 194899.235 1.597547 0.0 0.0 0.0 0.0004174138 0.005234332
2017-07-08 21:22:46.076000 194995.565 1.597322 0.0 0.0 0.0 0.0004926907 0.004778951
2017-07-08 21:24:22.496000 195091.985 1.598449 0.0 0.0 0.0 0.0007185212 0.004399466
2017-07-08 21:25:52.356000 195181.845 1.598223 0.0 0.0 0.0 0.0006432443 0.005310229
2017-07-08 21:27:28.589000 195278.078 1.597923 0.0 0.0 0.0 0.0006432443 0.004095878
2017-07-08 21:29:04.753000 195374.242 1.598223 0.0 0.0 0.0 0.0008690747 0.004399466
2017-07-08 21:30:41.056000 195470.545 1.596946 0.0 0.0 0.0 0.0007185212 0.004854847
2017-07-08 21:32:17.616000 195567.105 1.596195 0.0 0.0 0.0 0.001019629 0.004778951
2017-07-08 21:33:54.100000 195663.589 1.597847 0.0 0.0 0.0 0.0008690747 0.00455126
2017-07-08 21:35:30.595000 195760.084 1.598373 0.0 0.0 0.0 0.0007185212 0.00455126
2017-07-08 21:37:00.447000 195849.936 1.598599 0.0 0.0 0.0 0.0005679675 0.004399466
2017-07-08 21:38:36.088000 195945.577 1.598073 0.0 0.0 0.0 0.0008690747 0.004703054
2017-07-08 21:40:12.663000 196042.152 1.597397 0.0 0.0 0.0 0.0008690747 0.004778951
2017-07-08 21:41:49.217000 196138.706 1.597322 0.0 0.0 0.0 0.0007937979 0.005006641
2017-07-08 21:43:25.708000 196235.197 1.597622 0.0 0.0 0.0 0.0004174138 0.004854847
2017-07-08 21:45:02.461000 196331.95 1.598073 0.0 0.0 0.0 0.0005679675 0.004475363
2017-07-08 21:46:39.033000 196428.522 1.597547 0.0 0.0 0.0 0.001094905 0.003868187
2017-07-08 21:48:15.455000 196524.944 1.597171 0.0 0.0 0.0 0.0005679675 0.00455126
2017-07-08 21:49:52.086000 196621.575 1.598073 0.0 0.0 0.0 0.0002668601 0.00455126
2017-07-08 21:51:22.017000 196711.506 1.598373 0.0 0.0 0.0 0.001094905 0.003261012
2017-07-08 21:52:58.800000 196808.289 1.597021 0.0 0.0 0.0 0.0001915833 0.004323569
2017-07-08 21:54:35.634000 196905.123 1.597547 0.0 0.0 0.0 0.0006432443 0.00455126
2017-07-08 21:56:12.396000 197001.885 1.597397 0.0 0.0 0.0 0.0008690747 0.005082538
2017-07-08 21:57:49.167000 197098.656 1.597472 0.0 0.0 0.0 0.0006432443 0.004323569
2017-07-08 21:59:25.998000 197195.487 1.598373 0.0 0.0 0.0 0.000342137 0.004323569
2017-07-08 22:01:07.602000 197297.091 1.597021 0.0 0.0 0.0 3.424719e-05 0.00455126
2017-07-08 22:02:44.005000 197393.494 1.597171 0.0 0.0 0.0 0.0008690747 0.004475363
2017-07-08 22:04:14.120000 197483.609 1.598223 0.0 0.0 0.0 0.001320736 0.004095878
2017-07-08 22:05:51.203000 197580.692 1.597171 0.0 0.0 0.0 0.0004174138 0.004019981
2017-07-08 22:07:28.444000 197677.933 1.597472 0.0 0.0 0.0 0.0004926907 0.004703054
2017-07-08 22:09:05.577000 197775.066 1.598148 0.0 0.0 0.0 0.0007185212 0.004854847
2017-07-08 22:10:42.698000 197872.187 1.597772 0.0 0.0 0.0 0.001170182 0.003944084
2017-07-08 22:12:19.853000 197969.342 1.598373 0.0 0.0 0.0 0.0007185212 0.004854847
2017-07-08 22:13:57.020000 198066.509 1.597171 0.0 0.0 0.0 0.001019629 0.004703054
2017-07-08 22:15:34.163000 198163.652 1.597171 0.0 0.0 0.0 0.0007937979 0.004019981
2017-07-08 22:17:11.046000 198260.535 1.59627 0.0 0.0 0.0 0.0008690747 0.004247672
2017-07-08 22:18:41.105000 198350.594 1.598148 0.0 0.0 0.0 0.001019629 0.004703054
2017-07-08 22:20:18.206000 198447.695 1.598073 0.0 0.0 0.0 0.0008690747 0.004399466
2017-07-08 22:21:55.497000 198544.986 1.597246 0.0 0.0 0.0 0.0007185212 0.005006641
2017-07-08 22:23:32.632000 198642.121 1.598449 0.0 0.0 0.0 0.0005679675 0.004095878
2017-07-08 22:25:09.885000 198739.374 1.598373 0.0 0.0 0.0 0.0005679675 0.00455126
2017-07-08 22:26:47.239000 198836.728 1.597246 0.0 0.0 0.0 0.0007937979 0.003944084
2017-07-08 22:28:24.203000 198933.692 1.597246 0.0 0.0 0.0 0.0007185212 0.004247672
2017-07-08 22:29:54.704000 199024.193 1.597998 0.0 0.0 0.0 0.001170182 0.004475363
2017-07-08 22:31:32.086000 199121.575 1.596645 0.0 0.0 0.0 0.0001915833 0.005006641
2017-07-08 22:33:09.476000 199218.965 1.598223 0.0 0.0 0.0 0.0004174138 0.004778951
2017-07-08 22:34:46.937000 199316.426 1.597322 0.0 0.0 0.0 0.0009443516 0.004475363
2017-07-08 22:36:24.489000 199413.978 1.597772 0.0 0.0 0.0 0.0009443516 0.003944084
2017-07-08 22:38:02.071000 199511.56 1.597998 0.0 0.0 0.0 0.0004174138 0.00455126
2017-07-08 22:39:39.523000 199609.012 1.597246 0.0 0.0 0.0 0.0007185212 0.004703054
2017-07-08 22:41:17.090000 199706.579 1.598373 0.0 0.0 0.0 0.0008690747 0.004247672
2017-07-08 22:42:47.690000 199797.179 1.597547 0.0 0.0 0.0 0.0008690747 0.004703054
2017-07-08 22:44:24.972000 199894.461 1.598223 0.0 0.0 0.0 0.0009443516 0.004778951
2017-07-08 22:46:02.525000 199992.014 1.598223 0.0 0.0 0.0 0.001471289 0.003412806
2017-07-08 22:47:40.148000 200089.637 1.597622 0.0 0.0 0.0 0.001396012 0.003868187
2017-07-08 22:49:17.916000 200187.405 1.598524 0.0 0.0 0.0 0.0008690747 0.005006641
2017-07-08 22:51:01.240000 200290.729 1.598298 0.0 0.0 0.0 0.001471289 0.004399466
2017-07-08 22:52:38.970000 200388.459 1.597397 0.0 0.0 0.0 0.0005679675 0.004703054
2017-07-08 22:54:16.771000 200486.26 1.596345 0.0 0.0 0.0 0.0004926907 0.004399466
2017-07-08 22:55:47.520000 200577.009 1.598223 0.0 0.0 0.0 0.001019629 0.00379229
2017-07-08 22:57:25.113000 200674.602 1.598373 0.0 0.0 0.0 0.001170182 0.00379229
2017-07-08 22:59:02.846000 200772.335 1.598073 0.0 0.0 0.0 0.0004174138 0.004247672
2017-07-08 23:00:40.598000 200870.087 1.597847 0.0 0.0 0.0 0.0005679675 0.004247672
2017-07-08 23:02:18.462000 200967.951 1.597322 0.0 0.0 0.0 0.0009443516 0.004475363
2017-07-08 23:03:56.453000 201065.942 1.598373 0.0 0.0 0.0 0.001019629 0.004247672
2017-07-08 23:05:34.455000 201163.944 1.597171 0.0 0.0 0.0 0.001320736 0.00455126
2017-07-08 23:07:05.328000 201254.817 1.597096 0.0 0.0 0.0 0.0004926907 0.004778951
2017-07-08 23:08:43.132000 201352.621 1.598073 0.0 0.0 0.0 0.0006432443 0.00455126
2017-07-08 23:10:21.167000 201450.656 1.597547 0.0 0.0 0.0 0.0008690747 0.004475363
2017-07-08 23:11:59.170000 201548.659 1.598223 0.0 0.0 0.0 0.0006432443 0.004247672
2017-07-08 23:13:37.289000 201646.778 1.598223 0.0 0.0 0.0 0.0007185212 0.004323569
2017-07-08 23:15:15.350000 201744.839 1.597021 0.0 0.0 0.0 0.001019629 0.004399466
2017-07-08 23:16:53.393000 201842.882 1.598223 0.0 0.0 0.0 3.424719e-05 0.004399466
2017-07-08 23:18:31.666000 201941.155 1.597246 0.0 0.0 0.0 0.0009443516 0.003868187
2017-07-08 23:20:02.646000 202032.135 1.597622 0.0 0.0 0.0 0.001094905 0.004095878
2017-07-08 23:21:40.779000 202130.268 1.598373 0.0 0.0 0.0 0.0007185212 0.004019981
2017-07-08 23:23:18.692000 202228.181 1.597171 0.0 0.0 0.0 0.0006432443 0.004019981
2017-07-08 23:24:56.904000 202326.393 1.597847 0.0 0.0 0.0 0.001019629 0.003944084
2017-07-08 23:26:34.987000 202424.476 1.597246 0.0 0.0 0.0 0.001170182 0.003640496
2017-07-08 23:28:13.303000 202522.792 1.597472 0.0 0.0 0.0 0.0008690747 0.003944084
2017-07-08 23:29:51.447000 202620.936 1.597397 0.0 0.0 0.0 0.0009443516 0.0035646
2017-07-08 23:31:22.958000 202712.447 1.597171 0.0 0.0 0.0 0.001019629 0.004095878
2017-07-08 23:33:01.153000 202810.642 1.598148 0.0 0.0 0.0 0.0001915833 0.004171775
2017-07-08 23:34:39.245000 202908.734 1.597397 0.0 0.0 0.0 0.001320736 0.003716393
2017-07-08 23:36:17.284000 203006.773 1.596946 0.0 0.0 0.0 0.0008690747 0.004703054
2017-07-08 23:37:55.619000 203105.108 1.598073 0.0 0.0 0.0 0.001245459 0.003488703
2017-07-08 23:39:34.052000 203203.541 1.598223 0.0 0.0 0.0 0.0005679675 0.004703054
2017-07-08 23:41:12.466000 203301.955 1.598073 0.0 0.0 0.0 0.001320736 0.003412806
2017-07-08 23:42:43.918000 203393.407 1.598373 0.0 0.0 0.0 0.0002668601 0.004247672
2017-07-08 23:44:22.301000 203491.79 1.597923 0.0 0.0 0.0 0.0008690747 0.00379229
2017-07-08 23:46:00.784000 203590.273 1.597322 0.0 0.0 0.0 0.0007185212 0.004323569
2017-07-08 23:47:38.887000 203688.376 1.598298 0.0 0.0 0.0 0.001170182 0.00379229
2017-07-08 23:49:17.380000 203786.869 1.597397 0.0 0.0 0.0 0.0007185212 0.004399466
2017-07-08 23:50:56.002000 203885.491 1.598223 0.0 0.0 0.0 0.001094905 0.00379229
2017-07-08 23:52:34.556000 203984.045 1.598073 0.0 0.0 0.0 0.0009443516 0.0035646
2017-07-08 23:54:06.209000 204075.698 1.598223 0.0 0.0 0.0 0.0004926907 0.004323569
2017-07-08 23:55:44.862000 204174.351 1.598148 0.0 0.0 0.0 0.0008690747 0.004171775
2017-07-08 23:57:23.425000 204272.914 1.598298 0.0 0.0 0.0 0.0001163065 0.004247672
2017-07-08 23:59:07.085000 204376.574 1.597171 0.0 0.0 0.0 0.0005679675 0.00455126
