2017-05-25 00:00:20.182000 40005.404 0.0,0.0,3.997021,3.589663,0.0,0.0
2017-05-25 00:00:52.482000 40037.704 0.0,0.0,3.996871,3.59008,0.0,0.0
2017-05-25 00:01:26.620000 40071.842 0.0,0.0,3.997171,3.59008,0.0,0.0
2017-05-25 00:02:00.557000 40105.779 0.0,0.0,3.997771,3.59033,0.0,0.0
2017-05-25 00:02:34.619000 40139.841 0.0,0.0,3.997396,3.590163,0.0,0.0
2017-05-25 00:03:08.767000 40173.989 0.0,0.0,3.996871,3.590163,0.0,0.0
2017-05-25 00:03:41.036000 40206.258 0.0,0.0,3.997321,3.590246,0.0,0.0
2017-05-25 00:04:15.210000 40240.432 0.0,0.0,3.997321,3.589913,0.0,0.0
2017-05-25 00:04:49.467000 40274.689 0.0,0.0,3.997321,3.59008,0.0,0.0
2017-05-25 00:05:23.646000 40308.868 0.0,0.0,3.996946,3.589413,0.0,0.0
2017-05-25 00:05:57.836000 40343.058 0.0,0.0,3.997321,3.589246,0.0,0.0
2017-05-25 00:06:30.236000 40375.458 0.0,0.0,3.996946,3.589913,0.0,0.0
2017-05-25 00:07:04.461000 40409.683 0.0,0.0,3.997471,3.58958,0.0,0.0
2017-05-25 00:07:38.639000 40443.861 0.0,0.0,3.996871,3.589746,0.0,0.0
2017-05-25 00:08:12.767000 40477.989 0.0,0.0,3.997321,3.59058,0.0,0.0
2017-05-25 00:08:47.029000 40512.251 0.0,0.0,3.997471,3.59008,0.0,0.0
2017-05-25 00:09:19.298000 40544.52 0.0,0.0,3.996795,3.589746,0.0,0.0
2017-05-25 00:09:53.568000 40578.79 0.0,0.0,3.997396,3.59008,0.0,0.0
2017-05-25 00:10:27.855000 40613.077 0.0,0.0,3.996721,3.58958,0.0,0.0
2017-05-25 00:11:02.184000 40647.406 0.0,0.0,3.996871,3.589663,0.0,0.0
2017-05-25 00:11:36.513000 40681.735 0.0,0.0,3.997471,3.589413,0.0,0.0
2017-05-25 00:12:08.881000 40714.103 0.0,0.0,3.996795,3.589496,0.0,0.0
2017-05-25 00:12:43.979000 40749.201 0.0,0.0,3.997696,3.58983,0.0,0.0
2017-05-25 00:13:18.216000 40783.438 0.0,0.0,3.996871,3.589496,0.0,0.0
2017-05-25 00:13:52.577000 40817.799 0.0,0.0,3.997021,3.589746,0.0,0.0
2017-05-25 00:14:25.095000 40850.317 0.0,0.0,3.997471,3.589913,0.0,0.0
2017-05-25 00:14:59.371000 40884.593 0.0,0.0,3.996946,3.589496,0.0,0.0
2017-05-25 00:15:33.679000 40918.901 0.0,0.0,3.997246,3.589913,0.0,0.0
2017-05-25 00:16:08.125000 40953.347 0.0,0.0,3.997021,3.590163,0.0,0.0
2017-05-25 00:16:42.546000 40987.768 0.0,0.0,3.996871,3.589996,0.0,0.0
2017-05-25 00:17:17.023000 41022.245 0.0,0.0,3.997471,3.589913,0.0,0.0
2017-05-25 00:17:49.661000 41054.883 0.0,0.0,3.997171,3.58958,0.0,0.0
2017-05-25 00:18:24.162000 41089.384 0.0,0.0,3.997021,3.589996,0.0,0.0
2017-05-25 00:18:58.559000 41123.781 0.0,0.0,3.997471,3.58958,0.0,0.0
2017-05-25 00:19:32.956000 41158.178 0.0,0.0,3.996871,3.58958,0.0,0.0
2017-05-25 00:20:07.533000 41192.755 0.0,0.0,3.997096,3.590246,0.0,0.0
2017-05-25 00:20:39.989000 41225.211 0.0,0.0,3.997096,3.589746,0.0,0.0
2017-05-25 00:21:14.627000 41259.849 0.0,0.0,3.996871,3.589746,0.0,0.0
2017-05-25 00:21:49.148000 41294.37 0.0,0.0,3.997321,3.590246,0.0,0.0
2017-05-25 00:22:23.707000 41328.929 0.0,0.0,3.997471,3.590246,0.0,0.0
2017-05-25 00:22:58.234000 41363.456 0.0,0.0,3.996946,3.589996,0.0,0.0
2017-05-25 00:23:30.900000 41396.122 0.0,0.0,3.997696,3.590497,0.0,0.0
2017-05-25 00:24:05.571000 41430.793 0.0,0.0,3.996721,3.59008,0.0,0.0
2017-05-25 00:24:40.049000 41465.271 0.0,0.0,3.997171,3.590163,0.0,0.0
2017-05-25 00:25:14.657000 41499.879 0.0,0.0,3.997471,3.590246,0.0,0.0
2017-05-25 00:25:49.309000 41534.531 0.0,0.0,3.996795,3.589663,0.0,0.0
2017-05-25 00:26:24.897000 41570.119 0.0,0.0,3.996645,3.589663,0.0,0.0
2017-05-25 00:26:57.685000 41602.907 0.0,0.0,3.997171,3.589413,0.0,0.0
2017-05-25 00:27:32.264000 41637.486 0.0,0.0,3.997546,3.589913,0.0,0.0
2017-05-25 00:28:06.945000 41672.167 0.0,0.0,3.997246,3.589746,0.0,0.0
2017-05-25 00:28:41.632000 41706.854 0.0,0.0,3.997021,3.589913,0.0,0.0
2017-05-25 00:29:16.349000 41741.571 0.0,0.0,3.997021,3.590413,0.0,0.0
2017-05-25 00:29:49.179000 41774.401 0.0,0.0,3.997696,3.59033,0.0,0.0
2017-05-25 00:30:23.797000 41809.019 0.0,0.0,3.997096,3.590413,0.0,0.0
2017-05-25 00:30:58.575000 41843.797 0.0,0.0,3.997171,3.589913,0.0,0.0
2017-05-25 00:31:33.252000 41878.474 0.0,0.0,3.997096,3.590246,0.0,0.0
2017-05-25 00:32:08.088000 41913.31 0.0,0.0,3.997621,3.59008,0.0,0.0
2017-05-25 00:32:41.038000 41946.26 0.0,0.0,3.996871,3.59008,0.0,0.0
2017-05-25 00:33:15.716000 41980.938 0.0,0.0,3.997471,3.590413,0.0,0.0
2017-05-25 00:33:50.582000 42015.804 0.0,0.0,3.997321,3.589329,0.0,0.0
2017-05-25 00:34:25.290000 42050.512 0.0,0.0,3.997021,3.590413,0.0,0.0
2017-05-25 00:35:00.037000 42085.259 0.0,0.0,3.996946,3.589663,0.0,0.0
2017-05-25 00:35:33.086000 42118.308 0.0,0.0,3.997471,3.589913,0.0,0.0
2017-05-25 00:36:07.835000 42153.057 0.0,0.0,3.996871,3.589746,0.0,0.0
2017-05-25 00:36:42.580000 42187.802 0.0,0.0,3.996946,3.589663,0.0,0.0
2017-05-25 00:37:17.488000 42222.71 0.0,0.0,3.997396,3.589746,0.0,0.0
2017-05-25 00:37:52.385000 42257.607 0.0,0.0,3.996946,3.589496,0.0,0.0
2017-05-25 00:38:27.249000 42292.471 0.0,0.0,3.997321,3.59008,0.0,0.0
2017-05-25 00:39:00.337000 42325.559 0.0,0.0,3.997246,3.589746,0.0,0.0
2017-05-25 00:39:35.236000 42360.458 0.0,0.0,3.996871,3.590246,0.0,0.0
2017-05-25 00:40:10.035000 42395.257 0.0,0.0,3.997396,3.589996,0.0,0.0
2017-05-25 00:40:45.073000 42430.295 0.0,0.0,3.996871,3.58958,0.0,0.0
2017-05-25 00:41:20.073000 42465.295 0.0,0.0,3.997096,3.589663,0.0,0.0
2017-05-25 00:41:53.191000 42498.413 0.0,0.0,3.996721,3.58958,0.0,0.0
2017-05-25 00:42:28.188000 42533.41 0.0,0.0,3.997171,3.590163,0.0,0.0
2017-05-25 00:43:03.216000 42568.438 0.0,0.0,3.997171,3.589663,0.0,0.0
2017-05-25 00:43:38.243000 42603.465 0.0,0.0,3.997021,3.58983,0.0,0.0
2017-05-25 00:44:13.353000 42638.575 0.0,0.0,3.99657,3.590163,0.0,0.0
2017-05-25 00:44:48.292000 42673.514 0.0,0.0,3.997021,3.58958,0.0,0.0
2017-05-25 00:45:21.441000 42706.663 0.0,0.0,3.997171,3.59008,0.0,0.0
2017-05-25 00:45:56.509000 42741.731 0.0,0.0,3.997246,3.589663,0.0,0.0
2017-05-25 00:46:31.487000 42776.709 0.0,0.0,3.996946,3.589329,0.0,0.0
2017-05-25 00:47:06.631000 42811.853 0.0,0.0,3.996946,3.589246,0.0,0.0
2017-05-25 00:47:41.758000 42846.98 0.0,0.0,3.998071,3.589913,0.0,0.0
2017-05-25 00:48:16.953000 42882.175 0.0,0.0,3.996795,3.589746,0.0,0.0
2017-05-25 00:48:50.127000 42915.349 0.0,0.0,3.996946,3.589246,0.0,0.0
2017-05-25 00:49:25.334000 42950.556 0.0,0.0,3.997471,3.589413,0.0,0.0
2017-05-25 00:50:00.592000 42985.814 0.0,0.0,3.997621,3.58958,0.0,0.0
2017-05-25 00:50:35.802000 43021.024 0.0,0.0,3.996871,3.58908,0.0,0.0
2017-05-25 00:51:11.042000 43056.264 0.0,0.0,3.997021,3.58983,0.0,0.0
2017-05-25 00:51:44.191000 43089.413 0.0,0.0,3.997021,3.589413,0.0,0.0
2017-05-25 00:52:19.309000 43124.531 0.0,0.0,3.997171,3.589746,0.0,0.0
2017-05-25 00:52:54.509000 43159.731 0.0,0.0,3.997546,3.589663,0.0,0.0
2017-05-25 00:53:29.766000 43194.988 0.0,0.0,3.996645,3.589246,0.0,0.0
2017-05-25 00:54:05.025000 43230.247 0.0,0.0,3.997171,3.589913,0.0,0.0
2017-05-25 00:54:40.156000 43265.378 0.0,0.0,3.997246,3.588912,0.0,0.0
2017-05-25 00:55:15.226000 43300.448 0.0,0.0,3.996946,3.589746,0.0,0.0
2017-05-25 00:55:48.593000 43333.815 0.0,0.0,3.997096,3.589413,0.0,0.0
2017-05-25 00:56:23.948000 43369.17 0.0,0.0,3.997021,3.589413,0.0,0.0
2017-05-25 00:56:59.292000 43404.514 0.0,0.0,3.997621,3.58958,0.0,0.0
2017-05-25 00:57:34.530000 43439.752 0.0,0.0,3.997171,3.589746,0.0,0.0
2017-05-25 00:58:09.859000 43475.081 0.0,0.0,3.996946,3.589413,0.0,0.0
2017-05-25 00:58:43.300000 43508.522 0.0,0.0,3.997096,3.589496,0.0,0.0
2017-05-25 00:59:18.667000 43543.889 0.0,0.0,3.997546,3.589413,0.0,0.0
2017-05-25 00:59:54.107000 43579.329 0.0,0.0,3.996721,3.589329,0.0,0.0
2017-05-25 01:00:29.565000 43614.787 0.0,0.0,3.998446,3.59008,0.0,0.0
2017-05-25 01:01:04.874000 43650.096 0.0,0.0,3.996721,3.589663,0.0,0.0
2017-05-25 01:01:40.281000 43685.503 0.0,0.0,3.99657,3.589246,0.0,0.0
2017-05-25 01:02:13.718000 43718.94 0.0,0.0,3.997696,3.589413,0.0,0.0
2017-05-25 01:02:49.228000 43754.45 0.0,0.0,3.997171,3.589913,0.0,0.0
2017-05-25 01:03:24.746000 43789.968 0.0,0.0,3.997996,3.589746,0.0,0.0
2017-05-25 01:04:00.255000 43825.477 0.0,0.0,3.997171,3.589746,0.0,0.0
2017-05-25 01:04:35.773000 43860.995 0.0,0.0,3.997171,3.589913,0.0,0.0
2017-05-25 01:05:11.352000 43896.574 0.0,0.0,3.996795,3.589746,0.0,0.0
2017-05-25 01:05:44.971000 43930.193 0.0,0.0,3.998596,3.58908,0.0,0.0
2017-05-25 01:06:20.521000 43965.743 0.0,0.0,3.996871,3.589746,0.0,0.0
2017-05-25 01:06:55.964000 44001.186 0.0,0.0,3.997321,3.58958,0.0,0.0
2017-05-25 01:07:32.843000 44038.065 0.0,0.0,3.996871,3.58958,0.0,0.0
2017-05-25 01:08:08.472000 44073.694 0.0,0.0,3.997021,3.589413,0.0,0.0
2017-05-25 01:08:43.974000 44109.196 0.0,0.0,3.996946,3.588746,0.0,0.0
2017-05-25 01:09:17.620000 44142.842 0.0,0.0,3.997321,3.588912,0.0,0.0
2017-05-25 01:09:53.213000 44178.435 0.0,0.0,3.996946,3.588413,0.0,0.0
2017-05-25 01:10:28.872000 44214.094 0.0,0.0,3.996721,3.588912,0.0,0.0
2017-05-25 01:11:04.543000 44249.765 0.0,0.0,3.997021,3.58958,0.0,0.0
2017-05-25 01:11:40.161000 44285.383 0.0,0.0,3.997021,3.589163,0.0,0.0
2017-05-25 01:12:13.929000 44319.151 0.0,0.0,3.997321,3.589246,0.0,0.0
2017-05-25 01:12:49.591000 44354.813 0.0,0.0,3.997321,3.589413,0.0,0.0
2017-05-25 01:13:25.290000 44390.512 0.0,0.0,3.997021,3.589413,0.0,0.0
2017-05-25 01:14:01.042000 44426.264 0.0,0.0,3.997246,3.589329,0.0,0.0
2017-05-25 01:14:36.740000 44461.962 0.0,0.0,3.996871,3.58908,0.0,0.0
2017-05-25 01:15:12.449000 44497.671 0.0,0.0,3.99657,3.588912,0.0,0.0
2017-05-25 01:15:46.228000 44531.45 0.0,0.0,3.997171,3.589746,0.0,0.0
2017-05-25 01:16:21.877000 44567.099 0.0,0.0,3.996946,3.589246,0.0,0.0
2017-05-25 01:16:57.773000 44602.995 0.0,0.0,3.996871,3.589246,0.0,0.0
2017-05-25 01:17:33.616000 44638.838 0.0,0.0,3.996645,3.589246,0.0,0.0
2017-05-25 01:18:09.443000 44674.665 0.0,0.0,3.997096,3.589163,0.0,0.0
2017-05-25 01:18:45.280000 44710.502 0.0,0.0,3.997171,3.589746,0.0,0.0
2017-05-25 01:19:19.128000 44744.35 0.0,0.0,3.997171,3.58908,0.0,0.0
2017-05-25 01:19:54.867000 44780.089 0.0,0.0,3.997396,3.589329,0.0,0.0
2017-05-25 01:20:30.686000 44815.908 0.0,0.0,3.996795,3.589329,0.0,0.0
2017-05-25 01:21:06.545000 44851.767 0.0,0.0,3.996645,3.589163,0.0,0.0
2017-05-25 01:21:43.653000 44888.875 0.0,0.0,3.996721,3.588413,0.0,0.0
2017-05-25 01:22:19.550000 44924.772 0.0,0.0,3.996795,3.589413,0.0,0.0
2017-05-25 01:22:55.490000 44960.712 0.0,0.0,3.996871,3.58908,0.0,0.0
2017-05-25 01:23:29.378000 44994.6 0.0,0.0,3.99657,3.588912,0.0,0.0
2017-05-25 01:24:05.337000 45030.559 0.0,0.0,3.99657,3.588496,0.0,0.0
2017-05-25 01:24:41.335000 45066.557 0.0,0.0,3.996721,3.589413,0.0,0.0
2017-05-25 01:25:17.334000 45102.556 0.0,0.0,3.996871,3.58908,0.0,0.0
2017-05-25 01:25:53.226000 45138.448 0.0,0.0,3.998221,3.589163,0.0,0.0
2017-05-25 01:26:29.274000 45174.496 0.0,0.0,3.997096,3.588829,0.0,0.0
2017-05-25 01:27:03.284000 45208.506 0.0,0.0,3.997921,3.58908,0.0,0.0
2017-05-25 01:27:39.292000 45244.514 0.0,0.0,3.996871,3.588746,0.0,0.0
2017-05-25 01:28:15.351000 45280.573 0.0,0.0,3.996645,3.588496,0.0,0.0
2017-05-25 01:28:51.344000 45316.566 0.0,0.0,3.996721,3.588746,0.0,0.0
2017-05-25 01:29:27.192000 45352.414 0.0,0.0,3.996946,3.589246,0.0,0.0
2017-05-25 01:30:01.282000 45386.504 0.0,0.0,3.996871,3.588746,0.0,0.0
2017-05-25 01:30:37.360000 45422.582 0.0,0.0,3.996795,3.588246,0.0,0.0
2017-05-25 01:31:13.539000 45458.761 0.0,0.0,3.997321,3.588912,0.0,0.0
2017-05-25 01:31:49.749000 45494.971 0.0,0.0,3.996946,3.589329,0.0,0.0
2017-05-25 01:32:25.646000 45530.868 0.0,0.0,3.996795,3.58958,0.0,0.0
2017-05-25 01:32:59.808000 45565.03 0.0,0.0,3.996721,3.58908,0.0,0.0
2017-05-25 01:33:35.977000 45601.199 0.0,0.0,3.996496,3.58908,0.0,0.0
2017-05-25 01:34:12.106000 45637.328 0.0,0.0,3.997021,3.588912,0.0,0.0
2017-05-25 01:34:48.284000 45673.506 0.0,0.0,3.997021,3.589163,0.0,0.0
2017-05-25 01:35:24.472000 45709.694 0.0,0.0,3.998371,3.589246,0.0,0.0
2017-05-25 01:36:00.702000 45745.924 0.0,0.0,3.997021,3.589413,0.0,0.0
2017-05-25 01:36:34.745000 45779.967 0.0,0.0,3.998071,3.589246,0.0,0.0
2017-05-25 01:37:10.929000 45816.151 0.0,0.0,3.997471,3.589413,0.0,0.0
2017-05-25 01:37:47.160000 45852.382 0.0,0.0,3.997396,3.588996,0.0,0.0
2017-05-25 01:38:23.169000 45888.391 0.0,0.0,3.996871,3.588663,0.0,0.0
2017-05-25 01:38:59.407000 45924.629 0.0,0.0,3.997021,3.588912,0.0,0.0
2017-05-25 01:39:35.712000 45960.934 0.0,0.0,3.998371,3.58958,0.0,0.0
2017-05-25 01:40:11.970000 45997.192 0.0,0.0,3.997621,3.58958,0.0,0.0
2017-05-25 01:40:46.287000 46031.509 0.0,0.0,3.997771,3.589413,0.0,0.0
2017-05-25 01:41:22.638000 46067.86 0.0,0.0,3.997021,3.58908,0.0,0.0
2017-05-25 01:41:58.926000 46104.148 0.0,0.0,3.996871,3.588912,0.0,0.0
2017-05-25 01:42:35.323000 46140.545 0.0,0.0,3.997321,3.589913,0.0,0.0
2017-05-25 01:43:11.641000 46176.863 0.0,0.0,3.997246,3.58908,0.0,0.0
2017-05-25 01:43:48.034000 46213.256 0.0,0.0,3.996871,3.58908,0.0,0.0
2017-05-25 01:44:22.423000 46247.645 0.0,0.0,3.996871,3.588829,0.0,0.0
2017-05-25 01:44:58.826000 46284.048 0.0,0.0,3.997021,3.589246,0.0,0.0
2017-05-25 01:45:35.239000 46320.461 0.0,0.0,3.99657,3.589413,0.0,0.0
2017-05-25 01:46:11.729000 46356.951 0.0,0.0,3.996871,3.589413,0.0,0.0
2017-05-25 01:46:48.166000 46393.388 0.0,0.0,3.996871,3.588912,0.0,0.0
2017-05-25 01:47:22.480000 46427.702 0.0,0.0,3.997621,3.589413,0.0,0.0
2017-05-25 01:47:58.952000 46464.174 0.0,0.0,3.996496,3.589246,0.0,0.0
2017-05-25 01:48:35.433000 46500.655 0.0,0.0,3.99657,3.58908,0.0,0.0
2017-05-25 01:49:11.715000 46536.937 0.0,0.0,3.997396,3.58983,0.0,0.0
2017-05-25 01:49:53.258000 46578.48 0.0,0.0,3.996645,3.588912,0.0,0.0
2017-05-25 01:50:29.727000 46614.949 0.0,0.0,3.998296,3.58983,0.0,0.0
2017-05-25 01:51:04.203000 46649.425 0.0,0.0,3.997246,3.589329,0.0,0.0
2017-05-25 01:51:40.766000 46685.988 0.0,0.0,3.996871,3.589496,0.0,0.0
2017-05-25 01:52:17.340000 46722.562 0.0,0.0,3.997021,3.589413,0.0,0.0
2017-05-25 01:52:53.959000 46759.181 0.0,0.0,3.996721,3.589163,0.0,0.0
2017-05-25 01:53:30.300000 46795.522 0.0,0.0,3.997171,3.589246,0.0,0.0
2017-05-25 01:54:06.858000 46832.08 0.0,0.0,3.997096,3.589246,0.0,0.0
2017-05-25 01:54:41.406000 46866.628 0.0,0.0,3.997021,3.58958,0.0,0.0
2017-05-25 01:55:18.019000 46903.241 0.0,0.0,3.998221,3.589746,0.0,0.0
2017-05-25 01:55:54.628000 46939.85 0.0,0.0,3.996721,3.589746,0.0,0.0
2017-05-25 01:56:31.307000 46976.529 0.0,0.0,3.997171,3.589663,0.0,0.0
2017-05-25 01:57:07.895000 47013.117 0.0,0.0,3.996871,3.588912,0.0,0.0
2017-05-25 01:57:44.467000 47049.689 0.0,0.0,3.997096,3.589663,0.0,0.0
2017-05-25 01:58:21.191000 47086.413 0.0,0.0,3.997171,3.589329,0.0,0.0
2017-05-25 01:58:55.681000 47120.903 0.0,0.0,3.996795,3.589413,0.0,0.0
2017-05-25 01:59:32.400000 47157.622 0.0,0.0,3.997771,3.58908,0.0,0.0
2017-05-25 02:00:09.070000 47194.292 0.0,0.0,3.997171,3.589413,0.0,0.0
2017-05-25 02:00:45.816000 47231.038 0.0,0.0,3.997321,3.589663,0.0,0.0
2017-05-25 02:01:22.542000 47267.764 0.0,0.0,3.996795,3.588829,0.0,0.0
2017-05-25 02:01:59.170000 47304.392 0.0,0.0,3.997771,3.589246,0.0,0.0
2017-05-25 02:02:35.988000 47341.21 0.0,0.0,3.996946,3.588663,0.0,0.0
2017-05-25 02:03:10.747000 47375.969 0.0,0.0,3.997021,3.588912,0.0,0.0
2017-05-25 02:03:47.546000 47412.768 0.0,0.0,3.997471,3.58958,0.0,0.0
2017-05-25 02:04:24.014000 47449.236 0.0,0.0,3.996946,3.58908,0.0,0.0
2017-05-25 02:05:00.831000 47486.053 0.0,0.0,3.996871,3.588829,0.0,0.0
2017-05-25 02:05:37.378000 47522.6 0.0,0.0,3.996795,3.58958,0.0,0.0
2017-05-25 02:06:12.221000 47557.443 0.0,0.0,3.996871,3.58958,0.0,0.0
2017-05-25 02:06:49.080000 47594.302 0.0,0.0,3.997021,3.589246,0.0,0.0
2017-05-25 02:07:25.989000 47631.211 0.0,0.0,3.996946,3.588663,0.0,0.0
2017-05-25 02:08:02.827000 47668.049 0.0,0.0,3.996721,3.58908,0.0,0.0
2017-05-25 02:08:39.727000 47704.949 0.0,0.0,3.997246,3.58983,0.0,0.0
2017-05-25 02:09:16.666000 47741.888 0.0,0.0,3.996946,3.588663,0.0,0.0
2017-05-25 02:09:53.594000 47778.816 0.0,0.0,3.996871,3.588162,0.0,0.0
2017-05-25 02:10:28.499000 47813.721 0.0,0.0,3.996871,3.588746,0.0,0.0
2017-05-25 02:11:05.489000 47850.711 0.0,0.0,3.996871,3.589163,0.0,0.0
2017-05-25 02:11:42.518000 47887.74 0.0,0.0,3.998221,3.589163,0.0,0.0
2017-05-25 02:12:19.487000 47924.709 0.0,0.0,3.996871,3.588912,0.0,0.0
2017-05-25 02:12:56.467000 47961.689 0.0,0.0,3.996721,3.588912,0.0,0.0
2017-05-25 02:13:33.317000 47998.539 0.0,0.0,3.997021,3.588829,0.0,0.0
2017-05-25 02:14:08.274000 48033.496 0.0,0.0,3.997696,3.588829,0.0,0.0
2017-05-25 02:14:45.255000 48070.477 0.0,0.0,3.997246,3.589163,0.0,0.0
2017-05-25 02:15:22.164000 48107.386 0.0,0.0,3.997096,3.588829,0.0,0.0
2017-05-25 02:15:59.201000 48144.423 0.0,0.0,3.997321,3.588996,0.0,0.0
2017-05-25 02:16:36.323000 48181.545 0.0,0.0,3.996871,3.588746,0.0,0.0
2017-05-25 02:17:13.297000 48218.519 0.0,0.0,3.997171,3.588912,0.0,0.0
2017-05-25 02:17:48.275000 48253.497 0.0,0.0,3.997471,3.588912,0.0,0.0
2017-05-25 02:18:25.284000 48290.506 0.0,0.0,3.996795,3.589163,0.0,0.0
2017-05-25 02:19:02.384000 48327.606 0.0,0.0,3.998221,3.589413,0.0,0.0
2017-05-25 02:19:39.502000 48364.724 0.0,0.0,3.997996,3.588746,0.0,0.0
2017-05-25 02:20:16.442000 48401.664 0.0,0.0,3.99657,3.588912,0.0,0.0
2017-05-25 02:20:53.603000 48438.825 0.0,0.0,3.996795,3.588579,0.0,0.0
2017-05-25 02:21:30.590000 48475.812 0.0,0.0,3.996795,3.588996,0.0,0.0
2017-05-25 02:22:05.673000 48510.895 0.0,0.0,3.997096,3.589663,0.0,0.0
2017-05-25 02:22:42.908000 48548.13 0.0,0.0,3.997321,3.589413,0.0,0.0
2017-05-25 02:23:19.987000 48585.209 0.0,0.0,3.997021,3.589246,0.0,0.0
2017-05-25 02:23:57.194000 48622.416 0.0,0.0,3.996871,3.58908,0.0,0.0
2017-05-25 02:24:34.455000 48659.677 0.0,0.0,3.996946,3.58958,0.0,0.0
2017-05-25 02:25:11.713000 48696.935 0.0,0.0,3.996795,3.588912,0.0,0.0
2017-05-25 02:25:46.844000 48732.066 0.0,0.0,3.998596,3.58958,0.0,0.0
2017-05-25 02:26:24.123000 48769.345 0.0,0.0,3.997996,3.588912,0.0,0.0
2017-05-25 02:27:01.391000 48806.613 0.0,0.0,3.997321,3.588996,0.0,0.0
2017-05-25 02:27:40.540000 48845.762 0.0,0.0,3.996871,3.588579,0.0,0.0
2017-05-25 02:28:17.840000 48883.062 0.0,0.0,3.996721,3.588246,0.0,0.0
2017-05-25 02:28:55.149000 48920.371 0.0,0.0,3.996946,3.588746,0.0,0.0
2017-05-25 02:29:32.516000 48957.738 0.0,0.0,3.997021,3.588746,0.0,0.0
2017-05-25 02:30:07.783000 48993.005 0.0,0.0,3.997171,3.588663,0.0,0.0
2017-05-25 02:30:45.084000 49030.306 0.0,0.0,3.996645,3.588912,0.0,0.0
2017-05-25 02:31:22.492000 49067.714 0.0,0.0,3.997021,3.588912,0.0,0.0
2017-05-25 02:31:59.861000 49105.083 0.0,0.0,3.997021,3.588746,0.0,0.0
2017-05-25 02:32:37.273000 49142.495 0.0,0.0,3.997321,3.588746,0.0,0.0
2017-05-25 02:33:14.611000 49179.833 0.0,0.0,3.997021,3.589246,0.0,0.0
2017-05-25 02:33:51.950000 49217.172 0.0,0.0,3.998446,3.589163,0.0,0.0
2017-05-25 02:34:27.250000 49252.472 0.0,0.0,3.997021,3.58908,0.0,0.0
2017-05-25 02:35:04.680000 49289.902 0.0,0.0,3.997921,3.589246,0.0,0.0
2017-05-25 02:35:41.989000 49327.211 0.0,0.0,3.996946,3.588663,0.0,0.0
2017-05-25 02:36:19.459000 49364.681 0.0,0.0,3.998221,3.589413,0.0,0.0
2017-05-25 02:36:56.808000 49402.03 0.0,0.0,3.997771,3.588912,0.0,0.0
2017-05-25 02:37:34.356000 49439.578 0.0,0.0,3.997021,3.588829,0.0,0.0
2017-05-25 02:38:11.905000 49477.127 0.0,0.0,3.996946,3.588496,0.0,0.0
2017-05-25 02:38:47.284000 49512.506 0.0,0.0,3.996721,3.588413,0.0,0.0
2017-05-25 02:39:24.852000 49550.074 0.0,0.0,3.998221,3.588912,0.0,0.0
2017-05-25 02:40:02.311000 49587.533 0.0,0.0,3.996871,3.588829,0.0,0.0
2017-05-25 02:40:39.889000 49625.111 0.0,0.0,3.996871,3.588746,0.0,0.0
2017-05-25 02:41:17.530000 49662.752 0.0,0.0,3.996645,3.588246,0.0,0.0
2017-05-25 02:41:55.199000 49700.421 0.0,0.0,3.997096,3.58908,0.0,0.0
2017-05-25 02:42:32.808000 49738.03 0.0,0.0,3.998296,3.588579,0.0,0.0
2017-05-25 02:43:08.287000 49773.509 0.0,0.0,3.997021,3.589246,0.0,0.0
2017-05-25 02:43:45.907000 49811.129 0.0,0.0,3.996871,3.588579,0.0,0.0
2017-05-25 02:44:23.458000 49848.68 0.0,0.0,3.997021,3.588829,0.0,0.0
2017-05-25 02:45:01.155000 49886.377 0.0,0.0,3.996795,3.588079,0.0,0.0
2017-05-25 02:45:38.855000 49924.077 0.0,0.0,3.996871,3.588663,0.0,0.0
2017-05-25 02:46:16.534000 49961.756 0.0,0.0,3.997021,3.588413,0.0,0.0
2017-05-25 02:46:54.360000 49999.582 0.0,0.0,3.996871,3.588579,0.0,0.0
2017-05-25 02:47:29.990000 50035.212 0.0,0.0,3.997321,3.588746,0.0,0.0
2017-05-25 02:48:07.727000 50072.949 0.0,0.0,3.996946,3.588829,0.0,0.0
2017-05-25 02:48:45.467000 50110.689 0.0,0.0,3.996795,3.588663,0.0,0.0
2017-05-25 02:49:23.189000 50148.411 0.0,0.0,3.996721,3.588496,0.0,0.0
2017-05-25 02:50:00.999000 50186.221 0.0,0.0,3.996946,3.589329,0.0,0.0
2017-05-25 02:50:38.777000 50223.999 0.0,0.0,3.997996,3.588746,0.0,0.0
2017-05-25 02:51:16.506000 50261.728 0.0,0.0,3.998221,3.589496,0.0,0.0
2017-05-25 02:51:52.134000 50297.356 0.0,0.0,3.997096,3.589663,0.0,0.0
2017-05-25 02:52:29.942000 50335.164 0.0,0.0,3.996721,3.588746,0.0,0.0
2017-05-25 02:53:07.802000 50373.024 0.0,0.0,3.997021,3.588579,0.0,0.0
2017-05-25 02:53:45.653000 50410.875 0.0,0.0,3.996871,3.588746,0.0,0.0
2017-05-25 02:54:23.490000 50448.712 0.0,0.0,3.996721,3.588912,0.0,0.0
2017-05-25 02:55:01.359000 50486.581 0.0,0.0,3.997021,3.588413,0.0,0.0
2017-05-25 02:55:37.060000 50522.282 0.0,0.0,3.998071,3.58908,0.0,0.0
2017-05-25 02:56:14.858000 50560.08 0.0,0.0,3.997096,3.588746,0.0,0.0
2017-05-25 02:56:52.620000 50597.842 0.0,0.0,3.997396,3.589246,0.0,0.0
2017-05-25 02:57:30.408000 50635.63 0.0,0.0,3.997246,3.588663,0.0,0.0
2017-05-25 02:58:08.332000 50673.554 0.0,0.0,3.99657,3.588579,0.0,0.0
2017-05-25 02:58:46.280000 50711.502 0.0,0.0,3.997096,3.58908,0.0,0.0
2017-05-25 02:59:24.279000 50749.501 0.0,0.0,3.996721,3.588579,0.0,0.0
2017-05-25 02:59:59.927000 50785.149 0.0,0.0,3.996795,3.588162,0.0,0.0
2017-05-25 03:00:37.926000 50823.148 0.0,0.0,3.997021,3.588912,0.0,0.0
2017-05-25 03:01:16.004000 50861.226 0.0,0.0,3.998596,3.588496,0.0,0.0
2017-05-25 03:01:54.024000 50899.246 0.0,0.0,3.996645,3.587996,0.0,0.0
2017-05-25 03:02:32.073000 50937.295 0.0,0.0,3.996871,3.588246,0.0,0.0
2017-05-25 03:03:10.002000 50975.224 0.0,0.0,3.996795,3.588162,0.0,0.0
2017-05-25 03:03:45.781000 51011.003 0.0,0.0,3.997546,3.588579,0.0,0.0
2017-05-25 03:04:23.791000 51049.013 0.0,0.0,3.997321,3.58908,0.0,0.0
2017-05-25 03:05:01.800000 51087.022 0.0,0.0,3.99657,3.588829,0.0,0.0
2017-05-25 03:05:39.900000 51125.122 0.0,0.0,3.997396,3.58908,0.0,0.0
2017-05-25 03:06:17.918000 51163.14 0.0,0.0,3.998221,3.588746,0.0,0.0
2017-05-25 03:06:56.068000 51201.29 0.0,0.0,3.996871,3.588912,0.0,0.0
2017-05-25 03:07:32.069000 51237.291 0.0,0.0,3.997021,3.588413,0.0,0.0
2017-05-25 03:08:10.229000 51275.451 0.0,0.0,3.997921,3.588496,0.0,0.0
2017-05-25 03:08:48.466000 51313.688 0.0,0.0,3.996871,3.58908,0.0,0.0
2017-05-25 03:09:26.626000 51351.848 0.0,0.0,3.998371,3.588413,0.0,0.0
2017-05-25 03:10:04.694000 51389.916 0.0,0.0,3.998221,3.588079,0.0,0.0
2017-05-25 03:10:42.903000 51428.125 0.0,0.0,3.997246,3.588496,0.0,0.0
2017-05-25 03:11:21.042000 51466.264 0.0,0.0,3.996795,3.588912,0.0,0.0
2017-05-25 03:11:57.160000 51502.382 0.0,0.0,3.997096,3.588413,0.0,0.0
2017-05-25 03:12:35.499000 51540.721 0.0,0.0,3.997021,3.588413,0.0,0.0
2017-05-25 03:13:13.758000 51578.98 0.0,0.0,3.997921,3.588413,0.0,0.0
2017-05-25 03:13:52.088000 51617.31 0.0,0.0,3.997021,3.58908,0.0,0.0
2017-05-25 03:14:30.395000 51655.617 0.0,0.0,3.997021,3.588579,0.0,0.0
2017-05-25 03:15:08.685000 51693.907 0.0,0.0,3.996721,3.588079,0.0,0.0
2017-05-25 03:15:46.902000 51732.124 0.0,0.0,3.997021,3.588579,0.0,0.0
2017-05-25 03:16:23.054000 51768.276 0.0,0.0,3.997246,3.589329,0.0,0.0
2017-05-25 03:17:01.426000 51806.648 0.0,0.0,3.997021,3.588996,0.0,0.0
2017-05-25 03:17:39.546000 51844.768 0.0,0.0,3.997921,3.588746,0.0,0.0
2017-05-25 03:18:20.085000 51885.307 0.0,0.0,3.996721,3.58908,0.0,0.0
2017-05-25 03:18:58.365000 51923.587 0.0,0.0,3.997246,3.588746,0.0,0.0
2017-05-25 03:19:36.804000 51962.026 0.0,0.0,3.997021,3.588413,0.0,0.0
2017-05-25 03:20:13.033000 51998.255 0.0,0.0,3.997771,3.588329,0.0,0.0
2017-05-25 03:20:51.450000 52036.672 0.0,0.0,3.998146,3.588663,0.0,0.0
2017-05-25 03:21:29.871000 52075.093 0.0,0.0,3.997171,3.588912,0.0,0.0
2017-05-25 03:22:08.391000 52113.613 0.0,0.0,3.997321,3.589246,0.0,0.0
2017-05-25 03:22:46.880000 52152.102 0.0,0.0,3.996795,3.588912,0.0,0.0
2017-05-25 03:23:23.159000 52188.381 0.0,0.0,3.998521,3.58958,0.0,0.0
2017-05-25 03:24:01.638000 52226.86 0.0,0.0,3.997021,3.588579,0.0,0.0
2017-05-25 03:24:40.218000 52265.44 0.0,0.0,3.996871,3.588912,0.0,0.0
2017-05-25 03:25:18.758000 52303.98 0.0,0.0,3.99657,3.588746,0.0,0.0
2017-05-25 03:25:57.201000 52342.423 0.0,0.0,3.99657,3.588413,0.0,0.0
2017-05-25 03:26:35.670000 52380.892 0.0,0.0,3.99657,3.588246,0.0,0.0
2017-05-25 03:27:14.222000 52419.444 0.0,0.0,3.997171,3.588912,0.0,0.0
2017-05-25 03:27:50.591000 52455.813 0.0,0.0,3.996795,3.588496,0.0,0.0
2017-05-25 03:28:29.127000 52494.349 0.0,0.0,3.996645,3.588746,0.0,0.0
2017-05-25 03:29:07.380000 52532.602 0.0,0.0,3.996496,3.588246,0.0,0.0
2017-05-25 03:29:46.001000 52571.223 0.0,0.0,3.997021,3.588746,0.0,0.0
2017-05-25 03:30:24.570000 52609.792 0.0,0.0,3.996871,3.588746,0.0,0.0
2017-05-25 03:31:00.980000 52646.202 0.0,0.0,3.997321,3.589329,0.0,0.0
2017-05-25 03:31:39.579000 52684.801 0.0,0.0,3.997021,3.588746,0.0,0.0
2017-05-25 03:32:18.269000 52723.491 0.0,0.0,3.997846,3.588746,0.0,0.0
2017-05-25 03:32:56.879000 52762.101 0.0,0.0,3.996645,3.588663,0.0,0.0
2017-05-25 03:33:35.561000 52800.783 0.0,0.0,3.997096,3.589329,0.0,0.0
2017-05-25 03:34:14.281000 52839.503 0.0,0.0,3.996645,3.589329,0.0,0.0
2017-05-25 03:34:52.841000 52878.063 0.0,0.0,3.996946,3.588996,0.0,0.0
2017-05-25 03:35:29.319000 52914.541 0.0,0.0,3.997171,3.58908,0.0,0.0
2017-05-25 03:36:08.034000 52953.256 0.0,0.0,3.996721,3.58908,0.0,0.0
2017-05-25 03:36:46.703000 52991.925 0.0,0.0,3.997321,3.589746,0.0,0.0
2017-05-25 03:37:25.392000 53030.614 0.0,0.0,3.996871,3.589163,0.0,0.0
2017-05-25 03:38:04.123000 53069.345 0.0,0.0,3.997021,3.589746,0.0,0.0
2017-05-25 03:38:42.843000 53108.065 0.0,0.0,3.996871,3.58958,0.0,0.0
2017-05-25 03:39:19.441000 53144.663 0.0,0.0,3.997171,3.58908,0.0,0.0
2017-05-25 03:39:58.272000 53183.494 0.0,0.0,3.997396,3.589246,0.0,0.0
2017-05-25 03:40:37.062000 53222.284 0.0,0.0,3.996871,3.58908,0.0,0.0
2017-05-25 03:41:15.992000 53261.214 0.0,0.0,3.997546,3.589163,0.0,0.0
2017-05-25 03:41:54.882000 53300.104 0.0,0.0,3.996721,3.588996,0.0,0.0
2017-05-25 03:42:33.703000 53338.925 0.0,0.0,3.997021,3.589496,0.0,0.0
2017-05-25 03:43:10.401000 53375.623 0.0,0.0,3.996645,3.589246,0.0,0.0
2017-05-25 03:43:49.112000 53414.334 0.0,0.0,3.997171,3.588996,0.0,0.0
2017-05-25 03:44:27.962000 53453.184 0.0,0.0,3.996871,3.588746,0.0,0.0
2017-05-25 03:45:06.892000 53492.114 0.0,0.0,3.997171,3.588413,0.0,0.0
2017-05-25 03:45:45.843000 53531.065 0.0,0.0,3.997921,3.588579,0.0,0.0
2017-05-25 03:46:24.772000 53569.994 0.0,0.0,3.996871,3.588579,0.0,0.0
2017-05-25 03:47:01.502000 53606.724 0.0,0.0,3.997021,3.588579,0.0,0.0
2017-05-25 03:47:40.502000 53645.724 0.0,0.0,3.996721,3.588746,0.0,0.0
2017-05-25 03:48:19.452000 53684.674 0.0,0.0,3.996795,3.588912,0.0,0.0
2017-05-25 03:48:58.271000 53723.493 0.0,0.0,3.998071,3.588246,0.0,0.0
2017-05-25 03:49:37.241000 53762.463 0.0,0.0,3.99657,3.588579,0.0,0.0
2017-05-25 03:50:16.173000 53801.395 0.0,0.0,3.99657,3.588496,0.0,0.0
2017-05-25 03:50:55.265000 53840.487 0.0,0.0,3.996795,3.589246,0.0,0.0
2017-05-25 03:51:31.963000 53877.185 0.0,0.0,3.997021,3.588746,0.0,0.0
2017-05-25 03:52:10.935000 53916.157 0.0,0.0,3.998221,3.588246,0.0,0.0
2017-05-25 03:52:50.065000 53955.287 0.0,0.0,3.99657,3.588413,0.0,0.0
2017-05-25 03:53:29.116000 53994.338 0.0,0.0,3.996871,3.588579,0.0,0.0
2017-05-25 03:54:08.285000 54033.507 0.0,0.0,3.996871,3.588912,0.0,0.0
2017-05-25 03:54:47.406000 54072.628 0.0,0.0,3.997321,3.589746,0.0,0.0
2017-05-25 03:55:26.645000 54111.867 0.0,0.0,3.997246,3.589246,0.0,0.0
2017-05-25 03:56:03.303000 54148.525 0.0,0.0,3.996946,3.588663,0.0,0.0
2017-05-25 03:56:42.365000 54187.587 0.0,0.0,3.997321,3.58958,0.0,0.0
2017-05-25 03:57:21.623000 54226.845 0.0,0.0,3.997096,3.588496,0.0,0.0
2017-05-25 03:58:00.673000 54265.895 0.0,0.0,3.99657,3.588579,0.0,0.0
2017-05-25 03:58:39.856000 54305.078 0.0,0.0,3.996871,3.588746,0.0,0.0
2017-05-25 03:59:19.036000 54344.258 0.0,0.0,3.997021,3.588912,0.0,0.0
2017-05-25 03:59:58.145000 54383.367 0.0,0.0,3.996795,3.588912,0.0,0.0
2017-05-25 04:00:35.134000 54420.356 0.0,0.0,3.996721,3.588912,0.0,0.0
2017-05-25 04:01:14.435000 54459.657 0.0,0.0,3.997471,3.58908,0.0,0.0
2017-05-25 04:01:53.574000 54498.796 0.0,0.0,3.997171,3.589246,0.0,0.0
2017-05-25 04:02:32.854000 54538.076 0.0,0.0,3.997021,3.589163,0.0,0.0
2017-05-25 04:03:12.177000 54577.399 0.0,0.0,3.997021,3.588912,0.0,0.0
2017-05-25 04:03:51.416000 54616.638 0.0,0.0,3.997321,3.589746,0.0,0.0
2017-05-25 04:04:30.597000 54655.819 0.0,0.0,3.996871,3.588579,0.0,0.0
2017-05-25 04:05:07.566000 54692.788 0.0,0.0,3.996871,3.589163,0.0,0.0
2017-05-25 04:05:46.816000 54732.038 0.0,0.0,3.996795,3.588663,0.0,0.0
2017-05-25 04:06:26.116000 54771.338 0.0,0.0,3.996721,3.58908,0.0,0.0
2017-05-25 04:07:05.465000 54810.687 0.0,0.0,3.997096,3.589163,0.0,0.0
2017-05-25 04:07:44.874000 54850.096 0.0,0.0,3.997171,3.589246,0.0,0.0
2017-05-25 04:08:24.272000 54889.494 0.0,0.0,3.997246,3.588912,0.0,0.0
2017-05-25 04:09:01.363000 54926.585 0.0,0.0,3.996795,3.588912,0.0,0.0
2017-05-25 04:09:40.753000 54965.975 0.0,0.0,3.997096,3.588663,0.0,0.0
2017-05-25 04:10:20.193000 55005.415 0.0,0.0,3.996946,3.588413,0.0,0.0
2017-05-25 04:10:59.512000 55044.734 0.0,0.0,3.997021,3.588829,0.0,0.0
2017-05-25 04:11:38.893000 55084.115 0.0,0.0,3.996645,3.58908,0.0,0.0
2017-05-25 04:12:18.353000 55123.575 0.0,0.0,0.0,0.0,0.0,0.0
2017-05-25 04:12:54.930000 55160.152 0.0,0.0,0.0,0.0,0.0,0.0
2017-05-25 04:13:33.831000 55199.053 0.0,0.0,0.0,0.0,0.0,0.0
2017-05-25 04:14:12.891000 55238.113 0.0,0.0,0.0,0.0,0.0,0.0
2017-05-25 04:14:52.001000 55277.223 0.0,0.0,0.0,0.0,0.0,0.0
2017-05-25 04:15:31.111000 55316.333 0.0,0.0,0.0,0.0,0.0,0.0
2017-05-25 04:16:10.262000 55355.484 0.0,0.0,0.0,0.0,0.0,0.0
2017-05-25 04:16:49.442000 55394.664 0.0,0.0,0.0,0.0,0.0,0.0
2017-05-25 04:17:26.299000 55431.521 0.0,0.0,0.0,0.0,0.0,0.0
2017-05-25 04:18:05.492000 55470.714 0.0,0.0,0.0,0.0,0.0,0.0
2017-05-25 04:18:44.712000 55509.934 0.0,0.0,0.0,0.0,0.0,0.0
2017-05-25 04:19:26.573000 55551.795 0.0,0.0,0.0,0.0,0.0,0.0
2017-05-25 04:20:05.663000 55590.885 0.0,0.0,0.0,0.0,0.0,0.0
2017-05-25 04:20:44.852000 55630.074 0.0,0.0,0.0,0.0,0.0,0.0
2017-05-25 04:21:23.943000 55669.165 0.0,0.0,0.0,0.0,0.0,0.0
2017-05-25 04:22:00.732000 55705.954 0.0,0.0,0.0,0.0,0.0,0.0
2017-05-25 04:22:39.982000 55745.204 0.0,0.0,0.0,0.0,0.0,0.0
2017-05-25 04:23:19.179000 55784.401 0.0,0.0,0.0,0.0,0.0,0.0
2017-05-25 04:23:58.410000 55823.632 0.0,0.0,0.0,0.0,0.0,0.0
2017-05-25 04:24:37.540000 55862.762 0.0,0.0,0.0,0.0,0.0,0.0
2017-05-25 04:25:16.820000 55902.042 0.0,0.0,0.0,0.0,0.0,0.0
2017-05-25 04:25:53.890000 55939.112 0.0,0.0,0.0,0.0,0.0,0.0
2017-05-25 04:26:32.960000 55978.182 0.0,0.0,0.0,0.0,0.0,0.0
2017-05-25 04:27:12.321000 56017.543 0.0,0.0,0.0,0.0,0.0,0.0
2017-05-25 04:27:51.573000 56056.795 0.0,0.0,0.0,0.0,0.0,0.0
2017-05-25 04:28:30.912000 56096.134 0.0,0.0,0.0,0.0,0.0,0.0
2017-05-25 04:29:10.273000 56135.495 0.0,0.0,0.0,0.0,0.0,0.0
2017-05-25 04:29:49.662000 56174.884 0.0,0.0,0.0,0.0,0.0,0.0
2017-05-25 04:30:26.751000 56211.973 0.0,0.0,0.0,0.0,0.0,0.0
2017-05-25 04:31:06.222000 56251.444 0.0,0.0,0.0,0.0,0.0,0.0
2017-05-25 04:31:45.652000 56290.874 0.0,0.0,0.0,0.0,0.0,0.0
2017-05-25 04:32:25.228000 56330.45 0.0,0.0,0.0,0.0,0.0,0.0
2017-05-25 04:33:04.617000 56369.839 0.0,0.0,0.0,0.0,0.0,0.0
2017-05-25 04:33:44.088000 56409.31 0.0,0.0,0.0,0.0,0.0,0.0
2017-05-25 04:34:21.196000 56446.418 0.0,0.0,0.0,0.0,0.0,0.0
2017-05-25 04:35:00.746000 56485.968 0.0,0.0,0.0,0.0,0.0,0.0
2017-05-25 04:35:40.277000 56525.499 0.0,0.0,0.0,0.0,0.0,0.0
2017-05-25 04:36:19.816000 56565.038 0.0,0.0,0.0,0.0,0.0,0.0
2017-05-25 04:36:59.326000 56604.548 0.0,0.0,0.0,0.0,0.0,0.0
2017-05-25 04:37:38.956000 56644.178 0.0,0.0,0.0,0.0,0.0,0.0
2017-05-25 04:38:18.506000 56683.728 0.0,0.0,0.0,0.0,0.0,0.0
2017-05-25 04:38:55.605000 56720.827 0.0,0.0,0.0,0.0,0.0,0.0
2017-05-25 04:39:35.033000 56760.255 0.0,0.0,0.0,0.0,0.0,0.0
2017-05-25 04:40:14.492000 56799.714 0.0,0.0,0.0,0.0,0.0,0.0
2017-05-25 04:40:53.992000 56839.214 0.0,0.0,0.0,0.0,0.0,0.0
2017-05-25 04:41:33.653000 56878.875 0.0,0.0,0.0,0.0,0.0,0.0
2017-05-25 04:42:13.194000 56918.416 0.0,0.0,0.0,0.0,0.0,0.0
2017-05-25 04:42:50.602000 56955.824 0.0,0.0,0.0,0.0,0.0,0.0
2017-05-25 04:43:30.282000 56995.504 0.0,0.0,0.0,0.0,0.0,0.0
2017-05-25 04:44:09.962000 57035.184 0.0,0.0,0.0,0.0,0.0,0.0
2017-05-25 04:44:49.541000 57074.763 0.0,0.0,0.0,0.0,0.0,0.0
2017-05-25 04:45:29.182000 57114.404 0.0,0.0,0.0,0.0,0.0,0.0
2017-05-25 04:46:08.871000 57154.093 0.0,0.0,0.0,0.0,0.0,0.0
2017-05-25 04:46:46.230000 57191.452 0.0,0.0,0.0,0.0,0.0,0.0
2017-05-25 04:47:25.980000 57231.202 0.0,0.0,0.0,0.0,0.0,0.0
2017-05-25 04:48:05.722000 57270.944 0.0,0.0,0.0,0.0,0.0,0.0
2017-05-25 04:48:45.411000 57310.633 0.0,0.0,0.0,0.0,0.0,0.0
2017-05-25 04:49:25.036000 57350.258 0.0,0.0,0.0,0.0,0.0,0.0
2017-05-25 04:50:04.738000 57389.96 0.0,0.0,0.0,0.0,0.0,0.0
2017-05-25 04:50:44.418000 57429.64 0.0,0.0,0.0,0.0,0.0,0.0
2017-05-25 04:51:21.699000 57466.921 0.0,0.0,0.0,0.0,0.0,0.0
2017-05-25 04:52:01.411000 57506.633 0.0,0.0,0.0,0.0,0.0,0.0
2017-05-25 04:52:41.090000 57546.312 0.0,0.0,0.0,0.0,0.0,0.0
2017-05-25 04:53:20.943000 57586.165 0.0,0.0,0.0,0.0,0.0,0.0
2017-05-25 04:54:00.705000 57625.927 0.0,0.0,0.0,0.0,0.0,0.0
2017-05-25 04:54:40.634000 57665.856 0.0,0.0,0.0,0.0,0.0,0.0
2017-05-25 04:55:20.544000 57705.766 0.0,0.0,0.0,0.0,0.0,0.0
2017-05-25 04:55:58.159000 57743.381 0.0,0.0,0.0,0.0,0.0,0.0
2017-05-25 04:56:38.138000 57783.36 0.0,0.0,0.0,0.0,0.0,0.0
2017-05-25 04:57:18.059000 57823.281 0.0,0.0,0.0,0.0,0.0,0.0
2017-05-25 04:57:58.079000 57863.301 0.0,0.0,0.0,0.0,0.0,0.0
2017-05-25 04:58:38.099000 57903.321 0.0,0.0,0.0,0.0,0.0,0.0
2017-05-25 04:59:18.049000 57943.271 0.0,0.0,0.0,0.0,0.0,0.0
2017-05-25 04:59:55.529000 57980.751 0.0,0.0,0.0,0.0,0.0,0.0
2017-05-25 05:00:35.389000 58020.611 0.0,0.0,0.0,0.0,0.0,0.0
2017-05-25 05:01:15.429000 58060.651 0.0,0.0,0.0,0.0,0.0,0.0
2017-05-25 05:01:55.499000 58100.721 0.0,0.0,0.0,0.0,0.0,0.0
2017-05-25 05:02:35.639000 58140.861 0.0,0.0,0.0,0.0,0.0,0.0
2017-05-25 05:03:15.702000 58180.924 0.0,0.0,0.0,0.0,0.0,0.0
2017-05-25 05:03:55.752000 58220.974 0.0,0.0,0.0,0.0,0.0,0.0
2017-05-25 05:04:33.440000 58258.662 0.0,0.0,0.0,0.0,0.0,0.0
2017-05-25 05:05:13.471000 58298.693 0.0,0.0,0.0,0.0,0.0,0.0
2017-05-25 05:05:53.580000 58338.802 0.0,0.0,0.0,0.0,0.0,0.0
2017-05-25 05:06:33.696000 58378.918 0.0,0.0,0.0,0.0,0.0,0.0
2017-05-25 05:07:13.820000 58419.042 0.0,0.0,0.0,0.0,0.0,0.0
2017-05-25 05:07:54.009000 58459.231 0.0,0.0,0.0,0.0,0.0,0.0
2017-05-25 05:08:34.101000 58499.323 0.0,0.0,0.0,0.0,0.0,0.0
2017-05-25 05:09:11.883000 58537.105 0.0,0.0,0.0,0.0,0.0,0.0
2017-05-25 05:09:52.082000 58577.304 0.0,0.0,0.0,0.0,0.0,0.0
2017-05-25 05:10:32.271000 58617.493 0.0,0.0,0.0,0.0,0.0,0.0
2017-05-25 05:11:12.242000 58657.464 0.0,0.0,0.0,0.0,0.0,0.0
2017-05-25 05:11:52.520000 58697.742 0.0,0.0,0.0,0.0,0.0,0.0
2017-05-25 05:12:32.871000 58738.093 0.0,0.0,0.0,0.0,0.0,0.0
2017-05-25 05:13:10.620000 58775.842 0.0,0.0,0.0,0.0,0.0,0.0
2017-05-25 05:13:50.989000 58816.211 0.0,0.0,0.0,0.0,0.0,0.0
2017-05-25 05:14:31.360000 58856.582 0.0,0.0,0.0,0.0,0.0,0.0
2017-05-25 05:15:11.652000 58896.874 0.0,0.0,0.0,0.0,0.0,0.0
2017-05-25 05:15:52.021000 58937.243 0.0,0.0,0.0,0.0,0.0,0.0
2017-05-25 05:16:32.353000 58977.575 0.0,0.0,0.0,0.0,0.0,0.0
2017-05-25 05:17:12.593000 59017.815 0.0,0.0,0.0,0.0,0.0,0.0
2017-05-25 05:17:50.562000 59055.784 0.0,0.0,0.0,0.0,0.0,0.0
2017-05-25 05:18:30.903000 59096.125 0.0,0.0,0.0,0.0,0.0,0.0
2017-05-25 05:19:11.012000 59136.234 0.0,0.0,0.0,0.0,0.0,0.0
2017-05-25 05:19:51.432000 59176.654 0.0,0.0,0.0,0.0,0.0,0.0
2017-05-25 05:20:31.875000 59217.097 0.0,0.0,0.0,0.0,0.0,0.0
2017-05-25 05:21:12.319000 59257.541 0.0,0.0,0.0,0.0,0.0,0.0
2017-05-25 05:21:53.770000 59298.992 0.0,0.0,0.0,0.0,0.0,0.0
2017-05-25 05:22:34.202000 59339.424 0.0,0.0,0.0,0.0,0.0,0.0
2017-05-25 05:23:14.671000 59379.893 0.0,0.0,0.0,0.0,0.0,0.0
2017-05-25 05:23:54.811000 59420.033 0.0,0.0,0.0,0.0,0.0,0.0
2017-05-25 05:24:35.290000 59460.512 0.0,0.0,0.0,0.0,0.0,0.0
2017-05-25 05:25:15.801000 59501.023 0.0,0.0,0.0,0.0,0.0,0.0
2017-05-25 05:25:56.350000 59541.572 0.0,0.0,0.0,0.0,0.0,0.0
2017-05-25 05:26:34.460000 59579.682 0.0,0.0,0.0,0.0,0.0,0.0
2017-05-25 05:27:15.010000 59620.232 0.0,0.0,0.0,0.0,0.0,0.0
2017-05-25 05:27:55.603000 59660.825 0.0,0.0,0.0,0.0,0.0,0.0
2017-05-25 05:28:36.002000 59701.224 0.0,0.0,0.0,0.0,0.0,0.0
2017-05-25 05:29:16.735000 59741.957 0.0,0.0,0.0,0.0,0.0,0.0
2017-05-25 05:29:57.344000 59782.566 0.0,0.0,0.0,0.0,0.0,0.0
2017-05-25 05:30:37.965000 59823.187 0.0,0.0,0.0,0.0,0.0,0.0
2017-05-25 05:31:16.146000 59861.368 0.0,0.0,0.0,0.0,0.0,0.0
2017-05-25 05:31:56.795000 59902.017 0.0,0.0,0.0,0.0,0.0,0.0
2017-05-25 05:32:37.576000 59942.798 0.0,0.0,0.0,0.0,0.0,0.0
2017-05-25 05:33:17.975000 59983.197 0.0,0.0,0.0,0.0,0.0,0.0
2017-05-25 05:33:58.738000 60023.96 0.0,0.0,0.0,0.0,0.0,0.0
2017-05-25 05:34:39.297000 60064.519 0.0,0.0,0.0,0.0,0.0,0.0
2017-05-25 05:35:20.107000 60105.329 0.0,0.0,0.0,0.0,0.0,0.0
2017-05-25 05:35:58.276000 60143.498 0.0,0.0,0.0,0.0,0.0,0.0
2017-05-25 05:36:38.996000 60184.218 0.0,0.0,0.0,0.0,0.0,0.0
2017-05-25 05:37:19.586000 60224.808 0.0,0.0,0.0,0.0,0.0,0.0
2017-05-25 05:38:00.376000 60265.598 0.0,0.0,0.0,0.0,0.0,0.0
2017-05-25 05:38:40.987000 60306.209 0.0,0.0,0.0,0.0,0.0,0.0
2017-05-25 05:39:21.765000 60346.987 0.0,0.0,0.0,0.0,0.0,0.0
2017-05-25 05:40:02.706000 60387.928 0.0,0.0,0.0,0.0,0.0,0.0
2017-05-25 05:40:41.095000 60426.317 0.0,0.0,0.0,0.0,0.0,0.0
2017-05-25 05:41:21.938000 60467.16 0.0,0.0,0.0,0.0,0.0,0.0
2017-05-25 05:42:02.818000 60508.04 0.0,0.0,0.0,0.0,0.0,0.0
2017-05-25 05:42:43.708000 60548.93 0.0,0.0,0.0,0.0,0.0,0.0
2017-05-25 05:43:24.569000 60589.791 0.0,0.0,0.0,0.0,0.0,0.0
2017-05-25 05:44:05.482000 60630.704 0.0,0.0,0.0,0.0,0.0,0.0
2017-05-25 05:44:46.241000 60671.463 0.0,0.0,0.0,0.0,0.0,0.0
2017-05-25 05:45:24.781000 60710.003 0.0,0.0,0.0,0.0,0.0,0.0
2017-05-25 05:46:05.753000 60750.975 0.0,0.0,0.0,0.0,0.0,0.0
2017-05-25 05:46:46.752000 60791.974 0.0,0.0,0.0,0.0,0.0,0.0
2017-05-25 05:47:27.733000 60832.955 0.0,0.0,0.0,0.0,0.0,0.0
2017-05-25 05:48:08.513000 60873.735 0.0,0.0,0.0,0.0,0.0,0.0
2017-05-25 05:48:49.550000 60914.772 0.0,0.0,0.0,0.0,0.0,0.0
2017-05-25 05:49:30.532000 60955.754 0.0,0.0,0.0,0.0,0.0,0.0
2017-05-25 05:50:09.124000 60994.346 0.0,0.0,0.0,0.0,0.0,0.0
2017-05-25 05:50:50.159000 61035.381 0.0,0.0,0.0,0.0,0.0,0.0
2017-05-25 05:51:31.063000 61076.285 0.0,0.0,0.0,0.0,0.0,0.0
2017-05-25 05:52:12.194000 61117.416 0.0,0.0,0.0,0.0,0.0,0.0
2017-05-25 05:52:53.244000 61158.466 0.0,0.0,0.0,0.0,0.0,0.0
2017-05-25 05:53:34.324000 61199.546 0.0,0.0,0.0,0.0,0.0,0.0
2017-05-25 05:54:15.434000 61240.656 0.0,0.0,0.0,0.0,0.0,0.0
2017-05-25 05:54:54.065000 61279.287 0.0,0.0,0.0,0.0,0.0,0.0
2017-05-25 05:55:35.176000 61320.398 0.0,0.0,0.0,0.0,0.0,0.0
2017-05-25 05:56:15.988000 61361.21 0.0,0.0,0.0,0.0,0.0,0.0
2017-05-25 05:56:57.188000 61402.41 0.0,0.0,0.0,0.0,0.0,0.0
2017-05-25 05:57:38.411000 61443.633 0.0,0.0,0.0,0.0,0.0,0.0
2017-05-25 05:58:19.643000 61484.865 0.0,0.0,0.0,0.0,0.0,0.0
2017-05-25 05:58:58.384000 61523.606 0.0,0.0,0.0,0.0,0.0,0.0
2017-05-25 05:59:39.604000 61564.826 0.0,0.0,0.0,0.0,0.0,0.0
2017-05-25 06:00:20.905000 61606.127 0.0,0.0,0.0,0.0,0.0,0.0
2017-05-25 06:01:02.187000 61647.409 0.0,0.0,0.0,0.0,0.0,0.0
2017-05-25 06:01:43.349000 61688.571 0.0,0.0,0.0,0.0,0.0,0.0
2017-05-25 06:02:24.610000 61729.832 0.0,0.0,0.0,0.0,0.0,0.0
2017-05-25 06:03:05.949000 61771.171 0.0,0.0,0.0,0.0,0.0,0.0
2017-05-25 06:03:44.619000 61809.841 0.0,0.0,0.0,0.0,0.0,0.0
2017-05-25 06:04:25.939000 61851.161 0.0,0.0,0.0,0.0,0.0,0.0
2017-05-25 06:05:07.335000 61892.557 0.0,0.0,0.0,0.0,0.0,0.0
2017-05-25 06:05:48.706000 61933.928 0.0,0.0,0.0,0.0,0.0,0.0
2017-05-25 06:06:30.069000 61975.291 0.0,0.0,0.0,0.0,0.0,0.0
2017-05-25 06:07:11.444000 62016.666 0.0,0.0,0.0,0.0,0.0,0.0
2017-05-25 06:07:50.285000 62055.507 0.0,0.0,0.0,0.0,0.0,0.0
2017-05-25 06:08:31.664000 62096.886 0.0,0.0,0.0,0.0,0.0,0.0
2017-05-25 06:09:13.055000 62138.277 0.0,0.0,0.0,0.0,0.0,0.0
2017-05-25 06:09:54.465000 62179.687 0.0,0.0,0.0,0.0,0.0,0.0
2017-05-25 06:10:35.748000 62220.97 0.0,0.0,0.0,0.0,0.0,0.0
2017-05-25 06:11:17.198000 62262.42 0.0,0.0,0.0,0.0,0.0,0.0
2017-05-25 06:11:58.620000 62303.842 0.0,0.0,0.0,0.0,0.0,0.0
2017-05-25 06:12:37.570000 62342.792 0.0,0.0,0.0,0.0,0.0,0.0
2017-05-25 06:13:19.040000 62384.262 0.0,0.0,0.0,0.0,0.0,0.0
2017-05-25 06:14:00.362000 62425.584 0.0,0.0,0.0,0.0,0.0,0.0
2017-05-25 06:14:41.721000 62466.943 0.0,0.0,0.0,0.0,0.0,0.0
2017-05-25 06:15:23.144000 62508.366 0.0,0.0,0.0,0.0,0.0,0.0
2017-05-25 06:16:04.664000 62549.886 0.0,0.0,0.0,0.0,0.0,0.0
2017-05-25 06:16:46.225000 62591.447 0.0,0.0,0.0,0.0,0.0,0.0
2017-05-25 06:17:25.264000 62630.486 0.0,0.0,0.0,0.0,0.0,0.0
2017-05-25 06:18:06.784000 62672.006 0.0,0.0,0.0,0.0,0.0,0.0
2017-05-25 06:18:48.416000 62713.638 0.0,0.0,0.0,0.0,0.0,0.0
2017-05-25 06:19:30.928000 62756.15 0.0,0.0,0.0,0.0,0.0,0.0
2017-05-25 06:20:12.378000 62797.6 0.0,0.0,0.0,0.0,0.0,0.0
2017-05-25 06:20:53.899000 62839.121 0.0,0.0,0.0,0.0,0.0,0.0
2017-05-25 06:21:35.568000 62880.79 0.0,0.0,0.0,0.0,0.0,0.0
2017-05-25 06:22:14.717000 62919.939 0.0,0.0,0.0,0.0,0.0,0.0
2017-05-25 06:22:56.548000 62961.77 0.0,0.0,0.0,0.0,0.0,0.0
2017-05-25 06:23:38.049000 63003.271 0.0,0.0,0.0,0.0,0.0,0.0
2017-05-25 06:24:19.712000 63044.934 0.0,0.0,0.0,0.0,0.0,0.0
2017-05-25 06:25:01.483000 63086.705 0.0,0.0,0.0,0.0,0.0,0.0
2017-05-25 06:25:43.144000 63128.366 0.0,0.0,0.0,0.0,0.0,0.0
2017-05-25 06:26:24.935000 63170.157 0.0,0.0,0.0,0.0,0.0,0.0
2017-05-25 06:27:04.104000 63209.326 0.0,0.0,0.0,0.0,0.0,0.0
2017-05-25 06:27:45.934000 63251.156 0.0,0.0,0.0,0.0,0.0,0.0
2017-05-25 06:28:27.726000 63292.948 0.0,0.0,0.0,0.0,0.0,0.0
2017-05-25 06:29:09.445000 63334.667 0.0,0.0,0.0,0.0,0.0,0.0
2017-05-25 06:29:51.236000 63376.458 0.0,0.0,0.0,0.0,0.0,0.0
2017-05-25 06:30:33.105000 63418.327 0.0,0.0,0.0,0.0,0.0,0.0
2017-05-25 06:31:14.877000 63460.099 0.0,0.0,0.0,0.0,0.0,0.0
2017-05-25 06:31:54.016000 63499.238 0.0,0.0,0.0,0.0,0.0,0.0
2017-05-25 06:32:35.855000 63541.077 0.0,0.0,0.0,0.0,0.0,0.0
2017-05-25 06:33:17.819000 63583.041 0.0,0.0,0.0,0.0,0.0,0.0
2017-05-25 06:33:59.719000 63624.941 0.0,0.0,0.0,0.0,0.0,0.0
2017-05-25 06:34:41.420000 63666.642 0.0,0.0,0.0,0.0,0.0,0.0
2017-05-25 06:35:23.312000 63708.534 0.0,0.0,0.0,0.0,0.0,0.0
2017-05-25 06:36:05.209000 63750.431 0.0,0.0,0.0,0.0,0.0,0.0
2017-05-25 06:36:44.681000 63789.903 0.0,0.0,0.0,0.0,0.0,0.0
2017-05-25 06:37:26.664000 63831.886 0.0,0.0,0.0,0.0,0.0,0.0
2017-05-25 06:38:08.635000 63873.857 0.0,0.0,0.0,0.0,0.0,0.0
2017-05-25 06:38:50.515000 63915.737 0.0,0.0,0.0,0.0,0.0,0.0
2017-05-25 06:39:32.357000 63957.579 0.0,0.0,0.0,0.0,0.0,0.0
2017-05-25 06:40:14.418000 63999.64 0.0,0.0,0.0,0.0,0.0,0.0
2017-05-25 06:40:56.438000 64041.66 0.0,0.0,0.0,0.0,0.0,0.0
2017-05-25 06:41:35.999000 64081.221 0.0,0.0,0.0,0.0,0.0,0.0
2017-05-25 06:42:17.837000 64123.059 0.0,0.0,0.0,0.0,0.0,0.0
2017-05-25 06:43:04.106000 64169.328 0.0,0.0,0.0,0.0,0.0,0.0
2017-05-25 06:43:46.116000 64211.338 0.0,0.0,0.0,0.0,0.0,0.0
2017-05-25 06:44:28.225000 64253.447 0.0,0.0,0.0,0.0,0.0,0.0
2017-05-25 06:45:10.331000 64295.553 0.0,0.0,0.0,0.0,0.0,0.0
2017-05-25 06:45:52.260000 64337.482 0.0,0.0,0.0,0.0,0.0,0.0
2017-05-25 06:46:31.820000 64377.042 0.0,0.0,0.0,0.0,0.0,0.0
2017-05-25 06:47:13.971000 64419.193 0.0,0.0,0.0,0.0,0.0,0.0
2017-05-25 06:47:56.144000 64461.366 0.0,0.0,0.0,0.0,0.0,0.0
2017-05-25 06:48:38.264000 64503.486 0.0,0.0,0.0,0.0,0.0,0.0
2017-05-25 06:49:20.252000 64545.474 0.0,0.0,0.0,0.0,0.0,0.0
2017-05-25 06:50:02.527000 64587.749 0.0,0.0,0.0,0.0,0.0,0.0
2017-05-25 06:50:44.748000 64629.97 0.0,0.0,0.0,0.0,0.0,0.0
2017-05-25 06:51:24.396000 64669.618 0.0,0.0,0.0,0.0,0.0,0.0
2017-05-25 06:52:06.418000 64711.64 0.0,0.0,0.0,0.0,0.0,0.0
2017-05-25 06:52:48.701000 64753.923 0.0,0.0,0.0,0.0,0.0,0.0
2017-05-25 06:53:30.982000 64796.204 0.0,0.0,0.0,0.0,0.0,0.0
2017-05-25 06:54:13.273000 64838.495 0.0,0.0,0.0,0.0,0.0,0.0
2017-05-25 06:54:55.555000 64880.777 0.0,0.0,0.0,0.0,0.0,0.0
2017-05-25 06:55:37.876000 64923.098 0.0,0.0,0.0,0.0,0.0,0.0
2017-05-25 06:56:17.635000 64962.857 0.0,0.0,0.0,0.0,0.0,0.0
2017-05-25 06:57:00.027000 65005.249 0.0,0.0,0.0,0.0,0.0,0.0
2017-05-25 06:57:42.418000 65047.64 0.0,0.0,0.0,0.0,0.0,0.0
2017-05-25 06:58:24.729000 65089.951 0.0,0.0,0.0,0.0,0.0,0.0
2017-05-25 06:59:07.160000 65132.382 0.0,0.0,0.0,0.0,0.0,0.0
2017-05-25 06:59:53.792000 65179.014 0.0,0.0,0.0,0.0,0.0,0.0
2017-05-25 07:00:36.183000 65221.405 0.0,0.0,0.0,0.0,0.0,0.0
2017-05-25 07:01:15.885000 65261.107 0.0,0.0,0.0,0.0,0.0,0.0
2017-05-25 07:01:58.374000 65303.596 0.0,0.0,0.0,0.0,0.0,0.0
2017-05-25 07:02:40.828000 65346.05 0.0,0.0,0.0,0.0,0.0,0.0
2017-05-25 07:03:23.098000 65388.32 0.0,0.0,0.0,0.0,0.0,0.0
2017-05-25 07:04:05.562000 65430.784 0.0,0.0,0.0,0.0,0.0,0.0
2017-05-25 07:04:48.021000 65473.243 0.0,0.0,0.0,0.0,0.0,0.0
2017-05-25 07:05:30.524000 65515.746 0.0,0.0,0.0,0.0,0.0,0.0
2017-05-25 07:06:10.312000 65555.534 0.0,0.0,0.0,0.0,0.0,0.0
2017-05-25 07:06:52.542000 65597.764 0.0,0.0,0.0,0.0,0.0,0.0
2017-05-25 07:07:35.031000 65640.253 0.0,0.0,0.0,0.0,0.0,0.0
2017-05-25 07:08:17.603000 65682.825 0.0,0.0,0.0,0.0,0.0,0.0
2017-05-25 07:09:00.113000 65725.335 0.0,0.0,0.0,0.0,0.0,0.0
2017-05-25 07:09:42.714000 65767.936 0.0,0.0,0.0,0.0,0.0,0.0
2017-05-25 07:10:25.325000 65810.547 0.0,0.0,0.0,0.0,0.0,0.0
2017-05-25 07:11:05.435000 65850.657 0.0,0.0,0.0,0.0,0.0,0.0
2017-05-25 07:11:48.061000 65893.283 0.0,0.0,0.0,0.0,0.0,0.0
2017-05-25 07:12:30.653000 65935.875 0.0,0.0,0.0,0.0,0.0,0.0
2017-05-25 07:13:13.284000 65978.506 0.0,0.0,0.0,0.0,0.0,0.0
2017-05-25 07:13:55.913000 66021.135 0.0,0.0,0.0,0.0,0.0,0.0
2017-05-25 07:14:38.376000 66063.598 0.0,0.0,0.0,0.0,0.0,0.0
2017-05-25 07:15:21.075000 66106.297 0.0,0.0,0.0,0.0,0.0,0.0
2017-05-25 07:16:01.016000 66146.238 0.0,0.0,0.0,0.0,0.0,0.0
2017-05-25 07:16:50.949000 66196.171 0.0,0.0,0.0,0.0,0.0,0.0
2017-05-25 07:17:33.711000 66238.933 0.0,0.0,0.0,0.0,0.0,0.0
2017-05-25 07:18:16.501000 66281.723 0.0,0.0,0.0,0.0,0.0,0.0
2017-05-25 07:18:59.153000 66324.375 0.0,0.0,0.0,0.0,0.0,0.0
2017-05-25 07:19:41.940000 66367.162 0.0,0.0,0.0,0.0,0.0,0.0
2017-05-25 07:20:24.603000 66409.825 0.0,0.0,0.0,0.0,0.0,0.0
2017-05-25 07:21:04.791000 66450.013 0.0,0.0,0.0,0.0,0.0,0.0
2017-05-25 07:21:47.592000 66492.814 0.0,0.0,0.0,0.0,0.0,0.0
2017-05-25 07:22:30.184000 66535.406 0.0,0.0,0.0,0.0,0.0,0.0
2017-05-25 07:23:12.945000 66578.167 0.0,0.0,0.0,0.0,0.0,0.0
2017-05-25 07:23:55.836000 66621.058 0.0,0.0,0.0,0.0,0.0,0.0
2017-05-25 07:24:38.738000 66663.96 0.0,0.0,0.0,0.0,0.0,0.0
2017-05-25 07:25:21.668000 66706.89 0.0,0.0,0.0,0.0,0.0,0.0
2017-05-25 07:26:01.997000 66747.219 0.0,0.0,0.0,0.0,0.0,0.0
2017-05-25 07:26:44.909000 66790.131 0.0,0.0,0.0,0.0,0.0,0.0
2017-05-25 07:27:27.859000 66833.081 0.0,0.0,0.0,0.0,0.0,0.0
2017-05-25 07:28:10.822000 66876.044 0.0,0.0,0.0,0.0,0.0,0.0
2017-05-25 07:28:53.732000 66918.954 0.0,0.0,0.0,0.0,0.0,0.0
2017-05-25 07:29:36.683000 66961.905 0.0,0.0,0.0,0.0,0.0,0.0
2017-05-25 07:30:19.683000 67004.905 0.0,0.0,0.0,0.0,0.0,0.0
2017-05-25 07:30:59.923000 67045.145 0.0,0.0,0.0,0.0,0.0,0.0
2017-05-25 07:31:42.772000 67087.994 0.0,0.0,0.0,0.0,0.0,0.0
2017-05-25 07:32:25.803000 67131.025 0.0,0.0,0.0,0.0,0.0,0.0
2017-05-25 07:33:08.814000 67174.036 0.0,0.0,0.0,0.0,0.0,0.0
2017-05-25 07:33:51.839000 67217.061 0.0,0.0,0.0,0.0,0.0,0.0
2017-05-25 07:34:34.861000 67260.083 0.0,0.0,0.0,0.0,0.0,0.0
2017-05-25 07:35:17.919000 67303.141 0.0,0.0,0.0,0.0,0.0,0.0
2017-05-25 07:35:58.228000 67343.45 0.0,0.0,0.0,0.0,0.0,0.0
2017-05-25 07:36:41.335000 67386.557 0.0,0.0,0.0,0.0,0.0,0.0
2017-05-25 07:37:24.454000 67429.676 0.0,0.0,0.0,0.0,0.0,0.0
2017-05-25 07:38:07.346000 67472.568 0.0,0.0,0.0,0.0,0.0,0.0
2017-05-25 07:38:50.469000 67515.691 0.0,0.0,0.0,0.0,0.0,0.0
2017-05-25 07:39:33.563000 67558.785 0.0,0.0,0.0,0.0,0.0,0.0
2017-05-25 07:40:16.693000 67601.915 0.0,0.0,0.0,0.0,0.0,0.0
2017-05-25 07:40:57.243000 67642.465 0.0,0.0,0.0,0.0,0.0,0.0
2017-05-25 07:41:40.373000 67685.595 0.0,0.0,0.0,0.0,0.0,0.0
2017-05-25 07:42:23.543000 67728.765 0.0,0.0,0.0,0.0,0.0,0.0
2017-05-25 07:43:06.785000 67772.007 0.0,0.0,0.0,0.0,0.0,0.0
2017-05-25 07:43:49.827000 67815.049 0.0,0.0,0.0,0.0,0.0,0.0
2017-05-25 07:44:32.695000 67857.917 0.0,0.0,0.0,0.0,0.0,0.0
2017-05-25 07:45:13.324000 67898.546 0.0,0.0,0.0,0.0,0.0,0.0
2017-05-25 07:45:56.505000 67941.727 0.0,0.0,0.0,0.0,0.0,0.0
2017-05-25 07:46:39.805000 67985.027 0.0,0.0,0.0,0.0,0.0,0.0
2017-05-25 07:47:23.088000 68028.31 0.0,0.0,0.0,0.0,0.0,0.0
2017-05-25 07:48:06.229000 68071.451 0.0,0.0,0.0,0.0,0.0,0.0
2017-05-25 07:48:49.610000 68114.832 0.0,0.0,0.0,0.0,0.0,0.0
2017-05-25 07:49:32.861000 68158.083 0.0,0.0,0.0,0.0,0.0,0.0
2017-05-25 07:50:13.529000 68198.751 0.0,0.0,0.0,0.0,0.0,0.0
2017-05-25 07:50:56.911000 68242.133 0.0,0.0,0.0,0.0,0.0,0.0
2017-05-25 07:51:40.291000 68285.513 0.0,0.0,0.0,0.0,0.0,0.0
2017-05-25 07:52:23.512000 68328.734 0.0,0.0,0.0,0.0,0.0,0.0
2017-05-25 07:53:06.972000 68372.194 0.0,0.0,0.0,0.0,0.0,0.0
2017-05-25 07:53:50.243000 68415.465 0.0,0.0,0.0,0.0,0.0,0.0
2017-05-25 07:54:33.536000 68458.758 0.0,0.0,0.0,0.0,0.0,0.0
2017-05-25 07:55:14.244000 68499.466 0.0,0.0,0.0,0.0,0.0,0.0
2017-05-25 07:55:57.647000 68542.869 0.0,0.0,0.0,0.0,0.0,0.0
2017-05-25 07:56:41.047000 68586.269 0.0,0.0,0.0,0.0,0.0,0.0
2017-05-25 07:57:24.489000 68629.711 0.0,0.0,0.0,0.0,0.0,0.0
2017-05-25 07:58:07.848000 68673.07 0.0,0.0,0.0,0.0,0.0,0.0
2017-05-25 07:58:51.340000 68716.562 0.0,0.0,0.0,0.0,0.0,0.0
2017-05-25 07:59:34.792000 68760.014 0.0,0.0,0.0,0.0,0.0,0.0
2017-05-25 08:00:15.522000 68800.744 0.0,0.0,0.0,0.0,0.0,0.0
2017-05-25 08:00:58.913000 68844.135 0.0,0.0,0.0,0.0,0.0,0.0
2017-05-25 08:01:42.544000 68887.766 0.0,0.0,0.0,0.0,0.0,0.0
2017-05-25 08:02:26.045000 68931.267 0.0,0.0,0.0,0.0,0.0,0.0
2017-05-25 08:03:09.616000 68974.838 0.0,0.0,0.0,0.0,0.0,0.0
2017-05-25 08:03:53.217000 69018.439 0.0,0.0,0.0,0.0,0.0,0.0
2017-05-25 08:04:36.767000 69061.989 0.0,0.0,0.0,0.0,0.0,0.0
2017-05-25 08:05:17.718000 69102.94 0.0,0.0,0.0,0.0,0.0,0.0
2017-05-25 08:06:01.379000 69146.601 0.0,0.0,0.0,0.0,0.0,0.0
2017-05-25 08:06:45.034000 69190.256 0.0,0.0,0.0,0.0,0.0,0.0
2017-05-25 08:07:28.675000 69233.897 0.0,0.0,0.0,0.0,0.0,0.0
2017-05-25 08:08:12.337000 69277.559 0.0,0.0,0.0,0.0,0.0,0.0
2017-05-25 08:08:56.046000 69321.268 0.0,0.0,0.0,0.0,0.0,0.0
2017-05-25 08:09:39.719000 69364.941 0.0,0.0,0.0,0.0,0.0,0.0
2017-05-25 08:10:20.799000 69406.021 0.0,0.0,0.0,0.0,0.0,0.0
2017-05-25 08:11:04.572000 69449.794 0.0,0.0,0.0,0.0,0.0,0.0
2017-05-25 08:11:48.318000 69493.54 0.0,0.0,0.0,0.0,0.0,0.0
2017-05-25 08:12:32.130000 69537.352 0.0,0.0,0.0,0.0,0.0,0.0
2017-05-25 08:13:15.940000 69581.162 0.0,0.0,0.0,0.0,0.0,0.0
2017-05-25 08:13:59.773000 69624.995 0.0,0.0,0.0,0.0,0.0,0.0
2017-05-25 08:14:43.592000 69668.814 0.0,0.0,0.0,0.0,0.0,0.0
2017-05-25 08:15:24.551000 69709.773 0.0,0.0,0.0,0.0,0.0,0.0
2017-05-25 08:16:08.242000 69753.464 0.0,0.0,0.0,0.0,0.0,0.0
2017-05-25 08:16:52.143000 69797.365 0.0,0.0,0.0,0.0,0.0,0.0
2017-05-25 08:17:36.066000 69841.288 0.0,0.0,0.0,0.0,0.0,0.0
2017-05-25 08:18:19.866000 69885.088 0.0,0.0,0.0,0.0,0.0,0.0
2017-05-25 08:19:03.775000 69928.997 0.0,0.0,0.0,0.0,0.0,0.0
2017-05-25 08:19:47.660000 69972.882 0.0,0.0,0.0,0.0,0.0,0.0
2017-05-25 08:20:28.939000 70014.161 0.0,0.0,0.0,0.0,0.0,0.0
2017-05-25 08:21:12.670000 70057.892 0.0,0.0,0.0,0.0,0.0,0.0
2017-05-25 08:21:56.661000 70101.883 0.0,0.0,0.0,0.0,0.0,0.0
2017-05-25 08:22:40.675000 70145.897 0.0,0.0,0.0,0.0,0.0,0.0
2017-05-25 08:23:24.503000 70189.725 0.0,0.0,0.0,0.0,0.0,0.0
2017-05-25 08:24:08.515000 70233.737 0.0,0.0,0.0,0.0,0.0,0.0
2017-05-25 08:24:52.557000 70277.779 0.0,0.0,0.0,0.0,0.0,0.0
2017-05-25 08:25:33.828000 70319.05 0.0,0.0,0.0,0.0,0.0,0.0
2017-05-25 08:26:17.870000 70363.092 0.0,0.0,0.0,0.0,0.0,0.0
2017-05-25 08:27:01.940000 70407.162 0.0,0.0,0.0,0.0,0.0,0.0
2017-05-25 08:27:45.912000 70451.134 0.0,0.0,0.0,0.0,0.0,0.0
2017-05-25 08:28:29.982000 70495.204 0.0,0.0,0.0,0.0,0.0,0.0
2017-05-25 08:29:13.993000 70539.215 0.0,0.0,0.0,0.0,0.0,0.0
2017-05-25 08:29:58.124000 70583.346 0.0,0.0,0.0,0.0,0.0,0.0
2017-05-25 08:30:39.585000 70624.807 0.0,0.0,0.0,0.0,0.0,0.0
2017-05-25 08:31:23.665000 70668.887 0.0,0.0,0.0,0.0,0.0,0.0
2017-05-25 08:32:07.677000 70712.899 0.0,0.0,0.0,0.0,0.0,0.0
2017-05-25 08:32:51.786000 70757.008 0.0,0.0,0.0,0.0,0.0,0.0
2017-05-25 08:33:35.828000 70801.05 0.0,0.0,0.0,0.0,0.0,0.0
2017-05-25 08:34:20.050000 70845.272 0.0,0.0,0.0,0.0,0.0,0.0
2017-05-25 08:35:04.242000 70889.464 0.0,0.0,0.0,0.0,0.0,0.0
2017-05-25 08:35:45.722000 70930.944 0.0,0.0,0.0,0.0,0.0,0.0
2017-05-25 08:36:30.012000 70975.234 0.0,0.0,0.0,0.0,0.0,0.0
2017-05-25 08:37:14.235000 71019.457 0.0,0.0,0.0,0.0,0.0,0.0
2017-05-25 08:37:58.508000 71063.73 0.0,0.0,0.0,0.0,0.0,0.0
2017-05-25 08:38:42.788000 71108.01 0.0,0.0,0.0,0.0,0.0,0.0
2017-05-25 08:39:27.069000 71152.291 0.0,0.0,0.0,0.0,0.0,0.0
2017-05-25 08:40:11.400000 71196.622 0.0,0.0,0.0,0.0,0.0,0.0
2017-05-25 08:40:52.955000 71238.177 0.0,0.0,0.0,0.0,0.0,0.0
2017-05-25 08:41:37.288000 71282.51 0.0,0.0,0.0,0.0,0.0,0.0
2017-05-25 08:42:21.630000 71326.852 0.0,0.0,0.0,0.0,0.0,0.0
2017-05-25 08:43:05.954000 71371.176 0.0,0.0,0.0,0.0,0.0,0.0
2017-05-25 08:43:50.316000 71415.538 0.0,0.0,0.0,0.0,0.0,0.0
2017-05-25 08:44:34.655000 71459.877 0.0,0.0,0.0,0.0,0.0,0.0
2017-05-25 08:45:18.886000 71504.108 0.0,0.0,0.0,0.0,0.0,0.0
2017-05-25 08:46:00.375000 71545.597 0.0,0.0,0.0,0.0,0.0,0.0
2017-05-25 08:46:44.598000 71589.82 0.0,0.0,0.0,0.0,0.0,0.0
2017-05-25 08:47:28.849000 71634.071 0.0,0.0,0.0,0.0,0.0,0.0
2017-05-25 08:48:13.091000 71678.313 0.0,0.0,0.0,0.0,0.0,0.0
2017-05-25 08:48:57.570000 71722.792 0.0,0.0,0.0,0.0,0.0,0.0
2017-05-25 08:49:42.014000 71767.236 0.0,0.0,0.0,0.0,0.0,0.0
2017-05-25 08:50:26.382000 71811.604 0.0,0.0,0.0,0.0,0.0,0.0
2017-05-25 08:51:08.144000 71853.366 0.0,0.0,0.0,0.0,0.0,0.0
2017-05-25 08:51:52.543000 71897.765 0.0,0.0,0.0,0.0,0.0,0.0
2017-05-25 08:52:37.015000 71942.237 0.0,0.0,0.0,0.0,0.0,0.0
2017-05-25 08:53:21.564000 71986.786 0.0,0.0,0.0,0.0,0.0,0.0
2017-05-25 08:54:05.891000 72031.113 0.0,0.0,0.0,0.0,0.0,0.0
2017-05-25 08:54:50.471000 72075.693 0.0,0.0,0.0,0.0,0.0,0.0
2017-05-25 08:55:34.984000 72120.206 0.0,0.0,0.0,0.0,0.0,0.0
2017-05-25 08:56:16.732000 72161.954 0.0,0.0,0.0,0.0,0.0,0.0
2017-05-25 08:57:01.325000 72206.547 0.0,0.0,0.0,0.0,0.0,0.0
2017-05-25 08:57:45.926000 72251.148 0.0,0.0,0.0,0.0,0.0,0.0
2017-05-25 08:58:30.377000 72295.599 0.0,0.0,0.0,0.0,0.0,0.0
2017-05-25 08:59:19.269000 72344.491 0.0,0.0,0.0,0.0,0.0,0.0
2017-05-25 09:00:03.911000 72389.133 0.0,0.0,0.0,0.0,0.0,0.0
2017-05-25 09:00:48.601000 72433.823 0.0,0.0,0.0,0.0,0.0,0.0
2017-05-25 09:01:30.484000 72475.706 0.0,0.0,0.0,0.0,0.0,0.0
2017-05-25 09:02:15.084000 72520.306 0.0,0.0,0.0,0.0,0.0,0.0
2017-05-25 09:02:59.679000 72564.901 0.0,0.0,0.0,0.0,0.0,0.0
2017-05-25 09:03:44.432000 72609.654 0.0,0.0,0.0,0.0,0.0,0.0
2017-05-25 09:04:29.003000 72654.225 0.0,0.0,0.0,0.0,0.0,0.0
2017-05-25 09:05:13.533000 72698.755 0.0,0.0,0.0,0.0,0.0,0.0
2017-05-25 09:06:01.526000 72746.748 0.0,0.0,0.0,0.0,0.0,0.0
2017-05-25 09:06:45.745000 72790.967 0.0,0.0,0.0,0.0,0.0,0.0
2017-05-25 09:07:30.539000 72835.761 0.0,0.0,0.0,0.0,0.0,0.0
2017-05-25 09:08:15.309000 72880.531 0.0,0.0,0.0,0.0,0.0,0.0
2017-05-25 09:09:00.002000 72925.224 0.0,0.0,0.0,0.0,0.0,0.0
2017-05-25 09:09:44.763000 72969.985 0.0,0.0,0.0,0.0,0.0,0.0
2017-05-25 09:10:29.585000 73014.807 0.0,0.0,0.0,0.0,0.0,0.0
2017-05-25 09:11:14.387000 73059.609 0.0,0.0,0.0,0.0,0.0,0.0
2017-05-25 09:11:56.387000 73101.609 0.0,0.0,0.0,0.0,0.0,0.0
2017-05-25 09:12:41.057000 73146.279 0.0,0.0,0.0,0.0,0.0,0.0
2017-05-25 09:13:25.856000 73191.078 0.0,0.0,0.0,0.0,0.0,0.0
2017-05-25 09:14:10.678000 73235.9 0.0,0.0,0.0,0.0,0.0,0.0
2017-05-25 09:14:55.590000 73280.812 0.0,0.0,0.0,0.0,0.0,0.0
2017-05-25 09:15:40.440000 73325.662 0.0,0.0,0.0,0.0,0.0,0.0
2017-05-25 09:16:30.617000 73375.839 0.0,0.0,0.0,0.0,0.0,0.0
2017-05-25 09:17:12.516000 73417.738 0.0,0.0,0.0,0.0,0.0,0.0
2017-05-25 09:17:57.437000 73462.659 0.0,0.0,0.0,0.0,0.0,0.0
2017-05-25 09:18:42.304000 73507.526 0.0,0.0,0.0,0.0,0.0,0.0
2017-05-25 09:19:27.238000 73552.46 0.0,0.0,0.0,0.0,0.0,0.0
2017-05-25 09:20:12.089000 73597.311 0.0,0.0,0.0,0.0,0.0,0.0
2017-05-25 09:20:56.992000 73642.214 0.0,0.0,0.0,0.0,0.0,0.0
2017-05-25 09:21:42.024000 73687.246 0.0,0.0,0.0,0.0,0.0,0.0
2017-05-25 09:22:24.204000 73729.426 0.0,0.0,0.0,0.0,0.0,0.0
2017-05-25 09:23:09.105000 73774.327 0.0,0.0,0.0,0.0,0.0,0.0
2017-05-25 09:23:54.168000 73819.39 0.0,0.0,0.0,0.0,0.0,0.0
2017-05-25 09:24:39.038000 73864.26 0.0,0.0,0.0,0.0,0.0,0.0
2017-05-25 09:25:24.101000 73909.323 0.0,0.0,0.0,0.0,0.0,0.0
2017-05-25 09:26:09.118000 73954.34 0.0,0.0,0.0,0.0,0.0,0.0
2017-05-25 09:26:54.201000 73999.423 0.0,0.0,0.0,0.0,0.0,0.0
2017-05-25 09:27:36.442000 74041.664 0.0,0.0,0.0,0.0,0.0,0.0
2017-05-25 09:28:21.503000 74086.725 0.0,0.0,0.0,0.0,0.0,0.0
2017-05-25 09:29:06.473000 74131.695 0.0,0.0,0.0,0.0,0.0,0.0
2017-05-25 09:29:51.444000 74176.666 0.0,0.0,0.0,0.0,0.0,0.0
2017-05-25 09:30:36.557000 74221.779 0.0,0.0,0.0,0.0,0.0,0.0
2017-05-25 09:31:21.597000 74266.819 0.0,0.0,0.0,0.0,0.0,0.0
2017-05-25 09:32:06.769000 74311.991 0.0,0.0,0.0,0.0,0.0,0.0
2017-05-25 09:32:49.092000 74354.314 0.0,0.0,0.0,0.0,0.0,0.0
2017-05-25 09:33:34.223000 74399.445 0.0,0.0,0.0,0.0,0.0,0.0
2017-05-25 09:34:19.344000 74444.566 0.0,0.0,0.0,0.0,0.0,0.0
2017-05-25 09:35:04.477000 74489.699 0.0,0.0,0.0,0.0,0.0,0.0
2017-05-25 09:35:49.668000 74534.89 0.0,0.0,0.0,0.0,0.0,0.0
2017-05-25 09:36:34.892000 74580.114 0.0,0.0,0.0,0.0,0.0,0.0
2017-05-25 09:37:20.112000 74625.334 0.0,0.0,0.0,0.0,0.0,0.0
2017-05-25 09:38:02.514000 74667.736 0.0,0.0,0.0,0.0,0.0,0.0
2017-05-25 09:38:47.696000 74712.918 0.0,0.0,0.0,0.0,0.0,0.0
2017-05-25 09:39:32.977000 74758.199 0.0,0.0,0.0,0.0,0.0,0.0
2017-05-25 09:40:18.068000 74803.29 0.0,0.0,0.0,0.0,0.0,0.0
2017-05-25 09:41:03.401000 74848.623 0.0,0.0,0.0,0.0,0.0,0.0
2017-05-25 09:41:48.693000 74893.915 0.0,0.0,0.0,0.0,0.0,0.0
2017-05-25 09:42:33.994000 74939.216 0.0,0.0,0.0,0.0,0.0,0.0
2017-05-25 09:43:16.455000 74981.677 0.0,0.0,0.0,0.0,0.0,0.0
2017-05-25 09:44:08.947000 75034.169 0.0,0.0,0.0,0.0,0.0,0.0
2017-05-25 09:44:54.260000 75079.482 0.0,0.0,0.0,0.0,0.0,0.0
2017-05-25 09:45:39.671000 75124.893 0.0,0.0,0.0,0.0,0.0,0.0
